   time(s)     rx(cm)     ry(cm)   phi(rad)    rcx(cm)    rcy(cm)        eta          w
   0.03000   32.47196   38.18654    5.91754   31.68974    0.31690    0.16045   -0.38244
   0.06000   32.54608   38.11638    5.90614   31.60999    0.31610    0.15873   -0.37769
   0.09000   32.61940   38.04562    5.89488   31.52972    0.31530    0.15701   -0.37297
   0.12000   32.69190   37.97428    5.88376   31.44895    0.31449    0.15530   -0.36830
   0.15000   32.76360   37.90236    5.87278   31.36770    0.31368    0.15361   -0.36366
   0.18000   32.83449   37.82988    5.86194   31.28600    0.31286    0.15192   -0.35907
   0.21000   32.90458   37.75687    5.85124   31.20386    0.31204    0.15025   -0.35452
   0.24000   32.97388   37.68334    5.84067   31.12132    0.31121    0.14858   -0.35001
   0.27000   33.04239   37.60930    5.83023   31.03839    0.31038    0.14693   -0.34555
   0.30000   33.11011   37.53477    5.81993   30.95511    0.30955    0.14530   -0.34113
   0.33000   33.17706   37.45976    5.80977   30.87150    0.30872    0.14367   -0.33677
   0.36000   33.24324   37.38429    5.79973   30.78760    0.30788    0.14206   -0.33245
   0.39000   33.30865   37.30837    5.78982   30.70343    0.30703    0.14047   -0.32818
   0.42000   33.37330   37.23201    5.78004   30.61904    0.30619    0.13889   -0.32396
   0.45000   33.43719   37.15524    5.77038   30.53445    0.30534    0.13732   -0.31979
   0.48000   33.50033   37.07805    5.76085   30.44970    0.30450    0.13577   -0.31567
   0.51000   33.56273   37.00047    5.75144   30.36485    0.30365    0.13424   -0.31161
   0.54000   33.62440   36.92250    5.74215   30.27991    0.30280    0.13273   -0.30761
   0.57000   33.68534   36.84416    5.73298   30.19495    0.30195    0.13123   -0.30366
   0.60000   33.74555   36.76546    5.72393   30.11001    0.30110    0.12975   -0.29977
   0.63000   33.80504   36.68640    5.71499   30.02513    0.30025    0.12829   -0.29594
   0.66000   33.86383   36.60701    5.70617   29.94037    0.29940    0.12685   -0.29216
   0.69000   33.92191   36.52728    5.69746   29.85577    0.29856    0.12542   -0.28845
   0.72000   33.97930   36.44724    5.68887   29.77141    0.29771    0.12402   -0.28480
   0.75000   34.03599   36.36688    5.68038   29.68732    0.29687    0.12264   -0.28121
   0.78000   34.09200   36.28622    5.67199   29.60358    0.29604    0.12128   -0.27768
   0.81000   34.14733   36.20527    5.66371   29.52025    0.29520    0.11994   -0.27422
   0.84000   34.20200   36.12403    5.65554   29.43739    0.29437    0.11863   -0.27083
   0.87000   34.25599   36.04251    5.64746   29.35506    0.29355    0.11733   -0.26750
   0.90000   34.30933   35.96073    5.63949   29.27334    0.29273    0.11606   -0.26423
   0.93000   34.36202   35.87868    5.63161   29.19231    0.29192    0.11482   -0.26104
   0.96000   34.41406   35.79638    5.62382   29.11202    0.29112    0.11359   -0.25791
   0.99000   34.46546   35.71383    5.61613   29.03257    0.29033    0.11240   -0.25486
   1.02000   34.51623   35.63104    5.60853   28.95402    0.28954    0.11122   -0.25187
   1.05000   34.56637   35.54802    5.60102   28.87646    0.28876    0.11008   -0.24896
   1.08000   34.61588   35.46476    5.59359   28.79997    0.28800    0.10896   -0.24611
   1.11000   34.66478   35.38128    5.58625   28.72463    0.28725    0.10786   -0.24334
   1.14000   34.71308   35.29759    5.57899   28.65053    0.28651    0.10680   -0.24064
   1.17000   34.76076   35.21368    5.57181   28.57775    0.28578    0.10576   -0.23802
   1.20000   34.80785   35.12956    5.56471   28.50637    0.28506    0.10475   -0.23547
   1.23000   34.85434   35.04523    5.55768   28.43649    0.28436    0.10377   -0.23300
   1.26000   34.90024   34.96071    5.55073   28.36818    0.28368    0.10281   -0.23061
   1.29000   34.94556   34.87599    5.54384   28.30155    0.28302    0.10189   -0.22829
   1.32000   34.99029   34.79108    5.53703   28.23666    0.28237    0.10099   -0.22605
   1.35000   35.03446   34.70598    5.53028   28.17361    0.28174    0.10013   -0.22388
   1.38000   35.07805   34.62070    5.52359   28.11249    0.28112    0.09930   -0.22180
   1.41000   35.12107   34.53523    5.51697   28.05336    0.28053    0.09849   -0.21979
   1.44000   35.16353   34.44959    5.51041   27.99632    0.27996    0.09772   -0.21787
   1.47000   35.20543   34.36376    5.50390   27.94145    0.27941    0.09698   -0.21602
   1.50000   35.24677   34.27777    5.49744   27.88881    0.27889    0.09628   -0.21426
   1.53000   35.28756   34.19160    5.49104   27.83847    0.27838    0.09560   -0.21257
   1.56000   35.32780   34.10526    5.48469   27.79051    0.27791    0.09496   -0.21097
   1.59000   35.36749   34.01876    5.47838   27.74499    0.27745    0.09435   -0.20945
   1.62000   35.40664   33.93209    5.47212   27.70196    0.27702    0.09378   -0.20801
   1.65000   35.44525   33.84525    5.46590   27.66149    0.27661    0.09323   -0.20666
   1.68000   35.48332   33.75826    5.45972   27.62360    0.27624    0.09273   -0.20539
   1.71000   35.52085   33.67110    5.45358   27.58836    0.27588    0.09225   -0.20420
   1.74000   35.55785   33.58377    5.44747   27.55579    0.27556    0.09181   -0.20310
   1.77000   35.59431   33.49629    5.44139   27.52592    0.27526    0.09141   -0.20208
   1.80000   35.63024   33.40865    5.43534   27.49876    0.27499    0.09104   -0.20114
   1.83000   35.66563   33.32086    5.42932   27.47435    0.27474    0.09070   -0.20029
   1.86000   35.70050   33.23290    5.42332   27.45267    0.27453    0.09040   -0.19953
   1.89000   35.73483   33.14479    5.41735   27.43372    0.27434    0.09014   -0.19885
   1.92000   35.76863   33.05652    5.41139   27.41751    0.27418    0.08991   -0.19825
   1.95000   35.80191   32.96809    5.40545   27.40400    0.27404    0.08972   -0.19774
   1.98000   35.83465   32.87951    5.39952   27.39317    0.27393    0.08956   -0.19732
   2.01000   35.86686   32.79077    5.39361   27.38498    0.27385    0.08944   -0.19698
   2.04000   35.89854   32.70188    5.38770   27.37940    0.27379    0.08936   -0.19673
   2.07000   35.92968   32.61282    5.38180   27.37637    0.27376    0.08931   -0.19656
   2.10000   35.96030   32.52362    5.37591   27.37583    0.27376    0.08930   -0.19648
   2.13000   35.99037   32.43425    5.37001   27.37772    0.27378    0.08932   -0.19649
   2.16000   36.01991   32.34473    5.36412   27.38196    0.27382    0.08938   -0.19658
   2.19000   36.04891   32.25505    5.35822   27.38848    0.27388    0.08948   -0.19676
   2.22000   36.07736   32.16521    5.35231   27.39718    0.27397    0.08961   -0.19702
   2.25000   36.10527   32.07521    5.34639   27.40797    0.27408    0.08978   -0.19737
   2.28000   36.13263   31.98506    5.34047   27.42076    0.27421    0.08999   -0.19781
   2.31000   36.15944   31.89475    5.33452   27.43545    0.27435    0.09023   -0.19833
   2.34000   36.18569   31.80427    5.32857   27.45192    0.27452    0.09050   -0.19894
   2.37000   36.21139   31.71364    5.32259   27.47007    0.27470    0.09082   -0.19963
   2.40000   36.23652   31.62285    5.31659   27.48978    0.27490    0.09117   -0.20040
   2.43000   36.26108   31.53190    5.31056   27.51093    0.27511    0.09155   -0.20127
   2.46000   36.28507   31.44078    5.30451   27.53341    0.27533    0.09198   -0.20221
   2.49000   36.30849   31.34951    5.29843   27.55710    0.27557    0.09243   -0.20324
   2.52000   36.33132   31.25807    5.29231   27.58188    0.27582    0.09293   -0.20436
   2.55000   36.35356   31.16647    5.28617   27.60762    0.27608    0.09345   -0.20556
   2.58000   36.37521   31.07472    5.27998   27.63420    0.27634    0.09402   -0.20684
   2.61000   36.39625   30.98280    5.27375   27.66151    0.27662    0.09462   -0.20821
   2.64000   36.41669   30.89071    5.26749   27.68942    0.27689    0.09525   -0.20965
   2.67000   36.43652   30.79847    5.26117   27.71783    0.27718    0.09591   -0.21119
   2.70000   36.45573   30.70606    5.25481   27.74662    0.27747    0.09662   -0.21280
   2.73000   36.47430   30.61350    5.24840   27.77567    0.27776    0.09735   -0.21449
   2.76000   36.49224   30.52077    5.24194   27.80487    0.27805    0.09812   -0.21627
   2.79000   36.50954   30.42789    5.23543   27.83414    0.27834    0.09892   -0.21813
   2.82000   36.52619   30.33484    5.22885   27.86335    0.27863    0.09976   -0.22006
   2.85000   36.54217   30.24164    5.22222   27.89243    0.27892    0.10063   -0.22208
   2.88000   36.55748   30.14828    5.21553   27.92127    0.27921    0.10153   -0.22418
   2.91000   36.57212   30.05476    5.20877   27.94978    0.27950    0.10246   -0.22635
   2.94000   36.58607   29.96109    5.20195   27.97789    0.27978    0.10343   -0.22860
   2.97000   36.59932   29.86727    5.19505   28.00552    0.28006    0.10442   -0.23093
   3.00000   36.61186   29.77330    5.18809   28.03259    0.28033    0.10545   -0.23334
   3.03000   36.62368   29.67917    5.18105   28.05903    0.28059    0.10651   -0.23582
   3.06000   36.63478   29.58490    5.17394   28.08478    0.28085    0.10760   -0.23838
   3.09000   36.64513   29.49049    5.16675   28.10978    0.28110    0.10872   -0.24101
   3.12000   36.65474   29.39594    5.15948   28.13398    0.28134    0.10987   -0.24372
   3.15000   36.66358   29.30124    5.15212   28.15732    0.28157    0.11104   -0.24650
   3.18000   36.67165   29.20641    5.14469   28.17976    0.28180    0.11225   -0.24935
   3.21000   36.67894   29.11146    5.13716   28.20126    0.28201    0.11349   -0.25228
   3.24000   36.68542   29.01637    5.12955   28.22179    0.28222    0.11475   -0.25527
   3.27000   36.69110   28.92116    5.12184   28.24130    0.28241    0.11604   -0.25834
   3.30000   36.69596   28.82583    5.11405   28.25978    0.28260    0.11736   -0.26148
   3.33000   36.69998   28.73039    5.10615   28.27720    0.28277    0.11870   -0.26468
   3.36000   36.70315   28.63484    5.09816   28.29353    0.28294    0.12007   -0.26795
   3.39000   36.70546   28.53919    5.09008   28.30877    0.28309    0.12147   -0.27129
   3.42000   36.70689   28.44344    5.08189   28.32289    0.28323    0.12289   -0.27470
   3.45000   36.70744   28.34760    5.07359   28.33589    0.28336    0.12434   -0.27817
   3.48000   36.70708   28.25168    5.06519   28.34776    0.28348    0.12581   -0.28170
   3.51000   36.70581   28.15568    5.05669   28.35850    0.28358    0.12730   -0.28530
   3.54000   36.70360   28.05962    5.04808   28.36810    0.28368    0.12882   -0.28896
   3.57000   36.70045   27.96349    5.03935   28.37656    0.28377    0.13036   -0.29268
   3.60000   36.69634   27.86732    5.03051   28.38389    0.28384    0.13193   -0.29646
   3.63000   36.69126   27.77110    5.02156   28.39010    0.28390    0.13351   -0.30030
   3.66000   36.68518   27.67485    5.01250   28.39518    0.28395    0.13512   -0.30420
   3.69000   36.67810   27.57858    5.00331   28.39916    0.28399    0.13675   -0.30816
   3.72000   36.67000   27.48229    4.99400   28.40203    0.28402    0.13840   -0.31217
   3.75000   36.66087   27.38601    4.98458   28.40382    0.28404    0.14007   -0.31624
   3.78000   36.65068   27.28974    4.97503   28.40454    0.28405    0.14175   -0.32036
   3.81000   36.63943   27.19349    4.96536   28.40419    0.28404    0.14346   -0.32453
   3.84000   36.62710   27.09728    4.95556   28.40280    0.28403    0.14519   -0.32876
   3.87000   36.61367   27.00112    4.94563   28.40039    0.28400    0.14693   -0.33304
   3.90000   36.59913   26.90502    4.93557   28.39697    0.28397    0.14869   -0.33736
   3.93000   36.58347   26.80901    4.92539   28.39256    0.28393    0.15047   -0.34174
   3.96000   36.56666   26.71309    4.91507   28.38718    0.28387    0.15227   -0.34616
   3.99000   36.54869   26.61728    4.90462   28.38086    0.28381    0.15408   -0.35063
   4.02000   36.52955   26.52160    4.89403   28.37361    0.28374    0.15591   -0.35514
   4.05000   36.50922   26.42607    4.88331   28.36545    0.28365    0.15775   -0.35970
   4.08000   36.48768   26.33070    4.87245   28.35640    0.28356    0.15961   -0.36430
   4.11000   36.46493   26.23551    4.86145   28.34650    0.28346    0.16148   -0.36894
   4.14000   36.44095   26.14052    4.85031   28.33575    0.28336    0.16336   -0.37362
   4.17000   36.41572   26.04576    4.83903   28.32419    0.28324    0.16526   -0.37834
   4.20000   36.38922   25.95124    4.82761   28.31183    0.28312    0.16717   -0.38310
   4.23000   36.36145   25.85698    4.81604   28.29869    0.28299    0.16909   -0.38789
   4.26000   36.33239   25.76302    4.80434   28.28481    0.28285    0.17103   -0.39272
   4.29000   36.30202   25.66936    4.79248   28.27019    0.28270    0.17297   -0.39758
   4.32000   36.27034   25.57604    4.78048   28.25488    0.28255    0.17493   -0.40247
   4.35000   36.23733   25.48307    4.76833   28.23887    0.28239    0.17690   -0.40740
   4.38000   36.20297   25.39049    4.75604   28.22221    0.28222    0.17887   -0.41235
   4.41000   36.16726   25.29832    4.74359   28.20490    0.28205    0.18086   -0.41733
   4.44000   36.13019   25.20659    4.73100   28.18698    0.28187    0.18285   -0.42234
   4.47000   36.09173   25.11533    4.71825   28.16846    0.28168    0.18486   -0.42738
   4.50000   36.05189   25.02456    4.70535   28.14936    0.28149    0.18687   -0.43244
   4.53000   36.01065   24.93431    4.69230   28.12971    0.28130    0.18889   -0.43752
   4.56000   35.96800   24.84462    4.67910   28.10953    0.28110    0.19091   -0.44263
   4.59000   35.92394   24.75551    4.66575   28.08883    0.28089    0.19294   -0.44775
   4.62000   35.87845   24.66701    4.65224   28.06764    0.28068    0.19498   -0.45289
   4.65000   35.83153   24.57917    4.63857   28.04598    0.28046    0.19702   -0.45806
   4.68000   35.78317   24.49200    4.62475   28.02387    0.28024    0.19907   -0.46323
   4.71000   35.73336   24.40555    4.61078   28.00131    0.28001    0.20112   -0.46842
   4.74000   35.68211   24.31985    4.59665   27.97835    0.27978    0.20318   -0.47363
   4.77000   35.62939   24.23493    4.58236   27.95498    0.27955    0.20524   -0.47885
   4.80000   35.57522   24.15083    4.56792   27.93124    0.27931    0.20730   -0.48408
   4.83000   35.51959   24.06759    4.55332   27.90714    0.27907    0.20936   -0.48931
   4.86000   35.46250   23.98525    4.53856   27.88269    0.27883    0.21143   -0.49456
   4.89000   35.40394   23.90383    4.52364   27.85792    0.27858    0.21350   -0.49981
   4.92000   35.34392   23.82338    4.50857   27.83283    0.27833    0.21557   -0.50507
   4.95000   35.28244   23.74395    4.49334   27.80745    0.27807    0.21764   -0.51033
   4.98000   35.21950   23.66556    4.47795   27.78180    0.27782    0.21971   -0.51559
   5.01000   35.15511   23.58826    4.46240   27.75589    0.27756    0.22178   -0.52086
   5.04000   35.08926   23.51208    4.44670   27.72973    0.27730    0.22385   -0.52612
   5.07000   35.02197   23.43708    4.43083   27.70334    0.27703    0.22592   -0.53138
   5.10000   34.95324   23.36329    4.41481   27.67673    0.27677    0.22799   -0.53664
   5.13000   34.88309   23.29075    4.39864   27.64993    0.27650    0.23005   -0.54189
   5.16000   34.81152   23.21951    4.38230   27.62294    0.27623    0.23211   -0.54714
   5.19000   34.73854   23.14960    4.36581   27.59578    0.27596    0.23417   -0.55238
   5.22000   34.66417   23.08108    4.34916   27.56846    0.27568    0.23622   -0.55761
   5.25000   34.58841   23.01398    4.33235   27.54099    0.27541    0.23827   -0.56283
   5.28000   34.51130   22.94834    4.31539   27.51340    0.27513    0.24031   -0.56804
   5.31000   34.43283   22.88421    4.29827   27.48569    0.27486    0.24235   -0.57323
   5.34000   34.35304   22.82164    4.28100   27.45787    0.27458    0.24438   -0.57841
   5.37000   34.27195   22.76066    4.26357   27.42996    0.27430    0.24641   -0.58358
   5.40000   34.18956   22.70132    4.24598   27.40198    0.27402    0.24842   -0.58872
   5.43000   34.10591   22.64367    4.22824   27.37392    0.27374    0.25043   -0.59385
   5.46000   34.02103   22.58774    4.21035   27.34582    0.27346    0.25244   -0.59896
   5.49000   33.93493   22.53358    4.19231   27.31767    0.27318    0.25443   -0.60405
   5.52000   33.84765   22.48123    4.17411   27.28949    0.27289    0.25641   -0.60911
   5.55000   33.75922   22.43073    4.15576   27.26130    0.27261    0.25838   -0.61415
   5.58000   33.66967   22.38213    4.13726   27.23309    0.27233    0.26035   -0.61917
   5.61000   33.57903   22.33547    4.11861   27.20490    0.27205    0.26230   -0.62415
   5.64000   33.48733   22.29078    4.09981   27.17672    0.27177    0.26424   -0.62911
   5.67000   33.39461   22.24811    4.08086   27.14856    0.27149    0.26616   -0.63404
   5.70000   33.30092   22.20750    4.06177   27.12045    0.27120    0.26808   -0.63894
   5.73000   33.20629   22.16899    4.04253   27.09239    0.27092    0.26998   -0.64381
   5.76000   33.11076   22.13260    4.02314   27.06439    0.27064    0.27186   -0.64864
   5.79000   33.01437   22.09840    4.00361   27.03647    0.27036    0.27373   -0.65344
   5.82000   32.91717   22.06640    3.98393   27.00863    0.27009    0.27559   -0.65821
   5.85000   32.81921   22.03664    3.96412   26.98089    0.26981    0.27742   -0.66293
   5.88000   32.72053   22.00916    3.94416   26.95325    0.26953    0.27925   -0.66762
   5.91000   32.62119   21.98399    3.92406   26.92574    0.26926    0.28105   -0.67227
   5.94000   32.52122   21.96116    3.90382   26.89835    0.26898    0.28283   -0.67688
   5.97000   32.42070   21.94070    3.88345   26.87111    0.26871    0.28460   -0.68144
   6.00000   32.31966   21.92265    3.86294   26.84402    0.26844    0.28635   -0.68596
   6.03000   32.21817   21.90702    3.84229   26.81709    0.26817    0.28808   -0.69044
   6.06000   32.11628   21.89385    3.82151   26.79034    0.26790    0.28978   -0.69487
   6.09000   32.01405   21.88316    3.80060   26.76377    0.26764    0.29147   -0.69926
   6.12000   31.91154   21.87497    3.77956   26.73740    0.26737    0.29314   -0.70359
   6.15000   31.80881   21.86931    3.75838   26.71125    0.26711    0.29478   -0.70788
   6.18000   31.70592   21.86619    3.73708   26.68531    0.26685    0.29640   -0.71211
   6.21000   31.60293   21.86562    3.71566   26.65960    0.26660    0.29799   -0.71630
   6.24000   31.49991   21.86764    3.69411   26.63414    0.26634    0.29956   -0.72043
   6.27000   31.39693   21.87224    3.67243   26.60894    0.26609    0.30111   -0.72451
   6.30000   31.29404   21.87945    3.65064   26.58400    0.26584    0.30263   -0.72853
   6.33000   31.19131   21.88927    3.62872   26.55934    0.26559    0.30412   -0.73250
   6.36000   31.08882   21.90170    3.60669   26.53497    0.26535    0.30559   -0.73641
   6.39000   30.98663   21.91676    3.58454   26.51091    0.26511    0.30703   -0.74026
   6.42000   30.88480   21.93445    3.56227   26.48715    0.26487    0.30844   -0.74405
   6.45000   30.78341   21.95476    3.53990   26.46373    0.26464    0.30983   -0.74779
   6.48000   30.68253   21.97771    3.51741   26.44064    0.26441    0.31119   -0.75146
   6.51000   30.58222   22.00327    3.49481   26.41789    0.26418    0.31251   -0.75507
   6.54000   30.48256   22.03146    3.47211   26.39551    0.26396    0.31381   -0.75861
   6.57000   30.38361   22.06225    3.44929   26.37350    0.26373    0.31508   -0.76209
   6.60000   30.28546   22.09564    3.42638   26.35187    0.26352    0.31632   -0.76551
   6.63000   30.18815   22.13162    3.40336   26.33063    0.26331    0.31752   -0.76886
   6.66000   30.09178   22.17018    3.38025   26.30980    0.26310    0.31870   -0.77215
   6.69000   29.99640   22.21128    3.35704   26.28938    0.26289    0.31984   -0.77537
   6.72000   29.90209   22.25492    3.33373   26.26939    0.26269    0.32096   -0.77851
   6.75000   29.80891   22.30107    3.31033   26.24984    0.26250    0.32203   -0.78159
   6.78000   29.71694   22.34971    3.28683   26.23073    0.26231    0.32308   -0.78460
   6.81000   29.62624   22.40081    3.26325   26.21207    0.26212    0.32410   -0.78754
   6.84000   29.53688   22.45434    3.23958   26.19388    0.26194    0.32508   -0.79041
   6.87000   29.44892   22.51027    3.21583   26.17617    0.26176    0.32602   -0.79320
   6.90000   29.36244   22.56857    3.19199   26.15894    0.26159    0.32694   -0.79592
   6.93000   29.27749   22.62919    3.16807   26.14221    0.26142    0.32781   -0.79857
   6.96000   29.19414   22.69211    3.14408   26.12597    0.26126    0.32866   -0.80114
   6.99000   29.11246   22.75728    3.12001   26.11024    0.26110    0.32947   -0.80364
   7.02000   29.03250   22.82466    3.09586   26.09503    0.26095    0.33025   -0.80606
   7.05000   28.95432   22.89420    3.07164   26.08033    0.26080    0.33099   -0.80841
   7.08000   28.87798   22.96586    3.04736   26.06617    0.26066    0.33169   -0.81067
   7.11000   28.80354   23.03960    3.02301   26.05254    0.26053    0.33237   -0.81286
   7.14000   28.73106   23.11535    2.99859   26.03945    0.26039    0.33300   -0.81497
   7.17000   28.66058   23.19307    2.97411   26.02690    0.26027    0.33361   -0.81700
   7.20000   28.59217   23.27270    2.94957   26.01490    0.26015    0.33417   -0.81896
   7.23000   28.52586   23.35420    2.92497   26.00344    0.26003    0.33470   -0.82083
   7.26000   28.46171   23.43749    2.90032   25.99254    0.25993    0.33520   -0.82262
   7.29000   28.39977   23.52253    2.87562   25.98219    0.25982    0.33566   -0.82433
   7.32000   28.34008   23.60925    2.85086   25.97240    0.25972    0.33609   -0.82596
   7.35000   28.28268   23.69760    2.82606   25.96316    0.25963    0.33648   -0.82750
   7.38000   28.22761   23.78750    2.80121   25.95447    0.25954    0.33684   -0.82897
   7.41000   28.17492   23.87890    2.77632   25.94633    0.25946    0.33716   -0.83035
   7.44000   28.12463   23.97174    2.75139   25.93874    0.25939    0.33745   -0.83165
   7.47000   28.07678   24.06593    2.72643   25.93170    0.25932    0.33771   -0.83286
   7.50000   28.03140   24.16143    2.70142   25.92519    0.25925    0.33792   -0.83399
   7.53000   27.98853   24.25816    2.67639   25.91922    0.25919    0.33811   -0.83504
   7.56000   27.94819   24.35605    2.65132   25.91378    0.25914    0.33826   -0.83600
   7.59000   27.91041   24.45503    2.62623   25.90887    0.25909    0.33838   -0.83688
   7.62000   27.87520   24.55504    2.60111   25.90446    0.25904    0.33846   -0.83767
   7.65000   27.84259   24.65601    2.57597   25.90056    0.25901    0.33851   -0.83838
   7.68000   27.81260   24.75786    2.55081   25.89716    0.25897    0.33853   -0.83900
   7.71000   27.78525   24.86053    2.52563   25.89423    0.25894    0.33851   -0.83954
   7.74000   27.76054   24.96394    2.50044   25.89178    0.25892    0.33846   -0.83999
   7.77000   27.73849   25.06802    2.47523   25.88979    0.25890    0.33838   -0.84036
   7.80000   27.71911   25.17271    2.45002   25.88824    0.25888    0.33826   -0.84064
   7.83000   27.70240   25.27793    2.42479   25.88713    0.25887    0.33811   -0.84083
   7.86000   27.68838   25.38361    2.39957   25.88642    0.25886    0.33793   -0.84094
   7.89000   27.67703   25.48969    2.37434   25.88612    0.25886    0.33772   -0.84096
   7.92000   27.66837   25.59608    2.34911   25.88619    0.25886    0.33748   -0.84090
   7.95000   27.66239   25.70273    2.32389   25.88663    0.25887    0.33720   -0.84075
   7.98000   27.65909   25.80957    2.29867   25.88740    0.25887    0.33690   -0.84051
   8.01000   27.65847   25.91652    2.27346   25.88850    0.25889    0.33656   -0.84019
   8.04000   27.66050   26.02351    2.24826   25.88990    0.25890    0.33619   -0.83978
   8.07000   27.66519   26.13049    2.22307   25.89158    0.25892    0.33579   -0.83929
   8.10000   27.67253   26.23739    2.19790   25.89352    0.25894    0.33537   -0.83871
   8.13000   27.68249   26.34413    2.17275   25.89569    0.25896    0.33491   -0.83805
   8.16000   27.69507   26.45066    2.14762   25.89806    0.25898    0.33442   -0.83730
   8.19000   27.71025   26.55691    2.12251   25.90063    0.25901    0.33390   -0.83647
   8.22000   27.72800   26.66282    2.09743   25.90335    0.25903    0.33335   -0.83555
   8.25000   27.74831   26.76833    2.07238   25.90621    0.25906    0.33278   -0.83454
   8.28000   27.77116   26.87337    2.04736   25.90917    0.25909    0.33217   -0.83345
   8.31000   27.79652   26.97790    2.02238   25.91222    0.25912    0.33154   -0.83228
   8.34000   27.82436   27.08184    1.99743   25.91531    0.25915    0.33088   -0.83103
   8.37000   27.85467   27.18515    1.97252   25.91844    0.25918    0.33019   -0.82969
   8.40000   27.88741   27.28776    1.94765   25.92156    0.25922    0.32947   -0.82827
   8.43000   27.92255   27.38963    1.92282   25.92465    0.25925    0.32873   -0.82676
   8.46000   27.96007   27.49070    1.89804   25.92768    0.25928    0.32795   -0.82518
   8.49000   27.99993   27.59092    1.87331   25.93063    0.25931    0.32715   -0.82351
   8.52000   28.04209   27.69024    1.84863   25.93346    0.25933    0.32633   -0.82176
   8.55000   28.08653   27.78861    1.82401   25.93614    0.25936    0.32548   -0.81993
   8.58000   28.13321   27.88597    1.79944   25.93864    0.25939    0.32460   -0.81802
   8.61000   28.18209   27.98230    1.77493   25.94094    0.25941    0.32369   -0.81603
   8.64000   28.23314   28.07754    1.75048   25.94301    0.25943    0.32277   -0.81396
   8.67000   28.28632   28.17164    1.72609   25.94482    0.25945    0.32181   -0.81181
   8.70000   28.34159   28.26458    1.70177   25.94633    0.25946    0.32083   -0.80958
   8.73000   28.39891   28.35630    1.67752   25.94752    0.25948    0.31983   -0.80728
   8.76000   28.45825   28.44676    1.65333   25.94836    0.25948    0.31880   -0.80490
   8.79000   28.51955   28.53594    1.62922   25.94883    0.25949    0.31774   -0.80244
   8.82000   28.58279   28.62379    1.60519   25.94888    0.25949    0.31667   -0.79990
   8.85000   28.64791   28.71028    1.58123   25.94850    0.25949    0.31556   -0.79730
   8.88000   28.71489   28.79537    1.55735   25.94766    0.25948    0.31444   -0.79461
   8.91000   28.78367   28.87904    1.53356   25.94633    0.25946    0.31329   -0.79186
   8.94000   28.85421   28.96125    1.50984   25.94449    0.25944    0.31212   -0.78903
   8.97000   28.92647   29.04198    1.48622   25.94210    0.25942    0.31093   -0.78612
   9.00000   29.00040   29.12120    1.46268   25.93914    0.25939    0.30972   -0.78315
   9.03000   29.07597   29.19888    1.43923   25.93559    0.25936    0.30848   -0.78011
   9.06000   29.15313   29.27499    1.41587   25.93141    0.25931    0.30722   -0.77700
   9.09000   29.23183   29.34952    1.39261   25.92660    0.25927    0.30595   -0.77381
   9.12000   29.31203   29.42244    1.36944   25.92111    0.25921    0.30465   -0.77056
   9.15000   29.39369   29.49373    1.34638   25.91494    0.25915    0.30333   -0.76725
   9.18000   29.47676   29.56338    1.32341   25.90805    0.25908    0.30199   -0.76386
   9.21000   29.56120   29.63136    1.30055   25.90042    0.25900    0.30063   -0.76041
   9.24000   29.64696   29.69765    1.27779   25.89204    0.25892    0.29925   -0.75690
   9.27000   29.73401   29.76225    1.25513   25.88288    0.25883    0.29785   -0.75332
   9.30000   29.82229   29.82513    1.23259   25.87292    0.25873    0.29643   -0.74968
   9.33000   29.91177   29.88629    1.21015   25.86214    0.25862    0.29500   -0.74598
   9.36000   30.00239   29.94571    1.18783   25.85052    0.25851    0.29354   -0.74222
   9.39000   30.09412   30.00338    1.16562   25.83805    0.25838    0.29207   -0.73840
   9.42000   30.18691   30.05930    1.14353   25.82471    0.25825    0.29059   -0.73452
   9.45000   30.28072   30.11345    1.12155   25.81047    0.25810    0.28908   -0.73058
   9.48000   30.37551   30.16583    1.09969   25.79533    0.25795    0.28756   -0.72659
   9.51000   30.47124   30.21643    1.07796   25.77927    0.25779    0.28602   -0.72254
   9.54000   30.56785   30.26524    1.05634   25.76227    0.25762    0.28447   -0.71843
   9.57000   30.66532   30.31227    1.03485   25.74433    0.25744    0.28290   -0.71427
   9.60000   30.76360   30.35751    1.01349   25.72541    0.25725    0.28131   -0.71006
   9.63000   30.86265   30.40096    0.99225   25.70552    0.25706    0.27971   -0.70580
   9.66000   30.96243   30.44261    0.97114   25.68464    0.25685    0.27810   -0.70149
   9.69000   31.06289   30.48247    0.95016   25.66275    0.25663    0.27647   -0.69713
   9.72000   31.16401   30.52054    0.92931   25.63986    0.25640    0.27483   -0.69273
   9.75000   31.26574   30.55682    0.90860   25.61594    0.25616    0.27317   -0.68827
   9.78000   31.36803   30.59131    0.88802   25.59098    0.25591    0.27150   -0.68377
   9.81000   31.47087   30.62403    0.86757   25.56498    0.25565    0.26982   -0.67923
   9.84000   31.57419   30.65496    0.84726   25.53792    0.25538    0.26813   -0.67465
   9.87000   31.67798   30.68412    0.82709   25.50981    0.25510    0.26642   -0.67002
   9.90000   31.78219   30.71152    0.80706   25.48062    0.25481    0.26471   -0.66535
   9.93000   31.88679   30.73715    0.78717   25.45036    0.25450    0.26298   -0.66064
   9.96000   31.99174   30.76104    0.76742   25.41901    0.25419    0.26124   -0.65590
   9.99000   32.09700   30.78318    0.74782   25.38657    0.25387    0.25949   -0.65112
  10.02000   32.20255   30.80360    0.72836   25.35303    0.25353    0.25773   -0.64630
  10.05000   32.30835   30.82228    0.70904   25.31838    0.25318    0.25596   -0.64145
  10.08000   32.41437   30.83926    0.68987   25.28263    0.25283    0.25418   -0.63657
  10.11000   32.52057   30.85454    0.67085   25.24576    0.25246    0.25239   -0.63165
  10.14000   32.62692   30.86813    0.65197   25.20777    0.25208    0.25059   -0.62671
  10.17000   32.73340   30.88004    0.63324   25.16865    0.25169    0.24879   -0.62174
  10.20000   32.83997   30.89029    0.61467   25.12840    0.25128    0.24698   -0.61674
  10.23000   32.94660   30.89889    0.59624   25.08702    0.25087    0.24515   -0.61171
  10.26000   33.05326   30.90586    0.57797   25.04450    0.25044    0.24333   -0.60666
  10.29000   33.15993   30.91121    0.55984   25.00083    0.25001    0.24149   -0.60158
  10.32000   33.26658   30.91496    0.54187   24.95602    0.24956    0.23965   -0.59648
  10.35000   33.37319   30.91711    0.52405   24.91006    0.24910    0.23780   -0.59136
  10.38000   33.47971   30.91770    0.50639   24.86295    0.24863    0.23595   -0.58623
  10.41000   33.58614   30.91672    0.48888   24.81468    0.24815    0.23409   -0.58107
  10.44000   33.69245   30.91422    0.47153   24.76525    0.24765    0.23222   -0.57590
  10.47000   33.79860   30.91018    0.45433   24.71466    0.24715    0.23035   -0.57071
  10.50000   33.90459   30.90465    0.43728   24.66291    0.24663    0.22848   -0.56551
  10.53000   34.01038   30.89763    0.42040   24.60999    0.24610    0.22660   -0.56030
  10.56000   34.11595   30.88915    0.40367   24.55590    0.24556    0.22471   -0.55507
  10.59000   34.22129   30.87921    0.38709   24.50064    0.24501    0.22283   -0.54984
  10.62000   34.32637   30.86785    0.37068   24.44421    0.24444    0.22094   -0.54459
  10.65000   34.43118   30.85507    0.35442   24.38660    0.24387    0.21905   -0.53934
  10.68000   34.53569   30.84091    0.33831   24.32781    0.24328    0.21715   -0.53409
  10.71000   34.63988   30.82537    0.32237   24.26784    0.24268    0.21526   -0.52883
  10.74000   34.74375   30.80849    0.30659   24.20670    0.24207    0.21336   -0.52357
  10.77000   34.84726   30.79027    0.29096   24.14436    0.24144    0.21146   -0.51830
  10.80000   34.95041   30.77073    0.27549   24.08085    0.24081    0.20956   -0.51304
  10.83000   35.05318   30.74991    0.26017   24.01614    0.24016    0.20766   -0.50778
  10.86000   35.15556   30.72782    0.24502   23.95025    0.23950    0.20576   -0.50252
  10.89000   35.25753   30.70447    0.23002   23.88317    0.23883    0.20385   -0.49726
  10.92000   35.35907   30.67989    0.21518   23.81490    0.23815    0.20195   -0.49201
  10.95000   35.46018   30.65410    0.20050   23.74544    0.23745    0.20005   -0.48677
  10.98000   35.56084   30.62712    0.18598   23.67479    0.23675    0.19815   -0.48154
  11.01000   35.66104   30.59898    0.17161   23.60295    0.23603    0.19626   -0.47631
  11.04000   35.76077   30.56968    0.15740   23.52991    0.23530    0.19436   -0.47110
  11.07000   35.86002   30.53925    0.14334   23.45568    0.23456    0.19247   -0.46590
  11.10000   35.95878   30.50771    0.12944   23.38025    0.23380    0.19058   -0.46072
  11.13000   36.05704   30.47508    0.11570   23.30364    0.23304    0.18869   -0.45555
  11.16000   36.15480   30.44138    0.10211   23.22583    0.23226    0.18681   -0.45040
  11.19000   36.25203   30.40663    0.08868   23.14683    0.23147    0.18493   -0.44526
  11.22000   36.34874   30.37086    0.07540   23.06665    0.23067    0.18306   -0.44015
  11.25000   36.44492   30.33407    0.06227   22.98528    0.22985    0.18119   -0.43505
  11.28000   36.54056   30.29629    0.04929   22.90272    0.22903    0.17932   -0.42998
  11.31000   36.63566   30.25754    0.03647   22.81898    0.22819    0.17747   -0.42493
  11.34000   36.73021   30.21784    0.02380   22.73407    0.22734    0.17561   -0.41991
  11.37000   36.82421   30.17720    0.01127   22.64799    0.22648    0.17377   -0.41491
  11.40000   36.91765   30.13565   -0.00110   22.56073    0.22561    0.17193   -0.40994
  11.43000   37.01052   30.09321   -0.01332   22.47232    0.22472    0.17010   -0.40500
  11.46000   37.10283   30.04989   -0.02540   22.38275    0.22383    0.16827   -0.40009
  11.49000   37.19458   30.00570   -0.03733   22.29204    0.22292    0.16646   -0.39521
  11.52000   37.28575   29.96068   -0.04911   22.20019    0.22200    0.16465   -0.39037
  11.55000   37.37634   29.91483   -0.06075   22.10721    0.22107    0.16286   -0.38556
  11.58000   37.46636   29.86818   -0.07225   22.01311    0.22013    0.16107   -0.38078
  11.61000   37.55580   29.82074   -0.08360   21.91791    0.21918    0.15929   -0.37604
  11.64000   37.64467   29.77252   -0.09481   21.82163    0.21822    0.15753   -0.37134
  11.67000   37.73295   29.72355   -0.10588   21.72426    0.21724    0.15577   -0.36668
  11.70000   37.82066   29.67384   -0.11681   21.62584    0.21626    0.15403   -0.36206
  11.73000   37.90779   29.62341   -0.12760   21.52639    0.21526    0.15230   -0.35748
  11.76000   37.99433   29.57226   -0.13826   21.42591    0.21426    0.15058   -0.35295
  11.79000   38.08030   29.52043   -0.14878   21.32444    0.21324    0.14887   -0.34846
  11.82000   38.16569   29.46792   -0.15917   21.22200    0.21222    0.14718   -0.34401
  11.85000   38.25050   29.41475   -0.16942   21.11861    0.21119    0.14550   -0.33961
  11.88000   38.33474   29.36093   -0.17955   21.01430    0.21014    0.14384   -0.33526
  11.91000   38.41840   29.30648   -0.18954   20.90912    0.20909    0.14219   -0.33096
  11.94000   38.50149   29.25140   -0.19940   20.80308    0.20803    0.14056   -0.32670
  11.97000   38.58400   29.19572   -0.20914   20.69623    0.20696    0.13894   -0.32250
  12.00000   38.66595   29.13945   -0.21876   20.58861    0.20589    0.13734   -0.31835
  12.03000   38.74733   29.08260   -0.22824   20.48025    0.20480    0.13576   -0.31426
  12.06000   38.82815   29.02519   -0.23761   20.37121    0.20371    0.13420   -0.31022
  12.09000   38.90841   28.96721   -0.24686   20.26153    0.20262    0.13265   -0.30623
  12.12000   38.98811   28.90870   -0.25599   20.15127    0.20151    0.13112   -0.30230
  12.15000   39.06726   28.84966   -0.26500   20.04047    0.20040    0.12961   -0.29843
  12.18000   39.14585   28.79009   -0.27389   19.92921    0.19929    0.12812   -0.29462
  12.21000   39.22389   28.73002   -0.28268   19.81754    0.19818    0.12666   -0.29087
  12.24000   39.30139   28.66945   -0.29135   19.70554    0.19706    0.12521   -0.28717
  12.27000   39.37835   28.60839   -0.29991   19.59326    0.19593    0.12378   -0.28354
  12.30000   39.45476   28.54685   -0.30836   19.48079    0.19481    0.12238   -0.27998
  12.33000   39.53064   28.48485   -0.31671   19.36820    0.19368    0.12099   -0.27647
  12.36000   39.60600   28.42239   -0.32495   19.25559    0.19256    0.11963   -0.27304
  12.39000   39.68082   28.35948   -0.33309   19.14303    0.19143    0.11830   -0.26966
  12.42000   39.75512   28.29613   -0.34113   19.03062    0.19031    0.11698   -0.26636
  12.45000   39.82889   28.23235   -0.34907   18.91845    0.18918    0.11569   -0.26312
  12.48000   39.90216   28.16814   -0.35692   18.80663    0.18807    0.11443   -0.25995
  12.51000   39.97491   28.10352   -0.36467   18.69527    0.18695    0.11319   -0.25684
  12.54000   40.04714   28.03849   -0.37233   18.58446    0.18584    0.11198   -0.25381
  12.57000   40.11888   27.97306   -0.37990   18.47432    0.18474    0.11079   -0.25085
  12.60000   40.19011   27.90724   -0.38738   18.36498    0.18365    0.10963   -0.24796
  12.63000   40.26085   27.84103   -0.39478   18.25655    0.18257    0.10849   -0.24514
  12.66000   40.33109   27.77444   -0.40209   18.14915    0.18149    0.10739   -0.24240
  12.69000   40.40083   27.70747   -0.40932   18.04293    0.18043    0.10631   -0.23973
  12.72000   40.47010   27.64014   -0.41648   17.93800    0.17938    0.10526   -0.23713
  12.75000   40.53888   27.57244   -0.42355   17.83450    0.17835    0.10424   -0.23461
  12.78000   40.60717   27.50438   -0.43055   17.73258    0.17733    0.10324   -0.23216
  12.81000   40.67499   27.43597   -0.43748   17.63236    0.17632    0.10228   -0.22979
  12.84000   40.74234   27.36722   -0.44434   17.53400    0.17534    0.10135   -0.22750
  12.87000   40.80922   27.29812   -0.45113   17.43763    0.17438    0.10045   -0.22528
  12.90000   40.87563   27.22867   -0.45786   17.34341    0.17343    0.09957   -0.22315
  12.93000   40.94157   27.15890   -0.46452   17.25146    0.17251    0.09873   -0.22109
  12.96000   41.00706   27.08879   -0.47113   17.16195    0.17162    0.09792   -0.21911
  12.99000   41.07208   27.01835   -0.47767   17.07501    0.17075    0.09715   -0.21722
  13.02000   41.13665   26.94759   -0.48416   16.99077    0.16991    0.09640   -0.21540
  13.05000   41.20076   26.87650   -0.49060   16.90940    0.16909    0.09569   -0.21366
  13.08000   41.26442   26.80509   -0.49698   16.83101    0.16831    0.09501   -0.21201
  13.11000   41.32764   26.73337   -0.50332   16.75574    0.16756    0.09436   -0.21043
  13.14000   41.39040   26.66133   -0.50961   16.68373    0.16684    0.09375   -0.20894
  13.17000   41.45272   26.58898   -0.51586   16.61509    0.16615    0.09317   -0.20753
  13.20000   41.51460   26.51631   -0.52206   16.54994    0.16550    0.09262   -0.20621
  13.23000   41.57603   26.44334   -0.52823   16.48840    0.16488    0.09211   -0.20497
  13.26000   41.63702   26.37006   -0.53436   16.43057    0.16431    0.09163   -0.20381
  13.29000   41.69757   26.29647   -0.54046   16.37654    0.16377    0.09119   -0.20273
  13.32000   41.75769   26.22257   -0.54653   16.32640    0.16326    0.09078   -0.20174
  13.35000   41.81736   26.14837   -0.55257   16.28023    0.16280    0.09041   -0.20084
  13.38000   41.87660   26.07386   -0.55858   16.23810    0.16238    0.09007   -0.20002
  13.41000   41.93540   25.99905   -0.56457   16.20006    0.16200    0.08977   -0.19928
  13.44000   41.99377   25.92393   -0.57054   16.16616    0.16166    0.08950   -0.19863
  13.47000   42.05169   25.84851   -0.57649   16.13643    0.16136    0.08927   -0.19807
  13.50000   42.10918   25.77279   -0.58242   16.11090    0.16111    0.08908   -0.19759
  13.53000   42.16624   25.69676   -0.58834   16.08958    0.16090    0.08892   -0.19719
  13.56000   42.22285   25.62042   -0.59425   16.07247    0.16072    0.08879   -0.19688
  13.59000   42.27903   25.54378   -0.60016   16.05954    0.16060    0.08870   -0.19666
  13.62000   42.33476   25.46683   -0.60606   16.05078    0.16051    0.08865   -0.19653
  13.65000   42.39006   25.38957   -0.61195   16.04615    0.16046    0.08864   -0.19648
  13.68000   42.44491   25.31201   -0.61785   16.04559    0.16046    0.08866   -0.19651
  13.71000   42.49931   25.23414   -0.62374   16.04905    0.16049    0.08871   -0.19663
  13.74000   42.55327   25.15595   -0.62964   16.05644    0.16056    0.08880   -0.19684
  13.77000   42.60678   25.07745   -0.63555   16.06768    0.16068    0.08893   -0.19713
  13.80000   42.65984   24.99864   -0.64147   16.08267    0.16083    0.08910   -0.19751
  13.83000   42.71244   24.91952   -0.64741   16.10131    0.16101    0.08930   -0.19798
  13.86000   42.76459   24.84008   -0.65335   16.12348    0.16123    0.08953   -0.19853
  13.89000   42.81627   24.76031   -0.65932   16.14905    0.16149    0.08980   -0.19917
  13.92000   42.86749   24.68023   -0.66531   16.17788    0.16178    0.09011   -0.19989
  13.95000   42.91824   24.59983   -0.67131   16.20985    0.16210    0.09045   -0.20069
  13.98000   42.96851   24.51910   -0.67735   16.24479    0.16245    0.09083   -0.20159
  14.01000   43.01831   24.43804   -0.68341   16.28256    0.16283    0.09124   -0.20256
  14.04000   43.06763   24.35666   -0.68950   16.32299    0.16323    0.09169   -0.20362
  14.07000   43.11646   24.27495   -0.69563   16.36593    0.16366    0.09217   -0.20477
  14.10000   43.16480   24.19290   -0.70179   16.41120    0.16411    0.09269   -0.20599
  14.13000   43.21264   24.11052   -0.70799   16.45864    0.16459    0.09324   -0.20731
  14.16000   43.25997   24.02780   -0.71423   16.50808    0.16508    0.09383   -0.20870
  14.19000   43.30680   23.94474   -0.72051   16.55935    0.16559    0.09445   -0.21018
  14.22000   43.35310   23.86134   -0.72684   16.61228    0.16612    0.09510   -0.21174
  14.25000   43.39889   23.77760   -0.73322   16.66669    0.16667    0.09579   -0.21338
  14.28000   43.44414   23.69351   -0.73965   16.72243    0.16722    0.09651   -0.21510
  14.31000   43.48885   23.60907   -0.74613   16.77932    0.16779    0.09727   -0.21691
  14.34000   43.53302   23.52428   -0.75266   16.83721    0.16837    0.09805   -0.21879
  14.37000   43.57663   23.43914   -0.75925   16.89593    0.16896    0.09887   -0.22075
  14.40000   43.61968   23.35364   -0.76591   16.95533    0.16955    0.09972   -0.22280
  14.43000   43.66216   23.26779   -0.77262   17.01526    0.17015    0.10060   -0.22492
  14.46000   43.70406   23.18158   -0.77940   17.07557    0.17076    0.10152   -0.22712
  14.49000   43.74537   23.09501   -0.78625   17.13612    0.17136    0.10246   -0.22940
  14.52000   43.78607   23.00808   -0.79317   17.19678    0.17197    0.10344   -0.23176
  14.55000   43.82617   22.92078   -0.80016   17.25741    0.17257    0.10444   -0.23419
  14.58000   43.86565   22.83312   -0.80722   17.31790    0.17318    0.10548   -0.23670
  14.61000   43.90449   22.74510   -0.81436   17.37812    0.17378    0.10654   -0.23929
  14.64000   43.94270   22.65670   -0.82158   17.43796    0.17438    0.10763   -0.24194
  14.67000   43.98025   22.56794   -0.82888   17.49733    0.17497    0.10876   -0.24468
  14.70000   44.01713   22.47881   -0.83626   17.55611    0.17556    0.10991   -0.24748
  14.73000   44.05334   22.38931   -0.84373   17.61423    0.17614    0.11108   -0.25036
  14.76000   44.08885   22.29943   -0.85128   17.67158    0.17672    0.11229   -0.25331
  14.79000   44.12367   22.20919   -0.85893   17.72810    0.17728    0.11352   -0.25633
  14.82000   44.15777   22.11857   -0.86667   17.78370    0.17784    0.11478   -0.25942
  14.85000   44.19114   22.02759   -0.87450   17.83832    0.17838    0.11607   -0.26258
  14.88000   44.22376   21.93623   -0.88242   17.89190    0.17892    0.11738   -0.26581
  14.91000   44.25563   21.84451   -0.89045   17.94437    0.17944    0.11871   -0.26911
  14.94000   44.28673   21.75242   -0.89857   17.99570    0.17996    0.12007   -0.27247
  14.97000   44.31704   21.65995   -0.90679   18.04582    0.18046    0.12146   -0.27590
  15.00000   44.34655   21.56713   -0.91512   18.09471    0.18095    0.12286   -0.27939
  15.03000   44.37524   21.47394   -0.92356   18.14232    0.18142    0.12430   -0.28294
  15.06000   44.40310   21.38039   -0.93210   18.18863    0.18189    0.12575   -0.28656
  15.09000   44.43011   21.28647   -0.94075   18.23360    0.18234    0.12723   -0.29024
  15.12000   44.45626   21.19221   -0.94952   18.27721    0.18277    0.12872   -0.29399
  15.15000   44.48152   21.09759   -0.95839   18.31945    0.18319    0.13024   -0.29779
  15.18000   44.50589   21.00262   -0.96739   18.36030    0.18360    0.13178   -0.30165
  15.21000   44.52934   20.90731   -0.97649   18.39974    0.18400    0.13335   -0.30557
  15.24000   44.55185   20.81165   -0.98572   18.43777    0.18438    0.13493   -0.30955
  15.27000   44.57342   20.71567   -0.99507   18.47438    0.18474    0.13653   -0.31358
  15.30000   44.59401   20.61935   -1.00454   18.50958    0.18510    0.13815   -0.31766
  15.33000   44.61362   20.52271   -1.01413   18.54335    0.18543    0.13978   -0.32180
  15.36000   44.63222   20.42576   -1.02384   18.57571    0.18576    0.14144   -0.32600
  15.39000   44.64980   20.32849   -1.03369   18.60665    0.18607    0.14311   -0.33024
  15.42000   44.66633   20.23093   -1.04366   18.63620    0.18636    0.14480   -0.33454
  15.45000   44.68180   20.13307   -1.05376   18.66435    0.18664    0.14651   -0.33888
  15.48000   44.69619   20.03493   -1.06399   18.69111    0.18691    0.14823   -0.34327
  15.51000   44.70947   19.93651   -1.07436   18.71650    0.18717    0.14997   -0.34771
  15.54000   44.72163   19.83783   -1.08486   18.74054    0.18741    0.15172   -0.35219
  15.57000   44.73265   19.73890   -1.09549   18.76324    0.18763    0.15349   -0.35672
  15.60000   44.74250   19.63972   -1.10626   18.78461    0.18785    0.15527   -0.36129
  15.63000   44.75118   19.54032   -1.11717   18.80468    0.18805    0.15707   -0.36591
  15.66000   44.75864   19.44070   -1.12822   18.82346    0.18823    0.15887   -0.37056
  15.69000   44.76489   19.34087   -1.13940   18.84097    0.18841    0.16070   -0.37526
  15.72000   44.76989   19.24086   -1.15073   18.85724    0.18857    0.16253   -0.37999
  15.75000   44.77363   19.14067   -1.16220   18.87229    0.18872    0.16438   -0.38476
  15.78000   44.77608   19.04033   -1.17382   18.88613    0.18886    0.16623   -0.38956
  15.81000   44.77722   18.93984   -1.18558   18.89879    0.18899    0.16810   -0.39440
  15.84000   44.77704   18.83923   -1.19748   18.91030    0.18910    0.16998   -0.39927
  15.87000   44.77551   18.73852   -1.20953   18.92067    0.18921    0.17187   -0.40418
  15.90000   44.77261   18.63771   -1.22173   18.92993    0.18930    0.17377   -0.40911
  15.93000   44.76833   18.53685   -1.23408   18.93811    0.18938    0.17568   -0.41408
  15.96000   44.76263   18.43593   -1.24658   18.94523    0.18945    0.17759   -0.41907
  15.99000   44.75551   18.33500   -1.25923   18.95130    0.18951    0.17952   -0.42409
  16.02000   44.74694   18.23406   -1.27202   18.95637    0.18956    0.18145   -0.42913
  16.05000   44.73691   18.13315   -1.28497   18.96044    0.18960    0.18339   -0.43420
  16.08000   44.72538   18.03228   -1.29808   18.96355    0.18964    0.18534   -0.43929
  16.11000   44.71235   17.93148   -1.31133   18.96572    0.18966    0.18730   -0.44440
  16.14000   44.69780   17.83079   -1.32474   18.96698    0.18967    0.18926   -0.44954
  16.17000   44.68170   17.73022   -1.33830   18.96733    0.18967    0.19122   -0.45469
  16.20000   44.66404   17.62980   -1.35202   18.96682    0.18967    0.19320   -0.45985
  16.23000   44.64480   17.52957   -1.36590   18.96546    0.18965    0.19517   -0.46504
  16.26000   44.62397   17.42955   -1.37992   18.96328    0.18963    0.19715   -0.47023
  16.29000   44.60152   17.32978   -1.39411   18.96030    0.18960    0.19914   -0.47544
  16.32000   44.57745   17.23028   -1.40845   18.95654    0.18957    0.20113   -0.48066
  16.35000   44.55173   17.13109   -1.42295   18.95203    0.18952    0.20313   -0.48590
  16.38000   44.52435   17.03224   -1.43761   18.94678    0.18947    0.20512   -0.49114
  16.41000   44.49531   16.93378   -1.45242   18.94082    0.18941    0.20712   -0.49638
  16.44000   44.46457   16.83573   -1.46739   18.93417    0.18934    0.20912   -0.50164
  16.47000   44.43214   16.73812   -1.48252   18.92685    0.18927    0.21113   -0.50690
  16.50000   44.39800   16.64101   -1.49780   18.91888    0.18919    0.21313   -0.51216
  16.53000   44.36214   16.54443   -1.51325   18.91029    0.18910    0.21514   -0.51742
  16.56000   44.32455   16.44841   -1.52885   18.90109    0.18901    0.21715   -0.52269
  16.59000   44.28522   16.35300   -1.54461   18.89129    0.18891    0.21916   -0.52795
  16.62000   44.24414   16.25824   -1.56052   18.88094    0.18881    0.22116   -0.53321
  16.65000   44.20131   16.16417   -1.57660   18.87003    0.18870    0.22317   -0.53846
  16.68000   44.15672   16.07083   -1.59283   18.85859    0.18859    0.22518   -0.54372
  16.71000   44.11036   15.97827   -1.60922   18.84663    0.18847    0.22718   -0.54896
  16.74000   44.06224   15.88653   -1.62577   18.83418    0.18834    0.22919   -0.55420
  16.77000   44.01235   15.79566   -1.64247   18.82126    0.18821    0.23119   -0.55942
  16.80000   43.96068   15.70570   -1.65934   18.80787    0.18808    0.23319   -0.56464
  16.83000   43.90725   15.61670   -1.67635   18.79404    0.18794    0.23518   -0.56984
  16.86000   43.85205   15.52871   -1.69353   18.77979    0.18780    0.23718   -0.57503
  16.89000   43.79508   15.44178   -1.71085   18.76512    0.18765    0.23916   -0.58021
  16.92000   43.73636   15.35595   -1.72834   18.75006    0.18750    0.24115   -0.58537
  16.95000   43.67588   15.27127   -1.74598   18.73462    0.18735    0.24313   -0.59051
  16.98000   43.61365   15.18779   -1.76377   18.71882    0.18719    0.24510   -0.59563
  17.01000   43.54969   15.10557   -1.78171   18.70267    0.18703    0.24707   -0.60073
  17.04000   43.48401   15.02465   -1.79981   18.68618    0.18686    0.24904   -0.60581
  17.07000   43.41661   14.94508   -1.81806   18.66938    0.18669    0.25099   -0.61087
  17.10000   43.34751   14.86692   -1.83646   18.65227    0.18652    0.25294   -0.61590
  17.13000   43.27673   14.79021   -1.85501   18.63486    0.18635    0.25489   -0.62090
  17.16000   43.20429   14.71500   -1.87372   18.61718    0.18617    0.25682   -0.62588
  17.19000   43.13021   14.64136   -1.89257   18.59924    0.18599    0.25875   -0.63083
  17.22000   43.05450   14.56932   -1.91157   18.58105    0.18581    0.26066   -0.63575
  17.25000   42.97719   14.49895   -1.93071   18.56262    0.18563    0.26257   -0.64064
  17.28000   42.89831   14.43028   -1.95000   18.54396    0.18544    0.26447   -0.64549
  17.31000   42.81788   14.36338   -1.96944   18.52509    0.18525    0.26636   -0.65032
  17.34000   42.73594   14.29829   -1.98902   18.50603    0.18506    0.26823   -0.65510
  17.37000   42.65251   14.23506   -2.00875   18.48678    0.18487    0.27010   -0.65985
  17.40000   42.56762   14.17375   -2.02861   18.46735    0.18467    0.27195   -0.66457
  17.43000   42.48132   14.11440   -2.04862   18.44776    0.18448    0.27379   -0.66924
  17.46000   42.39364   14.05706   -2.06877   18.42802    0.18428    0.27561   -0.67388
  17.49000   42.30461   14.00178   -2.08905   18.40815    0.18408    0.27743   -0.67847
  17.52000   42.21428   13.94860   -2.10947   18.38815    0.18388    0.27922   -0.68302
  17.55000   42.12269   13.89758   -2.13003   18.36803    0.18368    0.28101   -0.68752
  17.58000   42.02989   13.84876   -2.15072   18.34782    0.18348    0.28277   -0.69199
  17.61000   41.93592   13.80218   -2.17155   18.32751    0.18328    0.28452   -0.69640
  17.64000   41.84083   13.75789   -2.19251   18.30713    0.18307    0.28626   -0.70077
  17.67000   41.74466   13.71592   -2.21360   18.28668    0.18287    0.28797   -0.70509
  17.70000   41.64748   13.67633   -2.23481   18.26618    0.18266    0.28967   -0.70936
  17.73000   41.54934   13.63915   -2.25616   18.24563    0.18246    0.29135   -0.71357
  17.76000   41.45029   13.60441   -2.27763   18.22506    0.18225    0.29301   -0.71774
  17.79000   41.35038   13.57216   -2.29922   18.20447    0.18204    0.29465   -0.72185
  17.82000   41.24968   13.54244   -2.32094   18.18387    0.18184    0.29627   -0.72591
  17.85000   41.14825   13.51526   -2.34277   18.16328    0.18163    0.29787   -0.72992
  17.88000   41.04615   13.49068   -2.36473   18.14271    0.18143    0.29945   -0.73386
  17.91000   40.94344   13.46871   -2.38680   18.12217    0.18122    0.30100   -0.73775
  17.94000   40.84020   13.44938   -2.40899   18.10168    0.18102    0.30253   -0.74158
  17.97000   40.73647   13.43273   -2.43130   18.08124    0.18081    0.30404   -0.74536
  18.00000   40.63234   13.41877   -2.45372   18.06086    0.18061    0.30553   -0.74907
  18.03000   40.52787   13.40752   -2.47624   18.04057    0.18041    0.30698   -0.75272
  18.06000   40.42313   13.39902   -2.49888   18.02038    0.18020    0.30842   -0.75631
  18.09000   40.31819   13.39327   -2.52162   18.00029    0.18000    0.30982   -0.75983
  18.12000   40.21313   13.39029   -2.54447   17.98031    0.17980    0.31120   -0.76329
  18.15000   40.10801   13.39010   -2.56742   17.96047    0.17960    0.31256   -0.76668
  18.18000   40.00292   13.39270   -2.59047   17.94078    0.17941    0.31388   -0.77001
  18.21000   39.89792   13.39811   -2.61362   17.92124    0.17921    0.31518   -0.77327
  18.24000   39.79310   13.40632   -2.63686   17.90188    0.17902    0.31645   -0.77647
  18.27000   39.68852   13.41735   -2.66020   17.88270    0.17883    0.31769   -0.77959
  18.30000   39.58426   13.43119   -2.68364   17.86371    0.17864    0.31889   -0.78265
  18.33000   39.48041   13.44784   -2.70716   17.84494    0.17845    0.32007   -0.78563
  18.36000   39.37703   13.46730   -2.73077   17.82638    0.17826    0.32122   -0.78855
  18.39000   39.27420   13.48957   -2.75447   17.80807    0.17808    0.32234   -0.79139
  18.42000   39.17201   13.51462   -2.77826   17.79000    0.17790    0.32342   -0.79416
  18.45000   39.07052   13.54246   -2.80212   17.77220    0.17772    0.32447   -0.79685
  18.48000   38.96981   13.57306   -2.82607   17.75466    0.17755    0.32549   -0.79947
  18.51000   38.86997   13.60641   -2.85009   17.73742    0.17737    0.32648   -0.80202
  18.54000   38.77106   13.64249   -2.87419   17.72047    0.17720    0.32743   -0.80449
  18.57000   38.67316   13.68128   -2.89836   17.70384    0.17704    0.32835   -0.80688
  18.60000   38.57635   13.72275   -2.92260   17.68753    0.17688    0.32923   -0.80920
  18.63000   38.48069   13.76687   -2.94691   17.67155    0.17672    0.33009   -0.81144
  18.66000   38.38627   13.81362   -2.97128   17.65593    0.17656    0.33090   -0.81360
  18.69000   38.29316   13.86296   -2.99572   17.64065    0.17641    0.33168   -0.81569
  18.72000   38.20142   13.91485   -3.02022   17.62575    0.17626    0.33243   -0.81769
  18.75000   38.11113   13.96927   -3.04478   17.61123    0.17611    0.33314   -0.81961
  18.78000   38.02235   14.02617   -3.06940   17.59710    0.17597    0.33382   -0.82146
  18.81000   37.93516   14.08550   -3.09407   17.58337    0.17583    0.33446   -0.82322
  18.84000   37.84961   14.14723   -3.11879   17.57004    0.17570    0.33506   -0.82490
  18.87000   37.76578   14.21131   -3.14356   17.55714    0.17557    0.33563   -0.82650
  18.90000   37.68372   14.27769   -3.16838   17.54465    0.17545    0.33616   -0.82802
  18.93000   37.60350   14.34631   -3.19324   17.53261    0.17533    0.33666   -0.82946
  18.96000   37.52517   14.41714   -3.21815   17.52100    0.17521    0.33712   -0.83081
  18.99000   37.44880   14.49011   -3.24309   17.50984    0.17510    0.33754   -0.83208
  19.02000   37.37444   14.56516   -3.26807   17.49913    0.17499    0.33793   -0.83326
  19.05000   37.30214   14.64224   -3.29308   17.48888    0.17489    0.33829   -0.83437
  19.08000   37.23195   14.72130   -3.31813   17.47909    0.17479    0.33860   -0.83538
  19.11000   37.16393   14.80226   -3.34321   17.46977    0.17470    0.33888   -0.83632
  19.14000   37.09812   14.88507   -3.36831   17.46092    0.17461    0.33913   -0.83717
  19.17000   37.03456   14.96966   -3.39343   17.45254    0.17453    0.33934   -0.83793
  19.20000   36.97331   15.05597   -3.41858   17.44463    0.17445    0.33951   -0.83861
  19.23000   36.91439   15.14393   -3.44375   17.43719    0.17437    0.33965   -0.83920
  19.26000   36.85785   15.23347   -3.46893   17.43022    0.17430    0.33975   -0.83971
  19.29000   36.80373   15.32454   -3.49413   17.42373    0.17424    0.33982   -0.84013
  19.32000   36.75205   15.41704   -3.51934   17.41770    0.17418    0.33985   -0.84047
  19.35000   36.70285   15.51093   -3.54456   17.41214    0.17412    0.33985   -0.84072
  19.38000   36.65616   15.60613   -3.56978   17.40704    0.17407    0.33981   -0.84088
  19.41000   36.61200   15.70256   -3.59501   17.40240    0.17402    0.33974   -0.84096
  19.44000   36.57040   15.80016   -3.62024   17.39820    0.17398    0.33964   -0.84095
  19.47000   36.53138   15.89885   -3.64546   17.39445    0.17394    0.33950   -0.84086
  19.50000   36.49496   15.99856   -3.67069   17.39114    0.17391    0.33932   -0.84068
  19.53000   36.46114   16.09922   -3.69590   17.38825    0.17388    0.33912   -0.84041
  19.56000   36.42996   16.20076   -3.72111   17.38577    0.17386    0.33888   -0.84006
  19.59000   36.40142   16.30311   -3.74631   17.38370    0.17384    0.33860   -0.83962
  19.62000   36.37553   16.40619   -3.77149   17.38203    0.17382    0.33830   -0.83910
  19.65000   36.35229   16.50993   -3.79665   17.38073    0.17381    0.33796   -0.83849
  19.68000   36.33172   16.61426   -3.82179   17.37980    0.17380    0.33759   -0.83780
  19.71000   36.31381   16.71911   -3.84692   17.37922    0.17379    0.33719   -0.83702
  19.74000   36.29857   16.82440   -3.87201   17.37898    0.17379    0.33675   -0.83616
  19.77000   36.28599   16.93008   -3.89709   17.37906    0.17379    0.33629   -0.83521
  19.80000   36.27607   17.03607   -3.92213   17.37943    0.17379    0.33579   -0.83417
  19.83000   36.26880   17.14229   -3.94713   17.38010    0.17380    0.33526   -0.83306
  19.86000   36.26418   17.24869   -3.97211   17.38102    0.17381    0.33470   -0.83186
  19.89000   36.26219   17.35519   -3.99704   17.38219    0.17382    0.33412   -0.83057
  19.92000   36.26283   17.46174   -4.02194   17.38359    0.17384    0.33350   -0.82920
  19.95000   36.26607   17.56825   -4.04680   17.38518    0.17385    0.33285   -0.82775
  19.98000   36.27191   17.67468   -4.07161   17.38696    0.17387    0.33217   -0.82622
  20.01000   36.28033   17.78095   -4.09637   17.38889    0.17389    0.33146   -0.82461
  20.04000   36.29130   17.88701   -4.12108   17.39095    0.17391    0.33073   -0.82291
  20.07000   36.30481   17.99279   -4.14574   17.39312    0.17393    0.32996   -0.82113
  20.10000   36.32084   18.09823   -4.17035   17.39538    0.17395    0.32917   -0.81927
  20.13000   36.33935   18.20328   -4.19490   17.39769    0.17398    0.32835   -0.81734
  20.16000   36.36033   18.30788   -4.21939   17.40004    0.17400    0.32750   -0.81532
  20.19000   36.38375   18.41198   -4.24381   17.40239    0.17402    0.32663   -0.81322
  20.22000   36.40958   18.51551   -4.26818   17.40473    0.17405    0.32573   -0.81104
  20.25000   36.43779   18.61842   -4.29248   17.40701    0.17407    0.32480   -0.80879
  20.28000   36.46835   18.72067   -4.31670   17.40922    0.17409    0.32384   -0.80646
  20.31000   36.50124   18.82221   -4.34086   17.41132    0.17411    0.32286   -0.80405
  20.34000   36.53640   18.92298   -4.36495   17.41330    0.17413    0.32185   -0.80157
  20.37000   36.57383   19.02293   -4.38895   17.41511    0.17415    0.32082   -0.79901
  20.40000   36.61347   19.12203   -4.41289   17.41673    0.17417    0.31976   -0.79637
  20.43000   36.65530   19.22023   -4.43674   17.41814    0.17418    0.31867   -0.79366
  20.46000   36.69927   19.31748   -4.46050   17.41930    0.17419    0.31756   -0.79088
  20.49000   36.74535   19.41375   -4.48419   17.42019    0.17420    0.31643   -0.78803
  20.52000   36.79351   19.50899   -4.50778   17.42077    0.17421    0.31527   -0.78510
  20.55000   36.84371   19.60317   -4.53129   17.42103    0.17421    0.31409   -0.78210
  20.58000   36.89590   19.69624   -4.55471   17.42092    0.17421    0.31289   -0.77903
  20.61000   36.95004   19.78818   -4.57803   17.42042    0.17420    0.31166   -0.77590
  20.64000   37.00611   19.87895   -4.60126   17.41950    0.17420    0.31041   -0.77269
  20.67000   37.06405   19.96851   -4.62439   17.41814    0.17418    0.30914   -0.76942
  20.70000   37.12383   20.05684   -4.64743   17.41630    0.17416    0.30784   -0.76608
  20.73000   37.18540   20.14391   -4.67036   17.41397    0.17414    0.30652   -0.76267
  20.76000   37.24873   20.22969   -4.69319   17.41110    0.17411    0.30518   -0.75920
  20.79000   37.31378   20.31414   -4.71591   17.40767    0.17408    0.30382   -0.75566
  20.82000   37.38049   20.39726   -4.73852   17.40366    0.17404    0.30244   -0.75206
  20.85000   37.44884   20.47901   -4.76103   17.39904    0.17399    0.30104   -0.74840
  20.88000   37.51878   20.55936   -4.78343   17.39379    0.17394    0.29962   -0.74468
  20.91000   37.59027   20.63831   -4.80571   17.38787    0.17388    0.29818   -0.74090
  20.94000   37.66326   20.71583   -4.82788   17.38126    0.17381    0.29671   -0.73706
  20.97000   37.73771   20.79189   -4.84993   17.37393    0.17374    0.29523   -0.73316
  21.00000   37.81359   20.86649   -4.87187   17.36587    0.17366    0.29373   -0.72920
  21.03000   37.89086   20.93961   -4.89368   17.35705    0.17357    0.29221   -0.72518
  21.06000   37.96946   21.01123   -4.91538   17.34744    0.17347    0.29068   -0.72112
  21.09000   38.04936   21.08134   -4.93695   17.33702    0.17337    0.28912   -0.71699
  21.12000   38.13052   21.14993   -4.95840   17.32577    0.17326    0.28755   -0.71282
  21.15000   38.21290   21.21698   -4.97972   17.31366    0.17314    0.28596   -0.70859
  21.18000   38.29645   21.28249   -5.00091   17.30067    0.17301    0.28435   -0.70431
  21.21000   38.38115   21.34644   -5.02198   17.28679    0.17287    0.28273   -0.69998
  21.24000   38.46694   21.40883   -5.04291   17.27199    0.17272    0.28109   -0.69561
  21.27000   38.55379   21.46966   -5.06371   17.25624    0.17256    0.27944   -0.69118
  21.30000   38.64165   21.52891   -5.08438   17.23954    0.17240    0.27777   -0.68671
  21.33000   38.73050   21.58658   -5.10492   17.22186    0.17222    0.27608   -0.68220
  21.36000   38.82030   21.64267   -5.12531   17.20318    0.17203    0.27438   -0.67764
  21.39000   38.91099   21.69717   -5.14557   17.18348    0.17183    0.27267   -0.67304
  21.42000   39.00255   21.75009   -5.16569   17.16275    0.17163    0.27094   -0.66840
  21.45000   39.09495   21.80142   -5.18568   17.14096    0.17141    0.26920   -0.66372
  21.48000   39.18813   21.85116   -5.20552   17.11810    0.17118    0.26745   -0.65900
  21.51000   39.28208   21.89932   -5.22522   17.09416    0.17094    0.26568   -0.65424
  21.54000   39.37674   21.94589   -5.24477   17.06911    0.17069    0.26390   -0.64945
  21.57000   39.47209   21.99088   -5.26418   17.04294    0.17043    0.26211   -0.64462
  21.60000   39.56810   22.03429   -5.28345   17.01564    0.17016    0.26031   -0.63976
  21.63000   39.66472   22.07612   -5.30257   16.98719    0.16987    0.25850   -0.63486
  21.66000   39.76193   22.11638   -5.32154   16.95757    0.16958    0.25668   -0.62994
  21.69000   39.85969   22.15508   -5.34036   16.92677    0.16927    0.25484   -0.62498
  21.72000   39.95797   22.19222   -5.35904   16.89478    0.16895    0.25300   -0.62000
  21.75000   40.05674   22.22780   -5.37756   16.86158    0.16862    0.25115   -0.61499
  21.78000   40.15597   22.26185   -5.39594   16.82716    0.16827    0.24928   -0.60996
  21.81000   40.25563   22.29435   -5.41416   16.79150    0.16792    0.24741   -0.60489
  21.84000   40.35568   22.32533   -5.43223   16.75460    0.16755    0.24553   -0.59981
  21.87000   40.45610   22.35479   -5.45015   16.71643    0.16716    0.24365   -0.59471
  21.90000   40.55685   22.38274   -5.46791   16.67699    0.16677    0.24175   -0.58958
  21.93000   40.65792   22.40919   -5.48552   16.63627    0.16636    0.23985   -0.58444
  21.96000   40.75928   22.43416   -5.50298   16.59425    0.16594    0.23794   -0.57928
  21.99000   40.86089   22.45765   -5.52028   16.55092    0.16551    0.23603   -0.57410
  22.02000   40.96273   22.47967   -5.53742   16.50627    0.16506    0.23411   -0.56890
  22.05000   41.06477   22.50024   -5.55441   16.46029    0.16460    0.23218   -0.56370
  22.08000   41.16700   22.51938   -5.57125   16.41297    0.16413    0.23025   -0.55848
  22.11000   41.26938   22.53708   -5.58792   16.36429    0.16364    0.22831   -0.55325
  22.14000   41.37189   22.55338   -5.60444   16.31424    0.16314    0.22637   -0.54801
  22.17000   41.47452   22.56827   -5.62080   16.26282    0.16263    0.22443   -0.54277
  22.20000   41.57723   22.58178   -5.63701   16.21002    0.16210    0.22248   -0.53752
  22.23000   41.68000   22.59392   -5.65305   16.15581    0.16156    0.22053   -0.53226
  22.26000   41.78282   22.60471   -5.66894   16.10020    0.16100    0.21858   -0.52700
  22.29000   41.88567   22.61415   -5.68467   16.04317    0.16043    0.21662   -0.52174
  22.32000   41.98851   22.62226   -5.70025   15.98471    0.15985    0.21467   -0.51647
  22.35000   42.09134   22.62907   -5.71566   15.92482    0.15925    0.21271   -0.51121
  22.38000   42.19414   22.63458   -5.73092   15.86348    0.15863    0.21075   -0.50595
  22.41000   42.29689   22.63881   -5.74602   15.80068    0.15801    0.20879   -0.50069
  22.44000   42.39956   22.64178   -5.76096   15.73642    0.15736    0.20683   -0.49544
  22.47000   42.50215   22.64350   -5.77575   15.67068    0.15671    0.20487   -0.49019
  22.50000   42.60463   22.64399   -5.79037   15.60345    0.15603    0.20291   -0.48495
  22.53000   42.70700   22.64326   -5.80484   15.53474    0.15535    0.20095   -0.47972
  22.56000   42.80923   22.64134   -5.81916   15.46452    0.15465    0.19900   -0.47450
  22.59000   42.91132   22.63824   -5.83331   15.39279    0.15393    0.19704   -0.46929
  22.62000   43.01324   22.63397   -5.84731   15.31955    0.15320    0.19509   -0.46410
  22.65000   43.11499   22.62855   -5.86116   15.24478    0.15245    0.19314   -0.45892
  22.68000   43.21655   22.62200   -5.87485   15.16848    0.15168    0.19120   -0.45376
  22.71000   43.31791   22.61433   -5.88838   15.09063    0.15091    0.18926   -0.44861
  22.74000   43.41905   22.60557   -5.90177   15.01124    0.15011    0.18732   -0.44348
  22.77000   43.51998   22.59573   -5.91499   14.93030    0.14930    0.18539   -0.43837
  22.80000   43.62067   22.58482   -5.92807   14.84781    0.14848    0.18346   -0.43329
  22.83000   43.72111   22.57286   -5.94099   14.76375    0.14764    0.18154   -0.42822
  22.86000   43.82130   22.55987   -5.95376   14.67812    0.14678    0.17963   -0.42318
  22.89000   43.92123   22.54586   -5.96638   14.59093    0.14591    0.17772   -0.41817
  22.92000   44.02089   22.53086   -5.97885   14.50216    0.14502    0.17582   -0.41318
  22.95000   44.12027   22.51487   -5.99117   14.41182    0.14412    0.17392   -0.40822
  22.98000   44.21936   22.49792   -6.00335   14.31990    0.14320    0.17204   -0.40329
  23.01000   44.31815   22.48002   -6.01537   14.22641    0.14226    0.17016   -0.39839
  23.04000   44.41664   22.46118   -6.02725   14.13135    0.14131    0.16829   -0.39353
  23.07000   44.51483   22.44142   -6.03898   14.03471    0.14035    0.16643   -0.38869