   time(s)     rx(cm)     ry(cm)   phi(rad)    rcx(cm)    rcy(cm)        eta          w
   0.03000   32.47038   38.19051    5.92049   30.13503    0.30135    0.13139   -0.30373
   0.06000   32.54380   38.12288    5.91080   30.96737    0.30967    0.14577   -0.34210
   0.09000   32.61722   38.05298    5.89994   31.65293    0.31653    0.16034   -0.38223
   0.12000   32.69052   37.98070    5.88788   32.19018    0.32190    0.17412   -0.42137
   0.15000   32.76353   37.90607    5.87471   32.58987    0.32590    0.18617   -0.45659
   0.18000   32.83605   37.82921    5.86059   32.86577    0.32866    0.19566   -0.48503
   0.21000   32.90787   37.75040    5.84575   33.02980    0.33030    0.20191   -0.50412
   0.24000   32.97873   37.67002    5.83051   33.08969    0.33090    0.20443   -0.51191
   0.27000   33.04845   37.58856    5.81522   33.04777    0.33048    0.20291   -0.50726
   0.30000   33.11686   37.50654    5.80026   32.90013    0.32900    0.19728   -0.49007
   0.33000   33.18386   37.42453    5.78599   32.63572    0.32636    0.18769   -0.46129
   0.36000   33.24939   37.34303    5.77273   32.23529    0.32235    0.17459   -0.42297
   0.39000   33.31350   37.26247    5.76071   31.67086    0.31671    0.15871   -0.37800
   0.42000   33.37625   37.18317    5.75010   30.90732    0.30907    0.14112   -0.32991
   0.45000   33.43779   37.10527    5.74091   29.91074    0.29911    0.12309   -0.28247
   0.48000   33.49826   37.02877    5.73308   28.67142    0.28671    0.10606   -0.23926
   0.51000   33.55784   36.95351    5.72645   27.25070    0.27251    0.09143   -0.20331
   0.54000   33.61670   36.87921    5.72074   25.83932    0.25839    0.08035   -0.17675
   0.57000   33.67499   36.80551    5.71568   24.75682    0.24757    0.07348   -0.16058
   0.60000   33.73284   36.73200    5.71096   24.29935    0.24299    0.07092   -0.15459
   0.63000   33.79035   36.65830    5.70628   24.51879    0.24519    0.07216   -0.15747
   0.66000   33.84756   36.58408    5.70141   25.19505    0.25195    0.07625   -0.16705
   0.69000   33.90450   36.50910    5.69619   26.02634    0.26026    0.08200   -0.18063
   0.72000   33.96116   36.43322    5.69055   26.79432    0.26794    0.08818   -0.19540
   0.75000   34.01749   36.35644    5.68449   27.39465    0.27395    0.09374   -0.20886
   0.78000   34.07343   36.27882    5.67807   27.79939    0.27799    0.09795   -0.21912
   0.81000   34.12894   36.20050    5.67140   28.01809    0.28018    0.10042   -0.22518
   0.84000   34.18397   36.12167    5.66462   28.07644    0.28076    0.10113   -0.22691
   0.87000   34.23847   36.04249    5.65784   28.00842    0.28008    0.10037   -0.22501
   0.90000   34.29243   35.96310    5.65116   27.85524    0.27855    0.09863   -0.22073
   0.93000   34.34585   35.88356    5.64461   27.66469    0.27665    0.09654   -0.21558
   0.96000   34.39874   35.80391    5.63822   27.48631    0.27486    0.09464   -0.21092
   0.99000   34.45112   35.72411    5.63194   27.36052    0.27361    0.09334   -0.20774
   1.02000   34.50300   35.64410    5.62572   27.30552    0.27306    0.09279   -0.20640
   1.05000   34.55438   35.56380    5.61953   27.31041    0.27310    0.09287   -0.20656
   1.08000   34.60528   35.48319    5.61332   27.33969    0.27340    0.09320   -0.20735
   1.11000   34.65569   35.40226    5.60710   27.34609    0.27346    0.09329   -0.20755
   1.14000   34.70561   35.32106    5.60089   27.28352    0.27284    0.09264   -0.20596
   1.17000   34.75502   35.23969    5.59478   27.11560    0.27116    0.09089   -0.20169
   1.20000   34.80392   35.15830    5.58884   26.82104    0.26821    0.08793   -0.19453
   1.23000   34.85233   35.07698    5.58314   26.40112    0.26401    0.08398   -0.18508
   1.26000   34.90027   34.99584    5.57775   25.89374    0.25894    0.07963   -0.17472
   1.29000   34.94777   34.91488    5.57264   25.39249    0.25392    0.07571   -0.16550
   1.32000   34.99484   34.83402    5.56776   25.05140    0.25051    0.07325   -0.15972
   1.35000   35.04153   34.75308    5.56297   25.03922    0.25039    0.07318   -0.15953
   1.38000   35.08783   34.67178    5.55809   25.43728    0.25437    0.07614   -0.16644
   1.41000   35.13374   34.58980    5.55288   26.16715    0.26167    0.08228   -0.18090
   1.44000   35.17923   34.50682    5.54713   27.04049    0.27040    0.09115   -0.20210
   1.47000   35.22424   34.42258    5.54068   27.87588    0.27876    0.10174   -0.22789
   1.50000   35.26871   34.33691    5.53344   28.56540    0.28565    0.11266   -0.25508
   1.53000   35.31253   34.24982    5.52541   29.06962    0.29070    0.12241   -0.27980
   1.56000   35.35564   34.16146    5.51674   29.38614    0.29386    0.12955   -0.29822
   1.59000   35.39796   34.07216    5.50766   29.52353    0.29524    0.13299   -0.30713
   1.62000   35.43945   33.98237    5.49849   29.48675    0.29487    0.13207   -0.30465
   1.65000   35.48015   33.89259    5.48956   29.27067    0.29271    0.12672   -0.29063
   1.68000   35.52008   33.80329    5.48119   28.85930    0.28859    0.11748   -0.26685
   1.71000   35.55935   33.71485    5.47364   28.23386    0.28234    0.10558   -0.23693
   1.74000   35.59804   33.62746    5.46700   27.40203    0.27402    0.09288   -0.20580
   1.77000   35.63626   33.54109    5.46122   26.46824    0.26468    0.08170   -0.17906
   1.80000   35.67405   33.45546    5.45611   25.72319    0.25723    0.07447   -0.16206
   1.83000   35.71144   33.37009    5.45129   25.57716    0.25577    0.07320   -0.15906
   1.86000   35.74839   33.28434    5.44632   26.18588    0.26186    0.07893   -0.17242
   1.89000   35.78482   33.19748    5.44070   27.23934    0.27239    0.09144   -0.20215
   1.92000   35.82058   33.10885    5.43398   28.30937    0.28309    0.10926   -0.24575
   1.95000   35.85550   33.01793    5.42582   29.17229    0.29172    0.13001   -0.29851
   1.98000   35.88937   32.92441    5.41603   29.79126    0.29791    0.15098   -0.35413
   2.01000   35.92199   32.82829    5.40463   30.20320    0.30203    0.16962   -0.40561
   2.04000   35.95319   32.72986    5.39185   30.45507    0.30455    0.18389   -0.44637
   2.07000   35.98289   32.62968    5.37809   30.58355    0.30584    0.19240   -0.47117
   2.10000   36.01106   32.52849    5.36387   30.61220    0.30612    0.19446   -0.47700
   2.13000   36.03780   32.42713    5.34976   30.55325    0.30553    0.19002   -0.46351
   2.16000   36.06327   32.32638    5.33631   30.40999    0.30410    0.17968   -0.43307
   2.19000   36.08771   32.22690    5.32396   30.17954    0.30180    0.16472   -0.39042
   2.22000   36.11134   32.12911    5.31297   29.85816    0.29858    0.14703   -0.34183
   2.25000   36.13436   32.03313    5.30343   29.45295    0.29453    0.12897   -0.29417
   2.28000   36.15692   31.93883    5.29521   29.00360    0.29004    0.11310   -0.25378
   2.31000   36.17905   31.84583    5.28803   28.60332    0.28603    0.10166   -0.22544
   2.34000   36.20074   31.75359    5.28147   28.37745    0.28377    0.09603   -0.21170
   2.37000   36.22187   31.66150    5.27511   28.39421    0.28394    0.09639   -0.21251
   2.40000   36.24232   31.56902    5.26854   28.59990    0.28600    0.10171   -0.22532
   2.43000   36.26195   31.47575    5.26147   28.87408    0.28874    0.11003   -0.24566
   2.46000   36.28063   31.38148    5.25377   29.11991    0.29120    0.11899   -0.26796
   2.49000   36.29829   31.28626    5.24545   29.29153    0.29292    0.12639   -0.28662
   2.52000   36.31495   31.19032    5.23669   29.37681    0.29377    0.13051   -0.29707
   2.55000   36.33067   31.09408    5.22779   29.37684    0.29377    0.13040   -0.29662
   2.58000   36.34559   30.99799    5.21907   29.29535    0.29295    0.12593   -0.28499
   2.61000   36.35987   30.90248    5.21083   29.13688    0.29137    0.11784   -0.26438
   2.64000   36.37366   30.80784    5.20327   28.91305    0.28913    0.10771   -0.23910
   2.67000   36.38708   30.71414    5.19646   28.65815    0.28658    0.09778   -0.21486
   2.70000   36.40015   30.62123    5.19028   28.44771    0.28448    0.09062   -0.19766
   2.73000   36.41279   30.52872    5.18442   28.38596    0.28386    0.08859   -0.19278
   2.76000   36.42482   30.43605    5.17847   28.52753    0.28528    0.09324   -0.20373
   2.79000   36.43597   30.34255    5.17194   28.81222    0.28812    0.10482   -0.23155
   2.82000   36.44592   30.24759    5.16435   29.12416    0.29124    0.12219   -0.27453
   2.85000   36.45432   30.15065    5.15531   29.38557    0.29386    0.14312   -0.32833
   2.88000   36.46086   30.05144    5.14458   29.57438    0.29574    0.16484   -0.38665
   2.91000   36.46530   29.94997    5.13215   29.69796    0.29698    0.18466   -0.44218
   2.94000   36.46753   29.84651    5.11820   29.77152    0.29772    0.20034   -0.48773
   2.97000   36.46756   29.74164    5.10313   29.80930    0.29809    0.21035   -0.51737
   3.00000   36.46556   29.63610    5.08745   29.82250    0.29823    0.21381   -0.52739
   3.03000   36.46184   29.53071    5.07179   29.81970    0.29820    0.21058   -0.51691
   3.06000   36.45680   29.42624    5.05672   29.80772    0.29808    0.20115   -0.48797
   3.09000   36.45087   29.32333    5.04272   29.79257    0.29793    0.18671   -0.44522
   3.12000   36.44443   29.22237    5.03011   29.78000    0.29780    0.16910   -0.39517
   3.15000   36.43774   29.12346    5.01901   29.77549    0.29775    0.15075   -0.34516
   3.18000   36.43093   29.02644    5.00930   29.78264    0.29783    0.13436   -0.30218
   3.21000   36.42396   28.93093    5.00069   29.79961    0.29800    0.12245   -0.27186
   3.24000   36.41663   28.83636    4.99275   29.81620    0.29816    0.11677   -0.25759
   3.27000   36.40865   28.74213    4.98498   29.81817    0.29818    0.11788   -0.26015
   3.30000   36.39966   28.64766    4.97691   29.79814    0.29798    0.12500   -0.27770
   3.33000   36.38932   28.55249    4.96815   29.76025    0.29760    0.13633   -0.30620
   3.36000   36.37735   28.45635    4.95846   29.71454    0.29715    0.14953   -0.34024
   3.39000   36.36358   28.35918    4.94774   29.67037    0.29670    0.16229   -0.37397
   3.42000   36.34794   28.26116    4.93610   29.63443    0.29634    0.17274   -0.40216
   3.45000   36.33051   28.16259    4.92375   29.61125    0.29611    0.17966   -0.42100
   3.48000   36.31146   28.06388    4.91101   29.60401    0.29604    0.18257   -0.42871
   3.51000   36.29103   27.96544    4.89819   29.61478    0.29615    0.18167   -0.42569
   3.54000   36.26945   27.86764    4.88559   29.64382    0.29644    0.17778   -0.41433
   3.57000   36.24695   27.77069    4.87340   29.68808    0.29688    0.17221   -0.39848
   3.60000   36.22364   27.67467    4.86168   29.73931    0.29739    0.16654   -0.38259
   3.63000   36.19953   27.57949    4.85038   29.78366    0.29784    0.16235   -0.37091
   3.66000   36.17450   27.48496    4.83932   29.80489    0.29805    0.16091   -0.36665
   3.69000   36.14837   27.39081    4.82825   29.79155    0.29792    0.16281   -0.37138
   3.72000   36.12088   27.29677    4.81691   29.74345    0.29743    0.16793   -0.38476
   3.75000   36.09177   27.20263    4.80506   29.67163    0.29672    0.17537   -0.40464
   3.78000   36.06086   27.10828    4.79258   29.59263    0.29593    0.18377   -0.42746
   3.81000   36.02804   27.01376    4.77944   29.52238    0.29522    0.19157   -0.44891
   3.84000   35.99334   26.91924    4.76573   29.47342    0.29473    0.19731   -0.46476
   3.87000   35.95693   26.82500    4.75169   29.45517    0.29455    0.19990   -0.47160
   3.90000   35.91909   26.73140    4.73760   29.47517    0.29475    0.19871   -0.46750
   3.93000   35.88016   26.63877    4.72380   29.53991    0.29540    0.19365   -0.45239
   3.96000   35.84052   26.54742    4.71059   29.65440    0.29654    0.18523   -0.42809
   3.99000   35.80049   26.45752    4.69820   29.81940    0.29819    0.17451   -0.39805
   4.02000   35.76030   26.36914    4.68673   30.02557    0.30026    0.16303   -0.36680
   4.05000   35.72001   26.28218    4.67614   30.24509    0.30245    0.15266   -0.33927
   4.08000   35.67953   26.19643    4.66625   30.42700    0.30427    0.14528   -0.32002
   4.11000   35.63861   26.11156    4.65676   30.50865    0.30509    0.14244   -0.31252
   4.14000   35.59686   26.02722    4.64729   30.44813    0.30448    0.14502   -0.31873
   4.17000   35.55382   25.94304    4.63743   30.25309    0.30253    0.15302   -0.33883
   4.20000   35.50900   25.85871    4.62678   29.97405    0.29974    0.16558   -0.37125
   4.23000   35.46194   25.77404    4.61501   29.67080    0.29671    0.18128   -0.41303
   4.26000   35.41228   25.68894    4.60191   29.38658    0.29387    0.19841   -0.46024
   4.29000   35.35975   25.60348    4.58738   29.14322    0.29143    0.21535   -0.50866
   4.32000   35.30423   25.51783    4.57144   28.94738    0.28947    0.23080   -0.55427
   4.35000   35.24574   25.43227    4.55422   28.79795    0.28798    0.24384   -0.59381
   4.38000   35.18442   25.34714    4.53593   28.69078    0.28691    0.25397   -0.62502
   4.41000   35.12049   25.26280    4.51686   28.62105    0.28621    0.26103   -0.64678
   4.44000   35.05426   25.17959    4.49727   28.58417    0.28584    0.26515   -0.65904
   4.47000   34.98603   25.09780    4.47745   28.57607    0.28576    0.26663   -0.66258
   4.50000   34.91613   25.01767    4.45763   28.59319    0.28593    0.26586   -0.65867
   4.53000   34.84486   24.93935    4.43801   28.63247    0.28632    0.26328   -0.64882
   4.56000   34.77248   24.86296    4.41876   28.69145    0.28691    0.25929   -0.63448
   4.59000   34.69922   24.78854    4.39999   28.76817    0.28768    0.25422   -0.61692
   4.62000   34.62526   24.71610    4.38178   28.86103    0.28861    0.24837   -0.59720
   4.65000   34.55076   24.64563    4.36418   28.96816    0.28968    0.24202   -0.57630
   4.68000   34.47584   24.57708    4.34721   29.08633    0.29086    0.23547   -0.55522
   4.71000   34.40056   24.51039    4.33085   29.20930    0.29209    0.22913   -0.53518
   4.74000   34.32493   24.44545    4.31506   29.32609    0.29326    0.22354   -0.51773
   4.77000   34.24889   24.38217    4.29972   29.41993    0.29420    0.21939   -0.50475
   4.80000   34.17226   24.32044    4.28467   29.46958    0.29470    0.21745   -0.49833
   4.83000   34.09477   24.26012    4.26969   29.45424    0.29454    0.21850   -0.50053
   4.86000   34.01606   24.20113    4.25449   29.36133    0.29361    0.22309   -0.51303
   4.89000   33.93569   24.14337    4.23874   29.19312    0.29193    0.23147   -0.53679
   4.92000   33.85318   24.08683    4.22211   28.96750    0.28967    0.24338   -0.57172
   4.95000   33.76804   24.03154    4.20429   28.71167    0.28712    0.25813   -0.61650
   4.98000   33.67988   23.97763    4.18501   28.45332    0.28453    0.27463   -0.66856
   5.01000   33.58841   23.92530    4.16412   28.21421    0.28214    0.29159   -0.72427
   5.04000   33.49349   23.87484    4.14157   28.00814    0.28008    0.30770   -0.77931
   5.07000   33.39524   23.82658    4.11744   27.84211    0.27842    0.32183   -0.82918
   5.10000   33.29391   23.78086    4.09195   27.71848    0.27718    0.33312   -0.86984
   5.13000   33.19000   23.73803    4.06543   27.63686    0.27637    0.34101   -0.89827
   5.16000   33.08410   23.69835    4.03826   27.59527    0.27595    0.34531   -0.91292
   5.19000   32.97688   23.66199    4.01086   27.59053    0.27591    0.34616   -0.91396
   5.22000   32.86897   23.62903    3.98360   27.61781    0.27618    0.34406   -0.90336
   5.25000   32.76091   23.59947    3.95678   27.66983    0.27670    0.33983   -0.88457
   5.28000   32.65307   23.57321    3.93058   27.73587    0.27736    0.33454   -0.86214
   5.31000   32.54560   23.55014    3.90503   27.80139    0.27801    0.32948   -0.84104
   5.34000   32.43845   23.53016    3.88003   27.84931    0.27849    0.32595   -0.82599
   5.37000   32.33137   23.51322    3.85533   27.86342    0.27863    0.32504   -0.82087
   5.40000   32.22397   23.49932    3.83059   27.83328    0.27833    0.32748   -0.82815
   5.43000   32.11578   23.48858    3.80544   27.75801    0.27758    0.33344   -0.84868
   5.46000   32.00635   23.48118    3.77948   27.64628    0.27646    0.34254   -0.88161
   5.49000   31.89529   23.47738    3.75239   27.51266    0.27513    0.35398   -0.92463
   5.52000   31.78239   23.47750    3.72390   27.37253    0.27373    0.36671   -0.97439
   5.55000   31.66758   23.48187    3.69388   27.23837    0.27238    0.37968   -1.02706
   5.58000   31.55100   23.49083    3.66229   27.11824    0.27118    0.39201   -1.07889
   5.61000   31.43294   23.50464    3.62921   27.01600    0.27016    0.40306   -1.12676
   5.64000   31.31384   23.52353    3.59478   26.93230    0.26932    0.41248   -1.16854
   5.67000   31.19419   23.54765    3.55920   26.86561    0.26866    0.42020   -1.20331
   5.70000   31.07452   23.57707    3.52268   26.81308    0.26813    0.42637   -1.23127
   5.73000   30.95534   23.61182    3.48541   26.77124    0.26771    0.43129   -1.25353
   5.76000   30.83708   23.65189    3.44753   26.73654    0.26737    0.43534   -1.27178
   5.79000   30.72011   23.69725    3.40914   26.70587    0.26706    0.43888   -1.28778
   5.82000   30.60474   23.74788    3.37028   26.67699    0.26677    0.44221   -1.30301
   5.85000   30.49122   23.80378    3.33096   26.64877    0.26649    0.44548   -1.31828
   5.88000   30.37981   23.86492    3.29118   26.62130    0.26621    0.44870   -1.33357
   5.91000   30.27079   23.93125    3.25096   26.59563    0.26596    0.45170   -1.34804
   5.94000   30.16446   24.00267    3.21033   26.57342    0.26573    0.45421   -1.36015
   5.97000   30.06116   24.07902    3.16941   26.55649    0.26556    0.45589   -1.36800
   6.00000   29.96129   24.16002    3.12835   26.54645    0.26546    0.45640   -1.36967
   6.03000   29.86523   24.24528    3.08735   26.54445    0.26544    0.45546   -1.36363
   6.06000   29.77335   24.33434    3.04666   26.55100    0.26551    0.45291   -1.34903
   6.09000   29.68595   24.42666    3.00653   26.56600    0.26566    0.44869   -1.32587
   6.12000   29.60325   24.52168    2.96722   26.58866    0.26589    0.44292   -1.29511
   6.15000   29.52537   24.61883    2.92891   26.61761    0.26618    0.43585   -1.25849
   6.18000   29.45232   24.71763    2.89176   26.65096    0.26651    0.42785   -1.21828
   6.21000   29.38401   24.81767    2.85583   26.68647    0.26686    0.41937   -1.17697
   6.24000   29.32028   24.91867    2.82113   26.72181    0.26722    0.41087   -1.13690
   6.27000   29.26092   25.02041    2.78757   26.75492    0.26755    0.40279   -1.09988
   6.30000   29.20572   25.12281    2.75507   26.78437    0.26784    0.39539   -1.06696
   6.33000   29.15447   25.22581    2.72349   26.80965    0.26810    0.38878   -1.03833
   6.36000   29.10698   25.32938    2.69272   26.83126    0.26831    0.38286   -1.01330
   6.39000   29.06311   25.43346    2.66266   26.85052    0.26851    0.37736   -0.99052
   6.42000   29.02272   25.53796    2.63328   26.86923    0.26869    0.37185   -0.96816
   6.45000   28.98574   25.64271    2.60459   26.88927    0.26889    0.36588   -0.94433
   6.48000   28.95206   25.74749    2.57667   26.91221    0.26912    0.35901   -0.91738
   6.51000   28.92159   25.85200    2.54961   26.93915    0.26939    0.35091   -0.88622
   6.54000   28.89421   25.95595    2.52356   26.97052    0.26971    0.34142   -0.85052
   6.57000   28.86975   26.05903    2.49864   27.00608    0.27006    0.33056   -0.81083
   6.60000   28.84806   26.16099    2.47495   27.04482    0.27045    0.31864   -0.76859
   6.63000   28.82891   26.26167    2.45253   27.08494    0.27085    0.30619   -0.72593
   6.66000   28.81211   26.36103    2.43136   27.12385    0.27124    0.29396   -0.68546
   6.69000   28.79746   26.45914    2.41133   27.15839    0.27158    0.28288   -0.64996
   6.72000   28.78478   26.55622    2.39225   27.18533    0.27185    0.27390   -0.62206
   6.75000   28.77393   26.65258    2.37386   27.20223    0.27202    0.26788   -0.60386
   6.78000   28.76484   26.74863    2.35585   27.20841    0.27208    0.26541   -0.59670
   6.81000   28.75747   26.84482    2.33789   27.20546    0.27205    0.26666   -0.60096
   6.84000   28.75186   26.94159    2.31964   27.19677    0.27197    0.27135   -0.61592
   6.87000   28.74809   27.03933    2.30080   27.18637    0.27186    0.27878   -0.63978
   6.90000   28.74628   27.13834    2.28116   27.17761    0.27178    0.28793   -0.66980
   6.93000   28.74657   27.23876    2.26057   27.17245    0.27172    0.29763   -0.70252
   6.96000   28.74913   27.34059    2.23902   27.17132    0.27171    0.30669   -0.73401
   6.99000   28.75407   27.44364    2.21661   27.17347    0.27173    0.31402   -0.76035
   7.02000   28.76147   27.54757    2.19353   27.17733    0.27177    0.31872   -0.77790
   7.05000   28.77132   27.65187    2.17011   27.18075    0.27181    0.32010   -0.78379
   7.08000   28.78356   27.75597    2.14671   27.18122    0.27181    0.31772   -0.77621
   7.11000   28.79799   27.85925    2.12375   27.17587    0.27176    0.31138   -0.75468
   7.14000   28.81437   27.96111    2.10162   27.16153    0.27162    0.30116   -0.72015
   7.17000   28.83240   28.06106    2.08070   27.13483    0.27135    0.28745   -0.67504
   7.20000   28.85175   28.15874    2.06122   27.09267    0.27093    0.27105   -0.62299
   7.23000   28.87213   28.25396    2.04335   27.03323    0.27033    0.25314   -0.56860
   7.26000   28.89332   28.34677    2.02707   26.95807    0.26958    0.23535   -0.51692
   7.29000   28.91518   28.43740    2.01222   26.87497    0.26875    0.21954   -0.47293
   7.32000   28.93769   28.52627    1.99851   26.80016    0.26800    0.20764   -0.44100
   7.35000   28.96093   28.61394    1.98553   26.75592    0.26756    0.20124   -0.42437
   7.38000   28.98512   28.70106    1.97279   26.76134    0.26761    0.20125   -0.42473
   7.41000   29.01052   28.78828    1.95979   26.82113    0.26821    0.20764   -0.44206
   7.44000   29.03746   28.87621    1.94604   26.92313    0.26923    0.21943   -0.47457
   7.47000   29.06629   28.96533    1.93114   27.04665    0.27047    0.23498   -0.51892
   7.50000   29.09734   29.05594    1.91480   27.17263    0.27173    0.25234   -0.57066
   7.53000   29.13088   29.14814    1.89687   27.28837    0.27288    0.26962   -0.62476
   7.56000   29.16711   29.24182    1.87735   27.38730    0.27387    0.28529   -0.67628
   7.59000   29.20614   29.33670    1.85639   27.46688    0.27467    0.29825   -0.72093
   7.62000   29.24795   29.43234    1.83424   27.52677    0.27527    0.30791   -0.75564
   7.65000   29.29245   29.52825    1.81123   27.56774    0.27568    0.31408   -0.77886
   7.68000   29.33946   29.62391    1.78768   27.59129    0.27591    0.31699   -0.79068
   7.71000   29.38876   29.71887    1.76393   27.59968    0.27600    0.31717   -0.79263
   7.74000   29.44014   29.81278    1.74023   27.59614    0.27596    0.31537   -0.78739
   7.77000   29.49341   29.90542    1.71675   27.58498    0.27585    0.31248   -0.77822
   7.80000   29.54846   29.99669    1.69355   27.57136    0.27571    0.30938   -0.76835
   7.83000   29.60522   30.08659    1.67062   27.56051    0.27561    0.30681   -0.76043
   7.86000   29.66374   30.17521    1.64787   27.55645    0.27556    0.30523   -0.75608
   7.89000   29.72406   30.26262    1.62520   27.56069    0.27561    0.30474   -0.75560
   7.92000   29.78627   30.34892    1.60249   27.57161    0.27572    0.30506   -0.75804
   7.95000   29.85039   30.43411    1.57970   27.58472    0.27585    0.30562   -0.76137
   7.98000   29.91640   30.51815    1.55683   27.59369    0.27594    0.30569   -0.76294
   8.01000   29.98418   30.60090    1.53399   27.59154    0.27592    0.30452   -0.76007
   8.04000   30.05351   30.68218    1.51133   27.57170    0.27572    0.30149   -0.75064
   8.07000   30.12411   30.76178    1.48907   27.52874    0.27529    0.29627   -0.73355
   8.10000   30.19565   30.83954    1.46743   27.45923    0.27459    0.28887   -0.70911
   8.13000   30.26779   30.91532    1.44660   27.36297    0.27363    0.27969   -0.67909
   8.16000   30.34029   30.98908    1.42672   27.24487    0.27245    0.26954   -0.64655
   8.19000   30.41302   31.06089    1.40779   27.11712    0.27117    0.25958   -0.61540
   8.22000   30.48597   31.13091    1.38971   27.00018    0.27000    0.25118   -0.58983
   8.25000   30.55934   31.19938    1.37226   26.92018    0.26920    0.24567   -0.57358
   8.28000   30.63344   31.26657    1.35512   26.90091    0.26901    0.24402   -0.56932
   8.31000   30.70870   31.33276    1.33790   26.95336    0.26953    0.24662   -0.57819
   8.34000   30.78560   31.39821    1.32024   27.06981    0.27070    0.25316   -0.59950
   8.37000   30.86460   31.46306    1.30178   27.22759    0.27228    0.26266   -0.63080
   8.40000   30.94605   31.52736    1.28230   27.39896    0.27399    0.27370   -0.66820
   8.43000   31.03017   31.59105    1.26167   27.55992    0.27560    0.28475   -0.70690
   8.46000   31.11699   31.65394    1.23994   27.69385    0.27694    0.29440   -0.74199
   8.49000   31.20634   31.71577    1.21727   27.79115    0.27791    0.30155   -0.76908
   8.52000   31.29788   31.77624    1.19396   27.84723    0.27847    0.30552   -0.78507
   8.55000   31.39116   31.83507    1.17036   27.86077    0.27861    0.30603   -0.78852
   8.58000   31.48565   31.89200    1.14683   27.83294    0.27833    0.30324   -0.77985
   8.61000   31.58086   31.94690    1.12371   27.76756    0.27768    0.29771   -0.76125
   8.64000   31.67638   31.99968    1.10125   27.67205    0.27672    0.29031   -0.73621
   8.67000   31.77194   32.05039    1.07957   27.55853    0.27559    0.28217   -0.70901
   8.70000   31.86747   32.09909    1.05868   27.44396    0.27444    0.27450   -0.68389
   8.73000   31.96305   32.14592    1.03846   27.34810    0.27348    0.26841   -0.66448
   8.76000   32.05890   32.19101    1.01869   27.28860    0.27289    0.26467   -0.65312
   8.79000   32.15533   32.23447    0.99913   27.27505    0.27275    0.26359   -0.65065
   8.82000   32.25267   32.27636    0.97953   27.30530    0.27305    0.26495   -0.65628
   8.85000   32.35119   32.31671    0.95967   27.36665    0.27367    0.26805   -0.66785
   8.88000   32.45108   32.35548    0.93942   27.44088    0.27441    0.27195   -0.68228
   8.91000   32.55236   32.39262    0.91874   27.50981    0.27510    0.27564   -0.69617
   8.94000   32.65495   32.42803    0.89770   27.55894    0.27559    0.27824   -0.70646
   8.97000   32.75862   32.46164    0.87644   27.57886    0.27579    0.27915   -0.71093
   9.00000   32.86307   32.49339    0.85515   27.56535    0.27565    0.27811   -0.70861
   9.03000   32.96799   32.52325    0.83402   27.51915    0.27519    0.27525   -0.69989
   9.06000   33.07309   32.55124    0.81322   27.44598    0.27446    0.27099   -0.68643
   9.09000   33.17818   32.57740    0.79287   27.35657    0.27357    0.26605   -0.67073
   9.12000   33.28319   32.60178    0.77297   27.26590    0.27266    0.26126   -0.65567
   9.15000   33.38815   32.62443    0.75348   27.19090    0.27191    0.25743   -0.64393
   9.18000   33.49321   32.64538    0.73426   27.14626    0.27146    0.25517   -0.63745
   9.21000   33.59859   32.66463    0.71514   27.13967    0.27140    0.25473   -0.63705
   9.24000   33.70450   32.68215    0.69595   27.16881    0.27169    0.25599   -0.64227
   9.27000   33.81113   32.69790    0.67654   27.22203    0.27222    0.25842   -0.65143
   9.30000   33.91855   32.71180    0.65684   27.28196    0.27282    0.26122   -0.66195
   9.33000   34.02674   32.72382    0.63685   27.33009    0.27330    0.26350   -0.67080
   9.36000   34.13553   32.73392    0.61666   27.34990    0.27350    0.26441   -0.67504
   9.39000   34.24464   32.74213    0.59645   27.32828    0.27328    0.26330   -0.67231
   9.42000   34.35373   32.74850    0.57645   27.25563    0.27256    0.25975   -0.66131
   9.45000   34.46240   32.75317    0.55690   27.12556    0.27126    0.25369   -0.64192
   9.48000   34.57031   32.75628    0.53804   26.93505    0.26935    0.24535   -0.61523
   9.51000   34.67717   32.75801    0.52007   26.68523    0.26685    0.23523   -0.58331
   9.54000   34.78279   32.75854    0.50308   26.38286    0.26383    0.22407   -0.54882
   9.57000   34.88710   32.75802    0.48713   26.04162    0.26042    0.21269   -0.51451
   9.60000   34.99017   32.75655    0.47217   25.68190    0.25682    0.20190   -0.48275
   9.63000   35.09210   32.75421    0.45811   25.32760    0.25328    0.19229   -0.45515
   9.66000   35.19307   32.75103    0.44479   24.99940    0.24999    0.18418   -0.43234
   9.69000   35.29326   32.74704    0.43210   24.70702    0.24707    0.17751   -0.41395
   9.72000   35.39282   32.74223    0.41991   24.44448    0.24444    0.17193   -0.39878
   9.75000   35.49183   32.73663    0.40815   24.19095    0.24191    0.16686   -0.38519
   9.78000   35.59031   32.73026    0.39680   23.91651    0.23917    0.16171   -0.37147
   9.81000   35.68824   32.72320    0.38588   23.58986    0.23590    0.15597   -0.35632
   9.84000   35.78553   32.71551    0.37545   23.18582    0.23186    0.14941   -0.33915
   9.87000   35.88212   32.70728    0.36556   22.69326    0.22693    0.14211   -0.32028
   9.90000   35.97796   32.69861    0.35624   22.12502    0.22125    0.13453   -0.30094
   9.93000   36.07307   32.68953    0.34748   21.52970    0.21530    0.12740   -0.28303
   9.96000   36.16755   32.68005    0.33920   20.99847    0.20998    0.12165   -0.26879
   9.99000   36.26157   32.67013    0.33127   20.65207    0.20652    0.11818   -0.26032
  10.02000   36.35540   32.65966    0.32347   20.59610    0.20596    0.11765   -0.25916
  10.05000   36.44931   32.64850    0.31560   20.86283    0.20863    0.12031   -0.26593
  10.08000   36.54358   32.63646    0.30741   21.38788    0.21388    0.12590   -0.28012
  10.11000   36.63847   32.62339    0.29870   22.04579    0.22046    0.13369   -0.30011
  10.14000   36.73411   32.60911    0.28935   22.71002    0.22710    0.14261   -0.32343
  10.17000   36.83056   32.59351    0.27929   23.29082    0.23291    0.15145   -0.34704
  10.20000   36.92775   32.57656    0.26857   23.74032    0.23740    0.15909   -0.36791
  10.23000   37.02551   32.55826    0.25730   24.04083    0.24041    0.16467   -0.38348
  10.26000   37.12359   32.53870    0.24567   24.19166    0.24192    0.16765   -0.39203
  10.29000   37.22170   32.51802    0.23389   24.20070    0.24201    0.16788   -0.39298
  10.32000   37.31957   32.49638    0.22219   24.08125    0.24081    0.16559   -0.38693
  10.35000   37.41697   32.47394    0.21076   23.85282    0.23853    0.16132   -0.37548
  10.38000   37.51374   32.45084    0.19971   23.54394    0.23544    0.15587   -0.36089
  10.41000   37.60982   32.42718    0.18911   23.19397    0.23194    0.15011   -0.34562
  10.44000   37.70524   32.40299    0.17895   22.85026    0.22850    0.14484   -0.33182
  10.47000   37.80006   32.37827    0.16916   22.55765    0.22558    0.14064   -0.32095
  10.50000   37.89441   32.35296    0.15964   22.34253    0.22343    0.13771   -0.31347
  10.53000   37.98839   32.32702    0.15031   22.19992    0.22200    0.13584   -0.30880
  10.56000   38.08206   32.30040    0.14110   22.09217    0.22092    0.13447   -0.30542
  10.59000   38.17544   32.27312    0.13200   21.95858    0.21959    0.13280   -0.30127
  10.62000   38.26846   32.24523    0.12307   21.72754    0.21728    0.12998   -0.29414
  10.65000   38.36099   32.21687    0.11442   21.32297    0.21323    0.12527   -0.28225
  10.68000   38.45286   32.18822    0.10622   20.66297    0.20663    0.11825   -0.26463
  10.71000   38.54390   32.15947    0.09862   19.65452    0.19655    0.10890   -0.24147
  10.74000   38.63397   32.13085    0.09179   18.19249    0.18192    0.09766   -0.21418
  10.77000   38.72300   32.10249    0.08580   16.18208    0.16182    0.08550   -0.18531
  10.80000   38.81102   32.07448    0.08065   13.62630    0.13626    0.07380   -0.15816
  10.83000   38.89816   32.04678    0.07623   10.83207    0.10832    0.06418   -0.13630
  10.86000   38.98465   32.01927    0.07234    8.64931    0.08649    0.05825   -0.12302
  10.89000   39.07083   31.99168    0.06868    8.22731    0.08227    0.05723   -0.12078
  10.92000   39.15705   31.96370    0.06491    9.95940    0.09959    0.06170   -0.13081
  10.95000   39.24371   31.93493    0.06065   12.97624    0.12976    0.07142   -0.15290
  10.98000   39.33113   31.90502    0.05558   16.10641    0.16106    0.08540   -0.18541
  11.01000   39.41956   31.87359    0.04941   18.72112    0.18721    0.10212   -0.22554
  11.04000   39.50915   31.84039    0.04199   20.69572    0.20696    0.11987   -0.26973
  11.07000   39.59991   31.80521    0.03323   22.11819    0.22118    0.13709   -0.31424
  11.10000   39.69172   31.76796    0.02318   23.11742    0.23117    0.15254   -0.35566
  11.13000   39.78439   31.72866    0.01197   23.80515    0.23805    0.16543   -0.39138
  11.16000   39.87765   31.68739   -0.00020   24.26659    0.24267    0.17544   -0.41993
  11.19000   39.97123   31.64428   -0.01311   24.56541    0.24565    0.18266   -0.44102
  11.22000   40.06485   31.59948   -0.02656   24.75066    0.24751    0.18751   -0.45549
  11.25000   40.15831   31.55312   -0.04037   24.86198    0.24862    0.19061   -0.46495
  11.28000   40.25146   31.50532   -0.05441   24.93216    0.24932    0.19268   -0.47138
  11.31000   40.34419   31.45612   -0.06863   24.98717    0.24987    0.19437   -0.47672
  11.34000   40.43648   31.40551   -0.08302   25.04450    0.25044    0.19617   -0.48241
  11.37000   40.52831   31.35346   -0.09759   25.11156    0.25112    0.19830   -0.48914
  11.40000   40.61967   31.29992   -0.11238   25.18579    0.25186    0.20072   -0.49676
  11.43000   40.71053   31.24486   -0.12740   25.25709    0.25257    0.20312   -0.50438
  11.46000   40.80084   31.18829   -0.14262   25.31161    0.25312    0.20505   -0.51057
  11.49000   40.89050   31.13027   -0.15799   25.33544    0.25335    0.20600   -0.51377
  11.52000   40.97941   31.07093   -0.17338   25.31711    0.25317    0.20555   -0.51264
  11.55000   41.06741   31.01045   -0.18867   25.24905    0.25249    0.20344   -0.50640
  11.58000   41.15440   30.94905   -0.20369   25.12833    0.25128    0.19965   -0.49506
  11.61000   41.24027   30.88693   -0.21831   24.95759    0.24958    0.19443   -0.47948
  11.64000   41.32496   30.82428   -0.23242   24.74623    0.24746    0.18825   -0.46122
  11.67000   41.40847   30.76122   -0.24597   24.51139    0.24511    0.18176   -0.44229
  11.70000   41.49084   30.69781   -0.25898   24.27757    0.24278    0.17569   -0.42480
  11.73000   41.57215   30.63400   -0.27151   24.07297    0.24073    0.17067   -0.41054
  11.76000   41.65251   30.56971   -0.28368   23.92234    0.23922    0.16716   -0.40068
  11.79000   41.73201   30.50480   -0.29562   23.83838    0.23838    0.16530   -0.39552
  11.82000   41.81075   30.43911   -0.30747   23.81658    0.23817    0.16490   -0.39449
  11.85000   41.88878   30.37254   -0.31933   23.83678    0.23837    0.16548   -0.39623
  11.88000   41.96613   30.30500   -0.33126   23.87023    0.23870    0.16639   -0.39889
  11.91000   42.04277   30.23651   -0.34325   23.88780    0.23888    0.16692   -0.40050
  11.94000   42.11865   30.16714   -0.35525   23.86562    0.23866    0.16649   -0.39934
  11.97000   42.19372   30.09705   -0.36715   23.78753    0.23788    0.16469   -0.39432
  12.00000   42.26790   30.02639   -0.37884   23.64577    0.23646    0.16140   -0.38515
  12.03000   42.34115   29.95536   -0.39021   23.44153    0.23442    0.15680   -0.37240
  12.06000   42.41344   29.88412   -0.40115   23.18607    0.23186    0.15134   -0.35739
  12.09000   42.48479   29.81275   -0.41164   22.90193    0.22902    0.14563   -0.34190
  12.12000   42.55524   29.74129   -0.42169   22.62206    0.22622    0.14037   -0.32778
  12.15000   42.62484   29.66968   -0.43135   22.38413    0.22384    0.13617   -0.31661
  12.18000   42.69367   29.59782   -0.44074   22.21941    0.22219    0.13340   -0.30931
  12.21000   42.76180   29.52557   -0.44997   22.14031    0.22140    0.13214   -0.30600
  12.24000   42.82928   29.45279   -0.45915   22.13441    0.22134    0.13210   -0.30593
  12.27000   42.89614   29.37939   -0.46836   22.16917    0.22169    0.13276   -0.30768
  12.30000   42.96239   29.30533   -0.47761   22.20386    0.22204    0.13343   -0.30946
  12.33000   43.02799   29.23065   -0.48690   22.20116    0.22201    0.13345   -0.30952
  12.36000   43.09291   29.15545   -0.49614   22.13439    0.22134    0.13234   -0.30660
  12.39000   43.15713   29.07989   -0.50524   21.99137    0.21991    0.12993   -0.30027
  12.42000   43.22061   29.00409   -0.51411   21.77807    0.21778    0.12643   -0.29114
  12.45000   43.28336   28.92817   -0.52269   21.52439    0.21524    0.12246   -0.28087
  12.48000   43.34540   28.85215   -0.53099   21.28969    0.21290    0.11898   -0.27192
  12.51000   43.40677   28.77593   -0.53907   21.15901    0.21159    0.11713   -0.26719
  12.54000   43.46754   28.69930   -0.54712   21.21734    0.21217    0.11803   -0.26947
  12.57000   43.52777   28.62191   -0.55538   21.50445    0.21504    0.12248   -0.28089
  12.60000   43.58751   28.54334   -0.56413   21.98446    0.21984    0.13076   -0.30242
  12.63000   43.64678   28.46315   -0.57367   22.56376    0.22564    0.14249   -0.33354
  12.66000   43.70555   28.38092   -0.58425   23.14161    0.23142    0.15666   -0.37217
  12.69000   43.76373   28.29636   -0.59606   23.64776    0.23648    0.17182   -0.41483
  12.72000   43.82118   28.20932   -0.60914   24.04907    0.24049    0.18634   -0.45703
  12.75000   43.87773   28.11987   -0.62340   24.33803    0.24338    0.19867   -0.49388
  12.78000   43.93316   28.02828   -0.63862   24.51919    0.24519    0.20747   -0.52080
  12.81000   43.98730   27.93502   -0.65444   24.59975    0.24600    0.21180   -0.53416
  12.84000   44.04000   27.84072   -0.67043   24.58454    0.24585    0.21111   -0.53185
  12.87000   44.09118   27.74608   -0.68611   24.47352    0.24474    0.20527   -0.51357
  12.90000   44.14085   27.65179   -0.70103   24.26056    0.24261    0.19461   -0.48093
  12.93000   44.18908   27.55848   -0.71480   23.93322    0.23933    0.17985   -0.43717
  12.96000   44.23601   27.46659   -0.72716   23.47390    0.23474    0.16220   -0.38670
  12.99000   44.28180   27.37640   -0.73798   22.86488    0.22865    0.14318   -0.33450
  13.02000   44.32663   27.28795   -0.74728   22.10136    0.22101    0.12454   -0.28537
  13.05000   44.37068   27.20109   -0.75521   21.21665    0.21217    0.10800   -0.24335
  13.08000   44.41407   27.11552   -0.76203   20.31282    0.20313    0.09495   -0.21117
  13.11000   44.45690   27.03083   -0.76805   19.56209    0.19562    0.08620   -0.19006
  13.14000   44.49926   26.94659   -0.77359   19.13406    0.19134    0.08186   -0.17971
  13.17000   44.54115   26.86238   -0.77897   19.08301    0.19083    0.08138   -0.17854
  13.20000   44.58258   26.77786   -0.78441   19.31815    0.19318    0.08374   -0.18412
  13.23000   44.62354   26.69281   -0.79007   19.68711    0.19687    0.08778   -0.19371
  13.26000   44.66399   26.60709   -0.79605   20.06697    0.20067    0.09241   -0.20482
  13.29000   44.70390   26.52068   -0.80236   20.39473    0.20395    0.09688   -0.21561
  13.32000   44.74323   26.43359   -0.80897   20.65622    0.20656    0.10082   -0.22519
  13.35000   44.78195   26.34587   -0.81585   20.86688    0.20867    0.10428   -0.23366
  13.38000   44.82003   26.25755   -0.82299   21.05632    0.21056    0.10764   -0.24196
  13.41000   44.85744   26.16859   -0.83039   21.25616    0.21256    0.11150   -0.25151
  13.44000   44.89414   26.07890   -0.83812   21.48885    0.21489    0.11642   -0.26384
  13.47000   44.93007   25.98834   -0.84628   21.75944    0.21759    0.12283   -0.28008
  13.50000   44.96517   25.89673   -0.85499   22.05459    0.22055    0.13082   -0.30064
  13.53000   44.99933   25.80386   -0.86437   22.34975    0.22350    0.14011   -0.32497
  13.56000   45.03247   25.70962   -0.87452   22.61976    0.22620    0.15008   -0.35157
  13.59000   45.06447   25.61393   -0.88547   22.84623    0.22846    0.15984   -0.37816
  13.62000   45.09523   25.51686   -0.89717   23.01949    0.23019    0.16845   -0.40201
  13.65000   45.12468   25.41856   -0.90951   23.13685    0.23137    0.17502   -0.42042
  13.68000   45.15278   25.31933   -0.92228   23.19978    0.23200    0.17887   -0.43121
  13.71000   45.17953   25.21952   -0.93524   23.21166    0.23212    0.17960   -0.43309
  13.74000   45.20499   25.11953   -0.94813   23.17662    0.23177    0.17720   -0.42591
  13.77000   45.22923   25.01975   -0.96068   23.09946    0.23099    0.17198   -0.41079
  13.80000   45.25237   24.92047   -0.97269   22.98672    0.22987    0.16464   -0.38994
  13.83000   45.27452   24.82192   -0.98403   22.84846    0.22848    0.15616   -0.36631
  13.86000   45.29578   24.72414   -0.99468   22.70036    0.22700    0.14770   -0.34320
  13.89000   45.31621   24.62709   -1.00468   22.56423    0.22564    0.14043   -0.32368
  13.92000   45.33584   24.53056   -1.01419   22.46438    0.22464    0.13534   -0.31016
  13.95000   45.35464   24.43431   -1.02340   22.41925    0.22419    0.13304   -0.30399
  13.98000   45.37256   24.33803   -1.03254   22.43229    0.22432    0.13360   -0.30530
  14.01000   45.38951   24.24144   -1.04181   22.49006    0.22490    0.13659   -0.31294
  14.04000   45.40540   24.14434   -1.05138   22.56935    0.22569    0.14115   -0.32472
  14.07000   45.42016   24.04663   -1.06132   22.64722    0.22647    0.14614   -0.33776
  14.10000   45.43375   23.94833   -1.07161   22.70704    0.22707    0.15038   -0.34887
  14.13000   45.44616   23.84958   -1.08217   22.73912    0.22739    0.15278   -0.35510
  14.16000   45.45745   23.75066   -1.09281   22.73851    0.22739    0.15250   -0.35411
  14.19000   45.46773   23.65189   -1.10329   22.70226    0.22702    0.14898   -0.34444
  14.22000   45.47716   23.55365   -1.11334   22.62707    0.22627    0.14202   -0.32575
  14.25000   45.48594   23.45630   -1.12271   22.50723    0.22507    0.13170   -0.29871
  14.28000   45.49427   23.36013   -1.13116   22.33246    0.22332    0.11846   -0.26493
  14.31000   45.50237   23.26539   -1.13854   22.08474    0.22085    0.10299   -0.22668
  14.34000   45.51041   23.17219   -1.14474   21.73299    0.21733    0.08620   -0.18656
  14.37000   45.51854   23.08057   -1.14974   21.22356    0.21224    0.06916   -0.14721
  14.40000   45.52684   22.99043   -1.15362   20.46383    0.20464    0.05299   -0.11105
  14.43000   45.53538   22.90162   -1.15648   19.29881    0.19299    0.03871   -0.08006
  14.46000   45.54414   22.81389   -1.15852   17.50950    0.17509    0.02722   -0.05570
  14.49000   45.55307   22.72698   -1.15994   14.99958    0.15000    0.01913   -0.03886
  14.52000   45.56211   22.64058   -1.16097   12.54996    0.12550    0.01480   -0.02994
  14.55000   45.57114   22.55437   -1.16185   12.14990    0.12150    0.01426   -0.02884
  14.58000   45.58005   22.46805   -1.16281   14.09922    0.14099    0.01731   -0.03509
  14.61000   45.58869   22.38136   -1.16406   16.47683    0.16477    0.02350   -0.04791
  14.64000   45.59695   22.29404   -1.16577   18.25036    0.18250    0.03221   -0.06616
  14.67000   45.60468   22.20592   -1.16809   19.40234    0.19402    0.04266   -0.08845
  14.70000   45.61178   22.11688   -1.17111   20.12934    0.20129    0.05398   -0.11310
  14.73000   45.61813   22.02685   -1.17488   20.58787    0.20588    0.06527   -0.13815
  14.76000   45.62368   21.93586   -1.17937   20.87573    0.20876    0.07558   -0.16151
  14.79000   45.62840   21.84405   -1.18451   21.05115    0.21051    0.08405   -0.18100
  14.82000   45.63232   21.75159   -1.19015   21.14858    0.21149    0.08990   -0.19464
  14.85000   45.63550   21.65876   -1.19608   21.18822    0.21188    0.09255   -0.20080
  14.88000   45.63806   21.56587   -1.20207   21.18098    0.21181    0.09162   -0.19852
  14.91000   45.64017   21.47327   -1.20786   21.13084    0.21131    0.08702   -0.18762
  14.94000   45.64201   21.38126   -1.21321   21.03509    0.21035    0.07900   -0.16894
  14.97000   45.64377   21.29011   -1.21791   20.88255    0.20883    0.06817   -0.14423
  15.00000   45.64561   21.20000   -1.22181   20.64894    0.20649    0.05557   -0.11614
  15.03000   45.64765   21.11100   -1.22487   20.28871    0.20289    0.04256   -0.08786
  15.06000   45.64995   21.02303   -1.22713   19.73039    0.19730    0.03074   -0.06278
  15.09000   45.65249   20.93591   -1.22873   18.93268    0.18933    0.02173   -0.04401
  15.12000   45.65518   20.84935   -1.22990   18.17248    0.18172    0.01686   -0.03399
  15.15000   45.65786   20.76298   -1.23092   18.18302    0.18183    0.01689   -0.03405
  15.18000   45.66034   20.67642   -1.23210   18.91672    0.18917    0.02183   -0.04420
  15.21000   45.66242   20.58932   -1.23371   19.62599    0.19626    0.03090   -0.06307
  15.24000   45.66390   20.50138   -1.23597   20.07330    0.20073    0.04267   -0.08802
  15.27000   45.66462   20.41246   -1.23903   20.32297    0.20323    0.05536   -0.11553
  15.30000   45.66449   20.32253   -1.24288   20.45558    0.20456    0.06713   -0.14161
  15.33000   45.66351   20.23175   -1.24744   20.52140    0.20521    0.07634   -0.16241
  15.36000   45.66173   20.14037   -1.25250   20.54923    0.20549    0.08176   -0.17476
  15.39000   45.65931   20.04878   -1.25777   20.55630    0.20556    0.08259   -0.17660
  15.42000   45.65647   19.95737   -1.26293   20.55447    0.20554    0.07858   -0.16732
  15.45000   45.65345   19.86655   -1.26766   20.55440    0.20554    0.07003   -0.14783
  15.48000   45.65049   19.77666   -1.27168   20.57004    0.20570    0.05773   -0.12043
  15.51000   45.64780   19.68792   -1.27482   20.62828    0.20628    0.04301   -0.08848
  15.54000   45.64555   19.60041   -1.27698   20.80252    0.20803    0.02757   -0.05591
  15.57000   45.64378   19.51408   -1.27822   21.40892    0.21409    0.01334   -0.02670
  15.60000   45.64248   19.42872   -1.27869   27.89813    0.27898    0.00216   -0.00429
  15.63000   45.64153   19.34402   -1.27862   16.29395    0.16294    0.00448    0.00883
  15.66000   45.64076   19.25961   -1.27831   17.14021    0.17140    0.00581    0.01143
  15.69000   45.63996   19.17511   -1.27809   11.11955    0.11120    0.00182    0.00360
  15.72000   45.63891   19.09014   -1.27823   22.19202    0.22192    0.00669   -0.01330
  15.75000   45.63739   19.00442   -1.27899   20.62954    0.20630    0.01840   -0.03699
  15.78000   45.63522   18.91775   -1.28051   20.22000    0.20220    0.03174   -0.06458
  15.81000   45.63229   18.83005   -1.28288   20.02737    0.20027    0.04519   -0.09308
  15.84000   45.62852   18.74135   -1.28607   19.91261    0.19913    0.05749   -0.11976
  15.87000   45.62388   18.65178   -1.29000   19.83664    0.19837    0.06777   -0.14249
  15.90000   45.61841   18.56151   -1.29454   19.78533    0.19785    0.07553   -0.15994
  15.93000   45.61218   18.47077   -1.29951   19.75305    0.19753    0.08067   -0.17160
  15.96000   45.60526   18.37977   -1.30475   19.73761    0.19738    0.08334   -0.17765
  15.99000   45.59775   18.28872   -1.31010   19.73834    0.19738    0.08388   -0.17881
  16.02000   45.58975   18.19778   -1.31542   19.75541    0.19755    0.08270   -0.17603
  16.05000   45.58134   18.10708   -1.32061   19.78972    0.19790    0.08021   -0.17023
  16.08000   45.57260   18.01672   -1.32560   19.84356    0.19844    0.07669   -0.16214
  16.11000   45.56360   17.92677   -1.33031   19.92193    0.19922    0.07230   -0.15215
  16.14000   45.55442   17.83729   -1.33470   20.03498    0.20035    0.06703   -0.14030
  16.17000   45.54515   17.74834   -1.33870   20.20219    0.20202    0.06077   -0.12641
  16.20000   45.53586   17.66001   -1.34225   20.46065    0.20461    0.05338   -0.11023
  16.23000   45.52668   17.57236   -1.34528   20.88478    0.20885    0.04476   -0.09166
  16.26000   45.51770   17.48546   -1.34772   21.64272    0.21643    0.03496   -0.07094
  16.29000   45.50903   17.39936   -1.34951   23.20368    0.23204    0.02426   -0.04875
  16.32000   45.50076   17.31409   -1.35064   27.52890    0.27529    0.01323   -0.02630
  16.35000   45.49292   17.22961   -1.35111   65.46722    0.65467    0.00267   -0.00526
  16.38000   45.48553   17.14582   -1.35100   -2.06104   -0.02061    0.00637    0.01246
  16.41000   45.47852   17.06257   -1.35045    7.88897    0.07889    0.01278    0.02484
  16.44000   45.47179   16.97962   -1.34962    9.62897    0.09629    0.01552    0.03011
  16.47000   45.46515   16.89670   -1.34877    8.68517    0.08685    0.01387    0.02695
  16.50000   45.45839   16.81349   -1.34814    1.26467    0.01265    0.00754    0.01473
  16.53000   45.45128   16.72968   -1.34801   55.24272    0.55243    0.00323   -0.00637
  16.56000   45.44356   16.64497   -1.34864   24.28278    0.24283    0.01768   -0.03532
  16.59000   45.43498   16.55914   -1.35022   20.85332    0.20853    0.03469   -0.07035
  16.62000   45.42533   16.47203   -1.35292   19.59733    0.19597    0.05290   -0.10908
  16.65000   45.41445   16.38358   -1.35678   18.96767    0.18968    0.07095   -0.14877
  16.68000   45.40223   16.29384   -1.36181   18.60135    0.18601    0.08760   -0.18656
  16.71000   45.38863   16.20295   -1.36791   18.37210    0.18372    0.10181   -0.21978
  16.74000   45.37366   16.11116   -1.37490   18.22678    0.18227    0.11285   -0.24615
  16.77000   45.35745   16.01877   -1.38255   18.14131    0.18141    0.12020   -0.26397
  16.80000   45.34014   15.92612   -1.39059   18.10556    0.18106    0.12365   -0.27230
  16.83000   45.32196   15.83357   -1.39874   18.11765    0.18118    0.12320   -0.27098
  16.86000   45.30313   15.74144   -1.40672   18.18176    0.18182    0.11909   -0.26066
  16.89000   45.28391   15.65001   -1.41427   18.30740    0.18307    0.11181   -0.24276
  16.92000   45.26453   15.55949   -1.42120   18.50894    0.18509    0.10209   -0.21937
  16.95000   45.24517   15.47000   -1.42739   18.80320    0.18803    0.09092   -0.19311
  16.98000   45.22595   15.38157   -1.43279   19.20076    0.19201    0.07952   -0.16693
  17.01000   45.20691   15.29411   -1.43745   19.68278    0.19683    0.06926   -0.14391
  17.04000   45.18800   15.20744   -1.44152   20.16017    0.20160    0.06160   -0.12700
  17.07000   45.16907   15.12130   -1.44520   20.45229    0.20452    0.05780   -0.11871
  17.10000   45.14989   15.03538   -1.44879   20.37859    0.20379    0.05881   -0.12084
  17.13000   45.13017   14.94930   -1.45262   19.93583    0.19936    0.06497   -0.13425
  17.16000   45.10955   14.86271   -1.45701   19.30708    0.19307    0.07600   -0.15863
  17.19000   45.08770   14.77532   -1.46228   18.68372    0.18684    0.09091   -0.19244
  17.22000   45.06428   14.68689   -1.46866   18.16116    0.18161    0.10823   -0.23293
  17.25000   45.03904   14.59733   -1.47630   17.75861    0.17759    0.12618   -0.27637
  17.28000   45.01181   14.50667   -1.48522   17.46413    0.17464    0.14295   -0.31834
  17.31000   44.98257   14.41513   -1.49531   17.26047    0.17260    0.15691   -0.35427
  17.34000   44.95143   14.32303   -1.50632   17.13473    0.17135    0.16670   -0.37997
  17.37000   44.91864   14.23080   -1.51791   17.08097    0.17081    0.17139   -0.39222
  17.40000   44.88457   14.13895   -1.52963   17.10095    0.17101    0.17046   -0.38923
  17.43000   44.84971   14.04794   -1.54103   17.20492    0.17205    0.16386   -0.37108
  17.46000   44.81452   13.95819   -1.55170   17.41295    0.17413    0.15210   -0.33976
  17.49000   44.77948   13.87001   -1.56128   17.75583    0.17756    0.13631   -0.29915
  17.52000   44.74491   13.78351   -1.56958   18.27065    0.18271    0.11827   -0.25454
  17.55000   44.71098   13.69866   -1.57658   18.97636    0.18976    0.10042   -0.21211
  17.58000   44.67767   13.61523   -1.58244   19.80100    0.19801    0.08560   -0.17805
  17.61000   44.64472   13.53283   -1.58748   20.47022    0.20470    0.07659   -0.15784
  17.64000   44.61170   13.45099   -1.59217   20.56781    0.20568    0.07553   -0.15542
  17.67000   44.57803   13.36914   -1.59709   19.96395    0.19964    0.08331   -0.17263
  17.70000   44.54306   13.28677   -1.60282   18.99945    0.18999    0.09929   -0.20892
  17.73000   44.50611   13.20343   -1.60987   18.06235    0.18062    0.12155   -0.26138
  17.76000   44.46659   13.11882   -1.61867   17.31582    0.17316    0.14730   -0.32512
  17.79000   44.42406   13.03287   -1.62946   16.76829    0.16768    0.17366   -0.39394
  17.82000   44.37822   12.94568   -1.64228   16.38090    0.16381    0.19808   -0.46118
  17.85000   44.32903   12.85758   -1.65701   16.11397    0.16114    0.21870   -0.52066
  17.88000   44.27663   12.76902   -1.67333   15.93799    0.15938    0.23440   -0.56759
  17.91000   44.22132   12.68055   -1.69084   15.83292    0.15833    0.24478   -0.59913
  17.94000   44.16355   12.59271   -1.70904   15.78506    0.15785    0.25005   -0.61483
  17.97000   44.10380   12.50597   -1.72751   15.78374    0.15784    0.25094   -0.61652
  18.00000   44.04250   12.42067   -1.74588   15.81809    0.15818    0.24864   -0.60798
  18.03000   43.97998   12.33700   -1.76392   15.87418    0.15874    0.24467   -0.59424
  18.06000   43.91641   12.25503   -1.78154   15.93342    0.15933    0.24070   -0.58072
  18.09000   43.85175   12.17466   -1.79884   15.97394    0.15974    0.23834   -0.57232
  18.12000   43.78580   12.09574   -1.81601   15.97605    0.15976    0.23879   -0.57266
  18.15000   43.71824   12.01810   -1.83335   15.92967    0.15930    0.24263   -0.58353
  18.18000   43.64865   11.94159   -1.85118   15.83865    0.15839    0.24973   -0.60470
  18.21000   43.57667   11.86613   -1.86976   15.71824    0.15718    0.25927   -0.63407
  18.24000   43.50199   11.79173   -1.88929   15.58803    0.15588    0.27007   -0.66816
  18.27000   43.42444   11.71852   -1.90986   15.46528    0.15465    0.28081   -0.70287
  18.30000   43.34402   11.64671   -1.93141   15.36170    0.15362    0.29038   -0.73430
  18.33000   43.26087   11.57654   -1.95382   15.28304    0.15283    0.29803   -0.75956
  18.36000   43.17525   11.50830   -1.97688   15.22984    0.15230    0.30351   -0.77735
  18.39000   43.08744   11.44222   -2.00036   15.19810    0.15198    0.30705   -0.78828
  18.42000   42.99772   11.37849   -2.02411   15.17966    0.15180    0.30936   -0.79476
  18.45000   42.90622   11.31721   -2.04804   15.16272    0.15163    0.31149   -0.80061
  18.48000   42.81293   11.25845   -2.07220   15.13346    0.15133    0.31468   -0.81035
  18.51000   42.71766   11.20222   -2.09678   15.07936    0.15079    0.32006   -0.82829
  18.54000   42.62002   11.14856   -2.12207   14.99336    0.14993    0.32841   -0.85769
  18.57000   42.51954   11.09754   -2.14844   14.87687    0.14877    0.33992   -0.90005
  18.60000   42.41567   11.04936   -2.17626   14.73920    0.14739    0.35413   -0.95466
  18.63000   42.30799   11.00427   -2.20586   14.59398    0.14594    0.37002   -1.01858
  18.66000   42.19621   10.96267   -2.23744   14.45474    0.14455    0.38627   -1.08698
  18.69000   42.08030   10.92503   -2.27105   14.33200    0.14332    0.40151   -1.15383
  18.72000   41.96055   10.89185   -2.30655   14.23251    0.14233    0.41454   -1.21289
  18.75000   41.83754   10.86361   -2.34363   14.15968    0.14160    0.42450   -1.25867
  18.78000   41.71208   10.84066   -2.38182   14.11445    0.14114    0.43090   -1.28741
  18.81000   41.58515   10.82323   -2.42059   14.09590    0.14096    0.43367   -1.29771
  18.84000   41.45773   10.81136   -2.45942   14.10142    0.14101    0.43311   -1.29086
  18.87000   41.33071   10.80495   -2.49785   14.12637    0.14126    0.42993   -1.27072
  18.90000   41.20475   10.80378   -2.53555   14.16356    0.14164    0.42518   -1.24315
  18.93000   41.08021   10.80762   -2.57243   14.20303    0.14203    0.42020   -1.21515
  18.96000   40.95713   10.81627   -2.60856   14.23280    0.14233    0.41646   -1.19381
  18.99000   40.83530   10.82968   -2.64425   14.24117    0.14241    0.41526   -1.18519
  19.02000   40.71427   10.84793   -2.67993   14.22024    0.14220    0.41752   -1.19345
  19.05000   40.59354   10.87127   -2.71613   14.16889    0.14169    0.42352   -1.22019
  19.08000   40.47262   10.90011   -2.75340   14.09315    0.14093    0.43281   -1.26423
  19.11000   40.35120   10.93493   -2.79219   14.00366    0.14004    0.44441   -1.32189
  19.14000   40.22924   10.97625   -2.83283   13.91188    0.13912    0.45701   -1.38752
  19.17000   40.10697   11.02451   -2.87546   13.82716    0.13827    0.46930   -1.45445
  19.20000   39.98496   11.08000   -2.92002   13.75560    0.13756    0.48016   -1.51593
  19.23000   39.86402   11.14282   -2.96625   13.70020    0.13700    0.48878   -1.56617
  19.26000   39.74511   11.21281   -3.01376   13.66158    0.13662    0.49471   -1.60110
  19.29000   39.62924   11.28960   -3.06205   13.63878    0.13639    0.49780   -1.61876
  19.32000   39.51735   11.37260   -3.11063   13.62982    0.13630    0.49819   -1.61947
  19.35000   39.41023   11.46111   -3.15900   13.63208    0.13632    0.49623   -1.60548
  19.38000   39.30845   11.55440   -3.20679   13.64259    0.13643    0.49244   -1.58039
  19.41000   39.21235   11.65177   -3.25372   13.65829    0.13658    0.48743   -1.54837
  19.44000   39.12209   11.75264   -3.29965   13.67637    0.13676    0.48176   -1.51335
  19.47000   39.03766   11.85651   -3.34452   13.69465    0.13695    0.47593   -1.47834
  19.50000   38.95901   11.96300   -3.38837   13.71191    0.13712    0.47020   -1.44496
  19.53000   38.88600   12.07178   -3.43125   13.72803    0.13728    0.46462   -1.41329
  19.56000   38.81853   12.18253   -3.47318   13.74391    0.13744    0.45896   -1.38201
  19.59000   38.75650   12.29489   -3.51414   13.76108    0.13761    0.45281   -1.34889
  19.62000   38.69984   12.40841   -3.55404   13.78126    0.13781    0.44567   -1.31137
  19.65000   38.64846   12.52254   -3.59272   13.80600    0.13806    0.43704   -1.26723
  19.68000   38.60221   12.63670   -3.62996   13.83633    0.13836    0.42655   -1.21522
  19.71000   38.56091   12.75026   -3.66552   13.87264    0.13873    0.41402   -1.15538
  19.74000   38.52430   12.86265   -3.69919   13.91458    0.13915    0.39956   -1.08926
  19.77000   38.49203   12.97341   -3.73082   13.96097    0.13961    0.38359   -1.01964
  19.80000   38.46372   13.08225   -3.76037   14.00977    0.14010    0.36681   -0.95020
  19.83000   38.43899   13.18907   -3.78789   14.05814    0.14058    0.35019   -0.88483
  19.86000   38.41743   13.29396   -3.81357   14.10277    0.14103    0.33476   -0.82706
  19.89000   38.39872   13.39716   -3.83767   14.14054    0.14141    0.32147   -0.77938
  19.92000   38.38257   13.49904   -3.86050   14.16940    0.14169    0.31091   -0.74290
  19.95000   38.36877   13.59999   -3.88240   14.18909    0.14189    0.30322   -0.71718
  19.98000   38.35717   13.70035   -3.90367   14.20118    0.14201    0.29803   -0.70031
  20.01000   38.34770   13.80040   -3.92451   14.20838    0.14208    0.29458   -0.68941
  20.04000   38.34028   13.90028   -3.94507   14.21342    0.14213    0.29190   -0.68113
  20.07000   38.33488   13.99998   -3.96537   14.21824    0.14218    0.28904   -0.67233
  20.10000   38.33145   14.09939   -3.98537   14.22364    0.14224    0.28528   -0.66070
  20.13000   38.32992   14.19833   -4.00496   14.22943    0.14229    0.28028   -0.64522
  20.16000   38.33021   14.29662   -4.02403   14.23472    0.14235    0.27414   -0.62633
  20.19000   38.33221   14.39410   -4.04251   14.23850    0.14239    0.26740   -0.60586
  20.22000   38.33583   14.49076   -4.06040   14.24023    0.14240    0.26097   -0.58668
  20.25000   38.34101   14.58669   -4.07778   14.24041    0.14240    0.25600   -0.57218
  20.28000   38.34772   14.68213   -4.09485   14.24090    0.14241    0.25361   -0.56553
  20.31000   38.35602   14.77744   -4.11187   14.24457    0.14245    0.25466   -0.56914
  20.34000   38.36598   14.87306   -4.12917   14.25425    0.14254    0.25945   -0.58412
  20.37000   38.37779   14.96941   -4.14708   14.27144    0.14271    0.26771   -0.61001
  20.40000   38.39163   15.06686   -4.16590   14.29568    0.14296    0.27855   -0.64484
  20.43000   38.40772   15.16568   -4.18586   14.32493    0.14325    0.29077   -0.68538
  20.46000   38.42628   15.26593   -4.20705   14.35638    0.14356    0.30306   -0.72769
  20.49000   38.44749   15.36755   -4.22948   14.38722    0.14387    0.31424   -0.76774
  20.52000   38.47147   15.47027   -4.25303   14.41509    0.14415    0.32348   -0.80209
  20.55000   38.49827   15.57373   -4.27749   14.43831    0.14438    0.33029   -0.82842
  20.58000   38.52787   15.67750   -4.30260   14.45592    0.14456    0.33459   -0.84584
  20.61000   38.56021   15.78117   -4.32812   14.46783    0.14468    0.33665   -0.85502
  20.64000   38.59520   15.88436   -4.35381   14.47491    0.14475    0.33705   -0.85790
  20.67000   38.63272   15.98683   -4.37954   14.47902    0.14479    0.33653   -0.85730
  20.70000   38.67274   16.08845   -4.40524   14.48281    0.14483    0.33590   -0.85631
  20.73000   38.71523   16.18919   -4.43095   14.48923    0.14489    0.33587   -0.85763
  20.76000   38.76025   16.28913   -4.45676   14.50066    0.14501    0.33689   -0.86302
  20.79000   38.80790   16.38834   -4.48280   14.51806    0.14518    0.33907   -0.87297
  20.82000   38.85827   16.48690   -4.50919   14.54049    0.14540    0.34214   -0.88651
  20.85000   38.91146   16.58482   -4.53601   14.56518    0.14565    0.34551   -0.90146
  20.88000   38.96750   16.68198   -4.56326   14.58815    0.14588    0.34841   -0.91479
  20.91000   39.02632   16.77820   -4.59083   14.60495    0.14605    0.35006   -0.92322
  20.94000   39.08777   16.87316   -4.61853   14.61127    0.14611    0.34977   -0.92390
  20.97000   39.15155   16.96654   -4.64612   14.60339    0.14603    0.34711   -0.91502
  21.00000   39.21732   17.05799   -4.67328   14.57862    0.14579    0.34195   -0.89620
  21.03000   39.28469   17.14723   -4.69976   14.53581    0.14536    0.33451   -0.86873
  21.06000   39.35328   17.23407   -4.72532   14.47629    0.14476    0.32540   -0.83545
  21.09000   39.42283   17.31846   -4.74986   14.40490    0.14405    0.31561   -0.80038
  21.12000   39.49318   17.40049   -4.77339   14.33102    0.14331    0.30636   -0.76811
  21.15000   39.56436   17.48037   -4.79605   14.26820    0.14268    0.29896   -0.74309
  21.18000   39.63654   17.55839   -4.81813   14.23160    0.14232    0.29456   -0.72896
  21.21000   39.71006   17.63489   -4.83999   14.23302    0.14233    0.29390   -0.72793
  21.24000   39.78535   17.71018   -4.86201   14.27594    0.14276    0.29709   -0.74041
  21.27000   39.86285   17.78452   -4.88459   14.35398    0.14354    0.30361   -0.76500
  21.30000   39.94300   17.85806   -4.90805   14.45378    0.14454    0.31242   -0.79863
  21.33000   40.02610   17.93080   -4.93258   14.55999    0.14560    0.32223   -0.83707
  21.36000   40.11233   18.00262   -4.95827   14.65940    0.14659    0.33173   -0.87561
  21.39000   40.20168   18.07328   -4.98505   14.74265    0.14743    0.33982   -0.90972
  21.42000   40.29399   18.14248   -5.01274   14.80420    0.14804    0.34572   -0.93577
  21.45000   40.38892   18.20987   -5.04105   14.84160    0.14842    0.34900   -0.95152
  21.48000   40.48607   18.27514   -5.06966   14.85483    0.14855    0.34963   -0.95638
  21.51000   40.58497   18.33804   -5.09828   14.84592    0.14846    0.34790   -0.95140
  21.54000   40.68523   18.39841   -5.12664   14.81899    0.14819    0.34437   -0.93902
  21.57000   40.78652   18.45616   -5.15456   14.78022    0.14780    0.33983   -0.92256
  21.60000   40.88865   18.51131   -5.18198   14.73755    0.14738    0.33513   -0.90559
  21.63000   40.99159   18.56391   -5.20894   14.69965    0.14700    0.33108   -0.89136
  21.66000   41.09539   18.61404   -5.23554   14.67411    0.14674    0.32827   -0.88219
  21.69000   41.20023   18.66176   -5.26196   14.66533    0.14665    0.32700   -0.87913
  21.72000   41.30629   18.70713   -5.28838   14.67315    0.14673    0.32719   -0.88182
  21.75000   41.41374   18.75015   -5.31493   14.69278    0.14693    0.32840   -0.88859
  21.78000   41.52263   18.79077   -5.34171   14.71616    0.14716    0.32994   -0.89676
  21.81000   41.63291   18.82893   -5.36871   14.73385    0.14734    0.33102   -0.90316
  21.84000   41.74441   18.86455   -5.39583   14.73662    0.14737    0.33089   -0.90464
  21.87000   41.85679   18.89758   -5.42288   14.71645    0.14716    0.32890   -0.89865
  21.90000   41.96963   18.92800   -5.44961   14.66687    0.14667    0.32465   -0.88360
  21.93000   42.08246   18.95584   -5.47575   14.58316    0.14583    0.31799   -0.85918
  21.96000   42.19483   18.98120   -5.50104   14.46257    0.14463    0.30905   -0.82636
  21.99000   42.30633   19.00423   -5.52524   14.30508    0.14305    0.29825   -0.78729
  22.02000   42.41670   19.02510   -5.54822   14.11451    0.14115    0.28628   -0.74493
  22.05000   42.52579   19.04400   -5.56994   13.89995    0.13900    0.27398   -0.70264
  22.08000   42.63361   19.06111   -5.59043   13.67668    0.13677    0.26232   -0.66372
  22.11000   42.74032   19.07656   -5.60985   13.46552    0.13466    0.25221   -0.63093
  22.14000   42.84617   19.09045   -5.62841   13.28925    0.13289    0.24437   -0.60622
  22.17000   42.95150   19.10283   -5.64636   13.16674    0.13167    0.23920   -0.59045
  22.20000   43.05664   19.11369   -5.66397   13.10674    0.13107    0.23673   -0.58340
  22.23000   43.16191   19.12301   -5.68148   13.10518    0.13105    0.23662   -0.58389
  22.26000   43.26757   19.13070   -5.69908   13.14720    0.13147    0.23825   -0.58997
  22.29000   43.37377   19.13672   -5.71692   13.21248    0.13212    0.24086   -0.59923
  22.32000   43.48058   19.14099   -5.73505   13.28066    0.13281    0.24365   -0.60918
  22.35000   43.58793   19.14348   -5.75345   13.33473    0.13335    0.24591   -0.61748
  22.38000   43.69570   19.14417   -5.77204   13.36214    0.13362    0.24707   -0.62221
  22.41000   43.80367   19.14310   -5.79071   13.35436    0.13354    0.24675   -0.62204
  22.44000   43.91162   19.14031   -5.80928   13.30580    0.13306    0.24472   -0.61623
  22.47000   44.01927   19.13592   -5.82759   13.21272    0.13213    0.24091   -0.60462
  22.50000   44.12637   19.13005   -5.84548   13.07231    0.13072    0.23538   -0.58753
  22.53000   44.23271   19.12283   -5.86277   12.88193    0.12882    0.22828   -0.56562
  22.56000   44.33809   19.11444   -5.87935   12.63853    0.12639    0.21980   -0.53973
  22.59000   44.44236   19.10502   -5.89511   12.33811    0.12338    0.21016   -0.51075
  22.62000   44.54541   19.09473   -5.90997   11.97525    0.11975    0.19958   -0.47956
  22.65000   44.64718   19.08373   -5.92386   11.54266    0.11543    0.18827   -0.44695
  22.68000   44.74762   19.07215   -5.93677   11.03105    0.11031    0.17643   -0.41362
  22.71000   44.84673   19.06012   -5.94868   10.42935    0.10429    0.16426   -0.38022
  22.74000   44.94453   19.04775   -5.95959    9.72609    0.09726    0.15200   -0.34739
  22.77000   45.04105   19.03513   -5.96954    8.91257    0.08913    0.13990   -0.31581
  22.80000   45.13638   19.02234   -5.97857    7.98922    0.07989    0.12830   -0.28624
  22.83000   45.23060   19.00940   -5.98676    6.97652    0.06977    0.11760   -0.25958
  22.86000   45.32386   18.99634   -5.99420    5.93035    0.05930    0.10826   -0.23678
  22.89000   45.41632   18.98314   -6.00104    4.95689    0.04957    0.10081   -0.21891
  22.92000   45.50819   18.96972   -6.00743    4.21241    0.04212    0.09576   -0.20699
  22.95000   45.59972   18.95598   -6.01356    3.86796    0.03868    0.09360   -0.20197
  22.98000   45.69117   18.94177   -6.01966    4.03654    0.04037    0.09467   -0.20457
  23.01000   45.78282   18.92693   -6.02596    4.70570    0.04706    0.09910   -0.21523
  23.04000   45.87496   18.91123   -6.03270    5.73637    0.05736    0.10681   -0.23393
  23.07000   45.96787   18.89445   -6.04011    6.93272    0.06933    0.11741   -0.26013