1	2.863688e-02	2.659363e+03	4.774668e+02	3.022756e+02	7.868279e+01	4.303362e+01	1.370702e+02
2	5.727377e-02	2.648715e+03	4.779987e+02	3.038823e+02	7.821906e+01	4.311544e+01	1.381266e+02
3	8.591065e-02	2.662954e+03	4.783931e+02	3.054312e+02	7.861540e+01	4.312867e+01	1.393769e+02
4	1.145475e-01	2.654080e+03	4.786104e+02	3.069039e+02	7.816284e+01	4.323383e+01	1.406657e+02
5	1.431844e-01	2.676216e+03	4.791202e+02	3.085045e+02	7.902964e+01	4.311628e+01	1.418840e+02
6	1.718213e-01	2.657792e+03	4.793118e+02	3.097776e+02	7.850851e+01	4.310369e+01	1.434791e+02
7	2.004582e-01	2.663836e+03	4.797029e+02	3.113959e+02	7.886855e+01	4.300448e+01	1.446509e+02
8	2.290951e-01	2.672214e+03	4.798093e+02	3.129279e+02	7.883520e+01	4.315799e+01	1.457378e+02
9	2.577320e-01	2.663614e+03	4.800140e+02	3.143251e+02	7.864857e+01	4.312118e+01	1.473188e+02
10	2.863688e-01	2.672285e+03	4.801678e+02	3.158984e+02	7.844463e+01	4.337403e+01	1.483280e+02
11	3.150057e-01	2.661289e+03	4.801695e+02	3.174773e+02	7.871960e+01	4.304466e+01	1.495047e+02
12	3.436426e-01	2.653637e+03	4.803316e+02	3.189402e+02	7.849569e+01	4.304332e+01	1.513079e+02
13	3.722795e-01	2.673976e+03	4.803906e+02	3.205255e+02	7.900716e+01	4.309245e+01	1.522493e+02
14	4.009164e-01	2.672883e+03	4.805459e+02	3.220621e+02	7.862766e+01	4.328274e+01	1.537283e+02
15	4.295533e-01	2.667116e+03	4.806729e+02	3.233897e+02	7.851783e+01	4.324977e+01	1.550575e+02
16	4.581901e-01	2.657178e+03	4.807519e+02	3.249796e+02	7.856673e+01	4.306179e+01	1.566972e+02
17	4.868270e-01	2.660905e+03	4.807080e+02	3.264936e+02	7.885602e+01	4.296399e+01	1.579739e+02
18	5.154639e-01	2.661736e+03	4.804599e+02	3.280433e+02	7.837995e+01	4.323845e+01	1.594876e+02
19	5.441008e-01	2.678183e+03	4.802971e+02	3.294739e+02	7.863353e+01	4.336532e+01	1.605508e+02
20	5.727377e-01	2.674473e+03	4.802334e+02	3.310393e+02	7.891962e+01	4.314827e+01	1.621387e+02
21	6.013746e-01	2.680348e+03	4.802484e+02	3.327438e+02	7.882816e+01	4.329323e+01	1.633689e+02
22	6.300115e-01	2.673585e+03	4.799226e+02	3.339637e+02	7.890977e+01	4.313932e+01	1.648156e+02
23	6.586483e-01	2.677741e+03	4.797495e+02	3.356130e+02	7.857178e+01	4.339224e+01	1.654705e+02
24	6.872852e-01	2.669511e+03	4.796274e+02	3.370173e+02	7.868501e+01	4.319663e+01	1.666708e+02
25	7.159221e-01	2.669356e+03	4.793019e+02	3.385551e+02	7.897887e+01	4.303341e+01	1.682469e+02
26	7.445590e-01	2.667605e+03	4.788658e+02	3.399424e+02	7.894568e+01	4.302326e+01	1.701532e+02
27	7.731959e-01	2.685898e+03	4.784517e+02	3.413571e+02	7.913608e+01	4.321407e+01	1.711725e+02
28	8.018328e-01	2.676320e+03	4.779673e+02	3.427498e+02	7.865620e+01	4.332266e+01	1.727784e+02
29	8.304696e-01	2.663900e+03	4.775290e+02	3.441988e+02	7.889339e+01	4.299197e+01	1.740684e+02
30	8.591065e-01	2.663954e+03	4.773002e+02	3.457730e+02	7.870402e+01	4.309630e+01	1.748984e+02
31	8.877434e-01	2.662347e+03	4.766820e+02	3.471286e+02	7.867619e+01	4.308554e+01	1.766830e+02
32	9.163803e-01	2.666079e+03	4.762000e+02	3.483752e+02	7.875859e+01	4.310079e+01	1.780997e+02
33	9.450172e-01	2.672790e+03	4.755728e+02	3.496836e+02	7.882394e+01	4.317346e+01	1.793944e+02
34	9.736541e-01	2.674773e+03	4.749828e+02	3.511419e+02	7.860753e+01	4.332444e+01	1.341388e+00
35	1.002291e+00	2.659566e+03	4.744322e+02	3.522986e+02	7.863521e+01	4.306295e+01	2.378922e+00
36	1.030928e+00	2.663742e+03	4.736488e+02	3.536132e+02	7.855590e+01	4.317412e+01	4.247221e+00
37	1.059565e+00	2.658086e+03	4.727336e+02	3.549348e+02	7.872921e+01	4.298760e+01	5.651666e+00
38	1.088202e+00	2.663514e+03	4.721116e+02	3.561600e+02	7.853611e+01	4.318129e+01	7.374530e+00
39	1.116838e+00	2.663158e+03	4.712290e+02	3.573995e+02	7.837682e+01	4.326329e+01	8.702698e+00
40	1.145475e+00	2.673578e+03	4.705435e+02	3.586179e+02	7.878751e+01	4.320615e+01	1.012874e+01
41	1.174112e+00	2.663012e+03	4.696116e+02	3.598135e+02	7.859258e+01	4.314214e+01	1.186182e+01
42	1.202749e+00	2.667106e+03	4.687332e+02	3.611124e+02	7.873591e+01	4.312981e+01	1.280422e+01
43	1.231386e+00	2.677117e+03	4.678752e+02	3.623591e+02	7.868169e+01	4.332153e+01	1.457124e+01
44	1.260023e+00	2.666571e+03	4.670423e+02	3.635584e+02	7.894162e+01	4.300880e+01	1.554338e+01
45	1.288660e+00	2.664040e+03	4.661656e+02	3.647045e+02	7.872507e+01	4.308617e+01	1.702950e+01
46	1.317297e+00	2.675694e+03	4.652365e+02	3.657271e+02	7.900388e+01	4.312193e+01	1.805338e+01
47	1.345934e+00	2.667606e+03	4.641693e+02	3.670383e+02	7.855589e+01	4.323676e+01	1.945223e+01
48	1.374570e+00	2.670278e+03	4.632127e+02	3.680336e+02	7.904790e+01	4.301068e+01	2.021991e+01
49	1.403207e+00	2.656830e+03	4.621571e+02	3.689305e+02	7.875127e+01	4.295525e+01	2.218013e+01
50	1.431844e+00	2.667448e+03	4.611567e+02	3.700451e+02	7.928959e+01	4.283412e+01	2.310172e+01
51	1.460481e+00	2.661563e+03	4.601081e+02	3.709137e+02	7.879316e+01	4.300891e+01	2.466037e+01
52	1.489118e+00	2.659552e+03	4.591350e+02	3.722441e+02	7.863937e+01	4.306045e+01	2.625953e+01
53	1.517755e+00	2.648512e+03	4.579946e+02	3.730193e+02	7.833012e+01	4.305100e+01	2.714970e+01
54	1.546392e+00	2.667902e+03	4.568351e+02	3.737510e+02	7.883553e+01	4.308817e+01	2.944838e+01
55	1.575029e+00	2.670433e+03	4.555886e+02	3.746287e+02	7.927084e+01	4.289220e+01	3.105589e+01
56	1.603666e+00	2.658198e+03	4.543424e+02	3.753986e+02	7.858224e+01	4.306981e+01	3.276242e+01
57	1.632302e+00	2.654914e+03	4.531866e+02	3.760246e+02	7.875725e+01	4.292102e+01	3.446637e+01
58	1.660939e+00	2.663482e+03	4.518304e+02	3.766136e+02	7.894719e+01	4.295593e+01	3.598448e+01
59	1.689576e+00	2.655294e+03	4.504607e+02	3.770522e+02	7.908773e+01	4.274778e+01	3.799854e+01
60	1.718213e+00	2.652501e+03	4.490912e+02	3.774995e+02	7.857392e+01	4.298206e+01	3.975628e+01
61	1.746850e+00	2.659040e+03	4.477783e+02	3.778787e+02	7.881544e+01	4.295598e+01	4.153180e+01
62	1.775487e+00	2.659890e+03	4.463482e+02	3.781756e+02	7.886157e+01	4.294458e+01	4.329129e+01
63	1.804124e+00	2.656018e+03	4.449481e+02	3.785663e+02	7.918263e+01	4.270819e+01	4.515654e+01
64	1.832761e+00	2.661163e+03	4.434455e+02	3.787345e+02	7.907382e+01	4.284980e+01	4.695659e+01
65	1.861397e+00	2.651247e+03	4.419736e+02	3.789720e+02	7.910277e+01	4.267452e+01	4.866323e+01
66	1.890034e+00	2.647252e+03	4.405941e+02	3.792209e+02	7.914373e+01	4.258817e+01	5.036136e+01
67	1.918671e+00	2.646196e+03	4.390771e+02	3.794799e+02	7.913293e+01	4.257698e+01	5.231194e+01
68	1.947308e+00	2.643590e+03	4.375956e+02	3.794984e+02	7.926046e+01	4.246661e+01	5.434507e+01
69	1.975945e+00	2.651105e+03	4.361750e+02	3.794203e+02	7.943716e+01	4.249260e+01	5.608078e+01
70	2.004582e+00	2.635387e+03	4.350001e+02	3.793907e+02	7.908617e+01	4.242814e+01	5.763596e+01
71	2.033219e+00	2.654481e+03	4.333626e+02	3.793122e+02	7.954299e+01	4.249010e+01	5.978253e+01
72	2.061856e+00	2.640513e+03	4.320906e+02	3.790374e+02	7.927501e+01	4.240940e+01	6.168349e+01
73	2.090493e+00	2.647121e+03	4.306448e+02	3.789448e+02	7.946494e+01	4.241392e+01	6.333157e+01
74	2.119129e+00	2.647924e+03	4.291701e+02	3.788336e+02	7.963573e+01	4.233578e+01	6.498399e+01
75	2.147766e+00	2.645379e+03	4.277494e+02	3.785355e+02	7.970251e+01	4.225967e+01	6.623708e+01
76	2.176403e+00	2.638078e+03	4.262631e+02	3.782473e+02	7.959579e+01	4.219953e+01	6.788367e+01
77	2.205040e+00	2.637944e+03	4.247654e+02	3.779604e+02	7.943915e+01	4.228059e+01	6.925691e+01
78	2.233677e+00	2.622642e+03	4.232926e+02	3.775462e+02	7.930810e+01	4.210480e+01	7.078407e+01
79	2.262314e+00	2.641567e+03	4.218897e+02	3.771314e+02	7.964253e+01	4.223055e+01	7.175803e+01
80	2.290951e+00	2.643972e+03	4.205604e+02	3.765566e+02	7.967917e+01	4.224956e+01	7.337292e+01
81	2.319588e+00	2.635085e+03	4.191742e+02	3.759726e+02	7.946608e+01	4.222047e+01	7.479554e+01
82	2.348225e+00	2.637677e+03	4.178066e+02	3.754658e+02	7.979359e+01	4.208852e+01	7.625984e+01
83	2.376861e+00	2.625734e+03	4.163284e+02	3.749682e+02	7.921727e+01	4.220277e+01	7.793694e+01
84	2.405498e+00	2.622531e+03	4.150321e+02	3.742904e+02	7.949256e+01	4.200531e+01	7.942316e+01
85	2.434135e+00	2.621210e+03	4.137004e+02	3.736120e+02	7.954707e+01	4.195538e+01	8.076932e+01
86	2.462772e+00	2.623345e+03	4.123510e+02	3.730065e+02	7.969034e+01	4.191408e+01	8.194814e+01
87	2.491409e+00	2.640376e+03	4.111050e+02	3.723950e+02	7.959666e+01	4.223584e+01	8.353252e+01
88	2.520046e+00	2.625770e+03	4.097707e+02	3.717659e+02	7.918342e+01	4.222139e+01	8.526421e+01
89	2.548683e+00	2.622984e+03	4.085221e+02	3.710567e+02	7.954662e+01	4.198402e+01	8.666057e+01
90	2.577320e+00	2.616172e+03	4.074010e+02	3.702106e+02	7.942647e+01	4.193834e+01	8.802620e+01
91	2.605956e+00	2.624312e+03	4.061206e+02	3.695328e+02	7.975546e+01	4.189529e+01	8.946241e+01
92	2.634593e+00	2.621622e+03	4.047491e+02	3.685284e+02	7.962363e+01	4.192163e+01	9.087019e+01
93	2.663230e+00	2.626711e+03	4.036255e+02	3.675088e+02	7.974310e+01	4.194009e+01	9.233382e+01
94	2.691867e+00	2.613814e+03	4.025178e+02	3.670032e+02	7.950592e+01	4.185867e+01	9.401083e+01
95	2.720504e+00	2.617953e+03	4.013613e+02	3.661935e+02	7.933479e+01	4.201538e+01	9.573566e+01
96	2.749141e+00	2.613055e+03	4.001579e+02	3.652465e+02	7.939589e+01	4.190450e+01	9.763687e+01
97	2.777778e+00	2.619005e+03	3.991411e+02	3.643489e+02	7.911662e+01	4.214816e+01	9.919382e+01
98	2.806415e+00	2.621905e+03	3.981591e+02	3.632949e+02	7.921492e+01	4.214248e+01	1.007813e+02
99	2.835052e+00	2.620657e+03	3.973066e+02	3.622650e+02	7.917350e+01	4.214445e+01	1.022684e+02
100	2.863688e+00	2.624679e+03	3.964100e+02	3.610664e+02	7.921438e+01	4.218736e+01	1.037597e+02
101	2.892325e+00	2.641506e+03	3.954955e+02	3.600279e+02	7.942289e+01	4.234635e+01	1.054861e+02
102	2.920962e+00	2.619135e+03	3.942565e+02	3.588804e+02	7.906725e+01	4.217659e+01	1.071365e+02
103	2.949599e+00	2.615036e+03	3.936580e+02	3.577051e+02	7.901484e+01	4.213850e+01	1.084090e+02
104	2.978236e+00	2.624508e+03	3.926009e+02	3.565264e+02	7.886510e+01	4.237144e+01	1.102032e+02
105	3.006873e+00	2.623366e+03	3.920385e+02	3.554114e+02	7.922605e+01	4.216004e+01	1.117907e+02
106	3.035510e+00	2.622214e+03	3.913136e+02	3.539521e+02	7.876302e+01	4.238927e+01	1.130607e+02
107	3.064147e+00	2.633876e+03	3.906000e+02	3.527561e+02	7.891488e+01	4.249585e+01	1.148857e+02
108	3.092784e+00	2.620375e+03	3.898680e+02	3.514217e+02	7.896549e+01	4.225093e+01	1.162052e+02
109	3.121420e+00	2.637811e+03	3.892043e+02	3.501121e+02	7.910275e+01	4.245827e+01	1.172718e+02
110	3.150057e+00	2.625545e+03	3.884652e+02	3.486835e+02	7.899090e+01	4.232067e+01	1.190391e+02
111	3.178694e+00	2.629150e+03	3.878224e+02	3.473381e+02	7.888603e+01	4.243512e+01	1.203269e+02
112	3.207331e+00	2.631216e+03	3.872792e+02	3.461202e+02	7.885738e+01	4.248389e+01	1.215491e+02
113	3.235968e+00	2.632988e+03	3.866447e+02	3.445941e+02	7.845633e+01	4.272982e+01	1.232281e+02
114	3.264605e+00	2.630475e+03	3.864747e+02	3.433176e+02	7.881596e+01	4.249425e+01	1.245395e+02
115	3.293242e+00	2.638113e+03	3.859183e+02	3.417507e+02	7.881033e+01	4.262068e+01	1.263360e+02
116	3.321879e+00	2.634061e+03	3.855544e+02	3.404712e+02	7.858125e+01	4.267928e+01	1.276048e+02
117	3.350515e+00	2.635830e+03	3.849395e+02	3.389322e+02	7.857513e+01	4.271127e+01	1.295660e+02
118	3.379152e+00	2.640538e+03	3.846471e+02	3.375865e+02	7.839558e+01	4.288555e+01	1.309271e+02
119	3.407789e+00	2.645516e+03	3.841807e+02	3.359572e+02	7.892448e+01	4.267847e+01	1.331570e+02
120	3.436426e+00	2.640365e+03	3.838873e+02	3.344965e+02	7.856260e+01	4.279158e+01	1.344166e+02
121	3.465063e+00	2.635843e+03	3.837975e+02	3.331278e+02	7.851431e+01	4.274457e+01	1.358871e+02
122	3.493700e+00	2.632840e+03	3.834581e+02	3.316781e+02	7.857875e+01	4.266084e+01	1.378895e+02
123	3.522337e+00	2.644404e+03	3.832218e+02	3.302543e+02	7.890691e+01	4.267002e+01	1.390752e+02
124	3.550974e+00	2.660771e+03	3.829068e+02	3.286146e+02	7.880569e+01	4.298926e+01	1.405016e+02
125	3.579611e+00	2.633236e+03	3.829068e+02	3.274626e+02	7.829906e+01	4.281968e+01	1.425034e+02
126	3.608247e+00	2.645812e+03	3.828866e+02	3.258779e+02	7.851788e+01	4.290428e+01	1.440375e+02
127	3.636884e+00	2.638924e+03	3.826706e+02	3.242562e+02	7.851001e+01	4.279686e+01	1.453844e+02
128	3.665521e+00	2.642825e+03	3.827850e+02	3.229301e+02	7.852580e+01	4.285151e+01	1.467566e+02
129	3.694158e+00	2.633510e+03	3.828300e+02	3.213465e+02	7.836461e+01	4.278831e+01	1.487723e+02
130	3.722795e+00	2.638555e+03	3.830007e+02	3.199390e+02	7.816118e+01	4.298186e+01	1.500579e+02
131	3.751432e+00	2.645085e+03	3.833210e+02	3.185327e+02	7.826080e+01	4.303338e+01	1.517202e+02
132	3.780069e+00	2.645176e+03	3.836193e+02	3.169212e+02	7.819142e+01	4.307304e+01	1.538419e+02
133	3.808706e+00	2.640662e+03	3.836523e+02	3.155055e+02	7.809937e+01	4.305023e+01	1.553762e+02
134	3.837342e+00	2.643271e+03	3.839201e+02	3.140467e+02	7.816122e+01	4.305866e+01	1.569160e+02
135	3.865979e+00	2.633826e+03	3.841955e+02	3.125629e+02	7.820943e+01	4.287836e+01	1.583046e+02
136	3.894616e+00	2.634784e+03	3.844799e+02	3.110561e+02	7.804926e+01	4.298196e+01	1.596931e+02
137	3.923253e+00	2.618848e+03	3.845170e+02	3.096416e+02	7.775578e+01	4.288325e+01	1.615559e+02
138	3.951890e+00	2.625966e+03	3.847184e+02	3.082687e+02	7.772112e+01	4.301899e+01	1.624362e+02
139	3.980527e+00	2.634621e+03	3.851420e+02	3.067269e+02	7.812779e+01	4.293612e+01	1.646679e+02
140	4.009164e+00	2.636807e+03	3.856750e+02	3.053558e+02	7.790636e+01	4.309388e+01	1.665284e+02
141	4.037801e+00	2.612654e+03	3.863011e+02	3.041783e+02	7.757558e+01	4.288120e+01	1.679307e+02
142	4.066438e+00	2.617833e+03	3.869744e+02	3.026823e+02	7.763538e+01	4.293311e+01	1.697315e+02
143	4.095074e+00	2.617654e+03	3.873604e+02	3.013064e+02	7.751315e+01	4.299787e+01	1.713655e+02
144	4.123711e+00	2.630641e+03	3.881137e+02	2.999997e+02	7.788809e+01	4.300318e+01	1.732092e+02
145	4.152348e+00	2.613054e+03	3.888410e+02	2.987657e+02	7.773482e+01	4.279991e+01	1.750913e+02
146	4.180985e+00	2.603952e+03	3.895201e+02	2.975444e+02	7.733822e+01	4.286955e+01	1.763479e+02
147	4.209622e+00	2.607290e+03	3.901895e+02	2.961560e+02	7.736964e+01	4.290707e+01	1.779684e+02
148	4.238259e+00	2.616809e+03	3.908548e+02	2.947852e+02	7.779749e+01	4.282690e+01	1.794755e+02
149	4.266896e+00	2.602284e+03	3.917627e+02	2.938585e+02	7.706294e+01	4.299513e+01	1.066848e+00
150	4.295533e+00	2.615297e+03	3.927419e+02	2.925662e+02	7.747141e+01	4.298231e+01	2.931780e+00
151	4.324170e+00	2.604846e+03	3.936686e+02	2.914958e+02	7.754080e+01	4.277223e+01	4.671024e+00
152	4.352806e+00	2.612102e+03	3.948283e+02	2.903004e+02	7.774346e+01	4.277957e+01	6.538527e+00
153	4.381443e+00	2.617803e+03	3.959507e+02	2.892302e+02	7.787035e+01	4.280307e+01	9.565955e+00
154	4.410080e+00	2.617645e+03	3.970301e+02	2.882475e+02	7.772060e+01	4.288296e+01	1.128694e+01
155	4.438717e+00	2.616695e+03	3.979855e+02	2.868958e+02	7.766446e+01	4.289838e+01	1.257995e+01
156	4.467354e+00	2.612702e+03	3.988967e+02	2.860142e+02	7.743974e+01	4.295721e+01	1.431532e+01
157	4.495991e+00	2.605520e+03	4.000922e+02	2.851013e+02	7.733401e+01	4.289769e+01	1.686330e+01
158	4.524628e+00	2.601640e+03	4.012910e+02	2.841939e+02	7.759022e+01	4.269238e+01	1.821764e+01
159	4.553265e+00	2.607223e+03	4.025601e+02	2.832096e+02	7.767498e+01	4.273731e+01	1.956759e+01
160	4.581901e+00	2.618498e+03	4.037771e+02	2.824465e+02	7.753394e+01	4.300021e+01	2.187426e+01
161	4.610538e+00	2.614826e+03	4.050623e+02	2.816929e+02	7.763267e+01	4.288529e+01	2.395700e+01
162	4.639175e+00	2.590634e+03	4.062752e+02	2.809993e+02	7.701091e+01	4.283156e+01	2.582674e+01
163	4.667812e+00	2.611532e+03	4.075420e+02	2.800721e+02	7.769189e+01	4.279863e+01	2.728699e+01
164	4.696449e+00	2.611681e+03	4.089145e+02	2.794654e+02	7.774252e+01	4.277320e+01	2.925254e+01
165	4.725086e+00	2.599911e+03	4.102779e+02	2.788411e+02	7.759188e+01	4.266310e+01	3.068079e+01
166	4.753723e+00	2.611001e+03	4.117136e+02	2.780286e+02	7.780878e+01	4.272564e+01	3.259077e+01
167	4.782360e+00	2.597970e+03	4.131170e+02	2.777573e+02	7.717178e+01	4.286330e+01	3.478436e+01
168	4.810997e+00	2.601434e+03	4.146807e+02	2.771688e+02	7.781771e+01	4.256421e+01	3.639837e+01
169	4.839633e+00	2.602218e+03	4.161091e+02	2.766527e+02	7.772045e+01	4.263031e+01	3.823540e+01
170	4.868270e+00	2.584539e+03	4.175330e+02	2.764675e+02	7.741942e+01	4.250533e+01	4.007027e+01
171	4.896907e+00	2.605359e+03	4.190841e+02	2.761724e+02	7.814253e+01	4.245123e+01	4.229854e+01
172	4.925544e+00	2.608940e+03	4.204753e+02	2.760830e+02	7.809476e+01	4.253558e+01	4.436159e+01
173	4.954181e+00	2.604229e+03	4.218356e+02	2.758885e+02	7.791876e+01	4.255466e+01	4.657663e+01
174	4.982818e+00	2.605945e+03	4.235480e+02	2.754336e+02	7.816121e+01	4.245062e+01	4.794696e+01
175	5.011455e+00	2.603371e+03	4.249086e+02	2.755375e+02	7.808780e+01	4.244856e+01	4.962244e+01
176	5.040092e+00	2.584568e+03	4.263640e+02	2.754146e+02	7.800297e+01	4.218781e+01	5.132026e+01
177	5.068729e+00	2.590653e+03	4.279854e+02	2.752016e+02	7.803143e+01	4.227171e+01	5.335371e+01
178	5.097365e+00	2.585191e+03	4.293403e+02	2.751776e+02	7.795709e+01	4.222281e+01	5.494731e+01
179	5.126002e+00	2.581909e+03	4.308206e+02	2.751473e+02	7.779567e+01	4.225671e+01	5.665989e+01
180	5.154639e+00	2.577287e+03	4.325439e+02	2.752837e+02	7.770986e+01	4.222764e+01	5.820480e+01
181	5.183276e+00	2.581687e+03	4.339795e+02	2.755399e+02	7.806622e+01	4.210664e+01	6.012083e+01
182	5.211913e+00	2.576302e+03	4.354699e+02	2.757517e+02	7.788721e+01	4.211539e+01	6.177978e+01
183	5.240550e+00	2.578183e+03	4.370345e+02	2.759638e+02	7.789848e+01	4.214003e+01	6.350110e+01
184	5.269187e+00	2.577076e+03	4.386012e+02	2.762183e+02	7.800069e+01	4.206674e+01	6.520483e+01
185	5.297824e+00	2.570034e+03	4.397528e+02	2.766965e+02	7.759638e+01	4.217038e+01	6.717451e+01
186	5.326460e+00	2.592104e+03	4.416024e+02	2.770656e+02	7.868316e+01	4.194505e+01	6.897735e+01
187	5.355097e+00	2.567852e+03	4.428533e+02	2.776122e+02	7.790919e+01	4.196541e+01	7.033352e+01
188	5.383734e+00	2.589918e+03	4.446224e+02	2.780154e+02	7.877738e+01	4.185955e+01	7.159372e+01
189	5.412371e+00	2.590371e+03	4.461804e+02	2.783956e+02	7.895735e+01	4.177144e+01	7.323347e+01
190	5.441008e+00	2.598570e+03	4.476528e+02	2.789535e+02	7.921053e+01	4.176972e+01	7.461050e+01
191	5.469645e+00	2.598885e+03	4.490295e+02	2.796352e+02	7.871252e+01	4.203910e+01	7.600465e+01
192	5.498282e+00	2.592191e+03	4.505570e+02	2.802280e+02	7.870413e+01	4.193529e+01	7.777237e+01
193	5.526919e+00	2.592449e+03	4.517623e+02	2.810162e+02	7.832473e+01	4.214261e+01	7.973932e+01
194	5.555556e+00	2.574481e+03	4.530131e+02	2.817460e+02	7.826221e+01	4.188396e+01	8.083011e+01
195	5.584192e+00	2.581128e+03	4.546231e+02	2.826922e+02	7.848852e+01	4.187103e+01	8.284839e+01
196	5.612829e+00	2.590452e+03	4.558785e+02	2.835987e+02	7.867701e+01	4.192160e+01	8.431847e+01
197	5.641466e+00	2.597220e+03	4.571038e+02	2.845172e+02	7.897544e+01	4.187230e+01	8.635474e+01
198	5.670103e+00	2.598917e+03	4.585932e+02	2.853690e+02	7.917326e+01	4.179496e+01	8.749574e+01
199	5.698740e+00	2.593668e+03	4.597004e+02	2.863347e+02	7.854453e+01	4.204444e+01	8.928896e+01
200	5.727377e+00	2.595227e+03	4.609422e+02	2.872889e+02	7.870054e+01	4.198631e+01	9.093776e+01
201	5.756014e+00	2.587574e+03	4.622598e+02	2.882548e+02	7.874426e+01	4.183926e+01	9.206460e+01
202	5.784651e+00	2.603141e+03	4.636137e+02	2.891218e+02	7.882401e+01	4.204838e+01	9.357337e+01
203	5.813288e+00	2.607395e+03	4.648619e+02	2.901532e+02	7.869482e+01	4.218623e+01	9.499022e+01
204	5.841924e+00	2.606853e+03	4.660762e+02	2.912505e+02	7.905726e+01	4.198410e+01	9.655276e+01
205	5.870561e+00	2.591335e+03	4.671303e+02	2.922870e+02	7.859972e+01	4.197713e+01	9.785081e+01
206	5.899198e+00	2.604623e+03	4.683739e+02	2.932965e+02	7.879938e+01	4.208548e+01	9.955041e+01
207	5.927835e+00	2.615001e+03	4.695047e+02	2.944465e+02	7.906501e+01	4.211120e+01	1.006020e+02
208	5.956472e+00	2.610344e+03	4.705904e+02	2.956865e+02	7.887369e+01	4.213818e+01	1.019531e+02
209	5.985109e+00	2.610465e+03	4.717627e+02	2.969156e+02	7.903716e+01	4.205297e+01	1.029120e+02
210	6.013746e+00	2.606040e+03	4.727201e+02	2.979641e+02	7.842236e+01	4.231081e+01	1.044894e+02
211	6.042383e+00	2.613789e+03	4.737893e+02	2.991840e+02	7.878118e+01	4.224333e+01	1.062761e+02
212	6.071019e+00	2.623964e+03	4.747875e+02	3.005177e+02	7.870863e+01	4.244687e+01	1.076166e+02
213	6.099656e+00	2.625219e+03	4.756241e+02	3.016061e+02	7.883321e+01	4.240005e+01	1.088552e+02
214	6.128293e+00	2.615622e+03	4.766461e+02	3.029370e+02	7.878812e+01	4.226922e+01	1.100454e+02
215	6.156930e+00	2.628071e+03	4.774814e+02	3.042031e+02	7.921078e+01	4.224380e+01	1.114793e+02
216	6.185567e+00	2.627550e+03	4.784571e+02	3.056058e+02	7.904721e+01	4.232282e+01	1.128162e+02
217	6.214204e+00	2.636597e+03	4.792500e+02	3.069698e+02	7.883398e+01	4.258340e+01	1.145162e+02
218	6.242841e+00	2.615890e+03	4.799423e+02	3.083006e+02	7.815173e+01	4.261780e+01	1.163713e+02
219	6.271478e+00	2.621118e+03	4.808234e+02	3.097848e+02	7.864884e+01	4.243306e+01	1.175295e+02
220	6.300115e+00	2.613827e+03	4.813878e+02	3.110236e+02	7.856602e+01	4.235963e+01	1.188503e+02
221	6.328751e+00	2.612019e+03	4.819896e+02	3.124494e+02	7.797887e+01	4.264907e+01	1.205828e+02
222	6.357388e+00	2.616582e+03	4.827258e+02	3.141086e+02	7.847340e+01	4.245433e+01	1.216684e+02
223	6.386025e+00	2.615517e+03	4.833521e+02	3.154926e+02	7.802651e+01	4.268011e+01	1.231348e+02
224	6.414662e+00	2.605890e+03	4.839341e+02	3.168535e+02	7.779813e+01	4.264784e+01	1.247866e+02
225	6.443299e+00	2.618090e+03	4.848584e+02	3.184360e+02	7.837962e+01	4.252962e+01	1.257725e+02
226	6.471936e+00	2.602048e+03	4.849574e+02	3.197288e+02	7.773549e+01	4.261928e+01	1.272419e+02
227	6.500573e+00	2.633282e+03	4.858698e+02	3.214068e+02	7.833144e+01	4.280273e+01	1.285086e+02
228	6.529210e+00	2.624549e+03	4.862918e+02	3.227397e+02	7.816518e+01	4.275151e+01	1.294028e+02
229	6.557847e+00	2.631973e+03	4.866843e+02	3.243011e+02	7.825426e+01	4.282365e+01	1.311364e+02
230	6.586483e+00	2.634206e+03	4.874160e+02	3.257991e+02	7.839873e+01	4.278099e+01	1.319849e+02
231	6.615120e+00	2.626806e+03	4.877635e+02	3.271320e+02	7.824296e+01	4.274575e+01	1.337155e+02
232	6.643757e+00	2.706048e+03	4.874446e+02	3.285352e+02	7.915615e+01	4.352721e+01	1.324693e+02
233	6.672394e+00	2.659731e+03	4.885558e+02	3.301330e+02	7.891197e+01	4.291459e+01	1.362922e+02
234	6.701031e+00	2.641105e+03	4.888846e+02	3.316146e+02	7.847565e+01	4.285099e+01	1.378035e+02
235	6.729668e+00	2.638915e+03	4.891006e+02	3.331832e+02	7.842901e+01	4.284092e+01	1.390067e+02
236	6.758305e+00	2.633141e+03	4.891435e+02	3.345593e+02	7.830737e+01	4.281359e+01	1.402459e+02
237	6.786942e+00	2.649792e+03	4.895703e+02	3.364462e+02	7.894086e+01	4.273858e+01	1.420990e+02
238	6.815578e+00	2.658578e+03	4.897874e+02	3.380924e+02	7.883781e+01	4.293634e+01	1.435690e+02
239	6.844215e+00	2.651598e+03	4.895093e+02	3.392342e+02	7.850639e+01	4.300439e+01	1.446468e+02
240	6.872852e+00	2.660435e+03	4.895111e+02	3.410535e+02	7.893413e+01	4.291390e+01	1.460125e+02
241	6.901489e+00	2.664012e+03	4.895114e+02	3.423724e+02	7.875322e+01	4.307031e+01	1.476122e+02
242	6.930126e+00	2.653105e+03	4.894264e+02	3.440459e+02	7.864036e+01	4.295552e+01	1.489439e+02
243	6.958763e+00	2.651087e+03	4.893722e+02	3.456198e+02	7.867327e+01	4.290489e+01	1.508943e+02
244	6.987400e+00	2.663489e+03	4.890764e+02	3.468917e+02	7.895933e+01	4.294946e+01	1.521351e+02
245	7.016037e+00	2.653499e+03	4.890081e+02	3.485115e+02	7.873078e+01	4.291256e+01	1.538062e+02
246	7.044674e+00	2.661558e+03	4.887568e+02	3.499936e+02	7.877522e+01	4.301863e+01	1.557276e+02
247	7.073310e+00	2.724019e+03	4.885128e+02	3.522293e+02	7.837920e+01	4.425063e+01	1.584690e+02
248	7.101947e+00	2.662036e+03	4.885832e+02	3.533076e+02	7.883895e+01	4.299157e+01	1.580028e+02
249	7.130584e+00	2.662243e+03	4.882405e+02	3.546720e+02	7.869295e+01	4.307467e+01	1.587793e+02
250	7.159221e+00	2.669016e+03	4.880615e+02	3.563853e+02	7.902428e+01	4.300320e+01	1.603738e+02
251	7.187858e+00	2.674060e+03	4.878304e+02	3.577292e+02	7.895634e+01	4.312154e+01	1.615234e+02
252	7.216495e+00	2.662781e+03	4.874827e+02	3.591735e+02	7.862107e+01	4.312277e+01	1.627970e+02
253	7.245132e+00	2.688479e+03	4.871385e+02	3.607165e+02	7.911366e+01	4.326784e+01	1.639530e+02
254	7.273769e+00	2.675219e+03	4.867464e+02	3.622327e+02	7.896547e+01	4.313525e+01	1.661191e+02
255	7.302405e+00	2.664328e+03	4.863545e+02	3.635973e+02	7.877905e+01	4.306129e+01	1.676074e+02
256	7.331042e+00	2.657426e+03	4.859028e+02	3.649480e+02	7.893017e+01	4.286750e+01	1.690035e+02
257	7.359679e+00	2.680077e+03	4.853041e+02	3.664881e+02	7.844405e+01	4.350081e+01	1.698067e+02
258	7.388316e+00	2.679201e+03	4.848421e+02	3.679801e+02	7.908410e+01	4.313465e+01	1.714465e+02
259	7.416953e+00	2.679664e+03	4.842032e+02	3.692470e+02	7.910300e+01	4.313179e+01	1.728349e+02
260	7.445590e+00	2.675532e+03	4.835498e+02	3.706727e+02	7.892210e+01	4.316399e+01	1.743548e+02
261	7.474227e+00	2.690545e+03	4.831432e+02	3.721324e+02	7.923325e+01	4.323574e+01	1.755533e+02
262	7.502864e+00	2.677897e+03	4.825752e+02	3.733772e+02	7.888048e+01	4.322494e+01	1.769058e+02
263	7.531501e+00	2.664670e+03	4.822261e+02	3.747590e+02	7.869115e+01	4.311492e+01	1.785172e+02
264	7.560137e+00	2.681357e+03	4.815944e+02	3.763846e+02	7.905576e+01	4.318483e+01	1.796513e+02
265	7.588774e+00	2.671155e+03	4.810211e+02	3.776295e+02	7.866483e+01	4.323432e+01	7.388799e-01
266	7.617411e+00	2.683896e+03	4.801495e+02	3.788044e+02	7.859551e+01	4.347886e+01	2.372998e+00
267	7.646048e+00	2.668891e+03	4.793070e+02	3.799977e+02	7.847511e+01	4.330211e+01	3.778369e+00
268	7.674685e+00	2.678892e+03	4.783090e+02	3.813661e+02	7.911298e+01	4.311394e+01	5.589944e+00
269	7.703322e+00	2.676675e+03	4.776012e+02	3.824596e+02	7.883060e+01	4.323256e+01	7.085696e+00
270	7.731959e+00	2.678803e+03	4.765366e+02	3.835787e+02	7.845399e+01	4.347462e+01	8.644666e+00
271	7.760596e+00	2.681552e+03	4.756526e+02	3.849320e+02	7.874097e+01	4.336062e+01	9.728461e+00
272	7.789233e+00	2.678695e+03	4.746873e+02	3.860508e+02	7.872511e+01	4.332316e+01	1.141814e+01
273	7.817869e+00	2.677003e+03	4.736820e+02	3.871989e+02	7.921418e+01	4.302849e+01	1.212062e+01
274	7.846506e+00	2.662391e+03	4.726974e+02	3.884235e+02	7.864091e+01	4.310557e+01	1.343529e+01
275	7.875143e+00	2.678247e+03	4.716667e+02	3.892305e+02	7.871108e+01	4.332363e+01	1.542842e+01
276	7.903780e+00	2.668166e+03	4.706129e+02	3.903109e+02	7.867490e+01	4.318041e+01	1.646090e+01
277	7.932417e+00	2.667608e+03	4.694310e+02	3.911630e+02	7.870969e+01	4.315229e+01	1.828939e+01
278	7.961054e+00	2.665999e+03	4.683408e+02	3.921165e+02	7.861526e+01	4.317807e+01	1.980899e+01
279	7.989691e+00	2.664396e+03	4.671712e+02	3.930564e+02	7.850464e+01	4.321291e+01	2.158714e+01
280	8.018328e+00	2.667055e+03	4.661128e+02	3.939201e+02	7.890388e+01	4.303717e+01	2.250651e+01
281	8.046964e+00	2.663105e+03	4.648159e+02	3.948159e+02	7.852963e+01	4.317822e+01	2.437750e+01
282	8.075601e+00	2.671916e+03	4.636305e+02	3.956736e+02	7.866229e+01	4.324802e+01	2.571825e+01
283	8.104238e+00	2.662887e+03	4.625780e+02	3.963735e+02	7.863754e+01	4.311546e+01	2.728363e+01
284	8.132875e+00	2.661855e+03	4.610387e+02	3.971272e+02	7.844444e+01	4.320484e+01	2.872060e+01
285	8.161512e+00	2.672726e+03	4.597561e+02	3.977484e+02	7.879979e+01	4.318565e+01	3.026967e+01
286	8.190149e+00	2.659136e+03	4.584656e+02	3.982909e+02	7.856464e+01	4.309466e+01	3.178859e+01
287	8.218786e+00	2.657332e+03	4.573266e+02	3.989588e+02	7.852279e+01	4.308838e+01	3.377003e+01
288	8.247423e+00	2.662902e+03	4.561155e+02	3.994681e+02	7.870428e+01	4.307912e+01	3.531167e+01
289	8.276060e+00	2.669174e+03	4.547127e+02	3.999745e+02	7.880968e+01	4.312284e+01	3.801920e+01
290	8.304696e+00	2.661625e+03	4.532895e+02	4.002864e+02	7.856937e+01	4.313241e+01	3.979902e+01
291	8.333333e+00	2.667708e+03	4.519363e+02	4.005637e+02	7.881006e+01	4.309895e+01	4.109558e+01
292	8.361970e+00	2.665164e+03	4.504189e+02	4.009124e+02	7.890289e+01	4.300720e+01	4.282645e+01
293	8.390607e+00	2.670208e+03	4.490394e+02	4.011886e+02	7.934219e+01	4.285002e+01	4.464822e+01
294	8.419244e+00	2.661417e+03	4.476618e+02	4.015251e+02	7.898822e+01	4.290034e+01	4.625689e+01
295	8.447881e+00	2.669167e+03	4.461908e+02	4.019174e+02	7.933231e+01	4.283865e+01	4.771779e+01
296	8.476518e+00	2.672654e+03	4.449688e+02	4.017677e+02	7.904771e+01	4.304905e+01	4.912804e+01
297	8.505155e+00	2.667583e+03	4.433719e+02	4.019312e+02	7.916084e+01	4.290596e+01	5.134426e+01
298	8.533792e+00	2.653610e+03	4.419023e+02	4.021251e+02	7.907588e+01	4.272708e+01	5.288668e+01
299	8.562428e+00	2.660702e+03	4.404972e+02	4.021436e+02	7.958352e+01	4.256800e+01	5.452567e+01
300	8.591065e+00	2.659422e+03	4.390030e+02	4.021568e+02	7.932857e+01	4.268426e+01	5.644384e+01
301	8.619702e+00	2.668770e+03	4.375830e+02	4.020388e+02	7.954256e+01	4.271906e+01	5.794614e+01
302	8.648339e+00	2.646219e+03	4.360943e+02	4.018528e+02	7.905615e+01	4.261871e+01	5.951043e+01
303	8.676976e+00	2.644548e+03	4.347610e+02	4.017743e+02	7.935765e+01	4.242998e+01	6.097704e+01
304	8.705613e+00	2.649775e+03	4.332702e+02	4.014805e+02	7.946308e+01	4.245743e+01	6.349514e+01
305	8.734250e+00	2.649248e+03	4.320121e+02	4.010306e+02	7.932282e+01	4.252404e+01	6.524880e+01
306	8.762887e+00	2.653367e+03	4.306494e+02	4.006059e+02	7.947797e+01	4.250703e+01	6.662593e+01
307	8.791523e+00	2.629364e+03	4.292207e+02	4.002981e+02	7.910475e+01	4.232123e+01	6.818121e+01
308	8.820160e+00	2.644644e+03	4.278271e+02	3.997607e+02	7.976858e+01	4.221293e+01	6.969308e+01
309	8.848797e+00	2.654158e+03	4.262617e+02	3.992384e+02	7.988828e+01	4.230131e+01	7.113723e+01
310	8.877434e+00	2.637013e+03	4.251140e+02	3.988787e+02	7.946059e+01	4.225427e+01	7.344400e+01
311	8.906071e+00	2.651182e+03	4.238953e+02	3.981926e+02	7.959554e+01	4.240928e+01	7.540659e+01
312	8.934708e+00	2.642745e+03	4.226440e+02	3.973696e+02	7.946925e+01	4.234150e+01	7.705785e+01
313	8.963345e+00	2.649471e+03	4.213167e+02	3.968845e+02	7.975968e+01	4.229470e+01	7.874460e+01
314	8.991982e+00	2.641410e+03	4.202746e+02	3.959518e+02	7.972827e+01	4.218262e+01	8.058475e+01
315	9.020619e+00	2.632127e+03	4.189456e+02	3.952314e+02	7.958340e+01	4.211089e+01	8.163142e+01
316	9.049255e+00	2.635135e+03	4.175849e+02	3.943272e+02	7.977457e+01	4.205798e+01	8.318974e+01
317	9.077892e+00	2.629245e+03	4.164492e+02	3.934186e+02	7.962067e+01	4.204509e+01	8.441611e+01
318	9.106529e+00	2.644456e+03	4.151888e+02	3.925568e+02	8.004940e+01	4.206185e+01	8.580864e+01
319	9.135166e+00	2.637346e+03	4.140247e+02	3.916447e+02	7.980527e+01	4.207708e+01	8.722459e+01
320	9.163803e+00	2.649857e+03	4.128227e+02	3.907679e+02	7.979467e+01	4.228231e+01	8.872324e+01
321	9.192440e+00	2.640694e+03	4.118498e+02	3.898080e+02	7.987174e+01	4.209544e+01	9.026067e+01
322	9.221077e+00	2.640877e+03	4.108277e+02	3.887636e+02	7.987657e+01	4.209582e+01	9.155832e+01
323	9.249714e+00	2.653468e+03	4.096104e+02	3.877526e+02	8.024753e+01	4.210098e+01	9.333534e+01
324	9.278351e+00	2.639263e+03	4.088200e+02	3.867792e+02	7.983248e+01	4.209332e+01	9.507282e+01
325	9.306987e+00	2.643038e+03	4.077246e+02	3.855708e+02	7.966971e+01	4.223965e+01	9.653023e+01
326	9.335624e+00	2.630710e+03	4.070570e+02	3.844320e+02	7.935536e+01	4.220917e+01	9.814259e+01
327	9.364261e+00	2.631314e+03	4.061432e+02	3.832630e+02	7.950631e+01	4.213871e+01	9.987817e+01
328	9.392898e+00	2.649067e+03	4.051609e+02	3.820202e+02	7.952147e+01	4.241492e+01	1.013479e+02
329	9.421535e+00	2.635664e+03	4.042818e+02	3.808026e+02	7.950204e+01	4.221064e+01	1.030030e+02
330	9.450172e+00	2.638309e+03	4.034998e+02	3.796363e+02	7.958564e+01	4.220861e+01	1.047955e+02
331	9.478809e+00	2.630102e+03	4.027326e+02	3.785510e+02	7.923117e+01	4.226557e+01	1.068035e+02
332	9.507446e+00	2.640674e+03	4.019766e+02	3.772579e+02	7.923975e+01	4.243086e+01	1.084309e+02
333	9.536082e+00	2.641229e+03	4.011967e+02	3.758438e+02	7.931586e+01	4.239906e+01	1.094857e+02
334	9.564719e+00	2.634649e+03	4.003895e+02	3.744900e+02	7.909162e+01	4.241333e+01	1.109499e+02
335	9.593356e+00	2.637984e+03	3.997242e+02	3.731168e+02	7.933392e+01	4.233733e+01	1.130154e+02
336	9.621993e+00	2.641562e+03	3.991951e+02	3.718011e+02	7.960817e+01	4.224870e+01	1.142139e+02
337	9.650630e+00	2.638411e+03	3.982220e+02	3.702625e+02	7.945844e+01	4.227782e+01	1.157703e+02
338	9.679267e+00	2.641643e+03	3.978355e+02	3.690223e+02	7.919330e+01	4.247132e+01	1.168194e+02
339	9.707904e+00	2.641798e+03	3.970845e+02	3.675714e+02	7.923843e+01	4.244962e+01	1.184884e+02
340	9.736541e+00	2.639038e+03	3.966620e+02	3.663286e+02	7.891237e+01	4.258049e+01	1.200179e+02
341	9.765178e+00	2.638648e+03	3.961724e+02	3.648392e+02	7.888280e+01	4.259016e+01	1.214980e+02
342	9.793814e+00	2.656016e+03	3.958037e+02	3.633188e+02	7.922337e+01	4.268620e+01	1.230106e+02
343	9.822451e+00	2.653256e+03	3.955623e+02	3.621543e+02	7.903294e+01	4.274459e+01	1.248533e+02
344	9.851088e+00	2.638639e+03	3.950533e+02	3.606388e+02	7.875185e+01	4.266084e+01	1.265154e+02
345	9.879725e+00	2.651492e+03	3.946529e+02	3.591859e+02	7.877150e+01	4.285794e+01	1.279909e+02
346	9.908362e+00	2.651500e+03	3.944004e+02	3.577118e+02	7.902213e+01	4.272214e+01	1.292101e+02
347	9.936999e+00	2.641898e+03	3.942672e+02	3.563005e+02	7.870721e+01	4.273774e+01	1.303286e+02
348	9.965636e+00	2.660515e+03	3.940593e+02	3.547173e+02	7.912679e+01	4.281069e+01	1.323748e+02
349	9.994273e+00	2.656219e+03	3.937448e+02	3.532773e+02	7.877312e+01	4.293347e+01	1.334946e+02
350	1.002291e+01	2.684134e+03	3.934712e+02	3.516819e+02	7.891428e+01	4.330707e+01	1.345408e+02
351	1.005155e+01	2.646934e+03	3.936465e+02	3.501056e+02	7.863363e+01	4.285929e+01	1.365016e+02
352	1.008018e+01	2.651843e+03	3.934976e+02	3.486090e+02	7.892290e+01	4.278139e+01	1.376139e+02
353	1.010882e+01	2.646590e+03	3.936357e+02	3.471608e+02	7.836061e+01	4.300301e+01	1.392741e+02
354	1.013746e+01	2.640989e+03	3.935928e+02	3.456778e+02	7.848404e+01	4.284453e+01	1.403891e+02
355	1.016609e+01	2.634512e+03	3.936129e+02	3.441756e+02	7.798000e+01	4.301571e+01	1.418462e+02
356	1.019473e+01	2.653074e+03	3.937160e+02	3.426732e+02	7.878258e+01	4.287749e+01	1.438369e+02
357	1.022337e+01	2.632328e+03	3.938235e+02	3.411115e+02	7.808079e+01	4.292456e+01	1.450229e+02
358	1.025200e+01	2.651768e+03	3.939456e+02	3.393653e+02	7.857032e+01	4.297216e+01	1.465778e+02
359	1.028064e+01	2.662176e+03	3.940782e+02	3.379077e+02	7.860498e+01	4.312180e+01	1.482904e+02
360	1.030928e+01	2.655411e+03	3.945203e+02	3.365444e+02	7.863600e+01	4.299525e+01	1.498823e+02
361	1.033792e+01	2.643978e+03	3.945979e+02	3.351049e+02	7.826639e+01	4.301229e+01	1.512141e+02
362	1.036655e+01	2.652226e+03	3.950088e+02	3.335313e+02	7.847231e+01	4.303326e+01	1.529632e+02
363	1.039519e+01	2.647849e+03	3.950283e+02	3.319860e+02	7.840386e+01	4.299975e+01	1.539993e+02
364	1.042383e+01	2.642810e+03	3.953600e+02	3.305781e+02	7.817379e+01	4.304423e+01	1.551565e+02
365	1.045246e+01	2.627434e+03	3.957569e+02	3.292769e+02	7.778324e+01	4.300865e+01	1.565756e+02
366	1.048110e+01	2.648300e+03	3.961112e+02	3.277443e+02	7.838477e+01	4.301754e+01	1.579738e+02
367	1.050974e+01	2.625951e+03	3.967815e+02	3.264321e+02	7.790832e+01	4.291538e+01	1.596861e+02
368	1.053837e+01	2.630697e+03	3.973869e+02	3.251514e+02	7.796528e+01	4.296153e+01	1.615404e+02
369	1.056701e+01	2.632805e+03	3.979637e+02	3.237849e+02	7.806644e+01	4.294024e+01	1.630460e+02
370	1.059565e+01	2.619223e+03	3.987562e+02	3.225008e+02	7.780929e+01	4.285991e+01	1.649429e+02
371	1.062428e+01	2.625152e+03	3.994298e+02	3.212058e+02	7.787148e+01	4.292262e+01	1.666697e+02
372	1.065292e+01	2.620850e+03	4.001470e+02	3.197965e+02	7.795227e+01	4.280787e+01	1.685123e+02
373	1.068156e+01	2.645542e+03	4.009492e+02	3.186120e+02	7.800388e+01	4.318258e+01	1.697815e+02
374	1.071019e+01	2.620839e+03	4.017003e+02	3.173470e+02	7.770102e+01	4.294610e+01	1.716756e+02
375	1.073883e+01	2.611505e+03	4.024336e+02	3.160663e+02	7.755598e+01	4.287318e+01	1.738409e+02
376	1.076747e+01	2.637247e+03	4.032520e+02	3.146695e+02	7.848365e+01	4.278403e+01	1.757693e+02
377	1.079611e+01	2.618312e+03	4.042016e+02	3.135562e+02	7.781955e+01	4.283934e+01	1.776338e+02
378	1.082474e+01	2.602962e+03	4.049943e+02	3.125276e+02	7.745995e+01	4.278591e+01	1.790963e+02
379	1.085338e+01	2.613028e+03	4.059843e+02	3.114079e+02	7.763650e+01	4.285368e+01	1.361042e+00
380	1.088202e+01	2.606605e+03	4.070726e+02	3.103207e+02	7.742025e+01	4.286776e+01	3.349102e+00
381	1.091065e+01	2.621428e+03	4.081947e+02	3.092854e+02	7.784505e+01	4.287627e+01	5.172729e+00
382	1.093929e+01	2.622778e+03	4.093177e+02	3.083834e+02	7.785828e+01	4.289106e+01	7.426047e+00
383	1.096793e+01	2.627478e+03	4.105321e+02	3.075177e+02	7.755309e+01	4.313701e+01	9.723395e+00
384	1.099656e+01	2.601068e+03	4.116487e+02	3.068740e+02	7.725301e+01	4.286931e+01	1.079557e+01
385	1.102520e+01	2.618713e+03	4.128706e+02	3.058290e+02	7.757096e+01	4.298322e+01	1.358297e+01
386	1.105384e+01	2.593969e+03	4.139275e+02	3.051753e+02	7.718657e+01	4.278911e+01	1.489383e+01
387	1.108247e+01	2.621350e+03	4.153646e+02	3.041922e+02	7.766214e+01	4.297598e+01	1.759291e+01
388	1.111111e+01	2.609075e+03	4.166963e+02	3.033058e+02	7.745154e+01	4.289104e+01	1.881730e+01
389	1.113975e+01	2.622923e+03	4.179366e+02	3.026486e+02	7.778569e+01	4.293347e+01	2.107279e+01
390	1.116838e+01	2.604500e+03	4.192521e+02	3.020503e+02	7.718185e+01	4.296544e+01	2.316056e+01
391	1.119702e+01	2.613528e+03	4.205995e+02	3.013979e+02	7.765935e+01	4.284928e+01	2.449977e+01
392	1.122566e+01	2.617653e+03	4.220593e+02	3.008150e+02	7.787731e+01	4.279679e+01	2.640352e+01
393	1.125430e+01	2.628382e+03	4.235874e+02	3.001719e+02	7.829456e+01	4.274320e+01	2.820783e+01
394	1.128293e+01	2.596634e+03	4.248152e+02	2.999508e+02	7.748824e+01	4.266631e+01	2.981508e+01
395	1.131157e+01	2.594412e+03	4.263921e+02	2.994621e+02	7.785499e+01	4.242898e+01	3.219217e+01
396	1.134021e+01	2.609357e+03	4.280987e+02	2.989276e+02	7.803944e+01	4.257252e+01	3.419983e+01
397	1.136884e+01	2.611744e+03	4.293168e+02	2.988542e+02	7.781104e+01	4.273655e+01	3.649343e+01
398	1.139748e+01	2.604727e+03	4.308999e+02	2.984750e+02	7.786938e+01	4.258981e+01	3.838662e+01
399	1.142612e+01	2.591467e+03	4.323781e+02	2.982010e+02	7.746955e+01	4.259167e+01	4.031867e+01
400	1.145475e+01	2.617163e+03	4.339221e+02	2.981204e+02	7.836047e+01	4.252496e+01	4.189182e+01
401	1.148339e+01	2.609389e+03	4.354483e+02	2.980507e+02	7.839238e+01	4.238138e+01	4.407524e+01
402	1.151203e+01	2.613469e+03	4.371659e+02	2.976648e+02	7.844934e+01	4.241682e+01	4.590381e+01
403	1.154066e+01	2.605104e+03	4.386107e+02	2.978594e+02	7.833688e+01	4.234176e+01	4.807736e+01
404	1.156930e+01	2.588827e+03	4.398799e+02	2.980455e+02	7.787664e+01	4.232587e+01	4.916258e+01
405	1.159794e+01	2.591948e+03	4.415691e+02	2.978433e+02	7.802567e+01	4.229596e+01	5.168046e+01
406	1.162658e+01	2.587823e+03	4.428272e+02	2.979585e+02	7.763271e+01	4.244239e+01	5.312137e+01
407	1.165521e+01	2.589516e+03	4.444870e+02	2.979713e+02	7.815517e+01	4.218626e+01	5.469651e+01
408	1.168385e+01	2.585220e+03	4.460170e+02	2.982625e+02	7.801297e+01	4.219304e+01	5.654749e+01
409	1.171249e+01	2.593754e+03	4.475188e+02	2.985587e+02	7.829915e+01	4.217760e+01	5.786422e+01
410	1.174112e+01	2.581815e+03	4.490630e+02	2.989353e+02	7.754845e+01	4.238988e+01	6.013345e+01
411	1.176976e+01	2.594138e+03	4.507638e+02	2.992058e+02	7.817202e+01	4.225244e+01	6.192336e+01
412	1.179840e+01	2.566006e+03	4.518553e+02	2.997581e+02	7.753073e+01	4.213994e+01	6.350420e+01
413	1.182703e+01	2.576762e+03	4.533609e+02	3.000992e+02	7.798240e+01	4.207149e+01	6.537569e+01
414	1.185567e+01	2.605449e+03	4.550504e+02	3.006215e+02	7.894262e+01	4.202244e+01	6.714423e+01
415	1.188431e+01	2.601097e+03	4.565119e+02	3.010907e+02	7.882910e+01	4.201265e+01	6.881110e+01
416	1.191294e+01	2.599407e+03	4.580323e+02	3.014870e+02	7.874138e+01	4.203212e+01	7.023874e+01
417	1.194158e+01	2.597419e+03	4.593788e+02	3.020109e+02	7.878362e+01	4.197747e+01	7.198782e+01
418	1.197022e+01	2.586824e+03	4.607310e+02	3.026619e+02	7.837060e+01	4.202657e+01	7.340194e+01
419	1.199885e+01	2.586293e+03	4.623372e+02	3.031595e+02	7.853042e+01	4.193242e+01	7.525259e+01
420	1.202749e+01	2.596600e+03	4.639088e+02	3.037762e+02	7.914259e+01	4.177388e+01	7.585041e+01
421	1.205613e+01	2.605399e+03	4.653569e+02	3.044566e+02	7.927048e+01	4.184783e+01	7.789081e+01
422	1.208477e+01	2.595721e+03	4.666858e+02	3.051605e+02	7.909203e+01	4.178643e+01	7.940753e+01
423	1.211340e+01	2.580628e+03	4.679418e+02	3.059677e+02	7.886209e+01	4.166460e+01	8.125900e+01
424	1.214204e+01	2.599605e+03	4.693152e+02	3.068744e+02	7.927843e+01	4.175058e+01	8.286044e+01
425	1.217068e+01	2.604714e+03	4.707003e+02	3.077731e+02	7.936367e+01	4.178769e+01	8.451974e+01
426	1.219931e+01	2.594214e+03	4.717197e+02	3.087075e+02	7.898354e+01	4.181956e+01	8.639020e+01
427	1.222795e+01	2.593524e+03	4.733213e+02	3.095251e+02	7.911437e+01	4.173929e+01	8.777916e+01
428	1.225659e+01	2.588457e+03	4.743813e+02	3.106017e+02	7.903343e+01	4.170041e+01	8.937490e+01
429	1.228522e+01	2.587655e+03	4.755071e+02	3.116201e+02	7.934451e+01	4.152404e+01	9.078865e+01
430	1.231386e+01	2.598268e+03	4.769634e+02	3.125877e+02	7.923338e+01	4.175282e+01	9.175741e+01
431	1.234250e+01	2.588779e+03	4.781053e+02	3.134882e+02	7.906715e+01	4.168780e+01	9.338613e+01
432	1.237113e+01	2.568906e+03	4.790648e+02	3.145772e+02	7.851862e+01	4.165678e+01	9.488149e+01
433	1.239977e+01	2.584481e+03	4.803048e+02	3.156852e+02	7.889871e+01	4.170744e+01	9.591743e+01
434	1.242841e+01	2.584446e+03	4.812286e+02	3.169643e+02	7.855062e+01	4.189169e+01	9.739639e+01
435	1.245704e+01	2.580912e+03	4.822526e+02	3.180957e+02	7.875082e+01	4.172807e+01	9.899610e+01
436	1.248568e+01	2.593361e+03	4.833848e+02	3.192532e+02	7.915472e+01	4.171538e+01	1.004749e+02
437	1.251432e+01	2.587993e+03	4.842980e+02	3.205942e+02	7.878358e+01	4.182515e+01	1.018607e+02
438	1.254296e+01	2.583170e+03	4.853331e+02	3.217592e+02	7.833534e+01	4.198608e+01	1.034725e+02
439	1.257159e+01	2.593040e+03	4.863681e+02	3.229066e+02	7.860884e+01	4.199986e+01	1.046146e+02
440	1.260023e+01	2.590961e+03	4.873411e+02	3.242382e+02	7.857452e+01	4.198452e+01	1.059326e+02
441	1.262887e+01	2.594532e+03	4.881539e+02	3.255208e+02	7.868338e+01	4.198423e+01	1.075631e+02
442	1.265750e+01	2.607094e+03	4.888780e+02	3.266956e+02	7.854960e+01	4.225935e+01	1.094966e+02
443	1.268614e+01	2.611076e+03	4.899467e+02	3.279915e+02	7.866675e+01	4.226087e+01	1.108191e+02
444	1.271478e+01	2.598517e+03	4.906096e+02	3.292521e+02	7.822861e+01	4.229316e+01	1.117955e+02
445	1.274341e+01	2.580435e+03	4.913637e+02	3.307507e+02	7.796178e+01	4.214260e+01	1.136719e+02
446	1.277205e+01	2.605932e+03	4.923130e+02	3.322383e+02	7.851228e+01	4.226060e+01	1.150408e+02
447	1.280069e+01	2.600860e+03	4.926373e+02	3.335559e+02	7.819106e+01	4.235162e+01	1.168817e+02
448	1.282932e+01	2.623169e+03	4.934129e+02	3.351214e+02	7.872815e+01	4.242348e+01	1.183579e+02
449	1.285796e+01	2.613540e+03	4.939539e+02	3.364731e+02	7.867279e+01	4.229750e+01	1.198311e+02
450	1.288660e+01	2.613064e+03	4.944561e+02	3.379176e+02	7.845710e+01	4.240606e+01	1.212544e+02
451	1.291523e+01	2.621469e+03	4.949444e+02	3.393785e+02	7.851022e+01	4.251368e+01	1.231105e+02
452	1.294387e+01	2.624468e+03	4.954439e+02	3.409567e+02	7.860506e+01	4.251096e+01	1.239726e+02
453	1.297251e+01	2.613139e+03	4.960090e+02	3.424815e+02	7.848782e+01	4.239067e+01	1.258536e+02
454	1.300115e+01	2.617280e+03	4.964709e+02	3.440738e+02	7.830092e+01	4.255920e+01	1.272210e+02
455	1.302978e+01	2.626597e+03	4.968801e+02	3.455283e+02	7.824291e+01	4.274236e+01	1.288171e+02
456	1.305842e+01	2.661041e+03	4.973177e+02	3.469675e+02	7.891202e+01	4.293569e+01	1.297901e+02
457	1.308706e+01	2.638384e+03	4.979733e+02	3.485613e+02	7.854277e+01	4.277027e+01	1.318017e+02
458	1.311569e+01	2.632259e+03	4.983687e+02	3.501259e+02	7.851252e+01	4.268742e+01	1.327815e+02
459	1.314433e+01	2.641728e+03	4.987130e+02	3.516782e+02	7.880692e+01	4.268093e+01	1.339895e+02
460	1.317297e+01	2.642851e+03	4.991272e+02	3.532426e+02	7.902191e+01	4.258290e+01	1.352054e+02
461	1.320160e+01	2.659241e+03	4.993172e+02	3.546733e+02	7.921727e+01	4.274133e+01	1.368006e+02
462	1.323024e+01	2.643662e+03	4.996953e+02	3.563814e+02	7.874377e+01	4.274643e+01	1.382638e+02
463	1.325888e+01	2.650621e+03	4.997628e+02	3.578129e+02	7.874229e+01	4.285975e+01	1.394506e+02
464	1.328751e+01	2.655035e+03	5.000797e+02	3.595516e+02	7.900175e+01	4.279013e+01	1.404871e+02
465	1.331615e+01	2.660831e+03	5.002725e+02	3.609221e+02	7.885609e+01	4.296276e+01	1.414405e+02
466	1.334479e+01	2.654768e+03	5.004094e+02	3.625135e+02	7.862833e+01	4.298903e+01	1.425470e+02
467	1.337342e+01	2.642792e+03	5.004403e+02	3.639952e+02	7.816266e+01	4.305006e+01	1.440699e+02
468	1.340206e+01	2.640128e+03	5.005020e+02	3.654645e+02	7.824796e+01	4.295978e+01	1.450031e+02
469	1.343070e+01	2.648375e+03	5.002419e+02	3.670851e+02	7.857610e+01	4.291401e+01	1.468709e+02
470	1.345934e+01	2.671398e+03	5.001082e+02	3.687141e+02	7.874479e+01	4.319435e+01	1.479081e+02
471	1.348797e+01	2.651129e+03	4.999982e+02	3.701581e+02	7.853311e+01	4.298215e+01	1.492540e+02
472	1.351661e+01	2.652958e+03	4.998439e+02	3.717088e+02	7.857962e+01	4.298635e+01	1.505977e+02
473	1.354525e+01	2.661723e+03	4.998007e+02	3.730438e+02	7.851187e+01	4.316558e+01	1.513325e+02
474	1.357388e+01	2.672512e+03	4.995173e+02	3.746502e+02	7.900127e+01	4.307207e+01	1.521869e+02
475	1.360252e+01	2.672727e+03	4.994406e+02	3.761366e+02	7.879269e+01	4.318956e+01	1.535467e+02
476	1.363116e+01	2.667730e+03	4.996022e+02	3.778203e+02	7.842043e+01	4.331344e+01	1.545071e+02
477	1.365979e+01	2.660998e+03	4.993417e+02	3.793152e+02	7.830039e+01	4.327039e+01	1.554758e+02
478	1.368843e+01	2.657267e+03	4.990088e+02	3.807597e+02	7.832088e+01	4.319840e+01	1.568421e+02
479	1.371707e+01	2.675138e+03	4.988965e+02	3.822790e+02	7.887013e+01	4.318608e+01	1.581234e+02
480	1.374570e+01	2.673958e+03	4.984854e+02	3.836893e+02	7.856087e+01	4.333695e+01	1.595086e+02
481	1.377434e+01	2.683474e+03	4.983127e+02	3.853722e+02	7.872618e+01	4.339985e+01	1.604106e+02
482	1.380298e+01	2.671290e+03	4.977209e+02	3.868037e+02	7.859314e+01	4.327594e+01	1.616022e+02
483	1.383162e+01	2.677668e+03	4.970952e+02	3.880443e+02	7.892918e+01	4.319458e+01	1.634044e+02
484	1.386025e+01	2.684698e+03	4.965895e+02	3.895383e+02	7.885403e+01	4.334926e+01	1.648622e+02
485	1.388889e+01	2.686807e+03	4.960898e+02	3.910002e+02	7.890485e+01	4.335537e+01	1.660309e+02
486	1.391753e+01	2.674422e+03	4.953182e+02	3.923607e+02	7.861740e+01	4.331330e+01	1.671247e+02
487	1.394616e+01	2.684903e+03	4.946782e+02	3.936036e+02	7.883118e+01	4.336514e+01	1.682693e+02
488	1.397480e+01	2.682340e+03	4.941549e+02	3.951259e+02	7.895169e+01	4.325761e+01	1.697816e+02
489	1.400344e+01	2.686109e+03	4.934858e+02	3.965584e+02	7.879665e+01	4.340361e+01	1.705300e+02
490	1.403207e+01	2.681504e+03	4.928643e+02	3.978161e+02	7.874363e+01	4.335839e+01	1.713139e+02
491	1.406071e+01	2.677845e+03	4.922234e+02	3.992588e+02	7.868591e+01	4.333099e+01	1.726727e+02
492	1.408935e+01	2.674983e+03	4.915330e+02	4.006158e+02	7.895652e+01	4.313633e+01	1.741218e+02
493	1.411798e+01	2.684717e+03	4.907625e+02	4.021228e+02	7.887811e+01	4.333633e+01	1.752793e+02
494	1.414662e+01	2.674575e+03	4.901151e+02	4.033109e+02	7.917009e+01	4.301339e+01	1.766390e+02
495	1.417526e+01	2.687362e+03	4.894559e+02	4.046299e+02	7.894044e+01	4.334478e+01	1.773904e+02
496	1.420389e+01	2.671491e+03	4.887176e+02	4.060828e+02	7.860300e+01	4.327377e+01	1.787585e+02
497	1.423253e+01	2.681982e+03	4.878254e+02	4.073479e+02	7.901233e+01	4.321864e+01	3.103582e-02
498	1.426117e+01	2.675924e+03	4.869028e+02	4.083960e+02	7.889648e+01	4.318433e+01	1.340614e+00
499	1.428981e+01	2.678011e+03	4.859802e+02	4.097345e+02	7.882711e+01	4.325605e+01	2.673045e+00
500	1.431844e+01	2.684412e+03	4.850078e+02	4.107831e+02	7.906812e+01	4.322727e+01	4.348964e+00
501	1.434708e+01	2.671589e+03	4.839037e+02	4.119327e+02	7.862942e+01	4.326082e+01	5.272422e+00
502	1.437572e+01	2.679236e+03	4.828921e+02	4.129761e+02	7.877942e+01	4.330204e+01	7.300288e+00
503	1.440435e+01	2.664892e+03	4.818750e+02	4.139992e+02	7.857540e+01	4.318203e+01	8.572895e+00
504	1.443299e+01	2.675423e+03	4.808459e+02	4.147986e+02	7.892664e+01	4.315975e+01	1.007501e+01
505	1.446163e+01	2.676820e+03	4.796376e+02	4.160993e+02	7.894740e+01	4.317093e+01	1.149722e+01
506	1.449026e+01	2.666712e+03	4.787545e+02	4.171270e+02	7.886485e+01	4.305293e+01	1.289216e+01
507	1.451890e+01	2.676616e+03	4.777538e+02	4.181077e+02	7.889236e+01	4.319777e+01	1.444828e+01
508	1.454754e+01	2.686642e+03	4.766484e+02	4.190394e+02	7.920953e+01	4.318595e+01	1.586213e+01
509	1.457617e+01	2.676651e+03	4.754016e+02	4.200516e+02	7.847908e+01	4.342582e+01	1.745376e+01
510	1.460481e+01	2.670039e+03	4.742286e+02	4.209518e+02	7.877525e+01	4.315567e+01	1.881261e+01
511	1.463345e+01	2.668275e+03	4.730634e+02	4.216567e+02	7.889671e+01	4.306078e+01	2.005183e+01
512	1.466208e+01	2.668520e+03	4.718232e+02	4.224251e+02	7.885295e+01	4.308863e+01	2.152593e+01
513	1.469072e+01	2.673081e+03	4.704742e+02	4.232843e+02	7.892104e+01	4.312504e+01	2.320242e+01
514	1.471936e+01	2.670887e+03	4.692580e+02	4.239512e+02	7.890514e+01	4.309831e+01	2.465610e+01
515	1.474800e+01	2.675917e+03	4.679240e+02	4.242689e+02	7.893023e+01	4.316576e+01	2.649521e+01
516	1.477663e+01	2.677610e+03	4.665368e+02	4.249569e+02	7.885217e+01	4.323582e+01	2.782656e+01
517	1.480527e+01	2.673748e+03	4.651678e+02	4.255322e+02	7.888833e+01	4.315368e+01	2.941672e+01
518	1.483391e+01	2.667572e+03	4.638499e+02	4.258031e+02	7.900735e+01	4.298914e+01	3.087304e+01
519	1.486254e+01	2.654653e+03	4.622911e+02	4.265118e+02	7.835776e+01	4.313560e+01	3.258828e+01
520	1.489118e+01	2.673064e+03	4.610571e+02	4.268382e+02	7.887137e+01	4.315191e+01	3.444904e+01
521	1.491982e+01	2.661937e+03	4.596935e+02	4.272290e+02	7.895414e+01	4.292724e+01	3.571271e+01
522	1.494845e+01	2.656797e+03	4.582801e+02	4.274899e+02	7.859897e+01	4.303796e+01	3.733663e+01
523	1.497709e+01	2.670252e+03	4.568459e+02	4.279019e+02	7.899875e+01	4.303701e+01	3.857983e+01
524	1.500573e+01	2.679286e+03	4.553753e+02	4.283493e+02	7.910945e+01	4.312219e+01	4.020061e+01
525	1.503436e+01	2.672538e+03	4.540589e+02	4.285887e+02	7.915971e+01	4.298628e+01	4.131736e+01
526	1.506300e+01	2.667956e+03	4.527024e+02	4.286665e+02	7.863512e+01	4.319886e+01	4.277111e+01
527	1.509164e+01	2.676359e+03	4.511983e+02	4.288326e+02	7.918096e+01	4.303618e+01	4.468232e+01
528	1.512027e+01	2.668663e+03	4.496081e+02	4.292131e+02	7.914387e+01	4.293254e+01	4.628063e+01
529	1.514891e+01	2.661975e+03	4.482296e+02	4.292675e+02	7.904187e+01	4.288021e+01	4.762796e+01
530	1.517755e+01	2.665955e+03	4.468986e+02	4.293633e+02	7.909336e+01	4.291636e+01	4.891960e+01
531	1.520619e+01	2.655239e+03	4.451930e+02	4.294460e+02	7.897503e+01	4.280790e+01	5.041317e+01
532	1.523482e+01	2.659961e+03	4.440380e+02	4.295522e+02	7.888959e+01	4.293047e+01	5.233764e+01
533	1.526346e+01	2.668700e+03	4.425767e+02	4.293988e+02	7.955565e+01	4.271091e+01	5.431022e+01
534	1.529210e+01	2.669484e+03	4.411373e+02	4.293146e+02	7.933712e+01	4.284114e+01	5.577465e+01
535	1.532073e+01	2.668969e+03	4.396512e+02	4.292965e+02	7.939390e+01	4.280224e+01	5.706385e+01
536	1.534937e+01	2.662713e+03	4.382757e+02	4.291124e+02	7.944573e+01	4.267405e+01	5.847100e+01
537	1.537801e+01	2.680169e+03	4.366923e+02	4.289471e+02	7.975424e+01	4.278766e+01	6.005264e+01
538	1.540664e+01	2.666869e+03	4.352831e+02	4.287439e+02	7.934142e+01	4.279686e+01	6.108956e+01
539	1.543528e+01	2.665614e+03	4.339204e+02	4.284904e+02	7.958797e+01	4.264419e+01	6.249342e+01
540	1.546392e+01	2.655509e+03	4.325882e+02	4.280311e+02	7.959997e+01	4.247614e+01	6.419605e+01
541	1.549255e+01	2.655054e+03	4.311461e+02	4.275232e+02	7.962377e+01	4.245617e+01	6.553639e+01
542	1.552119e+01	2.659686e+03	4.296589e+02	4.271413e+02	7.976244e+01	4.245629e+01	6.693336e+01
543	1.554983e+01	2.651031e+03	4.283960e+02	4.267361e+02	7.951152e+01	4.245167e+01	6.861389e+01
544	1.557847e+01	2.664322e+03	4.269413e+02	4.262530e+02	7.966979e+01	4.257975e+01	7.004372e+01
545	1.560710e+01	2.656643e+03	4.256089e+02	4.256985e+02	7.996131e+01	4.230225e+01	7.192772e+01
546	1.563574e+01	2.661545e+03	4.242668e+02	4.250909e+02	8.018897e+01	4.225999e+01	7.316092e+01
547	1.566438e+01	2.660626e+03	4.229245e+02	4.245469e+02	7.984087e+01	4.242957e+01	7.444968e+01
548	1.569301e+01	2.652373e+03	4.219115e+02	4.237961e+02	7.997099e+01	4.222914e+01	7.566340e+01
549	1.572165e+01	2.647548e+03	4.204917e+02	4.230680e+02	8.000314e+01	4.213539e+01	7.703593e+01
550	1.575029e+01	2.649957e+03	4.191501e+02	4.223353e+02	7.975278e+01	4.230611e+01	7.863702e+01
551	1.577892e+01	2.651702e+03	4.181074e+02	4.215227e+02	7.980081e+01	4.230850e+01	8.000668e+01
552	1.580756e+01	2.658273e+03	4.169048e+02	4.205561e+02	8.031109e+01	4.214386e+01	8.205239e+01
553	1.583620e+01	2.650020e+03	4.156682e+02	4.198188e+02	8.005840e+01	4.214562e+01	8.325514e+01
554	1.586483e+01	2.645296e+03	4.145012e+02	4.190233e+02	8.015891e+01	4.201773e+01	8.440539e+01
555	1.589347e+01	2.655070e+03	4.132176e+02	4.182680e+02	8.017321e+01	4.216546e+01	8.560262e+01
556	1.592211e+01	2.659517e+03	4.119863e+02	4.174753e+02	8.032094e+01	4.215839e+01	8.692876e+01
557	1.595074e+01	2.644619e+03	4.109664e+02	4.166395e+02	8.000095e+01	4.208991e+01	8.853612e+01
558	1.597938e+01	2.649051e+03	4.098900e+02	4.156816e+02	7.991918e+01	4.220359e+01	8.997739e+01
559	1.600802e+01	2.654650e+03	4.088827e+02	4.145962e+02	7.991776e+01	4.229355e+01	9.129737e+01
560	1.603666e+01	2.643101e+03	4.076834e+02	4.135596e+02	7.975871e+01	4.219352e+01	9.277547e+01
561	1.606529e+01	2.639478e+03	4.066960e+02	4.125385e+02	8.001014e+01	4.200328e+01	9.365663e+01
562	1.609393e+01	2.663437e+03	4.057448e+02	4.114313e+02	7.988265e+01	4.245219e+01	9.526447e+01
563	1.612257e+01	2.661595e+03	4.047505e+02	4.103597e+02	7.998175e+01	4.237026e+01	9.630396e+01
564	1.615120e+01	2.655004e+03	4.038514e+02	4.091848e+02	8.011134e+01	4.219696e+01	9.753563e+01
565	1.617984e+01	2.642763e+03	4.029307e+02	4.081586e+02	7.958657e+01	4.227938e+01	9.886740e+01
566	1.620848e+01	2.657083e+03	4.019402e+02	4.068578e+02	7.981239e+01	4.238821e+01	9.949976e+01
567	1.623711e+01	2.644584e+03	4.012813e+02	4.057377e+02	7.978660e+01	4.220243e+01	1.012755e+02
568	1.626575e+01	2.650419e+03	4.004930e+02	4.044468e+02	7.968091e+01	4.235165e+01	1.029399e+02
569	1.629439e+01	2.649280e+03	3.998245e+02	4.031633e+02	7.966355e+01	4.234268e+01	1.043217e+02
570	1.632302e+01	2.662025e+03	3.990225e+02	4.018239e+02	7.964934e+01	4.255396e+01	1.055766e+02
571	1.635166e+01	2.641469e+03	3.981908e+02	4.004751e+02	7.940813e+01	4.235363e+01	1.070853e+02
572	1.638030e+01	2.661234e+03	3.975045e+02	3.992586e+02	7.981674e+01	4.245211e+01	1.082545e+02
573	1.640893e+01	2.656352e+03	3.967411e+02	3.978674e+02	7.958791e+01	4.249606e+01	1.092423e+02
574	1.643757e+01	2.650218e+03	3.962856e+02	3.965236e+02	7.941549e+01	4.248997e+01	1.108047e+02
575	1.646621e+01	2.654351e+03	3.955302e+02	3.951903e+02	7.940969e+01	4.255935e+01	1.125683e+02
576	1.649485e+01	2.663840e+03	3.949259e+02	3.937500e+02	7.940800e+01	4.271241e+01	1.139777e+02
577	1.652348e+01	2.657319e+03	3.945704e+02	3.924506e+02	7.947815e+01	4.257024e+01	1.154895e+02
578	1.655212e+01	2.675200e+03	3.940618e+02	3.909588e+02	7.979259e+01	4.268780e+01	1.167832e+02
579	1.658076e+01	2.673976e+03	3.935584e+02	3.896090e+02	7.956644e+01	4.278955e+01	1.186105e+02
580	1.660939e+01	2.663788e+03	3.929986e+02	3.880911e+02	7.958479e+01	4.261670e+01	1.196923e+02
581	1.663803e+01	2.669648e+03	3.925323e+02	3.866214e+02	7.948124e+01	4.276609e+01	1.213524e+02
582	1.666667e+01	2.672343e+03	3.921387e+02	3.851887e+02	7.948728e+01	4.280600e+01	1.228686e+02
583	1.669530e+01	2.673986e+03	3.918903e+02	3.837448e+02	7.967813e+01	4.272973e+01	1.238622e+02
584	1.672394e+01	2.672591e+03	3.914772e+02	3.822976e+02	7.936790e+01	4.287438e+01	1.253023e+02
585	1.675258e+01	2.657417e+03	3.911176e+02	3.807637e+02	7.898178e+01	4.283935e+01	1.266944e+02
586	1.678121e+01	2.666281e+03	3.906976e+02	3.792711e+02	7.915141e+01	4.289013e+01	1.281287e+02
587	1.680985e+01	2.665829e+03	3.907069e+02	3.778694e+02	7.901012e+01	4.295955e+01	1.294629e+02
588	1.683849e+01	2.671602e+03	3.905830e+02	3.762987e+02	7.930777e+01	4.289100e+01	1.310290e+02
589	1.686712e+01	2.654994e+03	3.902696e+02	3.747139e+02	7.895003e+01	4.281751e+01	1.320116e+02
590	1.689576e+01	2.651627e+03	3.901536e+02	3.732314e+02	7.888208e+01	4.280004e+01	1.332492e+02
591	1.692440e+01	2.665222e+03	3.899497e+02	3.715927e+02	7.903580e+01	4.293580e+01	1.344957e+02
592	1.695304e+01	2.670370e+03	3.900481e+02	3.699640e+02	7.910225e+01	4.298261e+01	1.357319e+02
593	1.698167e+01	2.669663e+03	3.900054e+02	3.684656e+02	7.903392e+01	4.300837e+01	1.374597e+02
594	1.701031e+01	2.663633e+03	3.900113e+02	3.670175e+02	7.884589e+01	4.301357e+01	1.387087e+02
595	1.703895e+01	2.663140e+03	3.898690e+02	3.654062e+02	7.902119e+01	4.291020e+01	1.401776e+02
596	1.706758e+01	2.667255e+03	3.899237e+02	3.639147e+02	7.904106e+01	4.296570e+01	1.412060e+02
597	1.709622e+01	2.664700e+03	3.898670e+02	3.623032e+02	7.912567e+01	4.287865e+01	1.424114e+02
598	1.712486e+01	2.661911e+03	3.899640e+02	3.606904e+02	7.869501e+01	4.306817e+01	1.436442e+02
599	1.715349e+01	2.655698e+03	3.901895e+02	3.590839e+02	7.854723e+01	4.304850e+01	1.449151e+02
600	1.718213e+01	2.675206e+03	3.905227e+02	3.577280e+02	7.902818e+01	4.310081e+01	1.465715e+02
601	1.721077e+01	2.670044e+03	3.907985e+02	3.562318e+02	7.887482e+01	4.310127e+01	1.483510e+02
602	1.723940e+01	2.678896e+03	3.910035e+02	3.548234e+02	7.910540e+01	4.311812e+01	1.496691e+02
603	1.726804e+01	2.669513e+03	3.911707e+02	3.532210e+02	7.881679e+01	4.312444e+01	1.507835e+02
604	1.729668e+01	2.666677e+03	3.915728e+02	3.517720e+02	7.874853e+01	4.311596e+01	1.524939e+02
605	1.732532e+01	2.664861e+03	3.920483e+02	3.504354e+02	7.875223e+01	4.308457e+01	1.539433e+02
606	1.735395e+01	2.663003e+03	3.924490e+02	3.490141e+02	7.877335e+01	4.304300e+01	1.554409e+02
607	1.738259e+01	2.653014e+03	3.930085e+02	3.476288e+02	7.843575e+01	4.306610e+01	1.570673e+02
608	1.741123e+01	2.652916e+03	3.936072e+02	3.462655e+02	7.829515e+01	4.314185e+01	1.584857e+02
609	1.743986e+01	2.653777e+03	3.941162e+02	3.448478e+02	7.845748e+01	4.306656e+01	1.600660e+02
610	1.746850e+01	2.638413e+03	3.948236e+02	3.434739e+02	7.805350e+01	4.303883e+01	1.616384e+02
611	1.749714e+01	2.653325e+03	3.953436e+02	3.421734e+02	7.832069e+01	4.313443e+01	1.630150e+02
612	1.752577e+01	2.633680e+03	3.959890e+02	3.408109e+02	7.785745e+01	4.306981e+01	1.647048e+02
613	1.755441e+01	2.641425e+03	3.967515e+02	3.396504e+02	7.803659e+01	4.309730e+01	1.663316e+02
614	1.758305e+01	2.660615e+03	3.976349e+02	3.382984e+02	7.852074e+01	4.314275e+01	1.685271e+02
615	1.761168e+01	2.648932e+03	3.983548e+02	3.370511e+02	7.803428e+01	4.322106e+01	1.694318e+02
616	1.764032e+01	2.663256e+03	3.991089e+02	3.357213e+02	7.831879e+01	4.329692e+01	1.711462e+02
617	1.766896e+01	2.645803e+03	4.000262e+02	3.347438e+02	7.790164e+01	4.324352e+01	1.729196e+02
618	1.769759e+01	2.657926e+03	4.010290e+02	3.336736e+02	7.815004e+01	4.330358e+01	1.748142e+02
619	1.772623e+01	2.636623e+03	4.019176e+02	3.328255e+02	7.797417e+01	4.305339e+01	1.768003e+02
620	1.775487e+01	2.632032e+03	4.030817e+02	3.311471e+02	7.785998e+01	4.304146e+01	1.778037e+02
621	1.778351e+01	2.634572e+03	4.038821e+02	3.299912e+02	7.787364e+01	4.307543e+01	1.791635e+02
622	1.781214e+01	2.620824e+03	4.048362e+02	3.288391e+02	7.788295e+01	4.284554e+01	3.138344e-01
623	1.784078e+01	2.637305e+03	4.058430e+02	3.277764e+02	7.810549e+01	4.299212e+01	1.629708e+00
624	1.786942e+01	2.647058e+03	4.070408e+02	3.266010e+02	7.773051e+01	4.335928e+01	3.409193e+00
625	1.789805e+01	2.622250e+03	4.082689e+02	3.258818e+02	7.757245e+01	4.304044e+01	4.787996e+00
626	1.792669e+01	2.622621e+03	4.094068e+02	3.248431e+02	7.792293e+01	4.285292e+01	6.483485e+00
627	1.795533e+01	2.629435e+03	4.106051e+02	3.239745e+02	7.777747e+01	4.304461e+01	8.259537e+00
628	1.798396e+01	2.637189e+03	4.117940e+02	3.230580e+02	7.809309e+01	4.299706e+01	1.019700e+01
629	1.801260e+01	2.628309e+03	4.131554e+02	3.222807e+02	7.811443e+01	4.284058e+01	1.197334e+01
630	1.804124e+01	2.620105e+03	4.143913e+02	3.217332e+02	7.748721e+01	4.305254e+01	1.373191e+01
631	1.806987e+01	2.623515e+03	4.156602e+02	3.209178e+02	7.776753e+01	4.295318e+01	1.622698e+01
632	1.809851e+01	2.609747e+03	4.169175e+02	3.204309e+02	7.712190e+01	4.308547e+01	1.796326e+01
633	1.812715e+01	2.618411e+03	4.183618e+02	3.197287e+02	7.765594e+01	4.293122e+01	1.980042e+01
634	1.815578e+01	2.604561e+03	4.197560e+02	3.191250e+02	7.748091e+01	4.280060e+01	2.151886e+01
635	1.818442e+01	2.600164e+03	4.210016e+02	3.187366e+02	7.768087e+01	4.261836e+01	2.325255e+01
636	1.821306e+01	2.631614e+03	4.225387e+02	3.178798e+02	7.822993e+01	4.283111e+01	2.490748e+01
637	1.824170e+01	2.619291e+03	4.240203e+02	3.173493e+02	7.795166e+01	4.278274e+01	2.708609e+01
638	1.827033e+01	2.615805e+03	4.253953e+02	3.168736e+02	7.787585e+01	4.276739e+01	2.867111e+01
639	1.829897e+01	2.627009e+03	4.270261e+02	3.162624e+02	7.812242e+01	4.281501e+01	3.032636e+01
640	1.832761e+01	2.609359e+03	4.283327e+02	3.161292e+02	7.791665e+01	4.263965e+01	3.118553e+01
641	1.835624e+01	2.609730e+03	4.299710e+02	3.155124e+02	7.809000e+01	4.255105e+01	3.286178e+01
642	1.838488e+01	2.620974e+03	4.315428e+02	3.150595e+02	7.817712e+01	4.268676e+01	3.521232e+01
643	1.841352e+01	2.610021e+03	4.328571e+02	3.150093e+02	7.793816e+01	4.263869e+01	3.663782e+01
644	1.844215e+01	2.628600e+03	4.343373e+02	3.148253e+02	7.837343e+01	4.270372e+01	3.846313e+01
645	1.847079e+01	2.628740e+03	4.359372e+02	3.146474e+02	7.836490e+01	4.271064e+01	4.006206e+01
646	1.849943e+01	2.627062e+03	4.375239e+02	3.145042e+02	7.851888e+01	4.259968e+01	4.185152e+01
647	1.852806e+01	2.608125e+03	4.389869e+02	3.144090e+02	7.801186e+01	4.256748e+01	4.387636e+01
648	1.855670e+01	2.636001e+03	4.405805e+02	3.142680e+02	7.853748e+01	4.273452e+01	4.556059e+01
649	1.858534e+01	2.599527e+03	4.418567e+02	3.146708e+02	7.782107e+01	4.253116e+01	4.706807e+01
650	1.861397e+01	2.591958e+03	4.432552e+02	3.148567e+02	7.780110e+01	4.241821e+01	4.886187e+01
651	1.864261e+01	2.603979e+03	4.449371e+02	3.149625e+02	7.815688e+01	4.242094e+01	5.049592e+01
652	1.867125e+01	2.611758e+03	4.463550e+02	3.151731e+02	7.848871e+01	4.236779e+01	5.275249e+01
653	1.869989e+01	2.598358e+03	4.477737e+02	3.154669e+02	7.816522e+01	4.232485e+01	5.445245e+01
654	1.872852e+01	2.586868e+03	4.494482e+02	3.156462e+02	7.798715e+01	4.223392e+01	5.628646e+01
655	1.875716e+01	2.599201e+03	4.510023e+02	3.158260e+02	7.818790e+01	4.232632e+01	5.768465e+01
656	1.878580e+01	2.604738e+03	4.524029e+02	3.161564e+02	7.882935e+01	4.207134e+01	5.948836e+01
657	1.881443e+01	2.579998e+03	4.538675e+02	3.166707e+02	7.781071e+01	4.221727e+01	6.093653e+01
658	1.884307e+01	2.592394e+03	4.553861e+02	3.168225e+02	7.817195e+01	4.222408e+01	6.190369e+01
659	1.887171e+01	2.579529e+03	4.569840e+02	3.173715e+02	7.807771e+01	4.206525e+01	6.360156e+01
660	1.890034e+01	2.584357e+03	4.584235e+02	3.178777e+02	7.806729e+01	4.214960e+01	6.513658e+01
661	1.892898e+01	2.583576e+03	4.598571e+02	3.186013e+02	7.815382e+01	4.209021e+01	6.729090e+01
662	1.895762e+01	2.592948e+03	4.614997e+02	3.190259e+02	7.865007e+01	4.197636e+01	6.864089e+01
663	1.898625e+01	2.589110e+03	4.629117e+02	3.197659e+02	7.830046e+01	4.210138e+01	7.039571e+01
664	1.901489e+01	2.578874e+03	4.643332e+02	3.204639e+02	7.849152e+01	4.183286e+01	7.150871e+01
665	1.904353e+01	2.589008e+03	4.657404e+02	3.211487e+02	7.848911e+01	4.199853e+01	7.303579e+01
666	1.907216e+01	2.591505e+03	4.671496e+02	3.218782e+02	7.891543e+01	4.181194e+01	7.426621e+01
667	1.910080e+01	2.607958e+03	4.686648e+02	3.225824e+02	7.950668e+01	4.176448e+01	7.590739e+01
668	1.912944e+01	2.591968e+03	4.699771e+02	3.233894e+02	7.923122e+01	4.165272e+01	7.741508e+01
669	1.915808e+01	2.598952e+03	4.714420e+02	3.241924e+02	7.943061e+01	4.166011e+01	7.901273e+01
670	1.918671e+01	2.600228e+03	4.728113e+02	3.251526e+02	7.953024e+01	4.162836e+01	8.065488e+01
671	1.921535e+01	2.585781e+03	4.739911e+02	3.260414e+02	7.866456e+01	4.185262e+01	8.223002e+01
672	1.924399e+01	2.591530e+03	4.754353e+02	3.269346e+02	7.904825e+01	4.174208e+01	8.336211e+01
673	1.927262e+01	2.582511e+03	4.765444e+02	3.279392e+02	7.858675e+01	4.184109e+01	8.515549e+01
674	1.930126e+01	2.585079e+03	4.780013e+02	3.287759e+02	7.864222e+01	4.185315e+01	8.593544e+01
675	1.932990e+01	2.586569e+03	4.791058e+02	3.298617e+02	7.883783e+01	4.177337e+01	8.787746e+01
676	1.935853e+01	2.593140e+03	4.803229e+02	3.309390e+02	7.888020e+01	4.185700e+01	8.938068e+01
677	1.938717e+01	2.585517e+03	4.816043e+02	3.320542e+02	7.909975e+01	4.161811e+01	9.071473e+01
678	1.941581e+01	2.597861e+03	4.825950e+02	3.332140e+02	7.910600e+01	4.181351e+01	9.247114e+01
679	1.944444e+01	2.593212e+03	4.836913e+02	3.343262e+02	7.863738e+01	4.198742e+01	9.403744e+01
680	1.947308e+01	2.576627e+03	4.847949e+02	3.355834e+02	7.845141e+01	4.181778e+01	9.561896e+01
681	1.950172e+01	2.582457e+03	4.859667e+02	3.368414e+02	7.922047e+01	4.150552e+01	9.691657e+01
682	1.953036e+01	2.575427e+03	4.869648e+02	3.380431e+02	7.855286e+01	4.174432e+01	9.840143e+01
683	1.955899e+01	2.594787e+03	4.880443e+02	3.393175e+02	7.890195e+01	4.187203e+01	9.962432e+01
684	1.958763e+01	2.578192e+03	4.889792e+02	3.404707e+02	7.860310e+01	4.176243e+01	1.010927e+02
685	1.961627e+01	2.600659e+03	4.900856e+02	3.418043e+02	7.912239e+01	4.184987e+01	1.025758e+02
686	1.964490e+01	2.601900e+03	4.910085e+02	3.430133e+02	7.915981e+01	4.185005e+01	1.036125e+02
687	1.967354e+01	2.593795e+03	4.918213e+02	3.443676e+02	7.880516e+01	4.190744e+01	1.052441e+02
688	1.970218e+01	2.603063e+03	4.927122e+02	3.456744e+02	7.886564e+01	4.202493e+01	1.065144e+02
689	1.973081e+01	2.601269e+03	4.937814e+02	3.470464e+02	7.870145e+01	4.208357e+01	1.081408e+02
690	1.975945e+01	2.620295e+03	4.944876e+02	3.484572e+02	7.911303e+01	4.217084e+01	1.092010e+02
691	1.978809e+01	2.607808e+03	4.952120e+02	3.497109e+02	7.881689e+01	4.212757e+01	1.104778e+02
692	1.981672e+01	2.619694e+03	4.962655e+02	3.511546e+02	7.916210e+01	4.213504e+01	1.117706e+02
693	1.984536e+01	2.608494e+03	4.967515e+02	3.525747e+02	7.837221e+01	4.237774e+01	1.136472e+02
694	1.987400e+01	2.602579e+03	4.975240e+02	3.538608e+02	7.805463e+01	4.245368e+01	1.152148e+02
695	1.990263e+01	2.619008e+03	4.981710e+02	3.553527e+02	7.878215e+01	4.232715e+01	1.168050e+02
696	1.993127e+01	2.621189e+03	4.990641e+02	3.568859e+02	7.902637e+01	4.223150e+01	1.180677e+02
697	1.995991e+01	2.627713e+03	4.995344e+02	3.582779e+02	7.876409e+01	4.247759e+01	1.194499e+02
698	1.998855e+01	2.619619e+03	4.998793e+02	3.597812e+02	7.882394e+01	4.231459e+01	1.213275e+02
699	2.001718e+01	2.620189e+03	5.002907e+02	3.613368e+02	7.868011e+01	4.240116e+01	1.229370e+02
700	2.004582e+01	2.621435e+03	5.008879e+02	3.628148e+02	7.872604e+01	4.239657e+01	1.240806e+02
701	2.007446e+01	2.617565e+03	5.015432e+02	3.644046e+02	7.888680e+01	4.224772e+01	1.251331e+02
702	2.010309e+01	2.618697e+03	5.017762e+02	3.658988e+02	7.837487e+01	4.254207e+01	1.262721e+02
703	2.013173e+01	2.634055e+03	5.020876e+02	3.673413e+02	7.857274e+01	4.268380e+01	1.273575e+02
704	2.016037e+01	2.642206e+03	5.026744e+02	3.690299e+02	7.877792e+01	4.270437e+01	1.286859e+02
705	2.018900e+01	2.644231e+03	5.028838e+02	3.704055e+02	7.867592e+01	4.279251e+01	1.303786e+02
706	2.021764e+01	2.635476e+03	5.032134e+02	3.720584e+02	7.853777e+01	4.272584e+01	1.318256e+02
707	2.024628e+01	2.653245e+03	5.034245e+02	3.735538e+02	7.866412e+01	4.294482e+01	1.330636e+02
708	2.027491e+01	2.623793e+03	5.036956e+02	3.751490e+02	7.833776e+01	4.264504e+01	1.341030e+02
709	2.030355e+01	2.654402e+03	5.039237e+02	3.769096e+02	7.882720e+01	4.287466e+01	1.355876e+02
710	2.033219e+01	2.643891e+03	5.039619e+02	3.783432e+02	7.845331e+01	4.290841e+01	1.365310e+02
711	2.036082e+01	2.654084e+03	5.042726e+02	3.800621e+02	7.868769e+01	4.294554e+01	1.378861e+02
712	2.038946e+01	2.652728e+03	5.044406e+02	3.815462e+02	7.881496e+01	4.285427e+01	1.391540e+02
713	2.041810e+01	2.672037e+03	5.041457e+02	3.828634e+02	7.857054e+01	4.330050e+01	1.399362e+02
714	2.044674e+01	2.652055e+03	5.045030e+02	3.845749e+02	7.847477e+01	4.302914e+01	1.419710e+02
715	2.047537e+01	2.653059e+03	5.046378e+02	3.862971e+02	7.842036e+01	4.307529e+01	1.438029e+02
716	2.050401e+01	2.668558e+03	5.046608e+02	3.879414e+02	7.889901e+01	4.306409e+01	1.447964e+02
717	2.053265e+01	2.677106e+03	5.045985e+02	3.893634e+02	7.890540e+01	4.319852e+01	1.458959e+02
718	2.056128e+01	2.650568e+03	5.044506e+02	3.908457e+02	7.829849e+01	4.310183e+01	1.476090e+02
719	2.058992e+01	2.664187e+03	5.043587e+02	3.924671e+02	7.862303e+01	4.314447e+01	1.487997e+02
720	2.061856e+01	2.671040e+03	5.042036e+02	3.940444e+02	7.885433e+01	4.312856e+01	1.501954e+02
721	2.064719e+01	2.661168e+03	5.042557e+02	3.955571e+02	7.865244e+01	4.307947e+01	1.511587e+02
722	2.067583e+01	2.672995e+03	5.040803e+02	3.971129e+02	7.879887e+01	4.319051e+01	1.521417e+02
723	2.070447e+01	2.670042e+03	5.038596e+02	3.986810e+02	7.864226e+01	4.322870e+01	1.534223e+02
724	2.073310e+01	2.668858e+03	5.033765e+02	4.001826e+02	7.840302e+01	4.334138e+01	1.545743e+02
725	2.076174e+01	2.658343e+03	5.032422e+02	4.015912e+02	7.845205e+01	4.314364e+01	1.554642e+02
726	2.079038e+01	2.655708e+03	5.027760e+02	4.030722e+02	7.853463e+01	4.305555e+01	1.569812e+02
727	2.081901e+01	2.665707e+03	5.023451e+02	4.046698e+02	7.881195e+01	4.306560e+01	1.584282e+02
728	2.084765e+01	2.658899e+03	5.018983e+02	4.061742e+02	7.872353e+01	4.300386e+01	1.593112e+02
729	2.087629e+01	2.669151e+03	5.015656e+02	4.077775e+02	7.873784e+01	4.316183e+01	1.605513e+02
730	2.090493e+01	2.658998e+03	5.010587e+02	4.091637e+02	7.869088e+01	4.302331e+01	1.623746e+02
731	2.093356e+01	2.673662e+03	5.004706e+02	4.108102e+02	7.863132e+01	4.329334e+01	1.632971e+02
732	2.096220e+01	2.676754e+03	5.001315e+02	4.122394e+02	7.903222e+01	4.312354e+01	1.643971e+02
733	2.099084e+01	2.677187e+03	4.996140e+02	4.136344e+02	7.875806e+01	4.328065e+01	1.660049e+02
734	2.101947e+01	2.677649e+03	4.989619e+02	4.149716e+02	7.858647e+01	4.338263e+01	1.670479e+02
735	2.104811e+01	2.691776e+03	4.983542e+02	4.163639e+02	7.904387e+01	4.335915e+01	1.684018e+02
736	2.107675e+01	2.678788e+03	4.977047e+02	4.176642e+02	7.886119e+01	4.324990e+01	1.698584e+02
737	2.110538e+01	2.670640e+03	4.970070e+02	4.191820e+02	7.868234e+01	4.321636e+01	1.710397e+02
738	2.113402e+01	2.673147e+03	4.963563e+02	4.206124e+02	7.843502e+01	4.339333e+01	1.723923e+02
739	2.116266e+01	2.658245e+03	4.956033e+02	4.218435e+02	7.867985e+01	4.301715e+01	1.740013e+02
740	2.119129e+01	2.677046e+03	4.948398e+02	4.231176e+02	7.882940e+01	4.323920e+01	1.750698e+02
741	2.121993e+01	2.675981e+03	4.939179e+02	4.243314e+02	7.864358e+01	4.332413e+01	1.768680e+02
742	2.124857e+01	2.679285e+03	4.932180e+02	4.256744e+02	7.895807e+01	4.320485e+01	1.778221e+02
743	2.127721e+01	2.677308e+03	4.922977e+02	4.269797e+02	7.865659e+01	4.333845e+01	1.792804e+02
744	2.130584e+01	2.672085e+03	4.914399e+02	4.284400e+02	7.858572e+01	4.329291e+01	3.322754e-01
745	2.133448e+01	2.671932e+03	4.905073e+02	4.295796e+02	7.902823e+01	4.304803e+01	1.789227e+00
746	2.136312e+01	2.661138e+03	4.895782e+02	4.305316e+02	7.842422e+01	4.320434e+01	3.101124e+00
747	2.139175e+01	2.673372e+03	4.884897e+02	4.317698e+02	7.873767e+01	4.323018e+01	4.627852e+00
748	2.142039e+01	2.676410e+03	4.873687e+02	4.328616e+02	7.874139e+01	4.327726e+01	6.016025e+00
749	2.144903e+01	2.678663e+03	4.862872e+02	4.338311e+02	7.867449e+01	4.335052e+01	7.518723e+00
750	2.147766e+01	2.671305e+03	4.853067e+02	4.348988e+02	7.892590e+01	4.309373e+01	8.394810e+00
751	2.150630e+01	2.671085e+03	4.842160e+02	4.360087e+02	7.907273e+01	4.301016e+01	1.000600e+01
752	2.153494e+01	2.662041e+03	4.831085e+02	4.369737e+02	7.866534e+01	4.308652e+01	1.091008e+01
753	2.156357e+01	2.669050e+03	4.820259e+02	4.380746e+02	7.881210e+01	4.311952e+01	1.277909e+01
754	2.159221e+01	2.681427e+03	4.808072e+02	4.389372e+02	7.890601e+01	4.326791e+01	1.430485e+01
755	2.162085e+01	2.676975e+03	4.797545e+02	4.398404e+02	7.895537e+01	4.316908e+01	1.613104e+01
756	2.164948e+01	2.675444e+03	4.785892e+02	4.405909e+02	7.914280e+01	4.304221e+01	1.707915e+01
757	2.167812e+01	2.678645e+03	4.772002e+02	4.415709e+02	7.916872e+01	4.307960e+01	1.865784e+01
758	2.170676e+01	2.671181e+03	4.759383e+02	4.421909e+02	7.888026e+01	4.311666e+01	2.037111e+01
759	2.173540e+01	2.673120e+03	4.747548e+02	4.432339e+02	7.896700e+01	4.310056e+01	2.160537e+01
760	2.176403e+01	2.679239e+03	4.736925e+02	4.439084e+02	7.905457e+01	4.315137e+01	2.352832e+01
761	2.179267e+01	2.669725e+03	4.724099e+02	4.447091e+02	7.872917e+01	4.317586e+01	2.511277e+01
762	2.182131e+01	2.661697e+03	4.710937e+02	4.452565e+02	7.880106e+01	4.300676e+01	2.673676e+01
763	2.184994e+01	2.678556e+03	4.698919e+02	4.458196e+02	7.917541e+01	4.307453e+01	2.882030e+01
764	2.187858e+01	2.674347e+03	4.684944e+02	4.464911e+02	7.903256e+01	4.308457e+01	3.044106e+01
765	2.190722e+01	2.675316e+03	4.672256e+02	4.469167e+02	7.909818e+01	4.306443e+01	3.162023e+01
766	2.193585e+01	2.673135e+03	4.658180e+02	4.473005e+02	7.900990e+01	4.307740e+01	3.331445e+01
767	2.196449e+01	2.672288e+03	4.644471e+02	4.477117e+02	7.891856e+01	4.311360e+01	3.475555e+01
768	2.199313e+01	2.660479e+03	4.631140e+02	4.480782e+02	7.858989e+01	4.310258e+01	3.651777e+01
769	2.202176e+01	2.672906e+03	4.618256e+02	4.483663e+02	7.897003e+01	4.309546e+01	3.822659e+01
770	2.205040e+01	2.678030e+03	4.603778e+02	4.488493e+02	7.910947e+01	4.310197e+01	4.018281e+01
771	2.207904e+01	2.682165e+03	4.589850e+02	4.491993e+02	7.923119e+01	4.310220e+01	4.150291e+01
772	2.210767e+01	2.677675e+03	4.575894e+02	4.493860e+02	7.915323e+01	4.307243e+01	4.328343e+01
773	2.213631e+01	2.663172e+03	4.561652e+02	4.496575e+02	7.875652e+01	4.305493e+01	4.526955e+01
774	2.216495e+01	2.666063e+03	4.549357e+02	4.496332e+02	7.896386e+01	4.298849e+01	4.625693e+01
775	2.219359e+01	2.654477e+03	4.535279e+02	4.496945e+02	7.879168e+01	4.289521e+01	4.776654e+01
776	2.222222e+01	2.674556e+03	4.521595e+02	4.497119e+02	7.906832e+01	4.306845e+01	4.946652e+01
777	2.225086e+01	2.670969e+03	4.507729e+02	4.496549e+02	7.914799e+01	4.296740e+01	5.139203e+01
778	2.227950e+01	2.669867e+03	4.492908e+02	4.496038e+02	7.911839e+01	4.296574e+01	5.318762e+01
779	2.230813e+01	2.666471e+03	4.477458e+02	4.494344e+02	7.908926e+01	4.292689e+01	5.511249e+01
780	2.233677e+01	2.680796e+03	4.464402e+02	4.492216e+02	7.943570e+01	4.296929e+01	5.683320e+01
781	2.236541e+01	2.669345e+03	4.450199e+02	4.489165e+02	7.955979e+01	4.271901e+01	5.887643e+01
782	2.239404e+01	2.683301e+03	4.436451e+02	4.485453e+02	7.965017e+01	4.289363e+01	6.060783e+01
783	2.242268e+01	2.670421e+03	4.423539e+02	4.481071e+02	7.960710e+01	4.271084e+01	6.238089e+01
784	2.245132e+01	2.668100e+03	4.408834e+02	4.477852e+02	7.967032e+01	4.263985e+01	6.387568e+01
785	2.247995e+01	2.676964e+03	4.395609e+02	4.471956e+02	7.992873e+01	4.264320e+01	6.571980e+01
786	2.250859e+01	2.676989e+03	4.381241e+02	4.467356e+02	8.002538e+01	4.259209e+01	6.738769e+01
787	2.253723e+01	2.657639e+03	4.366858e+02	4.463067e+02	7.949589e+01	4.256587e+01	6.897832e+01
788	2.256586e+01	2.660362e+03	4.354269e+02	4.457134e+02	7.966563e+01	4.251870e+01	6.992445e+01
789	2.259450e+01	2.655009e+03	4.341245e+02	4.451211e+02	7.971004e+01	4.240949e+01	7.155772e+01
790	2.262314e+01	2.660086e+03	4.328395e+02	4.444118e+02	7.983231e+01	4.242551e+01	7.309447e+01
791	2.265178e+01	2.660362e+03	4.315931e+02	4.436232e+02	7.985446e+01	4.241815e+01	7.476875e+01
792	2.268041e+01	2.669050e+03	4.303648e+02	4.428320e+02	7.987912e+01	4.254354e+01	7.636884e+01
793	2.270905e+01	2.645241e+03	4.291754e+02	4.421032e+02	7.971410e+01	4.225130e+01	7.786172e+01
794	2.273769e+01	2.666502e+03	4.278056e+02	4.412932e+02	8.017615e+01	4.234546e+01	7.907494e+01
795	2.276632e+01	2.655398e+03	4.265856e+02	4.404485e+02	8.008454e+01	4.221737e+01	8.029660e+01
796	2.279496e+01	2.662044e+03	4.255046e+02	4.397631e+02	8.018382e+01	4.227063e+01	8.181565e+01
797	2.282360e+01	2.652666e+03	4.242414e+02	4.388971e+02	7.994798e+01	4.224596e+01	8.335899e+01
798	2.285223e+01	2.646260e+03	4.231360e+02	4.378953e+02	7.986310e+01	4.218873e+01	8.498071e+01
799	2.288087e+01	2.650876e+03	4.220066e+02	4.369748e+02	8.004436e+01	4.216662e+01	8.661754e+01
