1	2.864509e-02	2.699143e+03	4.290345e+02	4.250004e+02	7.903328e+01	4.348365e+01	1.683328e+02
2	5.729017e-02	2.693547e+03	4.293633e+02	4.247881e+02	7.913831e+01	4.333591e+01	1.695185e+02
3	8.593526e-02	2.700498e+03	4.296194e+02	4.245989e+02	7.882811e+01	4.361871e+01	1.710038e+02
4	1.145803e-01	2.685301e+03	4.299283e+02	4.245158e+02	7.886868e+01	4.335094e+01	1.721505e+02
5	1.432254e-01	2.686156e+03	4.300576e+02	4.243105e+02	7.881243e+01	4.339569e+01	1.732569e+02
6	1.718705e-01	2.686178e+03	4.304446e+02	4.241679e+02	7.892636e+01	4.333341e+01	1.747460e+02
7	2.005156e-01	2.681044e+03	4.306469e+02	4.240523e+02	7.889956e+01	4.326528e+01	1.760673e+02
8	2.291607e-01	2.693543e+03	4.309711e+02	4.239272e+02	7.894011e+01	4.344465e+01	1.773737e+02
9	2.578058e-01	2.678239e+03	4.312363e+02	4.238898e+02	7.892270e+01	4.320733e+01	1.785937e+02
10	2.864509e-01	2.687013e+03	4.315717e+02	4.236429e+02	7.895486e+01	4.333123e+01	1.884972e-01
11	3.150960e-01	2.670191e+03	4.317587e+02	4.236695e+02	7.911855e+01	4.297087e+01	1.268001e+00
12	3.437410e-01	2.692903e+03	4.321663e+02	4.235367e+02	7.897012e+01	4.341782e+01	2.966352e+00
13	3.723861e-01	2.672916e+03	4.324454e+02	4.235166e+02	7.874908e+01	4.321653e+01	3.995513e+00
14	4.010312e-01	2.678018e+03	4.327396e+02	4.234597e+02	7.879977e+01	4.327118e+01	5.277919e+00
15	4.296763e-01	2.677861e+03	4.330904e+02	4.233523e+02	7.883978e+01	4.324669e+01	6.875402e+00
16	4.583214e-01	2.675060e+03	4.332781e+02	4.231915e+02	7.899819e+01	4.311482e+01	8.075867e+00
17	4.869665e-01	2.673210e+03	4.336707e+02	4.230538e+02	7.925404e+01	4.294592e+01	8.949184e+00
18	5.156116e-01	2.660368e+03	4.338820e+02	4.229911e+02	7.906519e+01	4.284169e+01	1.023457e+01
19	5.442567e-01	2.669553e+03	4.341898e+02	4.228777e+02	7.894249e+01	4.305642e+01	1.194624e+01
20	5.729017e-01	2.683732e+03	4.345716e+02	4.228211e+02	7.921306e+01	4.313726e+01	1.342188e+01
21	6.015468e-01	2.679875e+03	4.347621e+02	4.228731e+02	7.923232e+01	4.306479e+01	1.436060e+01
22	6.301919e-01	2.697280e+03	4.350400e+02	4.226331e+02	7.897382e+01	4.348637e+01	1.563655e+01
23	6.588370e-01	2.670074e+03	4.354424e+02	4.227992e+02	7.898986e+01	4.303899e+01	1.696251e+01
24	6.874821e-01	2.672483e+03	4.358659e+02	4.227534e+02	7.900683e+01	4.306857e+01	1.839601e+01
25	7.161272e-01	2.667890e+03	4.360834e+02	4.227669e+02	7.905774e+01	4.296686e+01	1.963155e+01
26	7.447723e-01	2.668321e+03	4.364568e+02	4.227250e+02	7.892448e+01	4.304637e+01	2.101322e+01
27	7.734174e-01	2.666559e+03	4.368013e+02	4.227018e+02	7.900787e+01	4.297253e+01	2.226407e+01
28	8.020624e-01	2.689826e+03	4.372324e+02	4.226324e+02	7.955776e+01	4.304787e+01	2.389518e+01
29	8.307075e-01	2.675774e+03	4.374398e+02	4.227306e+02	7.929631e+01	4.296419e+01	2.488192e+01
30	8.593526e-01	2.674672e+03	4.376844e+02	4.228945e+02	7.917384e+01	4.301293e+01	2.660484e+01
31	8.879977e-01	2.671093e+03	4.380054e+02	4.228564e+02	7.900117e+01	4.304926e+01	2.795259e+01
32	9.166428e-01	2.671091e+03	4.383281e+02	4.230326e+02	7.922541e+01	4.292737e+01	2.930248e+01
33	9.452879e-01	2.675644e+03	4.386565e+02	4.230863e+02	7.899794e+01	4.312436e+01	3.050455e+01
34	9.739330e-01	2.667847e+03	4.390994e+02	4.230540e+02	7.903784e+01	4.297698e+01	3.226108e+01
35	1.002578e+00	2.660884e+03	4.393321e+02	4.232798e+02	7.858154e+01	4.311373e+01	3.333212e+01
36	1.031223e+00	2.669499e+03	4.396641e+02	4.233815e+02	7.913967e+01	4.294827e+01	3.511766e+01
37	1.059868e+00	2.664019e+03	4.399732e+02	4.233952e+02	7.886259e+01	4.301070e+01	3.615432e+01
38	1.088513e+00	2.662663e+03	4.404705e+02	4.235255e+02	7.873615e+01	4.305783e+01	3.754281e+01
39	1.117158e+00	2.676633e+03	4.406104e+02	4.236491e+02	7.880663e+01	4.324504e+01	3.910350e+01
40	1.145803e+00	2.658366e+03	4.409115e+02	4.238532e+02	7.868149e+01	4.301820e+01	4.072109e+01
41	1.174449e+00	2.662347e+03	4.411661e+02	4.239396e+02	7.879224e+01	4.302207e+01	4.190580e+01
42	1.203094e+00	2.675715e+03	4.415809e+02	4.239450e+02	7.915684e+01	4.303894e+01	4.329255e+01
43	1.231739e+00	2.654933e+03	4.418954e+02	4.241611e+02	7.867165e+01	4.296803e+01	4.461137e+01
44	1.260384e+00	2.651383e+03	4.421146e+02	4.243895e+02	7.860390e+01	4.294756e+01	4.583535e+01
45	1.289029e+00	2.657438e+03	4.424269e+02	4.245000e+02	7.886654e+01	4.290230e+01	4.735133e+01
46	1.317674e+00	2.664979e+03	4.428763e+02	4.243816e+02	7.903815e+01	4.293061e+01	4.848530e+01
47	1.346319e+00	2.651234e+03	4.430068e+02	4.246906e+02	7.876184e+01	4.285903e+01	4.998906e+01
48	1.374964e+00	2.671724e+03	4.433841e+02	4.248298e+02	7.934750e+01	4.287147e+01	5.145340e+01
49	1.403609e+00	2.660675e+03	4.436286e+02	4.250660e+02	7.896288e+01	4.290214e+01	5.290301e+01
50	1.432254e+00	2.669365e+03	4.439839e+02	4.252092e+02	7.922594e+01	4.289936e+01	5.451141e+01
51	1.460899e+00	2.652978e+03	4.441183e+02	4.254276e+02	7.877533e+01	4.287988e+01	5.540577e+01
52	1.489545e+00	2.673459e+03	4.443817e+02	4.256184e+02	7.927353e+01	4.293935e+01	5.709488e+01
53	1.518190e+00	2.660358e+03	4.446383e+02	4.258628e+02	7.877901e+01	4.299716e+01	5.802964e+01
54	1.546835e+00	2.651790e+03	4.450084e+02	4.260538e+02	7.904740e+01	4.271315e+01	5.970700e+01
55	1.575480e+00	2.657666e+03	4.451871e+02	4.263146e+02	7.912195e+01	4.276748e+01	6.117772e+01
56	1.604125e+00	2.672695e+03	4.455299e+02	4.264004e+02	7.936887e+01	4.287551e+01	6.229115e+01
57	1.632770e+00	2.672881e+03	4.457364e+02	4.266897e+02	7.945047e+01	4.283446e+01	6.377180e+01
58	1.661415e+00	2.654523e+03	4.460143e+02	4.268658e+02	7.941546e+01	4.255902e+01	6.488927e+01
59	1.690060e+00	2.671585e+03	4.463582e+02	4.271136e+02	7.960532e+01	4.273040e+01	6.644392e+01
60	1.718705e+00	2.662081e+03	4.464844e+02	4.274350e+02	7.934867e+01	4.271611e+01	6.776151e+01
61	1.747350e+00	2.658048e+03	4.467569e+02	4.276337e+02	7.938918e+01	4.262964e+01	6.909631e+01
62	1.775995e+00	2.662912e+03	4.469199e+02	4.279496e+02	7.944508e+01	4.267759e+01	7.035670e+01
63	1.804641e+00	2.658031e+03	4.472040e+02	4.281537e+02	7.941060e+01	4.261786e+01	7.115227e+01
64	1.833286e+00	2.663071e+03	4.474639e+02	4.284135e+02	7.955363e+01	4.262190e+01	7.275587e+01
65	1.861931e+00	2.663109e+03	4.477694e+02	4.286616e+02	7.970683e+01	4.254059e+01	7.405064e+01
66	1.890576e+00	2.657482e+03	4.478891e+02	4.289959e+02	7.960043e+01	4.250745e+01	7.550227e+01
67	1.919221e+00	2.646981e+03	4.479872e+02	4.293280e+02	7.951794e+01	4.238340e+01	7.715648e+01
68	1.947866e+00	2.648402e+03	4.482845e+02	4.294590e+02	7.951514e+01	4.240765e+01	7.816808e+01
69	1.976511e+00	2.661726e+03	4.485141e+02	4.298336e+02	7.963921e+01	4.255460e+01	7.941416e+01
70	2.005156e+00	2.656594e+03	4.488497e+02	4.300680e+02	7.937087e+01	4.261614e+01	8.056734e+01
71	2.033801e+00	2.652330e+03	4.490547e+02	4.304365e+02	7.957193e+01	4.244024e+01	8.201985e+01
72	2.062446e+00	2.643178e+03	4.493243e+02	4.306449e+02	7.974613e+01	4.220140e+01	8.281923e+01
73	2.091091e+00	2.646590e+03	4.495027e+02	4.308864e+02	7.967006e+01	4.229623e+01	8.399856e+01
74	2.119736e+00	2.645380e+03	4.498118e+02	4.312106e+02	7.980927e+01	4.220314e+01	8.508825e+01
75	2.148382e+00	2.642278e+03	4.500225e+02	4.316177e+02	7.942010e+01	4.236021e+01	8.640460e+01
76	2.177027e+00	2.636523e+03	4.501174e+02	4.318773e+02	7.960985e+01	4.216721e+01	8.771666e+01
77	2.205672e+00	2.650015e+03	4.503438e+02	4.321833e+02	7.957925e+01	4.239929e+01	8.910433e+01
78	2.234317e+00	2.645534e+03	4.502182e+02	4.325706e+02	7.947797e+01	4.238153e+01	9.028713e+01
79	2.262962e+00	2.644192e+03	4.505681e+02	4.329278e+02	7.962341e+01	4.228266e+01	9.177241e+01
80	2.291607e+00	2.650795e+03	4.507787e+02	4.332256e+02	8.017983e+01	4.209409e+01	9.302258e+01
81	2.320252e+00	2.653199e+03	4.510086e+02	4.335694e+02	7.970257e+01	4.238456e+01	9.401450e+01
82	2.348897e+00	2.624790e+03	4.510389e+02	4.339568e+02	7.926326e+01	4.216313e+01	9.504626e+01
83	2.377542e+00	2.635663e+03	4.512673e+02	4.342952e+02	7.952480e+01	4.219853e+01	9.654875e+01
84	2.406187e+00	2.649533e+03	4.513772e+02	4.345296e+02	7.980283e+01	4.227281e+01	9.759326e+01
85	2.434832e+00	2.655493e+03	4.514934e+02	4.349638e+02	7.982773e+01	4.235469e+01	9.896205e+01
86	2.463478e+00	2.625785e+03	4.516871e+02	4.353145e+02	7.930023e+01	4.215943e+01	9.985686e+01
87	2.492123e+00	2.645784e+03	4.519247e+02	4.356565e+02	7.968160e+01	4.227723e+01	1.009117e+02
88	2.520768e+00	2.642779e+03	4.519789e+02	4.360521e+02	7.953265e+01	4.230829e+01	1.020668e+02
89	2.549413e+00	2.657629e+03	4.519384e+02	4.363672e+02	7.964957e+01	4.248357e+01	1.030755e+02
90	2.578058e+00	2.650681e+03	4.521054e+02	4.367994e+02	7.945707e+01	4.247516e+01	1.047424e+02
91	2.606703e+00	2.661213e+03	4.522379e+02	4.370809e+02	7.981534e+01	4.245251e+01	1.054763e+02
92	2.635348e+00	2.648561e+03	4.522910e+02	4.375059e+02	7.944515e+01	4.244756e+01	1.067265e+02
93	2.663993e+00	2.662485e+03	4.525280e+02	4.380370e+02	7.987268e+01	4.244231e+01	1.074821e+02
94	2.692638e+00	2.644004e+03	4.523747e+02	4.382233e+02	7.932330e+01	4.243962e+01	1.087138e+02
95	2.721283e+00	2.646642e+03	4.525364e+02	4.385483e+02	7.929922e+01	4.249486e+01	1.101725e+02
96	2.749928e+00	2.655136e+03	4.528468e+02	4.390874e+02	7.955970e+01	4.249166e+01	1.114979e+02
97	2.778573e+00	2.646963e+03	4.529439e+02	4.394461e+02	7.910873e+01	4.260236e+01	1.123975e+02
98	2.807219e+00	2.653556e+03	4.530453e+02	4.397969e+02	7.929868e+01	4.260616e+01	1.132921e+02
99	2.835864e+00	2.654059e+03	4.531016e+02	4.401757e+02	7.954176e+01	4.248400e+01	1.143530e+02
100	2.864509e+00	2.652505e+03	4.530139e+02	4.405474e+02	7.957831e+01	4.243963e+01	1.151610e+02
101	2.893154e+00	2.659083e+03	4.531826e+02	4.408673e+02	7.940883e+01	4.263568e+01	1.163766e+02
102	2.921799e+00	2.664003e+03	4.532443e+02	4.413514e+02	7.960081e+01	4.261156e+01	1.175136e+02
103	2.950444e+00	2.659882e+03	4.532151e+02	4.417181e+02	7.944012e+01	4.263169e+01	1.187389e+02
104	2.979089e+00	2.664640e+03	4.534677e+02	4.421745e+02	7.915493e+01	4.286182e+01	1.201928e+02
105	3.007734e+00	2.654316e+03	4.534080e+02	4.424308e+02	7.932249e+01	4.260556e+01	1.209202e+02
106	3.036379e+00	2.656893e+03	4.534417e+02	4.428670e+02	7.952688e+01	4.253733e+01	1.219735e+02
107	3.065024e+00	2.670263e+03	4.534282e+02	4.432628e+02	7.973766e+01	4.263839e+01	1.228387e+02
108	3.093669e+00	2.658183e+03	4.533770e+02	4.435482e+02	7.935666e+01	4.264927e+01	1.241023e+02
109	3.122315e+00	2.666405e+03	4.534761e+02	4.439246e+02	7.956286e+01	4.267032e+01	1.250745e+02
110	3.150960e+00	2.666956e+03	4.534061e+02	4.442892e+02	7.939481e+01	4.276947e+01	1.261560e+02
111	3.179605e+00	2.660303e+03	4.534824e+02	4.447913e+02	7.899300e+01	4.287978e+01	1.274937e+02
112	3.208250e+00	2.676069e+03	4.534031e+02	4.451577e+02	7.964085e+01	4.278304e+01	1.284557e+02
113	3.236895e+00	2.670499e+03	4.534861e+02	4.455736e+02	7.947538e+01	4.278287e+01	1.292421e+02
114	3.265540e+00	2.678424e+03	4.534017e+02	4.458499e+02	7.940361e+01	4.294862e+01	1.307758e+02
115	3.294185e+00	2.676356e+03	4.534825e+02	4.463293e+02	7.933990e+01	4.294992e+01	1.320109e+02
116	3.322830e+00	2.664768e+03	4.533727e+02	4.467555e+02	7.902757e+01	4.293297e+01	1.331855e+02
117	3.351475e+00	2.665682e+03	4.533778e+02	4.471905e+02	7.892986e+01	4.300086e+01	1.343115e+02
118	3.380120e+00	2.657980e+03	4.532890e+02	4.475744e+02	7.866933e+01	4.301861e+01	1.351864e+02
119	3.408765e+00	2.659599e+03	4.532114e+02	4.479338e+02	7.883844e+01	4.295248e+01	1.365665e+02
120	3.437410e+00	2.671545e+03	4.532479e+02	4.484245e+02	7.920923e+01	4.294344e+01	1.379032e+02
121	3.466056e+00	2.670874e+03	4.531765e+02	4.486939e+02	7.900401e+01	4.304418e+01	1.388521e+02
122	3.494701e+00	2.664437e+03	4.529623e+02	4.490563e+02	7.891518e+01	4.298877e+01	1.400508e+02
123	3.523346e+00	2.660782e+03	4.529689e+02	4.494043e+02	7.892505e+01	4.292443e+01	1.409962e+02
124	3.551991e+00	2.664390e+03	4.527996e+02	4.497542e+02	7.887983e+01	4.300727e+01	1.421302e+02
125	3.580636e+00	2.664916e+03	4.527183e+02	4.501119e+02	7.874772e+01	4.308794e+01	1.436012e+02
126	3.609281e+00	2.660598e+03	4.526049e+02	4.504405e+02	7.858900e+01	4.310500e+01	1.446702e+02
127	3.637926e+00	2.673157e+03	4.524036e+02	4.508383e+02	7.870687e+01	4.324360e+01	1.459467e+02
128	3.666571e+00	2.672256e+03	4.523273e+02	4.512660e+02	7.892723e+01	4.310834e+01	1.470522e+02
129	3.695216e+00	2.671492e+03	4.523184e+02	4.516616e+02	7.883241e+01	4.314786e+01	1.484703e+02
130	3.723861e+00	2.661541e+03	4.521266e+02	4.519781e+02	7.867444e+01	4.307344e+01	1.496342e+02
131	3.752506e+00	2.672049e+03	4.520401e+02	4.522898e+02	7.882179e+01	4.316267e+01	1.507084e+02
132	3.781152e+00	2.679225e+03	4.518533e+02	4.525537e+02	7.908209e+01	4.313612e+01	1.514812e+02
133	3.809797e+00	2.658243e+03	4.517370e+02	4.530203e+02	7.853503e+01	4.309644e+01	1.531944e+02
134	3.838442e+00	2.660116e+03	4.515797e+02	4.533418e+02	7.900837e+01	4.286844e+01	1.540895e+02
135	3.867087e+00	2.673320e+03	4.514016e+02	4.536241e+02	7.889372e+01	4.314382e+01	1.552187e+02
136	3.895732e+00	2.662611e+03	4.511486e+02	4.539538e+02	7.873418e+01	4.305807e+01	1.563178e+02
137	3.924377e+00	2.674020e+03	4.509035e+02	4.542361e+02	7.877135e+01	4.322216e+01	1.574712e+02
138	3.953022e+00	2.666488e+03	4.507281e+02	4.544980e+02	7.864279e+01	4.317088e+01	1.586434e+02
139	3.981667e+00	2.679425e+03	4.505130e+02	4.547470e+02	7.901749e+01	4.317461e+01	1.597327e+02
140	4.010312e+00	2.674177e+03	4.503755e+02	4.552701e+02	7.892725e+01	4.313932e+01	1.610177e+02
141	4.038957e+00	2.664654e+03	4.502647e+02	4.555280e+02	7.864929e+01	4.313762e+01	1.623606e+02
142	4.067602e+00	2.669802e+03	4.501164e+02	4.559514e+02	7.883418e+01	4.311959e+01	1.633671e+02
143	4.096247e+00	2.663458e+03	4.497962e+02	4.560316e+02	7.868340e+01	4.309956e+01	1.645388e+02
144	4.124893e+00	2.664602e+03	4.496680e+02	4.564468e+02	7.866113e+01	4.313027e+01	1.659196e+02
145	4.153538e+00	2.697775e+03	4.493908e+02	4.566385e+02	7.919003e+01	4.337559e+01	1.662178e+02
146	4.182183e+00	2.681022e+03	4.493274e+02	4.570302e+02	7.925430e+01	4.307127e+01	1.679628e+02
147	4.210828e+00	2.660273e+03	4.489975e+02	4.572814e+02	7.888019e+01	4.294062e+01	1.689043e+02
148	4.239473e+00	2.665068e+03	4.488011e+02	4.575922e+02	7.878143e+01	4.307196e+01	1.698948e+02
149	4.268118e+00	2.670188e+03	4.486299e+02	4.577446e+02	7.906078e+01	4.300222e+01	1.709369e+02
150	4.296763e+00	2.668101e+03	4.484535e+02	4.580420e+02	7.878931e+01	4.311666e+01	1.722143e+02
151	4.325408e+00	2.661760e+03	4.481299e+02	4.582757e+02	7.882588e+01	4.299423e+01	1.731308e+02
152	4.354053e+00	2.663491e+03	4.477741e+02	4.584525e+02	7.846658e+01	4.321920e+01	1.744945e+02
153	4.382698e+00	2.661324e+03	4.475758e+02	4.586623e+02	7.876730e+01	4.301916e+01	1.760314e+02
154	4.411343e+00	2.673311e+03	4.473258e+02	4.588563e+02	7.857502e+01	4.331867e+01	1.769796e+02
155	4.439989e+00	2.677211e+03	4.470334e+02	4.590653e+02	7.860227e+01	4.336682e+01	1.783725e+02
156	4.468634e+00	2.661205e+03	4.468279e+02	4.592489e+02	7.873804e+01	4.303322e+01	1.794270e+02
157	4.497279e+00	2.674158e+03	4.465827e+02	4.594953e+02	7.864983e+01	4.329117e+01	7.127434e-01
158	4.525924e+00	2.656750e+03	4.463250e+02	4.596574e+02	7.853088e+01	4.307451e+01	1.868634e+00
159	4.554569e+00	2.655659e+03	4.459724e+02	4.598828e+02	7.849580e+01	4.307606e+01	3.104633e+00
160	4.583214e+00	2.665821e+03	4.456946e+02	4.600155e+02	7.895016e+01	4.299205e+01	4.462529e+00
161	4.611859e+00	2.655869e+03	4.454622e+02	4.602641e+02	7.856141e+01	4.304349e+01	5.617696e+00
162	4.640504e+00	2.667265e+03	4.452257e+02	4.603097e+02	7.873641e+01	4.313211e+01	7.186310e+00
163	4.669149e+00	2.673284e+03	4.448175e+02	4.604771e+02	7.860045e+01	4.330421e+01	8.518858e+00
164	4.697794e+00	2.665581e+03	4.445030e+02	4.606307e+02	7.847544e+01	4.324821e+01	9.665491e+00
165	4.726439e+00	2.667476e+03	4.442991e+02	4.608523e+02	7.856594e+01	4.322911e+01	1.084121e+01
166	4.755085e+00	2.655318e+03	4.439091e+02	4.610731e+02	7.847466e+01	4.308214e+01	1.180526e+01
167	4.783730e+00	2.668191e+03	4.436832e+02	4.610502e+02	7.892255e+01	4.304531e+01	1.296343e+01
168	4.812375e+00	2.668213e+03	4.433272e+02	4.613279e+02	7.877226e+01	4.312780e+01	1.476531e+01
169	4.841020e+00	2.655110e+03	4.430616e+02	4.613665e+02	7.856206e+01	4.303083e+01	1.585488e+01
170	4.869665e+00	2.659917e+03	4.428294e+02	4.612847e+02	7.886665e+01	4.294224e+01	1.745728e+01
171	4.898310e+00	2.655548e+03	4.424744e+02	4.613735e+02	7.849359e+01	4.307548e+01	1.886114e+01
172	4.926955e+00	2.664807e+03	4.422049e+02	4.615404e+02	7.880981e+01	4.305222e+01	1.975448e+01
173	4.955600e+00	2.680167e+03	4.418324e+02	4.614847e+02	7.872913e+01	4.334476e+01	2.146360e+01
174	4.984245e+00	2.676727e+03	4.415485e+02	4.614459e+02	7.893842e+01	4.317435e+01	2.277721e+01
175	5.012890e+00	2.665007e+03	4.413354e+02	4.614625e+02	7.879893e+01	4.306140e+01	2.423380e+01
176	5.041535e+00	2.662813e+03	4.409472e+02	4.614610e+02	7.849876e+01	4.319049e+01	2.579853e+01
177	5.070180e+00	2.664475e+03	4.406483e+02	4.614789e+02	7.871825e+01	4.309693e+01	2.719708e+01
178	5.098826e+00	2.664862e+03	4.403261e+02	4.614992e+02	7.874771e+01	4.308706e+01	2.840797e+01
179	5.127471e+00	2.661883e+03	4.399549e+02	4.616313e+02	7.881367e+01	4.300288e+01	2.982808e+01
180	5.156116e+00	2.670262e+03	4.395018e+02	4.616623e+02	7.884958e+01	4.311859e+01	3.139731e+01
181	5.184761e+00	2.657396e+03	4.392724e+02	4.615635e+02	7.860577e+01	4.304393e+01	3.259316e+01
182	5.213406e+00	2.653005e+03	4.389596e+02	4.615267e+02	7.846031e+01	4.305247e+01	3.377899e+01
183	5.242051e+00	2.676606e+03	4.386185e+02	4.615121e+02	7.917113e+01	4.304550e+01	3.519176e+01
184	5.270696e+00	2.669925e+03	4.383362e+02	4.613556e+02	7.890305e+01	4.308393e+01	3.686132e+01
185	5.299341e+00	2.673778e+03	4.380557e+02	4.612476e+02	7.897746e+01	4.310546e+01	3.822512e+01
186	5.327986e+00	2.663472e+03	4.377435e+02	4.611742e+02	7.881896e+01	4.302566e+01	3.940405e+01
187	5.356631e+00	2.675639e+03	4.373340e+02	4.611595e+02	7.907542e+01	4.308202e+01	4.058572e+01
188	5.385276e+00	2.666392e+03	4.370241e+02	4.610837e+02	7.897598e+01	4.298719e+01	4.205859e+01
189	5.413922e+00	2.664672e+03	4.365549e+02	4.611579e+02	7.895395e+01	4.297146e+01	4.333517e+01
190	5.442567e+00	2.672367e+03	4.363486e+02	4.608579e+02	7.906265e+01	4.303629e+01	4.493936e+01
191	5.471212e+00	2.664095e+03	4.360433e+02	4.606550e+02	7.901109e+01	4.293107e+01	4.628648e+01
192	5.499857e+00	2.667733e+03	4.356795e+02	4.605940e+02	7.901784e+01	4.298602e+01	4.745754e+01
193	5.528502e+00	2.662045e+03	4.353269e+02	4.605520e+02	7.874744e+01	4.304166e+01	4.879083e+01
194	5.557147e+00	2.661081e+03	4.350812e+02	4.603630e+02	7.899909e+01	4.288903e+01	5.025237e+01
195	5.585792e+00	2.679091e+03	4.347356e+02	4.602475e+02	7.928751e+01	4.302222e+01	5.150192e+01
196	5.614437e+00	2.671128e+03	4.344948e+02	4.600090e+02	7.913588e+01	4.297654e+01	5.313724e+01
197	5.643082e+00	2.655441e+03	4.342934e+02	4.598555e+02	7.885901e+01	4.287415e+01	5.454295e+01
198	5.671727e+00	2.665188e+03	4.340809e+02	4.596420e+02	7.922842e+01	4.283088e+01	5.576525e+01
199	5.700372e+00	2.670918e+03	4.338233e+02	4.595631e+02	7.943350e+01	4.281214e+01	5.731514e+01
200	5.729017e+00	2.659067e+03	4.334494e+02	4.594316e+02	7.913300e+01	4.278405e+01	5.878188e+01
201	5.757663e+00	2.666065e+03	4.332398e+02	4.591783e+02	7.946476e+01	4.271755e+01	6.042327e+01
202	5.786308e+00	2.663777e+03	4.330494e+02	4.590605e+02	7.947787e+01	4.267385e+01	6.152197e+01
203	5.814953e+00	2.666425e+03	4.326508e+02	4.588935e+02	7.956286e+01	4.267064e+01	6.318383e+01
204	5.843598e+00	2.675806e+03	4.322588e+02	4.586944e+02	7.976495e+01	4.271227e+01	6.409187e+01
205	5.872243e+00	2.665875e+03	4.320594e+02	4.584013e+02	7.974809e+01	4.256274e+01	6.540758e+01
206	5.900888e+00	2.666500e+03	4.318247e+02	4.582551e+02	7.963221e+01	4.263467e+01	6.664099e+01
207	5.929533e+00	2.670888e+03	4.315450e+02	4.580489e+02	7.961190e+01	4.271572e+01	6.771349e+01
208	5.958178e+00	2.664134e+03	4.314393e+02	4.578981e+02	7.992834e+01	4.243902e+01	6.910183e+01
209	5.986823e+00	2.658116e+03	4.311016e+02	4.577211e+02	7.959285e+01	4.252164e+01	7.051761e+01
210	6.015468e+00	2.666154e+03	4.309402e+02	4.574841e+02	7.996691e+01	4.245071e+01	7.201990e+01
211	6.044113e+00	2.658897e+03	4.307260e+02	4.572003e+02	7.989381e+01	4.237390e+01	7.287304e+01
212	6.072759e+00	2.667592e+03	4.305093e+02	4.568792e+02	7.997794e+01	4.246777e+01	7.433720e+01
213	6.101404e+00	2.666044e+03	4.302834e+02	4.566900e+02	8.011095e+01	4.237263e+01	7.556027e+01
214	6.130049e+00	2.663417e+03	4.300371e+02	4.564196e+02	8.007652e+01	4.234910e+01	7.669342e+01
215	6.158694e+00	2.664401e+03	4.298915e+02	4.562259e+02	7.989454e+01	4.246123e+01	7.763937e+01
216	6.187339e+00	2.664674e+03	4.295263e+02	4.560086e+02	8.001466e+01	4.240183e+01	7.895164e+01
217	6.215984e+00	2.655953e+03	4.291920e+02	4.557595e+02	7.948866e+01	4.254272e+01	8.011097e+01
218	6.244629e+00	2.670420e+03	4.287995e+02	4.555035e+02	8.024051e+01	4.237366e+01	8.147939e+01
219	6.273274e+00	2.664904e+03	4.286336e+02	4.552896e+02	7.991075e+01	4.246063e+01	8.246365e+01
220	6.301919e+00	2.656738e+03	4.284839e+02	4.550449e+02	7.976546e+01	4.240763e+01	8.352299e+01
221	6.330564e+00	2.660536e+03	4.283047e+02	4.548026e+02	8.023748e+01	4.221842e+01	8.447273e+01
222	6.359209e+00	2.663004e+03	4.280484e+02	4.544243e+02	8.029191e+01	4.222894e+01	8.589580e+01
223	6.387854e+00	2.658705e+03	4.278605e+02	4.542281e+02	8.036687e+01	4.212144e+01	8.678835e+01
224	6.416500e+00	2.661334e+03	4.276513e+02	4.538765e+02	8.002864e+01	4.234129e+01	8.818291e+01
225	6.445145e+00	2.669892e+03	4.275180e+02	4.534715e+02	8.018932e+01	4.239232e+01	8.936523e+01
226	6.473790e+00	2.650347e+03	4.274938e+02	4.532581e+02	8.012814e+01	4.211412e+01	9.071506e+01
227	6.502435e+00	2.666625e+03	4.272063e+02	4.529782e+02	8.003447e+01	4.242238e+01	9.181767e+01
228	6.531080e+00	2.672488e+03	4.270797e+02	4.527192e+02	8.036554e+01	4.234051e+01	9.291368e+01
229	6.559725e+00	2.671822e+03	4.268466e+02	4.524040e+02	8.017786e+01	4.242904e+01	9.416927e+01
230	6.588370e+00	2.660337e+03	4.269204e+02	4.520332e+02	8.039595e+01	4.213205e+01	9.523467e+01
231	6.617015e+00	2.664481e+03	4.267014e+02	4.517029e+02	8.004287e+01	4.238382e+01	9.673799e+01
232	6.645660e+00	2.667081e+03	4.266779e+02	4.514320e+02	8.003062e+01	4.243168e+01	9.808147e+01
233	6.674305e+00	2.669336e+03	4.267415e+02	4.511502e+02	8.013430e+01	4.241260e+01	9.910185e+01
234	6.702950e+00	2.663482e+03	4.265746e+02	4.507833e+02	8.039470e+01	4.218251e+01	1.004398e+02
235	6.731596e+00	2.672145e+03	4.264544e+02	4.503781e+02	8.022733e+01	4.240800e+01	1.014584e+02
236	6.760241e+00	2.660351e+03	4.263506e+02	4.501272e+02	7.996935e+01	4.235703e+01	1.024626e+02
237	6.788886e+00	2.666322e+03	4.261855e+02	4.497522e+02	8.022205e+01	4.231838e+01	1.034342e+02
238	6.817531e+00	2.657483e+03	4.262812e+02	4.495201e+02	8.020126e+01	4.218902e+01	1.045049e+02
239	6.846176e+00	2.674008e+03	4.262355e+02	4.491996e+02	8.028780e+01	4.240560e+01	1.054887e+02
240	6.874821e+00	2.668349e+03	4.260412e+02	4.487752e+02	7.987153e+01	4.253641e+01	1.073755e+02
241	6.903466e+00	2.664803e+03	4.259938e+02	4.484521e+02	7.988378e+01	4.247335e+01	1.083081e+02
242	6.932111e+00	2.671954e+03	4.259657e+02	4.480639e+02	7.983358e+01	4.261412e+01	1.093975e+02
243	6.960756e+00	2.667838e+03	4.259309e+02	4.478336e+02	7.987696e+01	4.252536e+01	1.104244e+02
244	6.989401e+00	2.660733e+03	4.258942e+02	4.476110e+02	7.939585e+01	4.266911e+01	1.113597e+02
245	7.018046e+00	2.671780e+03	4.259348e+02	4.471536e+02	7.952027e+01	4.277924e+01	1.129984e+02
246	7.046691e+00	2.678390e+03	4.260220e+02	4.468967e+02	7.979163e+01	4.273922e+01	1.143755e+02
247	7.075337e+00	2.677528e+03	4.259776e+02	4.465744e+02	7.986631e+01	4.268551e+01	1.157015e+02
248	7.103982e+00	2.685551e+03	4.260102e+02	4.463784e+02	8.001230e+01	4.273531e+01	1.168878e+02
249	7.132627e+00	2.676191e+03	4.259128e+02	4.458714e+02	7.936626e+01	4.293301e+01	1.177162e+02
250	7.161272e+00	2.682630e+03	4.260157e+02	4.455716e+02	7.984318e+01	4.277924e+01	1.192042e+02
251	7.189917e+00	2.673138e+03	4.261211e+02	4.452880e+02	7.987585e+01	4.261044e+01	1.202288e+02
252	7.218562e+00	2.685174e+03	4.261900e+02	4.450073e+02	7.982148e+01	4.283144e+01	1.217169e+02
253	7.247207e+00	2.684970e+03	4.262088e+02	4.446774e+02	7.969643e+01	4.289539e+01	1.230089e+02
254	7.275852e+00	2.678063e+03	4.261301e+02	4.443308e+02	7.946434e+01	4.291002e+01	1.240868e+02
255	7.304497e+00	2.680659e+03	4.262317e+02	4.441300e+02	7.942374e+01	4.297356e+01	1.252830e+02
256	7.333142e+00	2.673283e+03	4.262439e+02	4.438871e+02	7.932796e+01	4.290706e+01	1.262507e+02
257	7.361787e+00	2.669564e+03	4.264122e+02	4.435913e+02	7.935677e+01	4.283181e+01	1.276562e+02
258	7.390433e+00	2.688960e+03	4.263978e+02	4.432651e+02	7.969698e+01	4.295884e+01	1.291149e+02
259	7.419078e+00	2.698408e+03	4.263228e+02	4.428172e+02	7.968394e+01	4.311684e+01	1.299406e+02
260	7.447723e+00	2.690858e+03	4.264879e+02	4.426244e+02	7.992224e+01	4.286800e+01	1.310455e+02
261	7.476368e+00	2.699588e+03	4.265982e+02	4.421813e+02	7.973141e+01	4.311002e+01	1.324830e+02
262	7.505013e+00	2.687813e+03	4.267845e+02	4.420031e+02	7.933480e+01	4.313655e+01	1.338266e+02
263	7.533658e+00	2.693903e+03	4.269249e+02	4.417316e+02	7.941824e+01	4.318887e+01	1.352265e+02
264	7.562303e+00	2.697062e+03	4.269821e+02	4.414340e+02	7.940172e+01	4.324850e+01	1.363453e+02
265	7.590948e+00	2.690310e+03	4.270641e+02	4.410594e+02	7.938223e+01	4.315084e+01	1.375533e+02
266	7.619593e+00	2.694127e+03	4.272197e+02	4.408089e+02	7.915414e+01	4.333657e+01	1.388740e+02
267	7.648238e+00	2.683640e+03	4.274448e+02	4.406459e+02	7.912502e+01	4.318377e+01	1.402524e+02
268	7.676883e+00	2.694207e+03	4.274958e+02	4.402406e+02	7.941274e+01	4.319674e+01	1.411676e+02
269	7.705529e+00	2.707124e+03	4.275979e+02	4.399607e+02	7.951413e+01	4.334848e+01	1.423532e+02
270	7.734174e+00	2.690821e+03	4.277266e+02	4.395468e+02	7.947160e+01	4.311049e+01	1.439010e+02
271	7.762819e+00	2.685187e+03	4.279497e+02	4.393810e+02	7.912608e+01	4.320808e+01	1.455641e+02
272	7.791464e+00	2.699671e+03	4.280723e+02	4.391845e+02	7.958935e+01	4.318830e+01	1.464909e+02
273	7.820109e+00	2.710963e+03	4.282003e+02	4.388539e+02	7.961733e+01	4.335369e+01	1.477913e+02
274	7.848754e+00	2.700835e+03	4.283870e+02	4.385617e+02	7.933375e+01	4.334612e+01	1.490085e+02
275	7.877399e+00	2.693959e+03	4.286233e+02	4.383618e+02	7.930878e+01	4.324937e+01	1.508360e+02
276	7.906044e+00	2.692568e+03	4.285995e+02	4.379826e+02	7.928693e+01	4.323895e+01	1.521138e+02
277	7.934689e+00	2.684952e+03	4.289051e+02	4.378328e+02	7.915730e+01	4.318727e+01	1.534505e+02
278	7.963334e+00	2.702126e+03	4.290316e+02	4.375610e+02	7.954170e+01	4.325346e+01	1.545968e+02
279	7.991979e+00	2.682529e+03	4.293445e+02	4.374644e+02	7.914460e+01	4.315520e+01	1.557010e+02
280	8.020624e+00	2.700889e+03	4.295210e+02	4.372597e+02	7.952686e+01	4.324172e+01	1.568694e+02
281	8.049270e+00	2.681972e+03	4.297857e+02	4.370784e+02	7.910712e+01	4.316670e+01	1.580577e+02
282	8.077915e+00	2.700747e+03	4.299018e+02	4.367983e+02	7.943562e+01	4.328912e+01	1.598822e+02
283	8.106560e+00	2.687107e+03	4.300261e+02	4.365577e+02	7.937503e+01	4.310337e+01	1.610229e+02
284	8.135205e+00	2.682162e+03	4.303513e+02	4.364395e+02	7.909623e+01	4.317569e+01	1.623906e+02
285	8.163850e+00	2.683760e+03	4.305988e+02	4.362439e+02	7.903643e+01	4.323410e+01	1.632899e+02
286	8.192495e+00	2.694970e+03	4.308560e+02	4.360477e+02	7.946802e+01	4.317891e+01	1.650706e+02
287	8.221140e+00	2.697423e+03	4.310141e+02	4.358794e+02	7.919750e+01	4.336584e+01	1.661178e+02
288	8.249785e+00	2.690082e+03	4.313456e+02	4.357144e+02	7.926860e+01	4.320902e+01	1.675538e+02
289	8.278430e+00	2.690204e+03	4.315110e+02	4.355077e+02	7.916576e+01	4.326712e+01	1.687996e+02
290	8.307075e+00	2.697706e+03	4.317299e+02	4.353683e+02	7.920885e+01	4.336416e+01	1.699741e+02
291	8.335720e+00	2.692857e+03	4.319966e+02	4.352813e+02	7.909644e+01	4.334775e+01	1.713217e+02
292	8.364366e+00	2.691303e+03	4.322550e+02	4.349715e+02	7.932162e+01	4.319974e+01	1.725456e+02
293	8.393011e+00	2.693145e+03	4.325504e+02	4.349604e+02	7.952123e+01	4.312080e+01	1.740457e+02
294	8.421656e+00	2.686214e+03	4.327610e+02	4.346906e+02	7.898797e+01	4.330019e+01	1.754899e+02
295	8.450301e+00	2.692196e+03	4.331386e+02	4.345824e+02	7.934658e+01	4.320049e+01	1.767084e+02
296	8.478946e+00	2.683635e+03	4.334240e+02	4.344926e+02	7.918637e+01	4.315023e+01	1.779160e+02
297	8.507591e+00	2.682231e+03	4.336078e+02	4.342935e+02	7.930836e+01	4.306133e+01	1.793090e+02
298	8.536236e+00	2.728074e+03	4.336583e+02	4.337434e+02	8.036082e+01	4.322371e+01	1.789932e+02
299	8.564881e+00	2.684622e+03	4.341288e+02	4.341549e+02	7.914534e+01	4.318848e+01	2.138006e+00
300	8.593526e+00	2.670748e+03	4.344294e+02	4.342332e+02	7.911855e+01	4.297983e+01	3.147043e+00
301	8.622171e+00	2.675425e+03	4.346711e+02	4.341044e+02	7.893118e+01	4.315730e+01	4.854958e+00
302	8.650816e+00	2.679344e+03	4.350393e+02	4.339771e+02	7.914465e+01	4.310395e+01	5.850943e+00
303	8.679461e+00	2.668331e+03	4.353699e+02	4.339326e+02	7.910372e+01	4.294899e+01	7.034612e+00
304	8.708107e+00	2.665648e+03	4.357011e+02	4.337461e+02	7.885031e+01	4.304369e+01	8.517361e+00
305	8.736752e+00	2.669833e+03	4.359075e+02	4.338061e+02	7.899627e+01	4.303162e+01	9.879922e+00
306	8.765397e+00	2.670402e+03	4.362639e+02	4.335565e+02	7.875263e+01	4.317393e+01	1.096653e+01
307	8.794042e+00	2.671856e+03	4.365978e+02	4.336090e+02	7.898213e+01	4.307192e+01	1.263673e+01
308	8.822687e+00	2.681751e+03	4.368478e+02	4.336512e+02	7.907317e+01	4.318167e+01	1.408462e+01
309	8.851332e+00	2.687059e+03	4.371778e+02	4.334191e+02	7.871172e+01	4.346582e+01	1.536726e+01
310	8.879977e+00	2.681880e+03	4.374492e+02	4.334970e+02	7.904889e+01	4.319701e+01	1.635748e+01
311	8.908622e+00	2.686739e+03	4.378484e+02	4.334002e+02	7.943696e+01	4.306386e+01	1.761377e+01
312	8.937267e+00	2.674431e+03	4.380791e+02	4.334850e+02	7.896525e+01	4.312266e+01	1.911291e+01
313	8.965912e+00	2.683693e+03	4.383843e+02	4.334824e+02	7.904077e+01	4.323066e+01	2.027944e+01
314	8.994557e+00	2.685869e+03	4.387534e+02	4.334504e+02	7.894773e+01	4.331670e+01	2.167709e+01
315	9.023203e+00	2.667872e+03	4.389871e+02	4.335401e+02	7.865179e+01	4.318834e+01	2.266434e+01
316	9.051848e+00	2.684942e+03	4.394179e+02	4.335101e+02	7.919965e+01	4.316401e+01	2.409168e+01
317	9.080493e+00	2.675448e+03	4.398309e+02	4.335084e+02	7.890600e+01	4.317144e+01	2.526252e+01
318	9.109138e+00	2.684074e+03	4.401900e+02	4.334880e+02	7.898636e+01	4.326658e+01	2.685025e+01
319	9.137783e+00	2.685724e+03	4.405156e+02	4.334030e+02	7.925177e+01	4.314818e+01	2.830054e+01
320	9.166428e+00	2.677756e+03	4.408021e+02	4.334658e+02	7.911893e+01	4.309240e+01	2.959660e+01
321	9.195073e+00	2.671399e+03	4.411432e+02	4.335621e+02	7.909404e+01	4.300364e+01	3.034839e+01
322	9.223718e+00	2.677485e+03	4.414962e+02	4.335053e+02	7.943908e+01	4.291440e+01	3.203062e+01
323	9.252363e+00	2.685822e+03	4.417646e+02	4.337373e+02	7.917200e+01	4.319323e+01	3.374838e+01
324	9.281008e+00	2.693420e+03	4.421143e+02	4.337199e+02	7.932900e+01	4.322969e+01	3.489448e+01
325	9.309653e+00	2.689864e+03	4.424031e+02	4.338101e+02	7.933079e+01	4.317166e+01	3.568419e+01
326	9.338298e+00	2.703981e+03	4.425104e+02	4.338855e+02	7.915569e+01	4.349423e+01	3.783155e+01
327	9.366944e+00	2.687133e+03	4.430589e+02	4.340546e+02	7.936945e+01	4.310682e+01	3.859571e+01
328	9.395589e+00	2.683020e+03	4.433795e+02	4.340331e+02	7.923580e+01	4.311343e+01	4.000206e+01
329	9.424234e+00	2.674922e+03	4.436613e+02	4.342148e+02	7.902316e+01	4.309897e+01	4.137187e+01
330	9.452879e+00	2.689915e+03	4.440837e+02	4.342563e+02	7.920204e+01	4.324265e+01	4.268323e+01
331	9.481524e+00	2.674356e+03	4.442408e+02	4.345196e+02	7.931943e+01	4.292891e+01	4.406228e+01
332	9.510169e+00	2.662553e+03	4.445045e+02	4.346758e+02	7.868433e+01	4.308441e+01	4.502893e+01
333	9.538814e+00	2.677407e+03	4.448137e+02	4.348801e+02	7.924380e+01	4.301890e+01	4.676964e+01
334	9.567459e+00	2.670586e+03	4.450793e+02	4.349849e+02	7.914525e+01	4.296272e+01	4.785553e+01
335	9.596104e+00	2.676099e+03	4.454261e+02	4.351440e+02	7.936373e+01	4.293291e+01	4.927951e+01
336	9.624749e+00	2.676768e+03	4.458039e+02	4.352169e+02	7.920169e+01	4.303149e+01	5.027525e+01
337	9.653394e+00	2.670748e+03	4.460301e+02	4.354832e+02	7.904073e+01	4.302215e+01	5.165685e+01
338	9.682040e+00	2.672059e+03	4.463431e+02	4.355770e+02	7.903796e+01	4.304477e+01	5.290061e+01
339	9.710685e+00	2.672846e+03	4.466502e+02	4.358280e+02	7.938081e+01	4.287148e+01	5.410168e+01
340	9.739330e+00	2.663477e+03	4.469386e+02	4.359683e+02	7.917601e+01	4.283171e+01	5.546818e+01
341	9.767975e+00	2.665460e+03	4.472346e+02	4.361822e+02	7.899857e+01	4.295989e+01	5.664784e+01
342	9.796620e+00	2.669404e+03	4.475376e+02	4.363650e+02	7.927003e+01	4.287612e+01	5.823663e+01
343	9.825265e+00	2.662843e+03	4.477501e+02	4.367095e+02	7.949269e+01	4.265092e+01	5.968950e+01
344	9.853910e+00	2.653964e+03	4.480722e+02	4.368726e+02	7.921300e+01	4.265880e+01	6.109769e+01
345	9.882555e+00	2.664351e+03	4.483199e+02	4.371686e+02	7.931628e+01	4.277000e+01	6.234071e+01
346	9.911200e+00	2.655215e+03	4.485067e+02	4.373628e+02	7.905109e+01	4.276632e+01	6.367765e+01
347	9.939845e+00	2.648529e+03	4.487495e+02	4.376269e+02	7.908182e+01	4.264207e+01	6.506788e+01
348	9.968490e+00	2.649028e+03	4.489828e+02	4.378058e+02	7.892870e+01	4.273285e+01	6.631955e+01
349	9.997135e+00	2.650106e+03	4.493506e+02	4.379702e+02	7.929708e+01	4.255162e+01	6.770821e+01
350	1.002578e+01	2.649058e+03	4.495109e+02	4.383404e+02	7.919964e+01	4.258714e+01	6.921696e+01
351	1.005443e+01	2.647698e+03	4.497204e+02	4.385759e+02	7.924377e+01	4.254156e+01	7.046398e+01
352	1.008307e+01	2.653387e+03	4.500327e+02	4.387863e+02	7.928707e+01	4.260969e+01	7.164422e+01
353	1.011172e+01	2.650299e+03	4.503023e+02	4.391081e+02	7.956110e+01	4.241352e+01	7.323542e+01
354	1.014036e+01	2.652948e+03	4.504695e+02	4.393331e+02	7.948333e+01	4.249744e+01	7.432512e+01
355	1.016901e+01	2.637328e+03	4.505247e+02	4.397217e+02	7.939204e+01	4.229580e+01	7.564285e+01
356	1.019765e+01	2.651872e+03	4.509058e+02	4.399650e+02	7.956687e+01	4.243561e+01	7.687104e+01
357	1.022630e+01	2.651267e+03	4.511926e+02	4.402192e+02	7.970774e+01	4.235094e+01	7.783086e+01
358	1.025494e+01	2.647436e+03	4.514038e+02	4.405372e+02	7.976805e+01	4.225778e+01	7.932108e+01
359	1.028359e+01	2.650105e+03	4.516498e+02	4.408155e+02	7.945002e+01	4.246971e+01	8.048239e+01
360	1.031223e+01	2.639938e+03	4.518257e+02	4.412157e+02	7.982782e+01	4.210654e+01	8.178870e+01
361	1.034088e+01	2.654949e+03	4.520802e+02	4.414761e+02	7.981264e+01	4.235402e+01	8.290637e+01
362	1.036952e+01	2.659534e+03	4.522964e+02	4.417080e+02	7.999795e+01	4.232889e+01	8.389885e+01
363	1.039817e+01	2.645927e+03	4.523521e+02	4.420386e+02	7.978336e+01	4.222558e+01	8.528027e+01
364	1.042681e+01	2.652365e+03	4.525791e+02	4.422946e+02	7.984306e+01	4.229668e+01	8.642575e+01
365	1.045546e+01	2.633759e+03	4.528395e+02	4.426938e+02	7.969255e+01	4.207928e+01	8.763589e+01
366	1.048410e+01	2.646640e+03	4.530718e+02	4.430627e+02	7.957541e+01	4.234734e+01	8.881597e+01
367	1.051275e+01	2.649945e+03	4.531434e+02	4.434247e+02	7.969300e+01	4.233766e+01	9.008323e+01
368	1.054139e+01	2.655309e+03	4.532733e+02	4.437222e+02	7.979224e+01	4.237059e+01	9.091720e+01
369	1.057004e+01	2.647464e+03	4.535320e+02	4.440829e+02	7.985330e+01	4.221310e+01	9.208144e+01
370	1.059868e+01	2.645962e+03	4.537018e+02	4.443040e+02	7.958250e+01	4.233272e+01	9.306687e+01
371	1.062733e+01	2.658479e+03	4.539552e+02	4.446438e+02	8.021425e+01	4.219800e+01	9.410173e+01
372	1.065597e+01	2.649793e+03	4.541571e+02	4.449617e+02	7.994099e+01	4.220390e+01	9.487862e+01
373	1.068462e+01	2.643968e+03	4.542491e+02	4.453481e+02	7.957708e+01	4.230369e+01	9.647376e+01
374	1.071326e+01	2.647876e+03	4.544532e+02	4.456507e+02	7.976571e+01	4.226604e+01	9.722164e+01
375	1.074191e+01	2.646530e+03	4.544981e+02	4.459638e+02	7.971366e+01	4.227213e+01	9.887608e+01
376	1.077055e+01	2.640692e+03	4.548080e+02	4.463642e+02	7.939983e+01	4.234560e+01	9.967884e+01
377	1.079920e+01	2.657558e+03	4.548734e+02	4.467307e+02	7.988284e+01	4.235838e+01	1.008597e+02
378	1.082784e+01	2.648739e+03	4.549563e+02	4.469912e+02	7.964955e+01	4.234147e+01	1.019278e+02
379	1.085649e+01	2.658992e+03	4.550651e+02	4.473023e+02	7.987932e+01	4.238311e+01	1.030036e+02
380	1.088513e+01	2.650040e+03	4.552125e+02	4.476777e+02	7.955241e+01	4.241400e+01	1.042265e+02
381	1.091378e+01	2.655387e+03	4.551238e+02	4.479497e+02	7.965310e+01	4.244585e+01	1.052023e+02
382	1.094242e+01	2.656046e+03	4.554065e+02	4.483770e+02	7.970949e+01	4.242635e+01	1.066618e+02
383	1.097107e+01	2.659302e+03	4.553609e+02	4.487516e+02	7.975542e+01	4.245390e+01	1.077027e+02
384	1.099971e+01	2.661291e+03	4.555449e+02	4.491635e+02	7.958512e+01	4.257656e+01	1.088448e+02
385	1.102836e+01	2.655196e+03	4.554659e+02	4.494263e+02	7.931549e+01	4.262347e+01	1.101319e+02
386	1.105700e+01	2.656752e+03	4.556153e+02	4.498691e+02	7.963248e+01	4.247866e+01	1.113923e+02
387	1.108565e+01	2.643767e+03	4.557475e+02	4.502622e+02	7.927705e+01	4.246058e+01	1.121811e+02
388	1.111429e+01	2.653453e+03	4.557546e+02	4.505264e+02	7.936940e+01	4.256654e+01	1.134823e+02
389	1.114294e+01	2.661754e+03	4.557787e+02	4.508978e+02	7.960853e+01	4.257146e+01	1.148666e+02
390	1.117158e+01	2.665338e+03	4.557954e+02	4.512133e+02	7.952199e+01	4.267517e+01	1.158236e+02
391	1.120023e+01	2.666713e+03	4.560016e+02	4.517595e+02	7.942412e+01	4.274979e+01	1.170297e+02
392	1.122887e+01	2.656527e+03	4.559109e+02	4.520204e+02	7.941602e+01	4.259085e+01	1.182320e+02
393	1.125752e+01	2.666173e+03	4.558567e+02	4.523785e+02	7.973338e+01	4.257535e+01	1.195090e+02
394	1.128616e+01	2.670399e+03	4.559207e+02	4.527941e+02	7.950581e+01	4.276489e+01	1.204347e+02
395	1.131481e+01	2.673728e+03	4.559079e+02	4.531474e+02	7.930676e+01	4.292568e+01	1.217781e+02
396	1.134345e+01	2.674520e+03	4.559698e+02	4.535960e+02	7.948825e+01	4.284036e+01	1.229412e+02
397	1.137210e+01	2.676652e+03	4.559604e+02	4.539484e+02	7.925130e+01	4.300269e+01	1.238080e+02
398	1.140074e+01	2.670066e+03	4.560769e+02	4.542702e+02	7.927433e+01	4.288443e+01	1.252035e+02
399	1.142939e+01	2.669102e+03	4.559114e+02	4.546561e+02	7.917695e+01	4.292167e+01	1.261809e+02
400	1.145803e+01	2.668876e+03	4.558566e+02	4.550196e+02	7.919798e+01	4.290663e+01	1.276072e+02
401	1.148668e+01	2.659096e+03	4.557956e+02	4.554329e+02	7.899310e+01	4.286029e+01	1.287159e+02
402	1.151533e+01	2.671102e+03	4.559123e+02	4.558515e+02	7.894166e+01	4.308185e+01	1.301750e+02
403	1.154397e+01	2.677242e+03	4.557967e+02	4.562478e+02	7.916621e+01	4.305840e+01	1.310173e+02
404	1.157262e+01	2.668664e+03	4.558860e+02	4.566345e+02	7.884682e+01	4.309430e+01	1.326293e+02
405	1.160126e+01	2.663865e+03	4.557090e+02	4.569182e+02	7.895990e+01	4.295520e+01	1.338465e+02
406	1.162991e+01	2.674280e+03	4.555071e+02	4.571975e+02	7.934888e+01	4.291174e+01	1.352012e+02
407	1.165855e+01	2.681124e+03	4.555189e+02	4.576992e+02	7.918900e+01	4.310842e+01	1.361848e+02
408	1.168720e+01	2.681755e+03	4.554933e+02	4.579425e+02	7.912555e+01	4.315315e+01	1.372028e+02
409	1.171584e+01	2.658241e+03	4.553645e+02	4.583593e+02	7.871147e+01	4.299979e+01	1.385126e+02
410	1.174449e+01	2.673759e+03	4.553206e+02	4.587023e+02	7.911328e+01	4.303116e+01	1.395142e+02
411	1.177313e+01	2.664371e+03	4.551591e+02	4.589512e+02	7.887626e+01	4.300892e+01	1.406144e+02
412	1.180178e+01	2.685073e+03	4.549394e+02	4.593473e+02	7.858144e+01	4.350570e+01	1.424962e+02
413	1.183042e+01	2.676061e+03	4.549503e+02	4.596613e+02	7.879044e+01	4.324467e+01	1.435285e+02
414	1.185907e+01	2.666277e+03	4.548286e+02	4.600324e+02	7.846463e+01	4.326548e+01	1.442507e+02
415	1.188771e+01	2.674286e+03	4.546105e+02	4.602538e+02	7.892323e+01	4.314328e+01	1.458650e+02
416	1.191636e+01	2.671993e+03	4.545040e+02	4.606091e+02	7.892164e+01	4.310715e+01	1.472619e+02
417	1.194500e+01	2.671398e+03	4.543445e+02	4.609384e+02	7.857297e+01	4.328880e+01	1.484599e+02
418	1.197365e+01	2.680751e+03	4.542920e+02	4.613880e+02	7.892984e+01	4.324394e+01	1.494244e+02
419	1.200229e+01	2.679799e+03	4.540630e+02	4.616378e+02	7.896816e+01	4.320762e+01	1.511473e+02
420	1.203094e+01	2.680252e+03	4.540194e+02	4.620085e+02	7.914146e+01	4.312030e+01	1.523421e+02
421	1.205958e+01	2.670783e+03	4.537613e+02	4.623253e+02	7.914912e+01	4.296379e+01	1.534275e+02
422	1.208823e+01	2.660835e+03	4.534322e+02	4.625045e+02	7.873540e+01	4.302868e+01	1.547992e+02
423	1.211687e+01	2.667842e+03	4.533495e+02	4.628842e+02	7.872384e+01	4.314833e+01	1.555744e+02
424	1.214552e+01	2.671519e+03	4.531985e+02	4.631690e+02	7.874679e+01	4.319521e+01	1.566409e+02
425	1.217416e+01	2.654632e+03	4.531196e+02	4.634793e+02	7.836169e+01	4.313310e+01	1.583581e+02
426	1.220281e+01	2.665206e+03	4.528391e+02	4.637935e+02	7.852165e+01	4.321668e+01	1.593869e+02
427	1.223145e+01	2.672208e+03	4.525320e+02	4.639152e+02	7.869905e+01	4.323255e+01	1.603828e+02
428	1.226010e+01	2.673693e+03	4.524564e+02	4.643567e+02	7.875040e+01	4.322837e+01	1.618169e+02
429	1.228874e+01	2.664949e+03	4.522372e+02	4.646407e+02	7.856287e+01	4.318985e+01	1.632036e+02
430	1.231739e+01	2.669327e+03	4.519907e+02	4.649203e+02	7.886029e+01	4.309764e+01	1.642367e+02
431	1.234603e+01	2.671748e+03	4.517582e+02	4.651239e+02	7.882421e+01	4.315648e+01	1.653424e+02
432	1.237468e+01	2.648883e+03	4.515753e+02	4.654341e+02	7.852528e+01	4.295003e+01	1.662003e+02
433	1.240332e+01	2.664475e+03	4.512541e+02	4.656617e+02	7.884846e+01	4.302575e+01	1.674684e+02
434	1.243197e+01	2.668617e+03	4.511328e+02	4.658843e+02	7.865489e+01	4.319869e+01	1.689481e+02
435	1.246061e+01	2.653445e+03	4.508977e+02	4.662047e+02	7.867738e+01	4.294082e+01	1.698387e+02
436	1.248926e+01	2.662367e+03	4.506704e+02	4.664518e+02	7.877901e+01	4.302961e+01	1.711170e+02
437	1.251790e+01	2.673894e+03	4.503984e+02	4.666481e+02	7.867857e+01	4.327109e+01	1.720714e+02
438	1.254655e+01	2.666312e+03	4.501888e+02	4.669206e+02	7.867645e+01	4.314955e+01	1.733611e+02
439	1.257519e+01	2.684467e+03	4.498929e+02	4.671032e+02	7.858803e+01	4.349224e+01	1.742676e+02
440	1.260384e+01	2.662940e+03	4.497308e+02	4.672743e+02	7.862699e+01	4.312209e+01	1.758637e+02
441	1.263248e+01	2.659253e+03	4.495392e+02	4.673583e+02	7.845650e+01	4.315597e+01	1.770310e+02
442	1.266113e+01	2.664357e+03	4.492769e+02	4.676616e+02	7.846135e+01	4.323613e+01	1.783835e+02
443	1.268977e+01	2.660877e+03	4.491140e+02	4.678233e+02	7.837243e+01	4.322865e+01	1.796132e+02
444	1.271842e+01	2.675247e+03	4.486826e+02	4.682331e+02	7.857369e+01	4.335077e+01	9.222787e-01
445	1.274706e+01	2.660693e+03	4.485414e+02	4.682067e+02	7.822215e+01	4.330870e+01	1.664349e+00
446	1.277571e+01	2.669743e+03	4.483636e+02	4.684230e+02	7.883537e+01	4.311799e+01	2.782268e+00
447	1.280435e+01	2.661088e+03	4.481213e+02	4.684816e+02	7.806352e+01	4.340315e+01	3.985123e+00
448	1.283300e+01	2.654603e+03	4.477358e+02	4.687975e+02	7.859334e+01	4.300550e+01	5.173986e+00
449	1.286164e+01	2.653199e+03	4.475515e+02	4.689743e+02	7.855721e+01	4.300253e+01	6.601519e+00
450	1.289029e+01	2.669452e+03	4.472619e+02	4.690198e+02	7.890813e+01	4.307352e+01	7.704529e+00
451	1.291893e+01	2.677602e+03	4.470396e+02	4.691507e+02	7.900005e+01	4.315476e+01	9.032146e+00
452	1.294758e+01	2.691891e+03	4.464763e+02	4.696447e+02	7.886624e+01	4.345868e+01	1.122394e+01
453	1.297622e+01	2.673602e+03	4.463518e+02	4.694645e+02	7.887690e+01	4.315757e+01	1.130602e+01
454	1.300487e+01	2.656235e+03	4.461567e+02	4.695414e+02	7.861304e+01	4.302114e+01	1.222933e+01
455	1.303351e+01	2.675040e+03	4.457579e+02	4.696648e+02	7.864220e+01	4.330966e+01	1.414642e+01
456	1.306216e+01	2.667459e+03	4.454768e+02	4.698799e+02	7.862353e+01	4.319718e+01	1.518754e+01
457	1.309080e+01	2.661556e+03	4.451501e+02	4.700236e+02	7.856203e+01	4.313532e+01	1.610603e+01
458	1.311945e+01	2.668609e+03	4.448276e+02	4.701503e+02	7.862647e+01	4.321418e+01	1.720460e+01
459	1.314810e+01	2.660050e+03	4.445182e+02	4.701781e+02	7.866056e+01	4.305692e+01	1.848261e+01
460	1.317674e+01	2.664258e+03	4.442536e+02	4.701756e+02	7.888651e+01	4.300150e+01	1.962810e+01
461	1.320539e+01	2.661577e+03	4.439239e+02	4.702810e+02	7.882214e+01	4.299332e+01	2.037513e+01
462	1.323403e+01	2.658398e+03	4.436981e+02	4.703364e+02	7.878032e+01	4.296476e+01	2.202546e+01
463	1.326268e+01	2.681104e+03	4.433584e+02	4.704006e+02	7.909377e+01	4.316001e+01	2.356544e+01
464	1.329132e+01	2.677563e+03	4.429793e+02	4.705153e+02	7.886117e+01	4.323013e+01	2.470007e+01
465	1.331997e+01	2.659871e+03	4.427068e+02	4.704437e+02	7.869799e+01	4.303353e+01	2.612037e+01
466	1.334861e+01	2.680665e+03	4.423823e+02	4.704566e+02	7.878532e+01	4.332188e+01	2.716763e+01
467	1.337726e+01	2.666800e+03	4.421613e+02	4.704061e+02	7.892158e+01	4.302341e+01	2.846506e+01
468	1.340590e+01	2.660861e+03	4.416990e+02	4.705806e+02	7.868393e+01	4.305725e+01	2.982887e+01
469	1.343455e+01	2.681235e+03	4.412739e+02	4.705571e+02	7.927689e+01	4.306242e+01	3.135599e+01
470	1.346319e+01	2.680410e+03	4.410821e+02	4.704994e+02	7.898423e+01	4.320867e+01	3.262564e+01
471	1.349184e+01	2.669912e+03	4.407383e+02	4.705048e+02	7.897649e+01	4.304366e+01	3.372832e+01
472	1.352048e+01	2.667098e+03	4.404030e+02	4.705765e+02	7.877200e+01	4.310992e+01	3.502871e+01
473	1.354913e+01	2.668745e+03	4.401724e+02	4.703955e+02	7.878708e+01	4.312829e+01	3.620315e+01
474	1.357777e+01	2.664415e+03	4.398404e+02	4.704373e+02	7.879256e+01	4.305531e+01	3.786710e+01
475	1.360642e+01	2.673971e+03	4.395311e+02	4.703788e+02	7.888899e+01	4.315691e+01	3.896453e+01
476	1.363506e+01	2.667773e+03	4.392381e+02	4.702776e+02	7.874088e+01	4.313788e+01	4.028356e+01
477	1.366371e+01	2.672340e+03	4.387671e+02	4.703604e+02	7.879885e+01	4.317993e+01	4.170118e+01
478	1.369235e+01	2.667143e+03	4.385932e+02	4.701180e+02	7.865324e+01	4.317574e+01	4.272236e+01
479	1.372100e+01	2.664674e+03	4.382632e+02	4.700269e+02	7.882121e+01	4.304384e+01	4.422186e+01
480	1.374964e+01	2.677153e+03	4.379569e+02	4.699380e+02	7.911757e+01	4.308344e+01	4.548226e+01
481	1.377829e+01	2.678273e+03	4.375937e+02	4.699169e+02	7.917362e+01	4.307094e+01	4.726709e+01
482	1.380693e+01	2.681058e+03	4.372549e+02	4.698411e+02	7.936539e+01	4.301156e+01	4.830648e+01
483	1.383558e+01	2.670629e+03	4.369406e+02	4.697845e+02	7.909741e+01	4.298940e+01	4.946003e+01
484	1.386422e+01	2.678589e+03	4.366856e+02	4.697246e+02	7.920142e+01	4.306091e+01	5.081900e+01
485	1.389287e+01	2.667329e+03	4.364971e+02	4.695386e+02	7.899465e+01	4.299213e+01	5.206796e+01
486	1.392151e+01	2.666347e+03	4.362126e+02	4.694332e+02	7.925108e+01	4.283725e+01	5.344607e+01
487	1.395016e+01	2.673294e+03	4.357149e+02	4.694533e+02	7.905685e+01	4.305438e+01	5.482912e+01
488	1.397880e+01	2.671705e+03	4.355375e+02	4.691112e+02	7.911398e+01	4.299771e+01	5.604399e+01
489	1.400745e+01	2.667958e+03	4.353242e+02	4.688927e+02	7.930566e+01	4.283363e+01	5.729057e+01
490	1.403609e+01	2.666747e+03	4.352207e+02	4.687018e+02	7.931530e+01	4.280898e+01	5.867409e+01
491	1.406474e+01	2.675529e+03	4.348102e+02	4.686393e+02	7.931232e+01	4.295158e+01	6.005466e+01
492	1.409338e+01	2.672489e+03	4.344814e+02	4.684962e+02	7.964113e+01	4.272565e+01	6.145660e+01
493	1.412203e+01	2.685665e+03	4.342313e+02	4.682751e+02	7.973009e+01	4.288839e+01	6.258184e+01
494	1.415067e+01	2.670737e+03	4.339450e+02	4.680278e+02	7.980759e+01	4.260858e+01	6.391081e+01
495	1.417932e+01	2.663965e+03	4.338208e+02	4.678684e+02	7.933247e+01	4.275508e+01	6.560593e+01
496	1.420796e+01	2.672142e+03	4.334708e+02	4.677652e+02	7.971712e+01	4.267938e+01	6.671683e+01
497	1.423661e+01	2.659348e+03	4.333431e+02	4.675325e+02	7.927778e+01	4.271042e+01	6.828944e+01
498	1.426525e+01	2.668515e+03	4.329919e+02	4.673084e+02	7.970816e+01	4.262624e+01	6.942682e+01
499	1.429390e+01	2.674168e+03	4.328108e+02	4.670823e+02	8.004377e+01	4.253743e+01	7.083119e+01
500	1.432254e+01	2.673185e+03	4.324742e+02	4.669180e+02	7.993281e+01	4.258083e+01	7.172737e+01
501	1.435119e+01	2.676257e+03	4.322658e+02	4.666128e+02	8.047309e+01	4.234354e+01	7.297684e+01
502	1.437983e+01	2.671921e+03	4.320169e+02	4.665054e+02	7.998999e+01	4.253026e+01	7.409832e+01
503	1.440848e+01	2.663265e+03	4.318242e+02	4.662001e+02	8.021534e+01	4.227338e+01	7.550476e+01
504	1.443712e+01	2.663185e+03	4.314366e+02	4.659741e+02	7.946786e+01	4.266973e+01	7.677661e+01
505	1.446577e+01	2.663228e+03	4.312323e+02	4.656335e+02	7.985132e+01	4.246552e+01	7.782692e+01
506	1.449441e+01	2.659553e+03	4.309745e+02	4.654664e+02	7.973866e+01	4.246684e+01	7.885294e+01
507	1.452306e+01	2.661650e+03	4.308156e+02	4.651254e+02	7.967963e+01	4.253181e+01	8.037021e+01
508	1.455170e+01	2.659903e+03	4.306639e+02	4.648293e+02	8.008341e+01	4.228958e+01	8.154770e+01
509	1.458035e+01	2.666792e+03	4.302654e+02	4.645581e+02	8.019804e+01	4.233850e+01	8.282616e+01
510	1.460899e+01	2.667071e+03	4.301805e+02	4.643102e+02	8.008726e+01	4.240150e+01	8.381438e+01
511	1.463764e+01	2.654360e+03	4.300372e+02	4.641027e+02	8.017347e+01	4.215405e+01	8.514985e+01
512	1.466628e+01	2.663181e+03	4.300345e+02	4.638401e+02	8.027782e+01	4.223916e+01	8.618185e+01
513	1.469493e+01	2.654627e+03	4.297439e+02	4.634225e+02	8.010419e+01	4.219474e+01	8.756657e+01
514	1.472357e+01	2.670198e+03	4.294641e+02	4.631711e+02	8.039014e+01	4.229128e+01	8.879485e+01
515	1.475222e+01	2.668462e+03	4.293287e+02	4.629464e+02	8.041320e+01	4.225167e+01	8.993160e+01
516	1.478087e+01	2.670742e+03	4.290403e+02	4.627145e+02	8.037975e+01	4.230537e+01	9.092141e+01
517	1.480951e+01	2.660179e+03	4.288266e+02	4.624452e+02	8.020639e+01	4.222912e+01	9.182608e+01
518	1.483816e+01	2.669090e+03	4.286790e+02	4.620893e+02	8.032123e+01	4.230999e+01	9.300533e+01
519	1.486680e+01	2.660977e+03	4.285448e+02	4.617400e+02	7.988726e+01	4.241053e+01	9.415516e+01
520	1.489545e+01	2.666934e+03	4.285169e+02	4.614992e+02	8.015102e+01	4.236559e+01	9.548090e+01
521	1.492409e+01	2.662518e+03	4.283260e+02	4.612336e+02	8.017529e+01	4.228264e+01	9.656731e+01
522	1.495274e+01	2.663580e+03	4.282614e+02	4.608952e+02	7.994704e+01	4.242027e+01	9.757010e+01
523	1.498138e+01	2.657131e+03	4.281419e+02	4.605435e+02	8.001509e+01	4.228157e+01	9.884696e+01
524	1.501003e+01	2.666108e+03	4.279402e+02	4.601776e+02	8.009396e+01	4.238264e+01	1.001330e+02
525	1.503867e+01	2.657177e+03	4.280884e+02	4.600088e+02	7.993715e+01	4.232354e+01	1.010156e+02
526	1.506732e+01	2.664060e+03	4.279198e+02	4.596789e+02	7.985242e+01	4.247818e+01	1.019606e+02
527	1.509596e+01	2.668404e+03	4.276838e+02	4.593684e+02	8.027275e+01	4.232467e+01	1.028735e+02
528	1.512461e+01	2.666372e+03	4.276948e+02	4.590474e+02	8.023966e+01	4.230988e+01	1.039198e+02
529	1.515325e+01	2.655803e+03	4.276098e+02	4.586352e+02	7.966705e+01	4.244508e+01	1.049329e+02
530	1.518190e+01	2.654854e+03	4.276373e+02	4.584014e+02	7.980548e+01	4.235631e+01	1.062211e+02
531	1.521054e+01	2.664053e+03	4.275080e+02	4.580696e+02	8.001578e+01	4.239136e+01	1.074394e+02
532	1.523919e+01	2.669975e+03	4.275138e+02	4.577296e+02	7.992698e+01	4.253279e+01	1.082665e+02
533	1.526783e+01	2.671233e+03	4.274520e+02	4.573631e+02	7.992538e+01	4.255368e+01	1.095158e+02
534	1.529648e+01	2.674728e+03	4.274258e+02	4.570761e+02	7.988338e+01	4.263177e+01	1.110434e+02
535	1.532512e+01	2.679893e+03	4.274730e+02	4.567977e+02	8.018151e+01	4.255527e+01	1.125571e+02
536	1.535377e+01	2.690697e+03	4.274084e+02	4.564458e+02	8.002225e+01	4.281187e+01	1.141145e+02
537	1.538241e+01	2.692668e+03	4.274116e+02	4.561159e+02	8.009830e+01	4.280254e+01	1.152313e+02
538	1.541106e+01	2.677799e+03	4.274013e+02	4.558449e+02	7.983581e+01	4.270614e+01	1.161731e+02
539	1.543970e+01	2.688282e+03	4.274283e+02	4.554666e+02	7.982154e+01	4.288099e+01	1.176914e+02
540	1.546835e+01	2.675191e+03	4.273009e+02	4.551872e+02	7.959164e+01	4.279544e+01	1.185380e+02
541	1.549699e+01	2.663980e+03	4.275390e+02	4.548562e+02	7.941383e+01	4.271151e+01	1.201415e+02
542	1.552564e+01	2.672591e+03	4.274713e+02	4.545426e+02	7.958238e+01	4.275882e+01	1.211567e+02
543	1.555428e+01	2.695797e+03	4.275595e+02	4.542543e+02	7.977126e+01	4.302797e+01	1.225969e+02
544	1.558293e+01	2.684951e+03	4.275071e+02	4.539272e+02	7.952707e+01	4.298644e+01	1.232014e+02
545	1.561157e+01	2.679059e+03	4.276370e+02	4.535878e+02	7.950240e+01	4.290543e+01	1.251981e+02
546	1.564022e+01	2.688905e+03	4.276007e+02	4.532884e+02	7.985425e+01	4.287337e+01	1.264864e+02
547	1.566886e+01	2.690191e+03	4.277110e+02	4.530316e+02	7.979319e+01	4.292669e+01	1.276050e+02
548	1.569751e+01	2.688898e+03	4.277496e+02	4.527650e+02	7.982984e+01	4.288636e+01	1.283907e+02
549	1.572615e+01	2.699089e+03	4.277223e+02	4.523850e+02	7.969805e+01	4.312008e+01	1.299079e+02
550	1.575480e+01	2.686538e+03	4.278263e+02	4.521002e+02	7.942490e+01	4.306718e+01	1.313302e+02
551	1.578344e+01	2.688268e+03	4.278995e+02	4.518095e+02	7.945540e+01	4.307837e+01	1.322547e+02
552	1.581209e+01	2.685222e+03	4.278783e+02	4.515539e+02	7.948424e+01	4.301394e+01	1.339229e+02
553	1.584073e+01	2.684167e+03	4.281382e+02	4.512700e+02	7.930733e+01	4.309296e+01	1.355176e+02
554	1.586938e+01	2.694775e+03	4.282527e+02	4.510239e+02	7.941413e+01	4.320508e+01	1.361367e+02
555	1.589802e+01	2.689303e+03	4.284294e+02	4.507518e+02	7.922858e+01	4.321833e+01	1.376544e+02
556	1.592667e+01	2.697294e+03	4.284752e+02	4.504573e+02	7.944522e+01	4.322855e+01	1.384613e+02
557	1.595531e+01	2.707596e+03	4.285760e+02	4.502173e+02	7.921767e+01	4.351830e+01	1.400719e+02
558	1.598396e+01	2.718816e+03	4.285577e+02	4.498670e+02	7.871566e+01	4.397732e+01	1.412208e+02
559	1.601260e+01	2.695806e+03	4.290006e+02	4.495985e+02	7.932117e+01	4.327226e+01	1.427258e+02
560	1.604125e+01	2.693008e+03	4.290340e+02	4.492252e+02	7.918317e+01	4.330268e+01	1.443097e+02
561	1.606989e+01	2.695676e+03	4.292786e+02	4.490141e+02	7.943226e+01	4.320967e+01	1.456310e+02
562	1.609854e+01	2.700442e+03	4.293378e+02	4.486585e+02	7.954964e+01	4.322219e+01	1.467383e+02
563	1.612718e+01	2.698489e+03	4.296662e+02	4.484618e+02	7.928033e+01	4.333765e+01	1.476935e+02
564	1.615583e+01	2.696916e+03	4.296526e+02	4.480883e+02	7.947406e+01	4.320681e+01	1.492232e+02
565	1.618447e+01	2.691503e+03	4.298914e+02	4.478991e+02	7.923178e+01	4.325193e+01	1.502919e+02
566	1.621312e+01	2.690395e+03	4.301591e+02	4.476773e+02	7.927384e+01	4.321120e+01	1.514683e+02
567	1.624176e+01	2.692385e+03	4.303408e+02	4.473333e+02	7.937646e+01	4.318725e+01	1.526129e+02
568	1.627041e+01	2.692234e+03	4.305352e+02	4.472451e+02	7.919552e+01	4.328349e+01	1.541260e+02
569	1.629905e+01	2.696545e+03	4.306176e+02	4.467375e+02	7.926401e+01	4.331535e+01	1.553634e+02
570	1.632770e+01	2.689303e+03	4.308783e+02	4.466528e+02	7.921138e+01	4.322771e+01	1.568430e+02
571	1.635634e+01	2.683684e+03	4.311508e+02	4.463988e+02	7.920480e+01	4.314099e+01	1.578960e+02
572	1.638499e+01	2.686711e+03	4.313784e+02	4.461292e+02	7.930685e+01	4.313407e+01	1.590011e+02
573	1.641364e+01	2.670997e+03	4.316491e+02	4.460165e+02	7.901755e+01	4.303879e+01	1.605313e+02
574	1.644228e+01	2.692055e+03	4.317733e+02	4.456975e+02	7.918979e+01	4.328374e+01	1.615326e+02
575	1.647093e+01	2.692293e+03	4.319894e+02	4.454240e+02	7.921254e+01	4.327514e+01	1.627948e+02
576	1.649957e+01	2.688085e+03	4.321053e+02	4.452180e+02	7.930190e+01	4.315882e+01	1.645364e+02
577	1.652822e+01	2.681680e+03	4.325346e+02	4.452292e+02	7.899104e+01	4.322542e+01	1.656512e+02
578	1.655686e+01	2.695159e+03	4.326945e+02	4.447834e+02	7.943948e+01	4.319744e+01	1.665386e+02
579	1.658551e+01	2.697208e+03	4.329418e+02	4.445401e+02	7.917016e+01	4.337736e+01	1.678058e+02
580	1.661415e+01	2.683316e+03	4.332122e+02	4.444200e+02	7.899354e+01	4.325042e+01	1.690863e+02
581	1.664280e+01	2.681603e+03	4.334722e+02	4.442796e+02	7.903465e+01	4.320034e+01	1.704653e+02
582	1.667144e+01	2.689190e+03	4.337652e+02	4.441743e+02	7.907684e+01	4.329944e+01	1.717632e+02
583	1.670009e+01	2.685967e+03	4.340240e+02	4.439525e+02	7.902609e+01	4.327532e+01	1.728385e+02
584	1.672873e+01	2.685195e+03	4.342982e+02	4.437286e+02	7.947379e+01	4.301917e+01	1.746728e+02
585	1.675738e+01	2.678477e+03	4.344799e+02	4.436166e+02	7.923116e+01	4.304295e+01	1.759106e+02
586	1.678602e+01	2.683362e+03	4.347803e+02	4.434087e+02	7.930050e+01	4.308375e+01	1.773169e+02
587	1.681467e+01	2.698963e+03	4.351674e+02	4.432252e+02	7.924653e+01	4.336375e+01	1.789312e+02
588	1.684331e+01	2.692173e+03	4.354353e+02	4.431107e+02	7.912903e+01	4.331888e+01	1.799067e+02
589	1.687196e+01	2.689490e+03	4.356285e+02	4.430378e+02	7.949252e+01	4.307782e+01	8.212327e-01
590	1.690060e+01	2.690231e+03	4.360853e+02	4.430271e+02	7.949771e+01	4.308688e+01	2.201336e+00
591	1.692925e+01	2.685241e+03	4.362639e+02	4.427418e+02	7.914129e+01	4.320065e+01	3.420987e+00
592	1.695789e+01	2.680717e+03	4.364600e+02	4.427114e+02	7.937243e+01	4.300227e+01	4.830300e+00
593	1.698654e+01	2.697452e+03	4.368288e+02	4.425938e+02	7.926469e+01	4.332953e+01	6.323802e+00
594	1.701518e+01	2.678791e+03	4.372902e+02	4.425066e+02	7.946358e+01	4.292208e+01	7.086846e+00
595	1.704383e+01	2.681127e+03	4.375894e+02	4.423269e+02	7.918403e+01	4.311118e+01	8.724601e+00
596	1.707247e+01	2.683056e+03	4.378238e+02	4.423607e+02	7.916695e+01	4.315151e+01	1.007042e+01
597	1.710112e+01	2.714282e+03	4.379975e+02	4.421487e+02	7.902508e+01	4.373209e+01	1.146844e+01
598	1.712976e+01	2.685617e+03	4.384300e+02	4.421452e+02	7.886827e+01	4.335627e+01	1.315763e+01
599	1.715841e+01	2.683231e+03	4.388403e+02	4.420935e+02	7.905826e+01	4.321365e+01	1.429667e+01
600	1.718705e+01	2.690054e+03	4.391887e+02	4.421024e+02	7.916396e+01	4.326568e+01	1.565402e+01
601	1.721570e+01	2.685841e+03	4.395132e+02	4.420934e+02	7.934580e+01	4.309893e+01	1.691577e+01
602	1.724434e+01	2.678965e+03	4.398278e+02	4.420309e+02	7.913895e+01	4.310096e+01	1.829221e+01
603	1.727299e+01	2.683375e+03	4.402107e+02	4.419788e+02	7.895362e+01	4.327325e+01	1.983638e+01
604	1.730163e+01	2.691063e+03	4.405429e+02	4.419949e+02	7.934937e+01	4.318079e+01	2.105702e+01
605	1.733028e+01	2.743738e+03	4.404291e+02	4.418296e+02	7.814051e+01	4.470711e+01	2.271371e+01
606	1.735892e+01	2.687673e+03	4.412839e+02	4.419318e+02	7.933086e+01	4.313646e+01	2.368338e+01
607	1.738757e+01	2.684264e+03	4.415993e+02	4.419190e+02	7.929543e+01	4.310099e+01	2.506513e+01
608	1.741621e+01	2.700156e+03	4.418676e+02	4.419357e+02	7.946160e+01	4.326549e+01	2.692740e+01
609	1.744486e+01	2.691679e+03	4.422156e+02	4.419016e+02	7.929799e+01	4.321865e+01	2.840232e+01
610	1.747350e+01	2.686428e+03	4.426401e+02	4.421053e+02	7.951757e+01	4.301522e+01	2.995675e+01
611	1.750215e+01	2.677059e+03	4.428702e+02	4.421751e+02	7.908554e+01	4.309937e+01	3.119290e+01
612	1.753079e+01	2.668766e+03	4.432771e+02	4.421970e+02	7.885870e+01	4.308947e+01	3.257949e+01
613	1.755944e+01	2.679665e+03	4.436597e+02	4.422980e+02	7.935369e+01	4.299554e+01	3.415170e+01
614	1.758808e+01	2.669245e+03	4.438326e+02	4.423544e+02	7.892278e+01	4.306220e+01	3.483206e+01
615	1.761673e+01	2.669863e+03	4.442011e+02	4.425200e+02	7.898300e+01	4.303932e+01	3.635555e+01
616	1.764537e+01	2.674557e+03	4.445706e+02	4.425599e+02	7.887856e+01	4.317209e+01	3.783175e+01
617	1.767402e+01	2.672362e+03	4.449035e+02	4.426715e+02	7.925082e+01	4.293403e+01	3.936121e+01
618	1.770266e+01	2.688967e+03	4.452209e+02	4.427042e+02	7.924720e+01	4.320279e+01	4.068396e+01
619	1.773131e+01	2.681647e+03	4.455004e+02	4.429630e+02	7.914805e+01	4.313914e+01	4.198050e+01
620	1.775995e+01	2.689511e+03	4.457998e+02	4.430437e+02	7.925736e+01	4.320597e+01	4.302413e+01
621	1.778860e+01	2.689412e+03	4.463054e+02	4.431464e+02	7.926049e+01	4.320267e+01	4.469107e+01
622	1.781724e+01	2.685557e+03	4.466794e+02	4.432494e+02	7.929524e+01	4.312185e+01	4.607494e+01
623	1.784589e+01	2.677692e+03	4.468592e+02	4.433610e+02	7.920363e+01	4.304530e+01	4.715870e+01
624	1.787453e+01	2.662359e+03	4.472240e+02	4.435481e+02	7.884521e+01	4.299336e+01	4.878854e+01
625	1.790318e+01	2.673891e+03	4.474961e+02	4.437468e+02	7.893277e+01	4.313170e+01	5.018922e+01
626	1.793182e+01	2.668779e+03	4.477690e+02	4.439964e+02	7.895706e+01	4.303599e+01	5.144175e+01
627	1.796047e+01	2.685481e+03	4.480830e+02	4.441704e+02	7.906494e+01	4.324623e+01	5.315738e+01
628	1.798911e+01	2.658478e+03	4.484476e+02	4.443640e+02	7.887833e+01	4.291266e+01	5.431782e+01
629	1.801776e+01	2.670239e+03	4.487564e+02	4.445681e+02	7.911066e+01	4.297593e+01	5.535788e+01
630	1.804641e+01	2.664691e+03	4.488311e+02	4.448523e+02	7.889477e+01	4.300399e+01	5.679741e+01
631	1.807505e+01	2.672119e+03	4.492047e+02	4.449886e+02	7.909834e+01	4.301289e+01	5.815674e+01
632	1.810370e+01	2.676134e+03	4.495454e+02	4.452016e+02	7.917904e+01	4.303361e+01	5.949874e+01
633	1.813234e+01	2.653525e+03	4.498722e+02	4.454035e+02	7.890713e+01	4.281709e+01	6.100230e+01
634	1.816099e+01	2.662530e+03	4.501218e+02	4.455654e+02	7.928717e+01	4.275645e+01	6.218070e+01
635	1.818963e+01	2.664191e+03	4.502829e+02	4.458659e+02	7.903551e+01	4.291936e+01	6.373519e+01
636	1.821828e+01	2.655934e+03	4.507604e+02	4.460015e+02	7.929048e+01	4.264875e+01	6.514610e+01
637	1.824692e+01	2.643105e+03	4.509634e+02	4.463676e+02	7.891125e+01	4.264672e+01	6.656577e+01
638	1.827557e+01	2.651191e+03	4.511879e+02	4.466071e+02	7.903755e+01	4.270883e+01	6.780695e+01
639	1.830421e+01	2.667875e+03	4.515189e+02	4.468668e+02	7.946503e+01	4.274640e+01	6.886796e+01
640	1.833286e+01	2.664758e+03	4.517326e+02	4.470439e+02	7.976845e+01	4.253405e+01	7.007718e+01
641	1.836150e+01	2.653352e+03	4.519612e+02	4.473717e+02	7.932481e+01	4.258886e+01	7.162431e+01
642	1.839015e+01	2.660845e+03	4.523032e+02	4.475649e+02	7.983011e+01	4.243878e+01	7.280490e+01
643	1.841879e+01	2.667764e+03	4.523964e+02	4.479394e+02	7.982774e+01	4.255040e+01	7.410146e+01
644	1.844744e+01	2.659367e+03	4.526153e+02	4.481875e+02	7.963860e+01	4.251721e+01	7.530632e+01
645	1.847608e+01	2.652247e+03	4.527888e+02	4.484564e+02	7.975613e+01	4.234089e+01	7.666795e+01
646	1.850473e+01	2.661064e+03	4.530387e+02	4.487840e+02	7.972896e+01	4.249612e+01	7.792749e+01
647	1.853337e+01	2.663194e+03	4.533511e+02	4.490338e+02	7.991464e+01	4.243132e+01	7.879254e+01
648	1.856202e+01	2.660822e+03	4.535673e+02	4.493762e+02	7.988169e+01	4.241101e+01	8.046522e+01
649	1.859066e+01	2.657552e+03	4.537643e+02	4.496106e+02	7.999235e+01	4.230030e+01	8.147370e+01
650	1.861931e+01	2.638715e+03	4.539207e+02	4.499886e+02	7.969067e+01	4.215947e+01	8.281096e+01
651	1.864795e+01	2.652232e+03	4.542957e+02	4.502081e+02	8.000552e+01	4.220867e+01	8.400229e+01
652	1.867660e+01	2.645918e+03	4.544305e+02	4.505495e+02	7.980638e+01	4.221326e+01	8.521669e+01
653	1.870524e+01	2.647742e+03	4.545162e+02	4.508396e+02	7.958903e+01	4.235772e+01	8.649789e+01
654	1.873389e+01	2.646547e+03	4.547056e+02	4.511504e+02	7.987964e+01	4.218456e+01	8.763870e+01
655	1.876253e+01	2.666292e+03	4.550399e+02	4.514448e+02	7.985819e+01	4.251072e+01	8.877200e+01
656	1.879118e+01	2.651467e+03	4.551810e+02	4.518295e+02	7.960269e+01	4.241003e+01	8.999091e+01
657	1.881982e+01	2.638690e+03	4.553930e+02	4.520780e+02	7.974649e+01	4.212956e+01	9.106902e+01
658	1.884847e+01	2.645429e+03	4.554595e+02	4.524375e+02	7.961543e+01	4.230669e+01	9.235210e+01
659	1.887711e+01	2.658587e+03	4.556666e+02	4.528245e+02	7.996421e+01	4.233166e+01	9.391118e+01
660	1.890576e+01	2.669197e+03	4.558275e+02	4.530927e+02	7.997550e+01	4.249461e+01	9.483528e+01
661	1.893440e+01	2.650522e+03	4.560727e+02	4.535148e+02	7.960239e+01	4.239508e+01	9.589059e+01
662	1.896305e+01	2.649209e+03	4.561530e+02	4.538093e+02	7.972580e+01	4.230849e+01	9.704313e+01
663	1.899169e+01	2.653625e+03	4.563978e+02	4.541222e+02	7.972672e+01	4.237851e+01	9.783741e+01
664	1.902034e+01	2.639237e+03	4.564598e+02	4.544626e+02	7.958355e+01	4.222456e+01	9.920933e+01
665	1.904898e+01	2.646076e+03	4.567048e+02	4.548353e+02	7.947830e+01	4.239004e+01	1.003977e+02
666	1.907763e+01	2.641292e+03	4.567578e+02	4.551193e+02	7.947678e+01	4.231421e+01	1.015040e+02
667	1.910627e+01	2.649172e+03	4.568293e+02	4.554997e+02	7.974496e+01	4.229773e+01	1.027893e+02
668	1.913492e+01	2.665726e+03	4.569630e+02	4.559264e+02	7.984610e+01	4.250811e+01	1.036802e+02
669	1.916356e+01	2.650659e+03	4.569125e+02	4.562956e+02	7.977841e+01	4.230372e+01	1.047253e+02
670	1.919221e+01	2.646553e+03	4.569767e+02	4.566483e+02	7.967006e+01	4.229563e+01	1.061949e+02
671	1.922085e+01	2.652882e+03	4.570845e+02	4.569857e+02	7.948438e+01	4.249582e+01	1.073742e+02
672	1.924950e+01	2.665178e+03	4.571198e+02	4.573956e+02	7.978808e+01	4.253028e+01	1.085873e+02
673	1.927814e+01	2.657654e+03	4.571744e+02	4.577476e+02	7.963108e+01	4.249384e+01	1.100575e+02
674	1.930679e+01	2.660364e+03	4.573217e+02	4.581007e+02	7.975627e+01	4.247039e+01	1.110291e+02
675	1.933543e+01	2.660202e+03	4.574161e+02	4.584577e+02	7.946524e+01	4.262335e+01	1.121611e+02
676	1.936408e+01	2.659704e+03	4.573941e+02	4.587827e+02	7.968291e+01	4.249895e+01	1.134783e+02
677	1.939272e+01	2.660228e+03	4.573125e+02	4.592030e+02	7.944794e+01	4.263303e+01	1.146996e+02
678	1.942137e+01	2.652582e+03	4.573824e+02	4.596367e+02	7.917183e+01	4.265876e+01	1.158831e+02
679	1.945001e+01	2.648926e+03	4.574243e+02	4.599689e+02	7.931696e+01	4.252203e+01	1.170072e+02
680	1.947866e+01	2.671858e+03	4.574775e+02	4.603196e+02	7.946946e+01	4.280783e+01	1.181403e+02
681	1.950730e+01	2.674715e+03	4.572522e+02	4.606024e+02	7.964030e+01	4.276167e+01	1.192442e+02
682	1.953595e+01	2.667367e+03	4.573025e+02	4.611860e+02	7.928117e+01	4.283738e+01	1.209624e+02
683	1.956459e+01	2.653455e+03	4.573162e+02	4.614401e+02	7.934114e+01	4.258174e+01	1.220808e+02
684	1.959324e+01	2.665604e+03	4.572673e+02	4.618796e+02	7.943503e+01	4.272615e+01	1.232323e+02
685	1.962188e+01	2.658149e+03	4.574256e+02	4.622335e+02	7.898157e+01	4.285128e+01	1.243872e+02
686	1.965053e+01	2.665822e+03	4.571933e+02	4.625381e+02	7.946609e+01	4.271294e+01	1.254329e+02
687	1.967918e+01	2.668382e+03	4.572101e+02	4.630060e+02	7.936375e+01	4.280909e+01	1.269727e+02
688	1.970782e+01	2.665111e+03	4.572183e+02	4.633904e+02	7.901224e+01	4.294683e+01	1.281080e+02
689	1.973647e+01	2.661494e+03	4.571214e+02	4.636920e+02	7.892862e+01	4.293398e+01	1.295670e+02
690	1.976511e+01	2.659737e+03	4.571611e+02	4.642451e+02	7.894963e+01	4.289422e+01	1.305397e+02
691	1.979376e+01	2.663268e+03	4.571849e+02	4.646068e+02	7.887109e+01	4.299393e+01	1.317830e+02
692	1.982240e+01	2.660886e+03	4.570935e+02	4.649241e+02	7.880550e+01	4.299123e+01	1.330393e+02
693	1.985105e+01	2.674450e+03	4.569973e+02	4.654047e+02	7.907255e+01	4.306445e+01	1.344159e+02
694	1.987969e+01	2.660194e+03	4.568270e+02	4.656478e+02	7.906087e+01	4.284121e+01	1.351219e+02
695	1.990834e+01	2.667739e+03	4.569208e+02	4.661515e+02	7.878368e+01	4.311390e+01	1.367570e+02
696	1.993698e+01	2.669933e+03	4.567281e+02	4.665004e+02	7.875689e+01	4.316403e+01	1.380301e+02
697	1.996563e+01	2.670697e+03	4.566447e+02	4.668437e+02	7.909729e+01	4.299056e+01	1.392305e+02
698	1.999427e+01	2.663848e+03	4.564514e+02	4.672292e+02	7.863505e+01	4.313237e+01	1.407883e+02
699	2.002292e+01	2.673619e+03	4.563402e+02	4.674924e+02	7.897256e+01	4.310557e+01	1.419327e+02
700	2.005156e+01	2.672614e+03	4.562692e+02	4.678063e+02	7.881058e+01	4.317794e+01	1.431431e+02
701	2.008021e+01	2.666768e+03	4.560923e+02	4.680786e+02	7.864002e+01	4.317693e+01	1.443612e+02
702	2.010885e+01	2.653939e+03	4.559571e+02	4.684734e+02	7.848390e+01	4.305468e+01	1.460330e+02
703	2.013750e+01	2.675855e+03	4.558790e+02	4.688016e+02	7.895393e+01	4.315180e+01	1.474081e+02
704	2.016614e+01	2.667754e+03	4.556200e+02	4.688907e+02	7.880625e+01	4.310178e+01	1.488412e+02
705	2.019479e+01	2.674779e+03	4.555697e+02	4.692926e+02	7.911314e+01	4.304763e+01	1.499593e+02
706	2.022343e+01	2.662540e+03	4.554074e+02	4.696954e+02	7.862399e+01	4.311726e+01	1.514647e+02
707	2.025208e+01	2.676727e+03	4.552375e+02	4.700427e+02	7.867254e+01	4.332026e+01	1.525734e+02
708	2.028072e+01	2.672441e+03	4.550243e+02	4.703275e+02	7.878151e+01	4.319107e+01	1.541891e+02
709	2.030937e+01	2.667021e+03	4.548530e+02	4.706951e+02	7.858081e+01	4.321356e+01	1.552047e+02
710	2.033801e+01	2.658849e+03	4.546610e+02	4.709012e+02	7.849004e+01	4.313097e+01	1.569358e+02
711	2.036666e+01	2.663958e+03	4.543387e+02	4.711523e+02	7.853796e+01	4.318748e+01	1.583158e+02
712	2.039530e+01	2.670955e+03	4.541908e+02	4.714576e+02	7.872883e+01	4.319594e+01	1.591525e+02
713	2.042395e+01	2.666360e+03	4.539761e+02	4.717144e+02	7.893055e+01	4.301141e+01	1.604518e+02
714	2.045259e+01	2.674492e+03	4.537819e+02	4.720928e+02	7.887214e+01	4.317455e+01	1.615496e+02
715	2.048124e+01	2.670357e+03	4.535040e+02	4.723413e+02	7.882693e+01	4.313251e+01	1.631870e+02
716	2.050988e+01	2.668576e+03	4.533836e+02	4.725422e+02	7.885758e+01	4.308701e+01	1.643026e+02
717	2.053853e+01	2.669379e+03	4.530931e+02	4.727683e+02	7.900648e+01	4.301873e+01	1.656106e+02
718	2.056717e+01	2.670935e+03	4.528193e+02	4.730940e+02	7.872317e+01	4.319873e+01	1.667300e+02
719	2.059582e+01	2.692922e+03	4.523219e+02	4.731947e+02	7.858492e+01	4.363094e+01	1.677884e+02
720	2.062446e+01	2.672221e+03	4.524147e+02	4.736371e+02	7.881641e+01	4.316839e+01	1.696377e+02
721	2.065311e+01	2.667553e+03	4.521001e+02	4.738650e+02	7.887077e+01	4.306329e+01	1.710739e+02
722	2.068175e+01	2.655039e+03	4.519695e+02	4.741830e+02	7.858437e+01	4.301747e+01	1.720635e+02
723	2.071040e+01	2.655676e+03	4.515753e+02	4.742480e+02	7.868107e+01	4.297490e+01	1.733659e+02
724	2.073904e+01	2.683594e+03	4.512283e+02	4.748278e+02	7.842683e+01	4.356747e+01	1.751483e+02
725	2.076769e+01	2.656224e+03	4.511120e+02	4.747168e+02	7.844940e+01	4.311071e+01	1.758099e+02
726	2.079633e+01	2.676124e+03	4.508256e+02	4.750324e+02	7.862115e+01	4.333881e+01	1.766806e+02
727	2.082498e+01	2.664216e+03	4.505400e+02	4.752575e+02	7.820764e+01	4.337409e+01	1.782858e+02
728	2.085362e+01	2.673243e+03	4.504091e+02	4.755269e+02	7.876959e+01	4.321057e+01	1.792146e+02
729	2.088227e+01	2.667563e+03	4.500969e+02	4.756811e+02	7.827754e+01	4.338980e+01	2.146573e-01
730	2.091091e+01	2.666722e+03	4.498887e+02	4.759350e+02	7.849618e+01	4.325531e+01	1.461646e+00
731	2.093956e+01	2.670463e+03	4.496340e+02	4.760373e+02	7.868786e+01	4.321046e+01	2.985921e+00
732	2.096820e+01	2.666323e+03	4.494288e+02	4.763092e+02	7.839691e+01	4.330359e+01	4.015468e+00
733	2.099685e+01	2.666914e+03	4.490824e+02	4.764603e+02	7.837189e+01	4.332702e+01	5.054826e+00
734	2.102549e+01	2.654321e+03	4.488573e+02	4.764181e+02	7.835921e+01	4.312942e+01	6.436415e+00
735	2.105414e+01	2.665888e+03	4.485565e+02	4.766708e+02	7.803574e+01	4.349691e+01	8.107309e+00
736	2.108278e+01	2.652840e+03	4.482569e+02	4.768083e+02	7.838224e+01	4.309267e+01	8.574022e+00
737	2.111143e+01	2.655977e+03	4.479426e+02	4.770036e+02	7.855157e+01	4.305064e+01	1.011526e+01
738	2.114007e+01	2.663532e+03	4.475791e+02	4.771786e+02	7.836682e+01	4.327487e+01	1.137245e+01
739	2.116872e+01	2.666844e+03	4.473769e+02	4.772114e+02	7.873266e+01	4.312736e+01	1.259515e+01
740	2.119736e+01	2.657120e+03	4.469728e+02	4.775470e+02	7.830737e+01	4.320348e+01	1.382938e+01
741	2.122601e+01	2.671473e+03	4.467432e+02	4.775371e+02	7.868627e+01	4.322768e+01	1.534424e+01
742	2.125465e+01	2.650715e+03	4.464144e+02	4.777349e+02	7.842583e+01	4.303423e+01	1.612653e+01
743	2.128330e+01	2.666049e+03	4.461197e+02	4.778348e+02	7.860468e+01	4.318470e+01	1.758840e+01
744	2.131195e+01	2.726628e+03	4.453051e+02	4.776370e+02	7.754929e+01	4.476703e+01	1.839031e+01
745	2.134059e+01	2.671048e+03	4.454191e+02	4.779336e+02	7.869984e+01	4.321335e+01	2.044932e+01
746	2.136924e+01	2.647762e+03	4.452163e+02	4.779414e+02	7.842348e+01	4.298757e+01	2.149987e+01
747	2.139788e+01	2.662339e+03	4.448578e+02	4.780569e+02	7.856498e+01	4.314639e+01	2.300753e+01
748	2.142653e+01	2.671477e+03	4.445329e+02	4.779597e+02	7.885442e+01	4.313557e+01	2.417466e+01
749	2.145517e+01	2.655458e+03	4.441343e+02	4.782144e+02	7.836778e+01	4.314316e+01	2.575908e+01
750	2.148382e+01	2.652551e+03	4.439701e+02	4.780846e+02	7.828700e+01	4.314040e+01	2.667142e+01
751	2.151246e+01	2.663770e+03	4.435230e+02	4.780799e+02	7.854993e+01	4.317785e+01	2.818451e+01
752	2.154111e+01	2.674523e+03	4.433629e+02	4.780099e+02	7.901817e+01	4.309526e+01	2.964217e+01
753	2.156975e+01	2.663649e+03	4.429978e+02	4.780898e+02	7.855630e+01	4.317238e+01	3.103865e+01
754	2.159840e+01	2.672700e+03	4.424122e+02	4.781746e+02	7.836369e+01	4.342556e+01	3.321087e+01
755	2.162704e+01	2.660014e+03	4.423426e+02	4.780610e+02	7.885198e+01	4.295181e+01	3.397821e+01
756	2.165569e+01	2.663679e+03	4.419826e+02	4.781136e+02	7.863481e+01	4.312977e+01	3.560218e+01
757	2.168433e+01	2.657429e+03	4.417639e+02	4.780207e+02	7.859182e+01	4.305211e+01	3.693762e+01
758	2.171298e+01	2.662526e+03	4.414277e+02	4.779808e+02	7.867285e+01	4.309026e+01	3.842931e+01
759	2.174162e+01	2.656579e+03	4.410737e+02	4.779270e+02	7.862171e+01	4.302198e+01	3.971746e+01
760	2.177027e+01	2.711401e+03	4.402305e+02	4.780552e+02	7.904350e+01	4.367548e+01	4.228220e+01
761	2.179891e+01	2.657445e+03	4.404424e+02	4.778521e+02	7.872410e+01	4.298003e+01	4.213461e+01
762	2.182756e+01	2.662187e+03	4.401331e+02	4.777044e+02	7.881104e+01	4.300923e+01	4.347857e+01
763	2.185620e+01	2.674213e+03	4.396658e+02	4.776355e+02	7.895736e+01	4.312346e+01	4.472932e+01
764	2.188485e+01	2.672333e+03	4.392740e+02	4.776476e+02	7.908702e+01	4.302248e+01	4.612255e+01
765	2.191349e+01	2.671623e+03	4.389832e+02	4.774588e+02	7.915836e+01	4.297229e+01	4.724368e+01
766	2.194214e+01	2.658525e+03	4.386459e+02	4.774356e+02	7.881796e+01	4.294630e+01	4.890971e+01
767	2.197078e+01	2.665986e+03	4.383433e+02	4.773194e+02	7.910505e+01	4.291053e+01	5.038435e+01
768	2.199943e+01	2.683415e+03	4.380432e+02	4.771548e+02	7.921400e+01	4.313165e+01	5.170239e+01
769	2.202807e+01	2.669279e+03	4.378657e+02	4.770335e+02	7.924554e+01	4.288735e+01	5.265571e+01
770	2.205672e+01	2.666749e+03	4.374891e+02	4.768472e+02	7.938551e+01	4.277115e+01	5.458538e+01
771	2.208536e+01	2.677943e+03	4.371927e+02	4.766975e+02	7.955822e+01	4.285746e+01	5.542041e+01
772	2.211401e+01	2.658919e+03	4.368690e+02	4.764829e+02	7.897804e+01	4.286559e+01	5.696437e+01
773	2.214265e+01	2.665702e+03	4.364857e+02	4.764871e+02	7.911535e+01	4.290036e+01	5.810903e+01
774	2.217130e+01	2.676615e+03	4.362508e+02	4.762453e+02	7.956278e+01	4.283374e+01	5.983547e+01
775	2.219994e+01	2.663664e+03	4.359740e+02	4.760665e+02	7.905347e+01	4.290112e+01	6.076688e+01
776	2.222859e+01	2.679988e+03	4.357362e+02	4.758235e+02	7.944318e+01	4.295229e+01	6.213932e+01
777	2.225723e+01	2.669079e+03	4.354929e+02	4.757520e+02	7.925217e+01	4.288056e+01	6.342020e+01
778	2.228588e+01	2.672706e+03	4.351941e+02	4.755752e+02	7.964420e+01	4.272747e+01	6.504848e+01
779	2.231452e+01	2.673688e+03	4.349401e+02	4.753055e+02	7.952042e+01	4.280970e+01	6.621927e+01
780	2.234317e+01	2.674239e+03	4.346401e+02	4.751029e+02	7.955397e+01	4.280046e+01	6.749082e+01
781	2.237181e+01	2.673212e+03	4.343263e+02	4.748948e+02	7.952207e+01	4.280119e+01	6.867369e+01
782	2.240046e+01	2.660816e+03	4.340465e+02	4.747424e+02	7.952029e+01	4.260366e+01	6.998290e+01
783	2.242910e+01	2.663873e+03	4.340129e+02	4.744727e+02	7.950260e+01	4.266211e+01	7.113703e+01
784	2.245775e+01	2.678447e+03	4.336797e+02	4.742513e+02	7.998125e+01	4.263880e+01	7.239250e+01
785	2.248639e+01	2.666718e+03	4.335730e+02	4.740034e+02	7.989381e+01	4.249855e+01	7.387913e+01
786	2.251504e+01	2.669741e+03	4.332522e+02	4.738162e+02	8.005015e+01	4.246363e+01	7.498623e+01
787	2.254368e+01	2.666423e+03	4.329875e+02	4.735036e+02	8.005164e+01	4.241006e+01	7.645698e+01
788	2.257233e+01	2.664995e+03	4.327338e+02	4.733409e+02	7.974503e+01	4.255032e+01	7.775401e+01
789	2.260097e+01	2.669588e+03	4.325516e+02	4.729729e+02	8.007294e+01	4.244910e+01	7.900938e+01
790	2.262962e+01	2.656851e+03	4.323277e+02	4.727691e+02	7.971269e+01	4.243750e+01	8.024411e+01
791	2.265826e+01	2.667709e+03	4.321405e+02	4.725548e+02	7.990571e+01	4.250800e+01	8.149560e+01
792	2.268691e+01	2.662593e+03	4.319393e+02	4.723398e+02	8.012888e+01	4.230832e+01	8.287520e+01
793	2.271555e+01	2.657068e+03	4.317688e+02	4.719099e+02	8.000296e+01	4.228699e+01	8.391832e+01
794	2.274420e+01	2.660101e+03	4.315713e+02	4.716295e+02	8.012274e+01	4.227197e+01	8.493690e+01
795	2.277284e+01	2.670892e+03	4.313110e+02	4.713199e+02	8.035049e+01	4.232314e+01	8.613032e+01
796	2.280149e+01	2.664931e+03	4.311904e+02	4.710955e+02	8.041286e+01	4.219592e+01	8.767545e+01
797	2.283013e+01	2.664964e+03	4.310312e+02	4.708115e+02	8.020430e+01	4.230619e+01	8.877908e+01
798	2.285878e+01	2.667354e+03	4.308787e+02	4.704830e+02	8.019900e+01	4.234693e+01	9.024477e+01
799	2.288742e+01	2.660244e+03	4.306878e+02	4.701551e+02	8.018169e+01	4.224316e+01	9.146315e+01
