1	2.862869e-02	2.687707e+03	4.105882e+02	4.123422e+02	7.939082e+01	4.310442e+01	2.959062e+01
2	5.725737e-02	2.678430e+03	4.110229e+02	4.127261e+02	7.925603e+01	4.302869e+01	3.150723e+01
3	8.588606e-02	2.689921e+03	4.115599e+02	4.130580e+02	7.951977e+01	4.306997e+01	3.353459e+01
4	1.145147e-01	2.678919e+03	4.120431e+02	4.136407e+02	7.928192e+01	4.302248e+01	3.530548e+01
5	1.431434e-01	2.677315e+03	4.124579e+02	4.140792e+02	7.932202e+01	4.297500e+01	3.759330e+01
6	1.717721e-01	2.680357e+03	4.129548e+02	4.144855e+02	7.968931e+01	4.282553e+01	3.967815e+01
7	2.004008e-01	2.680878e+03	4.133351e+02	4.149601e+02	7.954942e+01	4.290918e+01	4.174805e+01
8	2.290295e-01	2.677824e+03	4.137248e+02	4.154677e+02	7.909476e+01	4.310667e+01	4.346102e+01
9	2.576582e-01	2.660163e+03	4.141367e+02	4.159258e+02	7.893790e+01	4.290746e+01	4.583221e+01
10	2.862869e-01	2.674152e+03	4.143098e+02	4.165196e+02	7.907455e+01	4.305855e+01	4.784419e+01
11	3.149155e-01	2.684975e+03	4.144253e+02	4.169981e+02	7.911501e+01	4.321072e+01	5.044409e+01
12	3.435442e-01	2.654280e+03	4.148545e+02	4.175797e+02	7.867414e+01	4.295610e+01	5.183604e+01
13	3.721729e-01	2.660141e+03	4.153551e+02	4.180608e+02	7.906864e+01	4.283615e+01	5.373717e+01
14	4.008016e-01	2.661149e+03	4.156493e+02	4.186158e+02	7.897305e+01	4.290426e+01	5.598190e+01
15	4.294303e-01	2.660431e+03	4.157313e+02	4.193342e+02	7.905389e+01	4.284882e+01	5.783915e+01
16	4.580590e-01	2.657077e+03	4.161523e+02	4.198427e+02	7.934277e+01	4.263899e+01	5.960194e+01
17	4.866877e-01	2.655570e+03	4.163059e+02	4.205359e+02	7.919935e+01	4.269198e+01	6.168908e+01
18	5.153163e-01	2.649929e+03	4.166469e+02	4.211207e+02	7.928510e+01	4.255521e+01	6.370744e+01
19	5.439450e-01	2.644591e+03	4.168694e+02	4.216038e+02	7.921266e+01	4.250833e+01	6.565150e+01
20	5.725737e-01	2.651226e+03	4.170801e+02	4.221074e+02	7.944717e+01	4.248918e+01	6.740866e+01
21	6.012024e-01	2.650518e+03	4.172601e+02	4.227939e+02	7.929425e+01	4.255976e+01	6.948512e+01
22	6.298311e-01	2.659394e+03	4.175584e+02	4.234753e+02	7.969471e+01	4.248771e+01	7.153327e+01
23	6.584598e-01	2.658876e+03	4.177121e+02	4.241331e+02	7.978580e+01	4.243093e+01	7.314453e+01
24	6.870885e-01	2.650869e+03	4.177691e+02	4.247466e+02	7.954211e+01	4.243276e+01	7.474512e+01
25	7.157171e-01	2.654184e+03	4.179542e+02	4.253516e+02	7.952589e+01	4.249449e+01	7.687456e+01
26	7.443458e-01	2.653352e+03	4.181552e+02	4.260343e+02	7.965431e+01	4.241267e+01	7.847215e+01
27	7.729745e-01	2.641530e+03	4.182722e+02	4.266186e+02	7.969316e+01	4.220313e+01	8.052959e+01
28	8.016032e-01	2.654208e+03	4.184024e+02	4.273135e+02	7.963288e+01	4.243779e+01	8.208003e+01
29	8.302319e-01	2.650022e+03	4.185400e+02	4.279273e+02	7.961745e+01	4.237906e+01	8.400578e+01
30	8.588606e-01	2.645093e+03	4.186926e+02	4.286335e+02	7.969909e+01	4.225691e+01	8.555653e+01
31	8.874893e-01	2.649797e+03	4.185399e+02	4.293325e+02	7.953873e+01	4.241740e+01	8.758893e+01
32	9.161180e-01	2.660984e+03	4.188150e+02	4.300315e+02	7.994070e+01	4.238229e+01	8.921721e+01
33	9.447466e-01	2.652248e+03	4.188436e+02	4.307503e+02	7.992422e+01	4.225187e+01	9.105506e+01
34	9.733753e-01	2.655858e+03	4.186908e+02	4.314588e+02	8.005974e+01	4.223775e+01	9.315710e+01
35	1.002004e+00	2.649815e+03	4.187331e+02	4.321923e+02	7.968775e+01	4.233836e+01	9.461825e+01
36	1.030633e+00	2.638275e+03	4.187777e+02	4.328566e+02	7.956673e+01	4.221809e+01	9.651353e+01
37	1.059261e+00	2.638926e+03	4.186119e+02	4.335343e+02	7.952540e+01	4.225047e+01	9.835754e+01
38	1.087890e+00	2.653171e+03	4.183859e+02	4.341582e+02	7.974456e+01	4.236180e+01	1.000475e+02
39	1.116519e+00	2.644406e+03	4.184629e+02	4.347931e+02	7.964481e+01	4.227473e+01	1.016854e+02
40	1.145147e+00	2.647847e+03	4.181985e+02	4.354727e+02	7.956479e+01	4.237230e+01	1.039271e+02
41	1.173776e+00	2.654175e+03	4.181388e+02	4.361842e+02	7.958964e+01	4.246031e+01	1.057002e+02
42	1.202405e+00	2.639821e+03	4.179579e+02	4.368145e+02	7.899631e+01	4.254786e+01	1.070840e+02
43	1.231033e+00	2.651869e+03	4.179242e+02	4.375872e+02	7.941765e+01	4.251530e+01	1.088606e+02
44	1.259662e+00	2.657007e+03	4.176461e+02	4.382554e+02	7.957496e+01	4.251345e+01	1.108752e+02
45	1.288291e+00	2.661889e+03	4.174606e+02	4.388650e+02	7.948419e+01	4.264021e+01	1.124728e+02
46	1.316920e+00	2.661665e+03	4.171695e+02	4.393766e+02	7.961119e+01	4.256861e+01	1.139174e+02
47	1.345548e+00	2.649308e+03	4.170380e+02	4.401672e+02	7.931862e+01	4.252727e+01	1.152866e+02
48	1.374177e+00	2.646367e+03	4.166719e+02	4.406770e+02	7.883644e+01	4.273987e+01	1.173524e+02
49	1.402806e+00	2.646708e+03	4.164397e+02	4.412323e+02	7.893165e+01	4.269382e+01	1.195031e+02
50	1.431434e+00	2.663286e+03	4.161552e+02	4.417404e+02	7.917482e+01	4.282928e+01	1.212444e+02
51	1.460063e+00	2.674425e+03	4.158973e+02	4.422059e+02	7.925836e+01	4.296309e+01	1.229840e+02
52	1.488692e+00	2.656966e+03	4.155173e+02	4.428311e+02	7.889020e+01	4.288181e+01	1.246889e+02
53	1.517320e+00	2.664744e+03	4.153112e+02	4.434202e+02	7.925555e+01	4.280908e+01	1.263411e+02
54	1.545949e+00	2.659859e+03	4.151911e+02	4.440857e+02	7.897325e+01	4.288335e+01	1.280281e+02
55	1.574578e+00	2.662122e+03	4.149391e+02	4.445956e+02	7.881861e+01	4.300405e+01	1.297477e+02
56	1.603206e+00	2.665016e+03	4.144553e+02	4.450027e+02	7.884930e+01	4.303403e+01	1.312348e+02
57	1.631835e+00	2.673557e+03	4.142256e+02	4.456186e+02	7.912693e+01	4.302048e+01	1.333036e+02
58	1.660464e+00	2.672910e+03	4.137812e+02	4.460731e+02	7.912926e+01	4.300880e+01	1.350713e+02
59	1.689092e+00	2.675873e+03	4.135488e+02	4.465661e+02	7.918828e+01	4.302439e+01	1.368973e+02
60	1.717721e+00	2.661555e+03	4.128782e+02	4.469455e+02	7.876254e+01	4.302550e+01	1.385265e+02
61	1.746350e+00	2.664054e+03	4.126046e+02	4.474582e+02	7.860586e+01	4.315173e+01	1.403499e+02
62	1.774979e+00	2.670282e+03	4.121412e+02	4.479194e+02	7.892915e+01	4.307545e+01	1.426999e+02
63	1.803607e+00	2.671966e+03	4.118552e+02	4.483800e+02	7.883727e+01	4.315284e+01	1.444985e+02
64	1.832236e+00	2.675362e+03	4.114681e+02	4.489735e+02	7.888297e+01	4.318266e+01	1.461400e+02
65	1.860865e+00	2.672967e+03	4.109851e+02	4.491118e+02	7.874043e+01	4.322211e+01	1.480027e+02
66	1.889493e+00	2.671718e+03	4.104006e+02	4.493649e+02	7.874492e+01	4.319946e+01	1.496048e+02
67	1.918122e+00	2.670085e+03	4.099920e+02	4.498621e+02	7.851085e+01	4.330175e+01	1.516899e+02
68	1.946751e+00	2.678587e+03	4.096610e+02	4.504528e+02	7.888766e+01	4.323215e+01	1.538491e+02
69	1.975379e+00	2.669009e+03	4.092068e+02	4.507536e+02	7.886436e+01	4.309028e+01	1.555511e+02
70	2.004008e+00	2.660668e+03	4.087047e+02	4.510614e+02	7.864264e+01	4.307673e+01	1.569127e+02
71	2.032637e+00	2.663821e+03	4.083584e+02	4.516389e+02	7.847205e+01	4.322153e+01	1.586924e+02
72	2.061265e+00	2.655535e+03	4.078595e+02	4.518098e+02	7.857380e+01	4.303129e+01	1.609796e+02
73	2.089894e+00	2.668920e+03	4.073862e+02	4.522488e+02	7.886057e+01	4.309093e+01	1.626111e+02
74	2.118523e+00	2.659094e+03	4.068438e+02	4.524993e+02	7.851929e+01	4.311888e+01	1.645222e+02
75	2.147151e+00	2.671245e+03	4.064409e+02	4.526352e+02	7.883849e+01	4.314053e+01	1.663927e+02
76	2.175780e+00	2.669010e+03	4.058841e+02	4.528505e+02	7.857603e+01	4.324842e+01	1.679217e+02
77	2.204409e+00	2.695539e+03	4.054090e+02	4.529925e+02	7.897720e+01	4.345642e+01	1.697855e+02
78	2.233038e+00	2.668857e+03	4.049853e+02	4.531178e+02	7.892397e+01	4.305529e+01	1.715576e+02
79	2.261666e+00	2.661716e+03	4.045043e+02	4.533285e+02	7.874160e+01	4.303954e+01	1.737145e+02
80	2.290295e+00	2.653350e+03	4.039905e+02	4.534355e+02	7.854887e+01	4.300953e+01	1.755344e+02
81	2.318924e+00	2.666117e+03	4.035119e+02	4.535392e+02	7.876598e+01	4.309736e+01	1.774199e+02
82	2.347552e+00	2.655375e+03	4.030182e+02	4.537795e+02	7.897520e+01	4.281001e+01	1.794220e+02
83	2.376181e+00	2.672167e+03	4.024911e+02	4.537719e+02	7.882607e+01	4.316224e+01	1.215582e+00
84	2.404810e+00	2.657914e+03	4.020221e+02	4.537584e+02	7.876545e+01	4.296505e+01	2.893322e+00
85	2.433438e+00	2.670976e+03	4.015988e+02	4.540694e+02	7.876601e+01	4.317588e+01	4.537779e+00
86	2.462067e+00	2.667987e+03	4.011018e+02	4.541867e+02	7.856145e+01	4.323986e+01	6.585186e+00
87	2.490696e+00	2.672141e+03	4.005046e+02	4.542661e+02	7.863705e+01	4.326555e+01	8.599222e+00
88	2.519324e+00	2.660246e+03	3.999646e+02	4.542968e+02	7.856685e+01	4.311145e+01	9.931613e+00
89	2.547953e+00	2.657889e+03	3.994543e+02	4.541239e+02	7.846378e+01	4.312983e+01	1.226954e+01
90	2.576582e+00	2.650473e+03	3.988493e+02	4.541612e+02	7.851448e+01	4.298171e+01	1.400300e+01
91	2.605210e+00	2.655801e+03	3.983316e+02	4.542042e+02	7.860305e+01	4.301959e+01	1.584541e+01
92	2.633839e+00	2.658342e+03	3.977723e+02	4.543412e+02	7.899986e+01	4.284446e+01	1.748338e+01
93	2.662468e+00	2.653495e+03	3.972492e+02	4.543155e+02	7.860422e+01	4.298159e+01	1.916041e+01
94	2.691096e+00	2.659245e+03	3.966900e+02	4.543294e+02	7.888645e+01	4.292063e+01	2.131677e+01
95	2.719725e+00	2.652205e+03	3.960950e+02	4.543396e+02	7.866180e+01	4.292925e+01	2.320122e+01
96	2.748354e+00	2.640594e+03	3.956847e+02	4.541404e+02	7.827205e+01	4.295415e+01	2.512446e+01
97	2.776983e+00	2.657467e+03	3.951138e+02	4.540596e+02	7.866413e+01	4.301315e+01	2.719767e+01
98	2.805611e+00	2.652591e+03	3.947362e+02	4.537950e+02	7.869911e+01	4.291515e+01	2.925126e+01
99	2.834240e+00	2.657447e+03	3.942910e+02	4.535522e+02	7.855595e+01	4.307206e+01	3.124583e+01
100	2.862869e+00	2.662290e+03	3.937104e+02	4.534944e+02	7.889756e+01	4.296372e+01	3.301061e+01
101	2.891497e+00	2.667556e+03	3.933293e+02	4.531544e+02	7.895737e+01	4.301609e+01	3.527343e+01
102	2.920126e+00	2.648567e+03	3.929211e+02	4.527845e+02	7.846943e+01	4.297546e+01	3.698676e+01
103	2.948755e+00	2.664626e+03	3.924221e+02	4.524228e+02	7.880292e+01	4.305307e+01	3.870222e+01
104	2.977383e+00	2.660003e+03	3.918278e+02	4.523738e+02	7.904735e+01	4.284547e+01	4.049392e+01
105	3.006012e+00	2.654851e+03	3.914560e+02	4.518514e+02	7.871738e+01	4.294173e+01	4.235714e+01
106	3.034641e+00	2.657615e+03	3.912358e+02	4.514068e+02	7.894643e+01	4.286173e+01	4.415200e+01
107	3.063269e+00	2.669207e+03	3.907318e+02	4.511346e+02	7.919647e+01	4.291277e+01	4.618909e+01
108	3.091898e+00	2.661853e+03	3.903958e+02	4.507309e+02	7.907826e+01	4.285852e+01	4.815043e+01
109	3.120527e+00	2.658928e+03	3.899214e+02	4.503717e+02	7.899240e+01	4.285795e+01	5.022956e+01
110	3.149155e+00	2.665820e+03	3.895561e+02	4.500015e+02	7.907066e+01	4.292651e+01	5.193485e+01
111	3.177784e+00	2.655342e+03	3.892307e+02	4.495172e+02	7.885484e+01	4.287482e+01	5.387857e+01
112	3.206413e+00	2.663249e+03	3.889510e+02	4.491042e+02	7.918420e+01	4.282362e+01	5.590437e+01
113	3.235042e+00	2.727064e+03	3.879226e+02	4.487146e+02	8.028139e+01	4.325044e+01	5.952470e+01
114	3.263670e+00	2.661565e+03	3.883866e+02	4.481718e+02	7.929417e+01	4.273718e+01	5.959843e+01
115	3.292299e+00	2.655967e+03	3.881745e+02	4.475348e+02	7.939518e+01	4.259304e+01	6.137161e+01
116	3.320928e+00	2.660424e+03	3.878083e+02	4.470960e+02	7.939288e+01	4.266575e+01	6.308442e+01
117	3.349556e+00	2.641498e+03	3.876183e+02	4.466190e+02	7.897748e+01	4.258504e+01	6.499433e+01
118	3.378185e+00	2.653970e+03	3.873130e+02	4.461185e+02	7.929520e+01	4.261467e+01	6.672717e+01
119	3.406814e+00	2.656239e+03	3.871870e+02	4.455133e+02	7.931120e+01	4.264251e+01	6.829653e+01
120	3.435442e+00	2.657175e+03	3.867840e+02	4.449918e+02	7.978930e+01	4.240194e+01	7.020006e+01
121	3.464071e+00	2.659291e+03	3.867362e+02	4.444093e+02	7.985777e+01	4.239931e+01	7.190242e+01
122	3.492700e+00	2.640069e+03	3.866237e+02	4.437551e+02	7.947076e+01	4.229782e+01	7.343809e+01
123	3.521328e+00	2.656415e+03	3.864331e+02	4.432128e+02	7.950128e+01	4.254337e+01	7.515236e+01
124	3.549957e+00	2.657267e+03	3.862681e+02	4.426883e+02	7.955000e+01	4.253096e+01	7.671423e+01
125	3.578586e+00	2.657520e+03	3.862466e+02	4.420454e+02	7.975101e+01	4.242779e+01	7.874142e+01
126	3.607214e+00	2.637526e+03	3.860851e+02	4.415587e+02	7.959882e+01	4.218910e+01	8.053606e+01
127	3.635843e+00	2.648484e+03	3.859259e+02	4.410040e+02	7.934740e+01	4.249861e+01	8.176978e+01
128	3.664472e+00	2.654857e+03	3.858912e+02	4.403564e+02	7.963525e+01	4.244688e+01	8.369893e+01
129	3.693100e+00	2.643587e+03	3.858443e+02	4.397589e+02	7.949868e+01	4.233931e+01	8.545158e+01
130	3.721729e+00	2.645702e+03	3.858589e+02	4.391353e+02	7.976319e+01	4.223267e+01	8.710302e+01
131	3.750358e+00	2.642563e+03	3.858105e+02	4.384945e+02	7.971868e+01	4.220611e+01	8.870227e+01
132	3.778987e+00	2.640549e+03	3.858361e+02	4.379152e+02	7.950448e+01	4.228758e+01	9.021762e+01
133	3.807615e+00	2.652019e+03	3.858632e+02	4.371766e+02	7.987126e+01	4.227623e+01	9.207650e+01
134	3.836244e+00	2.649443e+03	3.861175e+02	4.364974e+02	8.002560e+01	4.215370e+01	9.344309e+01
135	3.864873e+00	2.646746e+03	3.861796e+02	4.360042e+02	8.008929e+01	4.207731e+01	9.500641e+01
136	3.893501e+00	2.656680e+03	3.862999e+02	4.353452e+02	8.011489e+01	4.222174e+01	9.672417e+01
137	3.922130e+00	2.657405e+03	3.861936e+02	4.346859e+02	7.991936e+01	4.233660e+01	9.804774e+01
138	3.950759e+00	2.657273e+03	3.866166e+02	4.342250e+02	7.973687e+01	4.243137e+01	9.953978e+01
139	3.979387e+00	2.650864e+03	3.867689e+02	4.335559e+02	7.938790e+01	4.251510e+01	1.015292e+02
140	4.008016e+00	2.651861e+03	3.868664e+02	4.329946e+02	7.959302e+01	4.242149e+01	1.030332e+02
141	4.036645e+00	2.648454e+03	3.870870e+02	4.325616e+02	7.949171e+01	4.242099e+01	1.045462e+02
142	4.065273e+00	2.655411e+03	3.873280e+02	4.319308e+02	7.953758e+01	4.250788e+01	1.064781e+02
143	4.093902e+00	2.668059e+03	3.874120e+02	4.313203e+02	8.001237e+01	4.245691e+01	1.081458e+02
144	4.122531e+00	2.667125e+03	3.877137e+02	4.308198e+02	8.005161e+01	4.242124e+01	1.097462e+02
145	4.151159e+00	2.662753e+03	3.878345e+02	4.301979e+02	7.970896e+01	4.253376e+01	1.113881e+02
146	4.179788e+00	2.655108e+03	3.880540e+02	4.296047e+02	7.933179e+01	4.261329e+01	1.132634e+02
147	4.208417e+00	2.675867e+03	3.883674e+02	4.291777e+02	7.970040e+01	4.274783e+01	1.150829e+02
148	4.237046e+00	2.670243e+03	3.886649e+02	4.286418e+02	7.975613e+01	4.262819e+01	1.164410e+02
149	4.265674e+00	2.667243e+03	3.890260e+02	4.280984e+02	7.946253e+01	4.273763e+01	1.181918e+02
150	4.294303e+00	2.667960e+03	3.892785e+02	4.275763e+02	7.950967e+01	4.272377e+01	1.196144e+02
151	4.322932e+00	2.677020e+03	3.895839e+02	4.270865e+02	7.939902e+01	4.292859e+01	1.213518e+02
152	4.351560e+00	2.674781e+03	3.899299e+02	4.267162e+02	7.923254e+01	4.298281e+01	1.230697e+02
153	4.380189e+00	2.684769e+03	3.902133e+02	4.260252e+02	7.945555e+01	4.302222e+01	1.253478e+02
154	4.408818e+00	2.683727e+03	3.904357e+02	4.255641e+02	7.935256e+01	4.306133e+01	1.270480e+02
155	4.437446e+00	2.691589e+03	3.908890e+02	4.250322e+02	7.960274e+01	4.305176e+01	1.283659e+02
156	4.466075e+00	2.684893e+03	3.912473e+02	4.245664e+02	7.940208e+01	4.305318e+01	1.301448e+02
157	4.494704e+00	2.702887e+03	3.912788e+02	4.240484e+02	7.931300e+01	4.339040e+01	1.308414e+02
158	4.523332e+00	2.688573e+03	3.919225e+02	4.236327e+02	7.937811e+01	4.312521e+01	1.335088e+02
159	4.551961e+00	2.692021e+03	3.923999e+02	4.232565e+02	7.934602e+01	4.319798e+01	1.354846e+02
160	4.580590e+00	2.681461e+03	3.927744e+02	4.229754e+02	7.917329e+01	4.312240e+01	1.370832e+02
161	4.609218e+00	2.685395e+03	3.932220e+02	4.226717e+02	7.899540e+01	4.328292e+01	1.389365e+02
162	4.637847e+00	2.687709e+03	3.936541e+02	4.223786e+02	7.927670e+01	4.316649e+01	1.405588e+02
163	4.666476e+00	2.701110e+03	3.940367e+02	4.220972e+02	7.913918e+01	4.345711e+01	1.418257e+02
164	4.695104e+00	2.698070e+03	3.945698e+02	4.217328e+02	7.945142e+01	4.323760e+01	1.440771e+02
165	4.723733e+00	2.676932e+03	3.950552e+02	4.215318e+02	7.887653e+01	4.321154e+01	1.454833e+02
166	4.752362e+00	2.695887e+03	3.954120e+02	4.211391e+02	7.909367e+01	4.339804e+01	1.474905e+02
167	4.780991e+00	2.709091e+03	3.957226e+02	4.206060e+02	7.968118e+01	4.328904e+01	1.488381e+02
168	4.809619e+00	2.689591e+03	3.963716e+02	4.205963e+02	7.914042e+01	4.327111e+01	1.508853e+02
169	4.838248e+00	2.684694e+03	3.968278e+02	4.202874e+02	7.884571e+01	4.335377e+01	1.526979e+02
170	4.866877e+00	2.684227e+03	3.973318e+02	4.200728e+02	7.896529e+01	4.328059e+01	1.547018e+02
171	4.895505e+00	2.680352e+03	3.978936e+02	4.199122e+02	7.878861e+01	4.331502e+01	1.566451e+02
172	4.924134e+00	2.692203e+03	3.982932e+02	4.196907e+02	7.914253e+01	4.331197e+01	1.580388e+02
173	4.952763e+00	2.702207e+03	3.987121e+02	4.194703e+02	7.935841e+01	4.335467e+01	1.596009e+02
174	4.981391e+00	2.692619e+03	3.991928e+02	4.192215e+02	7.917246e+01	4.330229e+01	1.613737e+02
175	5.010020e+00	2.678305e+03	3.998242e+02	4.190967e+02	7.883432e+01	4.325684e+01	1.632494e+02
176	5.038649e+00	2.683891e+03	4.002255e+02	4.189620e+02	7.912480e+01	4.318793e+01	1.650246e+02
177	5.067277e+00	2.693023e+03	4.007081e+02	4.186923e+02	7.948791e+01	4.313692e+01	1.669777e+02
178	5.095906e+00	2.688231e+03	4.012381e+02	4.187594e+02	7.908881e+01	4.327745e+01	1.687550e+02
179	5.124535e+00	2.696963e+03	4.017235e+02	4.185768e+02	7.911301e+01	4.340475e+01	1.703550e+02
180	5.153163e+00	2.691133e+03	4.022310e+02	4.184375e+02	7.920300e+01	4.326170e+01	1.724181e+02
181	5.181792e+00	2.695251e+03	4.028874e+02	4.182758e+02	7.900383e+01	4.343714e+01	1.741799e+02
182	5.210421e+00	2.691302e+03	4.033596e+02	4.183218e+02	7.914691e+01	4.329509e+01	1.759185e+02
183	5.239050e+00	2.699829e+03	4.038839e+02	4.183849e+02	7.909171e+01	4.346257e+01	1.779315e+02
184	5.267678e+00	2.697117e+03	4.044385e+02	4.182668e+02	7.924056e+01	4.333735e+01	1.797088e+02
185	5.296307e+00	2.689748e+03	4.051436e+02	4.183227e+02	7.893020e+01	4.338889e+01	1.464005e+00
186	5.324936e+00	2.686940e+03	4.055084e+02	4.184365e+02	7.926054e+01	4.316295e+01	3.366067e+00
187	5.353564e+00	2.695094e+03	4.060470e+02	4.183413e+02	7.885124e+01	4.351867e+01	5.747767e+00
188	5.382193e+00	2.684338e+03	4.065147e+02	4.184823e+02	7.899712e+01	4.326493e+01	7.786435e+00
189	5.410822e+00	2.683188e+03	4.070362e+02	4.183863e+02	7.919655e+01	4.313750e+01	9.292112e+00
190	5.439450e+00	2.684353e+03	4.075792e+02	4.185038e+02	7.951885e+01	4.298131e+01	1.114823e+01
191	5.468079e+00	2.688095e+03	4.079974e+02	4.186219e+02	7.912744e+01	4.325414e+01	1.318095e+01
192	5.496708e+00	2.685048e+03	4.085442e+02	4.186436e+02	7.915756e+01	4.318867e+01	1.520341e+01
193	5.525336e+00	2.691579e+03	4.089032e+02	4.190069e+02	7.901113e+01	4.337395e+01	1.704748e+01
194	5.553965e+00	2.704275e+03	4.093604e+02	4.191936e+02	7.946941e+01	4.332724e+01	1.927678e+01
195	5.582594e+00	2.695983e+03	4.097940e+02	4.194171e+02	7.938592e+01	4.323981e+01	2.090294e+01
196	5.611222e+00	2.683176e+03	4.102508e+02	4.196883e+02	7.936134e+01	4.304773e+01	2.292553e+01
197	5.639851e+00	2.669421e+03	4.106593e+02	4.199370e+02	7.914954e+01	4.294165e+01	2.437164e+01
198	5.668480e+00	2.674341e+03	4.111497e+02	4.202073e+02	7.920512e+01	4.299060e+01	2.661566e+01
199	5.697109e+00	2.695227e+03	4.115193e+02	4.204619e+02	7.967937e+01	4.306848e+01	2.840532e+01
200	5.725737e+00	2.687868e+03	4.119608e+02	4.207755e+02	7.931785e+01	4.314665e+01	3.045045e+01
201	5.754366e+00	2.691074e+03	4.123420e+02	4.211462e+02	7.922816e+01	4.324702e+01	3.243464e+01
202	5.782995e+00	2.700533e+03	4.127567e+02	4.213966e+02	7.939397e+01	4.330838e+01	3.415627e+01
203	5.811623e+00	2.677107e+03	4.131962e+02	4.217015e+02	7.916999e+01	4.305418e+01	3.612043e+01
204	5.840252e+00	2.681828e+03	4.135303e+02	4.221186e+02	7.945488e+01	4.297544e+01	3.804606e+01
205	5.868881e+00	2.677521e+03	4.139228e+02	4.225730e+02	7.950549e+01	4.287912e+01	4.002935e+01
206	5.897509e+00	2.668307e+03	4.143221e+02	4.228169e+02	7.919471e+01	4.289925e+01	4.191890e+01
207	5.926138e+00	2.668518e+03	4.146986e+02	4.231887e+02	7.892201e+01	4.305088e+01	4.332825e+01
208	5.954767e+00	2.663789e+03	4.151570e+02	4.235222e+02	7.900341e+01	4.293032e+01	4.553293e+01
209	5.983395e+00	2.670050e+03	4.155086e+02	4.239473e+02	7.889423e+01	4.309077e+01	4.762386e+01
210	6.012024e+00	2.659745e+03	4.158715e+02	4.244335e+02	7.882659e+01	4.296130e+01	4.957347e+01
211	6.040653e+00	2.666506e+03	4.160685e+02	4.249115e+02	7.910556e+01	4.291861e+01	5.134873e+01
212	6.069281e+00	2.667186e+03	4.165747e+02	4.252111e+02	7.899026e+01	4.299222e+01	5.356350e+01
213	6.097910e+00	2.671204e+03	4.169539e+02	4.255814e+02	7.920054e+01	4.294267e+01	5.538805e+01
214	6.126539e+00	2.670586e+03	4.171711e+02	4.261472e+02	7.929956e+01	4.287912e+01	5.734233e+01
215	6.155167e+00	2.675441e+03	4.176383e+02	4.265533e+02	7.956857e+01	4.281184e+01	5.936147e+01
216	6.183796e+00	2.661557e+03	4.177872e+02	4.270970e+02	7.928169e+01	4.274379e+01	6.138593e+01
217	6.212425e+00	2.672157e+03	4.182501e+02	4.274668e+02	7.933244e+01	4.288656e+01	6.295938e+01
218	6.241054e+00	2.666415e+03	4.184737e+02	4.279571e+02	7.924098e+01	4.284381e+01	6.463440e+01
219	6.269682e+00	2.660818e+03	4.186054e+02	4.284735e+02	7.946383e+01	4.263398e+01	6.691006e+01
220	6.298311e+00	2.658559e+03	4.187757e+02	4.290902e+02	7.933060e+01	4.266932e+01	6.882631e+01
221	6.326940e+00	2.662229e+03	4.190389e+02	4.295516e+02	7.964965e+01	4.255706e+01	7.025134e+01
222	6.355568e+00	2.656100e+03	4.195689e+02	4.299759e+02	7.955502e+01	4.250959e+01	7.262505e+01
223	6.384197e+00	2.646273e+03	4.196282e+02	4.305788e+02	7.924896e+01	4.251587e+01	7.451815e+01
224	6.412826e+00	2.648353e+03	4.198069e+02	4.310880e+02	7.962387e+01	4.234895e+01	7.688014e+01
225	6.441454e+00	2.652144e+03	4.199271e+02	4.316286e+02	7.946714e+01	4.249321e+01	7.818640e+01
226	6.470083e+00	2.649908e+03	4.201385e+02	4.321800e+02	7.941038e+01	4.248774e+01	7.993745e+01
227	6.498712e+00	2.663525e+03	4.203721e+02	4.326866e+02	7.984097e+01	4.247575e+01	8.183063e+01
228	6.527340e+00	2.660435e+03	4.204844e+02	4.334141e+02	7.984410e+01	4.242482e+01	8.351823e+01
229	6.555969e+00	2.655481e+03	4.206396e+02	4.339757e+02	7.986182e+01	4.233641e+01	8.554253e+01
230	6.584598e+00	2.643278e+03	4.204843e+02	4.345620e+02	7.968233e+01	4.223679e+01	8.736471e+01
231	6.613226e+00	2.667108e+03	4.207588e+02	4.350690e+02	8.004885e+01	4.242244e+01	8.901350e+01
232	6.641855e+00	2.661143e+03	4.206596e+02	4.358402e+02	7.983532e+01	4.244077e+01	9.096339e+01
233	6.670484e+00	2.657901e+03	4.209901e+02	4.363680e+02	8.021735e+01	4.218719e+01	9.287959e+01
234	6.699113e+00	2.644004e+03	4.210164e+02	4.368058e+02	7.963441e+01	4.227382e+01	9.448255e+01
235	6.727741e+00	2.662674e+03	4.209920e+02	4.375368e+02	7.987950e+01	4.244170e+01	9.661601e+01
236	6.756370e+00	2.639845e+03	4.210182e+02	4.382411e+02	7.978712e+01	4.212653e+01	9.782724e+01
237	6.784999e+00	2.648342e+03	4.209334e+02	4.387956e+02	7.958499e+01	4.236947e+01	9.980875e+01
238	6.813627e+00	2.656045e+03	4.208767e+02	4.394404e+02	8.016900e+01	4.218316e+01	1.015973e+02
239	6.842256e+00	2.658335e+03	4.208004e+02	4.401337e+02	7.969741e+01	4.246935e+01	1.036409e+02
240	6.870885e+00	2.650928e+03	4.207231e+02	4.406414e+02	7.968204e+01	4.235918e+01	1.053073e+02
241	6.899513e+00	2.645451e+03	4.205246e+02	4.412307e+02	7.912274e+01	4.257048e+01	1.072310e+02
242	6.928142e+00	2.657176e+03	4.205092e+02	4.418554e+02	7.949741e+01	4.255763e+01	1.090558e+02
243	6.956771e+00	2.673690e+03	4.203901e+02	4.424791e+02	7.982816e+01	4.264470e+01	1.111015e+02
244	6.985399e+00	2.654108e+03	4.201060e+02	4.429885e+02	7.967786e+01	4.241222e+01	1.128766e+02
245	7.014028e+00	2.669719e+03	4.199464e+02	4.435840e+02	7.984157e+01	4.257421e+01	1.148682e+02
246	7.042657e+00	2.675028e+03	4.195648e+02	4.441454e+02	7.990990e+01	4.262239e+01	1.159127e+02
247	7.071285e+00	2.659842e+03	4.195287e+02	4.448060e+02	7.917947e+01	4.277138e+01	1.185126e+02
248	7.099914e+00	2.659295e+03	4.193652e+02	4.453634e+02	7.929759e+01	4.269890e+01	1.201428e+02
249	7.128543e+00	2.659695e+03	4.190800e+02	4.458267e+02	7.944501e+01	4.262607e+01	1.218275e+02
250	7.157171e+00	2.677668e+03	4.189164e+02	4.464608e+02	7.953372e+01	4.286626e+01	1.236364e+02
251	7.185800e+00	2.680044e+03	4.187056e+02	4.470792e+02	7.950520e+01	4.291969e+01	1.254735e+02
252	7.214429e+00	2.663730e+03	4.184996e+02	4.476300e+02	7.917841e+01	4.283448e+01	1.275659e+02
253	7.243058e+00	2.668049e+03	4.182692e+02	4.481386e+02	7.913995e+01	4.292479e+01	1.294698e+02
254	7.271686e+00	2.679396e+03	4.180325e+02	4.486445e+02	7.912460e+01	4.311570e+01	1.313220e+02
255	7.300315e+00	2.676220e+03	4.176966e+02	4.491274e+02	7.901282e+01	4.312551e+01	1.330673e+02
256	7.328944e+00	2.664810e+03	4.172607e+02	4.495432e+02	7.910738e+01	4.289033e+01	1.347039e+02
257	7.357572e+00	2.659100e+03	4.170386e+02	4.499922e+02	7.892681e+01	4.289634e+01	1.363231e+02
258	7.386201e+00	2.667304e+03	4.166466e+02	4.503798e+02	7.888682e+01	4.305050e+01	1.381806e+02
259	7.414830e+00	2.665861e+03	4.162189e+02	4.508743e+02	7.877898e+01	4.308611e+01	1.403084e+02
260	7.443458e+00	2.667375e+03	4.157685e+02	4.513478e+02	7.880513e+01	4.309627e+01	1.419967e+02
261	7.472087e+00	2.673706e+03	4.154543e+02	4.516827e+02	7.890708e+01	4.314275e+01	1.437146e+02
262	7.500716e+00	2.676948e+03	4.150966e+02	4.521656e+02	7.898255e+01	4.315379e+01	1.454305e+02
263	7.529344e+00	2.682831e+03	4.146675e+02	4.525869e+02	7.887430e+01	4.330798e+01	1.475262e+02
264	7.557973e+00	2.682154e+03	4.142743e+02	4.530143e+02	7.904100e+01	4.320574e+01	1.490649e+02
265	7.586602e+00	2.670586e+03	4.138473e+02	4.533011e+02	7.876413e+01	4.317061e+01	1.508738e+02
266	7.615230e+00	2.672684e+03	4.135181e+02	4.536968e+02	7.861403e+01	4.328701e+01	1.524429e+02
267	7.643859e+00	2.671772e+03	4.130915e+02	4.541960e+02	7.867987e+01	4.323604e+01	1.542016e+02
268	7.672488e+00	2.665741e+03	4.126346e+02	4.545703e+02	7.868984e+01	4.313297e+01	1.556860e+02
269	7.701117e+00	2.650732e+03	4.123282e+02	4.550573e+02	7.836618e+01	4.306726e+01	1.577666e+02
270	7.729745e+00	2.662317e+03	4.118911e+02	4.553862e+02	7.837044e+01	4.325314e+01	1.593973e+02
271	7.758374e+00	2.660446e+03	4.114581e+02	4.558102e+02	7.860799e+01	4.309212e+01	1.614182e+02
272	7.787003e+00	2.653996e+03	4.108550e+02	4.560186e+02	7.863668e+01	4.297196e+01	1.637962e+02
273	7.815631e+00	2.676048e+03	4.105329e+02	4.563220e+02	7.909302e+01	4.307903e+01	1.654467e+02
274	7.844260e+00	2.662159e+03	4.101621e+02	4.566437e+02	7.864178e+01	4.310133e+01	1.671729e+02
275	7.872889e+00	2.669671e+03	4.096547e+02	4.569300e+02	7.878159e+01	4.314626e+01	1.690676e+02
276	7.901517e+00	2.660953e+03	4.091927e+02	4.571797e+02	7.867625e+01	4.306293e+01	1.707144e+02
277	7.930146e+00	2.703344e+03	4.086218e+02	4.577188e+02	7.840680e+01	4.389931e+01	1.729301e+02
278	7.958775e+00	2.679571e+03	4.082958e+02	4.577768e+02	7.885605e+01	4.326537e+01	1.742757e+02
279	7.987403e+00	2.741671e+03	4.073749e+02	4.573561e+02	7.968793e+01	4.380592e+01	1.742973e+02
280	8.016032e+00	2.676178e+03	4.074268e+02	4.580708e+02	7.888593e+01	4.319421e+01	1.783156e+02
281	8.044661e+00	2.660068e+03	4.070116e+02	4.583811e+02	7.877794e+01	4.299305e+01	1.797580e+02
282	8.073289e+00	2.671094e+03	4.065286e+02	4.583259e+02	7.868719e+01	4.322104e+01	1.850061e+00
283	8.101918e+00	2.658202e+03	4.059504e+02	4.584492e+02	7.849586e+01	4.311727e+01	3.447966e+00
284	8.130547e+00	2.662703e+03	4.055019e+02	4.584351e+02	7.885928e+01	4.299125e+01	5.515302e+00
285	8.159175e+00	2.658254e+03	4.050401e+02	4.585263e+02	7.836783e+01	4.318856e+01	7.521863e+00
286	8.187804e+00	2.662395e+03	4.044780e+02	4.587427e+02	7.873358e+01	4.305489e+01	9.978820e+00
287	8.216433e+00	2.654001e+03	4.039802e+02	4.587865e+02	7.853064e+01	4.303007e+01	1.158046e+01
288	8.245062e+00	2.659341e+03	4.036099e+02	4.586570e+02	7.896492e+01	4.287953e+01	1.338693e+01
289	8.273690e+00	2.645896e+03	4.031673e+02	4.585552e+02	7.879036e+01	4.275725e+01	1.528915e+01
290	8.302319e+00	2.659159e+03	4.027283e+02	4.586882e+02	7.857838e+01	4.308750e+01	1.727829e+01
291	8.330948e+00	2.662518e+03	4.021980e+02	4.586253e+02	7.858975e+01	4.313568e+01	1.910548e+01
292	8.359576e+00	2.658325e+03	4.017089e+02	4.586855e+02	7.862068e+01	4.305082e+01	2.106251e+01
293	8.388205e+00	2.660879e+03	4.012164e+02	4.586116e+02	7.853558e+01	4.313887e+01	2.284864e+01
294	8.416834e+00	2.647239e+03	4.007469e+02	4.585825e+02	7.868920e+01	4.283395e+01	2.476595e+01
295	8.445462e+00	2.663865e+03	4.002433e+02	4.586619e+02	7.891457e+01	4.297987e+01	2.685896e+01
296	8.474091e+00	2.659149e+03	3.997599e+02	4.585227e+02	7.852738e+01	4.311533e+01	2.857503e+01
297	8.502720e+00	2.659190e+03	3.993154e+02	4.582676e+02	7.877186e+01	4.298218e+01	3.057587e+01
298	8.531348e+00	2.661464e+03	3.987389e+02	4.582536e+02	7.875229e+01	4.302962e+01	3.256717e+01
299	8.559977e+00	2.649236e+03	3.983434e+02	4.580342e+02	7.853649e+01	4.294961e+01	3.409066e+01
300	8.588606e+00	2.660948e+03	3.979504e+02	4.579150e+02	7.889902e+01	4.294127e+01	3.589138e+01
301	8.617234e+00	2.662208e+03	3.974806e+02	4.576570e+02	7.896262e+01	4.292700e+01	3.762782e+01
302	8.645863e+00	2.659851e+03	3.972053e+02	4.574257e+02	7.902643e+01	4.285437e+01	3.943462e+01
303	8.674492e+00	2.657957e+03	3.966732e+02	4.571690e+02	7.898387e+01	4.284693e+01	4.142691e+01
304	8.703121e+00	2.660331e+03	3.962617e+02	4.569076e+02	7.901087e+01	4.287054e+01	4.315745e+01
305	8.731749e+00	2.659961e+03	3.957780e+02	4.566156e+02	7.912066e+01	4.280509e+01	4.523885e+01
306	8.760378e+00	2.667494e+03	3.953620e+02	4.563025e+02	7.934163e+01	4.280678e+01	4.701080e+01
307	8.789007e+00	2.661791e+03	3.949820e+02	4.560111e+02	7.926325e+01	4.275750e+01	4.871883e+01
308	8.817635e+00	2.663556e+03	3.945332e+02	4.557323e+02	7.927204e+01	4.278109e+01	5.086097e+01
309	8.846264e+00	2.661327e+03	3.941030e+02	4.553866e+02	7.923287e+01	4.276643e+01	5.242168e+01
310	8.874893e+00	2.651561e+03	3.939627e+02	4.549554e+02	7.895008e+01	4.276211e+01	5.433456e+01
311	8.903521e+00	2.660418e+03	3.934117e+02	4.546837e+02	7.936035e+01	4.268315e+01	5.622183e+01
312	8.932150e+00	2.647422e+03	3.931506e+02	4.542424e+02	7.909341e+01	4.261799e+01	5.822051e+01
313	8.960779e+00	2.672216e+03	3.927591e+02	4.538358e+02	7.954178e+01	4.277464e+01	6.023756e+01
314	8.989407e+00	2.665130e+03	3.923637e+02	4.535049e+02	7.960114e+01	4.262939e+01	6.233084e+01
315	9.018036e+00	2.667204e+03	3.920461e+02	4.530656e+02	7.968422e+01	4.261810e+01	6.409824e+01
316	9.046665e+00	2.662324e+03	3.918193e+02	4.526460e+02	7.952287e+01	4.262643e+01	6.605703e+01
317	9.075293e+00	2.658194e+03	3.914633e+02	4.522127e+02	7.966738e+01	4.248311e+01	6.783165e+01
318	9.103922e+00	2.659899e+03	3.911764e+02	4.519064e+02	7.945964e+01	4.262149e+01	6.992821e+01
319	9.132551e+00	2.662843e+03	3.909684e+02	4.513475e+02	7.975729e+01	4.250943e+01	7.174977e+01
320	9.161180e+00	2.651502e+03	3.906774e+02	4.508254e+02	7.967162e+01	4.237390e+01	7.309383e+01
321	9.189808e+00	2.654121e+03	3.905505e+02	4.503411e+02	7.985458e+01	4.231858e+01	7.503601e+01
322	9.218437e+00	2.660113e+03	3.901213e+02	4.498133e+02	7.999515e+01	4.233958e+01	7.687680e+01
323	9.247066e+00	2.655139e+03	3.902882e+02	4.492145e+02	7.949417e+01	4.252674e+01	7.820703e+01
324	9.275694e+00	2.642455e+03	3.902163e+02	4.486566e+02	7.944780e+01	4.234828e+01	7.982211e+01
325	9.304323e+00	2.644391e+03	3.898707e+02	4.481613e+02	7.950421e+01	4.234924e+01	8.143819e+01
326	9.332952e+00	2.654114e+03	3.897057e+02	4.476146e+02	7.986014e+01	4.231552e+01	8.287289e+01
327	9.361580e+00	2.651747e+03	3.896482e+02	4.470193e+02	7.981590e+01	4.230120e+01	8.501333e+01
328	9.390209e+00	2.646289e+03	3.895742e+02	4.464002e+02	7.979973e+01	4.222270e+01	8.657688e+01
329	9.418838e+00	2.640272e+03	3.895430e+02	4.459445e+02	7.957410e+01	4.224614e+01	8.804475e+01
330	9.447466e+00	2.638672e+03	3.895175e+02	4.453279e+02	7.964246e+01	4.218430e+01	8.952190e+01
331	9.476095e+00	2.644671e+03	3.894801e+02	4.446849e+02	7.953100e+01	4.233947e+01	9.100701e+01
332	9.504724e+00	2.654679e+03	3.894264e+02	4.441751e+02	7.986600e+01	4.232141e+01	9.269759e+01
333	9.533352e+00	2.648171e+03	3.894035e+02	4.435833e+02	7.955978e+01	4.238017e+01	9.416149e+01
334	9.561981e+00	2.659993e+03	3.894000e+02	4.430073e+02	7.990713e+01	4.238432e+01	9.572962e+01
335	9.590610e+00	2.652341e+03	3.895686e+02	4.424775e+02	7.969965e+01	4.237241e+01	9.731258e+01
336	9.619238e+00	2.662528e+03	3.897776e+02	4.419640e+02	7.971951e+01	4.252454e+01	9.890579e+01
337	9.647867e+00	2.654339e+03	3.897561e+02	4.413565e+02	7.980016e+01	4.235090e+01	1.006541e+02
338	9.676496e+00	2.676091e+03	3.894676e+02	4.408931e+02	8.049039e+01	4.233182e+01	1.012476e+02
339	9.705125e+00	2.663647e+03	3.899899e+02	4.403257e+02	7.985336e+01	4.247110e+01	1.040285e+02
340	9.733753e+00	2.661610e+03	3.900022e+02	4.397533e+02	7.955235e+01	4.259921e+01	1.058462e+02
341	9.762382e+00	2.656898e+03	3.901143e+02	4.392656e+02	7.945634e+01	4.257518e+01	1.071485e+02
342	9.791011e+00	2.651635e+03	3.900995e+02	4.386827e+02	7.940012e+01	4.252092e+01	1.087531e+02
343	9.819639e+00	2.651329e+03	3.902975e+02	4.382156e+02	7.919405e+01	4.262666e+01	1.100211e+02
344	9.848268e+00	2.659272e+03	3.904023e+02	4.377157e+02	7.971326e+01	4.247586e+01	1.120826e+02
345	9.876897e+00	2.664607e+03	3.907508e+02	4.371907e+02	7.951082e+01	4.266945e+01	1.136506e+02
346	9.905525e+00	2.666563e+03	3.908698e+02	4.367056e+02	7.943233e+01	4.274297e+01	1.155420e+02
347	9.934154e+00	2.685277e+03	3.911021e+02	4.362576e+02	7.983444e+01	4.282614e+01	1.167278e+02
348	9.962783e+00	2.686128e+03	3.914212e+02	4.357056e+02	7.961546e+01	4.295754e+01	1.185420e+02
349	9.991411e+00	2.684571e+03	3.916538e+02	4.351733e+02	7.970458e+01	4.288463e+01	1.203531e+02
350	1.002004e+01	2.664074e+03	3.919221e+02	4.348026e+02	7.930813e+01	4.276995e+01	1.218267e+02
351	1.004867e+01	2.679922e+03	3.920607e+02	4.341835e+02	7.961084e+01	4.286078e+01	1.239924e+02
352	1.007730e+01	2.678287e+03	3.924186e+02	4.338016e+02	7.939940e+01	4.294870e+01	1.256172e+02
353	1.010593e+01	2.688140e+03	3.927006e+02	4.333136e+02	7.965113e+01	4.297047e+01	1.271184e+02
354	1.013455e+01	2.688018e+03	3.930548e+02	4.328611e+02	7.941067e+01	4.309862e+01	1.285891e+02
355	1.016318e+01	2.698371e+03	3.933721e+02	4.324664e+02	7.945155e+01	4.324237e+01	1.301599e+02
356	1.019181e+01	2.696275e+03	3.936414e+02	4.319128e+02	7.940589e+01	4.323361e+01	1.321397e+02
357	1.022044e+01	2.690688e+03	3.939769e+02	4.314162e+02	7.925260e+01	4.322748e+01	1.340258e+02
358	1.024907e+01	2.690319e+03	3.943319e+02	4.309722e+02	7.929635e+01	4.319772e+01	1.359354e+02
359	1.027770e+01	2.685771e+03	3.947187e+02	4.306739e+02	7.905495e+01	4.325637e+01	1.375962e+02
360	1.030633e+01	2.703805e+03	3.949691e+02	4.302377e+02	7.934820e+01	4.338588e+01	1.384738e+02
361	1.033496e+01	2.692008e+03	3.954447e+02	4.297197e+02	7.914978e+01	4.330488e+01	1.409092e+02
362	1.036358e+01	2.693305e+03	3.959122e+02	4.294022e+02	7.923691e+01	4.327810e+01	1.428104e+02
363	1.039221e+01	2.696778e+03	3.962674e+02	4.290421e+02	7.930567e+01	4.329634e+01	1.446660e+02
364	1.042084e+01	2.674716e+03	3.967404e+02	4.288041e+02	7.869283e+01	4.327655e+01	1.463307e+02
365	1.044947e+01	2.691584e+03	3.972686e+02	4.286104e+02	7.917397e+01	4.328483e+01	1.482331e+02
366	1.047810e+01	2.700410e+03	3.976791e+02	4.283108e+02	7.931134e+01	4.335155e+01	1.501530e+02
367	1.050673e+01	2.703652e+03	3.980367e+02	4.278394e+02	7.930673e+01	4.340611e+01	1.517776e+02
368	1.053536e+01	2.697138e+03	3.984441e+02	4.276837e+02	7.909365e+01	4.341819e+01	1.533853e+02
369	1.056399e+01	2.695761e+03	3.988814e+02	4.273303e+02	7.918854e+01	4.334401e+01	1.550112e+02
370	1.059261e+01	2.685901e+03	3.993248e+02	4.269876e+02	7.904171e+01	4.326571e+01	1.569410e+02
371	1.062124e+01	2.677940e+03	3.997513e+02	4.267516e+02	7.886481e+01	4.323423e+01	1.589966e+02
372	1.064987e+01	2.678664e+03	4.003050e+02	4.266390e+02	7.897852e+01	4.318365e+01	1.607973e+02
373	1.067850e+01	2.683240e+03	4.006608e+02	4.265028e+02	7.898089e+01	4.325612e+01	1.626702e+02
374	1.070713e+01	2.688909e+03	4.012458e+02	4.263352e+02	7.901147e+01	4.333075e+01	1.641320e+02
375	1.073576e+01	2.695518e+03	4.017096e+02	4.261127e+02	7.921919e+01	4.332333e+01	1.661879e+02
376	1.076439e+01	2.682963e+03	4.021576e+02	4.259115e+02	7.903957e+01	4.321956e+01	1.676161e+02
377	1.079301e+01	2.681209e+03	4.026324e+02	4.257449e+02	7.890166e+01	4.326679e+01	1.697582e+02
378	1.082164e+01	2.701142e+03	4.030128e+02	4.255064e+02	7.913699e+01	4.345882e+01	1.711971e+02
379	1.085027e+01	2.693841e+03	4.036531e+02	4.254834e+02	7.905674e+01	4.338536e+01	1.736558e+02
380	1.087890e+01	2.688665e+03	4.041347e+02	4.254167e+02	7.917843e+01	4.323545e+01	1.752391e+02
381	1.090753e+01	2.679525e+03	4.046007e+02	4.253640e+02	7.889629e+01	4.324256e+01	1.773302e+02
382	1.093616e+01	2.705466e+03	4.050888e+02	4.253363e+02	7.907854e+01	4.356057e+01	1.793805e+02
383	1.096479e+01	2.687871e+03	4.055536e+02	4.254791e+02	7.873221e+01	4.346764e+01	1.039221e+00
384	1.099342e+01	2.685276e+03	4.060345e+02	4.253701e+02	7.882783e+01	4.337300e+01	2.876780e+00
385	1.102204e+01	2.680381e+03	4.065074e+02	4.255119e+02	7.917792e+01	4.310251e+01	4.862018e+00
386	1.105067e+01	2.688706e+03	4.069733e+02	4.257429e+02	7.902365e+01	4.332080e+01	6.692983e+00
387	1.107930e+01	2.690999e+03	4.074382e+02	4.256939e+02	7.901868e+01	4.336046e+01	8.575089e+00
388	1.110793e+01	2.670433e+03	4.079962e+02	4.256834e+02	7.901713e+01	4.302992e+01	9.950150e+00
389	1.113656e+01	2.684918e+03	4.084562e+02	4.256697e+02	7.923483e+01	4.314446e+01	1.220160e+01
390	1.116519e+01	2.691195e+03	4.089036e+02	4.259038e+02	7.931364e+01	4.320236e+01	1.432896e+01
391	1.119382e+01	2.687271e+03	4.094436e+02	4.259015e+02	7.908862e+01	4.326211e+01	1.615452e+01
392	1.122244e+01	2.691163e+03	4.097917e+02	4.260688e+02	7.932171e+01	4.319744e+01	1.807537e+01
393	1.125107e+01	2.681336e+03	4.103277e+02	4.263569e+02	7.919000e+01	4.311129e+01	1.982844e+01
394	1.127970e+01	2.677913e+03	4.107882e+02	4.265424e+02	7.913412e+01	4.308665e+01	2.132569e+01
395	1.130833e+01	2.689039e+03	4.112527e+02	4.266876e+02	7.959425e+01	4.301555e+01	2.371024e+01
396	1.133696e+01	2.684593e+03	4.117406e+02	4.269043e+02	7.952864e+01	4.297985e+01	2.502510e+01
397	1.136559e+01	2.686296e+03	4.123442e+02	4.270737e+02	7.957568e+01	4.298171e+01	2.710027e+01
398	1.139422e+01	2.680691e+03	4.128674e+02	4.272188e+02	7.947998e+01	4.294366e+01	2.885831e+01
399	1.142285e+01	2.684213e+03	4.132734e+02	4.274098e+02	7.949980e+01	4.298936e+01	3.091392e+01
400	1.145147e+01	2.698810e+03	4.138872e+02	4.274998e+02	7.976697e+01	4.307838e+01	3.318831e+01
401	1.148010e+01	2.683125e+03	4.143065e+02	4.278352e+02	7.957438e+01	4.293167e+01	3.480147e+01
402	1.150873e+01	2.674010e+03	4.147005e+02	4.281734e+02	7.912637e+01	4.302808e+01	3.712622e+01
403	1.153736e+01	2.682152e+03	4.151834e+02	4.283240e+02	7.941839e+01	4.300039e+01	3.873104e+01
404	1.156599e+01	2.684105e+03	4.155714e+02	4.287262e+02	7.948710e+01	4.299451e+01	4.058074e+01
405	1.159462e+01	2.676692e+03	4.160279e+02	4.290121e+02	7.909281e+01	4.308951e+01	4.245564e+01
406	1.162325e+01	2.664821e+03	4.162480e+02	4.295702e+02	7.904789e+01	4.292278e+01	4.475139e+01
407	1.165188e+01	2.705145e+03	4.163775e+02	4.300192e+02	7.979115e+01	4.316642e+01	4.720139e+01
408	1.168050e+01	2.668655e+03	4.170213e+02	4.302393e+02	7.883936e+01	4.309823e+01	4.832186e+01
409	1.170913e+01	2.652398e+03	4.172255e+02	4.307599e+02	7.857310e+01	4.298084e+01	5.006224e+01
410	1.173776e+01	2.687957e+03	4.177598e+02	4.310767e+02	7.966173e+01	4.296183e+01	5.235506e+01
411	1.176639e+01	2.658445e+03	4.181787e+02	4.314839e+02	7.890156e+01	4.289950e+01	5.437236e+01
412	1.179502e+01	2.666938e+03	4.186559e+02	4.317635e+02	7.909692e+01	4.293025e+01	5.624590e+01
413	1.182365e+01	2.671237e+03	4.188240e+02	4.322151e+02	7.928603e+01	4.289690e+01	5.796994e+01
414	1.185228e+01	2.659477e+03	4.189391e+02	4.327261e+02	7.900468e+01	4.286014e+01	5.990718e+01
415	1.188090e+01	2.667374e+03	4.194440e+02	4.330352e+02	7.926091e+01	4.284844e+01	6.150628e+01
416	1.190953e+01	2.654155e+03	4.196217e+02	4.336224e+02	7.904134e+01	4.275453e+01	6.393534e+01
417	1.193816e+01	2.656498e+03	4.200498e+02	4.340660e+02	7.919868e+01	4.270725e+01	6.600923e+01
418	1.196679e+01	2.657379e+03	4.202582e+02	4.345635e+02	7.907732e+01	4.278698e+01	6.798247e+01
419	1.199542e+01	2.645997e+03	4.204375e+02	4.351473e+02	7.899263e+01	4.264939e+01	6.994148e+01
420	1.202405e+01	2.656423e+03	4.208499e+02	4.356070e+02	7.929943e+01	4.265180e+01	7.157291e+01
421	1.205268e+01	2.640086e+03	4.210096e+02	4.360905e+02	7.933202e+01	4.237208e+01	7.350561e+01
422	1.208131e+01	2.640606e+03	4.211124e+02	4.367028e+02	7.933023e+01	4.238137e+01	7.485920e+01
423	1.210993e+01	2.662594e+03	4.211513e+02	4.372204e+02	7.982355e+01	4.247017e+01	7.693329e+01
424	1.213856e+01	2.651535e+03	4.216673e+02	4.377133e+02	7.956995e+01	4.242857e+01	7.857974e+01
425	1.216719e+01	2.656311e+03	4.217446e+02	4.383010e+02	7.969484e+01	4.243839e+01	8.026911e+01
426	1.219582e+01	2.646668e+03	4.219963e+02	4.388317e+02	7.974090e+01	4.225990e+01	8.223868e+01
427	1.222445e+01	2.659002e+03	4.223433e+02	4.394151e+02	7.961722e+01	4.252279e+01	8.349649e+01
428	1.225308e+01	2.645365e+03	4.224707e+02	4.399446e+02	7.969962e+01	4.226097e+01	8.529012e+01
429	1.228171e+01	2.655197e+03	4.226072e+02	4.405391e+02	7.978308e+01	4.237366e+01	8.763553e+01
430	1.231033e+01	2.656216e+03	4.228625e+02	4.411442e+02	7.999856e+01	4.227575e+01	8.912524e+01
431	1.233896e+01	2.656224e+03	4.228974e+02	4.417741e+02	7.987169e+01	4.234303e+01	9.074877e+01
432	1.236759e+01	2.648380e+03	4.229690e+02	4.422276e+02	7.992576e+01	4.218943e+01	9.279776e+01
433	1.239622e+01	2.661659e+03	4.230833e+02	4.430301e+02	8.028853e+01	4.220938e+01	9.455336e+01
434	1.242485e+01	2.658083e+03	4.230265e+02	4.434248e+02	7.991673e+01	4.234878e+01	9.590977e+01
435	1.245348e+01	2.662221e+03	4.229746e+02	4.441673e+02	8.025385e+01	4.223655e+01	9.789101e+01
436	1.248211e+01	2.656767e+03	4.230902e+02	4.446779e+02	7.980801e+01	4.238548e+01	9.947699e+01
437	1.251074e+01	2.647733e+03	4.230575e+02	4.453354e+02	7.950120e+01	4.240438e+01	1.013496e+02
438	1.253936e+01	2.660589e+03	4.231952e+02	4.459909e+02	7.973715e+01	4.248418e+01	1.028671e+02
439	1.256799e+01	2.644496e+03	4.231410e+02	4.466181e+02	7.937714e+01	4.241873e+01	1.047829e+02
440	1.259662e+01	2.645877e+03	4.232514e+02	4.470834e+02	7.962186e+01	4.231044e+01	1.064777e+02
441	1.262525e+01	2.653079e+03	4.233059e+02	4.477071e+02	7.970097e+01	4.238348e+01	1.083076e+02
442	1.265388e+01	2.661439e+03	4.231531e+02	4.483527e+02	7.968116e+01	4.252761e+01	1.101465e+02
443	1.268251e+01	2.665849e+03	4.231504e+02	4.489292e+02	7.982406e+01	4.252183e+01	1.119048e+02
444	1.271114e+01	2.658719e+03	4.230712e+02	4.495883e+02	7.937699e+01	4.264694e+01	1.132737e+02
445	1.273977e+01	2.674065e+03	4.229513e+02	4.501469e+02	7.955909e+01	4.279492e+01	1.148674e+02
446	1.276839e+01	2.656272e+03	4.228441e+02	4.505781e+02	7.936471e+01	4.261429e+01	1.168771e+02
447	1.279702e+01	2.669083e+03	4.227709e+02	4.512703e+02	7.914677e+01	4.293773e+01	1.187327e+02
448	1.282565e+01	2.659409e+03	4.225683e+02	4.519074e+02	7.888162e+01	4.292591e+01	1.204507e+02
449	1.285428e+01	2.671462e+03	4.224611e+02	4.525333e+02	7.929800e+01	4.289404e+01	1.220289e+02
450	1.288291e+01	2.656660e+03	4.223916e+02	4.530921e+02	7.901888e+01	4.280704e+01	1.239471e+02
451	1.291154e+01	2.661316e+03	4.222076e+02	4.536887e+02	7.920173e+01	4.278306e+01	1.252768e+02
452	1.294017e+01	2.663521e+03	4.220145e+02	4.542348e+02	7.949677e+01	4.265960e+01	1.272801e+02
453	1.296879e+01	2.672090e+03	4.218425e+02	4.548422e+02	7.948094e+01	4.280536e+01	1.288508e+02
454	1.299742e+01	2.675258e+03	4.216685e+02	4.555093e+02	7.945248e+01	4.287146e+01	1.308453e+02
455	1.302605e+01	2.679036e+03	4.213598e+02	4.560651e+02	7.946376e+01	4.292591e+01	1.324674e+02
456	1.305468e+01	2.657978e+03	4.210351e+02	4.565534e+02	7.897448e+01	4.285235e+01	1.344989e+02
457	1.308331e+01	2.667438e+03	4.208267e+02	4.571419e+02	7.914346e+01	4.291306e+01	1.363162e+02
458	1.311194e+01	2.671116e+03	4.205016e+02	4.576216e+02	7.911826e+01	4.298590e+01	1.378432e+02
459	1.314057e+01	2.667212e+03	4.201458e+02	4.581223e+02	7.880983e+01	4.309107e+01	1.396920e+02
460	1.316920e+01	2.675825e+03	4.199221e+02	4.586971e+02	7.899839e+01	4.312703e+01	1.410990e+02
461	1.319782e+01	2.682367e+03	4.195536e+02	4.591187e+02	7.916792e+01	4.313989e+01	1.429705e+02
462	1.322645e+01	2.679714e+03	4.193095e+02	4.596159e+02	7.908727e+01	4.314117e+01	1.448058e+02
463	1.325508e+01	2.665175e+03	4.191247e+02	4.601264e+02	7.894777e+01	4.298293e+01	1.466024e+02
464	1.328371e+01	2.670874e+03	4.186556e+02	4.606210e+02	7.880489e+01	4.315293e+01	1.484615e+02
465	1.331234e+01	2.677883e+03	4.184482e+02	4.611311e+02	7.918595e+01	4.305798e+01	1.501546e+02
466	1.334097e+01	2.669528e+03	4.180322e+02	4.614867e+02	7.898418e+01	4.303329e+01	1.520497e+02
467	1.336960e+01	2.671000e+03	4.176104e+02	4.618728e+02	7.890212e+01	4.310179e+01	1.538391e+02
468	1.339823e+01	2.666269e+03	4.171098e+02	4.620665e+02	7.860440e+01	4.318841e+01	1.554882e+02
469	1.342685e+01	2.682869e+03	4.167246e+02	4.625031e+02	7.905032e+01	4.321217e+01	1.573020e+02
470	1.345548e+01	2.678615e+03	4.163381e+02	4.628873e+02	7.880002e+01	4.328069e+01	1.591995e+02
471	1.348411e+01	2.668385e+03	4.159504e+02	4.631642e+02	7.884853e+01	4.308886e+01	1.608774e+02
472	1.351274e+01	2.681627e+03	4.155884e+02	4.636703e+02	7.908369e+01	4.317393e+01	1.623026e+02
473	1.354137e+01	2.663946e+03	4.152738e+02	4.640825e+02	7.876456e+01	4.306303e+01	1.642626e+02
474	1.357000e+01	2.673501e+03	4.146791e+02	4.642279e+02	7.900711e+01	4.308483e+01	1.657525e+02
475	1.359863e+01	2.664286e+03	4.143138e+02	4.646289e+02	7.857131e+01	4.317447e+01	1.679983e+02
476	1.362725e+01	2.662685e+03	4.138662e+02	4.649492e+02	7.883185e+01	4.300592e+01	1.700861e+02
477	1.365588e+01	2.664359e+03	4.134365e+02	4.652841e+02	7.903134e+01	4.292432e+01	1.719358e+02
478	1.368451e+01	2.664089e+03	4.129564e+02	4.655006e+02	7.873339e+01	4.308240e+01	1.738748e+02
479	1.371314e+01	2.669296e+03	4.124106e+02	4.657611e+02	7.846717e+01	4.331306e+01	1.759982e+02
480	1.374177e+01	2.660817e+03	4.119651e+02	4.659118e+02	7.854507e+01	4.313265e+01	1.777399e+02
481	1.377040e+01	2.674923e+03	4.115315e+02	4.660395e+02	7.889733e+01	4.316771e+01	1.795710e+02
482	1.379903e+01	2.660947e+03	4.110343e+02	4.661365e+02	7.886681e+01	4.295879e+01	1.521349e+00
483	1.382766e+01	2.659015e+03	4.105891e+02	4.660983e+02	7.846058e+01	4.314986e+01	3.079956e+00
484	1.385628e+01	2.659129e+03	4.101568e+02	4.661608e+02	7.868521e+01	4.302852e+01	5.060487e+00
485	1.388491e+01	2.642572e+03	4.095508e+02	4.663535e+02	7.852644e+01	4.284707e+01	6.918512e+00
486	1.391354e+01	2.656628e+03	4.090626e+02	4.665484e+02	7.860377e+01	4.303259e+01	8.922213e+00
487	1.394217e+01	2.669808e+03	4.085586e+02	4.662881e+02	7.870433e+01	4.319083e+01	1.115311e+01
488	1.397080e+01	2.651059e+03	4.080741e+02	4.663481e+02	7.822009e+01	4.315302e+01	1.305342e+01
489	1.399943e+01	2.662056e+03	4.075885e+02	4.663566e+02	7.831931e+01	4.327714e+01	1.548240e+01
490	1.402806e+01	2.659750e+03	4.070934e+02	4.663623e+02	7.871996e+01	4.301958e+01	1.711946e+01
491	1.405668e+01	2.661476e+03	4.066205e+02	4.663307e+02	7.853759e+01	4.314745e+01	1.917392e+01
492	1.408531e+01	2.657473e+03	4.062036e+02	4.663226e+02	7.844540e+01	4.313317e+01	2.091450e+01
493	1.411394e+01	2.657510e+03	4.056168e+02	4.662316e+02	7.849772e+01	4.310503e+01	2.264660e+01
494	1.414257e+01	2.653262e+03	4.051631e+02	4.661731e+02	7.870062e+01	4.292518e+01	2.488636e+01
495	1.417120e+01	2.653667e+03	4.047045e+02	4.660652e+02	7.874576e+01	4.290712e+01	2.668745e+01
496	1.419983e+01	2.662559e+03	4.040400e+02	4.661552e+02	7.872316e+01	4.306326e+01	2.901288e+01
497	1.422846e+01	2.655022e+03	4.036969e+02	4.658552e+02	7.875250e+01	4.292535e+01	3.137916e+01
498	1.425709e+01	2.655332e+03	4.032989e+02	4.656316e+02	7.862847e+01	4.299808e+01	3.262349e+01
499	1.428571e+01	2.659813e+03	4.026882e+02	4.655241e+02	7.865157e+01	4.305800e+01	3.471826e+01
500	1.431434e+01	2.665720e+03	4.023252e+02	4.651900e+02	7.881601e+01	4.306359e+01	3.674612e+01
501	1.434297e+01	2.659390e+03	4.018441e+02	4.650396e+02	7.898443e+01	4.286972e+01	3.891222e+01
502	1.437160e+01	2.674329e+03	4.013810e+02	4.649721e+02	7.913620e+01	4.302786e+01	4.075204e+01
503	1.440023e+01	2.657369e+03	4.009607e+02	4.647008e+02	7.877945e+01	4.294861e+01	4.250437e+01
504	1.442886e+01	2.662183e+03	4.004639e+02	4.644709e+02	7.893554e+01	4.294133e+01	4.438707e+01
505	1.445749e+01	2.664654e+03	4.000920e+02	4.641659e+02	7.911794e+01	4.288210e+01	4.604572e+01
506	1.448612e+01	2.656171e+03	3.996275e+02	4.639527e+02	7.878581e+01	4.292577e+01	4.800357e+01
507	1.451474e+01	2.653081e+03	3.991865e+02	4.637920e+02	7.874597e+01	4.289753e+01	4.983819e+01
508	1.454337e+01	2.669655e+03	3.987772e+02	4.635325e+02	7.905814e+01	4.299507e+01	5.139658e+01
509	1.457200e+01	2.660229e+03	3.984137e+02	4.632076e+02	7.947773e+01	4.261708e+01	5.339300e+01
510	1.460063e+01	2.676942e+03	3.980584e+02	4.628557e+02	7.946432e+01	4.289206e+01	5.523075e+01
511	1.462926e+01	2.668988e+03	3.977314e+02	4.625095e+02	7.935897e+01	4.282138e+01	5.724659e+01
512	1.465789e+01	2.655410e+03	3.974009e+02	4.622361e+02	7.907723e+01	4.275534e+01	5.907512e+01
513	1.468652e+01	2.657257e+03	3.970174e+02	4.616901e+02	7.941805e+01	4.260146e+01	6.097345e+01
514	1.471514e+01	2.652315e+03	3.967010e+02	4.613187e+02	7.939357e+01	4.253534e+01	6.272679e+01
515	1.474377e+01	2.657562e+03	3.962825e+02	4.610323e+02	7.923528e+01	4.270462e+01	6.433926e+01
516	1.477240e+01	2.661926e+03	3.959776e+02	4.606370e+02	7.958485e+01	4.258686e+01	6.614029e+01
517	1.480103e+01	2.657412e+03	3.956540e+02	4.601553e+02	7.928626e+01	4.267476e+01	6.789046e+01
518	1.482966e+01	2.639029e+03	3.954432e+02	4.597193e+02	7.919684e+01	4.242739e+01	6.987439e+01
519	1.485829e+01	2.648027e+03	3.950992e+02	4.593103e+02	7.934105e+01	4.249469e+01	7.180973e+01
520	1.488692e+01	2.648012e+03	3.948034e+02	4.588061e+02	7.954051e+01	4.238787e+01	7.361913e+01
521	1.491555e+01	2.641972e+03	3.945087e+02	4.583494e+02	7.943651e+01	4.234656e+01	7.557051e+01
522	1.494417e+01	2.649562e+03	3.941660e+02	4.578815e+02	7.953858e+01	4.241372e+01	7.752129e+01
523	1.497280e+01	2.649732e+03	3.938958e+02	4.574921e+02	7.977252e+01	4.229206e+01	7.912956e+01
524	1.500143e+01	2.661081e+03	3.935732e+02	4.569909e+02	7.992300e+01	4.239322e+01	8.072131e+01
525	1.503006e+01	2.653065e+03	3.933883e+02	4.564649e+02	7.970222e+01	4.238260e+01	8.236475e+01
526	1.505869e+01	2.641899e+03	3.933771e+02	4.558788e+02	7.960413e+01	4.225623e+01	8.448489e+01
527	1.508732e+01	2.645539e+03	3.932534e+02	4.552932e+02	7.968517e+01	4.227141e+01	8.585592e+01
528	1.511595e+01	2.664281e+03	3.930723e+02	4.547858e+02	7.984814e+01	4.248400e+01	8.753292e+01
529	1.514457e+01	2.653815e+03	3.930366e+02	4.542649e+02	7.989849e+01	4.229044e+01	8.962579e+01
530	1.517320e+01	2.663833e+03	3.928985e+02	4.537791e+02	8.007873e+01	4.235453e+01	9.116899e+01
531	1.520183e+01	2.657071e+03	3.929234e+02	4.531346e+02	8.002709e+01	4.227428e+01	9.279287e+01
532	1.523046e+01	2.674307e+03	3.928983e+02	4.526006e+02	8.011500e+01	4.250182e+01	9.448111e+01
533	1.525909e+01	2.653668e+03	3.927719e+02	4.520497e+02	8.001022e+01	4.222904e+01	9.633611e+01
534	1.528772e+01	2.661487e+03	3.929254e+02	4.515344e+02	8.006721e+01	4.232332e+01	9.748396e+01
535	1.531635e+01	2.681318e+03	3.929217e+02	4.510138e+02	8.016916e+01	4.258445e+01	9.897795e+01
536	1.534498e+01	2.666432e+03	3.930482e+02	4.503913e+02	7.983879e+01	4.252327e+01	1.007319e+02
537	1.537360e+01	2.658813e+03	3.932807e+02	4.498478e+02	7.948745e+01	4.258918e+01	1.023507e+02
538	1.540223e+01	2.653091e+03	3.933009e+02	4.493474e+02	7.956161e+01	4.245792e+01	1.042758e+02
539	1.543086e+01	2.651483e+03	3.933936e+02	4.488618e+02	7.964820e+01	4.238605e+01	1.060274e+02
540	1.545949e+01	2.659629e+03	3.935646e+02	4.484216e+02	7.984927e+01	4.240921e+01	1.072146e+02
541	1.548812e+01	2.648025e+03	3.936547e+02	4.477627e+02	7.928107e+01	4.252679e+01	1.093554e+02
542	1.551675e+01	2.679512e+03	3.935125e+02	4.472132e+02	7.982838e+01	4.273745e+01	1.103987e+02
543	1.554538e+01	2.657782e+03	3.938635e+02	4.466967e+02	7.957698e+01	4.252478e+01	1.120616e+02
544	1.557401e+01	2.664727e+03	3.939662e+02	4.460972e+02	7.959247e+01	4.262759e+01	1.136332e+02
545	1.560263e+01	2.671542e+03	3.941057e+02	4.456154e+02	7.963036e+01	4.271629e+01	1.154928e+02
546	1.563126e+01	2.668627e+03	3.943505e+02	4.451241e+02	7.959655e+01	4.268780e+01	1.171171e+02
547	1.565989e+01	2.671771e+03	3.946254e+02	4.447292e+02	7.949906e+01	4.279049e+01	1.185524e+02
548	1.568852e+01	2.679673e+03	3.948477e+02	4.443452e+02	7.952171e+01	4.290484e+01	1.201344e+02
549	1.571715e+01	2.670827e+03	3.951962e+02	4.439170e+02	7.956056e+01	4.274231e+01	1.218699e+02
550	1.574578e+01	2.690717e+03	3.954068e+02	4.434478e+02	7.984702e+01	4.290613e+01	1.239147e+02
551	1.577441e+01	2.676469e+03	3.956350e+02	4.429850e+02	7.967509e+01	4.277103e+01	1.255602e+02
552	1.580303e+01	2.679759e+03	3.959539e+02	4.425774e+02	7.949545e+01	4.292038e+01	1.270094e+02
553	1.583166e+01	2.679724e+03	3.961921e+02	4.421357e+02	7.925195e+01	4.305169e+01	1.284815e+02
554	1.586029e+01	2.674990e+03	3.964615e+02	4.416017e+02	7.894336e+01	4.314362e+01	1.300338e+02
555	1.588892e+01	2.682615e+03	3.966973e+02	4.412031e+02	7.915306e+01	4.315199e+01	1.319536e+02
556	1.591755e+01	2.688211e+03	3.971030e+02	4.408521e+02	7.925726e+01	4.318515e+01	1.334046e+02
557	1.594618e+01	2.679452e+03	3.973955e+02	4.403088e+02	7.909119e+01	4.313482e+01	1.354901e+02
558	1.597481e+01	2.678104e+03	3.977216e+02	4.400040e+02	7.923483e+01	4.303497e+01	1.370020e+02
559	1.600344e+01	2.693639e+03	3.979200e+02	4.395221e+02	7.936446e+01	4.321390e+01	1.384237e+02
560	1.603206e+01	2.693066e+03	3.982683e+02	4.392292e+02	7.933595e+01	4.322024e+01	1.404691e+02
561	1.606069e+01	2.687544e+03	3.985746e+02	4.388658e+02	7.922675e+01	4.319106e+01	1.420517e+02
562	1.608932e+01	2.689050e+03	3.988436e+02	4.383064e+02	7.909191e+01	4.328893e+01	1.440105e+02
563	1.611795e+01	2.696495e+03	3.992018e+02	4.380185e+02	7.928813e+01	4.330136e+01	1.455899e+02
564	1.614658e+01	2.701814e+03	3.996680e+02	4.376373e+02	7.937442e+01	4.333961e+01	1.474612e+02
565	1.617521e+01	2.696465e+03	4.000587e+02	4.373966e+02	7.921892e+01	4.333871e+01	1.489543e+02
566	1.620384e+01	2.702393e+03	4.003112e+02	4.370182e+02	7.938300e+01	4.334422e+01	1.505295e+02
567	1.623246e+01	2.704326e+03	4.006022e+02	4.366852e+02	7.944360e+01	4.334212e+01	1.523892e+02
568	1.626109e+01	2.690127e+03	4.011546e+02	4.364254e+02	7.922251e+01	4.323489e+01	1.542535e+02
569	1.628972e+01	2.683749e+03	4.015021e+02	4.362818e+02	7.873074e+01	4.340180e+01	1.555951e+02
570	1.631835e+01	2.685936e+03	4.019361e+02	4.359787e+02	7.910010e+01	4.323433e+01	1.574407e+02
571	1.634698e+01	2.692164e+03	4.024316e+02	4.357849e+02	7.918407e+01	4.328863e+01	1.592134e+02
572	1.637561e+01	2.687229e+03	4.027822e+02	4.354431e+02	7.914610e+01	4.323000e+01	1.608736e+02
573	1.640424e+01	2.680116e+03	4.032485e+02	4.353462e+02	7.905615e+01	4.316464e+01	1.622844e+02
574	1.643287e+01	2.701335e+03	4.036305e+02	4.351419e+02	7.896416e+01	4.355705e+01	1.642108e+02
575	1.646149e+01	2.691709e+03	4.041306e+02	4.348176e+02	7.904861e+01	4.335548e+01	1.658887e+02
576	1.649012e+01	2.689580e+03	4.045665e+02	4.345959e+02	7.887903e+01	4.341432e+01	1.676609e+02
577	1.651875e+01	2.686802e+03	4.050294e+02	4.345303e+02	7.939486e+01	4.308770e+01	1.696527e+02
578	1.654738e+01	2.700349e+03	4.054334e+02	4.343470e+02	7.900498e+01	4.351867e+01	1.710028e+02
579	1.657601e+01	2.715715e+03	4.056717e+02	4.341316e+02	7.923250e+01	4.364062e+01	1.717323e+02
580	1.660464e+01	2.699000e+03	4.062689e+02	4.342779e+02	7.921798e+01	4.337997e+01	1.749954e+02
581	1.663327e+01	2.683868e+03	4.067870e+02	4.341153e+02	7.865601e+01	4.344496e+01	1.763736e+02
582	1.666190e+01	2.704101e+03	4.072061e+02	4.340333e+02	7.919011e+01	4.347725e+01	1.784199e+02
583	1.669052e+01	2.697864e+03	4.076256e+02	4.340271e+02	7.941925e+01	4.325182e+01	1.798977e+02
584	1.671915e+01	2.692413e+03	4.082386e+02	4.338423e+02	7.947613e+01	4.313354e+01	1.808990e+00
585	1.674778e+01	2.672041e+03	4.085803e+02	4.340981e+02	7.895207e+01	4.309131e+01	3.419870e+00
586	1.677641e+01	2.681860e+03	4.090876e+02	4.338173e+02	7.915856e+01	4.313684e+01	5.368276e+00
587	1.680504e+01	2.674063e+03	4.096584e+02	4.337761e+02	7.910150e+01	4.304246e+01	7.282738e+00
588	1.683367e+01	2.679540e+03	4.100753e+02	4.337846e+02	7.915974e+01	4.309888e+01	8.920775e+00
589	1.686230e+01	2.688262e+03	4.105730e+02	4.337787e+02	7.924931e+01	4.319030e+01	1.112739e+01
590	1.689092e+01	2.682428e+03	4.109837e+02	4.339046e+02	7.902859e+01	4.321694e+01	1.311449e+01
591	1.691955e+01	2.678305e+03	4.116808e+02	4.338098e+02	7.929771e+01	4.300406e+01	1.482349e+01
592	1.694818e+01	2.680602e+03	4.121328e+02	4.339881e+02	7.913726e+01	4.312821e+01	1.677581e+01
593	1.697681e+01	2.690812e+03	4.126077e+02	4.340283e+02	7.924454e+01	4.323388e+01	1.840725e+01
594	1.700544e+01	2.693885e+03	4.130165e+02	4.343204e+02	7.943339e+01	4.318034e+01	2.092437e+01
595	1.703407e+01	2.685012e+03	4.136088e+02	4.344028e+02	7.906883e+01	4.323655e+01	2.236949e+01
596	1.706270e+01	2.702318e+03	4.139761e+02	4.345614e+02	7.969751e+01	4.317196e+01	2.440701e+01
597	1.709133e+01	2.691093e+03	4.145033e+02	4.346007e+02	7.936313e+01	4.317378e+01	2.607603e+01
598	1.711995e+01	2.678055e+03	4.150557e+02	4.348913e+02	7.904335e+01	4.313842e+01	2.784041e+01
599	1.714858e+01	2.666993e+03	4.155261e+02	4.349666e+02	7.884138e+01	4.307029e+01	2.964751e+01
600	1.717721e+01	2.696459e+03	4.160055e+02	4.352511e+02	7.942463e+01	4.322638e+01	3.194478e+01
601	1.720584e+01	2.690511e+03	4.163659e+02	4.354744e+02	7.920969e+01	4.324806e+01	3.329876e+01
602	1.723447e+01	2.687494e+03	4.169586e+02	4.357523e+02	7.958117e+01	4.299791e+01	3.549512e+01
603	1.726310e+01	2.688836e+03	4.174150e+02	4.359391e+02	7.942117e+01	4.310604e+01	3.711894e+01
604	1.729173e+01	2.689299e+03	4.176659e+02	4.364711e+02	7.943510e+01	4.310590e+01	3.906094e+01
605	1.732035e+01	2.681233e+03	4.180735e+02	4.367313e+02	7.913632e+01	4.313887e+01	4.088115e+01
606	1.734898e+01	2.687815e+03	4.185802e+02	4.369878e+02	7.918350e+01	4.321901e+01	4.302101e+01
607	1.737761e+01	2.683715e+03	4.190088e+02	4.372215e+02	7.938432e+01	4.304392e+01	4.482849e+01
608	1.740624e+01	2.673374e+03	4.193272e+02	4.376385e+02	7.895728e+01	4.310996e+01	4.701807e+01
609	1.743487e+01	2.664165e+03	4.197770e+02	4.379917e+02	7.922501e+01	4.281628e+01	4.894880e+01
610	1.746350e+01	2.655648e+03	4.201085e+02	4.383926e+02	7.886821e+01	4.287249e+01	5.093087e+01
611	1.749213e+01	2.662393e+03	4.205255e+02	4.388107e+02	7.906876e+01	4.287235e+01	5.343022e+01
612	1.752076e+01	2.667670e+03	4.210208e+02	4.391316e+02	7.925272e+01	4.285762e+01	5.512827e+01
613	1.754938e+01	2.675371e+03	4.214277e+02	4.394712e+02	7.953931e+01	4.282647e+01	5.684916e+01
614	1.757801e+01	2.665812e+03	4.216978e+02	4.399358e+02	7.927964e+01	4.281322e+01	5.918243e+01
615	1.760664e+01	2.665649e+03	4.221043e+02	4.404476e+02	7.921936e+01	4.284319e+01	6.121189e+01
616	1.763527e+01	2.662688e+03	4.224776e+02	4.409327e+02	7.924286e+01	4.278291e+01	6.318684e+01
617	1.766390e+01	2.667229e+03	4.226974e+02	4.413831e+02	7.939355e+01	4.277453e+01	6.516836e+01
618	1.769253e+01	2.655516e+03	4.230868e+02	4.417765e+02	7.927216e+01	4.265190e+01	6.709061e+01
619	1.772116e+01	2.649548e+03	4.234625e+02	4.421407e+02	7.898913e+01	4.270853e+01	6.924941e+01
620	1.774979e+01	2.642503e+03	4.236872e+02	4.427150e+02	7.889106e+01	4.264792e+01	7.086819e+01
621	1.777841e+01	2.646690e+03	4.239380e+02	4.432743e+02	7.904696e+01	4.263125e+01	7.278794e+01
622	1.780704e+01	2.658373e+03	4.241222e+02	4.437874e+02	7.975765e+01	4.243789e+01	7.474203e+01
623	1.783567e+01	2.663803e+03	4.244355e+02	4.443170e+02	7.953490e+01	4.264366e+01	7.656004e+01
624	1.786430e+01	2.648897e+03	4.247699e+02	4.448368e+02	7.958231e+01	4.237978e+01	7.824926e+01
625	1.789293e+01	2.657004e+03	4.249830e+02	4.454155e+02	7.970412e+01	4.244451e+01	8.019874e+01
626	1.792156e+01	2.649840e+03	4.251673e+02	4.458097e+02	7.963242e+01	4.236818e+01	8.196134e+01
627	1.795019e+01	2.665932e+03	4.255270e+02	4.464926e+02	7.988205e+01	4.249228e+01	8.358512e+01
628	1.797881e+01	2.665986e+03	4.256128e+02	4.469945e+02	8.003722e+01	4.241075e+01	8.532688e+01
629	1.800744e+01	2.670836e+03	4.258000e+02	4.477064e+02	8.023393e+01	4.238374e+01	8.718621e+01
630	1.803607e+01	2.659518e+03	4.259031e+02	4.481898e+02	7.990158e+01	4.237968e+01	8.885473e+01
631	1.806470e+01	2.657404e+03	4.262204e+02	4.488962e+02	7.988438e+01	4.235510e+01	9.017166e+01
632	1.809333e+01	2.645864e+03	4.263235e+02	4.494397e+02	7.972530e+01	4.225532e+01	9.249479e+01
633	1.812196e+01	2.653819e+03	4.265352e+02	4.499476e+02	8.006481e+01	4.220266e+01	9.409457e+01
634	1.815059e+01	2.650098e+03	4.265820e+02	4.506536e+02	7.974057e+01	4.231484e+01	9.620209e+01
635	1.817922e+01	2.647827e+03	4.265247e+02	4.513395e+02	7.987267e+01	4.220866e+01	9.816686e+01
636	1.820784e+01	2.664568e+03	4.267673e+02	4.518239e+02	7.980236e+01	4.251294e+01	9.975792e+01
637	1.823647e+01	2.653652e+03	4.269470e+02	4.524421e+02	7.971774e+01	4.238373e+01	1.014274e+02
638	1.826510e+01	2.658771e+03	4.269456e+02	4.531611e+02	7.978334e+01	4.243056e+01	1.034555e+02
639	1.829373e+01	2.651791e+03	4.268548e+02	4.536745e+02	7.963900e+01	4.239588e+01	1.046542e+02
640	1.832236e+01	2.650068e+03	4.268903e+02	4.542572e+02	7.944421e+01	4.247221e+01	1.068188e+02
641	1.835099e+01	2.653472e+03	4.267881e+02	4.548760e+02	7.936454e+01	4.256946e+01	1.085130e+02
642	1.837962e+01	2.635868e+03	4.265327e+02	4.553974e+02	7.901929e+01	4.247180e+01	1.104927e+02
643	1.840825e+01	2.650698e+03	4.267444e+02	4.561775e+02	7.945752e+01	4.247520e+01	1.117905e+02
644	1.843687e+01	2.651166e+03	4.267280e+02	4.568137e+02	7.937238e+01	4.252827e+01	1.135967e+02
645	1.846550e+01	2.640542e+03	4.266509e+02	4.573609e+02	7.948037e+01	4.230029e+01	1.154234e+02
646	1.849413e+01	2.661080e+03	4.265409e+02	4.579164e+02	7.973727e+01	4.249196e+01	1.169152e+02
647	1.852276e+01	2.667089e+03	4.266784e+02	4.587079e+02	7.977692e+01	4.256675e+01	1.184431e+02
648	1.855139e+01	2.667414e+03	4.266200e+02	4.593093e+02	7.967432e+01	4.262674e+01	1.199505e+02
649	1.858002e+01	2.664702e+03	4.265233e+02	4.599064e+02	7.956592e+01	4.264143e+01	1.216599e+02
650	1.860865e+01	2.663792e+03	4.263350e+02	4.604241e+02	7.956422e+01	4.262777e+01	1.234456e+02
651	1.863727e+01	2.657099e+03	4.260476e+02	4.609844e+02	7.911195e+01	4.276375e+01	1.255855e+02
652	1.866590e+01	2.659024e+03	4.258887e+02	4.615511e+02	7.913931e+01	4.277994e+01	1.274723e+02
653	1.869453e+01	2.669014e+03	4.256150e+02	4.620779e+02	7.930153e+01	4.285282e+01	1.292192e+02
654	1.872316e+01	2.662973e+03	4.255656e+02	4.627443e+02	7.903645e+01	4.289923e+01	1.309346e+02
655	1.875179e+01	2.672022e+03	4.252749e+02	4.633338e+02	7.927800e+01	4.291384e+01	1.326671e+02
656	1.878042e+01	2.672965e+03	4.250633e+02	4.639047e+02	7.923441e+01	4.295260e+01	1.346027e+02
657	1.880905e+01	2.665902e+03	4.247467e+02	4.643891e+02	7.900878e+01	4.296145e+01	1.361057e+02
658	1.883768e+01	2.667561e+03	4.246147e+02	4.650666e+02	7.898153e+01	4.300303e+01	1.381477e+02
659	1.886630e+01	2.665643e+03	4.243953e+02	4.655701e+02	7.892226e+01	4.300437e+01	1.391464e+02
660	1.889493e+01	2.674407e+03	4.240274e+02	4.660093e+02	7.919100e+01	4.299933e+01	1.408053e+02
661	1.892356e+01	2.676528e+03	4.237672e+02	4.665190e+02	7.916568e+01	4.304720e+01	1.426239e+02
662	1.895219e+01	2.671530e+03	4.234577e+02	4.670190e+02	7.893084e+01	4.309466e+01	1.445721e+02
663	1.898082e+01	2.671821e+03	4.231960e+02	4.675405e+02	7.921115e+01	4.294683e+01	1.465869e+02
664	1.900945e+01	2.671843e+03	4.227581e+02	4.679248e+02	7.886271e+01	4.313695e+01	1.484306e+02
665	1.903808e+01	2.687425e+03	4.223972e+02	4.683481e+02	7.911426e+01	4.325056e+01	1.499265e+02
666	1.906670e+01	2.673799e+03	4.220686e+02	4.688116e+02	7.907291e+01	4.305377e+01	1.518038e+02
667	1.909533e+01	2.673273e+03	4.217613e+02	4.692999e+02	7.881407e+01	4.318667e+01	1.537317e+02
668	1.912396e+01	2.672271e+03	4.213387e+02	4.695404e+02	7.881276e+01	4.317119e+01	1.553133e+02
669	1.915259e+01	2.679849e+03	4.209087e+02	4.698844e+02	7.883186e+01	4.328314e+01	1.572095e+02
670	1.918122e+01	2.670545e+03	4.204055e+02	4.701307e+02	7.860981e+01	4.325469e+01	1.591042e+02
671	1.920985e+01	2.674134e+03	4.200106e+02	4.705341e+02	7.873454e+01	4.324421e+01	1.608969e+02
672	1.923848e+01	2.673318e+03	4.195059e+02	4.708516e+02	7.897314e+01	4.310040e+01	1.627354e+02
673	1.926711e+01	2.674871e+03	4.191645e+02	4.711166e+02	7.882379e+01	4.320715e+01	1.640362e+02
674	1.929573e+01	2.675316e+03	4.188632e+02	4.717147e+02	7.876931e+01	4.324424e+01	1.657851e+02
675	1.932436e+01	2.664825e+03	4.184172e+02	4.719012e+02	7.881658e+01	4.304882e+01	1.676296e+02
676	1.935299e+01	2.668012e+03	4.179944e+02	4.721751e+02	7.867349e+01	4.317869e+01	1.693422e+02
677	1.938162e+01	2.659968e+03	4.174639e+02	4.723724e+02	7.880713e+01	4.297551e+01	1.715781e+02
678	1.941025e+01	2.670171e+03	4.171376e+02	4.727458e+02	7.842561e+01	4.335021e+01	1.728873e+02
679	1.943888e+01	2.663570e+03	4.165696e+02	4.728730e+02	7.862477e+01	4.313351e+01	1.749507e+02
680	1.946751e+01	2.643546e+03	4.162002e+02	4.732476e+02	7.805219e+01	4.312329e+01	1.769212e+02
681	1.949614e+01	2.645876e+03	4.156826e+02	4.731220e+02	7.817251e+01	4.309487e+01	1.787934e+02
682	1.952476e+01	2.657229e+03	4.150951e+02	4.735606e+02	7.818752e+01	4.327148e+01	4.087055e-01
683	1.955339e+01	2.637999e+03	4.147052e+02	4.736762e+02	7.779314e+01	4.317610e+01	2.575994e+00
684	1.958202e+01	2.644307e+03	4.142090e+02	4.738068e+02	7.788828e+01	4.322647e+01	4.313338e+00
685	1.961065e+01	2.642145e+03	4.136940e+02	4.740863e+02	7.819315e+01	4.302274e+01	6.259377e+00
686	1.963928e+01	2.651771e+03	4.131798e+02	4.739947e+02	7.806953e+01	4.324785e+01	7.885684e+00
687	1.966791e+01	2.647365e+03	4.126557e+02	4.740183e+02	7.817915e+01	4.311546e+01	1.006747e+01
688	1.969654e+01	2.661325e+03	4.121732e+02	4.741204e+02	7.839345e+01	4.322433e+01	1.195192e+01
689	1.972516e+01	2.651639e+03	4.117024e+02	4.740468e+02	7.858233e+01	4.296350e+01	1.347031e+01
690	1.975379e+01	2.650243e+03	4.111854e+02	4.742138e+02	7.842928e+01	4.302467e+01	1.559013e+01
691	1.978242e+01	2.652769e+03	4.106400e+02	4.743370e+02	7.850319e+01	4.302514e+01	1.775486e+01
692	1.981105e+01	2.669555e+03	4.100998e+02	4.741327e+02	7.898460e+01	4.303350e+01	1.988708e+01
693	1.983968e+01	2.654891e+03	4.095401e+02	4.742530e+02	7.850947e+01	4.305611e+01	2.182891e+01
694	1.986831e+01	2.659644e+03	4.090662e+02	4.741243e+02	7.866659e+01	4.304704e+01	2.355777e+01
695	1.989694e+01	2.667360e+03	4.086097e+02	4.740004e+02	7.877765e+01	4.311106e+01	2.514496e+01
696	1.992557e+01	2.659825e+03	4.082252e+02	4.738730e+02	7.895785e+01	4.289117e+01	2.711586e+01
697	1.995419e+01	2.662582e+03	4.076546e+02	4.739379e+02	7.866543e+01	4.309524e+01	2.965318e+01
698	1.998282e+01	2.647538e+03	4.071635e+02	4.739475e+02	7.854749e+01	4.291607e+01	3.119029e+01
699	2.001145e+01	2.657303e+03	4.068026e+02	4.735714e+02	7.849710e+01	4.310201e+01	3.347306e+01
700	2.004008e+01	2.665400e+03	4.062390e+02	4.734923e+02	7.902827e+01	4.294278e+01	3.553027e+01
701	2.006871e+01	2.657059e+03	4.058759e+02	4.731881e+02	7.856747e+01	4.305946e+01	3.742135e+01
702	2.009734e+01	2.668687e+03	4.054424e+02	4.729458e+02	7.902390e+01	4.299811e+01	3.969117e+01
703	2.012597e+01	2.674953e+03	4.049293e+02	4.727631e+02	7.910851e+01	4.305296e+01	4.144091e+01
704	2.015459e+01	2.668039e+03	4.044536e+02	4.725224e+02	7.888879e+01	4.306129e+01	4.294490e+01
705	2.018322e+01	2.664702e+03	4.039746e+02	4.723723e+02	7.900403e+01	4.294470e+01	4.499358e+01
706	2.021185e+01	2.663653e+03	4.036175e+02	4.720395e+02	7.900864e+01	4.292528e+01	4.705038e+01
707	2.024048e+01	2.671433e+03	4.031358e+02	4.717706e+02	7.910355e+01	4.299901e+01	4.890411e+01
708	2.026911e+01	2.651678e+03	4.027004e+02	4.715556e+02	7.910384e+01	4.268089e+01	5.094559e+01
709	2.029774e+01	2.667193e+03	4.022403e+02	4.711718e+02	7.911906e+01	4.292235e+01	5.237249e+01
710	2.032637e+01	2.655428e+03	4.019249e+02	4.708407e+02	7.879050e+01	4.291121e+01	5.412008e+01
711	2.035500e+01	2.659002e+03	4.015102e+02	4.704399e+02	7.910255e+01	4.279945e+01	5.613214e+01
712	2.038362e+01	2.659358e+03	4.013716e+02	4.700240e+02	7.951051e+01	4.258557e+01	5.802803e+01
713	2.041225e+01	2.656850e+03	4.010139e+02	4.696545e+02	7.918599e+01	4.271975e+01	5.992099e+01
714	2.044088e+01	2.660010e+03	4.006128e+02	4.692352e+02	7.940503e+01	4.265258e+01	6.195460e+01
715	2.046951e+01	2.663371e+03	4.003330e+02	4.688285e+02	7.945209e+01	4.268118e+01	6.418456e+01
716	2.049814e+01	2.666688e+03	3.999752e+02	4.683927e+02	7.948869e+01	4.271466e+01	6.580563e+01
717	2.052677e+01	2.664586e+03	3.995470e+02	4.679162e+02	7.947372e+01	4.268903e+01	6.738653e+01
718	2.055540e+01	2.667745e+03	3.992681e+02	4.674816e+02	7.980213e+01	4.256376e+01	6.924574e+01
719	2.058403e+01	2.663287e+03	3.990363e+02	4.669666e+02	7.962172e+01	4.258891e+01	7.076165e+01
720	2.061265e+01	2.655933e+03	3.988365e+02	4.664875e+02	7.941830e+01	4.258010e+01	7.273386e+01
721	2.064128e+01	2.664034e+03	3.985246e+02	4.660033e+02	7.959910e+01	4.261297e+01	7.475002e+01
722	2.066991e+01	2.668684e+03	3.982859e+02	4.655133e+02	7.983502e+01	4.256119e+01	7.624985e+01
723	2.069854e+01	2.651975e+03	3.981639e+02	4.650388e+02	7.946208e+01	4.249321e+01	7.785072e+01
724	2.072717e+01	2.657438e+03	3.979441e+02	4.644951e+02	8.006233e+01	4.226152e+01	7.958198e+01
725	2.075580e+01	2.652236e+03	3.976854e+02	4.641057e+02	7.973800e+01	4.235035e+01	8.101937e+01
726	2.078443e+01	2.649133e+03	3.974987e+02	4.635573e+02	7.967068e+01	4.233654e+01	8.288486e+01
727	2.081305e+01	2.659648e+03	3.973080e+02	4.631749e+02	7.998280e+01	4.233872e+01	8.432473e+01
728	2.084168e+01	2.668566e+03	3.971077e+02	4.625612e+02	7.985848e+01	4.254682e+01	8.584899e+01
729	2.087031e+01	2.648691e+03	3.968212e+02	4.620591e+02	7.992747e+01	4.219349e+01	8.768626e+01
730	2.089894e+01	2.663959e+03	3.967268e+02	4.615312e+02	8.011395e+01	4.233792e+01	8.902563e+01
731	2.092757e+01	2.649006e+03	3.964888e+02	4.610316e+02	7.979729e+01	4.226733e+01	9.112935e+01
732	2.095620e+01	2.644595e+03	3.964340e+02	4.604697e+02	8.010019e+01	4.203740e+01	9.267323e+01
733	2.098483e+01	2.657009e+03	3.963658e+02	4.599496e+02	8.014735e+01	4.220988e+01	9.439037e+01
734	2.101346e+01	2.661517e+03	3.964203e+02	4.594497e+02	7.988403e+01	4.242086e+01	9.610966e+01
735	2.104208e+01	2.654798e+03	3.964386e+02	4.588489e+02	8.008344e+01	4.220839e+01	9.775546e+01
736	2.107071e+01	2.664059e+03	3.965461e+02	4.582664e+02	7.990514e+01	4.245016e+01	9.918053e+01
737	2.109934e+01	2.660321e+03	3.966372e+02	4.577419e+02	7.989019e+01	4.239852e+01	1.004388e+02
738	2.112797e+01	2.659596e+03	3.967777e+02	4.572993e+02	7.971579e+01	4.247970e+01	1.022377e+02
739	2.115660e+01	2.669898e+03	3.969447e+02	4.567419e+02	7.996992e+01	4.250874e+01	1.038562e+02
740	2.118523e+01	2.661625e+03	3.972117e+02	4.562549e+02	7.973304e+01	4.250291e+01	1.053784e+02
741	2.121386e+01	2.660600e+03	3.973328e+02	4.557197e+02	7.974739e+01	4.247889e+01	1.068374e+02
742	2.124248e+01	2.656765e+03	3.974184e+02	4.551715e+02	7.935261e+01	4.262870e+01	1.083871e+02
743	2.127111e+01	2.663240e+03	3.976038e+02	4.546812e+02	7.956600e+01	4.261799e+01	1.100056e+02
744	2.129974e+01	2.674664e+03	3.975165e+02	4.540430e+02	7.994749e+01	4.259655e+01	1.115481e+02
745	2.132837e+01	2.676202e+03	3.976353e+02	4.535125e+02	7.964181e+01	4.278464e+01	1.128815e+02
746	2.135700e+01	2.662268e+03	3.977564e+02	4.530167e+02	7.968658e+01	4.253796e+01	1.145409e+02
747	2.138563e+01	2.667449e+03	3.979159e+02	4.524834e+02	7.956709e+01	4.268475e+01	1.164791e+02
748	2.141426e+01	2.675597e+03	3.980669e+02	4.520138e+02	7.946708e+01	4.286903e+01	1.180550e+02
749	2.144289e+01	2.682239e+03	3.982438e+02	4.514724e+02	7.987038e+01	4.275843e+01	1.198603e+02
750	2.147151e+01	2.680183e+03	3.985940e+02	4.511253e+02	7.984247e+01	4.274060e+01	1.214804e+02
751	2.150014e+01	2.678003e+03	3.987706e+02	4.506963e+02	7.925858e+01	4.302044e+01	1.226367e+02
752	2.152877e+01	2.684019e+03	3.989493e+02	4.502500e+02	7.970822e+01	4.287386e+01	1.243333e+02
753	2.155740e+01	2.669910e+03	3.991260e+02	4.497012e+02	7.917696e+01	4.293464e+01	1.258167e+02
754	2.158603e+01	2.689771e+03	3.993334e+02	4.491390e+02	7.960332e+01	4.302236e+01	1.281725e+02
755	2.161466e+01	2.688515e+03	3.995681e+02	4.486762e+02	7.939503e+01	4.311508e+01	1.293984e+02
756	2.164329e+01	2.691964e+03	3.998063e+02	4.481039e+02	7.963652e+01	4.303949e+01	1.309945e+02
757	2.167192e+01	2.688456e+03	4.001628e+02	4.478683e+02	7.956772e+01	4.302058e+01	1.323668e+02
758	2.170054e+01	2.690720e+03	4.003499e+02	4.473077e+02	7.945985e+01	4.311525e+01	1.338652e+02
759	2.172917e+01	2.684221e+03	4.005852e+02	4.467973e+02	7.921264e+01	4.314535e+01	1.358639e+02
760	2.175780e+01	2.682042e+03	4.009876e+02	4.464060e+02	7.912535e+01	4.315788e+01	1.370843e+02
761	2.178643e+01	2.687679e+03	4.013383e+02	4.460383e+02	7.921526e+01	4.319949e+01	1.390539e+02
762	2.181506e+01	2.693921e+03	4.017065e+02	4.456789e+02	7.935854e+01	4.322165e+01	1.410404e+02
763	2.184369e+01	2.686052e+03	4.018244e+02	4.452663e+02	7.857688e+01	4.352409e+01	1.426532e+02
764	2.187232e+01	2.673883e+03	4.023672e+02	4.450207e+02	7.887048e+01	4.316563e+01	1.442788e+02
765	2.190094e+01	2.685129e+03	4.026992e+02	4.445471e+02	7.896638e+01	4.329454e+01	1.455547e+02
766	2.192957e+01	2.692689e+03	4.030669e+02	4.440844e+02	7.922237e+01	4.327614e+01	1.476124e+02
767	2.195820e+01	2.702474e+03	4.034872e+02	4.437170e+02	7.947115e+01	4.329744e+01	1.494107e+02
768	2.198683e+01	2.704316e+03	4.037907e+02	4.434000e+02	7.923264e+01	4.345736e+01	1.507174e+02
769	2.201546e+01	2.692923e+03	4.042715e+02	4.430898e+02	7.911878e+01	4.333656e+01	1.524380e+02
770	2.204409e+01	2.691883e+03	4.045284e+02	4.429597e+02	7.924247e+01	4.325220e+01	1.542532e+02
771	2.207272e+01	2.709957e+03	4.046797e+02	4.425443e+02	7.967686e+01	4.330523e+01	1.549139e+02
772	2.210135e+01	2.696680e+03	4.049866e+02	4.422765e+02	7.907902e+01	4.341885e+01	1.565504e+02
773	2.212997e+01	2.694075e+03	4.053808e+02	4.420288e+02	7.930043e+01	4.325579e+01	1.579463e+02
774	2.215860e+01	2.692236e+03	4.057972e+02	4.417794e+02	7.927833e+01	4.323832e+01	1.596083e+02
775	2.218723e+01	2.702963e+03	4.061833e+02	4.415738e+02	7.912740e+01	4.349340e+01	1.612385e+02
776	2.221586e+01	2.702470e+03	4.065963e+02	4.413151e+02	7.921577e+01	4.343695e+01	1.628313e+02
777	2.224449e+01	2.700408e+03	4.071458e+02	4.412103e+02	7.936351e+01	4.332301e+01	1.645639e+02
778	2.227312e+01	2.691346e+03	4.074516e+02	4.408592e+02	7.892916e+01	4.341523e+01	1.659865e+02
779	2.230175e+01	2.694585e+03	4.080441e+02	4.407648e+02	7.913613e+01	4.335380e+01	1.677552e+02
780	2.233038e+01	2.693125e+03	4.084175e+02	4.405905e+02	7.914101e+01	4.332764e+01	1.692806e+02
781	2.235900e+01	2.684952e+03	4.089796e+02	4.405641e+02	7.902318e+01	4.326056e+01	1.711760e+02
782	2.238763e+01	2.685386e+03	4.094122e+02	4.403164e+02	7.956300e+01	4.297400e+01	1.733660e+02
783	2.241626e+01	2.691221e+03	4.098875e+02	4.399911e+02	7.925514e+01	4.323466e+01	1.747149e+02
784	2.244489e+01	2.688309e+03	4.104583e+02	4.398598e+02	7.917963e+01	4.322906e+01	1.768599e+02
785	2.247352e+01	2.683251e+03	4.109574e+02	4.398141e+02	7.917036e+01	4.315278e+01	1.785018e+02
786	2.250215e+01	2.680673e+03	4.114222e+02	4.397597e+02	7.880967e+01	4.330862e+01	4.463807e-01
787	2.253078e+01	2.672633e+03	4.118242e+02	4.396138e+02	7.905287e+01	4.304589e+01	2.012473e+00
788	2.255940e+01	2.689705e+03	4.122887e+02	4.396104e+02	7.884536e+01	4.343488e+01	4.363417e+00
789	2.258803e+01	2.677685e+03	4.128605e+02	4.395656e+02	7.902125e+01	4.314453e+01	5.729533e+00
790	2.261666e+01	2.684550e+03	4.132920e+02	4.394705e+02	7.944070e+01	4.302674e+01	7.464983e+00
791	2.264529e+01	2.674749e+03	4.138240e+02	4.394088e+02	7.881083e+01	4.321228e+01	9.380355e+00
792	2.267392e+01	2.695093e+03	4.142948e+02	4.395001e+02	7.928359e+01	4.328133e+01	1.142751e+01
793	2.270255e+01	2.691251e+03	4.148312e+02	4.396253e+02	7.923974e+01	4.324354e+01	1.315845e+01
794	2.273118e+01	2.692213e+03	4.151887e+02	4.396900e+02	7.911136e+01	4.332920e+01	1.519937e+01
795	2.275981e+01	2.675028e+03	4.156267e+02	4.398588e+02	7.932983e+01	4.293406e+01	1.662552e+01
796	2.278843e+01	2.689423e+03	4.161833e+02	4.396917e+02	7.930431e+01	4.317899e+01	1.865262e+01
797	2.281706e+01	2.689855e+03	4.167182e+02	4.397770e+02	7.934338e+01	4.316466e+01	2.027897e+01
798	2.284569e+01	2.688342e+03	4.171953e+02	4.400181e+02	7.924393e+01	4.319452e+01	2.218917e+01
799	2.287432e+01	2.686268e+03	4.177236e+02	4.400907e+02	7.913536e+01	4.322041e+01	2.435903e+01
