1	2.862049e-02	2.669166e+03	4.136910e+02	4.186812e+02	8.002383e+01	4.246845e+01	1.050539e+02
2	5.724098e-02	2.681071e+03	4.136213e+02	4.185071e+02	8.002406e+01	4.265774e+01	1.055503e+02
3	8.586148e-02	2.665348e+03	4.136414e+02	4.182881e+02	7.992665e+01	4.245926e+01	1.062683e+02
4	1.144820e-01	2.663125e+03	4.136411e+02	4.180836e+02	7.974411e+01	4.252097e+01	1.064881e+02
5	1.431025e-01	2.675210e+03	4.134391e+02	4.178574e+02	8.001485e+01	4.256939e+01	1.072350e+02
6	1.717230e-01	2.660831e+03	4.134242e+02	4.176851e+02	7.981425e+01	4.244699e+01	1.074254e+02
7	2.003434e-01	2.669595e+03	4.136068e+02	4.175778e+02	8.002319e+01	4.247562e+01	1.079726e+02
8	2.289639e-01	2.663629e+03	4.135274e+02	4.173202e+02	7.969404e+01	4.255572e+01	1.086538e+02
9	2.575844e-01	2.669179e+03	4.134998e+02	4.171293e+02	8.010223e+01	4.242709e+01	1.089485e+02
10	2.862049e-01	2.673747e+03	4.134834e+02	4.169470e+02	7.996114e+01	4.257468e+01	1.096299e+02
11	3.148254e-01	2.666574e+03	4.136252e+02	4.168012e+02	7.974189e+01	4.257721e+01	1.101356e+02
12	3.434459e-01	2.663633e+03	4.134367e+02	4.164930e+02	7.944455e+01	4.268943e+01	1.107547e+02
13	3.720664e-01	2.666958e+03	4.134670e+02	4.162899e+02	7.971252e+01	4.259903e+01	1.111392e+02
14	4.006869e-01	2.668922e+03	4.135044e+02	4.162325e+02	7.977093e+01	4.259919e+01	1.118973e+02
15	4.293074e-01	2.664137e+03	4.135339e+02	4.159764e+02	7.961839e+01	4.260427e+01	1.122941e+02
16	4.579279e-01	2.656006e+03	4.136237e+02	4.158438e+02	7.952634e+01	4.252341e+01	1.126651e+02
17	4.865484e-01	2.678079e+03	4.134799e+02	4.155154e+02	7.979372e+01	4.273314e+01	1.130500e+02
18	5.151689e-01	2.677484e+03	4.134717e+02	4.153444e+02	7.985163e+01	4.269267e+01	1.138440e+02
19	5.437894e-01	2.666012e+03	4.136218e+02	4.150844e+02	7.969911e+01	4.259109e+01	1.141453e+02
20	5.724098e-01	2.677255e+03	4.137005e+02	4.149322e+02	7.959289e+01	4.282779e+01	1.151680e+02
21	6.010303e-01	2.679841e+03	4.136392e+02	4.146794e+02	7.966149e+01	4.283224e+01	1.157609e+02
22	6.296508e-01	2.685616e+03	4.135920e+02	4.144437e+02	7.979537e+01	4.285252e+01	1.161574e+02
23	6.582713e-01	2.676472e+03	4.135386e+02	4.141956e+02	7.970981e+01	4.275245e+01	1.168519e+02
24	6.868918e-01	2.683193e+03	4.135583e+02	4.139191e+02	7.995542e+01	4.272815e+01	1.174295e+02
25	7.155123e-01	2.679406e+03	4.136373e+02	4.137963e+02	7.993559e+01	4.267843e+01	1.178010e+02
26	7.441328e-01	2.677979e+03	4.137000e+02	4.136278e+02	7.957749e+01	4.284765e+01	1.181794e+02
27	7.727533e-01	2.683039e+03	4.136357e+02	4.132907e+02	7.984174e+01	4.278653e+01	1.192455e+02
28	8.013738e-01	2.676146e+03	4.137696e+02	4.132321e+02	7.986811e+01	4.266253e+01	1.197284e+02
29	8.299943e-01	2.670295e+03	4.135989e+02	4.129182e+02	7.931866e+01	4.286412e+01	1.201375e+02
30	8.586148e-01	2.674481e+03	4.137197e+02	4.127591e+02	7.943131e+01	4.287043e+01	1.204965e+02
31	8.872353e-01	2.668717e+03	4.137099e+02	4.125607e+02	7.950070e+01	4.274070e+01	1.212947e+02
32	9.158558e-01	2.671520e+03	4.137888e+02	4.124275e+02	7.952327e+01	4.277345e+01	1.216676e+02
33	9.444762e-01	2.681810e+03	4.138354e+02	4.121948e+02	7.954417e+01	4.292693e+01	1.222594e+02
34	9.730967e-01	2.672464e+03	4.138330e+02	4.119685e+02	7.931519e+01	4.290082e+01	1.227086e+02
35	1.001717e+00	2.685688e+03	4.139914e+02	4.118512e+02	7.940527e+01	4.306420e+01	1.233312e+02
36	1.030338e+00	2.679354e+03	4.139719e+02	4.116104e+02	7.950127e+01	4.291075e+01	1.235735e+02
37	1.058958e+00	2.680008e+03	4.140342e+02	4.114171e+02	7.939497e+01	4.297869e+01	1.241984e+02
38	1.087579e+00	2.669067e+03	4.141711e+02	4.113214e+02	7.944163e+01	4.277810e+01	1.251311e+02
39	1.116199e+00	2.673466e+03	4.142130e+02	4.111016e+02	7.927404e+01	4.293918e+01	1.256753e+02
40	1.144820e+00	2.669774e+03	4.141112e+02	4.107535e+02	7.939391e+01	4.281514e+01	1.263884e+02
41	1.173440e+00	2.683709e+03	4.141704e+02	4.104757e+02	7.960986e+01	4.292187e+01	1.272005e+02
42	1.202061e+00	2.672664e+03	4.142482e+02	4.103147e+02	7.940400e+01	4.285605e+01	1.274117e+02
43	1.230681e+00	2.673883e+03	4.143330e+02	4.101010e+02	7.946378e+01	4.284334e+01	1.279303e+02
44	1.259302e+00	2.669928e+03	4.144698e+02	4.099609e+02	7.920031e+01	4.292228e+01	1.285556e+02
45	1.287922e+00	2.675650e+03	4.144263e+02	4.097526e+02	7.931409e+01	4.295257e+01	1.292347e+02
46	1.316543e+00	2.682815e+03	4.144629e+02	4.095585e+02	7.941139e+01	4.301481e+01	1.297172e+02
47	1.345163e+00	2.679121e+03	4.144934e+02	4.093324e+02	7.931346e+01	4.300862e+01	1.304379e+02
48	1.373784e+00	2.677137e+03	4.146095e+02	4.091973e+02	7.905722e+01	4.311607e+01	1.305918e+02
49	1.402404e+00	2.677105e+03	4.146133e+02	4.089251e+02	7.922271e+01	4.302549e+01	1.312780e+02
50	1.431025e+00	2.679900e+03	4.147152e+02	4.087319e+02	7.933308e+01	4.301049e+01	1.321044e+02
51	1.459645e+00	2.680746e+03	4.147597e+02	4.085243e+02	7.929591e+01	4.304423e+01	1.324787e+02
52	1.488266e+00	2.683196e+03	4.147639e+02	4.083003e+02	7.924447e+01	4.311155e+01	1.332719e+02
53	1.516886e+00	2.672973e+03	4.149036e+02	4.081459e+02	7.916687e+01	4.298938e+01	1.338118e+02
54	1.545507e+00	2.673763e+03	4.149433e+02	4.079443e+02	7.909661e+01	4.304029e+01	1.340714e+02
55	1.574127e+00	2.685819e+03	4.150527e+02	4.076724e+02	7.929013e+01	4.312884e+01	1.350590e+02
56	1.602748e+00	2.682089e+03	4.151485e+02	4.075288e+02	7.909174e+01	4.317698e+01	1.355934e+02
57	1.631368e+00	2.677724e+03	4.152945e+02	4.073651e+02	7.910633e+01	4.309874e+01	1.361860e+02
58	1.659989e+00	2.680385e+03	4.153094e+02	4.071405e+02	7.904633e+01	4.317433e+01	1.366245e+02
59	1.688609e+00	2.691654e+03	4.153798e+02	4.069109e+02	7.912461e+01	4.331296e+01	1.371463e+02
60	1.717230e+00	2.675972e+03	4.154494e+02	4.067273e+02	7.887710e+01	4.319572e+01	1.380968e+02
61	1.745850e+00	2.685252e+03	4.154914e+02	4.064419e+02	7.906238e+01	4.324395e+01	1.387091e+02
62	1.774471e+00	2.689543e+03	4.155896e+02	4.062053e+02	7.901742e+01	4.333768e+01	1.395699e+02
63	1.803091e+00	2.672220e+03	4.157556e+02	4.060512e+02	7.885596e+01	4.314672e+01	1.399782e+02
64	1.831712e+00	2.684417e+03	4.157548e+02	4.057694e+02	7.919720e+01	4.315691e+01	1.405194e+02
65	1.860332e+00	2.694981e+03	4.158492e+02	4.057095e+02	7.916869e+01	4.334235e+01	1.411156e+02
66	1.888952e+00	2.684691e+03	4.159431e+02	4.054785e+02	7.925498e+01	4.312984e+01	1.414462e+02
67	1.917573e+00	2.690039e+03	4.160755e+02	4.052992e+02	7.914024e+01	4.327842e+01	1.423932e+02
68	1.946193e+00	2.690831e+03	4.161835e+02	4.050702e+02	7.912003e+01	4.330222e+01	1.430908e+02
69	1.974814e+00	2.698560e+03	4.161965e+02	4.048739e+02	7.928428e+01	4.333663e+01	1.435991e+02
70	2.003434e+00	2.700463e+03	4.162473e+02	4.047579e+02	7.928387e+01	4.336742e+01	1.438623e+02
71	2.032055e+00	2.693278e+03	4.163472e+02	4.045711e+02	7.905669e+01	4.337632e+01	1.447204e+02
72	2.060675e+00	2.688057e+03	4.163624e+02	4.042989e+02	7.901904e+01	4.331286e+01	1.452704e+02
73	2.089296e+00	2.698120e+03	4.164433e+02	4.040857e+02	7.932397e+01	4.330787e+01	1.456833e+02
74	2.117916e+00	2.681180e+03	4.166547e+02	4.040551e+02	7.913724e+01	4.313752e+01	1.465577e+02
75	2.146537e+00	2.686917e+03	4.167688e+02	4.038676e+02	7.925369e+01	4.316631e+01	1.470109e+02
76	2.175157e+00	2.698214e+03	4.168780e+02	4.035751e+02	7.945536e+01	4.323777e+01	1.477346e+02
77	2.203778e+00	2.700707e+03	4.168860e+02	4.033958e+02	7.920568e+01	4.341415e+01	1.483426e+02
78	2.232398e+00	2.698634e+03	4.169336e+02	4.032693e+02	7.938303e+01	4.328390e+01	1.487580e+02
79	2.261019e+00	2.691983e+03	4.171398e+02	4.030511e+02	7.923080e+01	4.326019e+01	1.494813e+02
80	2.289639e+00	2.679973e+03	4.171891e+02	4.029607e+02	7.887180e+01	4.326322e+01	1.495668e+02
81	2.318260e+00	2.706619e+03	4.172411e+02	4.025905e+02	7.933308e+01	4.343931e+01	1.504042e+02
82	2.346880e+00	2.693546e+03	4.174896e+02	4.026094e+02	7.918481e+01	4.331044e+01	1.511106e+02
83	2.375501e+00	2.687284e+03	4.176092e+02	4.022353e+02	7.888751e+01	4.337260e+01	1.520758e+02
84	2.404121e+00	2.687857e+03	4.178283e+02	4.021299e+02	7.922022e+01	4.319966e+01	1.527826e+02
85	2.432742e+00	2.679056e+03	4.179749e+02	4.019647e+02	7.888582e+01	4.324072e+01	1.537564e+02
86	2.461362e+00	2.688012e+03	4.181032e+02	4.018855e+02	7.911106e+01	4.326175e+01	1.538791e+02
87	2.489983e+00	2.691633e+03	4.181775e+02	4.017491e+02	7.889934e+01	4.343627e+01	1.544870e+02
88	2.518603e+00	2.684627e+03	4.184116e+02	4.015487e+02	7.922439e+01	4.314546e+01	1.553891e+02
89	2.547224e+00	2.687085e+03	4.184513e+02	4.013197e+02	7.901757e+01	4.329800e+01	1.558992e+02
90	2.575844e+00	2.687860e+03	4.186141e+02	4.012271e+02	7.903028e+01	4.330352e+01	1.562164e+02
91	2.604465e+00	2.683826e+03	4.187286e+02	4.009481e+02	7.903902e+01	4.323376e+01	1.571220e+02
92	2.633085e+00	2.686423e+03	4.189183e+02	4.008632e+02	7.918052e+01	4.319825e+01	1.574762e+02
93	2.661706e+00	2.688530e+03	4.190764e+02	4.007199e+02	7.906890e+01	4.329316e+01	1.579415e+02
94	2.690326e+00	2.697641e+03	4.191830e+02	4.004330e+02	7.920777e+01	4.336372e+01	1.590219e+02
95	2.718947e+00	2.699083e+03	4.193545e+02	4.003560e+02	7.926927e+01	4.335324e+01	1.596635e+02
96	2.747567e+00	2.680384e+03	4.195648e+02	4.001496e+02	7.901340e+01	4.319230e+01	1.598124e+02
97	2.776188e+00	2.675104e+03	4.197533e+02	4.000647e+02	7.902222e+01	4.310242e+01	1.605916e+02
98	2.804808e+00	2.686958e+03	4.198849e+02	3.997652e+02	7.905449e+01	4.327573e+01	1.611344e+02
99	2.833429e+00	2.703037e+03	4.199668e+02	3.997295e+02	7.933400e+01	4.338132e+01	1.618416e+02
100	2.862049e+00	2.696852e+03	4.201078e+02	3.995479e+02	7.905293e+01	4.343595e+01	1.630126e+02
101	2.890670e+00	2.688060e+03	4.203498e+02	3.993022e+02	7.887277e+01	4.339323e+01	1.632323e+02
102	2.919290e+00	2.693409e+03	4.204651e+02	3.992021e+02	7.890051e+01	4.346429e+01	1.635683e+02
103	2.947911e+00	2.687656e+03	4.206617e+02	3.991153e+02	7.923782e+01	4.318683e+01	1.645892e+02
104	2.976531e+00	2.677482e+03	4.209496e+02	3.990590e+02	7.892420e+01	4.319431e+01	1.653292e+02
105	3.005152e+00	2.678013e+03	4.210887e+02	3.987887e+02	7.901863e+01	4.315123e+01	1.654437e+02
106	3.033772e+00	2.691391e+03	4.212527e+02	3.987002e+02	7.901920e+01	4.336648e+01	1.664938e+02
107	3.062393e+00	2.704182e+03	4.213698e+02	3.987472e+02	7.933082e+01	4.340143e+01	1.676938e+02
108	3.091013e+00	2.700866e+03	4.214958e+02	3.981922e+02	7.972333e+01	4.313480e+01	1.672394e+02
109	3.119634e+00	2.677450e+03	4.217557e+02	3.984428e+02	7.903809e+01	4.313155e+01	1.684519e+02
110	3.148254e+00	2.681937e+03	4.218997e+02	3.984144e+02	7.886115e+01	4.330076e+01	1.691716e+02
111	3.176875e+00	2.687319e+03	4.221300e+02	3.981483e+02	7.933468e+01	4.312869e+01	1.701393e+02
112	3.205495e+00	2.667617e+03	4.222924e+02	3.980463e+02	7.878517e+01	4.311111e+01	1.704475e+02
113	3.234116e+00	2.677689e+03	4.226023e+02	3.979455e+02	7.888539e+01	4.321890e+01	1.707750e+02
114	3.262736e+00	2.663596e+03	4.228004e+02	3.979576e+02	7.854688e+01	4.317670e+01	1.712683e+02
115	3.291357e+00	2.686658e+03	4.229019e+02	3.977056e+02	7.900869e+01	4.329599e+01	1.722383e+02
116	3.319977e+00	2.716265e+03	4.228846e+02	3.973739e+02	7.851764e+01	4.404688e+01	1.724975e+02
117	3.348598e+00	2.676268e+03	4.233197e+02	3.973801e+02	7.869733e+01	4.329918e+01	1.734712e+02
118	3.377218e+00	2.674582e+03	4.234693e+02	3.975290e+02	7.897373e+01	4.312046e+01	1.743115e+02
119	3.405839e+00	2.661379e+03	4.237045e+02	3.972857e+02	7.889252e+01	4.295176e+01	1.747629e+02
120	3.434459e+00	2.686908e+03	4.239718e+02	3.971176e+02	7.912152e+01	4.323827e+01	1.753391e+02
121	3.463080e+00	2.672062e+03	4.241687e+02	3.970785e+02	7.866504e+01	4.324889e+01	1.761877e+02
122	3.491700e+00	2.672404e+03	4.243892e+02	3.969919e+02	7.895799e+01	4.309393e+01	1.768340e+02
123	3.520321e+00	2.678683e+03	4.245424e+02	3.969371e+02	7.909447e+01	4.312065e+01	1.773404e+02
124	3.548941e+00	2.668886e+03	4.247117e+02	3.968422e+02	7.884079e+01	4.310118e+01	1.780147e+02
125	3.577562e+00	2.668778e+03	4.248643e+02	3.967732e+02	7.888757e+01	4.307388e+01	1.785766e+02
126	3.606182e+00	2.662338e+03	4.251060e+02	3.968068e+02	7.876534e+01	4.303662e+01	1.791570e+02
127	3.634803e+00	2.670128e+03	4.253693e+02	3.965224e+02	7.873875e+01	4.317712e+01	1.290318e-01
128	3.663423e+00	2.670898e+03	4.254836e+02	3.965069e+02	7.866708e+01	4.322893e+01	5.022708e-01
129	3.692044e+00	2.676452e+03	4.256089e+02	3.964689e+02	7.864868e+01	4.332895e+01	1.264566e+00
130	3.720664e+00	2.702352e+03	4.258347e+02	3.965555e+02	7.960959e+01	4.322019e+01	2.388285e+00
131	3.749284e+00	2.668995e+03	4.261532e+02	3.962958e+02	7.869194e+01	4.318448e+01	1.979604e+00
132	3.777905e+00	2.679937e+03	4.263312e+02	3.962523e+02	7.912090e+01	4.312643e+01	3.452711e+00
133	3.806525e+00	2.678437e+03	4.266973e+02	3.960494e+02	7.860479e+01	4.338529e+01	3.674009e+00
134	3.835146e+00	2.681270e+03	4.268559e+02	3.960197e+02	7.873914e+01	4.335708e+01	4.349177e+00
135	3.863766e+00	2.674905e+03	4.270786e+02	3.958765e+02	7.892567e+01	4.315192e+01	4.902599e+00
136	3.892387e+00	2.669832e+03	4.273019e+02	3.958311e+02	7.932244e+01	4.285466e+01	5.706975e+00
137	3.921007e+00	2.667186e+03	4.274586e+02	3.957771e+02	7.895937e+01	4.300903e+01	6.534065e+00
138	3.949628e+00	2.679952e+03	4.277352e+02	3.956994e+02	7.905237e+01	4.316406e+01	7.049109e+00
139	3.978248e+00	2.669914e+03	4.279131e+02	3.956479e+02	7.871082e+01	4.318898e+01	7.650369e+00
140	4.006869e+00	2.664558e+03	4.281740e+02	3.956911e+02	7.847140e+01	4.323385e+01	8.648149e+00
141	4.035489e+00	2.671162e+03	4.283931e+02	3.955375e+02	7.891260e+01	4.309869e+01	9.181746e+00
142	4.064110e+00	2.669727e+03	4.284932e+02	3.955661e+02	7.871928e+01	4.318132e+01	9.488756e+00
143	4.092730e+00	2.670992e+03	4.288618e+02	3.954644e+02	7.878682e+01	4.316475e+01	1.033714e+01
144	4.121351e+00	2.662645e+03	4.290388e+02	3.955574e+02	7.860464e+01	4.312957e+01	1.102677e+01
145	4.149971e+00	2.667880e+03	4.294073e+02	3.953527e+02	7.898125e+01	4.300831e+01	1.144114e+01
146	4.178592e+00	2.661464e+03	4.294939e+02	3.953696e+02	7.897036e+01	4.291080e+01	1.216436e+01
147	4.207212e+00	2.690561e+03	4.297906e+02	3.953954e+02	7.919595e+01	4.325636e+01	1.352637e+01
148	4.235833e+00	2.658669e+03	4.301277e+02	3.953073e+02	7.894332e+01	4.288042e+01	1.373666e+01
149	4.264453e+00	2.646613e+03	4.302436e+02	3.953274e+02	7.888865e+01	4.271556e+01	1.386338e+01
150	4.293074e+00	2.677658e+03	4.304781e+02	3.952798e+02	7.878909e+01	4.327122e+01	1.519025e+01
151	4.321694e+00	2.659328e+03	4.306790e+02	3.952813e+02	7.872285e+01	4.301117e+01	1.574295e+01
152	4.350315e+00	2.660943e+03	4.308792e+02	3.952783e+02	7.881577e+01	4.298655e+01	1.631906e+01
153	4.378935e+00	2.663872e+03	4.312997e+02	3.951690e+02	7.888865e+01	4.299412e+01	1.707377e+01
154	4.407556e+00	2.670259e+03	4.315066e+02	3.950847e+02	7.910033e+01	4.298186e+01	1.766866e+01
155	4.436176e+00	2.676499e+03	4.317644e+02	3.950840e+02	7.912492e+01	4.306891e+01	1.869034e+01
156	4.464797e+00	2.668985e+03	4.319007e+02	3.951479e+02	7.911198e+01	4.295504e+01	1.918591e+01
157	4.493417e+00	2.669553e+03	4.321646e+02	3.950762e+02	7.912547e+01	4.295684e+01	2.001747e+01
158	4.522038e+00	2.669799e+03	4.323626e+02	3.950150e+02	7.865475e+01	4.321791e+01	2.021050e+01
159	4.550658e+00	2.670733e+03	4.325539e+02	3.949554e+02	7.861246e+01	4.325628e+01	2.084117e+01
160	4.579279e+00	2.661697e+03	4.327333e+02	3.949011e+02	7.854360e+01	4.314772e+01	2.165314e+01
161	4.607899e+00	2.671004e+03	4.330754e+02	3.948329e+02	7.906227e+01	4.301455e+01	2.257362e+01
162	4.636520e+00	2.650560e+03	4.331188e+02	3.951475e+02	7.853472e+01	4.297205e+01	2.293914e+01
163	4.665140e+00	2.668403e+03	4.334838e+02	3.950003e+02	7.884354e+01	4.309188e+01	2.404634e+01
164	4.693761e+00	2.670616e+03	4.337493e+02	3.948394e+02	7.913440e+01	4.296910e+01	2.462113e+01
165	4.722381e+00	2.664183e+03	4.340268e+02	3.948683e+02	7.903511e+01	4.291945e+01	2.548315e+01
166	4.751002e+00	2.653671e+03	4.340645e+02	3.951169e+02	7.845822e+01	4.306444e+01	2.604456e+01
167	4.779622e+00	2.652818e+03	4.342695e+02	3.950705e+02	7.860754e+01	4.296881e+01	2.637246e+01
168	4.808243e+00	2.669361e+03	4.346325e+02	3.949835e+02	7.904887e+01	4.299539e+01	2.741883e+01
169	4.836863e+00	2.667698e+03	4.348574e+02	3.950514e+02	7.908253e+01	4.295031e+01	2.802229e+01
170	4.865484e+00	2.658064e+03	4.350732e+02	3.950936e+02	7.896864e+01	4.285691e+01	2.854191e+01
171	4.894104e+00	2.658350e+03	4.353971e+02	3.950187e+02	7.887028e+01	4.291498e+01	2.943638e+01
172	4.922725e+00	2.660537e+03	4.356347e+02	3.950219e+02	7.881514e+01	4.298034e+01	3.010498e+01
173	4.951345e+00	2.674582e+03	4.357217e+02	3.952807e+02	7.881535e+01	4.320710e+01	3.089859e+01
174	4.979966e+00	2.659056e+03	4.359822e+02	3.953004e+02	7.875304e+01	4.299028e+01	3.136994e+01
175	5.008586e+00	2.669250e+03	4.363267e+02	3.951719e+02	7.912254e+01	4.295356e+01	3.194792e+01
176	5.037207e+00	2.662643e+03	4.364106e+02	3.953445e+02	7.904430e+01	4.288966e+01	3.262619e+01
177	5.065827e+00	2.671400e+03	4.367256e+02	3.953616e+02	7.921190e+01	4.293967e+01	3.358096e+01
178	5.094448e+00	2.668810e+03	4.369028e+02	3.954096e+02	7.893168e+01	4.305032e+01	3.426941e+01
179	5.123068e+00	2.667865e+03	4.371548e+02	3.954286e+02	7.895651e+01	4.302155e+01	3.471262e+01
180	5.151689e+00	2.652422e+03	4.374291e+02	3.954305e+02	7.867043e+01	4.292805e+01	3.498225e+01
181	5.180309e+00	2.654432e+03	4.376711e+02	3.955030e+02	7.868814e+01	4.295092e+01	3.615271e+01
182	5.208930e+00	2.661968e+03	4.378890e+02	3.956100e+02	7.899726e+01	4.290431e+01	3.665238e+01
183	5.237550e+00	2.665712e+03	4.380470e+02	3.956801e+02	7.899106e+01	4.296802e+01	3.735612e+01
184	5.266171e+00	2.668531e+03	4.383625e+02	3.956828e+02	7.878540e+01	4.312575e+01	3.825355e+01
185	5.294791e+00	2.662530e+03	4.385403e+02	3.958354e+02	7.888316e+01	4.297544e+01	3.847361e+01
186	5.323412e+00	2.664951e+03	4.388540e+02	3.958262e+02	7.896230e+01	4.297141e+01	3.939983e+01
187	5.352032e+00	2.666068e+03	4.389548e+02	3.959219e+02	7.904351e+01	4.294526e+01	4.003123e+01
188	5.380653e+00	2.692872e+03	4.393455e+02	3.958355e+02	7.942452e+01	4.316892e+01	4.109966e+01
189	5.409273e+00	2.672358e+03	4.395229e+02	3.959857e+02	7.913042e+01	4.299930e+01	4.140261e+01
190	5.437894e+00	2.662594e+03	4.397293e+02	3.960872e+02	7.904530e+01	4.288831e+01	4.198427e+01
191	5.466514e+00	2.660825e+03	4.400235e+02	3.961639e+02	7.900713e+01	4.288053e+01	4.289410e+01
192	5.495135e+00	2.662579e+03	4.400999e+02	3.963213e+02	7.873109e+01	4.305923e+01	4.335181e+01
193	5.523755e+00	2.666563e+03	4.403366e+02	3.963965e+02	7.883723e+01	4.306561e+01	4.418007e+01
194	5.552376e+00	2.661550e+03	4.405090e+02	3.965318e+02	7.889970e+01	4.295061e+01	4.463834e+01
195	5.580996e+00	2.668549e+03	4.408328e+02	3.964931e+02	7.900263e+01	4.300745e+01	4.535729e+01
196	5.609616e+00	2.664190e+03	4.409892e+02	3.967124e+02	7.897218e+01	4.295375e+01	4.623080e+01
197	5.638237e+00	2.670237e+03	4.412471e+02	3.967917e+02	7.911189e+01	4.297523e+01	4.694354e+01
198	5.666857e+00	2.655206e+03	4.412769e+02	3.969195e+02	7.891606e+01	4.283936e+01	4.755279e+01
199	5.695478e+00	2.669536e+03	4.416625e+02	3.968676e+02	7.899722e+01	4.302631e+01	4.846221e+01
200	5.724098e+00	2.662691e+03	4.418237e+02	3.970823e+02	7.912268e+01	4.284793e+01	4.893669e+01
201	5.752719e+00	2.657827e+03	4.420440e+02	3.971041e+02	7.866485e+01	4.301859e+01	4.955233e+01
202	5.781339e+00	2.671416e+03	4.423213e+02	3.971541e+02	7.902062e+01	4.304386e+01	5.041942e+01
203	5.809960e+00	2.661902e+03	4.425583e+02	3.972057e+02	7.905658e+01	4.287106e+01	5.102885e+01
204	5.838580e+00	2.644582e+03	4.427044e+02	3.974752e+02	7.861969e+01	4.282880e+01	5.203501e+01
205	5.867201e+00	2.657183e+03	4.430078e+02	3.975243e+02	7.878843e+01	4.294071e+01	5.260154e+01
206	5.895821e+00	2.659496e+03	4.431879e+02	3.976418e+02	7.908224e+01	4.281841e+01	5.302661e+01
207	5.924442e+00	2.661133e+03	4.433664e+02	3.977992e+02	7.902742e+01	4.287448e+01	5.373734e+01
208	5.953062e+00	2.652465e+03	4.435060e+02	3.979606e+02	7.887847e+01	4.281553e+01	5.453564e+01
209	5.981683e+00	2.665095e+03	4.437144e+02	3.980576e+02	7.913069e+01	4.288228e+01	5.501431e+01
210	6.010303e+00	2.648843e+03	4.438116e+02	3.982829e+02	7.879369e+01	4.280307e+01	5.594175e+01
211	6.038924e+00	2.652761e+03	4.440499e+02	3.982613e+02	7.900480e+01	4.275183e+01	5.647850e+01
212	6.067544e+00	2.651067e+03	4.443508e+02	3.985569e+02	7.904240e+01	4.270421e+01	5.765878e+01
213	6.096165e+00	2.646798e+03	4.445540e+02	3.986090e+02	7.892815e+01	4.269715e+01	5.797178e+01
214	6.124785e+00	2.649663e+03	4.447542e+02	3.986717e+02	7.890169e+01	4.275772e+01	5.843042e+01
215	6.153406e+00	2.659604e+03	4.449641e+02	3.987789e+02	7.908610e+01	4.281805e+01	5.923720e+01
216	6.182026e+00	2.654063e+03	4.451850e+02	3.988878e+02	7.940421e+01	4.255767e+01	5.971240e+01
217	6.210647e+00	2.635097e+03	4.454215e+02	3.990594e+02	7.888750e+01	4.253031e+01	6.066140e+01
218	6.239267e+00	2.654582e+03	4.456421e+02	3.992082e+02	7.938818e+01	4.257459e+01	6.131774e+01
219	6.267888e+00	2.641252e+03	4.457348e+02	3.994308e+02	7.848792e+01	4.284668e+01	6.175359e+01
220	6.296508e+00	2.645079e+03	4.459628e+02	3.995156e+02	7.899973e+01	4.263077e+01	6.243261e+01
221	6.325129e+00	2.655350e+03	4.462832e+02	3.996488e+02	7.910791e+01	4.273779e+01	6.280662e+01
222	6.353749e+00	2.645041e+03	4.463755e+02	3.998405e+02	7.895087e+01	4.265654e+01	6.386138e+01
223	6.382370e+00	2.657608e+03	4.466513e+02	4.000292e+02	7.920638e+01	4.272094e+01	6.426927e+01
224	6.410990e+00	2.657411e+03	4.467621e+02	4.000941e+02	7.926575e+01	4.268578e+01	6.492016e+01
225	6.439611e+00	2.646721e+03	4.469049e+02	4.003812e+02	7.911572e+01	4.259469e+01	6.569444e+01
226	6.468231e+00	2.651025e+03	4.471169e+02	4.004045e+02	7.941669e+01	4.250227e+01	6.613783e+01
227	6.496852e+00	2.644220e+03	4.472993e+02	4.005564e+02	7.954193e+01	4.232642e+01	6.702162e+01
228	6.525472e+00	2.641337e+03	4.474814e+02	4.006999e+02	7.930799e+01	4.240500e+01	6.739121e+01
229	6.554093e+00	2.661435e+03	4.477941e+02	4.008347e+02	7.964267e+01	4.254810e+01	6.801165e+01
230	6.582713e+00	2.645640e+03	4.478853e+02	4.010691e+02	7.951606e+01	4.236293e+01	6.880827e+01
231	6.611334e+00	2.655488e+03	4.480254e+02	4.012534e+02	7.968714e+01	4.242933e+01	6.950191e+01
232	6.639954e+00	2.652811e+03	4.482757e+02	4.013774e+02	7.982619e+01	4.231273e+01	7.018118e+01
233	6.668575e+00	2.643388e+03	4.483447e+02	4.016320e+02	7.962761e+01	4.226757e+01	7.099180e+01
234	6.697195e+00	2.648804e+03	4.485106e+02	4.017694e+02	7.920114e+01	4.258224e+01	7.160383e+01
235	6.725816e+00	2.648769e+03	4.486622e+02	4.019926e+02	7.983344e+01	4.224442e+01	7.256900e+01
236	6.754436e+00	2.633432e+03	4.487093e+02	4.022173e+02	7.937443e+01	4.224269e+01	7.292400e+01
237	6.783057e+00	2.651406e+03	4.489267e+02	4.022984e+02	7.975438e+01	4.232839e+01	7.355776e+01
238	6.811677e+00	2.639006e+03	4.490641e+02	4.025156e+02	7.969923e+01	4.215959e+01	7.389771e+01
239	6.840298e+00	2.642013e+03	4.492774e+02	4.027266e+02	7.953490e+01	4.229484e+01	7.477802e+01
240	6.868918e+00	2.647294e+03	4.495198e+02	4.028655e+02	7.953831e+01	4.237756e+01	7.528602e+01
241	6.897539e+00	2.633155e+03	4.496567e+02	4.031588e+02	7.953053e+01	4.215535e+01	7.594305e+01
242	6.926159e+00	2.624888e+03	4.496448e+02	4.033200e+02	7.917363e+01	4.221242e+01	7.671471e+01
243	6.954780e+00	2.643103e+03	4.498774e+02	4.034886e+02	7.967419e+01	4.223830e+01	7.716815e+01
244	6.983400e+00	2.645010e+03	4.498978e+02	4.037644e+02	7.939957e+01	4.241499e+01	7.797741e+01
245	7.012021e+00	2.642235e+03	4.499951e+02	4.039219e+02	7.936971e+01	4.238643e+01	7.857294e+01
246	7.040641e+00	2.654177e+03	4.503326e+02	4.041804e+02	8.009195e+01	4.219405e+01	7.928309e+01
247	7.069262e+00	2.645182e+03	4.504067e+02	4.043282e+02	7.973308e+01	4.224032e+01	7.983118e+01
248	7.097882e+00	2.641618e+03	4.506594e+02	4.045190e+02	7.979388e+01	4.215126e+01	8.037725e+01
249	7.126503e+00	2.638558e+03	4.505972e+02	4.046918e+02	7.954355e+01	4.223494e+01	8.128931e+01
250	7.155123e+00	2.648844e+03	4.507822e+02	4.049177e+02	8.014539e+01	4.208119e+01	8.185999e+01
251	7.183744e+00	2.636848e+03	4.509566e+02	4.051237e+02	8.010406e+01	4.191222e+01	8.269965e+01
252	7.212364e+00	2.631679e+03	4.510357e+02	4.052674e+02	7.987006e+01	4.195261e+01	8.299010e+01
253	7.240985e+00	2.650696e+03	4.510919e+02	4.055274e+02	8.003855e+01	4.216682e+01	8.349918e+01
254	7.269605e+00	2.648112e+03	4.512957e+02	4.057859e+02	7.985052e+01	4.222491e+01	8.429650e+01
255	7.298226e+00	2.637662e+03	4.513089e+02	4.059920e+02	7.987859e+01	4.204351e+01	8.492068e+01
256	7.326846e+00	2.651787e+03	4.516183e+02	4.061217e+02	7.996094e+01	4.222512e+01	8.567262e+01
257	7.355467e+00	2.650777e+03	4.517140e+02	4.064258e+02	8.011185e+01	4.212953e+01	8.611858e+01
258	7.384087e+00	2.643823e+03	4.516582e+02	4.067041e+02	7.977000e+01	4.219907e+01	8.678096e+01
259	7.412707e+00	2.641566e+03	4.518550e+02	4.068822e+02	7.961552e+01	4.224486e+01	8.745036e+01
260	7.441328e+00	2.650692e+03	4.519508e+02	4.070912e+02	7.989058e+01	4.224485e+01	8.801310e+01
261	7.469948e+00	2.645010e+03	4.520383e+02	4.073403e+02	8.000414e+01	4.209447e+01	8.877905e+01
262	7.498569e+00	2.640944e+03	4.522173e+02	4.075432e+02	7.986319e+01	4.210393e+01	8.940122e+01
263	7.527189e+00	2.646093e+03	4.522493e+02	4.077391e+02	7.990036e+01	4.216640e+01	8.997538e+01
264	7.555810e+00	2.648398e+03	4.524419e+02	4.079861e+02	7.985587e+01	4.222663e+01	9.061298e+01
265	7.584430e+00	2.629846e+03	4.525392e+02	4.082689e+02	7.980632e+01	4.195687e+01	9.130668e+01
266	7.613051e+00	2.642532e+03	4.526501e+02	4.084264e+02	8.014922e+01	4.197890e+01	9.194956e+01
267	7.641671e+00	2.635277e+03	4.527742e+02	4.086592e+02	8.018303e+01	4.184600e+01	9.215594e+01
268	7.670292e+00	2.637941e+03	4.527093e+02	4.088831e+02	7.964719e+01	4.217011e+01	9.287350e+01
269	7.698912e+00	2.645191e+03	4.529038e+02	4.090667e+02	7.998458e+01	4.210764e+01	9.361626e+01
270	7.727533e+00	2.642084e+03	4.529074e+02	4.093346e+02	7.980611e+01	4.215223e+01	9.451257e+01
271	7.756153e+00	2.655882e+03	4.530075e+02	4.095338e+02	7.999141e+01	4.227422e+01	9.473641e+01
272	7.784774e+00	2.636793e+03	4.532873e+02	4.097854e+02	7.969212e+01	4.212800e+01	9.523301e+01
273	7.813394e+00	2.639949e+03	4.532790e+02	4.100865e+02	7.968488e+01	4.218225e+01	9.604143e+01
274	7.842015e+00	2.647674e+03	4.534198e+02	4.102635e+02	8.005273e+01	4.211129e+01	9.691005e+01
275	7.870635e+00	2.643114e+03	4.534035e+02	4.104666e+02	8.002325e+01	4.205424e+01	9.732711e+01
276	7.899256e+00	2.646385e+03	4.535000e+02	4.107156e+02	7.970606e+01	4.227385e+01	9.791841e+01
277	7.927876e+00	2.639507e+03	4.535409e+02	4.109775e+02	7.965672e+01	4.219009e+01	9.841668e+01
278	7.956497e+00	2.637372e+03	4.536377e+02	4.112241e+02	7.983278e+01	4.206300e+01	9.906970e+01
279	7.985117e+00	2.639358e+03	4.536439e+02	4.113943e+02	7.975909e+01	4.213356e+01	9.978909e+01
280	8.013738e+00	2.642374e+03	4.537793e+02	4.116561e+02	7.963676e+01	4.224650e+01	1.005375e+02
281	8.042358e+00	2.647857e+03	4.538991e+02	4.119149e+02	8.000726e+01	4.213812e+01	1.011817e+02
282	8.070979e+00	2.645672e+03	4.537847e+02	4.121545e+02	7.953024e+01	4.235589e+01	1.021351e+02
283	8.099599e+00	2.640761e+03	4.540169e+02	4.123822e+02	7.964771e+01	4.221492e+01	1.022838e+02
284	8.128220e+00	2.639528e+03	4.540288e+02	4.126280e+02	7.972239e+01	4.215567e+01	1.030134e+02
285	8.156840e+00	2.641415e+03	4.540864e+02	4.128924e+02	7.955599e+01	4.227404e+01	1.038439e+02
286	8.185461e+00	2.633704e+03	4.542955e+02	4.131794e+02	7.959174e+01	4.213170e+01	1.040986e+02
287	8.214081e+00	2.636773e+03	4.541068e+02	4.134068e+02	7.953339e+01	4.221175e+01	1.051246e+02
288	8.242702e+00	2.639930e+03	4.541167e+02	4.135995e+02	7.949059e+01	4.228505e+01	1.055710e+02
289	8.271322e+00	2.640120e+03	4.541501e+02	4.138225e+02	7.945390e+01	4.230762e+01	1.062512e+02
290	8.299943e+00	2.633743e+03	4.541763e+02	4.140876e+02	7.934073e+01	4.226562e+01	1.064947e+02
291	8.328563e+00	2.636227e+03	4.542386e+02	4.143548e+02	7.953284e+01	4.220330e+01	1.074457e+02
292	8.357184e+00	2.646604e+03	4.543018e+02	4.145406e+02	7.958674e+01	4.234072e+01	1.080962e+02
293	8.385804e+00	2.641932e+03	4.543001e+02	4.147991e+02	7.944804e+01	4.233978e+01	1.086602e+02
294	8.414425e+00	2.645449e+03	4.543060e+02	4.150139e+02	7.956363e+01	4.233454e+01	1.093638e+02
295	8.443045e+00	2.649026e+03	4.544263e+02	4.153477e+02	7.953508e+01	4.240701e+01	1.101205e+02
296	8.471666e+00	2.658207e+03	4.544074e+02	4.155518e+02	7.973667e+01	4.244639e+01	1.106984e+02
297	8.500286e+00	2.648411e+03	4.545227e+02	4.158754e+02	7.956363e+01	4.238194e+01	1.115439e+02
298	8.528907e+00	2.651629e+03	4.545018e+02	4.161385e+02	7.967418e+01	4.237457e+01	1.120235e+02
299	8.557527e+00	2.654181e+03	4.544666e+02	4.163990e+02	7.972315e+01	4.238930e+01	1.130087e+02
300	8.586148e+00	2.661575e+03	4.544605e+02	4.166158e+02	7.977216e+01	4.248127e+01	1.134030e+02
301	8.614768e+00	2.661259e+03	4.544175e+02	4.168922e+02	7.973531e+01	4.249586e+01	1.143579e+02
302	8.643389e+00	2.652029e+03	4.544297e+02	4.172780e+02	7.917870e+01	4.264617e+01	1.151241e+02
303	8.672009e+00	2.655430e+03	4.542909e+02	4.174436e+02	7.931194e+01	4.262912e+01	1.152430e+02
304	8.700630e+00	2.654210e+03	4.543676e+02	4.176540e+02	7.939823e+01	4.256323e+01	1.163250e+02
305	8.729250e+00	2.646967e+03	4.543431e+02	4.178837e+02	7.925163e+01	4.252560e+01	1.167904e+02
306	8.757871e+00	2.650046e+03	4.543838e+02	4.181557e+02	7.926199e+01	4.256950e+01	1.174603e+02
307	8.786491e+00	2.656988e+03	4.543606e+02	4.184434e+02	7.952827e+01	4.253812e+01	1.182710e+02
308	8.815112e+00	2.654329e+03	4.542730e+02	4.185711e+02	7.917972e+01	4.268260e+01	1.188762e+02
309	8.843732e+00	2.661783e+03	4.543553e+02	4.188922e+02	7.930739e+01	4.273356e+01	1.193521e+02
310	8.872353e+00	2.646356e+03	4.543789e+02	4.191878e+02	7.900939e+01	4.264613e+01	1.204054e+02
311	8.900973e+00	2.664190e+03	4.542039e+02	4.192594e+02	7.950983e+01	4.266330e+01	1.205289e+02
312	8.929594e+00	2.655631e+03	4.544215e+02	4.196350e+02	7.919674e+01	4.269437e+01	1.213395e+02
313	8.958214e+00	2.646562e+03	4.542942e+02	4.197751e+02	7.917859e+01	4.255832e+01	1.218880e+02
314	8.986835e+00	2.654161e+03	4.543398e+02	4.201538e+02	7.906670e+01	4.274092e+01	1.229261e+02
315	9.015455e+00	2.662908e+03	4.542104e+02	4.203481e+02	7.917131e+01	4.282510e+01	1.235102e+02
316	9.044076e+00	2.644036e+03	4.542069e+02	4.205526e+02	7.893697e+01	4.264784e+01	1.239968e+02
317	9.072696e+00	2.646018e+03	4.541833e+02	4.208659e+02	7.908179e+01	4.260165e+01	1.247604e+02
318	9.101317e+00	2.652098e+03	4.542368e+02	4.211891e+02	7.904054e+01	4.272182e+01	1.248048e+02
319	9.129937e+00	2.661885e+03	4.541319e+02	4.213308e+02	7.931419e+01	4.273154e+01	1.258845e+02
320	9.158558e+00	2.645547e+03	4.539742e+02	4.214687e+02	7.883501e+01	4.272740e+01	1.266962e+02
321	9.187178e+00	2.656063e+03	4.540974e+02	4.218893e+02	7.904589e+01	4.278279e+01	1.270578e+02
322	9.215799e+00	2.662402e+03	4.539039e+02	4.219619e+02	7.942942e+01	4.267783e+01	1.277980e+02
323	9.244419e+00	2.655296e+03	4.539386e+02	4.223188e+02	7.892848e+01	4.283406e+01	1.286364e+02
324	9.273039e+00	2.647442e+03	4.539677e+02	4.224968e+02	7.873840e+01	4.281047e+01	1.292174e+02
325	9.301660e+00	2.652982e+03	4.538743e+02	4.227429e+02	7.899094e+01	4.276291e+01	1.295111e+02
326	9.330280e+00	2.662573e+03	4.538843e+02	4.230971e+02	7.904186e+01	4.288984e+01	1.304492e+02
327	9.358901e+00	2.657726e+03	4.538447e+02	4.232532e+02	7.889992e+01	4.288878e+01	1.310290e+02
328	9.387521e+00	2.657824e+03	4.538089e+02	4.236281e+02	7.894604e+01	4.286532e+01	1.316803e+02
329	9.416142e+00	2.656614e+03	4.538165e+02	4.237281e+02	7.849972e+01	4.308941e+01	1.325490e+02
330	9.444762e+00	2.670580e+03	4.536564e+02	4.240536e+02	7.905093e+01	4.301390e+01	1.330355e+02
331	9.473383e+00	2.663440e+03	4.535797e+02	4.242728e+02	7.866023e+01	4.311197e+01	1.334442e+02
332	9.502003e+00	2.647973e+03	4.535280e+02	4.245200e+02	7.862278e+01	4.288203e+01	1.343706e+02
333	9.530624e+00	2.671650e+03	4.535677e+02	4.247195e+02	7.914290e+01	4.298112e+01	1.349655e+02
334	9.559244e+00	2.661846e+03	4.535060e+02	4.250110e+02	7.893401e+01	4.293672e+01	1.354087e+02
335	9.587865e+00	2.671458e+03	4.534562e+02	4.252177e+02	7.899498e+01	4.305850e+01	1.360496e+02
336	9.616485e+00	2.665506e+03	4.532644e+02	4.253478e+02	7.874270e+01	4.310022e+01	1.369667e+02
337	9.645106e+00	2.671331e+03	4.532842e+02	4.256327e+02	7.915603e+01	4.296886e+01	1.377793e+02
338	9.673726e+00	2.664055e+03	4.531706e+02	4.258343e+02	7.885530e+01	4.301525e+01	1.381050e+02
339	9.702347e+00	2.654311e+03	4.531070e+02	4.262393e+02	7.883391e+01	4.286954e+01	1.391301e+02
340	9.730967e+00	2.666622e+03	4.529921e+02	4.263085e+02	7.901018e+01	4.297229e+01	1.398488e+02
341	9.759588e+00	2.673296e+03	4.528108e+02	4.265724e+02	7.912379e+01	4.301799e+01	1.400557e+02
342	9.788208e+00	2.668585e+03	4.527379e+02	4.268574e+02	7.890089e+01	4.306349e+01	1.407420e+02
343	9.816829e+00	2.663404e+03	4.526660e+02	4.270700e+02	7.877075e+01	4.305090e+01	1.415667e+02
344	9.845449e+00	2.668988e+03	4.526020e+02	4.273040e+02	7.880909e+01	4.312016e+01	1.424074e+02
345	9.874070e+00	2.676698e+03	4.525479e+02	4.275397e+02	7.891914e+01	4.318443e+01	1.430856e+02
346	9.902690e+00	2.680126e+03	4.523487e+02	4.277091e+02	7.878912e+01	4.331109e+01	1.437894e+02
347	9.931311e+00	2.676751e+03	4.522661e+02	4.279819e+02	7.875024e+01	4.327790e+01	1.442481e+02
348	9.959931e+00	2.665695e+03	4.522201e+02	4.282984e+02	7.863846e+01	4.316041e+01	1.452871e+02
349	9.988552e+00	2.667865e+03	4.521101e+02	4.284868e+02	7.864402e+01	4.319250e+01	1.452978e+02
350	1.001717e+01	2.664635e+03	4.519782e+02	4.286080e+02	7.875650e+01	4.307859e+01	1.465186e+02
351	1.004579e+01	2.672799e+03	4.518000e+02	4.288138e+02	7.896788e+01	4.309490e+01	1.469428e+02
352	1.007441e+01	2.663614e+03	4.516857e+02	4.290014e+02	7.863999e+01	4.312587e+01	1.476579e+02
353	1.010303e+01	2.661577e+03	4.516029e+02	4.292327e+02	7.851789e+01	4.315992e+01	1.484186e+02
354	1.013165e+01	2.672905e+03	4.515519e+02	4.294984e+02	7.883949e+01	4.316680e+01	1.491990e+02
355	1.016027e+01	2.666017e+03	4.513469e+02	4.297048e+02	7.878311e+01	4.308636e+01	1.497732e+02
356	1.018890e+01	2.667811e+03	4.512379e+02	4.299019e+02	7.892820e+01	4.303610e+01	1.505786e+02
357	1.021752e+01	2.676482e+03	4.511822e+02	4.301897e+02	7.899124e+01	4.314153e+01	1.511240e+02
358	1.024614e+01	2.667132e+03	4.510549e+02	4.303711e+02	7.872095e+01	4.313843e+01	1.520083e+02
359	1.027476e+01	2.677175e+03	4.509882e+02	4.307191e+02	7.896110e+01	4.316916e+01	1.525835e+02
360	1.030338e+01	2.674239e+03	4.507603e+02	4.306934e+02	7.887637e+01	4.316814e+01	1.533789e+02
361	1.033200e+01	2.671553e+03	4.506534e+02	4.309044e+02	7.887105e+01	4.312770e+01	1.539330e+02
362	1.036062e+01	2.676379e+03	4.505077e+02	4.310933e+02	7.876210e+01	4.326537e+01	1.543327e+02
363	1.038924e+01	2.673703e+03	4.502948e+02	4.313109e+02	7.875813e+01	4.322430e+01	1.550246e+02
364	1.041786e+01	2.658051e+03	4.502023e+02	4.314591e+02	7.865432e+01	4.302797e+01	1.556919e+02
365	1.044648e+01	2.664525e+03	4.501695e+02	4.317537e+02	7.881235e+01	4.304629e+01	1.560854e+02
366	1.047510e+01	2.658737e+03	4.499297e+02	4.319549e+02	7.854436e+01	4.309933e+01	1.569696e+02
367	1.050372e+01	2.658303e+03	4.497402e+02	4.321745e+02	7.838965e+01	4.317734e+01	1.574681e+02
368	1.053234e+01	2.661414e+03	4.496041e+02	4.323997e+02	7.859404e+01	4.311545e+01	1.582299e+02
369	1.056096e+01	2.661368e+03	4.494317e+02	4.325081e+02	7.860912e+01	4.310644e+01	1.587969e+02
370	1.058958e+01	2.664613e+03	4.493018e+02	4.327114e+02	7.887166e+01	4.301534e+01	1.595126e+02
371	1.061820e+01	2.678150e+03	4.490820e+02	4.329079e+02	7.900494e+01	4.316092e+01	1.606342e+02
372	1.064682e+01	2.671682e+03	4.489943e+02	4.330593e+02	7.890955e+01	4.310873e+01	1.612427e+02
373	1.067544e+01	2.663894e+03	4.488598e+02	4.332336e+02	7.879639e+01	4.304480e+01	1.614898e+02
374	1.070406e+01	2.670352e+03	4.486906e+02	4.334680e+02	7.863100e+01	4.323992e+01	1.618262e+02
375	1.073268e+01	2.663258e+03	4.485073e+02	4.336472e+02	7.857188e+01	4.315749e+01	1.632001e+02
376	1.076131e+01	2.682456e+03	4.483406e+02	4.337861e+02	7.895228e+01	4.325917e+01	1.635373e+02
377	1.078993e+01	2.675653e+03	4.481626e+02	4.339180e+02	7.874860e+01	4.326105e+01	1.642973e+02
378	1.081855e+01	2.676748e+03	4.478910e+02	4.341462e+02	7.876933e+01	4.326736e+01	1.649433e+02
379	1.084717e+01	2.680301e+03	4.478282e+02	4.344051e+02	7.885818e+01	4.327598e+01	1.655856e+02
380	1.087579e+01	2.682304e+03	4.476657e+02	4.344930e+02	7.899649e+01	4.323249e+01	1.662025e+02
381	1.090441e+01	2.665788e+03	4.475403e+02	4.346645e+02	7.910590e+01	4.290687e+01	1.672612e+02
382	1.093303e+01	2.676568e+03	4.474419e+02	4.349317e+02	7.900098e+01	4.313760e+01	1.676775e+02
383	1.096165e+01	2.679754e+03	4.473241e+02	4.350637e+02	7.901382e+01	4.318192e+01	1.678773e+02
384	1.099027e+01	2.673351e+03	4.471787e+02	4.352233e+02	7.899184e+01	4.309073e+01	1.691045e+02
385	1.101889e+01	2.662015e+03	4.470130e+02	4.352740e+02	7.881796e+01	4.300267e+01	1.694513e+02
386	1.104751e+01	2.665983e+03	4.468883e+02	4.355266e+02	7.889658e+01	4.302386e+01	1.703568e+02
387	1.107613e+01	2.661912e+03	4.466867e+02	4.358135e+02	7.901576e+01	4.289337e+01	1.712450e+02
388	1.110475e+01	2.670037e+03	4.464056e+02	4.359443e+02	7.872795e+01	4.318156e+01	1.714905e+02
389	1.113337e+01	2.663160e+03	4.463409e+02	4.362111e+02	7.886320e+01	4.299649e+01	1.724668e+02
390	1.116199e+01	2.670303e+03	4.461781e+02	4.362934e+02	7.874472e+01	4.317668e+01	1.733069e+02
391	1.119061e+01	2.674545e+03	4.461125e+02	4.364505e+02	7.867332e+01	4.328451e+01	1.737873e+02
392	1.121923e+01	2.678097e+03	4.458623e+02	4.366173e+02	7.873801e+01	4.330640e+01	1.744764e+02
393	1.124785e+01	2.658136e+03	4.456148e+02	4.367646e+02	7.881419e+01	4.294207e+01	1.752061e+02
394	1.127647e+01	2.665740e+03	4.455403e+02	4.369159e+02	7.875789e+01	4.309569e+01	1.757653e+02
395	1.130509e+01	2.662925e+03	4.453793e+02	4.370888e+02	7.868808e+01	4.308838e+01	1.766994e+02
396	1.133371e+01	2.662532e+03	4.452368e+02	4.372525e+02	7.860686e+01	4.312653e+01	1.773033e+02
397	1.136234e+01	2.657271e+03	4.449994e+02	4.371462e+02	7.895944e+01	4.284912e+01	1.777234e+02
398	1.139096e+01	2.652658e+03	4.447706e+02	4.373554e+02	7.855408e+01	4.299546e+01	1.783028e+02
399	1.141958e+01	2.667137e+03	4.446309e+02	4.376029e+02	7.860177e+01	4.320392e+01	1.793399e+02
400	1.144820e+01	2.665726e+03	4.444354e+02	4.377276e+02	7.874331e+01	4.310345e+01	1.798926e+02
401	1.147682e+01	2.666479e+03	4.442500e+02	4.377943e+02	7.844603e+01	4.327902e+01	4.718205e-01
402	1.150544e+01	2.665026e+03	4.439882e+02	4.378344e+02	7.837867e+01	4.329260e+01	1.122863e+00
403	1.153406e+01	2.657248e+03	4.438414e+02	4.380020e+02	7.850700e+01	4.309569e+01	2.042952e+00
404	1.156268e+01	2.658582e+03	4.437644e+02	4.381779e+02	7.850956e+01	4.311591e+01	2.495239e+00
405	1.159130e+01	2.659247e+03	4.435731e+02	4.382117e+02	7.842221e+01	4.317474e+01	3.383211e+00
406	1.161992e+01	2.652277e+03	4.434359e+02	4.383170e+02	7.818139e+01	4.319421e+01	3.803250e+00
407	1.164854e+01	2.643783e+03	4.432548e+02	4.384536e+02	7.853500e+01	4.286202e+01	4.318095e+00
408	1.167716e+01	2.662809e+03	4.430217e+02	4.386692e+02	7.842276e+01	4.323227e+01	4.979002e+00
409	1.170578e+01	2.647358e+03	4.428839e+02	4.386554e+02	7.836742e+01	4.301177e+01	5.728788e+00
410	1.173440e+01	2.658659e+03	4.426648e+02	4.389221e+02	7.851041e+01	4.311669e+01	6.333218e+00
411	1.176302e+01	2.650465e+03	4.424911e+02	4.390075e+02	7.862688e+01	4.292014e+01	6.961033e+00
412	1.179164e+01	2.658078e+03	4.422189e+02	4.390298e+02	7.846068e+01	4.313460e+01	7.619341e+00
413	1.182026e+01	2.668357e+03	4.419969e+02	4.392066e+02	7.884547e+01	4.309007e+01	8.359021e+00
414	1.184888e+01	2.653852e+03	4.418779e+02	4.391976e+02	7.882207e+01	4.286858e+01	8.959027e+00
415	1.187750e+01	2.650695e+03	4.417572e+02	4.392477e+02	7.880451e+01	4.282711e+01	9.875192e+00
416	1.190612e+01	2.667968e+03	4.414480e+02	4.395065e+02	7.864876e+01	4.319156e+01	1.044175e+01
417	1.193475e+01	2.659354e+03	4.412066e+02	4.396454e+02	7.875823e+01	4.299226e+01	1.067310e+01
418	1.196337e+01	2.657409e+03	4.411987e+02	4.397081e+02	7.857868e+01	4.305898e+01	1.166200e+01
419	1.199199e+01	2.651819e+03	4.409267e+02	4.398571e+02	7.848222e+01	4.302122e+01	1.226992e+01
420	1.202061e+01	2.659938e+03	4.407957e+02	4.399290e+02	7.880041e+01	4.297869e+01	1.330721e+01
421	1.204923e+01	2.653086e+03	4.406599e+02	4.401010e+02	7.881492e+01	4.286008e+01	1.368427e+01
422	1.207785e+01	2.652379e+03	4.404101e+02	4.400519e+02	7.840401e+01	4.307322e+01	1.446661e+01
423	1.210647e+01	2.658723e+03	4.401763e+02	4.402090e+02	7.876925e+01	4.297606e+01	1.513466e+01
424	1.213509e+01	2.666565e+03	4.399812e+02	4.403582e+02	7.857772e+01	4.320787e+01	1.604419e+01
425	1.216371e+01	2.667574e+03	4.397707e+02	4.403204e+02	7.869005e+01	4.316252e+01	1.675153e+01
426	1.219233e+01	2.656985e+03	4.397035e+02	4.403559e+02	7.859668e+01	4.304226e+01	1.703385e+01
427	1.222095e+01	2.667167e+03	4.394846e+02	4.404101e+02	7.891423e+01	4.303334e+01	1.763280e+01
428	1.224957e+01	2.665963e+03	4.392609e+02	4.404663e+02	7.891727e+01	4.301225e+01	1.828696e+01
429	1.227819e+01	2.663585e+03	4.391083e+02	4.404785e+02	7.881393e+01	4.303023e+01	1.898899e+01
430	1.230681e+01	2.666047e+03	4.387849e+02	4.406848e+02	7.879807e+01	4.307867e+01	1.991269e+01
431	1.233543e+01	2.664908e+03	4.386544e+02	4.407523e+02	7.867473e+01	4.312778e+01	2.039952e+01
432	1.236405e+01	2.646262e+03	4.384951e+02	4.405350e+02	7.833479e+01	4.301187e+01	2.104032e+01
433	1.239267e+01	2.651402e+03	4.382501e+02	4.406824e+02	7.846532e+01	4.302372e+01	2.159564e+01
434	1.242129e+01	2.661531e+03	4.379205e+02	4.408775e+02	7.861356e+01	4.310665e+01	2.212329e+01
435	1.244991e+01	2.658314e+03	4.377638e+02	4.408273e+02	7.871108e+01	4.300119e+01	2.294702e+01
436	1.247853e+01	2.674439e+03	4.375292e+02	4.408594e+02	7.869304e+01	4.327195e+01	2.372259e+01
437	1.250716e+01	2.664509e+03	4.372839e+02	4.408291e+02	7.843129e+01	4.325516e+01	2.411164e+01
438	1.253578e+01	2.660248e+03	4.370607e+02	4.409274e+02	7.846021e+01	4.317006e+01	2.520929e+01
439	1.256440e+01	2.665085e+03	4.367827e+02	4.408783e+02	7.881135e+01	4.305587e+01	2.577142e+01
440	1.259302e+01	2.665344e+03	4.367247e+02	4.408158e+02	7.866677e+01	4.313920e+01	2.625593e+01
441	1.262164e+01	2.669968e+03	4.364115e+02	4.409445e+02	7.863190e+01	4.323319e+01	2.715926e+01
442	1.265026e+01	2.666377e+03	4.361568e+02	4.408878e+02	7.859740e+01	4.319402e+01	2.758780e+01
443	1.267888e+01	2.665658e+03	4.359039e+02	4.409575e+02	7.879291e+01	4.307522e+01	2.848070e+01
444	1.270750e+01	2.660795e+03	4.356751e+02	4.409024e+02	7.866925e+01	4.306422e+01	2.878205e+01
445	1.273612e+01	2.657101e+03	4.355432e+02	4.407755e+02	7.874755e+01	4.296167e+01	2.981137e+01
446	1.276474e+01	2.676753e+03	4.352924e+02	4.408598e+02	7.895384e+01	4.316633e+01	3.031618e+01
447	1.279336e+01	2.674551e+03	4.350824e+02	4.408654e+02	7.878365e+01	4.322400e+01	3.090735e+01
448	1.282198e+01	2.646465e+03	4.348875e+02	4.407782e+02	7.827986e+01	4.304535e+01	3.121238e+01
449	1.285060e+01	2.666846e+03	4.345981e+02	4.408145e+02	7.879184e+01	4.309499e+01	3.244965e+01
450	1.287922e+01	2.654901e+03	4.344126e+02	4.408058e+02	7.847362e+01	4.307594e+01	3.269233e+01
451	1.290784e+01	2.675562e+03	4.342048e+02	4.408196e+02	7.885504e+01	4.320118e+01	3.352045e+01
452	1.293646e+01	2.663883e+03	4.339706e+02	4.408974e+02	7.859157e+01	4.315681e+01	3.387086e+01
453	1.296508e+01	2.661688e+03	4.335749e+02	4.409714e+02	7.853924e+01	4.314998e+01	3.470015e+01
454	1.299370e+01	2.660657e+03	4.335039e+02	4.408253e+02	7.869746e+01	4.304654e+01	3.509340e+01
455	1.302232e+01	2.660469e+03	4.332599e+02	4.408395e+02	7.864246e+01	4.307361e+01	3.584039e+01
456	1.305094e+01	2.657852e+03	4.329983e+02	4.407711e+02	7.828957e+01	4.322520e+01	3.657722e+01
457	1.307956e+01	2.661132e+03	4.328653e+02	4.408397e+02	7.868739e+01	4.305973e+01	3.709076e+01
458	1.310819e+01	2.662386e+03	4.325713e+02	4.408990e+02	7.873170e+01	4.305579e+01	3.796370e+01
459	1.313681e+01	2.657561e+03	4.323622e+02	4.407936e+02	7.876608e+01	4.295900e+01	3.813846e+01
460	1.316543e+01	2.654243e+03	4.321533e+02	4.408156e+02	7.861307e+01	4.298886e+01	3.901036e+01
461	1.319405e+01	2.664584e+03	4.318995e+02	4.408619e+02	7.890440e+01	4.299702e+01	3.935917e+01
462	1.322267e+01	2.655926e+03	4.317006e+02	4.408124e+02	7.875504e+01	4.293859e+01	4.009242e+01
463	1.325129e+01	2.673651e+03	4.313972e+02	4.407462e+02	7.930872e+01	4.292338e+01	4.085180e+01
464	1.327991e+01	2.657173e+03	4.313438e+02	4.406651e+02	7.877469e+01	4.294803e+01	4.161061e+01
465	1.330853e+01	2.666531e+03	4.310041e+02	4.406325e+02	7.893711e+01	4.301060e+01	4.233447e+01
466	1.333715e+01	2.675901e+03	4.307877e+02	4.406982e+02	7.918517e+01	4.302654e+01	4.287768e+01
467	1.336577e+01	2.668627e+03	4.306397e+02	4.405583e+02	7.896310e+01	4.303024e+01	4.352810e+01
468	1.339439e+01	2.666548e+03	4.304637e+02	4.405623e+02	7.890306e+01	4.302944e+01	4.391969e+01
469	1.342301e+01	2.664844e+03	4.301753e+02	4.405555e+02	7.903055e+01	4.293257e+01	4.459616e+01
470	1.345163e+01	2.662357e+03	4.299921e+02	4.405692e+02	7.872105e+01	4.306114e+01	4.554520e+01
471	1.348025e+01	2.661356e+03	4.298818e+02	4.404089e+02	7.893935e+01	4.292592e+01	4.556884e+01
472	1.350887e+01	2.664504e+03	4.296111e+02	4.405817e+02	7.892010e+01	4.298717e+01	4.668717e+01
473	1.353749e+01	2.667657e+03	4.295408e+02	4.404315e+02	7.913440e+01	4.292149e+01	4.718391e+01
474	1.356611e+01	2.659684e+03	4.293180e+02	4.405271e+02	7.897018e+01	4.288220e+01	4.775542e+01
475	1.359473e+01	2.671855e+03	4.290496e+02	4.405304e+02	7.917988e+01	4.296435e+01	4.836242e+01
476	1.362335e+01	2.658101e+03	4.288258e+02	4.405025e+02	7.911268e+01	4.277947e+01	4.896630e+01
477	1.365197e+01	2.654503e+03	4.287011e+02	4.402722e+02	7.876188e+01	4.291185e+01	4.952961e+01
478	1.368060e+01	2.665179e+03	4.285434e+02	4.402519e+02	7.917576e+01	4.285922e+01	5.004210e+01
479	1.370922e+01	2.666051e+03	4.283026e+02	4.402139e+02	7.920929e+01	4.285509e+01	5.054313e+01
480	1.373784e+01	2.653525e+03	4.281790e+02	4.401297e+02	7.875887e+01	4.289768e+01	5.117638e+01
481	1.376646e+01	2.666862e+03	4.277766e+02	4.400855e+02	7.921212e+01	4.286660e+01	5.165845e+01
482	1.379508e+01	2.654261e+03	4.276506e+02	4.399812e+02	7.883772e+01	4.286667e+01	5.226818e+01
483	1.382370e+01	2.702535e+03	4.270404e+02	4.400186e+02	7.969523e+01	4.317667e+01	5.391843e+01
484	1.385232e+01	2.658746e+03	4.272916e+02	4.398288e+02	7.901534e+01	4.284257e+01	5.385778e+01
485	1.388094e+01	2.670095e+03	4.269675e+02	4.397942e+02	7.918062e+01	4.293563e+01	5.433711e+01
486	1.390956e+01	2.663478e+03	4.269549e+02	4.395930e+02	7.917010e+01	4.283492e+01	5.492365e+01
487	1.393818e+01	2.661141e+03	4.267119e+02	4.395536e+02	7.915258e+01	4.280682e+01	5.535753e+01
488	1.396680e+01	2.656889e+03	4.265124e+02	4.394333e+02	7.908228e+01	4.277641e+01	5.579931e+01
489	1.399542e+01	2.653838e+03	4.263678e+02	4.392403e+02	7.877990e+01	4.289130e+01	5.655499e+01
490	1.402404e+01	2.673175e+03	4.260579e+02	4.392732e+02	7.936601e+01	4.288476e+01	5.698526e+01
491	1.405266e+01	2.685856e+03	4.258582e+02	4.392329e+02	7.929458e+01	4.312700e+01	5.770988e+01
492	1.408128e+01	2.673968e+03	4.257014e+02	4.390001e+02	7.943468e+01	4.286039e+01	5.828551e+01
493	1.410990e+01	2.674953e+03	4.254736e+02	4.389244e+02	7.942448e+01	4.288169e+01	5.904015e+01
494	1.413852e+01	2.662683e+03	4.252451e+02	4.389289e+02	7.926337e+01	4.277176e+01	5.979300e+01
495	1.416714e+01	2.671255e+03	4.251956e+02	4.387246e+02	7.933025e+01	4.287327e+01	6.009593e+01
496	1.419576e+01	2.661735e+03	4.249400e+02	4.386863e+02	7.940023e+01	4.268283e+01	6.066267e+01
497	1.422438e+01	2.659375e+03	4.249140e+02	4.385064e+02	7.956728e+01	4.255544e+01	6.122070e+01
498	1.425301e+01	2.671031e+03	4.246851e+02	4.384152e+02	7.946689e+01	4.279596e+01	6.178767e+01
499	1.428163e+01	2.669590e+03	4.243593e+02	4.382752e+02	7.942505e+01	4.279541e+01	6.226563e+01
500	1.431025e+01	2.666623e+03	4.242296e+02	4.380914e+02	7.940208e+01	4.276021e+01	6.272698e+01
501	1.433887e+01	2.664083e+03	4.241497e+02	4.379760e+02	7.947239e+01	4.268169e+01	6.354499e+01
502	1.436749e+01	2.675118e+03	4.239294e+02	4.379007e+02	7.971784e+01	4.272652e+01	6.408517e+01
503	1.439611e+01	2.666351e+03	4.238674e+02	4.377676e+02	7.935416e+01	4.278167e+01	6.479295e+01
504	1.442473e+01	2.662782e+03	4.236866e+02	4.376435e+02	7.938235e+01	4.270924e+01	6.503669e+01
505	1.445335e+01	2.672739e+03	4.234201e+02	4.375189e+02	7.954616e+01	4.278066e+01	6.592049e+01
506	1.448197e+01	2.665971e+03	4.232692e+02	4.373822e+02	7.968874e+01	4.259598e+01	6.615580e+01
507	1.451059e+01	2.677637e+03	4.230793e+02	4.373590e+02	8.013631e+01	4.254343e+01	6.688738e+01
508	1.453921e+01	2.670744e+03	4.229153e+02	4.371627e+02	7.979259e+01	4.261670e+01	6.753072e+01
509	1.456783e+01	2.670012e+03	4.227440e+02	4.369464e+02	7.977973e+01	4.261189e+01	6.827413e+01
510	1.459645e+01	2.655587e+03	4.226695e+02	4.368281e+02	7.961862e+01	4.246743e+01	6.882850e+01
511	1.462507e+01	2.659316e+03	4.224103e+02	4.367226e+02	7.941134e+01	4.263807e+01	6.940040e+01
512	1.465369e+01	2.664011e+03	4.222196e+02	4.366214e+02	7.985453e+01	4.247629e+01	6.983100e+01
513	1.468231e+01	2.667283e+03	4.220521e+02	4.365091e+02	7.964606e+01	4.263978e+01	7.061163e+01
514	1.471093e+01	2.670862e+03	4.219982e+02	4.362274e+02	7.980228e+01	4.261340e+01	7.102283e+01
515	1.473955e+01	2.660983e+03	4.218307e+02	4.361641e+02	7.966922e+01	4.252670e+01	7.182796e+01
516	1.476817e+01	2.667599e+03	4.216202e+02	4.359367e+02	7.990043e+01	4.250906e+01	7.216793e+01
517	1.479679e+01	2.659843e+03	4.215136e+02	4.357771e+02	7.982415e+01	4.242597e+01	7.288643e+01
518	1.482541e+01	2.663396e+03	4.214168e+02	4.356456e+02	7.996606e+01	4.240725e+01	7.317913e+01
519	1.485404e+01	2.665654e+03	4.210183e+02	4.356184e+02	8.001271e+01	4.241846e+01	7.392995e+01
520	1.488266e+01	2.658205e+03	4.210741e+02	4.353384e+02	7.990838e+01	4.235515e+01	7.464101e+01
521	1.491128e+01	2.657064e+03	4.209134e+02	4.351639e+02	7.989498e+01	4.234407e+01	7.523623e+01
522	1.493990e+01	2.659464e+03	4.206788e+02	4.350338e+02	7.968519e+01	4.249391e+01	7.554639e+01
523	1.496852e+01	2.657464e+03	4.205842e+02	4.348808e+02	7.961649e+01	4.249858e+01	7.609262e+01
524	1.499714e+01	2.659836e+03	4.204068e+02	4.346645e+02	7.978532e+01	4.244651e+01	7.684370e+01
525	1.502576e+01	2.666296e+03	4.202097e+02	4.344825e+02	7.989307e+01	4.249221e+01	7.745473e+01
526	1.505438e+01	2.679000e+03	4.200608e+02	4.343432e+02	8.005316e+01	4.260930e+01	7.797927e+01
527	1.508300e+01	2.661131e+03	4.200356e+02	4.341848e+02	7.985950e+01	4.242772e+01	7.860412e+01
528	1.511162e+01	2.650490e+03	4.199372e+02	4.339761e+02	7.973196e+01	4.232568e+01	7.957202e+01
529	1.514024e+01	2.666840e+03	4.198875e+02	4.337709e+02	8.018142e+01	4.234804e+01	7.989771e+01
530	1.516886e+01	2.657914e+03	4.197225e+02	4.335624e+02	8.009132e+01	4.225378e+01	8.041818e+01
531	1.519748e+01	2.660624e+03	4.195017e+02	4.334478e+02	7.999416e+01	4.234825e+01	8.129050e+01
532	1.522610e+01	2.663608e+03	4.194390e+02	4.332756e+02	7.988001e+01	4.245631e+01	8.182262e+01
533	1.525472e+01	2.655239e+03	4.191461e+02	4.331541e+02	7.986269e+01	4.233209e+01	8.236347e+01
534	1.528334e+01	2.666753e+03	4.189797e+02	4.329443e+02	8.025653e+01	4.230702e+01	8.297370e+01
535	1.531196e+01	2.666032e+03	4.188993e+02	4.327930e+02	8.013676e+01	4.235880e+01	8.351189e+01
536	1.534058e+01	2.657916e+03	4.188013e+02	4.326753e+02	8.004033e+01	4.228073e+01	8.383698e+01
537	1.536920e+01	2.660085e+03	4.187006e+02	4.324818e+02	7.991935e+01	4.237930e+01	8.452267e+01
538	1.539782e+01	2.667225e+03	4.186390e+02	4.322712e+02	8.013869e+01	4.237674e+01	8.491684e+01
539	1.542645e+01	2.662344e+03	4.184389e+02	4.320754e+02	8.013638e+01	4.230041e+01	8.572906e+01
540	1.545507e+01	2.657851e+03	4.182351e+02	4.319615e+02	8.017118e+01	4.221070e+01	8.608471e+01
541	1.548369e+01	2.663620e+03	4.181671e+02	4.316940e+02	8.003593e+01	4.237379e+01	8.645550e+01
542	1.551231e+01	2.656665e+03	4.181765e+02	4.314656e+02	7.990141e+01	4.233430e+01	8.715082e+01
543	1.554093e+01	2.654036e+03	4.180262e+02	4.311882e+02	7.998568e+01	4.224786e+01	8.794368e+01
544	1.556955e+01	2.655573e+03	4.178780e+02	4.310601e+02	7.999652e+01	4.226659e+01	8.838687e+01
545	1.559817e+01	2.652051e+03	4.177111e+02	4.308904e+02	7.980697e+01	4.231079e+01	8.919816e+01
546	1.562679e+01	2.662187e+03	4.176825e+02	4.306637e+02	8.036636e+01	4.217688e+01	8.986140e+01
547	1.565541e+01	2.649057e+03	4.174602e+02	4.304855e+02	7.998931e+01	4.216668e+01	9.025075e+01
548	1.568403e+01	2.656190e+03	4.175264e+02	4.302211e+02	8.006236e+01	4.224165e+01	9.083799e+01
549	1.571265e+01	2.663475e+03	4.173398e+02	4.300332e+02	8.034058e+01	4.221082e+01	9.141325e+01
550	1.574127e+01	2.664560e+03	4.172199e+02	4.298779e+02	8.046793e+01	4.216119e+01	9.193561e+01
551	1.576989e+01	2.651664e+03	4.169729e+02	4.297203e+02	7.990440e+01	4.225303e+01	9.255423e+01
552	1.579851e+01	2.662362e+03	4.170757e+02	4.295117e+02	8.007932e+01	4.233083e+01	9.294440e+01
553	1.582713e+01	2.655574e+03	4.169167e+02	4.293383e+02	7.995181e+01	4.229025e+01	9.364571e+01
554	1.585575e+01	2.650081e+03	4.166894e+02	4.291121e+02	7.990802e+01	4.222590e+01	9.410203e+01
555	1.588437e+01	2.653118e+03	4.168706e+02	4.288932e+02	7.994039e+01	4.225717e+01	9.462896e+01
556	1.591299e+01	2.655493e+03	4.166270e+02	4.286847e+02	7.998473e+01	4.227156e+01	9.544906e+01
557	1.594161e+01	2.652171e+03	4.166636e+02	4.285211e+02	7.977026e+01	4.233218e+01	9.585796e+01
558	1.597023e+01	2.669547e+03	4.164633e+02	4.283799e+02	8.017077e+01	4.239666e+01	9.634657e+01
559	1.599886e+01	2.664614e+03	4.163676e+02	4.281400e+02	8.010308e+01	4.235407e+01	9.697862e+01
560	1.602748e+01	2.658606e+03	4.163983e+02	4.278793e+02	8.006050e+01	4.228106e+01	9.759824e+01
561	1.605610e+01	2.661600e+03	4.163916e+02	4.277633e+02	8.015646e+01	4.227800e+01	9.814472e+01
562	1.608472e+01	2.652935e+03	4.163824e+02	4.275792e+02	7.996849e+01	4.223941e+01	9.853275e+01
563	1.611334e+01	2.664706e+03	4.162796e+02	4.273872e+02	8.008519e+01	4.236501e+01	9.885111e+01
564	1.614196e+01	2.661471e+03	4.161044e+02	4.271467e+02	7.983920e+01	4.244394e+01	9.997748e+01
565	1.617058e+01	2.664806e+03	4.161241e+02	4.269569e+02	8.008690e+01	4.236568e+01	1.002263e+02
566	1.619920e+01	2.651231e+03	4.160778e+02	4.267712e+02	7.966537e+01	4.237289e+01	1.008083e+02
567	1.622782e+01	2.667209e+03	4.160966e+02	4.265622e+02	7.985690e+01	4.252601e+01	1.016784e+02
568	1.625644e+01	2.660402e+03	4.158818e+02	4.263614e+02	7.967061e+01	4.251667e+01	1.021859e+02
569	1.628506e+01	2.664881e+03	4.159466e+02	4.261350e+02	8.025788e+01	4.227661e+01	1.026748e+02
570	1.631368e+01	2.670787e+03	4.157532e+02	4.257881e+02	8.008982e+01	4.245923e+01	1.033626e+02
571	1.634230e+01	2.672290e+03	4.157525e+02	4.256338e+02	8.020078e+01	4.242434e+01	1.037512e+02
572	1.637092e+01	2.670588e+03	4.157099e+02	4.254660e+02	7.992856e+01	4.254172e+01	1.043393e+02
573	1.639954e+01	2.662711e+03	4.157748e+02	4.252354e+02	8.008546e+01	4.233313e+01	1.050781e+02
574	1.642816e+01	2.667410e+03	4.157054e+02	4.250368e+02	8.002193e+01	4.244152e+01	1.055733e+02
575	1.645678e+01	2.664667e+03	4.155785e+02	4.248125e+02	7.990437e+01	4.246024e+01	1.061616e+02
576	1.648540e+01	2.656007e+03	4.155402e+02	4.245547e+02	7.965229e+01	4.245619e+01	1.069290e+02
577	1.651402e+01	2.673156e+03	4.155725e+02	4.243164e+02	7.997685e+01	4.255691e+01	1.074731e+02
578	1.654264e+01	2.668663e+03	4.155740e+02	4.241400e+02	7.985930e+01	4.254792e+01	1.083259e+02
579	1.657127e+01	2.676709e+03	4.155166e+02	4.239331e+02	7.983372e+01	4.268988e+01	1.086909e+02
580	1.659989e+01	2.676187e+03	4.155272e+02	4.236737e+02	8.000522e+01	4.259006e+01	1.094308e+02
581	1.662851e+01	2.651050e+03	4.156298e+02	4.235251e+02	7.937538e+01	4.252480e+01	1.098904e+02
582	1.665713e+01	2.660883e+03	4.154664e+02	4.231617e+02	7.945451e+01	4.264001e+01	1.104849e+02
583	1.668575e+01	2.663223e+03	4.154432e+02	4.229008e+02	7.955363e+01	4.262434e+01	1.108854e+02
584	1.671437e+01	2.660561e+03	4.155146e+02	4.227353e+02	7.941030e+01	4.265859e+01	1.115594e+02
585	1.674299e+01	2.671911e+03	4.155282e+02	4.225112e+02	7.966058e+01	4.270597e+01	1.123066e+02
586	1.677161e+01	2.663587e+03	4.154151e+02	4.222648e+02	7.958753e+01	4.261200e+01	1.128485e+02
587	1.680023e+01	2.662385e+03	4.154832e+02	4.220566e+02	7.968814e+01	4.253900e+01	1.135357e+02
588	1.682885e+01	2.678118e+03	4.153650e+02	4.217263e+02	7.997966e+01	4.263441e+01	1.145449e+02
589	1.685747e+01	2.675576e+03	4.152798e+02	4.215020e+02	7.976665e+01	4.270769e+01	1.151110e+02
590	1.688609e+01	2.670177e+03	4.155165e+02	4.213804e+02	7.947114e+01	4.277999e+01	1.154422e+02
591	1.691471e+01	2.677031e+03	4.153950e+02	4.211023e+02	7.963808e+01	4.279989e+01	1.163769e+02
592	1.694333e+01	2.672560e+03	4.154969e+02	4.208322e+02	7.985499e+01	4.261236e+01	1.168064e+02
593	1.697195e+01	2.670652e+03	4.155118e+02	4.206751e+02	7.969766e+01	4.266600e+01	1.174012e+02
594	1.700057e+01	2.673744e+03	4.154617e+02	4.204463e+02	7.973626e+01	4.269472e+01	1.181505e+02
595	1.702919e+01	2.688360e+03	4.154160e+02	4.202941e+02	7.980149e+01	4.289301e+01	1.185731e+02
596	1.705781e+01	2.684859e+03	4.152603e+02	4.200157e+02	7.963314e+01	4.292772e+01	1.188468e+02
597	1.708643e+01	2.678512e+03	4.154146e+02	4.197567e+02	7.959684e+01	4.284577e+01	1.196974e+02
598	1.711505e+01	2.675900e+03	4.155906e+02	4.195874e+02	7.948615e+01	4.286359e+01	1.206865e+02
599	1.714367e+01	2.679668e+03	4.155945e+02	4.194401e+02	7.957270e+01	4.287726e+01	1.210550e+02
600	1.717230e+01	2.673383e+03	4.156059e+02	4.191389e+02	7.953105e+01	4.279910e+01	1.216008e+02
601	1.720092e+01	2.673760e+03	4.156657e+02	4.189548e+02	7.960821e+01	4.276365e+01	1.222372e+02
602	1.722954e+01	2.677760e+03	4.157061e+02	4.187403e+02	7.974218e+01	4.275566e+01	1.226963e+02
603	1.725816e+01	2.678502e+03	4.158059e+02	4.185576e+02	7.956721e+01	4.286155e+01	1.234922e+02
604	1.728678e+01	2.688469e+03	4.157526e+02	4.182162e+02	7.977716e+01	4.290783e+01	1.241407e+02
605	1.731540e+01	2.692946e+03	4.158234e+02	4.180266e+02	7.965174e+01	4.304696e+01	1.249325e+02
606	1.734402e+01	2.670225e+03	4.159335e+02	4.178598e+02	7.930225e+01	4.287187e+01	1.259412e+02
607	1.737264e+01	2.680203e+03	4.158657e+02	4.175417e+02	7.945086e+01	4.295158e+01	1.263939e+02
608	1.740126e+01	2.684733e+03	4.160066e+02	4.173575e+02	7.944900e+01	4.302519e+01	1.267210e+02
609	1.742988e+01	2.674550e+03	4.160355e+02	4.171567e+02	7.934958e+01	4.291570e+01	1.273175e+02
610	1.745850e+01	2.684993e+03	4.160903e+02	4.169875e+02	7.963305e+01	4.292990e+01	1.281837e+02
611	1.748712e+01	2.686632e+03	4.162134e+02	4.167908e+02	7.941483e+01	4.307414e+01	1.287253e+02
612	1.751574e+01	2.678474e+03	4.162280e+02	4.165293e+02	7.932660e+01	4.299112e+01	1.291615e+02
613	1.754436e+01	2.667815e+03	4.162280e+02	4.163301e+02	7.893777e+01	4.303096e+01	1.295707e+02
614	1.757298e+01	2.690612e+03	4.163161e+02	4.161767e+02	7.941828e+01	4.313607e+01	1.304266e+02
615	1.760160e+01	2.669948e+03	4.163381e+02	4.159215e+02	7.906635e+01	4.299533e+01	1.312326e+02
616	1.763022e+01	2.686691e+03	4.163122e+02	4.156442e+02	7.925642e+01	4.316118e+01	1.317839e+02
617	1.765884e+01	2.688952e+03	4.165118e+02	4.154824e+02	7.939925e+01	4.311981e+01	1.325754e+02
618	1.768746e+01	2.674840e+03	4.166817e+02	4.153272e+02	7.906222e+01	4.307636e+01	1.333774e+02
619	1.771608e+01	2.668053e+03	4.167331e+02	4.151805e+02	7.890888e+01	4.305054e+01	1.336550e+02
620	1.774471e+01	2.687306e+03	4.167174e+02	4.148654e+02	7.912971e+01	4.324019e+01	1.345595e+02
621	1.777333e+01	2.684066e+03	4.167850e+02	4.146105e+02	7.913654e+01	4.318434e+01	1.350024e+02
622	1.780195e+01	2.681520e+03	4.169804e+02	4.143591e+02	7.942899e+01	4.298452e+01	1.359177e+02
623	1.783057e+01	2.684196e+03	4.170911e+02	4.142672e+02	7.904470e+01	4.323660e+01	1.364953e+02
624	1.785919e+01	2.711876e+03	4.169793e+02	4.138532e+02	7.964040e+01	4.335574e+01	1.372169e+02
625	1.788781e+01	2.682058e+03	4.172052e+02	4.137999e+02	7.929651e+01	4.306498e+01	1.376329e+02
626	1.791643e+01	2.693997e+03	4.173089e+02	4.135798e+02	7.946231e+01	4.316642e+01	1.384926e+02
627	1.794505e+01	2.683164e+03	4.173601e+02	4.133489e+02	7.916705e+01	4.315319e+01	1.391035e+02
628	1.797367e+01	2.693067e+03	4.175009e+02	4.131405e+02	7.937702e+01	4.319788e+01	1.399649e+02
629	1.800229e+01	2.688234e+03	4.176178e+02	4.129185e+02	7.937796e+01	4.311985e+01	1.402432e+02
630	1.803091e+01	2.687851e+03	4.177020e+02	4.127550e+02	7.928472e+01	4.316441e+01	1.411332e+02
631	1.805953e+01	2.701063e+03	4.178716e+02	4.126502e+02	7.943699e+01	4.329344e+01	1.418514e+02
632	1.808815e+01	2.699343e+03	4.178398e+02	4.122924e+02	7.944276e+01	4.326273e+01	1.423949e+02
633	1.811677e+01	2.684044e+03	4.181365e+02	4.121689e+02	7.928335e+01	4.310402e+01	1.431328e+02
634	1.814539e+01	2.690058e+03	4.181243e+02	4.118551e+02	7.929108e+01	4.319639e+01	1.438236e+02
635	1.817401e+01	2.689866e+03	4.182684e+02	4.116833e+02	7.916067e+01	4.326446e+01	1.445696e+02
636	1.820263e+01	2.700138e+03	4.183760e+02	4.114219e+02	7.927457e+01	4.336729e+01	1.454587e+02
637	1.823125e+01	2.710570e+03	4.184406e+02	4.111899e+02	7.956161e+01	4.337776e+01	1.458061e+02
638	1.825987e+01	2.695713e+03	4.187647e+02	4.110854e+02	7.926208e+01	4.330303e+01	1.466192e+02
639	1.828849e+01	2.698974e+03	4.188568e+02	4.108445e+02	7.931584e+01	4.332602e+01	1.473245e+02
640	1.831712e+01	2.698149e+03	4.189446e+02	4.106707e+02	7.911355e+01	4.342353e+01	1.478971e+02
641	1.834574e+01	2.687737e+03	4.191516e+02	4.104562e+02	7.895020e+01	4.334546e+01	1.486115e+02
642	1.837436e+01	2.701277e+03	4.192563e+02	4.101180e+02	7.946445e+01	4.328191e+01	1.494357e+02
643	1.840298e+01	2.705684e+03	4.193629e+02	4.099456e+02	7.958374e+01	4.328754e+01	1.500801e+02
644	1.843160e+01	2.684385e+03	4.195403e+02	4.098978e+02	7.911918e+01	4.319894e+01	1.514068e+02
645	1.846022e+01	2.687154e+03	4.196313e+02	4.095756e+02	7.911530e+01	4.324563e+01	1.518609e+02
646	1.848884e+01	2.703236e+03	4.196605e+02	4.094188e+02	7.920101e+01	4.345737e+01	1.520488e+02
647	1.851746e+01	2.679414e+03	4.199749e+02	4.093333e+02	7.888730e+01	4.324570e+01	1.529072e+02
648	1.854608e+01	2.696054e+03	4.201015e+02	4.092306e+02	7.918085e+01	4.335294e+01	1.533763e+02
649	1.857470e+01	2.687747e+03	4.201473e+02	4.089577e+02	7.900130e+01	4.331758e+01	1.538775e+02
650	1.860332e+01	2.677031e+03	4.204189e+02	4.089178e+02	7.885226e+01	4.322643e+01	1.546657e+02
651	1.863194e+01	2.689373e+03	4.205831e+02	4.087220e+02	7.890517e+01	4.339660e+01	1.553945e+02
652	1.866056e+01	2.677337e+03	4.207031e+02	4.085468e+02	7.871421e+01	4.330719e+01	1.559580e+02
653	1.868918e+01	2.681625e+03	4.209232e+02	4.083624e+02	7.894376e+01	4.325042e+01	1.568137e+02
654	1.871780e+01	2.684778e+03	4.210336e+02	4.081393e+02	7.895943e+01	4.329268e+01	1.573234e+02
655	1.874642e+01	2.689362e+03	4.212004e+02	4.080581e+02	7.884337e+01	4.343045e+01	1.576782e+02
656	1.877504e+01	2.682777e+03	4.213960e+02	4.079259e+02	7.894711e+01	4.326717e+01	1.587424e+02
657	1.880366e+01	2.686565e+03	4.215268e+02	4.076920e+02	7.884932e+01	4.338200e+01	1.592526e+02
658	1.883228e+01	2.670739e+03	4.218109e+02	4.075223e+02	7.871638e+01	4.319928e+01	1.598293e+02
659	1.886090e+01	2.690799e+03	4.219374e+02	4.073867e+02	7.911393e+01	4.330503e+01	1.607401e+02
660	1.888952e+01	2.691514e+03	4.220432e+02	4.071465e+02	7.903876e+01	4.335773e+01	1.610475e+02
661	1.891815e+01	2.685864e+03	4.222453e+02	4.070302e+02	7.892791e+01	4.332748e+01	1.617270e+02
662	1.894677e+01	2.691429e+03	4.224208e+02	4.067331e+02	7.915874e+01	4.329065e+01	1.625441e+02
663	1.897539e+01	2.679944e+03	4.226022e+02	4.067809e+02	7.887290e+01	4.326214e+01	1.629201e+02
664	1.900401e+01	2.675575e+03	4.228517e+02	4.066237e+02	7.865019e+01	4.331392e+01	1.638504e+02
665	1.903263e+01	2.689344e+03	4.230640e+02	4.063048e+02	7.876246e+01	4.347477e+01	1.649325e+02
666	1.906125e+01	2.691867e+03	4.231528e+02	4.062543e+02	7.884777e+01	4.346847e+01	1.652810e+02
667	1.908987e+01	2.682214e+03	4.233619e+02	4.060040e+02	7.886080e+01	4.330543e+01	1.658937e+02
668	1.911849e+01	2.668948e+03	4.236514e+02	4.060407e+02	7.896451e+01	4.303465e+01	1.667731e+02
669	1.914711e+01	2.684279e+03	4.238701e+02	4.059114e+02	7.900883e+01	4.325758e+01	1.673391e+02
670	1.917573e+01	2.667113e+03	4.240536e+02	4.058034e+02	7.860271e+01	4.320301e+01	1.676027e+02
671	1.920435e+01	2.675662e+03	4.242792e+02	4.056509e+02	7.897601e+01	4.313662e+01	1.686848e+02
672	1.923297e+01	2.681290e+03	4.244242e+02	4.056172e+02	7.871669e+01	4.336976e+01	1.691066e+02
673	1.926159e+01	2.670555e+03	4.247061e+02	4.054635e+02	7.878821e+01	4.315693e+01	1.700787e+02
674	1.929021e+01	2.680946e+03	4.248481e+02	4.053040e+02	7.905894e+01	4.317647e+01	1.708303e+02
675	1.931883e+01	2.678240e+03	4.250386e+02	4.050835e+02	7.884560e+01	4.324960e+01	1.713560e+02
676	1.934745e+01	2.682188e+03	4.253301e+02	4.050341e+02	7.926353e+01	4.308498e+01	1.727261e+02
677	1.937607e+01	2.667989e+03	4.254628e+02	4.049233e+02	7.896145e+01	4.302085e+01	1.732858e+02
678	1.940469e+01	2.685082e+03	4.257271e+02	4.046718e+02	7.917198e+01	4.318134e+01	1.738991e+02
679	1.943331e+01	2.682792e+03	4.257895e+02	4.046605e+02	7.901865e+01	4.322823e+01	1.743253e+02
680	1.946193e+01	2.678048e+03	4.260144e+02	4.045564e+02	7.894691e+01	4.319101e+01	1.751243e+02
681	1.949056e+01	2.677904e+03	4.262690e+02	4.045483e+02	7.902034e+01	4.314855e+01	1.759359e+02
682	1.951918e+01	2.676670e+03	4.264134e+02	4.043629e+02	7.917969e+01	4.304187e+01	1.763869e+02
683	1.954780e+01	2.681690e+03	4.266323e+02	4.042576e+02	7.883485e+01	4.331122e+01	1.770120e+02
684	1.957642e+01	2.682045e+03	4.268507e+02	4.041587e+02	7.909337e+01	4.317537e+01	1.776574e+02
685	1.960504e+01	2.679817e+03	4.271840e+02	4.040465e+02	7.897189e+01	4.320588e+01	1.786949e+02
686	1.963366e+01	2.673175e+03	4.273257e+02	4.041215e+02	7.880984e+01	4.318739e+01	1.788364e+02
687	1.966228e+01	2.681693e+03	4.276461e+02	4.038475e+02	7.918491e+01	4.311980e+01	1.799979e+02
688	1.969090e+01	2.684459e+03	4.276710e+02	4.037219e+02	7.891380e+01	4.331258e+01	3.957544e-01
689	1.971952e+01	2.676726e+03	4.279180e+02	4.038527e+02	7.874047e+01	4.328288e+01	1.479673e+00
690	1.974814e+01	2.658870e+03	4.282247e+02	4.037895e+02	7.886657e+01	4.292540e+01	1.852086e+00
691	1.977676e+01	2.657013e+03	4.284598e+02	4.036014e+02	7.862537e+01	4.302700e+01	2.533999e+00
692	1.980538e+01	2.668857e+03	4.286497e+02	4.035507e+02	7.910695e+01	4.295569e+01	3.573530e+00
693	1.983400e+01	2.670262e+03	4.290423e+02	4.034278e+02	7.890678e+01	4.308733e+01	4.507465e+00
694	1.986262e+01	2.674311e+03	4.292825e+02	4.032355e+02	7.914719e+01	4.302160e+01	4.912624e+00
695	1.989124e+01	2.667018e+03	4.293778e+02	4.032995e+02	7.898454e+01	4.299262e+01	5.374359e+00
696	1.991986e+01	2.674695e+03	4.296055e+02	4.031928e+02	7.912309e+01	4.304088e+01	6.476495e+00
697	1.994848e+01	2.677573e+03	4.298519e+02	4.030396e+02	7.911847e+01	4.308971e+01	7.362355e+00
698	1.997710e+01	2.671763e+03	4.299336e+02	4.032432e+02	7.889476e+01	4.311812e+01	7.842604e+00
699	2.000572e+01	2.677632e+03	4.301410e+02	4.032081e+02	7.896237e+01	4.317583e+01	8.388767e+00
700	2.003434e+01	2.677400e+03	4.304429e+02	4.029883e+02	7.901287e+01	4.314451e+01	9.192506e+00
701	2.006297e+01	2.669204e+03	4.306645e+02	4.030038e+02	7.878394e+01	4.313742e+01	1.000354e+01
702	2.009159e+01	2.661369e+03	4.309802e+02	4.029717e+02	7.902404e+01	4.288013e+01	1.057586e+01
703	2.012021e+01	2.677408e+03	4.312286e+02	4.028824e+02	7.895573e+01	4.317585e+01	1.174432e+01
704	2.014883e+01	2.667327e+03	4.313439e+02	4.029041e+02	7.862689e+01	4.319318e+01	1.234176e+01
705	2.017745e+01	2.667402e+03	4.317560e+02	4.027697e+02	7.887186e+01	4.306025e+01	1.319342e+01
706	2.020607e+01	2.671494e+03	4.319281e+02	4.028347e+02	7.894284e+01	4.308753e+01	1.381443e+01
707	2.023469e+01	2.666148e+03	4.320782e+02	4.028720e+02	7.877377e+01	4.309361e+01	1.438964e+01
708	2.026331e+01	2.677979e+03	4.323764e+02	4.027684e+02	7.888306e+01	4.322486e+01	1.539300e+01
709	2.029193e+01	2.673587e+03	4.326247e+02	4.027717e+02	7.884365e+01	4.317554e+01	1.613531e+01
710	2.032055e+01	2.677903e+03	4.329784e+02	4.026047e+02	7.891906e+01	4.320391e+01	1.656258e+01
711	2.034917e+01	2.658707e+03	4.331598e+02	4.027494e+02	7.883150e+01	4.294186e+01	1.722149e+01
712	2.037779e+01	2.653485e+03	4.333490e+02	4.025672e+02	7.870164e+01	4.292823e+01	1.763568e+01
713	2.040641e+01	2.655435e+03	4.336079e+02	4.026170e+02	7.849771e+01	4.307138e+01	1.866251e+01
714	2.043503e+01	2.675101e+03	4.339427e+02	4.025093e+02	7.916133e+01	4.302661e+01	1.940443e+01
715	2.046365e+01	2.671622e+03	4.341217e+02	4.025938e+02	7.874220e+01	4.319938e+01	2.020103e+01
716	2.049227e+01	2.672227e+03	4.341864e+02	4.027299e+02	7.877313e+01	4.319221e+01	2.060877e+01
717	2.052089e+01	2.684642e+03	4.347121e+02	4.024171e+02	7.922364e+01	4.314612e+01	2.163226e+01
718	2.054951e+01	2.680121e+03	4.349489e+02	4.024395e+02	7.919357e+01	4.308981e+01	2.257096e+01
719	2.057813e+01	2.678005e+03	4.350029e+02	4.025622e+02	7.932890e+01	4.298234e+01	2.333187e+01
720	2.060675e+01	2.678297e+03	4.354154e+02	4.023253e+02	7.898649e+01	4.317337e+01	2.390406e+01
721	2.063537e+01	2.683314e+03	4.356522e+02	4.024760e+02	7.927787e+01	4.309527e+01	2.464862e+01
722	2.066400e+01	2.684809e+03	4.359114e+02	4.024831e+02	7.915734e+01	4.318493e+01	2.552919e+01
723	2.069262e+01	2.676050e+03	4.360590e+02	4.025403e+02	7.878335e+01	4.324839e+01	2.616287e+01
724	2.072124e+01	2.662939e+03	4.362955e+02	4.025312e+02	7.877242e+01	4.304247e+01	2.681190e+01
725	2.074986e+01	2.679019e+03	4.365929e+02	4.025009e+02	7.901186e+01	4.317115e+01	2.777759e+01
726	2.077848e+01	2.665386e+03	4.367600e+02	4.025977e+02	7.868654e+01	4.312904e+01	2.846204e+01
727	2.080710e+01	2.684287e+03	4.371005e+02	4.025145e+02	7.939888e+01	4.304520e+01	2.913797e+01
728	2.083572e+01	2.678506e+03	4.372437e+02	4.027369e+02	7.911731e+01	4.310535e+01	3.009841e+01
729	2.086434e+01	2.681224e+03	4.376234e+02	4.026282e+02	7.939759e+01	4.299677e+01	3.090277e+01
730	2.089296e+01	2.673533e+03	4.378107e+02	4.025536e+02	7.888289e+01	4.315319e+01	3.161788e+01
731	2.092158e+01	2.677063e+03	4.381642e+02	4.024653e+02	7.902987e+01	4.312981e+01	3.260321e+01
732	2.095020e+01	2.680284e+03	4.382211e+02	4.026315e+02	7.918190e+01	4.309878e+01	3.321662e+01
733	2.097882e+01	2.673941e+03	4.385754e+02	4.026073e+02	7.911706e+01	4.303203e+01	3.373792e+01
734	2.100744e+01	2.669679e+03	4.387075e+02	4.027302e+02	7.901956e+01	4.301645e+01	3.435018e+01
735	2.103606e+01	2.690270e+03	4.390401e+02	4.027068e+02	7.956657e+01	4.305022e+01	3.498869e+01
736	2.106468e+01	2.680105e+03	4.392750e+02	4.027629e+02	7.918957e+01	4.309173e+01	3.592564e+01
737	2.109330e+01	2.679001e+03	4.394191e+02	4.028442e+02	7.911591e+01	4.311408e+01	3.663112e+01
738	2.112192e+01	2.666255e+03	4.397651e+02	4.028647e+02	7.875738e+01	4.310430e+01	3.732935e+01
739	2.115054e+01	2.673028e+03	4.399339e+02	4.030146e+02	7.922185e+01	4.296043e+01	3.816042e+01
740	2.117916e+01	2.667944e+03	4.402912e+02	4.029598e+02	7.897190e+01	4.301444e+01	3.902081e+01
741	2.120778e+01	2.678235e+03	4.405499e+02	4.029603e+02	7.901303e+01	4.315787e+01	3.976606e+01
742	2.123641e+01	2.670028e+03	4.407451e+02	4.031402e+02	7.894543e+01	4.306247e+01	4.028415e+01
743	2.126503e+01	2.659385e+03	4.408888e+02	4.032821e+02	7.864308e+01	4.305571e+01	4.110019e+01
744	2.129365e+01	2.661850e+03	4.411919e+02	4.033364e+02	7.896854e+01	4.291801e+01	4.196112e+01
745	2.132227e+01	2.670276e+03	4.414000e+02	4.034131e+02	7.899572e+01	4.303905e+01	4.259463e+01
746	2.135089e+01	2.663680e+03	4.415695e+02	4.035727e+02	7.899821e+01	4.293139e+01	4.350522e+01
747	2.137951e+01	2.657584e+03	4.418057e+02	4.036247e+02	7.878954e+01	4.294658e+01	4.408381e+01
748	2.140813e+01	2.667103e+03	4.419538e+02	4.037756e+02	7.906432e+01	4.295061e+01	4.454318e+01
749	2.143675e+01	2.660583e+03	4.422478e+02	4.037988e+02	7.899196e+01	4.288487e+01	4.534224e+01
750	2.146537e+01	2.664072e+03	4.426617e+02	4.038435e+02	7.916217e+01	4.284877e+01	4.639988e+01
751	2.149399e+01	2.658975e+03	4.428438e+02	4.039398e+02	7.888925e+01	4.291475e+01	4.708572e+01
752	2.152261e+01	2.659807e+03	4.430617e+02	4.041111e+02	7.893468e+01	4.290347e+01	4.754523e+01
753	2.155123e+01	2.665567e+03	4.433737e+02	4.041815e+02	7.911736e+01	4.289709e+01	4.833851e+01
754	2.157985e+01	2.662957e+03	4.435341e+02	4.042616e+02	7.917979e+01	4.282132e+01	4.928548e+01
755	2.160847e+01	2.651756e+03	4.436604e+02	4.045624e+02	7.879665e+01	4.284853e+01	5.013779e+01
756	2.163709e+01	2.651311e+03	4.438601e+02	4.046634e+02	7.853123e+01	4.298613e+01	5.048252e+01
757	2.166571e+01	2.661578e+03	4.440760e+02	4.047236e+02	7.918678e+01	4.279535e+01	5.162672e+01
758	2.169433e+01	2.648964e+03	4.443504e+02	4.048579e+02	7.878142e+01	4.281170e+01	5.227129e+01
759	2.172295e+01	2.664044e+03	4.445500e+02	4.050365e+02	7.901201e+01	4.292975e+01	5.261271e+01
760	2.175157e+01	2.664898e+03	4.447636e+02	4.050564e+02	7.920126e+01	4.284091e+01	5.335701e+01
761	2.178019e+01	2.652060e+03	4.447715e+02	4.053294e+02	7.899760e+01	4.274444e+01	5.421974e+01
762	2.180882e+01	2.661562e+03	4.451469e+02	4.053146e+02	7.950272e+01	4.262503e+01	5.488587e+01
763	2.183744e+01	2.670323e+03	4.454105e+02	4.054020e+02	7.942006e+01	4.280984e+01	5.521593e+01
764	2.186606e+01	2.651191e+03	4.455307e+02	4.056226e+02	7.866466e+01	4.291127e+01	5.607649e+01
765	2.189468e+01	2.662619e+03	4.457250e+02	4.057674e+02	7.903300e+01	4.289539e+01	5.701731e+01
766	2.192330e+01	2.658966e+03	4.460718e+02	4.058592e+02	7.912972e+01	4.278418e+01	5.769433e+01
767	2.195192e+01	2.653273e+03	4.461317e+02	4.060928e+02	7.897124e+01	4.277826e+01	5.847146e+01
768	2.198054e+01	2.653394e+03	4.463747e+02	4.061067e+02	7.905058e+01	4.273727e+01	5.896901e+01
769	2.200916e+01	2.658564e+03	4.466704e+02	4.062763e+02	7.935400e+01	4.265682e+01	5.947426e+01
770	2.203778e+01	2.658193e+03	4.467543e+02	4.064796e+02	7.902489e+01	4.282848e+01	6.061575e+01
771	2.206640e+01	2.668437e+03	4.471210e+02	4.066060e+02	7.947062e+01	4.275240e+01	6.135537e+01
772	2.209502e+01	2.654457e+03	4.473190e+02	4.067645e+02	7.944817e+01	4.254043e+01	6.181074e+01
773	2.212364e+01	2.663025e+03	4.473669e+02	4.069374e+02	7.947485e+01	4.266342e+01	6.265034e+01
774	2.215226e+01	2.648319e+03	4.477405e+02	4.070933e+02	7.938023e+01	4.247840e+01	6.348280e+01
775	2.218088e+01	2.655837e+03	4.479313e+02	4.072852e+02	7.923663e+01	4.267617e+01	6.419022e+01
776	2.220950e+01	2.655549e+03	4.481000e+02	4.074138e+02	7.931167e+01	4.263119e+01	6.486885e+01
777	2.223812e+01	2.643223e+03	4.482174e+02	4.075457e+02	7.926308e+01	4.245931e+01	6.533443e+01
778	2.226674e+01	2.656204e+03	4.483978e+02	4.077835e+02	7.970016e+01	4.243383e+01	6.610682e+01
779	2.229536e+01	2.647629e+03	4.485354e+02	4.079979e+02	7.987778e+01	4.220280e+01	6.648532e+01
780	2.232398e+01	2.645035e+03	4.487240e+02	4.081645e+02	7.973062e+01	4.223928e+01	6.730316e+01
781	2.235260e+01	2.656314e+03	4.490049e+02	4.082444e+02	7.985997e+01	4.235068e+01	6.817054e+01
782	2.238122e+01	2.659194e+03	4.491378e+02	4.085379e+02	7.959898e+01	4.253561e+01	6.879685e+01
783	2.240985e+01	2.664515e+03	4.494474e+02	4.085883e+02	7.961801e+01	4.261054e+01	6.948759e+01
784	2.243847e+01	2.651282e+03	4.495139e+02	4.088052e+02	7.955071e+01	4.243479e+01	7.005791e+01
785	2.246709e+01	2.642392e+03	4.496129e+02	4.090203e+02	7.935027e+01	4.239933e+01	7.096333e+01
786	2.249571e+01	2.663046e+03	4.498991e+02	4.090896e+02	7.977553e+01	4.250296e+01	7.127319e+01
787	2.252433e+01	2.644306e+03	4.499148e+02	4.094976e+02	7.932769e+01	4.244212e+01	7.238601e+01
788	2.255295e+01	2.646468e+03	4.500294e+02	4.095958e+02	7.927797e+01	4.250346e+01	7.288261e+01
789	2.258157e+01	2.646478e+03	4.501744e+02	4.098185e+02	7.977278e+01	4.223998e+01	7.372645e+01
790	2.261019e+01	2.646910e+03	4.503895e+02	4.100201e+02	7.947610e+01	4.240458e+01	7.432711e+01
791	2.263881e+01	2.653975e+03	4.505637e+02	4.101905e+02	7.965987e+01	4.241967e+01	7.496116e+01
792	2.266743e+01	2.658537e+03	4.506169e+02	4.105081e+02	7.976876e+01	4.243459e+01	7.576181e+01
793	2.269605e+01	2.653317e+03	4.508427e+02	4.105882e+02	7.982394e+01	4.232199e+01	7.625319e+01
794	2.272467e+01	2.652660e+03	4.511713e+02	4.108107e+02	7.990961e+01	4.226615e+01	7.749272e+01
795	2.275329e+01	2.649355e+03	4.511790e+02	4.110779e+02	7.980148e+01	4.227069e+01	7.816240e+01
796	2.278191e+01	2.643872e+03	4.512642e+02	4.112540e+02	7.976963e+01	4.220006e+01	7.861803e+01
797	2.281053e+01	2.647530e+03	4.514276e+02	4.113617e+02	7.975835e+01	4.226442e+01	7.938216e+01
798	2.283915e+01	2.628516e+03	4.517110e+02	4.116628e+02	7.964666e+01	4.201972e+01	8.018297e+01
799	2.286777e+01	2.630856e+03	4.518383e+02	4.118571e+02	7.962363e+01	4.206929e+01	8.084677e+01
