1	2.866151e-02	2.600666e+03	3.970752e+02	1.850326e+02	7.734201e+01	4.281335e+01	1.521937e+02
2	5.732302e-02	2.598900e+03	3.964974e+02	1.840807e+02	7.731245e+01	4.280064e+01	1.527509e+02
3	8.598452e-02	2.610155e+03	3.960865e+02	1.832570e+02	7.748792e+01	4.288866e+01	1.539016e+02
4	1.146460e-01	2.599090e+03	3.955432e+02	1.822932e+02	7.752349e+01	4.268724e+01	1.546860e+02
5	1.433075e-01	2.588465e+03	3.950667e+02	1.816196e+02	7.709203e+01	4.275067e+01	1.556664e+02
6	1.719690e-01	2.577027e+03	3.945401e+02	1.807428e+02	7.708150e+01	4.256758e+01	1.565578e+02
7	2.006306e-01	2.605524e+03	3.941286e+02	1.798839e+02	7.723359e+01	4.295354e+01	1.570718e+02
8	2.292921e-01	2.604634e+03	3.936673e+02	1.789877e+02	7.745999e+01	4.281337e+01	1.581943e+02
9	2.579536e-01	2.606164e+03	3.931735e+02	1.782923e+02	7.771638e+01	4.269719e+01	1.591860e+02
10	2.866151e-01	2.600181e+03	3.928025e+02	1.774586e+02	7.741918e+01	4.276270e+01	1.600014e+02
11	3.152766e-01	2.598589e+03	3.924564e+02	1.766292e+02	7.771355e+01	4.257464e+01	1.610291e+02
12	3.439381e-01	2.597231e+03	3.919469e+02	1.756759e+02	7.752818e+01	4.265413e+01	1.613176e+02
13	3.725996e-01	2.592920e+03	3.916689e+02	1.747013e+02	7.709627e+01	4.282190e+01	1.624103e+02
14	4.012611e-01	2.598899e+03	3.911656e+02	1.737735e+02	7.749102e+01	4.270199e+01	1.632512e+02
15	4.299226e-01	2.600902e+03	3.909499e+02	1.729394e+02	7.756474e+01	4.269429e+01	1.642112e+02
16	4.585841e-01	2.592089e+03	3.905605e+02	1.720832e+02	7.747867e+01	4.259689e+01	1.652127e+02
17	4.872456e-01	2.584050e+03	3.903841e+02	1.713328e+02	7.689610e+01	4.278649e+01	1.657861e+02
18	5.159071e-01	2.610348e+03	3.900722e+02	1.701326e+02	7.744217e+01	4.291716e+01	1.670170e+02
19	5.445686e-01	2.607342e+03	3.896828e+02	1.692249e+02	7.743967e+01	4.286912e+01	1.679028e+02
20	5.732302e-01	2.620119e+03	3.893665e+02	1.683714e+02	7.780589e+01	4.287643e+01	1.690176e+02
21	6.018917e-01	2.598821e+03	3.890812e+02	1.674191e+02	7.712291e+01	4.290453e+01	1.697885e+02
22	6.305532e-01	2.588208e+03	3.888016e+02	1.662608e+02	7.744354e+01	4.255240e+01	1.709276e+02
23	6.592147e-01	2.601357e+03	3.884240e+02	1.654783e+02	7.731400e+01	4.284024e+01	1.711971e+02
24	6.878762e-01	2.597394e+03	3.881760e+02	1.647437e+02	7.714703e+01	4.286756e+01	1.719293e+02
25	7.165377e-01	2.606296e+03	3.879240e+02	1.636894e+02	7.704443e+01	4.307176e+01	1.725994e+02
26	7.451992e-01	2.585568e+03	3.876743e+02	1.629206e+02	7.676439e+01	4.288509e+01	1.736743e+02
27	7.738607e-01	2.599867e+03	3.875162e+02	1.619662e+02	7.682829e+01	4.308639e+01	1.747448e+02
28	8.025222e-01	2.597162e+03	3.873839e+02	1.611512e+02	7.684240e+01	4.303366e+01	1.754478e+02
29	8.311837e-01	2.598907e+03	3.872255e+02	1.601151e+02	7.709093e+01	4.292374e+01	1.762332e+02
30	8.598452e-01	2.595448e+03	3.870785e+02	1.592398e+02	7.701958e+01	4.290631e+01	1.773012e+02
31	8.885067e-01	2.592386e+03	3.868599e+02	1.581128e+02	7.764590e+01	4.251002e+01	1.780952e+02
32	9.171682e-01	2.584931e+03	3.867751e+02	1.570824e+02	7.729958e+01	4.257768e+01	1.796225e+02
33	9.458298e-01	2.587905e+03	3.867734e+02	1.560852e+02	7.719260e+01	4.268573e+01	3.503816e-01
34	9.744913e-01	2.584491e+03	3.866298e+02	1.552729e+02	7.667658e+01	4.291631e+01	9.224055e-01
35	1.003153e+00	2.603101e+03	3.866442e+02	1.541844e+02	7.746969e+01	4.278282e+01	2.316690e+00
36	1.031814e+00	2.607318e+03	3.866001e+02	1.532065e+02	7.749564e+01	4.283776e+01	3.143877e+00
37	1.060476e+00	2.600021e+03	3.867214e+02	1.522474e+02	7.766067e+01	4.262711e+01	3.994391e+00
38	1.089137e+00	2.606874e+03	3.865179e+02	1.513344e+02	7.737237e+01	4.289872e+01	4.585121e+00
39	1.117799e+00	2.596172e+03	3.865473e+02	1.502080e+02	7.744262e+01	4.268385e+01	5.643847e+00
40	1.146460e+00	2.595138e+03	3.864669e+02	1.494385e+02	7.748103e+01	4.264570e+01	6.535697e+00
41	1.175122e+00	2.598546e+03	3.866421e+02	1.484796e+02	7.722058e+01	4.284573e+01	7.600579e+00
42	1.203783e+00	2.602177e+03	3.866744e+02	1.473157e+02	7.738833e+01	4.281258e+01	8.982981e+00
43	1.232445e+00	2.602624e+03	3.867480e+02	1.465104e+02	7.768327e+01	4.265737e+01	1.014633e+01
44	1.261106e+00	2.586140e+03	3.868407e+02	1.455539e+02	7.737136e+01	4.255807e+01	1.090748e+01
45	1.289768e+00	2.591485e+03	3.869898e+02	1.446867e+02	7.726999e+01	4.270197e+01	1.191340e+01
46	1.318429e+00	2.587215e+03	3.871164e+02	1.438508e+02	7.706052e+01	4.274750e+01	1.282681e+01
47	1.347091e+00	2.578269e+03	3.871769e+02	1.427343e+02	7.684500e+01	4.271915e+01	1.337922e+01
48	1.375752e+00	2.578124e+03	3.873367e+02	1.418673e+02	7.695000e+01	4.265847e+01	1.505522e+01
49	1.404414e+00	2.592192e+03	3.875883e+02	1.407341e+02	7.736536e+01	4.266097e+01	1.582616e+01
50	1.433075e+00	2.588506e+03	3.876400e+02	1.399756e+02	7.718650e+01	4.269903e+01	1.704304e+01
51	1.461737e+00	2.586048e+03	3.879415e+02	1.390536e+02	7.723949e+01	4.262921e+01	1.788708e+01
52	1.490398e+00	2.578575e+03	3.882473e+02	1.380135e+02	7.727608e+01	4.248590e+01	1.864892e+01
53	1.519060e+00	2.571352e+03	3.884380e+02	1.371271e+02	7.692845e+01	4.255834e+01	1.931265e+01
54	1.547721e+00	2.576276e+03	3.886223e+02	1.363006e+02	7.727994e+01	4.244590e+01	2.046024e+01
55	1.576383e+00	2.575303e+03	3.890099e+02	1.354108e+02	7.724540e+01	4.244884e+01	2.188056e+01
56	1.605044e+00	2.583617e+03	3.893653e+02	1.343176e+02	7.729245e+01	4.255995e+01	2.309968e+01
57	1.633706e+00	2.574405e+03	3.896806e+02	1.335008e+02	7.708976e+01	4.251970e+01	2.445260e+01
58	1.662367e+00	2.579856e+03	3.901165e+02	1.324284e+02	7.766723e+01	4.229292e+01	2.576081e+01
59	1.691029e+00	2.583642e+03	3.904795e+02	1.315258e+02	7.732214e+01	4.254402e+01	2.697233e+01
60	1.719690e+00	2.597120e+03	3.909573e+02	1.306467e+02	7.778104e+01	4.251365e+01	2.815747e+01
61	1.748352e+00	2.583200e+03	3.912567e+02	1.297648e+02	7.748035e+01	4.244989e+01	2.896896e+01
62	1.777013e+00	2.570304e+03	3.917569e+02	1.287867e+02	7.754664e+01	4.220186e+01	3.049646e+01
63	1.805675e+00	2.589632e+03	3.922721e+02	1.277077e+02	7.812155e+01	4.220630e+01	3.151615e+01
64	1.834336e+00	2.597419e+03	3.927776e+02	1.268191e+02	7.813512e+01	4.232586e+01	3.243272e+01
65	1.862998e+00	2.595263e+03	3.932288e+02	1.260057e+02	7.803915e+01	4.234275e+01	3.377223e+01
66	1.891660e+00	2.599889e+03	3.937745e+02	1.250308e+02	7.830553e+01	4.227391e+01	3.499800e+01
67	1.920321e+00	2.596298e+03	3.941573e+02	1.244842e+02	7.860471e+01	4.205485e+01	3.551472e+01
68	1.948983e+00	2.581871e+03	3.947110e+02	1.236784e+02	7.783108e+01	4.223685e+01	3.650569e+01
69	1.977644e+00	2.588052e+03	3.952894e+02	1.227331e+02	7.817822e+01	4.214997e+01	3.768971e+01
70	2.006306e+00	2.594235e+03	3.957145e+02	1.220098e+02	7.795004e+01	4.237435e+01	3.864710e+01
71	2.034967e+00	2.600095e+03	3.963897e+02	1.211372e+02	7.805493e+01	4.241300e+01	3.939515e+01
72	2.063629e+00	2.581358e+03	3.968884e+02	1.202810e+02	7.784175e+01	4.222268e+01	4.019690e+01
73	2.092290e+00	2.579490e+03	3.974435e+02	1.194691e+02	7.792754e+01	4.214567e+01	4.131713e+01
74	2.120952e+00	2.577088e+03	3.980849e+02	1.185934e+02	7.780743e+01	4.217143e+01	4.173350e+01
75	2.149613e+00	2.567952e+03	3.986176e+02	1.177259e+02	7.762102e+01	4.212285e+01	4.295610e+01
76	2.178275e+00	2.572437e+03	3.991625e+02	1.170391e+02	7.813435e+01	4.191919e+01	4.350843e+01
77	2.206936e+00	2.572103e+03	3.998188e+02	1.163696e+02	7.797717e+01	4.199823e+01	4.395180e+01
78	2.235598e+00	2.582823e+03	4.004164e+02	1.157346e+02	7.809357e+01	4.211041e+01	4.536726e+01
79	2.264259e+00	2.580988e+03	4.010854e+02	1.148853e+02	7.818607e+01	4.203072e+01	4.608525e+01
80	2.292921e+00	2.564148e+03	4.016759e+02	1.142426e+02	7.795042e+01	4.188270e+01	4.677413e+01
81	2.321582e+00	2.564431e+03	4.023358e+02	1.135223e+02	7.795949e+01	4.188245e+01	4.774038e+01
82	2.350244e+00	2.578672e+03	4.029849e+02	1.127144e+02	7.810448e+01	4.203686e+01	4.875439e+01
83	2.378905e+00	2.565111e+03	4.036550e+02	1.120744e+02	7.787214e+01	4.194055e+01	4.898480e+01
84	2.407567e+00	2.574098e+03	4.044906e+02	1.112550e+02	7.777744e+01	4.213874e+01	5.010512e+01
85	2.436228e+00	2.561859e+03	4.051434e+02	1.106641e+02	7.808303e+01	4.177425e+01	5.108106e+01
86	2.464890e+00	2.584979e+03	4.060324e+02	1.099382e+02	7.826637e+01	4.205252e+01	5.170077e+01
87	2.493551e+00	2.577748e+03	4.067371e+02	1.092702e+02	7.813701e+01	4.200430e+01	5.251709e+01
88	2.522213e+00	2.574973e+03	4.073005e+02	1.087888e+02	7.805478e+01	4.200329e+01	5.346892e+01
89	2.550874e+00	2.581856e+03	4.079583e+02	1.081956e+02	7.854105e+01	4.185481e+01	5.446933e+01
90	2.579536e+00	2.564949e+03	4.088488e+02	1.076097e+02	7.779095e+01	4.198167e+01	5.548713e+01
91	2.608197e+00	2.568433e+03	4.096489e+02	1.068523e+02	7.819532e+01	4.182131e+01	5.584504e+01
92	2.636859e+00	2.576797e+03	4.102992e+02	1.063636e+02	7.832444e+01	4.188832e+01	5.710189e+01
93	2.665520e+00	2.583901e+03	4.109906e+02	1.059279e+02	7.825992e+01	4.203845e+01	5.824948e+01
94	2.694182e+00	2.552178e+03	4.118175e+02	1.052637e+02	7.774480e+01	4.179745e+01	5.907828e+01
95	2.722843e+00	2.564282e+03	4.127399e+02	1.047224e+02	7.826232e+01	4.171798e+01	5.999920e+01
96	2.751505e+00	2.566071e+03	4.135280e+02	1.042505e+02	7.816697e+01	4.179800e+01	6.119299e+01
97	2.780166e+00	2.572529e+03	4.143692e+02	1.037023e+02	7.839321e+01	4.178227e+01	6.198595e+01
98	2.808828e+00	2.588793e+03	4.152759e+02	1.031111e+02	7.852506e+01	4.197581e+01	6.273294e+01
99	2.837489e+00	2.575393e+03	4.161156e+02	1.027037e+02	7.844723e+01	4.179998e+01	6.382533e+01
100	2.866151e+00	2.560516e+03	4.168883e+02	1.022941e+02	7.803831e+01	4.177628e+01	6.443074e+01
101	2.894812e+00	2.559304e+03	4.175998e+02	1.017699e+02	7.773807e+01	4.191778e+01	6.529202e+01
102	2.923474e+00	2.552116e+03	4.186458e+02	1.012520e+02	7.773504e+01	4.180168e+01	6.587836e+01
103	2.952135e+00	2.571465e+03	4.195775e+02	1.008105e+02	7.848701e+01	4.171507e+01	6.744208e+01
104	2.980797e+00	2.561888e+03	4.201853e+02	1.004742e+02	7.804153e+01	4.179694e+01	6.778555e+01
105	3.009458e+00	2.563908e+03	4.212864e+02	1.000165e+02	7.811228e+01	4.179201e+01	6.881375e+01
106	3.038120e+00	2.564356e+03	4.222545e+02	9.969585e+01	7.846934e+01	4.160911e+01	6.998930e+01
107	3.066781e+00	2.562866e+03	4.232726e+02	9.918646e+01	7.839331e+01	4.162527e+01	7.012089e+01
108	3.095443e+00	2.578020e+03	4.242912e+02	9.877118e+01	7.848105e+01	4.182458e+01	7.130595e+01
109	3.124104e+00	2.575050e+03	4.254074e+02	9.844222e+01	7.846720e+01	4.178376e+01	7.274232e+01
110	3.152766e+00	2.559738e+03	4.262656e+02	9.809013e+01	7.856096e+01	4.148575e+01	7.324692e+01
111	3.181427e+00	2.560649e+03	4.272600e+02	9.780966e+01	7.826614e+01	4.165683e+01	7.464085e+01
112	3.210089e+00	2.571121e+03	4.280598e+02	9.761893e+01	7.836800e+01	4.177282e+01	7.527054e+01
113	3.238750e+00	2.565908e+03	4.291839e+02	9.719331e+01	7.836557e+01	4.168943e+01	7.654106e+01
114	3.267412e+00	2.564853e+03	4.300782e+02	9.695904e+01	7.886492e+01	4.140842e+01	7.732421e+01
115	3.296073e+00	2.560771e+03	4.310161e+02	9.670514e+01	7.851476e+01	4.152690e+01	7.800612e+01
116	3.324735e+00	2.560374e+03	4.319183e+02	9.647497e+01	7.830853e+01	4.162982e+01	7.899504e+01
117	3.353396e+00	2.571383e+03	4.331850e+02	9.634698e+01	7.837742e+01	4.177207e+01	8.004014e+01
118	3.382058e+00	2.555127e+03	4.339630e+02	9.608708e+01	7.825381e+01	4.157355e+01	8.103234e+01
119	3.410719e+00	2.555421e+03	4.348706e+02	9.586410e+01	7.816416e+01	4.162601e+01	8.170688e+01
120	3.439381e+00	2.576265e+03	4.358929e+02	9.587193e+01	7.862789e+01	4.171805e+01	8.323083e+01
121	3.468042e+00	2.571010e+03	4.370251e+02	9.575224e+01	7.849673e+01	4.170253e+01	8.405542e+01
122	3.496704e+00	2.585085e+03	4.378730e+02	9.550140e+01	7.888080e+01	4.172666e+01	8.481784e+01
123	3.525365e+00	2.579352e+03	4.390736e+02	9.544556e+01	7.889112e+01	4.162868e+01	8.594687e+01
124	3.554027e+00	2.587391e+03	4.403581e+02	9.543170e+01	7.893294e+01	4.173629e+01	8.727242e+01
125	3.582688e+00	2.585322e+03	4.410374e+02	9.524928e+01	7.886657e+01	4.173802e+01	8.810533e+01
126	3.611350e+00	2.589520e+03	4.421561e+02	9.523515e+01	7.862830e+01	4.193248e+01	8.911738e+01
127	3.640011e+00	2.592412e+03	4.434653e+02	9.533201e+01	7.859099e+01	4.199924e+01	9.068427e+01
128	3.668673e+00	2.590887e+03	4.444190e+02	9.530734e+01	7.888012e+01	4.182067e+01	9.136446e+01
129	3.697334e+00	2.582416e+03	4.453676e+02	9.526549e+01	7.890353e+01	4.167157e+01	9.133426e+01
130	3.725996e+00	2.589435e+03	4.464579e+02	9.529072e+01	7.835871e+01	4.207537e+01	9.254749e+01
131	3.754657e+00	2.585239e+03	4.474796e+02	9.527161e+01	7.826802e+01	4.205585e+01	9.380633e+01
132	3.783319e+00	2.573508e+03	4.483660e+02	9.536691e+01	7.806515e+01	4.197381e+01	9.465320e+01
133	3.811981e+00	2.607933e+03	4.495318e+02	9.546856e+01	7.855202e+01	4.227164e+01	9.586301e+01
134	3.840642e+00	2.592274e+03	4.505426e+02	9.565672e+01	7.829027e+01	4.215831e+01	9.667734e+01
135	3.869304e+00	2.582132e+03	4.515702e+02	9.558327e+01	7.811932e+01	4.208527e+01	9.734376e+01
136	3.897965e+00	2.595157e+03	4.527024e+02	9.582281e+01	7.817031e+01	4.226997e+01	9.850306e+01
137	3.926627e+00	2.604050e+03	4.540857e+02	9.613026e+01	7.851335e+01	4.222950e+01	1.000875e+02
138	3.955288e+00	2.628040e+03	4.548788e+02	9.624542e+01	7.876001e+01	4.248508e+01	1.004127e+02
139	3.983950e+00	2.603373e+03	4.559867e+02	9.643281e+01	7.837360e+01	4.229380e+01	1.018912e+02
140	4.012611e+00	2.610707e+03	4.566770e+02	9.668240e+01	7.853165e+01	4.232758e+01	1.029319e+02
141	4.041273e+00	2.603443e+03	4.578223e+02	9.692938e+01	7.793346e+01	4.253381e+01	1.036198e+02
142	4.069934e+00	2.598887e+03	4.589537e+02	9.730595e+01	7.835588e+01	4.223047e+01	1.046424e+02
143	4.098596e+00	2.598878e+03	4.597491e+02	9.740105e+01	7.774107e+01	4.256430e+01	1.049206e+02
144	4.127257e+00	2.606368e+03	4.608163e+02	9.774928e+01	7.803701e+01	4.252509e+01	1.063513e+02
145	4.155919e+00	2.613458e+03	4.619112e+02	9.796940e+01	7.807304e+01	4.262109e+01	1.070811e+02
146	4.184580e+00	2.604894e+03	4.628644e+02	9.824921e+01	7.834805e+01	4.233232e+01	1.080738e+02
147	4.213242e+00	2.615950e+03	4.639042e+02	9.863409e+01	7.824590e+01	4.256749e+01	1.089083e+02
148	4.241903e+00	2.629523e+03	4.649895e+02	9.910663e+01	7.863741e+01	4.257531e+01	1.101676e+02
149	4.270565e+00	2.607820e+03	4.659464e+02	9.938638e+01	7.794115e+01	4.260111e+01	1.109729e+02
150	4.299226e+00	2.612033e+03	4.668856e+02	9.977452e+01	7.813035e+01	4.256660e+01	1.120556e+02
151	4.327888e+00	2.619517e+03	4.679052e+02	1.001581e+02	7.795143e+01	4.278655e+01	1.127452e+02
152	4.356549e+00	2.626166e+03	4.692364e+02	1.007511e+02	7.808053e+01	4.282424e+01	1.138337e+02
153	4.385211e+00	2.590124e+03	4.699089e+02	1.009514e+02	7.762023e+01	4.248697e+01	1.141335e+02
154	4.413872e+00	2.599290e+03	4.708576e+02	1.012896e+02	7.746930e+01	4.272040e+01	1.154043e+02
155	4.442534e+00	2.628024e+03	4.717656e+02	1.016674e+02	7.774617e+01	4.303882e+01	1.163714e+02
156	4.471195e+00	2.608413e+03	4.726686e+02	1.022039e+02	7.770847e+01	4.273839e+01	1.172630e+02
157	4.499857e+00	2.619906e+03	4.737261e+02	1.027708e+02	7.790249e+01	4.281978e+01	1.182387e+02
158	4.528518e+00	2.621973e+03	4.747519e+02	1.033493e+02	7.846281e+01	4.254754e+01	1.190294e+02
159	4.557180e+00	2.621667e+03	4.755689e+02	1.037593e+02	7.827341e+01	4.264552e+01	1.198137e+02
160	4.585841e+00	2.626082e+03	4.765244e+02	1.043998e+02	7.812053e+01	4.280094e+01	1.204943e+02
161	4.614503e+00	2.622468e+03	4.775805e+02	1.047862e+02	7.777925e+01	4.292957e+01	1.215646e+02
162	4.643164e+00	2.634917e+03	4.784433e+02	1.052842e+02	7.822186e+01	4.288930e+01	1.218941e+02
163	4.671826e+00	2.630786e+03	4.795528e+02	1.060121e+02	7.783563e+01	4.303455e+01	1.230630e+02
164	4.700487e+00	2.632771e+03	4.803457e+02	1.065364e+02	7.819092e+01	4.287133e+01	1.239331e+02
165	4.729149e+00	2.627587e+03	4.813315e+02	1.070823e+02	7.770480e+01	4.305458e+01	1.245566e+02
166	4.757810e+00	2.617687e+03	4.821919e+02	1.075849e+02	7.779104e+01	4.284481e+01	1.252847e+02
167	4.786472e+00	2.638571e+03	4.829929e+02	1.081662e+02	7.773441e+01	4.321809e+01	1.262083e+02
168	4.815133e+00	2.642713e+03	4.838852e+02	1.090268e+02	7.814351e+01	4.305933e+01	1.275845e+02
169	4.843795e+00	2.653523e+03	4.847736e+02	1.096713e+02	7.830602e+01	4.314574e+01	1.286434e+02
170	4.872456e+00	2.645748e+03	4.856712e+02	1.102472e+02	7.811556e+01	4.312420e+01	1.290245e+02
171	4.901118e+00	2.631151e+03	4.864322e+02	1.108822e+02	7.785790e+01	4.302820e+01	1.296833e+02
172	4.929779e+00	2.644190e+03	4.871674e+02	1.113857e+02	7.811815e+01	4.309737e+01	1.303212e+02
173	4.958441e+00	2.634110e+03	4.881353e+02	1.122482e+02	7.780549e+01	4.310561e+01	1.309877e+02
174	4.987102e+00	2.654045e+03	4.889110e+02	1.129618e+02	7.823654e+01	4.319254e+01	1.321283e+02
175	5.015764e+00	2.645892e+03	4.897728e+02	1.135946e+02	7.807452e+01	4.314922e+01	1.329951e+02
176	5.044425e+00	2.643390e+03	4.906033e+02	1.144316e+02	7.810005e+01	4.309432e+01	1.340672e+02
177	5.073087e+00	2.649978e+03	4.913790e+02	1.150349e+02	7.835368e+01	4.306188e+01	1.349585e+02
178	5.101748e+00	2.644699e+03	4.921386e+02	1.158614e+02	7.823820e+01	4.303953e+01	1.361236e+02
179	5.130410e+00	2.641250e+03	4.929771e+02	1.166296e+02	7.817046e+01	4.302065e+01	1.366280e+02
180	5.159071e+00	2.660586e+03	4.936884e+02	1.173620e+02	7.856493e+01	4.311801e+01	1.377597e+02
181	5.187733e+00	2.661249e+03	4.945491e+02	1.182251e+02	7.850549e+01	4.316140e+01	1.388119e+02
182	5.216394e+00	2.667532e+03	4.951939e+02	1.188642e+02	7.842081e+01	4.331003e+01	1.393289e+02
183	5.245056e+00	2.646223e+03	4.959323e+02	1.197068e+02	7.797051e+01	4.321218e+01	1.398504e+02
184	5.273717e+00	2.660546e+03	4.965966e+02	1.205336e+02	7.831995e+01	4.325224e+01	1.414567e+02
185	5.302379e+00	2.662255e+03	4.974318e+02	1.214344e+02	7.846313e+01	4.320103e+01	1.419667e+02
186	5.331040e+00	2.669974e+03	4.981652e+02	1.221534e+02	7.846513e+01	4.332519e+01	1.430321e+02
187	5.359702e+00	2.669874e+03	4.988547e+02	1.231030e+02	7.831824e+01	4.340482e+01	1.438522e+02
188	5.388363e+00	2.668158e+03	4.994020e+02	1.238800e+02	7.845264e+01	4.330262e+01	1.446133e+02
189	5.417025e+00	2.672851e+03	5.002026e+02	1.249287e+02	7.839325e+01	4.341163e+01	1.454812e+02
190	5.445686e+00	2.669549e+03	5.008626e+02	1.257813e+02	7.844905e+01	4.332717e+01	1.467147e+02
191	5.474348e+00	2.662024e+03	5.014893e+02	1.266535e+02	7.834129e+01	4.326446e+01	1.478374e+02
192	5.503009e+00	2.663577e+03	5.020042e+02	1.274187e+02	7.851593e+01	4.319342e+01	1.479848e+02
193	5.531671e+00	2.685268e+03	5.025879e+02	1.282668e+02	7.878117e+01	4.339857e+01	1.490784e+02
194	5.560332e+00	2.678683e+03	5.032633e+02	1.292575e+02	7.881809e+01	4.327186e+01	1.500744e+02
195	5.588994e+00	2.674979e+03	5.038765e+02	1.300583e+02	7.846153e+01	4.340840e+01	1.507757e+02
196	5.617655e+00	2.665741e+03	5.044698e+02	1.310417e+02	7.832361e+01	4.333465e+01	1.515904e+02
197	5.646317e+00	2.668501e+03	5.049062e+02	1.317286e+02	7.847212e+01	4.329742e+01	1.522229e+02
198	5.674979e+00	2.674002e+03	5.055461e+02	1.327012e+02	7.867553e+01	4.327452e+01	1.530025e+02
199	5.703640e+00	2.673300e+03	5.060449e+02	1.337192e+02	7.851398e+01	4.335216e+01	1.538405e+02
200	5.732302e+00	2.667766e+03	5.065303e+02	1.346742e+02	7.842962e+01	4.330896e+01	1.549398e+02
201	5.760963e+00	2.653062e+03	5.071477e+02	1.357619e+02	7.839379e+01	4.308994e+01	1.556509e+02
202	5.789625e+00	2.662293e+03	5.075818e+02	1.365758e+02	7.832393e+01	4.327843e+01	1.560844e+02
203	5.818286e+00	2.672127e+03	5.080528e+02	1.375630e+02	7.845235e+01	4.336718e+01	1.573950e+02
204	5.846948e+00	2.668314e+03	5.086389e+02	1.385897e+02	7.849171e+01	4.328359e+01	1.583730e+02
205	5.875609e+00	2.657970e+03	5.090892e+02	1.396008e+02	7.804938e+01	4.336015e+01	1.593809e+02
206	5.904271e+00	2.667843e+03	5.094624e+02	1.405549e+02	7.835493e+01	4.335150e+01	1.600408e+02
207	5.932932e+00	2.665469e+03	5.099406e+02	1.415319e+02	7.830484e+01	4.334063e+01	1.612778e+02
208	5.961594e+00	2.668635e+03	5.102358e+02	1.426924e+02	7.832069e+01	4.338332e+01	1.623801e+02
209	5.990255e+00	2.666887e+03	5.109471e+02	1.437626e+02	7.845621e+01	4.328002e+01	1.632125e+02
210	6.018917e+00	2.675675e+03	5.112211e+02	1.448491e+02	7.869079e+01	4.329319e+01	1.639967e+02
211	6.047578e+00	2.663057e+03	5.116302e+02	1.457711e+02	7.799037e+01	4.347601e+01	1.646422e+02
212	6.076240e+00	2.664194e+03	5.119661e+02	1.469807e+02	7.781976e+01	4.358993e+01	1.656813e+02
213	6.104901e+00	2.662646e+03	5.124088e+02	1.480547e+02	7.835408e+01	4.326752e+01	1.668133e+02
214	6.133563e+00	2.664298e+03	5.126160e+02	1.489477e+02	7.855228e+01	4.318512e+01	1.673211e+02
215	6.162224e+00	2.658814e+03	5.129552e+02	1.499636e+02	7.822944e+01	4.327409e+01	1.675660e+02
216	6.190886e+00	2.673421e+03	5.133483e+02	1.510300e+02	7.836026e+01	4.343917e+01	1.685549e+02
217	6.219547e+00	2.667600e+03	5.136166e+02	1.522718e+02	7.837228e+01	4.333795e+01	1.698539e+02
218	6.248209e+00	2.655799e+03	5.139446e+02	1.532500e+02	7.832114e+01	4.317440e+01	1.701809e+02
219	6.276870e+00	2.657095e+03	5.142360e+02	1.543958e+02	7.835503e+01	4.317679e+01	1.712469e+02
220	6.305532e+00	2.654787e+03	5.145512e+02	1.553870e+02	7.830151e+01	4.316877e+01	1.719614e+02
221	6.334193e+00	2.668815e+03	5.147780e+02	1.564354e+02	7.847387e+01	4.330156e+01	1.729554e+02
222	6.362855e+00	2.655424e+03	5.148962e+02	1.574386e+02	7.825582e+01	4.320435e+01	1.737873e+02
223	6.391516e+00	2.661909e+03	5.150413e+02	1.584462e+02	7.834861e+01	4.325855e+01	1.750613e+02
224	6.420178e+00	2.668795e+03	5.151791e+02	1.596624e+02	7.817081e+01	4.346911e+01	1.761158e+02
225	6.448839e+00	2.664932e+03	5.153661e+02	1.607713e+02	7.847343e+01	4.323880e+01	1.770583e+02
226	6.477501e+00	2.673121e+03	5.154102e+02	1.617839e+02	7.873288e+01	4.322874e+01	1.781561e+02
227	6.506162e+00	2.659865e+03	5.156411e+02	1.628243e+02	7.852370e+01	4.312896e+01	1.785697e+02
228	6.534824e+00	2.685611e+03	5.156910e+02	1.641617e+02	7.907841e+01	4.324095e+01	8.746302e-02
229	6.563485e+00	2.675537e+03	5.156865e+02	1.653253e+02	7.883226e+01	4.321327e+01	1.359044e+00
230	6.592147e+00	2.667991e+03	5.156624e+02	1.664818e+02	7.851165e+01	4.326736e+01	2.693686e+00
231	6.620808e+00	2.675248e+03	5.157133e+02	1.675227e+02	7.870802e+01	4.327680e+01	3.748726e+00
232	6.649470e+00	2.680258e+03	5.156547e+02	1.685428e+02	7.893966e+01	4.323063e+01	4.670931e+00
233	6.678131e+00	2.682098e+03	5.156517e+02	1.696645e+02	7.897704e+01	4.323982e+01	5.841146e+00
234	6.706793e+00	2.658315e+03	5.155886e+02	1.707126e+02	7.864580e+01	4.303690e+01	6.428855e+00
235	6.735454e+00	2.655148e+03	5.156113e+02	1.718985e+02	7.851438e+01	4.305759e+01	7.553149e+00
236	6.764116e+00	2.636481e+03	5.155936e+02	1.729710e+02	7.857566e+01	4.272152e+01	8.481943e+00
237	6.792777e+00	2.672824e+03	5.154210e+02	1.741370e+02	7.877706e+01	4.319970e+01	9.815189e+00
238	6.821439e+00	2.657613e+03	5.153659e+02	1.754430e+02	7.893487e+01	4.286797e+01	1.072317e+01
239	6.850100e+00	2.654382e+03	5.152800e+02	1.763883e+02	7.887215e+01	4.284990e+01	1.176224e+01
240	6.878762e+00	2.668721e+03	5.150715e+02	1.773901e+02	7.898096e+01	4.302204e+01	1.265049e+01
241	6.907423e+00	2.665035e+03	5.149097e+02	1.784084e+02	7.894383e+01	4.298281e+01	1.388800e+01
242	6.936085e+00	2.655647e+03	5.147130e+02	1.794227e+02	7.904111e+01	4.277868e+01	1.490435e+01
243	6.964746e+00	2.664027e+03	5.144130e+02	1.805258e+02	7.884255e+01	4.302175e+01	1.637722e+01
244	6.993408e+00	2.658042e+03	5.142448e+02	1.817435e+02	7.882700e+01	4.293356e+01	1.752719e+01
245	7.022069e+00	2.659057e+03	5.139757e+02	1.827559e+02	7.903889e+01	4.283481e+01	1.862845e+01
246	7.050731e+00	2.661887e+03	5.135349e+02	1.838785e+02	7.901463e+01	4.289358e+01	2.013569e+01
247	7.079392e+00	2.654261e+03	5.134290e+02	1.849357e+02	7.895989e+01	4.280034e+01	2.069970e+01
248	7.108054e+00	2.638252e+03	5.131708e+02	1.857464e+02	7.859795e+01	4.273809e+01	2.158918e+01
249	7.136715e+00	2.645103e+03	5.128367e+02	1.868762e+02	7.882779e+01	4.272414e+01	2.281439e+01
250	7.165377e+00	2.638787e+03	5.123884e+02	1.879811e+02	7.874200e+01	4.266856e+01	2.325926e+01
251	7.194038e+00	2.658129e+03	5.122030e+02	1.888481e+02	7.922533e+01	4.271909e+01	2.454603e+01
252	7.222700e+00	2.630916e+03	5.118324e+02	1.899187e+02	7.869531e+01	4.256652e+01	2.543460e+01
253	7.251361e+00	2.646113e+03	5.114683e+02	1.909408e+02	7.896987e+01	4.266356e+01	2.644849e+01
254	7.280023e+00	2.638165e+03	5.109534e+02	1.919642e+02	7.867409e+01	4.269532e+01	2.751808e+01
255	7.308684e+00	2.649574e+03	5.105003e+02	1.930370e+02	7.899146e+01	4.270768e+01	2.861065e+01
256	7.337346e+00	2.642586e+03	5.101783e+02	1.939038e+02	7.894034e+01	4.262263e+01	2.931260e+01
257	7.366007e+00	2.664373e+03	5.095845e+02	1.949579e+02	7.928524e+01	4.278709e+01	3.061671e+01
258	7.394669e+00	2.639329e+03	5.092172e+02	1.958981e+02	7.869091e+01	4.270503e+01	3.150267e+01
259	7.423330e+00	2.644136e+03	5.087186e+02	1.968086e+02	7.890472e+01	4.266689e+01	3.313152e+01
260	7.451992e+00	2.646096e+03	5.081304e+02	1.980010e+02	7.923595e+01	4.252002e+01	3.403258e+01
261	7.480653e+00	2.641371e+03	5.076725e+02	1.988968e+02	7.914129e+01	4.249485e+01	3.499936e+01
262	7.509315e+00	2.652070e+03	5.070162e+02	1.999067e+02	7.927977e+01	4.259246e+01	3.609321e+01
263	7.537976e+00	2.636716e+03	5.065221e+02	2.006164e+02	7.926549e+01	4.235350e+01	3.705736e+01
264	7.566638e+00	2.630239e+03	5.060003e+02	2.015008e+02	7.897257e+01	4.240617e+01	3.796633e+01
265	7.595300e+00	2.642376e+03	5.054760e+02	2.022545e+02	7.914481e+01	4.250914e+01	3.911243e+01
266	7.623961e+00	2.652592e+03	5.048517e+02	2.031245e+02	7.948184e+01	4.249253e+01	4.014231e+01
267	7.652623e+00	2.628460e+03	5.041884e+02	2.040406e+02	7.887165e+01	4.243171e+01	4.151448e+01
268	7.681284e+00	2.639890e+03	5.036075e+02	2.048167e+02	7.913761e+01	4.247300e+01	4.266410e+01
269	7.709946e+00	2.641450e+03	5.028382e+02	2.057429e+02	7.944695e+01	4.233263e+01	4.422517e+01
270	7.738607e+00	2.634209e+03	5.021232e+02	2.065807e+02	7.922721e+01	4.233368e+01	4.519075e+01
271	7.767269e+00	2.637914e+03	5.015549e+02	2.073388e+02	7.914622e+01	4.243659e+01	4.618408e+01
272	7.795930e+00	2.647734e+03	5.007584e+02	2.081795e+02	7.953043e+01	4.238880e+01	4.727784e+01
273	7.824592e+00	2.654182e+03	5.002209e+02	2.088730e+02	7.948322e+01	4.251728e+01	4.809066e+01
274	7.853253e+00	2.650143e+03	4.994518e+02	2.095705e+02	7.938363e+01	4.250583e+01	4.959582e+01
275	7.881915e+00	2.643703e+03	4.985609e+02	2.104862e+02	7.966449e+01	4.225304e+01	5.052967e+01
276	7.910576e+00	2.642740e+03	4.978370e+02	2.111439e+02	7.967866e+01	4.223014e+01	5.171705e+01
277	7.939238e+00	2.647709e+03	4.970449e+02	2.119509e+02	7.966654e+01	4.231599e+01	5.246935e+01
278	7.967899e+00	2.637118e+03	4.961744e+02	2.127090e+02	7.929910e+01	4.234201e+01	5.370595e+01
279	7.996561e+00	2.643669e+03	4.953875e+02	2.135211e+02	7.940559e+01	4.239026e+01	5.450058e+01
280	8.025222e+00	2.630975e+03	4.946573e+02	2.141967e+02	7.898148e+01	4.241326e+01	5.539863e+01
281	8.053884e+00	2.632783e+03	4.938757e+02	2.149569e+02	7.934064e+01	4.225026e+01	5.643357e+01
282	8.082545e+00	2.643818e+03	4.929469e+02	2.157600e+02	7.970843e+01	4.223159e+01	5.701212e+01
283	8.111207e+00	2.636907e+03	4.921863e+02	2.164304e+02	7.967347e+01	4.213968e+01	5.796053e+01
284	8.139868e+00	2.634879e+03	4.913503e+02	2.170997e+02	7.936681e+01	4.226996e+01	5.906716e+01
285	8.168530e+00	2.647568e+03	4.902341e+02	2.177540e+02	7.968546e+01	4.230368e+01	6.011436e+01
286	8.197191e+00	2.641713e+03	4.893813e+02	2.184717e+02	7.949739e+01	4.230998e+01	6.111561e+01
287	8.225853e+00	2.631531e+03	4.885386e+02	2.189885e+02	7.944870e+01	4.217274e+01	6.221728e+01
288	8.254514e+00	2.642400e+03	4.876344e+02	2.194899e+02	7.953494e+01	4.230101e+01	6.343158e+01
289	8.283176e+00	2.639977e+03	4.865804e+02	2.201602e+02	7.941765e+01	4.232465e+01	6.441260e+01
290	8.311837e+00	2.651372e+03	4.854641e+02	2.207198e+02	7.972549e+01	4.234318e+01	6.529966e+01
291	8.340499e+00	2.647394e+03	4.845659e+02	2.213443e+02	8.012688e+01	4.206787e+01	6.618793e+01
292	8.369160e+00	2.635334e+03	4.837290e+02	2.217919e+02	7.960233e+01	4.215218e+01	6.718172e+01
293	8.397822e+00	2.636106e+03	4.825961e+02	2.223798e+02	7.950272e+01	4.221735e+01	6.819603e+01
294	8.426483e+00	2.638063e+03	4.816434e+02	2.227940e+02	7.955685e+01	4.221994e+01	6.894494e+01
295	8.455145e+00	2.644898e+03	4.806696e+02	2.232194e+02	7.988672e+01	4.215454e+01	6.988117e+01
296	8.483806e+00	2.631395e+03	4.797242e+02	2.237609e+02	7.969280e+01	4.204139e+01	7.058552e+01
297	8.512468e+00	2.639996e+03	4.786794e+02	2.241786e+02	7.963339e+01	4.221027e+01	7.182870e+01
298	8.541129e+00	2.635531e+03	4.777327e+02	2.247098e+02	7.998797e+01	4.195209e+01	7.237846e+01
299	8.569791e+00	2.635685e+03	4.766725e+02	2.250747e+02	7.984512e+01	4.202959e+01	7.327126e+01
300	8.598452e+00	2.624310e+03	4.758761e+02	2.253700e+02	7.962754e+01	4.196255e+01	7.446796e+01
301	8.627114e+00	2.632812e+03	4.747392e+02	2.257445e+02	7.976437e+01	4.202628e+01	7.518616e+01
302	8.655775e+00	2.626190e+03	4.737059e+02	2.262007e+02	7.958641e+01	4.201432e+01	7.597581e+01
303	8.684437e+00	2.622182e+03	4.727615e+02	2.265321e+02	7.951109e+01	4.198994e+01	7.703833e+01
304	8.713098e+00	2.626577e+03	4.716730e+02	2.268645e+02	7.954716e+01	4.204124e+01	7.831205e+01
305	8.741760e+00	2.619455e+03	4.705476e+02	2.272306e+02	7.951841e+01	4.194241e+01	7.896725e+01
306	8.770421e+00	2.623073e+03	4.694817e+02	2.275519e+02	7.957188e+01	4.197211e+01	7.994017e+01
307	8.799083e+00	2.623197e+03	4.683577e+02	2.279319e+02	7.938307e+01	4.207393e+01	8.059954e+01
308	8.827744e+00	2.627851e+03	4.673352e+02	2.281338e+02	7.971528e+01	4.197293e+01	8.165467e+01
309	8.856406e+00	2.630116e+03	4.662517e+02	2.283066e+02	7.977340e+01	4.197849e+01	8.260949e+01
310	8.885067e+00	2.631039e+03	4.653873e+02	2.286650e+02	7.976936e+01	4.199536e+01	8.321072e+01
311	8.913729e+00	2.616383e+03	4.642062e+02	2.289178e+02	7.953869e+01	4.188255e+01	8.384354e+01
312	8.942390e+00	2.629721e+03	4.632716e+02	2.291470e+02	7.973174e+01	4.199413e+01	8.468883e+01
313	8.971052e+00	2.615197e+03	4.622396e+02	2.292719e+02	7.929710e+01	4.199109e+01	8.564420e+01
314	8.999713e+00	2.625460e+03	4.610514e+02	2.295342e+02	7.979221e+01	4.189431e+01	8.685610e+01
315	9.028375e+00	2.625370e+03	4.599951e+02	2.296782e+02	7.952510e+01	4.203358e+01	8.774709e+01
316	9.057036e+00	2.608903e+03	4.590542e+02	2.297146e+02	7.933124e+01	4.187201e+01	8.872215e+01
317	9.085698e+00	2.609747e+03	4.580413e+02	2.298975e+02	7.927691e+01	4.191426e+01	8.893893e+01
318	9.114359e+00	2.615713e+03	4.570676e+02	2.299523e+02	7.950118e+01	4.189157e+01	8.990334e+01
319	9.143021e+00	2.621333e+03	4.559117e+02	2.299873e+02	7.956620e+01	4.194727e+01	9.079199e+01
320	9.171682e+00	2.633333e+03	4.548432e+02	2.300942e+02	7.976753e+01	4.203293e+01	9.152058e+01
321	9.200344e+00	2.608134e+03	4.537158e+02	2.301524e+02	7.940231e+01	4.182221e+01	9.263374e+01
322	9.229005e+00	2.622836e+03	4.525641e+02	2.301896e+02	7.970060e+01	4.190054e+01	9.342526e+01
323	9.257667e+00	2.626420e+03	4.514707e+02	2.302413e+02	7.978826e+01	4.191170e+01	9.418736e+01
324	9.286328e+00	2.610975e+03	4.505301e+02	2.302229e+02	7.929399e+01	4.192494e+01	9.503479e+01
325	9.314990e+00	2.611832e+03	4.495405e+02	2.301696e+02	7.940512e+01	4.188002e+01	9.611763e+01
326	9.343651e+00	2.599569e+03	4.484916e+02	2.301541e+02	7.937415e+01	4.169964e+01	9.688742e+01
327	9.372313e+00	2.594185e+03	4.472738e+02	2.301470e+02	7.933012e+01	4.163637e+01	9.754942e+01
328	9.400974e+00	2.608139e+03	4.461574e+02	2.301138e+02	7.933813e+01	4.185611e+01	9.829371e+01
329	9.429636e+00	2.614995e+03	4.450381e+02	2.300049e+02	7.928913e+01	4.199208e+01	9.923519e+01
330	9.458298e+00	2.604245e+03	4.438871e+02	2.300682e+02	7.907777e+01	4.193122e+01	9.984019e+01
331	9.486959e+00	2.614072e+03	4.428919e+02	2.300409e+02	7.914950e+01	4.205131e+01	1.005514e+02
332	9.515621e+00	2.618089e+03	4.418256e+02	2.300033e+02	7.916422e+01	4.210809e+01	1.012952e+02
333	9.544282e+00	2.606811e+03	4.406870e+02	2.299720e+02	7.925035e+01	4.188113e+01	1.017465e+02
334	9.572944e+00	2.600124e+03	4.394873e+02	2.299827e+02	7.896416e+01	4.192509e+01	1.021312e+02
335	9.601605e+00	2.597275e+03	4.384265e+02	2.299909e+02	7.897364e+01	4.187415e+01	1.022474e+02
336	9.630267e+00	2.614315e+03	4.373484e+02	2.299187e+02	7.937637e+01	4.193502e+01	1.029990e+02
337	9.658928e+00	2.596384e+03	4.360748e+02	2.297353e+02	7.890883e+01	4.189416e+01	1.036193e+02
338	9.687590e+00	2.612860e+03	4.352209e+02	2.296683e+02	7.911609e+01	4.204955e+01	1.041548e+02
339	9.716251e+00	2.600099e+03	4.342753e+02	2.296556e+02	7.891743e+01	4.194952e+01	1.045042e+02
340	9.744913e+00	2.601556e+03	4.331702e+02	2.295638e+02	7.856019e+01	4.216391e+01	1.051012e+02
341	9.773574e+00	2.597890e+03	4.321375e+02	2.293406e+02	7.868987e+01	4.203510e+01	1.059092e+02
342	9.802236e+00	2.595852e+03	4.311288e+02	2.291834e+02	7.872221e+01	4.198487e+01	1.066727e+02
343	9.830897e+00	2.601986e+03	4.303127e+02	2.291419e+02	7.907420e+01	4.189674e+01	1.073203e+02
344	9.859559e+00	2.601884e+03	4.293254e+02	2.288759e+02	7.879580e+01	4.204313e+01	1.084953e+02
345	9.888220e+00	2.604223e+03	4.281365e+02	2.285902e+02	7.870427e+01	4.212986e+01	1.089314e+02
346	9.916882e+00	2.622534e+03	4.270977e+02	2.283668e+02	7.904706e+01	4.224210e+01	1.100802e+02
347	9.945543e+00	2.606173e+03	4.260520e+02	2.280829e+02	7.862737e+01	4.220265e+01	1.103454e+02
348	9.974205e+00	2.610603e+03	4.250886e+02	2.277445e+02	7.883478e+01	4.216315e+01	1.113607e+02
349	1.000287e+01	2.609289e+03	4.241502e+02	2.275710e+02	7.884868e+01	4.213451e+01	1.122516e+02
350	1.003153e+01	2.612657e+03	4.230510e+02	2.271791e+02	7.874162e+01	4.224625e+01	1.129767e+02
351	1.006019e+01	2.605700e+03	4.220789e+02	2.270073e+02	7.840453e+01	4.231490e+01	1.135981e+02
352	1.008885e+01	2.624322e+03	4.210269e+02	2.265813e+02	7.884849e+01	4.237735e+01	1.145382e+02
353	1.011751e+01	2.613901e+03	4.201046e+02	2.262216e+02	7.871163e+01	4.228246e+01	1.152054e+02
354	1.014617e+01	2.611688e+03	4.190441e+02	2.259262e+02	7.845667e+01	4.238396e+01	1.157132e+02
355	1.017484e+01	2.592805e+03	4.181740e+02	2.255909e+02	7.817647e+01	4.222833e+01	1.166891e+02
356	1.020350e+01	2.618062e+03	4.171340e+02	2.250959e+02	7.863829e+01	4.238928e+01	1.177748e+02
357	1.023216e+01	2.606002e+03	4.161134e+02	2.246887e+02	7.850539e+01	4.226544e+01	1.180827e+02
358	1.026082e+01	2.608674e+03	4.153676e+02	2.243312e+02	7.829713e+01	4.242132e+01	1.191909e+02
359	1.028948e+01	2.600273e+03	4.141042e+02	2.238124e+02	7.791860e+01	4.249012e+01	1.204431e+02
360	1.031814e+01	2.584157e+03	4.132142e+02	2.234376e+02	7.777304e+01	4.230581e+01	1.212956e+02
361	1.034680e+01	2.594141e+03	4.122984e+02	2.230324e+02	7.786791e+01	4.241750e+01	1.222002e+02
362	1.037547e+01	2.586396e+03	4.114394e+02	2.224606e+02	7.757520e+01	4.245045e+01	1.230766e+02
363	1.040413e+01	2.586413e+03	4.102180e+02	2.219169e+02	7.770640e+01	4.237905e+01	1.242948e+02
364	1.043279e+01	2.591843e+03	4.098457e+02	2.215063e+02	7.822795e+01	4.218489e+01	1.249560e+02
365	1.046145e+01	2.590670e+03	4.087168e+02	2.209203e+02	7.791661e+01	4.233429e+01	1.260076e+02
366	1.049011e+01	2.594878e+03	4.076182e+02	2.202274e+02	7.816632e+01	4.226759e+01	1.270213e+02
367	1.051877e+01	2.598035e+03	4.066103e+02	2.196882e+02	7.788775e+01	4.247036e+01	1.273401e+02
368	1.054743e+01	2.606161e+03	4.056529e+02	2.191956e+02	7.797369e+01	4.255624e+01	1.285986e+02
369	1.057610e+01	2.590839e+03	4.050667e+02	2.185892e+02	7.764587e+01	4.248466e+01	1.291118e+02
370	1.060476e+01	2.593309e+03	4.041402e+02	2.180785e+02	7.774773e+01	4.246946e+01	1.293063e+02
371	1.063342e+01	2.580792e+03	4.032635e+02	2.177004e+02	7.733843e+01	4.248814e+01	1.305214e+02
372	1.066208e+01	2.584861e+03	4.022315e+02	2.169820e+02	7.762139e+01	4.240000e+01	1.302906e+02
373	1.069074e+01	2.589039e+03	4.012885e+02	2.163468e+02	7.778551e+01	4.237893e+01	1.315686e+02
374	1.071940e+01	2.591164e+03	4.003441e+02	2.155978e+02	7.740368e+01	4.262294e+01	1.323701e+02
375	1.074807e+01	2.605577e+03	4.000473e+02	2.151065e+02	7.800968e+01	4.252708e+01	1.336235e+02
376	1.077673e+01	2.588487e+03	3.992723e+02	2.145486e+02	7.768976e+01	4.242212e+01	1.340916e+02
377	1.080539e+01	2.592090e+03	3.980976e+02	2.138695e+02	7.748148e+01	4.259536e+01	1.357583e+02
378	1.083405e+01	2.580272e+03	3.971805e+02	2.129940e+02	7.757603e+01	4.234949e+01	1.364993e+02
379	1.086271e+01	2.605853e+03	3.963595e+02	2.123371e+02	7.797124e+01	4.255255e+01	1.373147e+02
380	1.089137e+01	2.605189e+03	3.960075e+02	2.116669e+02	7.805690e+01	4.249502e+01	1.383181e+02
381	1.092003e+01	2.595633e+03	3.952754e+02	2.108862e+02	7.782863e+01	4.246333e+01	1.389571e+02
382	1.094870e+01	2.599412e+03	3.944695e+02	2.101278e+02	7.765376e+01	4.262090e+01	1.401592e+02
383	1.097736e+01	2.599684e+03	3.934349e+02	2.093368e+02	7.761106e+01	4.264882e+01	1.411135e+02
384	1.100602e+01	2.592397e+03	3.928141e+02	2.088031e+02	7.771468e+01	4.247257e+01	1.419978e+02
385	1.103468e+01	2.612922e+03	3.922230e+02	2.078887e+02	7.797102e+01	4.266811e+01	1.427658e+02
386	1.106334e+01	2.612430e+03	3.917069e+02	2.071657e+02	7.793126e+01	4.268184e+01	1.435512e+02
387	1.109200e+01	2.605955e+03	3.910044e+02	2.063559e+02	7.787598e+01	4.260627e+01	1.446785e+02
388	1.112066e+01	2.607223e+03	3.900185e+02	2.054080e+02	7.803650e+01	4.253931e+01	1.459018e+02
389	1.114933e+01	2.612306e+03	3.892167e+02	2.047806e+02	7.794028e+01	4.267487e+01	1.465649e+02
390	1.117799e+01	2.600019e+03	3.886558e+02	2.038658e+02	7.753973e+01	4.269356e+01	1.474701e+02
391	1.120665e+01	2.609444e+03	3.884707e+02	2.029721e+02	7.798612e+01	4.260306e+01	1.481088e+02
392	1.123531e+01	2.600377e+03	3.879630e+02	2.021091e+02	7.751036e+01	4.271562e+01	1.490671e+02
393	1.126397e+01	2.607688e+03	3.870638e+02	2.013441e+02	7.789645e+01	4.262340e+01	1.497336e+02
394	1.129263e+01	2.593753e+03	3.863655e+02	2.005625e+02	7.725690e+01	4.274658e+01	1.506087e+02
395	1.132130e+01	2.602130e+03	3.856297e+02	1.996121e+02	7.759443e+01	4.269810e+01	1.513266e+02
396	1.134996e+01	2.607057e+03	3.853687e+02	1.988087e+02	7.777757e+01	4.267822e+01	1.527707e+02
397	1.137862e+01	2.610333e+03	3.851074e+02	1.979307e+02	7.779553e+01	4.272199e+01	1.534852e+02
398	1.140728e+01	2.606054e+03	3.844388e+02	1.969666e+02	7.778574e+01	4.265731e+01	1.545131e+02
399	1.143594e+01	2.594548e+03	3.837821e+02	1.961552e+02	7.769797e+01	4.251695e+01	1.556717e+02
400	1.146460e+01	2.635013e+03	3.828785e+02	1.952834e+02	7.728955e+01	4.340823e+01	1.555733e+02
401	1.149326e+01	2.592371e+03	3.828780e+02	1.944247e+02	7.751525e+01	4.258141e+01	1.571986e+02
402	1.152193e+01	2.594953e+03	3.826711e+02	1.934354e+02	7.748729e+01	4.263922e+01	1.582930e+02
403	1.155059e+01	2.591479e+03	3.823539e+02	1.925709e+02	7.723197e+01	4.272289e+01	1.593393e+02
404	1.157925e+01	2.608944e+03	3.817683e+02	1.915155e+02	7.783437e+01	4.267794e+01	1.606400e+02
405	1.160791e+01	2.610733e+03	3.812277e+02	1.907055e+02	7.791055e+01	4.266544e+01	1.613873e+02
406	1.163657e+01	2.598103e+03	3.807887e+02	1.897594e+02	7.766944e+01	4.259084e+01	1.622675e+02
407	1.166523e+01	2.639671e+03	3.803576e+02	1.888163e+02	7.713580e+01	4.357164e+01	1.628457e+02
408	1.169390e+01	2.645337e+03	3.802179e+02	1.878231e+02	7.669042e+01	4.391875e+01	1.638466e+02
409	1.172256e+01	2.611183e+03	3.801194e+02	1.869037e+02	7.778059e+01	4.274409e+01	1.651678e+02
410	1.175122e+01	2.595141e+03	3.796028e+02	1.860913e+02	7.736990e+01	4.270699e+01	1.660501e+02
411	1.177988e+01	2.607969e+03	3.791727e+02	1.852956e+02	7.723132e+01	4.299512e+01	1.666396e+02
412	1.180854e+01	2.582566e+03	3.791493e+02	1.844147e+02	7.731658e+01	4.252937e+01	1.677089e+02
413	1.183720e+01	2.614539e+03	3.788933e+02	1.836931e+02	7.649586e+01	4.351785e+01	1.686244e+02
414	1.186586e+01	2.586989e+03	3.790100e+02	1.825727e+02	7.699295e+01	4.278127e+01	1.694239e+02
415	1.189453e+01	2.599392e+03	3.784685e+02	1.816741e+02	7.749091e+01	4.271016e+01	1.705444e+02
416	1.192319e+01	2.592337e+03	3.782007e+02	1.807626e+02	7.709301e+01	4.281408e+01	1.714984e+02
417	1.195185e+01	2.591625e+03	3.781289e+02	1.798430e+02	7.693716e+01	4.288901e+01	1.724685e+02
418	1.198051e+01	2.588514e+03	3.780753e+02	1.787614e+02	7.717193e+01	4.270722e+01	1.734686e+02
419	1.200917e+01	2.631397e+03	3.776264e+02	1.779574e+02	7.671748e+01	4.367190e+01	1.748699e+02
420	1.203783e+01	2.598998e+03	3.776475e+02	1.770604e+02	7.715488e+01	4.288966e+01	1.749109e+02
421	1.206649e+01	2.593431e+03	3.773452e+02	1.761799e+02	7.708865e+01	4.283456e+01	1.760229e+02
422	1.209516e+01	2.595837e+03	3.771666e+02	1.752332e+02	7.724545e+01	4.278727e+01	1.767032e+02
423	1.212382e+01	2.602915e+03	3.771445e+02	1.741879e+02	7.731754e+01	4.286393e+01	1.776173e+02
424	1.215248e+01	2.602537e+03	3.772604e+02	1.732187e+02	7.722501e+01	4.290906e+01	1.785391e+02
425	1.218114e+01	2.599919e+03	3.772068e+02	1.722816e+02	7.729241e+01	4.282853e+01	1.799853e+02
426	1.220980e+01	2.599854e+03	3.769062e+02	1.713943e+02	7.783953e+01	4.252643e+01	7.708198e-01
427	1.223846e+01	2.609568e+03	3.767549e+02	1.701239e+02	7.778626e+01	4.271455e+01	2.070780e+00
428	1.226713e+01	2.621480e+03	3.766883e+02	1.692583e+02	7.759470e+01	4.301546e+01	3.758052e+00
429	1.229579e+01	2.588683e+03	3.769887e+02	1.681641e+02	7.716394e+01	4.271444e+01	4.193810e+00
430	1.232445e+01	2.599647e+03	3.771819e+02	1.671417e+02	7.727355e+01	4.283450e+01	5.625056e+00
431	1.235311e+01	2.594243e+03	3.770755e+02	1.662031e+02	7.736795e+01	4.269329e+01	6.462700e+00
432	1.238177e+01	2.596298e+03	3.770257e+02	1.652844e+02	7.700322e+01	4.292950e+01	8.268119e+00
433	1.241043e+01	2.594777e+03	3.771963e+02	1.641438e+02	7.734002e+01	4.271750e+01	9.206995e+00
434	1.243909e+01	2.622331e+03	3.773927e+02	1.633603e+02	7.772778e+01	4.295575e+01	1.065366e+01
435	1.246776e+01	2.592247e+03	3.776918e+02	1.623544e+02	7.763521e+01	4.251360e+01	1.123138e+01
436	1.249642e+01	2.602701e+03	3.777648e+02	1.615036e+02	7.761121e+01	4.269824e+01	1.307230e+01
437	1.252508e+01	2.621035e+03	3.778744e+02	1.604584e+02	7.810559e+01	4.272685e+01	1.477201e+01
438	1.255374e+01	2.600448e+03	3.778544e+02	1.595441e+02	7.775099e+01	4.258458e+01	1.548159e+01
439	1.258240e+01	2.607413e+03	3.782145e+02	1.586486e+02	7.781784e+01	4.266195e+01	1.683984e+01
440	1.261106e+01	2.582118e+03	3.787072e+02	1.575089e+02	7.723077e+01	4.256923e+01	1.782141e+01
441	1.263972e+01	2.604795e+03	3.789414e+02	1.565293e+02	7.768781e+01	4.269045e+01	1.900684e+01
442	1.266839e+01	2.584542e+03	3.791158e+02	1.556930e+02	7.743336e+01	4.249772e+01	1.955183e+01
443	1.269705e+01	2.587037e+03	3.792581e+02	1.546667e+02	7.710975e+01	4.271727e+01	2.085089e+01
444	1.272571e+01	2.610429e+03	3.796626e+02	1.537163e+02	7.795904e+01	4.263394e+01	2.268731e+01
445	1.275437e+01	2.605157e+03	3.800830e+02	1.527238e+02	7.769895e+01	4.269027e+01	2.324270e+01
446	1.278303e+01	2.602993e+03	3.805363e+02	1.517801e+02	7.752019e+01	4.275316e+01	2.460426e+01
447	1.281169e+01	2.594827e+03	3.809569e+02	1.508391e+02	7.763549e+01	4.255576e+01	2.628396e+01
448	1.284036e+01	2.591599e+03	3.812039e+02	1.499470e+02	7.775439e+01	4.243782e+01	2.750917e+01
449	1.286902e+01	2.594653e+03	3.816543e+02	1.489158e+02	7.769383e+01	4.252095e+01	2.883177e+01
450	1.289768e+01	2.589739e+03	3.821741e+02	1.480806e+02	7.742625e+01	4.258709e+01	3.031907e+01
451	1.292634e+01	2.610827e+03	3.827951e+02	1.471496e+02	7.821200e+01	4.250254e+01	3.122223e+01
452	1.295500e+01	2.596717e+03	3.833245e+02	1.462066e+02	7.782803e+01	4.248140e+01	3.227923e+01
453	1.298366e+01	2.599384e+03	3.836938e+02	1.453370e+02	7.799821e+01	4.243224e+01	3.342608e+01
454	1.301232e+01	2.601741e+03	3.842146e+02	1.443936e+02	7.787532e+01	4.253772e+01	3.491063e+01
455	1.304099e+01	2.603527e+03	3.846451e+02	1.436777e+02	7.816455e+01	4.240943e+01	3.622373e+01
456	1.306965e+01	2.578425e+03	3.853239e+02	1.427163e+02	7.760181e+01	4.230511e+01	3.661467e+01
457	1.309831e+01	2.605721e+03	3.859905e+02	1.419003e+02	7.818636e+01	4.243332e+01	3.858475e+01
458	1.312697e+01	2.592052e+03	3.865870e+02	1.411734e+02	7.774319e+01	4.245134e+01	3.943613e+01
459	1.315563e+01	2.581841e+03	3.868161e+02	1.406134e+02	7.752390e+01	4.240373e+01	4.027964e+01
460	1.318429e+01	2.598068e+03	3.875531e+02	1.395789e+02	7.801775e+01	4.240013e+01	4.191619e+01
461	1.321296e+01	2.592113e+03	3.881101e+02	1.389489e+02	7.783118e+01	4.240436e+01	4.311301e+01
462	1.324162e+01	2.588109e+03	3.890941e+02	1.381287e+02	7.805737e+01	4.221616e+01	4.448378e+01
463	1.327028e+01	2.585940e+03	3.897722e+02	1.372591e+02	7.779080e+01	4.232533e+01	4.519291e+01
464	1.329894e+01	2.594527e+03	3.905593e+02	1.363987e+02	7.827159e+01	4.220503e+01	4.672985e+01
465	1.332760e+01	2.578141e+03	3.909960e+02	1.359377e+02	7.783295e+01	4.217483e+01	4.707294e+01
466	1.335626e+01	2.573210e+03	3.918499e+02	1.351384e+02	7.744788e+01	4.230345e+01	4.843633e+01
467	1.338492e+01	2.577875e+03	3.927208e+02	1.343962e+02	7.774545e+01	4.221793e+01	4.946849e+01
468	1.341359e+01	2.570456e+03	3.935613e+02	1.337187e+02	7.770536e+01	4.211815e+01	5.060741e+01
469	1.344225e+01	2.587285e+03	3.945769e+02	1.329772e+02	7.819136e+01	4.213041e+01	5.217091e+01
470	1.347091e+01	2.581348e+03	3.949162e+02	1.324364e+02	7.790350e+01	4.218904e+01	5.271409e+01
471	1.349957e+01	2.564709e+03	3.957248e+02	1.318235e+02	7.745045e+01	4.216230e+01	5.413765e+01
472	1.352823e+01	2.597152e+03	3.968683e+02	1.311567e+02	7.842507e+01	4.216504e+01	5.553955e+01
473	1.355689e+01	2.584437e+03	3.977018e+02	1.305497e+02	7.786842e+01	4.225856e+01	5.633672e+01
474	1.358555e+01	2.577997e+03	3.985129e+02	1.301055e+02	7.807939e+01	4.203936e+01	5.739758e+01
475	1.361422e+01	2.566321e+03	3.991783e+02	1.294921e+02	7.802981e+01	4.187556e+01	5.813422e+01
476	1.364288e+01	2.565029e+03	3.998615e+02	1.289848e+02	7.767365e+01	4.204639e+01	5.922456e+01
477	1.367154e+01	2.563513e+03	4.008615e+02	1.283549e+02	7.783572e+01	4.193404e+01	6.048089e+01
478	1.370020e+01	2.584431e+03	4.019002e+02	1.278882e+02	7.839586e+01	4.197416e+01	6.174018e+01
479	1.372886e+01	2.577195e+03	4.029086e+02	1.273127e+02	7.837901e+01	4.186563e+01	6.273064e+01
480	1.375752e+01	2.561618e+03	4.035914e+02	1.268723e+02	7.784305e+01	4.189910e+01	6.353696e+01
481	1.378619e+01	2.587596e+03	4.046487e+02	1.264180e+02	7.861803e+01	4.190680e+01	6.499060e+01
482	1.381485e+01	2.604085e+03	4.054692e+02	1.260356e+02	7.873304e+01	4.211223e+01	6.581138e+01
483	1.384351e+01	2.595083e+03	4.065473e+02	1.255454e+02	7.863283e+01	4.202014e+01	6.715550e+01
484	1.387217e+01	2.577473e+03	4.072577e+02	1.251921e+02	7.836208e+01	4.187919e+01	6.824233e+01
485	1.390083e+01	2.591708e+03	4.082872e+02	1.249356e+02	7.838199e+01	4.209978e+01	6.907886e+01
486	1.392949e+01	2.590582e+03	4.091277e+02	1.244040e+02	7.879177e+01	4.186264e+01	7.018539e+01
487	1.395815e+01	2.590732e+03	4.100024e+02	1.240131e+02	7.843616e+01	4.205488e+01	7.073270e+01
488	1.398682e+01	2.583824e+03	4.109908e+02	1.236832e+02	7.865771e+01	4.182460e+01	7.148200e+01
489	1.401548e+01	2.579705e+03	4.120003e+02	1.233534e+02	7.815298e+01	4.202760e+01	7.262775e+01
490	1.404414e+01	2.592570e+03	4.131637e+02	1.231031e+02	7.835099e+01	4.213046e+01	7.400539e+01
491	1.407280e+01	2.571911e+03	4.138817e+02	1.229447e+02	7.813247e+01	4.191162e+01	7.488316e+01
492	1.410146e+01	2.586551e+03	4.148528e+02	1.225550e+02	7.863684e+01	4.187986e+01	7.631334e+01
493	1.413012e+01	2.586876e+03	4.158587e+02	1.222731e+02	7.869338e+01	4.185501e+01	7.738136e+01
494	1.415878e+01	2.577665e+03	4.169705e+02	1.220734e+02	7.834142e+01	4.189336e+01	7.796830e+01
495	1.418745e+01	2.590691e+03	4.179865e+02	1.219710e+02	7.848816e+01	4.202634e+01	7.930284e+01
496	1.421611e+01	2.586613e+03	4.192083e+02	1.217851e+02	7.840176e+01	4.200643e+01	8.051766e+01
497	1.424477e+01	2.568921e+03	4.199324e+02	1.215987e+02	7.793365e+01	4.196970e+01	8.086183e+01
498	1.427343e+01	2.598403e+03	4.208945e+02	1.216417e+02	7.872681e+01	4.202367e+01	8.230624e+01
499	1.430209e+01	2.571237e+03	4.220050e+02	1.214329e+02	7.811752e+01	4.190866e+01	8.342656e+01
500	1.433075e+01	2.603782e+03	4.233884e+02	1.213376e+02	7.895096e+01	4.199110e+01	8.458453e+01
501	1.435942e+01	2.601309e+03	4.242826e+02	1.213749e+02	7.853896e+01	4.217130e+01	8.571639e+01
502	1.438808e+01	2.585100e+03	4.253852e+02	1.212932e+02	7.834755e+01	4.201090e+01	8.730221e+01
503	1.441674e+01	2.603935e+03	4.263922e+02	1.211643e+02	7.877122e+01	4.208941e+01	8.833186e+01
504	1.444540e+01	2.606134e+03	4.274516e+02	1.212155e+02	7.899516e+01	4.200552e+01	8.916272e+01
505	1.447406e+01	2.592714e+03	4.284824e+02	1.212573e+02	7.875174e+01	4.191840e+01	9.002773e+01
506	1.450272e+01	2.596843e+03	4.297844e+02	1.213263e+02	7.894088e+01	4.188456e+01	9.130894e+01
507	1.453138e+01	2.603223e+03	4.308492e+02	1.212646e+02	7.880443e+01	4.206015e+01	9.261179e+01
508	1.456005e+01	2.600572e+03	4.318170e+02	1.214636e+02	7.861711e+01	4.211744e+01	9.368488e+01
509	1.458871e+01	2.598834e+03	4.326254e+02	1.214821e+02	7.857106e+01	4.211395e+01	9.468324e+01
510	1.461737e+01	2.608573e+03	4.339043e+02	1.216411e+02	7.871377e+01	4.219513e+01	9.505451e+01
511	1.464603e+01	2.605014e+03	4.349286e+02	1.217289e+02	7.886011e+01	4.205938e+01	9.621391e+01
512	1.467469e+01	2.598089e+03	4.360193e+02	1.218989e+02	7.842741e+01	4.217900e+01	9.704883e+01
513	1.470335e+01	2.582261e+03	4.368510e+02	1.220546e+02	7.795428e+01	4.217647e+01	9.819459e+01
514	1.473201e+01	2.611671e+03	4.378851e+02	1.221783e+02	7.896835e+01	4.210906e+01	9.857270e+01
515	1.476068e+01	2.602143e+03	4.389324e+02	1.223901e+02	7.886613e+01	4.200981e+01	9.987817e+01
516	1.478934e+01	2.605243e+03	4.400103e+02	1.225895e+02	7.863164e+01	4.218529e+01	1.011107e+02
517	1.481800e+01	2.598335e+03	4.409811e+02	1.227892e+02	7.836507e+01	4.221655e+01	1.021285e+02
518	1.484666e+01	2.609070e+03	4.420745e+02	1.230588e+02	7.851781e+01	4.230851e+01	1.033377e+02
519	1.487532e+01	2.596271e+03	4.430680e+02	1.233089e+02	7.844929e+01	4.213772e+01	1.043214e+02
520	1.490398e+01	2.593207e+03	4.438434e+02	1.235846e+02	7.816135e+01	4.224304e+01	1.052499e+02
521	1.493265e+01	2.604884e+03	4.449947e+02	1.239448e+02	7.834187e+01	4.233549e+01	1.062593e+02
522	1.496131e+01	2.628199e+03	4.460884e+02	1.243265e+02	7.870910e+01	4.251512e+01	1.074091e+02
523	1.498997e+01	2.622065e+03	4.472193e+02	1.247035e+02	7.853605e+01	4.250936e+01	1.088060e+02
524	1.501863e+01	2.617235e+03	4.481037e+02	1.249556e+02	7.858514e+01	4.240454e+01	1.094602e+02
525	1.504729e+01	2.628410e+03	4.489853e+02	1.254164e+02	7.862038e+01	4.256651e+01	1.106037e+02
526	1.507595e+01	2.610304e+03	4.499230e+02	1.257207e+02	7.837657e+01	4.240479e+01	1.108996e+02
527	1.510461e+01	2.617702e+03	4.510212e+02	1.259606e+02	7.840678e+01	4.250859e+01	1.118715e+02
528	1.513328e+01	2.623404e+03	4.522806e+02	1.265686e+02	7.822359e+01	4.270095e+01	1.136508e+02
529	1.516194e+01	2.624743e+03	4.531079e+02	1.269671e+02	7.817993e+01	4.274660e+01	1.137611e+02
530	1.519060e+01	2.629239e+03	4.540547e+02	1.275000e+02	7.819307e+01	4.281263e+01	1.150265e+02
531	1.521926e+01	2.624786e+03	4.550407e+02	1.278870e+02	7.815693e+01	4.275988e+01	1.161960e+02
532	1.524792e+01	2.622808e+03	4.559268e+02	1.282822e+02	7.807921e+01	4.277020e+01	1.169027e+02
533	1.527658e+01	2.629319e+03	4.570995e+02	1.287934e+02	7.828194e+01	4.276533e+01	1.180935e+02
534	1.530525e+01	2.647585e+03	4.580757e+02	1.294216e+02	7.862538e+01	4.287433e+01	1.193390e+02
535	1.533391e+01	2.633280e+03	4.588775e+02	1.300182e+02	7.804891e+01	4.295763e+01	1.203164e+02
536	1.536257e+01	2.637503e+03	4.599238e+02	1.306597e+02	7.804572e+01	4.302828e+01	1.213159e+02
537	1.539123e+01	2.653626e+03	4.609635e+02	1.312384e+02	7.838479e+01	4.310405e+01	1.222461e+02
538	1.541989e+01	2.649039e+03	4.618693e+02	1.316445e+02	7.857702e+01	4.292427e+01	1.227419e+02
539	1.544855e+01	2.651743e+03	4.627513e+02	1.322589e+02	7.854591e+01	4.298510e+01	1.237175e+02
540	1.547721e+01	2.660454e+03	4.636034e+02	1.328905e+02	7.865119e+01	4.306859e+01	1.248973e+02
541	1.550588e+01	2.674168e+03	4.643289e+02	1.335418e+02	7.888488e+01	4.316235e+01	1.258307e+02
542	1.553454e+01	2.651642e+03	4.653534e+02	1.341760e+02	7.834789e+01	4.309210e+01	1.267284e+02
543	1.556320e+01	2.643740e+03	4.661225e+02	1.345861e+02	7.801966e+01	4.314444e+01	1.272033e+02
544	1.559186e+01	2.641405e+03	4.670343e+02	1.352672e+02	7.823425e+01	4.298810e+01	1.281700e+02
545	1.562052e+01	2.663403e+03	4.679715e+02	1.361060e+02	7.840562e+01	4.325136e+01	1.293630e+02
546	1.564918e+01	2.645434e+03	4.688170e+02	1.365829e+02	7.811811e+01	4.311767e+01	1.298259e+02
547	1.567784e+01	2.656430e+03	4.696402e+02	1.372859e+02	7.852198e+01	4.307420e+01	1.307513e+02
548	1.570651e+01	2.650474e+03	4.704286e+02	1.379190e+02	7.815876e+01	4.317735e+01	1.313756e+02
549	1.573517e+01	2.651159e+03	4.713434e+02	1.385315e+02	7.800291e+01	4.327481e+01	1.323603e+02
550	1.576383e+01	2.643721e+03	4.722984e+02	1.392878e+02	7.813934e+01	4.307804e+01	1.330819e+02
551	1.579249e+01	2.660998e+03	4.731047e+02	1.400291e+02	7.859343e+01	4.310905e+01	1.336996e+02
552	1.582115e+01	2.664726e+03	4.739111e+02	1.408706e+02	7.867065e+01	4.312706e+01	1.348712e+02
553	1.584981e+01	2.656349e+03	4.747730e+02	1.415575e+02	7.846999e+01	4.310142e+01	1.352162e+02
554	1.587848e+01	2.650397e+03	4.755093e+02	1.422563e+02	7.818214e+01	4.316320e+01	1.360610e+02
555	1.590714e+01	2.651362e+03	4.763183e+02	1.430729e+02	7.837728e+01	4.307140e+01	1.371074e+02
556	1.593580e+01	2.654961e+03	4.771064e+02	1.439317e+02	7.832555e+01	4.315836e+01	1.379713e+02
557	1.596446e+01	2.665911e+03	4.777072e+02	1.448086e+02	7.871769e+01	4.312046e+01	1.389902e+02
558	1.599312e+01	2.670121e+03	4.783242e+02	1.454248e+02	7.843797e+01	4.334258e+01	1.403724e+02
559	1.602178e+01	2.646988e+03	4.792159e+02	1.464479e+02	7.829533e+01	4.304535e+01	1.411811e+02
560	1.605044e+01	2.665587e+03	4.799272e+02	1.472544e+02	7.843452e+01	4.327088e+01	1.417045e+02
561	1.607911e+01	2.684276e+03	4.806117e+02	1.481760e+02	7.892839e+01	4.330162e+01	1.428360e+02
562	1.610777e+01	2.672947e+03	4.812639e+02	1.490434e+02	7.858376e+01	4.330796e+01	1.439131e+02
563	1.613643e+01	2.673325e+03	4.819556e+02	1.500816e+02	7.869826e+01	4.325106e+01	1.447408e+02
564	1.616509e+01	2.667553e+03	4.827108e+02	1.511175e+02	7.848112e+01	4.327708e+01	1.452161e+02
565	1.619375e+01	2.677851e+03	4.833176e+02	1.518208e+02	7.853988e+01	4.341164e+01	1.464334e+02
566	1.622241e+01	2.668181e+03	4.840627e+02	1.527641e+02	7.852914e+01	4.326080e+01	1.472877e+02
567	1.625107e+01	2.667835e+03	4.846117e+02	1.534865e+02	7.860258e+01	4.321478e+01	1.483725e+02
568	1.627974e+01	2.660664e+03	4.852055e+02	1.545098e+02	7.840088e+01	4.320950e+01	1.496413e+02
569	1.630840e+01	2.668782e+03	4.858498e+02	1.554256e+02	7.828798e+01	4.340384e+01	1.495651e+02
570	1.633706e+01	2.671097e+03	4.865007e+02	1.567038e+02	7.852242e+01	4.331178e+01	1.511294e+02
571	1.636572e+01	2.671100e+03	4.871477e+02	1.574630e+02	7.856156e+01	4.329026e+01	1.514740e+02
572	1.639438e+01	2.677056e+03	4.876494e+02	1.584570e+02	7.851169e+01	4.341435e+01	1.522499e+02
573	1.642304e+01	2.673808e+03	4.881168e+02	1.593608e+02	7.844464e+01	4.339874e+01	1.530333e+02
574	1.645171e+01	2.664925e+03	4.887213e+02	1.604715e+02	7.836938e+01	4.329610e+01	1.541839e+02
575	1.648037e+01	2.678412e+03	4.893179e+02	1.614286e+02	7.845483e+01	4.346782e+01	1.549257e+02
576	1.650903e+01	2.657926e+03	4.897568e+02	1.622288e+02	7.817054e+01	4.329222e+01	1.554445e+02
577	1.653769e+01	2.665127e+03	4.904009e+02	1.633992e+02	7.824863e+01	4.336618e+01	1.564646e+02
578	1.656635e+01	2.668845e+03	4.908273e+02	1.643331e+02	7.837923e+01	4.335433e+01	1.577608e+02
579	1.659501e+01	2.663707e+03	4.911892e+02	1.653556e+02	7.856033e+01	4.317112e+01	1.586389e+02
580	1.662367e+01	2.683296e+03	4.915689e+02	1.666070e+02	7.831406e+01	4.362535e+01	1.599862e+02
581	1.665234e+01	2.673899e+03	4.921106e+02	1.676163e+02	7.826373e+01	4.350053e+01	1.610355e+02
582	1.668100e+01	2.685029e+03	4.927327e+02	1.688935e+02	7.906142e+01	4.324087e+01	1.617972e+02
583	1.670966e+01	2.676740e+03	4.930311e+02	1.696949e+02	7.859857e+01	4.336123e+01	1.624971e+02
584	1.673832e+01	2.686094e+03	4.933389e+02	1.706652e+02	7.868530e+01	4.346480e+01	1.638264e+02
585	1.676698e+01	2.673029e+03	4.937181e+02	1.717513e+02	7.850776e+01	4.335121e+01	1.649783e+02
586	1.679564e+01	2.666684e+03	4.941247e+02	1.728979e+02	7.865682e+01	4.316635e+01	1.657290e+02
587	1.682430e+01	2.673342e+03	4.945371e+02	1.739523e+02	7.866634e+01	4.326889e+01	1.661709e+02
588	1.685297e+01	2.665352e+03	4.948346e+02	1.750455e+02	7.827704e+01	4.335411e+01	1.671690e+02
589	1.688163e+01	2.674017e+03	4.952541e+02	1.762096e+02	7.874443e+01	4.323689e+01	1.680907e+02
590	1.691029e+01	2.669757e+03	4.954576e+02	1.773274e+02	7.869444e+01	4.319542e+01	1.690599e+02
591	1.693895e+01	2.678280e+03	4.956780e+02	1.783806e+02	7.836684e+01	4.351448e+01	1.698581e+02
592	1.696761e+01	2.660989e+03	4.960505e+02	1.795998e+02	7.847622e+01	4.317328e+01	1.708179e+02
593	1.699627e+01	2.669069e+03	4.962627e+02	1.805851e+02	7.862456e+01	4.322268e+01	1.721346e+02
594	1.702494e+01	2.654847e+03	4.965249e+02	1.819480e+02	7.863245e+01	4.298806e+01	1.728645e+02
595	1.705360e+01	2.666982e+03	4.967796e+02	1.830134e+02	7.849258e+01	4.326150e+01	1.738218e+02
596	1.708226e+01	2.671590e+03	4.969395e+02	1.841064e+02	7.861361e+01	4.326953e+01	1.746535e+02
597	1.711092e+01	2.671791e+03	4.971361e+02	1.851790e+02	7.807319e+01	4.357231e+01	1.755595e+02
598	1.713958e+01	2.725772e+03	4.970628e+02	1.859701e+02	7.929845e+01	4.376582e+01	1.749436e+02
599	1.716824e+01	2.679088e+03	4.975023e+02	1.875744e+02	7.862971e+01	4.338208e+01	1.772704e+02
600	1.719690e+01	2.672994e+03	4.977513e+02	1.886740e+02	7.886445e+01	4.315457e+01	1.778261e+02
601	1.722557e+01	2.673565e+03	4.978103e+02	1.897604e+02	7.867754e+01	4.326634e+01	1.786726e+02
602	1.725423e+01	2.674752e+03	4.979697e+02	1.907856e+02	7.857673e+01	4.334108e+01	1.793570e+02
603	1.728289e+01	2.659405e+03	4.982785e+02	1.920112e+02	7.869984e+01	4.302498e+01	1.796728e+02
604	1.731155e+01	2.663132e+03	4.985205e+02	1.930412e+02	7.880553e+01	4.302750e+01	1.799947e+02
605	1.734021e+01	2.662610e+03	4.987319e+02	1.942598e+02	7.877939e+01	4.303334e+01	1.489794e-01
606	1.736887e+01	2.670576e+03	4.987778e+02	1.954086e+02	7.885202e+01	4.312233e+01	1.134258e+00
607	1.739754e+01	2.666133e+03	4.987576e+02	1.964651e+02	7.889529e+01	4.302697e+01	1.951477e+00
608	1.742620e+01	2.684367e+03	4.988551e+02	1.975371e+02	7.884190e+01	4.335058e+01	3.092604e+00
609	1.745486e+01	2.670226e+03	4.988033e+02	1.986614e+02	7.907679e+01	4.299413e+01	3.658215e+00
610	1.748352e+01	2.663295e+03	4.989627e+02	1.997216e+02	7.909322e+01	4.287362e+01	5.080224e+00
611	1.751218e+01	2.668211e+03	4.989913e+02	2.007440e+02	7.897029e+01	4.301962e+01	5.770203e+00
612	1.754084e+01	2.683943e+03	4.989841e+02	2.019078e+02	7.892918e+01	4.329580e+01	6.221720e+00
613	1.756950e+01	2.676730e+03	4.990037e+02	2.029763e+02	7.910197e+01	4.308512e+01	7.034199e+00
614	1.759817e+01	2.662312e+03	4.990270e+02	2.040276e+02	7.894614e+01	4.293764e+01	8.174075e+00
615	1.762683e+01	2.672421e+03	4.989354e+02	2.052792e+02	7.943117e+01	4.283750e+01	8.991253e+00
616	1.765549e+01	2.655603e+03	4.989113e+02	2.063322e+02	7.900689e+01	4.279651e+01	9.710311e+00
617	1.768415e+01	2.661303e+03	4.986566e+02	2.074667e+02	7.901655e+01	4.288312e+01	1.084330e+01
618	1.771281e+01	2.658888e+03	4.985185e+02	2.083522e+02	7.903183e+01	4.283592e+01	1.203086e+01
619	1.774147e+01	2.663489e+03	4.984032e+02	2.095811e+02	7.909865e+01	4.287379e+01	1.329136e+01
620	1.777013e+01	2.653412e+03	4.982126e+02	2.107596e+02	7.895417e+01	4.278975e+01	1.426537e+01
621	1.779880e+01	2.652075e+03	4.979971e+02	2.116855e+02	7.896201e+01	4.276395e+01	1.530475e+01
622	1.782746e+01	2.672229e+03	4.976529e+02	2.128117e+02	7.916702e+01	4.297733e+01	1.662502e+01
623	1.785612e+01	2.662814e+03	4.974415e+02	2.138768e+02	7.919978e+01	4.280820e+01	1.759021e+01
624	1.788478e+01	2.663452e+03	4.972014e+02	2.150596e+02	7.937061e+01	4.272630e+01	1.889228e+01
625	1.791344e+01	2.665388e+03	4.969626e+02	2.160910e+02	7.950405e+01	4.268560e+01	1.972378e+01
626	1.794210e+01	2.659725e+03	4.966046e+02	2.172590e+02	7.917774e+01	4.277045e+01	2.110748e+01
627	1.797077e+01	2.663166e+03	4.962231e+02	2.182416e+02	7.926754e+01	4.277725e+01	2.225801e+01
628	1.799943e+01	2.659616e+03	4.958625e+02	2.193489e+02	7.919811e+01	4.275769e+01	2.348041e+01
629	1.802809e+01	2.653943e+03	4.955033e+02	2.204195e+02	7.910215e+01	4.271824e+01	2.462819e+01
630	1.805675e+01	2.665392e+03	4.950390e+02	2.214375e+02	7.924987e+01	4.282257e+01	2.610822e+01
631	1.808541e+01	2.660262e+03	4.946390e+02	2.225016e+02	7.948281e+01	4.261489e+01	2.732939e+01
632	1.811407e+01	2.647589e+03	4.942552e+02	2.234862e+02	7.917702e+01	4.257567e+01	2.846002e+01
633	1.814273e+01	2.656452e+03	4.938359e+02	2.244362e+02	7.910557e+01	4.275679e+01	2.968323e+01
634	1.817140e+01	2.666954e+03	4.932769e+02	2.255494e+02	7.942671e+01	4.275226e+01	3.098387e+01
635	1.820006e+01	2.656321e+03	4.927197e+02	2.265256e+02	7.923090e+01	4.268703e+01	3.234465e+01
636	1.822872e+01	2.661377e+03	4.921735e+02	2.276092e+02	7.944488e+01	4.265311e+01	3.352631e+01
637	1.825738e+01	2.665182e+03	4.916370e+02	2.286097e+02	7.955845e+01	4.265311e+01	3.449759e+01
638	1.828604e+01	2.666154e+03	4.910499e+02	2.295484e+02	7.965164e+01	4.261874e+01	3.506926e+01
639	1.831470e+01	2.648206e+03	4.904603e+02	2.305985e+02	7.903215e+01	4.266366e+01	3.631829e+01
640	1.834336e+01	2.659363e+03	4.897842e+02	2.316872e+02	7.973834e+01	4.246396e+01	3.730317e+01
641	1.837203e+01	2.640976e+03	4.893014e+02	2.324967e+02	7.917000e+01	4.247309e+01	3.835953e+01
642	1.840069e+01	2.647513e+03	4.887000e+02	2.334323e+02	7.922640e+01	4.254791e+01	3.967500e+01
643	1.842935e+01	2.638193e+03	4.880829e+02	2.342982e+02	7.909143e+01	4.247049e+01	4.084240e+01
644	1.845801e+01	2.652533e+03	4.874519e+02	2.350820e+02	7.970400e+01	4.237315e+01	4.216267e+01
645	1.848667e+01	2.648503e+03	4.867359e+02	2.360395e+02	7.918236e+01	4.258750e+01	4.295883e+01
646	1.851533e+01	2.633196e+03	4.861458e+02	2.369028e+02	7.896048e+01	4.246034e+01	4.438503e+01
647	1.854400e+01	2.647726e+03	4.852432e+02	2.378952e+02	7.943353e+01	4.244038e+01	4.539374e+01
648	1.857266e+01	2.638226e+03	4.846665e+02	2.387565e+02	7.921835e+01	4.240298e+01	4.628870e+01
649	1.860132e+01	2.632165e+03	4.839418e+02	2.394759e+02	7.895278e+01	4.244786e+01	4.748120e+01
650	1.862998e+01	2.639815e+03	4.830933e+02	2.404257e+02	7.925584e+01	4.240844e+01	4.850782e+01
651	1.865864e+01	2.636368e+03	4.824401e+02	2.413114e+02	7.916954e+01	4.239924e+01	4.944536e+01
652	1.868730e+01	2.638040e+03	4.816430e+02	2.420307e+02	7.914841e+01	4.243745e+01	5.072272e+01
653	1.871596e+01	2.621295e+03	4.809134e+02	2.427729e+02	7.878483e+01	4.236267e+01	5.176562e+01
654	1.874463e+01	2.624281e+03	4.802166e+02	2.434021e+02	7.920338e+01	4.218682e+01	5.307690e+01
655	1.877329e+01	2.642247e+03	4.792861e+02	2.442466e+02	7.967147e+01	4.222607e+01	5.405008e+01
656	1.880195e+01	2.640377e+03	4.785205e+02	2.450317e+02	7.952766e+01	4.227249e+01	5.494829e+01
657	1.883061e+01	2.636852e+03	4.778190e+02	2.456880e+02	7.915218e+01	4.241631e+01	5.604667e+01
658	1.885927e+01	2.639175e+03	4.767675e+02	2.464604e+02	7.942332e+01	4.230875e+01	5.706951e+01
659	1.888793e+01	2.639434e+03	4.758993e+02	2.472371e+02	7.943633e+01	4.230598e+01	5.824697e+01
660	1.891660e+01	2.629601e+03	4.752279e+02	2.479159e+02	7.940989e+01	4.216240e+01	5.881567e+01
661	1.894526e+01	2.639769e+03	4.742239e+02	2.485725e+02	7.941161e+01	4.232452e+01	5.994780e+01
662	1.897392e+01	2.635302e+03	4.732882e+02	2.493370e+02	7.984309e+01	4.202457e+01	6.055911e+01
663	1.900258e+01	2.629705e+03	4.724677e+02	2.499686e+02	7.949356e+01	4.211970e+01	6.108469e+01
664	1.903124e+01	2.639444e+03	4.716083e+02	2.506896e+02	7.975336e+01	4.213797e+01	6.232758e+01
665	1.905990e+01	2.626695e+03	4.707108e+02	2.511954e+02	7.945586e+01	4.209145e+01	6.342673e+01
666	1.908856e+01	2.636027e+03	4.695920e+02	2.519791e+02	7.945039e+01	4.224389e+01	6.392289e+01
667	1.911723e+01	2.621269e+03	4.687744e+02	2.525350e+02	7.932082e+01	4.207600e+01	6.474018e+01
668	1.914589e+01	2.636781e+03	4.678908e+02	2.531791e+02	7.959933e+01	4.217690e+01	6.545185e+01
669	1.917455e+01	2.614363e+03	4.670162e+02	2.538788e+02	7.922840e+01	4.201411e+01	6.595786e+01
670	1.920321e+01	2.617562e+03	4.661453e+02	2.543833e+02	7.922159e+01	4.206913e+01	6.698315e+01
671	1.923187e+01	2.616197e+03	4.652186e+02	2.548920e+02	7.925524e+01	4.202935e+01	6.785696e+01
672	1.926053e+01	2.612651e+03	4.642508e+02	2.554796e+02	7.928507e+01	4.195658e+01	6.899024e+01
673	1.928919e+01	2.616458e+03	4.633292e+02	2.559990e+02	7.916489e+01	4.208151e+01	6.948511e+01
674	1.931786e+01	2.619776e+03	4.621944e+02	2.566120e+02	7.949880e+01	4.195790e+01	7.075694e+01
675	1.934652e+01	2.616389e+03	4.613102e+02	2.570033e+02	7.932393e+01	4.199603e+01	7.116830e+01
676	1.937518e+01	2.617926e+03	4.602758e+02	2.574648e+02	7.941867e+01	4.197056e+01	7.207556e+01
677	1.940384e+01	2.614535e+03	4.592276e+02	2.579404e+02	7.928358e+01	4.198763e+01	7.309214e+01
678	1.943250e+01	2.609902e+03	4.581621e+02	2.583613e+02	7.917908e+01	4.196854e+01	7.403053e+01
679	1.946116e+01	2.624159e+03	4.572993e+02	2.587273e+02	7.966241e+01	4.194177e+01	7.476884e+01
680	1.948983e+01	2.602719e+03	4.563256e+02	2.591709e+02	7.915652e+01	4.186497e+01	7.583304e+01
681	1.951849e+01	2.612905e+03	4.552627e+02	2.596339e+02	7.966589e+01	4.176008e+01	7.682679e+01
682	1.954715e+01	2.607034e+03	4.541347e+02	2.599502e+02	7.931596e+01	4.185007e+01	7.769665e+01
683	1.957581e+01	2.601256e+03	4.531826e+02	2.603104e+02	7.945052e+01	4.168659e+01	7.886092e+01
684	1.960447e+01	2.615602e+03	4.520298e+02	2.606465e+02	7.986310e+01	4.169996e+01	7.980309e+01
685	1.963313e+01	2.609653e+03	4.508397e+02	2.610395e+02	7.956156e+01	4.176280e+01	8.045583e+01
686	1.966179e+01	2.607286e+03	4.499695e+02	2.612579e+02	7.949203e+01	4.176141e+01	8.131886e+01
687	1.969046e+01	2.601353e+03	4.487127e+02	2.614787e+02	7.957349e+01	4.162373e+01	8.255485e+01
688	1.971912e+01	2.595844e+03	4.476587e+02	2.617773e+02	7.941110e+01	4.162052e+01	8.339610e+01
689	1.974778e+01	2.603490e+03	4.465846e+02	2.619373e+02	7.946043e+01	4.171720e+01	8.449270e+01
690	1.977644e+01	2.597052e+03	4.455019e+02	2.621784e+02	7.943330e+01	4.162825e+01	8.522073e+01
691	1.980510e+01	2.596368e+03	4.443308e+02	2.624103e+02	7.946130e+01	4.160261e+01	8.636309e+01
692	1.983376e+01	2.595872e+03	4.432570e+02	2.625608e+02	7.974609e+01	4.144614e+01	8.738981e+01
693	1.986242e+01	2.592445e+03	4.420990e+02	2.627356e+02	7.921554e+01	4.166864e+01	8.831046e+01
694	1.989109e+01	2.594740e+03	4.411092e+02	2.628157e+02	7.930618e+01	4.165786e+01	8.925581e+01
695	1.991975e+01	2.599263e+03	4.398507e+02	2.630190e+02	7.983433e+01	4.145440e+01	9.007046e+01
696	1.994841e+01	2.592845e+03	4.387643e+02	2.629955e+02	7.940452e+01	4.157587e+01	9.120734e+01
697	1.997707e+01	2.600180e+03	4.377490e+02	2.630830e+02	7.945725e+01	4.166582e+01	9.224524e+01
698	2.000573e+01	2.599793e+03	4.364610e+02	2.632513e+02	7.967634e+01	4.154507e+01	9.344280e+01
699	2.003439e+01	2.600266e+03	4.355541e+02	2.632800e+02	7.954537e+01	4.162104e+01	9.442699e+01
700	2.006306e+01	2.593969e+03	4.345005e+02	2.633351e+02	7.958858e+01	4.149771e+01	9.503537e+01
701	2.009172e+01	2.608643e+03	4.333663e+02	2.633872e+02	7.941932e+01	4.182140e+01	9.562611e+01
702	2.012038e+01	2.597864e+03	4.323093e+02	2.634520e+02	7.921378e+01	4.175666e+01	9.582722e+01
703	2.014904e+01	2.599483e+03	4.313144e+02	2.634603e+02	7.926127e+01	4.175764e+01	9.709890e+01
704	2.017770e+01	2.584863e+03	4.301915e+02	2.634263e+02	7.913910e+01	4.158689e+01	9.787985e+01
705	2.020636e+01	2.600688e+03	4.291895e+02	2.634933e+02	7.935502e+01	4.172765e+01	9.864690e+01
706	2.023502e+01	2.596348e+03	4.280781e+02	2.634818e+02	7.917828e+01	4.175101e+01	9.941988e+01
707	2.026369e+01	2.599221e+03	4.271149e+02	2.634240e+02	7.940426e+01	4.167826e+01	1.002600e+02
708	2.029235e+01	2.596748e+03	4.258841e+02	2.633806e+02	7.923476e+01	4.172767e+01	1.006875e+02
709	2.032101e+01	2.595317e+03	4.248224e+02	2.632018e+02	7.918752e+01	4.172955e+01	1.015384e+02
710	2.034967e+01	2.588903e+03	4.235420e+02	2.631437e+02	7.934039e+01	4.154623e+01	1.024549e+02
711	2.037833e+01	2.601976e+03	4.225033e+02	2.629880e+02	7.913667e+01	4.186351e+01	1.029436e+02
712	2.040699e+01	2.577256e+03	4.215536e+02	2.628524e+02	7.874825e+01	4.167031e+01	1.040047e+02
713	2.043565e+01	2.594135e+03	4.204621e+02	2.626854e+02	7.921364e+01	4.169680e+01	1.046528e+02
714	2.046432e+01	2.570860e+03	4.192689e+02	2.625146e+02	7.827132e+01	4.182019e+01	1.053728e+02
715	2.049298e+01	2.580090e+03	4.183319e+02	2.622696e+02	7.877023e+01	4.170449e+01	1.065402e+02
716	2.052164e+01	2.574943e+03	4.172526e+02	2.620695e+02	7.880397e+01	4.160348e+01	1.072637e+02
717	2.055030e+01	2.583158e+03	4.161554e+02	2.618001e+02	7.876948e+01	4.175449e+01	1.085005e+02
718	2.057896e+01	2.578891e+03	4.152034e+02	2.616182e+02	7.854848e+01	4.180279e+01	1.090017e+02
719	2.060762e+01	2.580946e+03	4.141388e+02	2.612001e+02	7.868668e+01	4.176264e+01	1.101680e+02
720	2.063629e+01	2.575255e+03	4.130700e+02	2.609835e+02	7.837402e+01	4.183677e+01	1.110733e+02
721	2.066495e+01	2.595371e+03	4.119926e+02	2.605851e+02	7.874072e+01	4.196722e+01	1.116084e+02
722	2.069361e+01	2.580163e+03	4.110734e+02	2.603675e+02	7.862109e+01	4.178479e+01	1.128741e+02
723	2.072227e+01	2.602065e+03	4.099954e+02	2.600613e+02	7.870413e+01	4.209502e+01	1.137355e+02
724	2.075093e+01	2.582604e+03	4.089706e+02	2.596007e+02	7.832380e+01	4.198306e+01	1.145211e+02
725	2.077959e+01	2.580081e+03	4.079020e+02	2.591022e+02	7.860765e+01	4.179060e+01	1.153879e+02
726	2.080825e+01	2.590361e+03	4.068147e+02	2.585634e+02	7.870055e+01	4.190760e+01	1.165227e+02
727	2.083692e+01	2.585236e+03	4.058107e+02	2.583686e+02	7.812826e+01	4.213104e+01	1.174537e+02
728	2.086558e+01	2.576738e+03	4.047074e+02	2.578279e+02	7.804661e+01	4.203648e+01	1.183463e+02
729	2.089424e+01	2.574562e+03	4.038777e+02	2.573153e+02	7.826508e+01	4.188374e+01	1.189611e+02
730	2.092290e+01	2.559085e+03	4.025980e+02	2.567242e+02	7.747300e+01	4.205760e+01	1.204591e+02
731	2.095156e+01	2.554143e+03	4.017223e+02	2.563572e+02	7.751751e+01	4.195227e+01	1.208725e+02
732	2.098022e+01	2.567651e+03	4.007589e+02	2.558463e+02	7.794664e+01	4.194196e+01	1.216910e+02
733	2.100889e+01	2.570981e+03	3.996674e+02	2.553932e+02	7.801061e+01	4.196191e+01	1.225588e+02
734	2.103755e+01	2.562819e+03	3.987824e+02	2.549338e+02	7.785616e+01	4.191168e+01	1.229686e+02
735	2.106621e+01	2.562091e+03	3.977369e+02	2.543134e+02	7.789643e+01	4.187811e+01	1.238407e+02
736	2.109487e+01	2.554308e+03	3.967628e+02	2.538221e+02	7.782549e+01	4.178896e+01	1.246706e+02
737	2.112353e+01	2.584604e+03	3.961253e+02	2.534766e+02	7.831086e+01	4.202252e+01	1.248271e+02
738	2.115219e+01	2.565832e+03	3.949618e+02	2.528306e+02	7.787519e+01	4.195070e+01	1.259336e+02
739	2.118085e+01	2.547733e+03	3.940345e+02	2.522553e+02	7.753672e+01	4.183662e+01	1.271025e+02
740	2.120952e+01	2.557900e+03	3.929508e+02	2.515747e+02	7.737173e+01	4.209314e+01	1.274891e+02
741	2.123818e+01	2.556838e+03	3.921500e+02	2.510055e+02	7.747787e+01	4.201802e+01	1.287223e+02
742	2.126684e+01	2.538794e+03	3.912676e+02	2.503920e+02	7.698420e+01	4.198904e+01	1.295993e+02
743	2.129550e+01	2.554378e+03	3.902676e+02	2.496629e+02	7.736967e+01	4.203630e+01	1.307657e+02
744	2.132416e+01	2.556147e+03	3.894886e+02	2.490661e+02	7.723424e+01	4.213917e+01	1.314437e+02
745	2.135282e+01	2.542235e+03	3.883277e+02	2.482701e+02	7.685308e+01	4.211768e+01	1.322737e+02
746	2.138148e+01	2.559090e+03	3.876266e+02	2.478571e+02	7.726942e+01	4.216848e+01	1.324448e+02
747	2.141015e+01	2.556614e+03	3.866183e+02	2.473661e+02	7.731777e+01	4.210134e+01	1.324068e+02
748	2.143881e+01	2.568121e+03	3.859704e+02	2.468054e+02	7.743031e+01	4.222937e+01	1.329728e+02
749	2.146747e+01	2.552943e+03	3.851310e+02	2.462163e+02	7.707220e+01	4.217484e+01	1.335868e+02
750	2.149613e+01	2.575854e+03	3.844121e+02	2.456020e+02	7.771009e+01	4.220404e+01	1.342747e+02
751	2.152479e+01	2.559427e+03	3.835019e+02	2.449454e+02	7.739108e+01	4.210774e+01	1.346694e+02
752	2.155345e+01	2.570457e+03	3.828340e+02	2.444943e+02	7.767387e+01	4.213525e+01	1.351653e+02
753	2.158212e+01	2.560371e+03	3.821485e+02	2.437890e+02	7.718777e+01	4.223423e+01	1.361165e+02
754	2.161078e+01	2.578626e+03	3.812697e+02	2.431637e+02	7.781939e+01	4.219010e+01	1.364329e+02
755	2.163944e+01	2.579484e+03	3.804914e+02	2.424820e+02	7.766217e+01	4.228959e+01	1.372810e+02
756	2.166810e+01	2.564826e+03	3.797724e+02	2.419228e+02	7.781606e+01	4.196613e+01	1.374267e+02
757	2.169676e+01	2.579609e+03	3.790928e+02	2.412431e+02	7.782869e+01	4.220115e+01	1.383932e+02
758	2.172542e+01	2.581264e+03	3.781718e+02	2.402967e+02	7.776764e+01	4.226138e+01	1.389007e+02
759	2.175408e+01	2.570703e+03	3.775740e+02	2.397419e+02	7.759846e+01	4.218023e+01	1.395811e+02
760	2.178275e+01	2.569888e+03	3.770229e+02	2.391791e+02	7.758517e+01	4.217407e+01	1.404725e+02
761	2.181141e+01	2.589779e+03	3.763216e+02	2.384593e+02	7.781850e+01	4.237307e+01	1.412171e+02
762	2.184007e+01	2.579591e+03	3.755453e+02	2.376835e+02	7.772882e+01	4.225507e+01	1.421766e+02
763	2.186873e+01	2.581330e+03	3.749899e+02	2.369894e+02	7.780576e+01	4.224175e+01	1.429005e+02
764	2.189739e+01	2.595375e+03	3.743546e+02	2.361142e+02	7.780014e+01	4.247466e+01	1.441200e+02
765	2.192605e+01	2.585834e+03	3.736244e+02	2.352355e+02	7.741777e+01	4.252752e+01	1.443145e+02
766	2.195471e+01	2.579072e+03	3.730324e+02	2.345901e+02	7.757345e+01	4.233120e+01	1.453363e+02
767	2.198338e+01	2.584525e+03	3.724818e+02	2.338160e+02	7.761180e+01	4.239972e+01	1.464113e+02
768	2.201204e+01	2.573286e+03	3.718605e+02	2.330274e+02	7.749624e+01	4.227830e+01	1.475592e+02
769	2.204070e+01	2.575793e+03	3.712354e+02	2.321451e+02	7.729517e+01	4.242959e+01	1.485076e+02
770	2.206936e+01	2.597330e+03	3.705415e+02	2.312138e+02	7.777811e+01	4.251868e+01	1.486785e+02
771	2.209802e+01	2.601223e+03	3.698940e+02	2.304939e+02	7.782957e+01	4.255427e+01	1.495572e+02
772	2.212668e+01	2.601245e+03	3.693992e+02	2.296180e+02	7.795432e+01	4.248653e+01	1.506694e+02
773	2.215535e+01	2.588930e+03	3.689268e+02	2.289735e+02	7.777967e+01	4.238033e+01	1.517436e+02
774	2.218401e+01	2.589157e+03	3.683396e+02	2.279725e+02	7.750528e+01	4.253410e+01	1.527426e+02
775	2.221267e+01	2.588906e+03	3.678888e+02	2.272047e+02	7.734991e+01	4.261540e+01	1.531748e+02
776	2.224133e+01	2.592934e+03	3.674393e+02	2.262052e+02	7.758165e+01	4.255421e+01	1.543463e+02
777	2.226999e+01	2.593874e+03	3.669112e+02	2.252813e+02	7.762189e+01	4.254758e+01	1.557553e+02
778	2.229865e+01	2.588111e+03	3.664131e+02	2.244958e+02	7.748792e+01	4.252643e+01	1.567763e+02
779	2.232731e+01	2.584477e+03	3.660492e+02	2.234917e+02	7.739016e+01	4.252037e+01	1.580530e+02
780	2.235598e+01	2.595207e+03	3.657215e+02	2.227776e+02	7.769799e+01	4.252774e+01	1.589041e+02
781	2.238464e+01	2.581989e+03	3.653585e+02	2.217569e+02	7.750036e+01	4.241903e+01	1.602099e+02
782	2.241330e+01	2.598096e+03	3.650988e+02	2.209466e+02	7.773549e+01	4.255455e+01	1.610651e+02
783	2.244196e+01	2.592549e+03	3.647283e+02	2.199175e+02	7.749570e+01	4.259508e+01	1.622737e+02
784	2.247062e+01	2.593594e+03	3.644564e+02	2.189169e+02	7.751444e+01	4.260195e+01	1.634859e+02
785	2.249928e+01	2.597150e+03	3.641611e+02	2.179645e+02	7.756499e+01	4.263256e+01	1.644963e+02
786	2.252794e+01	2.606404e+03	3.638394e+02	2.170523e+02	7.740530e+01	4.287273e+01	1.652346e+02
787	2.255661e+01	2.601806e+03	3.635663e+02	2.161183e+02	7.713789e+01	4.294546e+01	1.664058e+02
788	2.258527e+01	2.606035e+03	3.633856e+02	2.150564e+02	7.766553e+01	4.272303e+01	1.673610e+02
789	2.261393e+01	2.604310e+03	3.630528e+02	2.140113e+02	7.732251e+01	4.288416e+01	1.691098e+02
790	2.264259e+01	2.606816e+03	3.628991e+02	2.133112e+02	7.741501e+01	4.287413e+01	1.698240e+02
791	2.267125e+01	2.613632e+03	3.626287e+02	2.122724e+02	7.731980e+01	4.303916e+01	1.712242e+02
792	2.269991e+01	2.604945e+03	3.625156e+02	2.112367e+02	7.806136e+01	4.248862e+01	1.719570e+02
793	2.272858e+01	2.612395e+03	3.625201e+02	2.103439e+02	7.778444e+01	4.276183e+01	1.729465e+02
794	2.275724e+01	2.614581e+03	3.622621e+02	2.093504e+02	7.715823e+01	4.314495e+01	1.739237e+02
795	2.278590e+01	2.612199e+03	3.620599e+02	2.084740e+02	7.725970e+01	4.304903e+01	1.752074e+02
796	2.281456e+01	2.602249e+03	3.620380e+02	2.073587e+02	7.792933e+01	4.251655e+01	1.762792e+02
797	2.284322e+01	2.614955e+03	3.617881e+02	2.064011e+02	7.776672e+01	4.281348e+01	1.773991e+02
798	2.287188e+01	2.613703e+03	3.619556e+02	2.052021e+02	7.789821e+01	4.272075e+01	1.786033e+02
799	2.290054e+01	2.616326e+03	3.618989e+02	2.042234e+02	7.760823e+01	4.292340e+01	1.793374e+02
