1	2.862869e-02	2.689791e+03	4.179701e+02	4.283592e+02	7.941885e+01	4.312261e+01	1.445889e+02
2	5.725737e-02	2.699349e+03	4.180634e+02	4.285381e+02	7.931298e+01	4.333361e+01	1.442704e+02
3	8.588606e-02	2.689442e+03	4.181375e+02	4.286546e+02	7.923688e+01	4.321603e+01	1.448995e+02
4	1.145147e-01	2.694990e+03	4.186703e+02	4.289590e+02	7.937532e+01	4.322965e+01	1.465817e+02
5	1.431434e-01	2.685309e+03	4.193488e+02	4.289666e+02	7.923616e+01	4.315001e+01	1.487435e+02
6	1.717721e-01	2.691667e+03	4.199615e+02	4.291699e+02	7.921159e+01	4.326560e+01	1.505665e+02
7	2.004008e-01	2.692973e+03	4.205874e+02	4.294009e+02	7.917005e+01	4.330931e+01	1.526742e+02
8	2.290295e-01	2.690424e+03	4.214870e+02	4.298682e+02	7.894833e+01	4.338982e+01	1.554189e+02
9	2.576582e-01	2.688509e+03	4.223504e+02	4.302835e+02	7.920637e+01	4.321768e+01	1.583188e+02
10	2.862869e-01	2.687136e+03	4.231222e+02	4.307835e+02	7.911474e+01	4.324564e+01	1.608115e+02
11	3.149155e-01	2.697235e+03	4.238406e+02	4.311552e+02	7.921491e+01	4.335329e+01	1.629322e+02
12	3.435442e-01	2.682059e+03	4.246480e+02	4.319598e+02	7.917228e+01	4.313256e+01	1.660848e+02
13	3.721729e-01	2.682757e+03	4.255326e+02	4.324111e+02	7.910372e+01	4.318118e+01	1.688713e+02
14	4.008016e-01	2.685289e+03	4.263170e+02	4.330894e+02	7.903693e+01	4.325846e+01	1.719908e+02
15	4.294303e-01	2.693734e+03	4.272581e+02	4.339057e+02	7.959074e+01	4.309255e+01	1.750042e+02
16	4.580590e-01	2.692278e+03	4.278761e+02	4.346441e+02	7.901243e+01	4.338450e+01	1.778174e+02
17	4.866877e-01	2.680165e+03	4.287070e+02	4.353498e+02	7.925303e+01	4.305819e+01	1.441489e+00
18	5.153163e-01	2.671053e+03	4.294669e+02	4.362123e+02	7.898706e+01	4.305629e+01	4.329804e+00
19	5.439450e-01	2.691458e+03	4.300272e+02	4.370843e+02	7.930678e+01	4.321031e+01	7.865763e+00
20	5.725737e-01	2.682496e+03	4.306826e+02	4.379474e+02	7.915643e+01	4.314824e+01	1.093060e+01
21	6.012024e-01	2.683019e+03	4.314320e+02	4.387222e+02	7.906125e+01	4.320860e+01	1.404589e+01
22	6.298311e-01	2.669127e+03	4.318136e+02	4.398050e+02	7.877859e+01	4.313911e+01	1.720579e+01
23	6.584598e-01	2.672855e+03	4.324554e+02	4.408745e+02	7.911803e+01	4.301402e+01	2.088979e+01
24	6.870885e-01	2.687162e+03	4.329738e+02	4.418564e+02	7.937096e+01	4.310646e+01	2.480789e+01
25	7.157171e-01	2.676662e+03	4.334380e+02	4.430827e+02	7.912429e+01	4.307188e+01	2.792233e+01
26	7.443458e-01	2.679798e+03	4.338865e+02	4.439971e+02	7.919101e+01	4.308601e+01	3.141265e+01
27	7.729745e-01	2.673035e+03	4.340215e+02	4.452497e+02	7.884822e+01	4.316412e+01	3.470656e+01
28	8.016032e-01	2.678443e+03	4.341850e+02	4.463165e+02	7.906996e+01	4.313015e+01	3.808274e+01
29	8.302319e-01	2.670984e+03	4.344381e+02	4.473302e+02	7.885368e+01	4.312801e+01	4.193601e+01
30	8.588606e-01	2.665726e+03	4.344053e+02	4.486026e+02	7.883236e+01	4.305474e+01	4.548391e+01
31	8.874893e-01	2.661603e+03	4.342562e+02	4.497952e+02	7.876522e+01	4.302480e+01	4.888640e+01
32	9.161180e-01	2.664740e+03	4.343566e+02	4.508776e+02	7.867838e+01	4.312305e+01	5.235405e+01
33	9.447466e-01	2.634480e+03	4.342854e+02	4.520793e+02	7.793465e+01	4.304022e+01	5.616236e+01
34	9.733753e-01	2.636558e+03	4.343247e+02	4.529608e+02	7.848529e+01	4.277197e+01	5.893764e+01
35	1.002004e+00	2.651083e+03	4.341468e+02	4.540223e+02	7.887211e+01	4.279668e+01	6.217043e+01
36	1.030633e+00	2.650796e+03	4.340731e+02	4.547804e+02	7.896644e+01	4.274092e+01	6.511903e+01
37	1.059261e+00	2.649374e+03	4.335657e+02	4.559059e+02	7.919428e+01	4.259509e+01	6.784988e+01
38	1.087890e+00	2.649931e+03	4.332850e+02	4.570279e+02	7.906722e+01	4.267250e+01	7.120754e+01
39	1.116519e+00	2.655901e+03	4.328993e+02	4.580630e+02	7.939908e+01	4.258989e+01	7.442333e+01
40	1.145147e+00	2.656187e+03	4.324587e+02	4.589959e+02	7.923602e+01	4.268213e+01	7.795332e+01
41	1.173776e+00	2.654037e+03	4.320554e+02	4.599778e+02	7.944666e+01	4.253451e+01	8.147090e+01
42	1.202405e+00	2.643008e+03	4.313216e+02	4.609255e+02	7.981602e+01	4.216173e+01	8.465192e+01
43	1.231033e+00	2.650149e+03	4.309250e+02	4.619814e+02	7.955302e+01	4.241542e+01	8.783334e+01
44	1.259662e+00	2.636035e+03	4.303368e+02	4.627961e+02	7.955150e+01	4.219032e+01	9.092648e+01
45	1.288291e+00	2.647651e+03	4.297270e+02	4.635970e+02	7.990097e+01	4.219090e+01	9.390236e+01
46	1.316920e+00	2.640962e+03	4.290640e+02	4.642335e+02	7.955393e+01	4.226789e+01	9.657114e+01
47	1.345548e+00	2.644885e+03	4.283916e+02	4.648348e+02	7.973518e+01	4.223446e+01	9.900684e+01
48	1.374177e+00	2.640650e+03	4.278185e+02	4.655170e+02	7.957263e+01	4.225296e+01	1.019705e+02
49	1.402806e+00	2.642704e+03	4.270995e+02	4.661260e+02	7.960339e+01	4.226950e+01	1.040820e+02
50	1.431434e+00	2.642389e+03	4.264442e+02	4.664356e+02	7.953949e+01	4.229840e+01	1.056065e+02
51	1.460063e+00	2.642463e+03	4.259131e+02	4.668685e+02	7.940562e+01	4.237091e+01	1.075779e+02
52	1.488692e+00	2.639412e+03	4.254879e+02	4.672621e+02	7.952013e+01	4.226104e+01	1.092804e+02
53	1.517320e+00	2.669831e+03	4.247450e+02	4.675948e+02	8.022505e+01	4.237248e+01	1.111400e+02
54	1.545949e+00	2.650943e+03	4.240670e+02	4.682255e+02	7.920421e+01	4.261497e+01	1.146340e+02
55	1.574578e+00	2.660020e+03	4.232097e+02	4.686671e+02	7.969610e+01	4.249697e+01	1.174982e+02
56	1.603206e+00	2.666836e+03	4.222450e+02	4.691234e+02	7.943542e+01	4.274567e+01	1.205158e+02
57	1.631835e+00	2.666459e+03	4.212729e+02	4.693398e+02	7.917906e+01	4.287802e+01	1.237171e+02
58	1.660464e+00	2.672456e+03	4.201477e+02	4.695573e+02	7.899557e+01	4.307427e+01	1.268366e+02
59	1.689092e+00	2.673410e+03	4.192313e+02	4.697327e+02	7.908652e+01	4.304010e+01	1.301367e+02
60	1.717721e+00	2.663201e+03	4.184428e+02	4.698746e+02	7.908559e+01	4.287625e+01	1.322587e+02
61	1.746350e+00	2.670776e+03	4.173143e+02	4.698570e+02	7.903981e+01	4.302311e+01	1.354473e+02
62	1.774979e+00	2.673597e+03	4.163375e+02	4.698322e+02	7.895927e+01	4.311248e+01	1.388364e+02
63	1.803607e+00	2.672860e+03	4.154248e+02	4.697267e+02	7.894222e+01	4.310990e+01	1.418065e+02
64	1.832236e+00	2.665354e+03	4.144046e+02	4.696020e+02	7.877264e+01	4.308139e+01	1.447988e+02
65	1.860865e+00	2.670070e+03	4.134397e+02	4.693884e+02	7.892973e+01	4.307172e+01	1.480118e+02
66	1.889493e+00	2.664871e+03	4.124768e+02	4.691777e+02	7.883829e+01	4.303770e+01	1.511262e+02
67	1.918122e+00	2.667628e+03	4.115807e+02	4.688811e+02	7.863565e+01	4.319325e+01	1.533564e+02
68	1.946751e+00	2.659020e+03	4.106248e+02	4.686695e+02	7.820300e+01	4.329207e+01	1.571263e+02
69	1.975379e+00	2.665438e+03	4.096021e+02	4.682003e+02	7.881070e+01	4.306194e+01	1.602175e+02
70	2.004008e+00	2.695407e+03	4.086031e+02	4.677977e+02	7.896288e+01	4.346218e+01	1.628628e+02
71	2.032637e+00	2.685716e+03	4.077779e+02	4.673089e+02	7.865629e+01	4.347472e+01	1.663203e+02
72	2.061265e+00	2.670912e+03	4.068696e+02	4.666682e+02	7.872487e+01	4.319741e+01	1.694915e+02
73	2.089894e+00	2.679377e+03	4.060087e+02	4.661943e+02	7.843655e+01	4.349361e+01	1.727872e+02
74	2.118523e+00	2.670499e+03	4.052307e+02	4.656314e+02	7.896215e+01	4.306096e+01	1.759946e+02
75	2.147151e+00	2.668255e+03	4.045066e+02	4.648385e+02	7.850292e+01	4.327646e+01	1.792413e+02
76	2.175780e+00	2.665271e+03	4.037944e+02	4.641401e+02	7.895922e+01	4.297824e+01	2.134955e+00
77	2.204409e+00	2.652702e+03	4.032418e+02	4.633336e+02	7.862770e+01	4.295592e+01	5.345520e+00
78	2.233038e+00	2.659027e+03	4.024571e+02	4.627780e+02	7.846140e+01	4.314960e+01	8.506972e+00
79	2.261666e+00	2.662991e+03	4.017926e+02	4.620229e+02	7.868843e+01	4.308925e+01	1.139277e+01
80	2.290295e+00	2.658926e+03	4.011263e+02	4.614880e+02	7.859178e+01	4.307638e+01	1.471450e+01
81	2.318924e+00	2.646387e+03	4.005883e+02	4.606246e+02	7.871356e+01	4.280691e+01	1.778090e+01
82	2.347552e+00	2.674235e+03	4.000652e+02	4.599458e+02	7.922633e+01	4.297740e+01	2.132624e+01
83	2.376181e+00	2.662154e+03	3.995101e+02	4.590847e+02	7.885092e+01	4.298694e+01	2.433519e+01
84	2.404810e+00	2.655618e+03	3.989878e+02	4.582422e+02	7.881709e+01	4.289980e+01	2.765071e+01
85	2.433438e+00	2.664871e+03	3.985799e+02	4.572648e+02	7.886209e+01	4.302472e+01	3.121241e+01
86	2.462067e+00	2.654508e+03	3.982296e+02	4.563908e+02	7.860886e+01	4.299546e+01	3.392787e+01
87	2.490696e+00	2.659399e+03	3.979036e+02	4.553996e+02	7.888119e+01	4.292598e+01	3.717225e+01
88	2.519324e+00	2.664355e+03	3.975824e+02	4.545684e+02	7.902687e+01	4.292669e+01	4.056871e+01
89	2.547953e+00	2.662503e+03	3.972738e+02	4.537614e+02	7.883724e+01	4.300004e+01	4.374300e+01
90	2.576582e+00	2.654339e+03	3.972669e+02	4.525914e+02	7.882908e+01	4.287262e+01	4.689164e+01
91	2.605210e+00	2.661237e+03	3.970820e+02	4.517327e+02	7.906351e+01	4.285659e+01	4.982840e+01
92	2.633839e+00	2.667731e+03	3.971945e+02	4.507765e+02	7.908994e+01	4.294681e+01	5.271289e+01
93	2.662468e+00	2.656338e+03	3.972632e+02	4.497881e+02	7.929742e+01	4.265151e+01	5.559431e+01
94	2.691096e+00	2.671282e+03	3.973948e+02	4.486473e+02	7.931240e+01	4.288336e+01	5.909567e+01
95	2.719725e+00	2.659618e+03	3.972186e+02	4.477222e+02	7.926796e+01	4.272005e+01	6.214688e+01
96	2.748354e+00	2.659666e+03	3.974829e+02	4.466432e+02	7.957987e+01	4.255338e+01	6.555830e+01
97	2.776983e+00	2.656549e+03	3.976490e+02	4.457533e+02	7.952100e+01	4.253498e+01	6.810840e+01
98	2.805611e+00	2.657364e+03	3.979023e+02	4.448008e+02	7.936427e+01	4.263204e+01	7.139156e+01
99	2.834240e+00	2.661038e+03	3.984275e+02	4.438021e+02	7.972405e+01	4.249833e+01	7.450761e+01
100	2.862869e+00	2.644367e+03	3.988889e+02	4.431920e+02	7.958669e+01	4.230497e+01	7.668835e+01
101	2.891497e+00	2.669012e+03	3.993672e+02	4.423854e+02	8.013994e+01	4.240448e+01	7.926643e+01
102	2.920126e+00	2.653402e+03	3.999226e+02	4.415174e+02	7.976351e+01	4.235540e+01	8.223331e+01
103	2.948755e+00	2.653382e+03	4.004051e+02	4.408774e+02	8.000793e+01	4.222570e+01	8.521388e+01
104	2.977383e+00	2.655115e+03	4.012139e+02	4.400976e+02	7.972945e+01	4.240086e+01	8.781437e+01
105	3.006012e+00	2.649631e+03	4.015735e+02	4.395266e+02	7.980025e+01	4.227575e+01	8.980816e+01
106	3.034641e+00	2.659748e+03	4.021238e+02	4.390489e+02	7.996040e+01	4.235217e+01	9.216488e+01
107	3.063269e+00	2.662493e+03	4.029257e+02	4.384366e+02	8.008785e+01	4.232841e+01	9.514478e+01
108	3.091898e+00	2.649117e+03	4.036168e+02	4.378463e+02	7.987530e+01	4.222783e+01	9.758389e+01
109	3.120527e+00	2.649572e+03	4.044034e+02	4.374000e+02	7.997627e+01	4.218175e+01	1.000390e+02
110	3.149155e+00	2.661319e+03	4.051828e+02	4.368624e+02	7.981400e+01	4.245492e+01	1.026071e+02
111	3.177784e+00	2.651464e+03	4.061093e+02	4.364992e+02	7.985799e+01	4.227441e+01	1.049985e+02
112	3.206413e+00	2.659015e+03	4.066463e+02	4.361931e+02	7.977895e+01	4.243679e+01	1.070347e+02
113	3.235042e+00	2.658931e+03	4.074683e+02	4.359361e+02	7.979180e+01	4.242862e+01	1.097159e+02
114	3.263670e+00	2.654225e+03	4.083360e+02	4.356201e+02	7.952552e+01	4.249535e+01	1.118633e+02
115	3.292299e+00	2.665770e+03	4.088990e+02	4.352882e+02	7.945789e+01	4.271651e+01	1.140285e+02
116	3.320928e+00	2.656493e+03	4.096884e+02	4.350542e+02	7.931319e+01	4.264552e+01	1.162531e+02
117	3.349556e+00	2.673721e+03	4.104803e+02	4.350308e+02	7.941517e+01	4.286697e+01	1.190589e+02
118	3.378185e+00	2.662797e+03	4.114127e+02	4.347621e+02	7.940153e+01	4.269916e+01	1.213199e+02
119	3.406814e+00	2.674040e+03	4.120296e+02	4.346866e+02	7.956466e+01	4.279153e+01	1.235532e+02
120	3.435442e+00	2.663094e+03	4.128725e+02	4.346088e+02	7.917792e+01	4.282452e+01	1.261946e+02
121	3.464071e+00	2.670397e+03	4.136462e+02	4.345475e+02	7.921138e+01	4.292383e+01	1.286873e+02
122	3.492700e+00	2.672321e+03	4.144646e+02	4.344006e+02	7.901529e+01	4.306135e+01	1.315607e+02
123	3.521328e+00	2.671871e+03	4.152774e+02	4.344423e+02	7.917328e+01	4.296818e+01	1.337450e+02
124	3.549957e+00	2.674369e+03	4.160237e+02	4.343990e+02	7.936736e+01	4.290319e+01	1.360143e+02
125	3.578586e+00	2.682188e+03	4.169285e+02	4.345713e+02	7.941889e+01	4.300071e+01	1.384934e+02
126	3.607214e+00	2.681681e+03	4.177773e+02	4.347052e+02	7.928962e+01	4.306266e+01	1.412621e+02
127	3.635843e+00	2.684423e+03	4.187162e+02	4.347997e+02	7.927111e+01	4.311676e+01	1.440491e+02
128	3.664472e+00	2.692107e+03	4.195010e+02	4.349411e+02	7.925520e+01	4.324887e+01	1.464955e+02
129	3.693100e+00	2.695323e+03	4.205044e+02	4.351034e+02	7.937089e+01	4.323742e+01	1.494981e+02
130	3.721729e+00	2.690571e+03	4.214870e+02	4.353476e+02	7.908837e+01	4.331536e+01	1.524353e+02
131	3.750358e+00	2.696274e+03	4.224344e+02	4.358000e+02	7.934965e+01	4.326424e+01	1.556864e+02
132	3.778987e+00	2.685992e+03	4.233679e+02	4.361660e+02	7.911769e+01	4.322561e+01	1.587511e+02
133	3.807615e+00	2.691132e+03	4.243201e+02	4.366030e+02	7.890908e+01	4.342282e+01	1.618216e+02
134	3.836244e+00	2.675435e+03	4.254402e+02	4.373370e+02	7.891669e+01	4.316539e+01	1.650894e+02
135	3.864873e+00	2.696021e+03	4.264062e+02	4.377719e+02	7.920634e+01	4.333847e+01	1.684951e+02
136	3.893501e+00	2.684023e+03	4.272864e+02	4.385173e+02	7.914433e+01	4.317939e+01	1.720433e+02
137	3.922130e+00	2.710773e+03	4.280609e+02	4.391271e+02	7.904523e+01	4.366441e+01	1.748769e+02
138	3.950759e+00	2.692230e+03	4.287264e+02	4.398064e+02	7.919292e+01	4.328484e+01	1.781582e+02
139	3.979387e+00	2.684405e+03	4.295433e+02	4.404212e+02	7.914586e+01	4.318471e+01	1.063950e+00
140	4.008016e+00	2.694912e+03	4.302200e+02	4.413236e+02	7.922024e+01	4.331302e+01	4.237241e+00
141	4.036645e+00	2.690166e+03	4.308385e+02	4.422723e+02	7.921161e+01	4.324146e+01	7.534889e+00
142	4.065273e+00	2.692460e+03	4.315550e+02	4.430620e+02	7.939822e+01	4.317662e+01	1.087668e+01
143	4.093902e+00	2.696884e+03	4.321238e+02	4.440257e+02	7.945558e+01	4.321633e+01	1.400978e+01
144	4.122531e+00	2.679505e+03	4.325871e+02	4.449767e+02	7.916547e+01	4.309521e+01	1.675151e+01
145	4.151159e+00	2.685335e+03	4.332170e+02	4.459390e+02	7.913486e+01	4.320567e+01	2.007951e+01
146	4.179788e+00	2.677729e+03	4.336875e+02	4.468289e+02	7.881145e+01	4.326009e+01	2.371853e+01
147	4.208417e+00	2.684896e+03	4.341544e+02	4.478896e+02	7.910372e+01	4.321562e+01	2.714156e+01
148	4.237046e+00	2.695264e+03	4.345565e+02	4.489431e+02	7.933714e+01	4.325486e+01	3.111340e+01
149	4.265674e+00	2.689078e+03	4.348453e+02	4.500975e+02	7.936315e+01	4.314143e+01	3.410854e+01
150	4.294303e+00	2.665670e+03	4.348369e+02	4.514301e+02	7.887483e+01	4.303066e+01	3.759533e+01
151	4.322932e+00	2.678749e+03	4.350701e+02	4.525193e+02	7.916135e+01	4.308529e+01	4.126242e+01
152	4.351560e+00	2.676945e+03	4.350271e+02	4.536917e+02	7.911593e+01	4.308098e+01	4.430603e+01
153	4.380189e+00	2.662591e+03	4.349881e+02	4.548878e+02	7.886999e+01	4.298360e+01	4.768185e+01
154	4.408818e+00	2.667169e+03	4.350679e+02	4.560034e+02	7.905222e+01	4.295825e+01	5.096039e+01
155	4.437446e+00	2.653577e+03	4.347542e+02	4.572226e+02	7.840311e+01	4.309318e+01	5.437752e+01
156	4.466075e+00	2.647726e+03	4.347726e+02	4.582555e+02	7.855470e+01	4.291518e+01	5.820084e+01
157	4.494704e+00	2.661677e+03	4.346057e+02	4.594283e+02	7.901904e+01	4.288779e+01	6.147689e+01
158	4.523332e+00	2.640731e+03	4.341187e+02	4.605855e+02	7.841344e+01	4.287891e+01	6.476227e+01
159	4.551961e+00	2.663104e+03	4.339206e+02	4.616040e+02	7.893369e+01	4.295719e+01	6.841639e+01
160	4.580590e+00	2.642437e+03	4.335357e+02	4.625839e+02	7.898495e+01	4.259615e+01	7.098685e+01
161	4.609218e+00	2.649254e+03	4.332509e+02	4.635901e+02	7.966071e+01	4.234377e+01	7.441480e+01
162	4.637847e+00	2.654742e+03	4.327834e+02	4.647045e+02	7.959492e+01	4.246656e+01	7.775456e+01
163	4.666476e+00	2.636061e+03	4.320316e+02	4.657185e+02	7.944513e+01	4.224724e+01	8.097356e+01
164	4.695104e+00	2.645195e+03	4.315014e+02	4.666261e+02	7.964046e+01	4.228964e+01	8.439346e+01
165	4.723733e+00	2.647501e+03	4.309888e+02	4.675049e+02	7.953734e+01	4.238139e+01	8.751337e+01
166	4.752362e+00	2.639020e+03	4.304554e+02	4.682053e+02	7.961562e+01	4.220409e+01	8.997113e+01
167	4.780991e+00	2.640933e+03	4.297536e+02	4.689839e+02	7.960502e+01	4.224030e+01	9.225745e+01
168	4.809619e+00	2.638403e+03	4.292213e+02	4.697531e+02	7.945672e+01	4.227861e+01	9.516547e+01
169	4.838248e+00	2.640398e+03	4.285272e+02	4.705471e+02	7.973093e+01	4.216505e+01	9.794938e+01
170	4.866877e+00	2.647222e+03	4.280015e+02	4.712799e+02	7.958217e+01	4.235305e+01	1.009448e+02
171	4.895505e+00	2.652640e+03	4.272466e+02	4.718979e+02	7.966446e+01	4.239589e+01	1.032971e+02
172	4.924134e+00	2.641198e+03	4.265759e+02	4.724989e+02	7.941423e+01	4.234604e+01	1.060431e+02
173	4.952763e+00	2.637582e+03	4.257978e+02	4.730664e+02	7.932706e+01	4.233452e+01	1.084865e+02
174	4.981391e+00	2.654252e+03	4.252001e+02	4.736772e+02	7.962937e+01	4.244035e+01	1.113283e+02
175	5.010020e+00	2.637946e+03	4.243969e+02	4.741712e+02	7.914613e+01	4.243716e+01	1.143465e+02
176	5.038649e+00	2.660607e+03	4.234729e+02	4.745759e+02	7.950018e+01	4.261109e+01	1.173856e+02
177	5.067277e+00	2.664476e+03	4.225411e+02	4.749406e+02	7.923944e+01	4.281348e+01	1.204310e+02
178	5.095906e+00	2.660504e+03	4.216471e+02	4.753126e+02	7.925466e+01	4.274145e+01	1.231922e+02
179	5.124535e+00	2.658130e+03	4.206088e+02	4.755495e+02	7.927359e+01	4.269312e+01	1.264847e+02
180	5.153163e+00	2.656446e+03	4.197244e+02	4.758213e+02	7.878699e+01	4.292958e+01	1.290298e+02
181	5.181792e+00	2.680046e+03	4.187086e+02	4.759857e+02	7.948079e+01	4.293289e+01	1.307316e+02
182	5.210421e+00	2.672751e+03	4.180311e+02	4.761453e+02	7.942152e+01	4.284799e+01	1.342770e+02
183	5.239050e+00	2.674091e+03	4.169023e+02	4.762174e+02	7.894467e+01	4.312842e+01	1.365393e+02
184	5.267678e+00	2.664183e+03	4.161393e+02	4.761844e+02	7.895106e+01	4.296513e+01	1.401749e+02
185	5.296307e+00	2.672388e+03	4.151849e+02	4.762316e+02	7.902306e+01	4.305820e+01	1.431127e+02
186	5.324936e+00	2.674008e+03	4.140585e+02	4.760671e+02	7.906831e+01	4.305963e+01	1.466121e+02
187	5.353564e+00	2.687826e+03	4.128103e+02	4.760580e+02	7.885761e+01	4.339779e+01	1.493546e+02
188	5.382193e+00	2.660223e+03	4.120371e+02	4.757299e+02	7.887929e+01	4.294031e+01	1.529554e+02
189	5.410822e+00	2.666456e+03	4.110358e+02	4.753313e+02	7.836995e+01	4.332065e+01	1.557099e+02
190	5.439450e+00	2.665987e+03	4.101986e+02	4.749990e+02	7.845866e+01	4.326405e+01	1.589045e+02
191	5.468079e+00	2.659104e+03	4.093271e+02	4.747171e+02	7.845615e+01	4.315374e+01	1.620352e+02
192	5.496708e+00	2.668212e+03	4.084458e+02	4.742556e+02	7.859383e+01	4.322570e+01	1.648400e+02
193	5.525336e+00	2.670298e+03	4.074956e+02	4.738089e+02	7.861232e+01	4.324932e+01	1.679857e+02
194	5.553965e+00	2.661309e+03	4.066995e+02	4.732547e+02	7.879908e+01	4.300157e+01	1.713201e+02
195	5.582594e+00	2.672717e+03	4.057160e+02	4.726003e+02	7.835866e+01	4.342862e+01	1.747204e+02
196	5.611222e+00	2.659018e+03	4.048406e+02	4.723384e+02	7.831659e+01	4.322925e+01	1.776528e+02
197	5.639851e+00	2.665287e+03	4.040364e+02	4.715829e+02	7.852120e+01	4.321825e+01	1.163541e+00
198	5.668480e+00	2.661753e+03	4.033331e+02	4.710780e+02	7.872855e+01	4.304726e+01	4.176573e+00
199	5.697109e+00	2.656323e+03	4.024708e+02	4.703877e+02	7.877589e+01	4.293364e+01	7.583895e+00
200	5.725737e+00	2.658437e+03	4.018430e+02	4.694628e+02	7.847206e+01	4.313416e+01	1.083319e+01
201	5.754366e+00	2.659005e+03	4.011148e+02	4.686145e+02	7.873927e+01	4.299697e+01	1.456703e+01
202	5.782995e+00	2.648147e+03	4.005626e+02	4.680112e+02	7.830692e+01	4.305783e+01	1.755653e+01
203	5.811623e+00	2.646080e+03	3.999295e+02	4.672646e+02	7.835762e+01	4.299638e+01	2.065326e+01
204	5.840252e+00	2.651558e+03	3.994530e+02	4.663648e+02	7.837788e+01	4.307426e+01	2.435989e+01
205	5.868881e+00	2.650414e+03	3.989179e+02	4.655104e+02	7.826598e+01	4.311722e+01	2.748489e+01
206	5.897509e+00	2.661635e+03	3.984808e+02	4.646573e+02	7.884504e+01	4.298176e+01	3.074530e+01
207	5.926138e+00	2.650528e+03	3.982242e+02	4.637153e+02	7.850265e+01	4.298909e+01	3.443416e+01
208	5.954767e+00	2.651147e+03	3.978190e+02	4.629383e+02	7.871165e+01	4.288494e+01	3.744489e+01
209	5.983395e+00	2.655252e+03	3.977758e+02	4.619022e+02	7.861639e+01	4.300340e+01	4.041598e+01
210	6.012024e+00	2.658061e+03	3.975684e+02	4.608878e+02	7.907159e+01	4.280106e+01	4.369028e+01
211	6.040653e+00	2.664969e+03	3.972409e+02	4.599933e+02	7.898813e+01	4.295765e+01	4.726648e+01
212	6.069281e+00	2.660800e+03	3.971922e+02	4.587939e+02	7.877213e+01	4.300805e+01	5.049258e+01
213	6.097910e+00	2.655597e+03	3.969754e+02	4.577774e+02	7.876092e+01	4.293007e+01	5.412793e+01
214	6.126539e+00	2.656866e+03	3.969328e+02	4.567816e+02	7.906868e+01	4.278341e+01	5.763750e+01
215	6.155167e+00	2.666762e+03	3.971912e+02	4.557052e+02	7.965962e+01	4.262419e+01	6.053166e+01
216	6.183796e+00	2.663392e+03	3.972469e+02	4.548095e+02	7.946287e+01	4.267573e+01	6.324333e+01
217	6.212425e+00	2.663559e+03	3.972575e+02	4.539358e+02	7.965322e+01	4.257642e+01	6.659895e+01
218	6.241054e+00	2.651310e+03	3.975280e+02	4.529411e+02	7.935511e+01	4.253982e+01	6.951117e+01
219	6.269682e+00	2.659664e+03	3.980454e+02	4.520318e+02	7.955041e+01	4.256910e+01	7.225454e+01
220	6.298311e+00	2.657554e+03	3.985060e+02	4.511756e+02	7.970132e+01	4.245478e+01	7.481110e+01
221	6.326940e+00	2.660998e+03	3.989194e+02	4.504313e+02	7.978178e+01	4.246694e+01	7.732510e+01
222	6.355568e+00	2.658167e+03	3.992007e+02	4.496248e+02	7.963935e+01	4.249763e+01	7.998822e+01
223	6.384197e+00	2.661422e+03	3.995967e+02	4.487257e+02	8.009227e+01	4.230905e+01	8.310336e+01
224	6.412826e+00	2.659287e+03	4.002183e+02	4.479005e+02	8.008038e+01	4.228139e+01	8.649932e+01
225	6.441454e+00	2.650330e+03	4.007190e+02	4.470126e+02	7.962717e+01	4.237881e+01	8.896852e+01
226	6.470083e+00	2.649921e+03	4.013857e+02	4.461001e+02	7.978358e+01	4.228921e+01	9.226319e+01
227	6.498712e+00	2.650636e+03	4.020699e+02	4.453683e+02	7.975937e+01	4.231346e+01	9.508543e+01
228	6.527340e+00	2.658669e+03	4.026326e+02	4.447414e+02	7.983692e+01	4.240047e+01	9.745042e+01
229	6.555969e+00	2.657181e+03	4.031114e+02	4.442000e+02	7.979831e+01	4.239723e+01	1.000697e+02
230	6.584598e+00	2.660984e+03	4.040577e+02	4.437657e+02	7.981997e+01	4.244640e+01	1.024716e+02
231	6.613226e+00	2.661883e+03	4.049500e+02	4.431984e+02	8.014764e+01	4.228713e+01	1.054703e+02
232	6.641855e+00	2.661530e+03	4.059956e+02	4.427806e+02	7.956312e+01	4.259217e+01	1.084312e+02
233	6.670484e+00	2.662288e+03	4.068653e+02	4.424648e+02	7.977628e+01	4.249046e+01	1.112441e+02
234	6.699113e+00	2.668304e+03	4.074770e+02	4.421701e+02	7.992513e+01	4.250717e+01	1.137629e+02
235	6.727741e+00	2.671473e+03	4.084889e+02	4.418788e+02	7.947084e+01	4.280092e+01	1.164976e+02
236	6.756370e+00	2.659601e+03	4.094450e+02	4.416672e+02	7.935010e+01	4.267555e+01	1.191968e+02
237	6.784999e+00	2.655787e+03	4.104198e+02	4.414798e+02	7.925491e+01	4.266553e+01	1.216181e+02
238	6.813627e+00	2.673293e+03	4.111989e+02	4.412979e+02	7.962128e+01	4.274915e+01	1.244583e+02
239	6.842256e+00	2.673012e+03	4.120125e+02	4.411360e+02	7.942390e+01	4.285088e+01	1.272732e+02
240	6.870885e+00	2.674900e+03	4.130375e+02	4.410713e+02	7.930273e+01	4.294667e+01	1.301971e+02
241	6.899513e+00	2.677999e+03	4.140652e+02	4.410967e+02	7.949738e+01	4.289115e+01	1.328846e+02
242	6.928142e+00	2.687758e+03	4.150947e+02	4.411283e+02	7.945187e+01	4.307211e+01	1.363289e+02
243	6.956771e+00	2.694322e+03	4.161617e+02	4.412213e+02	7.943328e+01	4.318740e+01	1.389958e+02
244	6.985399e+00	2.691121e+03	4.170981e+02	4.413345e+02	7.929512e+01	4.321126e+01	1.419905e+02
245	7.014028e+00	2.702153e+03	4.180261e+02	4.413697e+02	7.961538e+01	4.321386e+01	1.451084e+02
246	7.042657e+00	2.699890e+03	4.189690e+02	4.416920e+02	7.920598e+01	4.340085e+01	1.481145e+02
247	7.071285e+00	2.699574e+03	4.199227e+02	4.418903e+02	7.948395e+01	4.324401e+01	1.510076e+02
248	7.099914e+00	2.690960e+03	4.208075e+02	4.422109e+02	7.935827e+01	4.317428e+01	1.536173e+02
249	7.128543e+00	2.693161e+03	4.215787e+02	4.426654e+02	7.898966e+01	4.341124e+01	1.564447e+02
250	7.157171e+00	2.693112e+03	4.224037e+02	4.429427e+02	7.927440e+01	4.325452e+01	1.590204e+02
251	7.185800e+00	2.682919e+03	4.233416e+02	4.434342e+02	7.921558e+01	4.312280e+01	1.620425e+02
252	7.214429e+00	2.692436e+03	4.242166e+02	4.439769e+02	7.940914e+01	4.317029e+01	1.650068e+02
253	7.243058e+00	2.691657e+03	4.251674e+02	4.446190e+02	7.945544e+01	4.313266e+01	1.682732e+02
254	7.271686e+00	2.681324e+03	4.260871e+02	4.452307e+02	7.909801e+01	4.316124e+01	1.712853e+02
255	7.300315e+00	2.692924e+03	4.269930e+02	4.459953e+02	7.920005e+01	4.329211e+01	1.749265e+02
256	7.328944e+00	2.711575e+03	4.275789e+02	4.469038e+02	7.936620e+01	4.350069e+01	1.787350e+02
257	7.357572e+00	2.684173e+03	4.285176e+02	4.474341e+02	7.915926e+01	4.317367e+01	1.046311e+00
258	7.386201e+00	2.682301e+03	4.293456e+02	4.482740e+02	7.910894e+01	4.317100e+01	4.659621e+00
259	7.414830e+00	2.688498e+03	4.301701e+02	4.491393e+02	7.925161e+01	4.319284e+01	7.944855e+00
260	7.443458e+00	2.699408e+03	4.308776e+02	4.499377e+02	7.931008e+01	4.333615e+01	1.177666e+01
261	7.472087e+00	2.695411e+03	4.315367e+02	4.507990e+02	7.920134e+01	4.333139e+01	1.466321e+01
262	7.500716e+00	2.678683e+03	4.320840e+02	4.519988e+02	7.919835e+01	4.306409e+01	1.797830e+01
263	7.529344e+00	2.677609e+03	4.325844e+02	4.529235e+02	7.907301e+01	4.311507e+01	2.112714e+01
264	7.557973e+00	2.687750e+03	4.330421e+02	4.538787e+02	7.907323e+01	4.327822e+01	2.518493e+01
265	7.586602e+00	2.688807e+03	4.334518e+02	4.549682e+02	7.907902e+01	4.329208e+01	2.851468e+01
266	7.615230e+00	2.683848e+03	4.338521e+02	4.560586e+02	7.897829e+01	4.326735e+01	3.130248e+01
267	7.643859e+00	2.684882e+03	4.342666e+02	4.571767e+02	7.931842e+01	4.309841e+01	3.523133e+01
268	7.672488e+00	2.675975e+03	4.344438e+02	4.583256e+02	7.883553e+01	4.321854e+01	3.869897e+01
269	7.701117e+00	2.681220e+03	4.346451e+02	4.595154e+02	7.913674e+01	4.313844e+01	4.251194e+01
270	7.729745e+00	2.677710e+03	4.348152e+02	4.606583e+02	7.886412e+01	4.323089e+01	4.611760e+01
271	7.758374e+00	2.679570e+03	4.348617e+02	4.616902e+02	7.917462e+01	4.309126e+01	4.941698e+01
272	7.787003e+00	2.655592e+03	4.344804e+02	4.630702e+02	7.829234e+01	4.318692e+01	5.301817e+01
273	7.815631e+00	2.642024e+03	4.346587e+02	4.640045e+02	7.854518e+01	4.282796e+01	5.610839e+01
274	7.844260e+00	2.650965e+03	4.343378e+02	4.652188e+02	7.850327e+01	4.299583e+01	5.966837e+01
275	7.872889e+00	2.651372e+03	4.343951e+02	4.663737e+02	7.907266e+01	4.269279e+01	6.282611e+01
276	7.901517e+00	2.655666e+03	4.341435e+02	4.674415e+02	7.909899e+01	4.274769e+01	6.596522e+01
277	7.930146e+00	2.666711e+03	4.338142e+02	4.684445e+02	7.930437e+01	4.281430e+01	6.960770e+01
278	7.958775e+00	2.655896e+03	4.335562e+02	4.695036e+02	7.946044e+01	4.255693e+01	7.282417e+01
279	7.987403e+00	2.637921e+03	4.331783e+02	4.705894e+02	7.925925e+01	4.237620e+01	7.615503e+01
280	8.016032e+00	2.646395e+03	4.326819e+02	4.716371e+02	7.918494e+01	4.255221e+01	7.913680e+01
281	8.044661e+00	2.644023e+03	4.321703e+02	4.726346e+02	7.942600e+01	4.238504e+01	8.255608e+01
282	8.073289e+00	2.647775e+03	4.316530e+02	4.736432e+02	7.960741e+01	4.234846e+01	8.582305e+01
283	8.101918e+00	2.653297e+03	4.312050e+02	4.745956e+02	7.972334e+01	4.237508e+01	8.895232e+01
284	8.130547e+00	2.634105e+03	4.306361e+02	4.752167e+02	7.963926e+01	4.211298e+01	9.137151e+01
285	8.159175e+00	2.647165e+03	4.301484e+02	4.761416e+02	7.979415e+01	4.223962e+01	9.433015e+01
286	8.187804e+00	2.639683e+03	4.295755e+02	4.769821e+02	7.990329e+01	4.206270e+01	9.677100e+01
287	8.216433e+00	2.656218e+03	4.290160e+02	4.777708e+02	7.961580e+01	4.247903e+01	9.973420e+01
288	8.245062e+00	2.642816e+03	4.282083e+02	4.783911e+02	7.932955e+01	4.241721e+01	1.026710e+02
289	8.273690e+00	2.640571e+03	4.275809e+02	4.791548e+02	7.954502e+01	4.226637e+01	1.051511e+02
290	8.302319e+00	2.640092e+03	4.267703e+02	4.797895e+02	7.964005e+01	4.220828e+01	1.079728e+02
291	8.330948e+00	2.651380e+03	4.259930e+02	4.803947e+02	7.956696e+01	4.242769e+01	1.106221e+02
292	8.359576e+00	2.655096e+03	4.251969e+02	4.810146e+02	7.939777e+01	4.257769e+01	1.135578e+02
293	8.388205e+00	2.651166e+03	4.242428e+02	4.815879e+02	7.919415e+01	4.262397e+01	1.167180e+02
294	8.416834e+00	2.654726e+03	4.232815e+02	4.819350e+02	7.926329e+01	4.264399e+01	1.194632e+02
295	8.445462e+00	2.659360e+03	4.224000e+02	4.821644e+02	7.930431e+01	4.269633e+01	1.219851e+02
296	8.474091e+00	2.665170e+03	4.214362e+02	4.824431e+02	7.936749e+01	4.275554e+01	1.252999e+02
297	8.502720e+00	2.665352e+03	4.204368e+02	4.826315e+02	7.926487e+01	4.281382e+01	1.282772e+02
298	8.531348e+00	2.654882e+03	4.194164e+02	4.828432e+02	7.897281e+01	4.280336e+01	1.312470e+02
299	8.559977e+00	2.670978e+03	4.183174e+02	4.827519e+02	7.886807e+01	4.312004e+01	1.340892e+02
300	8.588606e+00	2.673307e+03	4.174126e+02	4.829018e+02	7.901066e+01	4.307977e+01	1.370086e+02
301	8.617234e+00	2.670770e+03	4.167506e+02	4.830403e+02	7.892960e+01	4.308308e+01	1.387640e+02
302	8.645863e+00	2.671340e+03	4.158843e+02	4.830487e+02	7.906848e+01	4.301658e+01	1.415731e+02
303	8.674492e+00	2.670457e+03	4.150796e+02	4.831795e+02	7.870609e+01	4.320035e+01	1.448072e+02
304	8.703121e+00	2.674823e+03	4.140333e+02	4.831370e+02	7.892517e+01	4.315088e+01	1.477388e+02
305	8.731749e+00	2.683114e+03	4.130637e+02	4.830196e+02	7.875617e+01	4.337751e+01	1.511490e+02
306	8.760378e+00	2.680696e+03	4.121336e+02	4.827464e+02	7.879701e+01	4.331596e+01	1.542217e+02
307	8.789007e+00	2.664469e+03	4.111793e+02	4.825810e+02	7.845806e+01	4.323976e+01	1.574095e+02
308	8.817635e+00	2.684635e+03	4.102523e+02	4.823994e+02	7.868340e+01	4.344224e+01	1.604199e+02
309	8.846264e+00	2.683145e+03	4.093351e+02	4.820709e+02	7.855673e+01	4.348815e+01	1.637282e+02
310	8.874893e+00	2.669007e+03	4.082626e+02	4.816512e+02	7.829090e+01	4.340588e+01	1.670794e+02
311	8.903521e+00	2.672709e+03	4.073095e+02	4.811887e+02	7.832657e+01	4.344629e+01	1.705959e+02
312	8.932150e+00	2.667291e+03	4.065208e+02	4.807162e+02	7.859605e+01	4.320955e+01	1.739734e+02
313	8.960779e+00	2.664424e+03	4.056168e+02	4.804416e+02	7.824512e+01	4.335669e+01	1.768730e+02
314	8.989407e+00	2.658351e+03	4.047700e+02	4.799265e+02	7.812815e+01	4.332264e+01	3.553320e-01
315	9.018036e+00	2.665964e+03	4.039475e+02	4.795500e+02	7.804738e+01	4.349167e+01	3.923433e+00
316	9.046665e+00	2.654223e+03	4.031787e+02	4.786480e+02	7.796532e+01	4.334571e+01	7.300124e+00
317	9.075293e+00	2.649567e+03	4.024274e+02	4.777745e+02	7.816383e+01	4.315977e+01	1.059572e+01
318	9.103922e+00	2.645064e+03	4.017816e+02	4.768884e+02	7.814713e+01	4.309564e+01	1.432952e+01
319	9.132551e+00	2.661114e+03	4.009977e+02	4.761645e+02	7.889693e+01	4.294509e+01	1.793189e+01
320	9.161180e+00	2.652668e+03	4.002547e+02	4.753913e+02	7.856454e+01	4.298989e+01	2.121640e+01
321	9.189808e+00	2.652342e+03	3.996770e+02	4.745432e+02	7.844560e+01	4.304978e+01	2.459339e+01
322	9.218437e+00	2.649358e+03	3.991712e+02	4.735166e+02	7.856924e+01	4.293369e+01	2.806525e+01
323	9.247066e+00	2.662776e+03	3.987925e+02	4.725463e+02	7.889668e+01	4.297205e+01	3.139374e+01
324	9.275694e+00	2.653505e+03	3.984907e+02	4.716405e+02	7.854607e+01	4.301357e+01	3.434522e+01
325	9.304323e+00	2.712857e+03	3.975154e+02	4.709030e+02	7.876183e+01	4.385522e+01	3.990249e+01
326	9.332952e+00	2.648160e+03	3.977819e+02	4.698110e+02	7.836818e+01	4.302437e+01	4.091655e+01
327	9.361580e+00	2.657542e+03	3.974503e+02	4.687931e+02	7.885532e+01	4.291007e+01	4.481923e+01
328	9.390209e+00	2.651837e+03	3.972269e+02	4.677741e+02	7.863999e+01	4.293520e+01	4.816960e+01
329	9.418838e+00	2.671521e+03	3.970710e+02	4.668234e+02	7.931286e+01	4.288694e+01	5.143565e+01
330	9.447466e+00	2.656210e+03	3.969438e+02	4.658455e+02	7.918638e+01	4.270927e+01	5.447525e+01
331	9.476095e+00	2.649665e+03	3.969436e+02	4.651164e+02	7.909232e+01	4.265469e+01	5.687005e+01
332	9.504724e+00	2.661475e+03	3.970865e+02	4.641954e+02	7.948017e+01	4.263573e+01	5.948628e+01
333	9.533352e+00	2.652139e+03	3.971094e+02	4.633319e+02	7.933448e+01	4.256420e+01	6.231905e+01
334	9.561981e+00	2.655648e+03	3.971737e+02	4.623770e+02	7.940833e+01	4.258087e+01	6.563943e+01
335	9.590610e+00	2.652773e+03	3.973921e+02	4.614485e+02	7.950658e+01	4.248222e+01	6.847066e+01
336	9.619238e+00	2.648748e+03	3.977388e+02	4.603361e+02	7.940082e+01	4.247425e+01	7.198351e+01
337	9.647867e+00	2.655434e+03	3.979632e+02	4.594538e+02	7.989542e+01	4.231787e+01	7.487086e+01
338	9.676496e+00	2.656129e+03	3.982791e+02	4.586119e+02	7.960321e+01	4.248433e+01	7.804902e+01
339	9.705125e+00	2.661645e+03	3.988739e+02	4.577009e+02	7.964241e+01	4.255159e+01	8.024365e+01
340	9.733753e+00	2.645688e+03	3.993654e+02	4.568135e+02	7.963875e+01	4.229844e+01	8.320139e+01
341	9.762382e+00	2.650204e+03	3.998398e+02	4.560337e+02	7.974389e+01	4.231477e+01	8.604919e+01
342	9.791011e+00	2.646550e+03	4.006180e+02	4.552451e+02	7.985838e+01	4.219585e+01	8.879401e+01
343	9.819639e+00	2.652425e+03	4.011467e+02	4.544965e+02	7.987756e+01	4.227937e+01	9.169337e+01
344	9.848268e+00	2.643764e+03	4.017394e+02	4.536981e+02	8.011179e+01	4.201810e+01	9.427622e+01
345	9.876897e+00	2.644821e+03	4.023424e+02	4.532920e+02	7.982475e+01	4.218605e+01	9.662886e+01
346	9.905525e+00	2.653268e+03	4.029471e+02	4.527563e+02	8.000643e+01	4.222468e+01	9.805845e+01
347	9.934154e+00	2.659011e+03	4.035483e+02	4.523065e+02	7.997169e+01	4.233445e+01	1.005358e+02
348	9.962783e+00	2.662289e+03	4.041198e+02	4.517796e+02	7.971783e+01	4.252163e+01	1.030499e+02
349	9.991411e+00	2.648463e+03	4.052410e+02	4.513045e+02	7.966866e+01	4.232690e+01	1.062156e+02
350	1.002004e+01	2.657394e+03	4.059791e+02	4.508468e+02	7.956417e+01	4.252541e+01	1.087903e+02
351	1.004867e+01	2.655374e+03	4.068722e+02	4.504638e+02	7.987394e+01	4.232829e+01	1.115152e+02
352	1.007730e+01	2.668185e+03	4.077401e+02	4.500296e+02	7.965448e+01	4.264968e+01	1.144333e+02
353	1.010593e+01	2.655961e+03	4.088707e+02	4.497834e+02	7.954320e+01	4.251368e+01	1.174157e+02
354	1.013455e+01	2.668661e+03	4.097709e+02	4.493937e+02	7.946429e+01	4.275940e+01	1.202889e+02
355	1.016318e+01	2.683249e+03	4.107173e+02	4.491560e+02	7.934281e+01	4.305895e+01	1.231583e+02
356	1.019181e+01	2.682079e+03	4.115655e+02	4.490413e+02	7.940672e+01	4.300555e+01	1.255878e+02
357	1.022044e+01	2.688471e+03	4.125396e+02	4.489180e+02	7.971744e+01	4.294002e+01	1.290273e+02
358	1.024907e+01	2.670149e+03	4.135733e+02	4.489572e+02	7.928604e+01	4.287942e+01	1.315252e+02
359	1.027770e+01	2.675594e+03	4.145636e+02	4.489751e+02	7.897176e+01	4.313786e+01	1.344447e+02
360	1.030633e+01	2.708193e+03	4.153389e+02	4.488969e+02	7.979165e+01	4.321479e+01	1.367856e+02
361	1.033496e+01	2.685688e+03	4.163925e+02	4.491012e+02	7.957019e+01	4.297493e+01	1.397979e+02
362	1.036358e+01	2.686368e+03	4.174050e+02	4.492858e+02	7.925834e+01	4.315495e+01	1.427081e+02
363	1.039221e+01	2.699148e+03	4.183853e+02	4.494168e+02	7.933327e+01	4.331931e+01	1.460405e+02
364	1.042084e+01	2.702636e+03	4.194670e+02	4.496700e+02	7.922646e+01	4.343376e+01	1.491826e+02
365	1.044947e+01	2.699936e+03	4.205005e+02	4.501880e+02	7.940816e+01	4.329108e+01	1.522930e+02
366	1.047810e+01	2.667650e+03	4.215228e+02	4.506748e+02	7.883877e+01	4.308232e+01	1.551205e+02
367	1.050673e+01	2.669882e+03	4.224686e+02	4.510562e+02	7.888933e+01	4.309074e+01	1.584003e+02
368	1.053536e+01	2.693520e+03	4.234008e+02	4.514716e+02	7.900858e+01	4.340664e+01	1.614060e+02
369	1.056399e+01	2.684918e+03	4.242218e+02	4.519869e+02	7.893702e+01	4.330723e+01	1.645121e+02
370	1.059261e+01	2.672028e+03	4.252635e+02	4.526858e+02	7.875018e+01	4.320158e+01	1.680251e+02
371	1.062124e+01	2.677659e+03	4.260153e+02	4.532953e+02	7.882145e+01	4.325347e+01	1.707142e+02
372	1.064987e+01	2.682088e+03	4.269087e+02	4.538702e+02	7.887753e+01	4.329421e+01	1.737707e+02
373	1.067850e+01	2.677896e+03	4.276669e+02	4.546009e+02	7.901283e+01	4.315252e+01	1.769602e+02
374	1.070713e+01	2.677701e+03	4.286095e+02	4.554724e+02	7.909378e+01	4.310522e+01	5.062507e-01
375	1.073576e+01	2.677860e+03	4.293502e+02	4.561554e+02	7.886678e+01	4.323185e+01	3.997212e+00
376	1.076439e+01	2.681273e+03	4.300049e+02	4.570052e+02	7.859252e+01	4.343801e+01	7.304608e+00
377	1.079301e+01	2.672465e+03	4.306685e+02	4.580029e+02	7.892175e+01	4.311470e+01	1.035606e+01
378	1.082164e+01	2.685676e+03	4.313246e+02	4.587661e+02	7.908470e+01	4.323857e+01	1.391568e+01
379	1.085027e+01	2.690349e+03	4.318654e+02	4.599268e+02	7.908295e+01	4.331475e+01	1.753263e+01
380	1.087890e+01	2.676976e+03	4.323712e+02	4.608964e+02	7.884083e+01	4.323181e+01	2.061601e+01
381	1.090753e+01	2.672214e+03	4.328230e+02	4.618465e+02	7.882314e+01	4.316460e+01	2.424017e+01
382	1.093616e+01	2.675226e+03	4.331341e+02	4.631450e+02	7.892728e+01	4.315623e+01	2.729599e+01
383	1.096479e+01	2.676228e+03	4.335508e+02	4.641137e+02	7.885588e+01	4.321148e+01	3.090108e+01
384	1.099342e+01	2.673328e+03	4.339477e+02	4.653082e+02	7.876830e+01	4.321266e+01	3.474736e+01
385	1.102204e+01	2.673143e+03	4.342409e+02	4.665579e+02	7.885913e+01	4.315989e+01	3.832536e+01
386	1.105067e+01	2.667070e+03	4.345527e+02	4.677965e+02	7.877443e+01	4.310814e+01	4.218584e+01
387	1.107930e+01	2.671180e+03	4.346067e+02	4.689291e+02	7.860665e+01	4.326673e+01	4.505088e+01
388	1.110793e+01	2.672444e+03	4.347947e+02	4.700696e+02	7.889613e+01	4.312836e+01	4.879100e+01
389	1.113656e+01	2.662905e+03	4.347856e+02	4.712914e+02	7.886352e+01	4.299220e+01	5.257973e+01
390	1.116519e+01	2.637792e+03	4.347238e+02	4.725203e+02	7.864185e+01	4.270679e+01	5.613277e+01
391	1.119382e+01	2.657679e+03	4.346520e+02	4.736571e+02	7.886678e+01	4.290605e+01	5.985151e+01
392	1.122244e+01	2.656397e+03	4.345199e+02	4.747258e+02	7.902569e+01	4.279912e+01	6.311060e+01
393	1.125107e+01	2.660527e+03	4.340543e+02	4.759648e+02	7.911994e+01	4.281459e+01	6.699850e+01
394	1.127970e+01	2.654754e+03	4.338710e+02	4.770008e+02	7.925185e+01	4.265058e+01	7.029207e+01
395	1.130833e+01	2.656470e+03	4.336441e+02	4.780817e+02	7.927441e+01	4.266601e+01	7.374786e+01
396	1.133696e+01	2.637508e+03	4.332662e+02	4.793335e+02	7.923699e+01	4.238145e+01	7.738120e+01
397	1.136559e+01	2.640473e+03	4.329186e+02	4.804256e+02	7.956221e+01	4.225568e+01	8.095795e+01
398	1.139422e+01	2.634404e+03	4.322477e+02	4.814116e+02	7.921304e+01	4.234439e+01	8.409071e+01
399	1.142285e+01	2.639601e+03	4.318005e+02	4.826089e+02	7.957190e+01	4.223657e+01	8.729423e+01
400	1.145147e+01	2.639871e+03	4.312998e+02	4.835284e+02	7.943517e+01	4.231360e+01	9.085540e+01
401	1.148010e+01	2.651138e+03	4.305676e+02	4.845206e+02	7.946394e+01	4.247882e+01	9.397878e+01
402	1.150873e+01	2.657043e+03	4.297398e+02	4.852519e+02	7.997827e+01	4.229964e+01	9.734142e+01
403	1.153736e+01	2.655310e+03	4.288164e+02	4.860698e+02	7.967136e+01	4.243489e+01	1.007929e+02
404	1.156599e+01	2.650047e+03	4.280417e+02	4.868172e+02	7.981205e+01	4.227613e+01	1.040099e+02
405	1.159462e+01	2.655608e+03	4.271915e+02	4.876139e+02	7.975324e+01	4.239608e+01	1.077447e+02
406	1.162325e+01	2.644494e+03	4.262984e+02	4.883455e+02	7.934262e+01	4.243715e+01	1.110758e+02
407	1.165188e+01	2.653735e+03	4.253525e+02	4.890438e+02	7.941631e+01	4.254592e+01	1.142076e+02
408	1.168050e+01	2.660908e+03	4.244764e+02	4.896911e+02	7.948625e+01	4.262339e+01	1.175660e+02
409	1.170913e+01	2.657788e+03	4.233369e+02	4.902042e+02	7.918841e+01	4.273354e+01	1.211489e+02
410	1.173776e+01	2.648216e+03	4.223435e+02	4.904727e+02	7.909012e+01	4.263254e+01	1.244890e+02
411	1.176639e+01	2.651932e+03	4.213788e+02	4.907888e+02	7.861791e+01	4.294880e+01	1.274625e+02
412	1.179502e+01	2.665293e+03	4.202163e+02	4.911044e+02	7.903082e+01	4.293966e+01	1.306364e+02
413	1.182365e+01	2.677241e+03	4.193119e+02	4.914403e+02	7.915980e+01	4.306187e+01	1.338114e+02
414	1.185228e+01	2.668317e+03	4.182607e+02	4.916805e+02	7.908768e+01	4.295746e+01	1.370112e+02
415	1.188090e+01	2.667908e+03	4.172227e+02	4.917223e+02	7.881491e+01	4.309953e+01	1.401463e+02
416	1.190953e+01	2.670261e+03	4.161115e+02	4.918137e+02	7.888850e+01	4.309731e+01	1.434602e+02
417	1.193816e+01	2.673445e+03	4.151155e+02	4.918473e+02	7.875848e+01	4.321994e+01	1.467146e+02
418	1.196679e+01	2.674644e+03	4.139362e+02	4.918480e+02	7.828339e+01	4.350173e+01	1.499790e+02
419	1.199542e+01	2.675716e+03	4.130989e+02	4.918851e+02	7.892693e+01	4.316433e+01	1.535615e+02
420	1.202405e+01	2.673559e+03	4.120938e+02	4.917269e+02	7.865575e+01	4.327823e+01	1.564659e+02
421	1.205268e+01	2.667303e+03	4.113084e+02	4.915894e+02	7.865640e+01	4.317660e+01	1.594645e+02
422	1.208131e+01	2.664111e+03	4.103911e+02	4.913117e+02	7.865212e+01	4.312728e+01	1.626392e+02
423	1.210993e+01	2.689188e+03	4.093846e+02	4.910202e+02	7.889946e+01	4.339676e+01	1.652978e+02
424	1.213856e+01	2.667778e+03	4.085699e+02	4.907143e+02	7.866761e+01	4.317814e+01	1.689379e+02
425	1.216719e+01	2.685388e+03	4.074620e+02	4.903836e+02	7.869093e+01	4.345028e+01	1.726951e+02
426	1.219582e+01	2.681360e+03	4.065043e+02	4.898521e+02	7.888310e+01	4.327941e+01	1.763645e+02
427	1.222445e+01	2.669876e+03	4.057507e+02	4.893265e+02	7.858885e+01	4.325539e+01	1.793332e+02
428	1.225308e+01	2.687999e+03	4.046809e+02	4.888180e+02	7.817435e+01	4.377991e+01	3.690289e+00
429	1.228171e+01	2.651920e+03	4.041791e+02	4.878233e+02	7.800261e+01	4.328740e+01	6.245615e+00
430	1.231033e+01	2.660890e+03	4.033708e+02	4.870435e+02	7.831358e+01	4.326134e+01	1.014491e+01
431	1.233896e+01	2.660875e+03	4.024580e+02	4.864643e+02	7.832128e+01	4.325684e+01	1.365404e+01
432	1.236759e+01	2.657247e+03	4.018629e+02	4.855475e+02	7.849197e+01	4.310392e+01	1.684410e+01
433	1.239622e+01	2.662377e+03	4.013945e+02	4.844976e+02	7.847540e+01	4.319627e+01	2.044427e+01
434	1.242485e+01	2.650117e+03	4.007925e+02	4.836258e+02	7.833646e+01	4.307360e+01	2.347919e+01
435	1.245348e+01	2.660216e+03	4.001638e+02	4.827232e+02	7.872823e+01	4.302258e+01	2.764493e+01
436	1.248211e+01	2.664654e+03	3.995739e+02	4.816919e+02	7.863670e+01	4.314452e+01	3.124873e+01
437	1.251074e+01	2.654170e+03	3.992582e+02	4.806602e+02	7.852812e+01	4.303419e+01	3.503201e+01
438	1.253936e+01	2.659569e+03	3.988537e+02	4.796078e+02	7.872632e+01	4.301316e+01	3.857981e+01
439	1.256799e+01	2.649883e+03	3.986474e+02	4.784848e+02	7.852992e+01	4.296370e+01	4.156334e+01
440	1.259662e+01	2.660012e+03	3.982942e+02	4.776339e+02	7.900156e+01	4.287045e+01	4.479093e+01
441	1.262525e+01	2.671439e+03	3.981018e+02	4.766139e+02	7.887778e+01	4.312217e+01	4.847452e+01
442	1.265388e+01	2.660891e+03	3.978318e+02	4.755491e+02	7.896889e+01	4.290236e+01	5.161781e+01
443	1.268251e+01	2.657372e+03	3.977245e+02	4.744391e+02	7.901716e+01	4.281945e+01	5.525867e+01
444	1.271114e+01	2.668358e+03	3.976226e+02	4.734472e+02	7.924714e+01	4.287170e+01	5.842384e+01
445	1.273977e+01	2.671333e+03	3.977988e+02	4.723800e+02	7.953680e+01	4.276319e+01	6.170136e+01
446	1.276839e+01	2.664332e+03	3.977849e+02	4.713493e+02	7.988706e+01	4.246410e+01	6.503992e+01
447	1.279702e+01	2.659680e+03	3.980092e+02	4.703531e+02	7.931032e+01	4.269823e+01	6.816451e+01
448	1.282565e+01	2.646184e+03	3.982656e+02	4.693647e+02	7.949588e+01	4.238239e+01	7.134726e+01
449	1.285428e+01	2.648565e+03	3.986343e+02	4.683524e+02	7.961850e+01	4.235521e+01	7.445231e+01
450	1.288291e+01	2.657770e+03	3.990169e+02	4.673567e+02	7.981316e+01	4.239875e+01	7.746671e+01
451	1.291154e+01	2.657681e+03	3.994870e+02	4.666024e+02	8.007568e+01	4.225834e+01	8.022495e+01
452	1.294017e+01	2.658472e+03	4.001041e+02	4.656431e+02	7.981661e+01	4.240812e+01	8.334756e+01
453	1.296879e+01	2.652867e+03	4.004733e+02	4.648252e+02	7.963384e+01	4.241583e+01	8.619547e+01
454	1.299742e+01	2.654321e+03	4.010303e+02	4.638957e+02	7.988428e+01	4.230602e+01	8.921125e+01
455	1.302605e+01	2.651572e+03	4.016244e+02	4.630776e+02	7.992989e+01	4.223809e+01	9.200811e+01
456	1.305468e+01	2.648190e+03	4.023380e+02	4.621967e+02	7.999744e+01	4.214860e+01	9.475143e+01
457	1.308331e+01	2.671084e+03	4.030263e+02	4.615164e+02	8.042355e+01	4.228773e+01	9.776013e+01
458	1.311194e+01	2.661183e+03	4.037393e+02	4.608776e+02	8.011893e+01	4.229116e+01	1.003113e+02
459	1.314057e+01	2.667243e+03	4.046870e+02	4.603881e+02	7.992478e+01	4.249044e+01	1.029498e+02
460	1.316920e+01	2.666696e+03	4.054925e+02	4.598016e+02	7.987858e+01	4.250629e+01	1.056323e+02
461	1.319782e+01	2.671270e+03	4.061778e+02	4.593332e+02	7.994189e+01	4.254549e+01	1.079636e+02
462	1.322645e+01	2.657065e+03	4.070134e+02	4.588524e+02	7.990878e+01	4.233678e+01	1.110074e+02
463	1.325508e+01	2.657942e+03	4.080038e+02	4.584023e+02	7.958234e+01	4.252448e+01	1.137217e+02
464	1.328371e+01	2.661881e+03	4.088640e+02	4.580619e+02	7.963470e+01	4.255949e+01	1.167906e+02
465	1.331234e+01	2.672624e+03	4.098005e+02	4.579080e+02	7.988113e+01	4.259943e+01	1.193869e+02
466	1.334097e+01	2.675483e+03	4.107643e+02	4.576248e+02	7.977222e+01	4.270323e+01	1.223840e+02
467	1.336960e+01	2.680062e+03	4.116576e+02	4.574560e+02	7.959979e+01	4.286897e+01	1.254461e+02
468	1.339823e+01	2.680510e+03	4.127631e+02	4.573688e+02	7.955363e+01	4.290101e+01	1.281927e+02
469	1.342685e+01	2.677071e+03	4.136904e+02	4.573174e+02	7.938862e+01	4.293502e+01	1.305396e+02
470	1.345548e+01	2.683553e+03	4.147947e+02	4.572664e+02	7.948226e+01	4.298829e+01	1.341944e+02
471	1.348411e+01	2.681388e+03	4.158465e+02	4.573470e+02	7.899197e+01	4.322021e+01	1.372323e+02
472	1.351274e+01	2.677339e+03	4.170131e+02	4.574040e+02	7.922977e+01	4.302542e+01	1.406639e+02
473	1.354137e+01	2.680552e+03	4.180184e+02	4.575619e+02	7.920592e+01	4.309002e+01	1.437612e+02
474	1.357000e+01	2.677375e+03	4.190399e+02	4.578640e+02	7.908784e+01	4.310320e+01	1.470854e+02
475	1.359863e+01	2.688114e+03	4.201117e+02	4.583578e+02	7.942407e+01	4.309289e+01	1.496153e+02
476	1.362725e+01	2.693342e+03	4.210880e+02	4.586798e+02	7.955603e+01	4.310509e+01	1.525932e+02
477	1.365588e+01	2.682556e+03	4.219999e+02	4.591974e+02	7.906678e+01	4.319813e+01	1.551773e+02
478	1.368451e+01	2.684810e+03	4.229842e+02	4.596391e+02	7.897284e+01	4.328585e+01	1.582929e+02
479	1.371314e+01	2.687960e+03	4.239488e+02	4.600388e+02	7.898837e+01	4.332811e+01	1.614812e+02
480	1.374177e+01	2.683231e+03	4.250110e+02	4.607166e+02	7.919929e+01	4.313669e+01	1.651446e+02
481	1.377040e+01	2.681831e+03	4.261311e+02	4.613406e+02	7.903910e+01	4.320157e+01	1.683152e+02
482	1.379903e+01	2.686587e+03	4.270641e+02	4.620779e+02	7.897370e+01	4.331402e+01	1.717711e+02
483	1.382766e+01	2.679237e+03	4.279114e+02	4.627603e+02	7.870731e+01	4.334172e+01	1.750558e+02
484	1.385628e+01	2.688251e+03	4.287017e+02	4.635261e+02	7.903512e+01	4.330717e+01	1.781283e+02
485	1.388491e+01	2.669092e+03	4.295703e+02	4.643442e+02	7.892625e+01	4.305784e+01	1.238804e+00
486	1.391354e+01	2.677802e+03	4.303674e+02	4.651411e+02	7.896447e+01	4.317744e+01	4.524062e+00
487	1.394217e+01	2.671186e+03	4.311493e+02	4.661611e+02	7.891682e+01	4.309677e+01	7.887422e+00
488	1.397080e+01	2.680785e+03	4.320215e+02	4.670743e+02	7.890324e+01	4.325908e+01	1.194043e+01
489	1.399943e+01	2.679151e+03	4.325442e+02	4.680666e+02	7.893955e+01	4.321282e+01	1.500623e+01
490	1.402806e+01	2.688190e+03	4.333101e+02	4.690785e+02	7.906934e+01	4.328745e+01	1.862398e+01
491	1.405668e+01	2.674618e+03	4.339425e+02	4.702053e+02	7.885582e+01	4.318552e+01	2.243382e+01
492	1.408531e+01	2.683794e+03	4.344671e+02	4.712238e+02	7.890339e+01	4.330755e+01	2.577939e+01
493	1.411394e+01	2.681689e+03	4.351010e+02	4.721714e+02	7.894402e+01	4.325131e+01	2.977603e+01
494	1.414257e+01	2.675515e+03	4.354861e+02	4.733885e+02	7.900428e+01	4.311883e+01	3.315266e+01
495	1.417120e+01	2.677119e+03	4.357648e+02	4.746185e+02	7.876923e+01	4.327341e+01	3.698643e+01
496	1.419983e+01	2.668004e+03	4.359230e+02	4.759574e+02	7.871589e+01	4.315530e+01	4.027655e+01
497	1.422846e+01	2.668893e+03	4.362807e+02	4.769778e+02	7.870580e+01	4.317521e+01	4.397931e+01
498	1.425709e+01	2.674915e+03	4.361868e+02	4.783318e+02	7.885777e+01	4.318925e+01	4.791402e+01
499	1.428571e+01	2.652408e+03	4.364321e+02	4.795531e+02	7.865980e+01	4.293363e+01	5.157462e+01
500	1.431434e+01	2.663575e+03	4.365592e+02	4.805927e+02	7.891423e+01	4.297538e+01	5.509598e+01
501	1.434297e+01	2.648885e+03	4.364871e+02	4.818967e+02	7.896379e+01	4.271154e+01	5.887573e+01
502	1.437160e+01	2.658800e+03	4.363128e+02	4.831158e+02	7.920680e+01	4.273988e+01	6.294004e+01
503	1.440023e+01	2.655997e+03	4.361834e+02	4.842725e+02	7.940079e+01	4.259050e+01	6.604528e+01
504	1.442886e+01	2.652368e+03	4.359112e+02	4.855172e+02	7.939031e+01	4.253794e+01	6.925214e+01
505	1.445749e+01	2.653756e+03	4.355240e+02	4.868286e+02	7.919805e+01	4.266351e+01	7.303409e+01
506	1.448612e+01	2.661108e+03	4.354893e+02	4.879232e+02	7.960488e+01	4.256308e+01	7.655779e+01
507	1.451474e+01	2.659574e+03	4.351290e+02	4.891041e+02	7.924425e+01	4.273213e+01	8.006241e+01
508	1.454337e+01	2.642523e+03	4.344693e+02	4.902462e+02	7.974587e+01	4.219109e+01	8.348421e+01
509	1.457200e+01	2.640583e+03	4.342315e+02	4.912263e+02	7.962611e+01	4.222352e+01	8.725163e+01
510	1.460063e+01	2.648281e+03	4.334321e+02	4.921723e+02	7.962689e+01	4.234620e+01	9.060182e+01
511	1.462926e+01	2.651192e+03	4.327346e+02	4.931638e+02	7.963563e+01	4.238809e+01	9.395331e+01
512	1.465789e+01	2.651598e+03	4.321996e+02	4.941802e+02	7.979532e+01	4.230974e+01	9.697804e+01
513	1.468652e+01	2.635558e+03	4.316380e+02	4.950217e+02	7.943546e+01	4.224431e+01	9.977866e+01
514	1.471514e+01	2.657034e+03	4.309901e+02	4.958684e+02	7.976610e+01	4.241201e+01	1.027320e+02
515	1.474377e+01	2.641224e+03	4.302665e+02	4.967318e+02	7.971737e+01	4.218542e+01	1.062645e+02
516	1.477240e+01	2.656798e+03	4.296892e+02	4.974995e+02	7.967493e+01	4.245677e+01	1.090215e+02
517	1.480103e+01	2.649578e+03	4.286982e+02	4.980785e+02	7.917470e+01	4.260891e+01	1.114397e+02
518	1.482966e+01	2.644289e+03	4.280144e+02	4.988141e+02	7.943301e+01	4.238556e+01	1.145355e+02
519	1.485829e+01	2.654492e+03	4.270578e+02	4.992563e+02	7.932060e+01	4.260942e+01	1.174427e+02
520	1.488692e+01	2.659594e+03	4.261612e+02	4.996769e+02	7.945635e+01	4.261837e+01	1.199793e+02
521	1.491555e+01	2.676399e+03	4.254127e+02	5.003024e+02	7.972778e+01	4.274165e+01	1.230655e+02
522	1.494417e+01	2.672168e+03	4.243850e+02	5.008986e+02	7.961109e+01	4.273663e+01	1.263310e+02
523	1.497280e+01	2.671896e+03	4.233901e+02	5.012830e+02	7.928268e+01	4.290929e+01	1.288907e+02
524	1.500143e+01	2.667349e+03	4.225716e+02	5.017387e+02	7.900029e+01	4.298939e+01	1.318692e+02
525	1.503006e+01	2.654820e+03	4.215665e+02	5.019861e+02	7.875230e+01	4.292220e+01	1.348412e+02
526	1.505869e+01	2.670871e+03	4.207495e+02	5.022179e+02	7.921524e+01	4.292935e+01	1.375752e+02
527	1.508732e+01	2.660557e+03	4.196664e+02	5.022038e+02	7.863068e+01	4.308148e+01	1.407396e+02
528	1.511595e+01	2.674532e+03	4.187273e+02	5.025354e+02	7.900915e+01	4.310032e+01	1.436681e+02
529	1.514457e+01	2.685185e+03	4.177494e+02	5.027165e+02	7.905184e+01	4.324863e+01	1.472368e+02
530	1.517320e+01	2.685217e+03	4.167102e+02	5.027690e+02	7.891972e+01	4.332155e+01	1.503368e+02
531	1.520183e+01	2.678359e+03	4.157050e+02	5.027459e+02	7.863787e+01	4.336578e+01	1.536772e+02
532	1.523046e+01	2.685330e+03	4.145649e+02	5.026922e+02	7.853666e+01	4.353468e+01	1.571148e+02
533	1.525909e+01	2.677674e+03	4.135510e+02	5.024926e+02	7.884471e+01	4.324095e+01	1.608180e+02
534	1.528772e+01	2.664088e+03	4.125451e+02	5.023943e+02	7.865649e+01	4.312451e+01	1.643834e+02
535	1.531635e+01	2.687143e+03	4.113181e+02	5.022714e+02	7.868146e+01	4.348391e+01	1.683510e+02
536	1.534498e+01	2.675719e+03	4.104647e+02	5.017705e+02	7.835194e+01	4.348114e+01	1.710204e+02
537	1.537360e+01	2.663339e+03	4.094673e+02	5.015525e+02	7.851408e+01	4.319057e+01	1.748618e+02
538	1.540223e+01	2.661990e+03	4.085836e+02	5.012993e+02	7.828540e+01	4.329481e+01	1.780942e+02
539	1.543086e+01	2.658952e+03	4.076035e+02	5.006567e+02	7.840484e+01	4.317951e+01	1.642721e+00
540	1.545949e+01	2.667802e+03	4.067994e+02	5.001660e+02	7.843294e+01	4.330771e+01	5.320002e+00
541	1.548812e+01	2.666905e+03	4.061074e+02	4.993491e+02	7.842027e+01	4.330014e+01	8.497402e+00
542	1.551675e+01	2.678155e+03	4.053846e+02	4.988500e+02	7.870737e+01	4.332418e+01	1.169715e+01
543	1.554538e+01	2.667515e+03	4.046357e+02	4.981947e+02	7.831297e+01	4.336939e+01	1.463378e+01
544	1.557401e+01	2.655807e+03	4.038745e+02	4.975053e+02	7.852656e+01	4.306159e+01	1.805800e+01
545	1.560263e+01	2.652695e+03	4.033778e+02	4.967736e+02	7.826289e+01	4.315604e+01	2.091042e+01
546	1.563126e+01	2.677814e+03	4.026788e+02	4.960546e+02	7.889652e+01	4.321482e+01	2.459242e+01
547	1.565989e+01	2.653623e+03	4.022462e+02	4.951133e+02	7.853373e+01	4.302225e+01	2.753898e+01
548	1.568852e+01	2.653375e+03	4.017416e+02	4.940735e+02	7.859057e+01	4.298711e+01	3.120282e+01
549	1.571715e+01	2.662568e+03	4.013814e+02	4.930655e+02	7.863805e+01	4.311000e+01	3.473343e+01
550	1.574578e+01	2.656996e+03	4.009407e+02	4.921226e+02	7.863416e+01	4.302192e+01	3.826771e+01
551	1.577441e+01	2.648566e+03	4.005699e+02	4.911294e+02	7.842717e+01	4.299860e+01	4.166803e+01
552	1.580303e+01	2.668502e+03	4.002711e+02	4.902206e+02	7.891679e+01	4.305348e+01	4.522488e+01
553	1.583166e+01	2.665338e+03	3.999510e+02	4.891317e+02	7.891282e+01	4.300459e+01	4.904810e+01
554	1.586029e+01	2.663418e+03	3.996552e+02	4.881382e+02	7.886381e+01	4.300032e+01	5.198547e+01
555	1.588892e+01	2.668302e+03	3.995315e+02	4.871953e+02	7.901278e+01	4.299795e+01	5.455862e+01
556	1.591755e+01	2.660363e+03	3.992690e+02	4.864815e+02	7.911079e+01	4.281690e+01	5.692875e+01
557	1.594618e+01	2.672568e+03	3.991622e+02	4.855646e+02	7.936037e+01	4.287806e+01	5.981592e+01
558	1.597481e+01	2.658488e+03	3.991317e+02	4.844992e+02	7.916994e+01	4.275476e+01	6.321034e+01
559	1.600344e+01	2.671308e+03	3.991962e+02	4.835641e+02	7.944519e+01	4.281210e+01	6.570705e+01
560	1.603206e+01	2.659383e+03	3.993090e+02	4.825084e+02	7.947710e+01	4.260386e+01	6.922657e+01
561	1.606069e+01	2.654082e+03	3.993488e+02	4.814684e+02	7.940947e+01	4.255516e+01	7.245717e+01
562	1.608932e+01	2.661734e+03	3.995354e+02	4.805883e+02	7.952861e+01	4.261391e+01	7.526208e+01
563	1.611795e+01	2.660884e+03	3.998848e+02	4.796653e+02	7.986659e+01	4.242003e+01	7.813668e+01
564	1.614658e+01	2.652784e+03	4.002030e+02	4.787025e+02	7.969472e+01	4.238211e+01	8.086909e+01
565	1.617521e+01	2.642609e+03	4.006921e+02	4.777758e+02	7.939761e+01	4.237753e+01	8.403752e+01
566	1.620384e+01	2.650217e+03	4.009647e+02	4.769260e+02	7.986710e+01	4.224971e+01	8.723090e+01
567	1.623246e+01	2.649396e+03	4.015252e+02	4.761309e+02	7.971939e+01	4.231487e+01	8.963805e+01
568	1.626109e+01	2.649827e+03	4.022363e+02	4.753795e+02	7.965048e+01	4.235837e+01	9.204296e+01
569	1.628972e+01	2.656806e+03	4.027321e+02	4.746068e+02	7.986370e+01	4.235654e+01	9.475055e+01
570	1.631835e+01	2.644903e+03	4.034146e+02	4.738926e+02	7.994614e+01	4.212329e+01	9.752789e+01
571	1.634698e+01	2.676112e+03	4.041583e+02	4.732673e+02	8.036704e+01	4.239713e+01	1.003146e+02
572	1.637561e+01	2.658735e+03	4.052250e+02	4.726541e+02	7.994662e+01	4.234333e+01	1.031786e+02
573	1.640424e+01	2.663902e+03	4.059385e+02	4.720054e+02	8.008810e+01	4.235067e+01	1.063184e+02
574	1.643287e+01	2.662522e+03	4.068682e+02	4.713723e+02	7.985328e+01	4.245322e+01	1.087460e+02
575	1.646149e+01	2.668106e+03	4.076211e+02	4.710185e+02	7.981989e+01	4.256005e+01	1.120671e+02
576	1.649012e+01	2.671627e+03	4.086776e+02	4.706037e+02	7.987193e+01	4.258845e+01	1.149514e+02
577	1.651875e+01	2.673088e+03	4.095109e+02	4.701983e+02	7.965807e+01	4.272614e+01	1.177590e+02
578	1.654738e+01	2.671002e+03	4.104938e+02	4.699596e+02	7.940434e+01	4.282922e+01	1.204877e+02
579	1.657601e+01	2.674740e+03	4.115864e+02	4.696468e+02	7.968041e+01	4.274055e+01	1.230752e+02
580	1.660464e+01	2.688369e+03	4.125868e+02	4.694508e+02	7.972834e+01	4.293251e+01	1.262657e+02
581	1.663327e+01	2.680657e+03	4.135977e+02	4.694156e+02	7.953120e+01	4.291546e+01	1.293668e+02
582	1.666190e+01	2.687072e+03	4.145699e+02	4.692859e+02	7.948268e+01	4.304442e+01	1.326522e+02
583	1.669052e+01	2.697669e+03	4.157560e+02	4.692328e+02	7.970639e+01	4.309289e+01	1.354038e+02
584	1.671915e+01	2.685801e+03	4.169721e+02	4.694026e+02	7.941118e+01	4.306280e+01	1.382604e+02
585	1.674778e+01	2.676084e+03	4.181729e+02	4.697061e+02	7.905583e+01	4.309987e+01	1.414524e+02
586	1.677641e+01	2.678119e+03	4.190763e+02	4.697421e+02	7.920557e+01	4.305110e+01	1.445528e+02
587	1.680504e+01	2.697051e+03	4.201001e+02	4.699060e+02	7.922658e+01	4.334394e+01	1.479255e+02
588	1.683367e+01	2.683080e+03	4.212710e+02	4.703042e+02	7.920705e+01	4.313004e+01	1.509266e+02
589	1.686230e+01	2.671744e+03	4.224550e+02	4.707587e+02	7.901197e+01	4.305386e+01	1.548801e+02
590	1.689092e+01	2.685789e+03	4.233860e+02	4.711243e+02	7.915685e+01	4.320097e+01	1.576835e+02
591	1.691955e+01	2.699692e+03	4.244416e+02	4.714807e+02	7.925391e+01	4.337143e+01	1.615622e+02
592	1.694818e+01	2.697071e+03	4.255226e+02	4.723004e+02	7.897140e+01	4.348433e+01	1.646595e+02
593	1.697681e+01	2.678336e+03	4.265626e+02	4.729948e+02	7.895111e+01	4.319335e+01	1.677412e+02
594	1.700544e+01	2.682062e+03	4.276094e+02	4.736119e+02	7.894747e+01	4.325543e+01	1.715742e+02
595	1.703407e+01	2.682014e+03	4.286130e+02	4.742341e+02	7.872903e+01	4.337468e+01	1.750751e+02
596	1.706270e+01	2.686606e+03	4.294333e+02	4.752656e+02	7.883736e+01	4.338923e+01	1.781318e+02
597	1.709133e+01	2.671955e+03	4.302533e+02	4.759059e+02	7.861073e+01	4.327703e+01	1.331417e+00
598	1.711995e+01	2.681107e+03	4.310244e+02	4.768327e+02	7.880023e+01	4.332083e+01	5.139606e+00
599	1.714858e+01	2.677519e+03	4.318436e+02	4.776207e+02	7.897472e+01	4.316727e+01	8.533909e+00
600	1.717721e+01	2.679025e+03	4.324425e+02	4.787701e+02	7.904551e+01	4.315287e+01	1.210667e+01
601	1.720584e+01	2.681739e+03	4.333876e+02	4.797316e+02	7.864484e+01	4.341666e+01	1.545257e+01
602	1.723447e+01	2.675967e+03	4.339872e+02	4.807797e+02	7.896619e+01	4.314690e+01	1.865758e+01
603	1.726310e+01	2.678870e+03	4.344937e+02	4.817316e+02	7.813581e+01	4.365276e+01	2.199172e+01
604	1.729173e+01	2.679233e+03	4.350697e+02	4.829096e+02	7.883688e+01	4.327044e+01	2.559269e+01
605	1.732035e+01	2.681340e+03	4.356169e+02	4.840612e+02	7.888550e+01	4.327777e+01	2.894355e+01
606	1.734898e+01	2.669342e+03	4.359860e+02	4.852484e+02	7.881615e+01	4.312202e+01	3.222688e+01
607	1.737761e+01	2.665255e+03	4.362979e+02	4.862579e+02	7.877674e+01	4.307754e+01	3.571830e+01
608	1.740624e+01	2.671876e+03	4.367147e+02	4.874509e+02	7.875711e+01	4.319532e+01	3.953439e+01
609	1.743487e+01	2.667185e+03	4.367855e+02	4.887096e+02	7.873065e+01	4.313396e+01	4.326993e+01
610	1.746350e+01	2.662633e+03	4.370776e+02	4.897118e+02	7.856686e+01	4.315013e+01	4.695541e+01
611	1.749213e+01	2.661469e+03	4.370781e+02	4.909584e+02	7.857860e+01	4.312481e+01	5.028539e+01
612	1.752076e+01	2.644475e+03	4.371732e+02	4.922596e+02	7.838065e+01	4.295768e+01	5.451248e+01
613	1.754938e+01	2.656822e+03	4.371937e+02	4.934118e+02	7.868153e+01	4.299320e+01	5.747667e+01
614	1.757801e+01	2.649848e+03	4.370857e+02	4.946263e+02	7.877834e+01	4.282764e+01	6.148259e+01
615	1.760664e+01	2.656945e+03	4.368540e+02	4.957787e+02	7.899061e+01	4.282696e+01	6.484071e+01
616	1.763527e+01	2.653424e+03	4.367384e+02	4.969557e+02	7.939170e+01	4.255413e+01	6.856568e+01
617	1.766390e+01	2.653744e+03	4.365025e+02	4.982467e+02	7.938962e+01	4.256037e+01	7.207014e+01
618	1.769253e+01	2.660549e+03	4.362461e+02	4.993099e+02	7.982365e+01	4.243751e+01	7.475793e+01
619	1.772116e+01	2.649042e+03	4.359808e+02	5.003839e+02	7.951540e+01	4.241776e+01	7.785052e+01
620	1.774979e+01	2.650053e+03	4.357904e+02	5.013176e+02	7.957868e+01	4.240020e+01	8.104309e+01
621	1.777841e+01	2.657260e+03	4.353596e+02	5.022777e+02	7.961959e+01	4.249368e+01	8.382253e+01
622	1.780704e+01	2.636516e+03	4.348647e+02	5.032904e+02	7.935995e+01	4.229988e+01	8.656450e+01
623	1.783567e+01	2.645888e+03	4.345864e+02	5.043697e+02	7.992497e+01	4.215014e+01	8.999741e+01
624	1.786430e+01	2.655409e+03	4.340503e+02	5.056032e+02	8.000028e+01	4.226199e+01	9.331293e+01
625	1.789293e+01	2.648728e+03	4.333280e+02	5.063109e+02	7.982776e+01	4.224677e+01	9.640082e+01
626	1.792156e+01	2.671205e+03	4.324883e+02	5.070195e+02	8.049578e+01	4.225171e+01	9.898686e+01
627	1.795019e+01	2.660062e+03	4.321161e+02	5.079806e+02	7.997934e+01	4.234713e+01	1.025580e+02
628	1.797881e+01	2.665713e+03	4.314424e+02	5.087578e+02	8.011096e+01	4.236737e+01	1.055246e+02
629	1.800744e+01	2.681636e+03	4.303098e+02	5.093783e+02	8.041745e+01	4.245802e+01	1.075746e+02
630	1.803607e+01	2.657606e+03	4.299262e+02	5.101901e+02	7.961639e+01	4.250092e+01	1.110871e+02
631	1.806470e+01	2.653152e+03	4.291232e+02	5.108923e+02	7.968755e+01	4.239178e+01	1.140499e+02
632	1.809333e+01	2.670664e+03	4.284069e+02	5.116099e+02	7.966427e+01	4.268406e+01	1.170096e+02
633	1.812196e+01	2.693159e+03	4.275365e+02	5.120305e+02	8.031352e+01	4.269563e+01	1.186280e+02
634	1.815059e+01	2.667083e+03	4.271234e+02	5.126530e+02	7.926993e+01	4.283889e+01	1.220443e+02
635	1.817922e+01	2.693872e+03	4.258336e+02	5.128187e+02	7.954359e+01	4.312032e+01	1.241050e+02
636	1.820784e+01	2.669072e+03	4.253039e+02	5.131464e+02	7.915754e+01	4.293170e+01	1.274261e+02
637	1.823647e+01	2.693734e+03	4.242452e+02	5.134776e+02	7.951772e+01	4.313213e+01	1.294774e+02
638	1.826510e+01	2.673627e+03	4.235560e+02	5.138066e+02	7.901279e+01	4.308376e+01	1.334443e+02
639	1.829373e+01	2.692830e+03	4.223859e+02	5.140638e+02	7.913641e+01	4.332541e+01	1.357347e+02
640	1.832236e+01	2.676093e+03	4.217151e+02	5.143573e+02	7.885149e+01	4.321170e+01	1.389036e+02
641	1.835099e+01	2.706091e+03	4.208052e+02	5.144330e+02	7.928695e+01	4.345610e+01	1.412336e+02
642	1.837962e+01	2.683649e+03	4.201001e+02	5.145567e+02	7.879275e+01	4.336602e+01	1.436235e+02
643	1.840825e+01	2.681939e+03	4.195257e+02	5.147073e+02	7.872770e+01	4.337420e+01	1.464519e+02
644	1.843687e+01	2.673061e+03	4.186551e+02	5.148271e+02	7.867078e+01	4.326189e+01	1.490203e+02
645	1.846550e+01	2.670954e+03	4.180243e+02	5.150269e+02	7.862717e+01	4.325178e+01	1.514021e+02
646	1.849413e+01	2.668440e+03	4.171518e+02	5.149650e+02	7.849262e+01	4.328513e+01	1.543884e+02
647	1.852276e+01	2.669825e+03	4.161027e+02	5.149865e+02	7.840281e+01	4.335720e+01	1.572707e+02
648	1.855139e+01	2.675731e+03	4.153143e+02	5.149641e+02	7.842074e+01	4.344318e+01	1.608559e+02
649	1.858002e+01	2.679635e+03	4.143644e+02	5.147745e+02	7.848048e+01	4.347346e+01	1.635672e+02
650	1.860865e+01	2.680567e+03	4.135190e+02	5.146485e+02	7.857145e+01	4.343822e+01	1.670399e+02
651	1.863727e+01	2.681899e+03	4.124457e+02	5.141968e+02	7.838113e+01	4.356532e+01	1.701957e+02
652	1.866590e+01	2.667289e+03	4.115233e+02	5.136962e+02	7.859766e+01	4.320864e+01	1.732038e+02
653	1.869453e+01	2.677311e+03	4.105562e+02	5.133779e+02	7.868522e+01	4.332272e+01	1.768739e+02
654	1.872316e+01	2.685900e+03	4.095749e+02	5.127494e+02	7.866355e+01	4.347369e+01	5.064146e-01
655	1.875179e+01	2.676944e+03	4.086176e+02	5.121942e+02	7.869342e+01	4.331227e+01	3.823821e+00
656	1.878042e+01	2.670131e+03	4.078725e+02	5.117597e+02	7.862405e+01	4.324016e+01	7.190672e+00
657	1.880905e+01	2.668000e+03	4.071031e+02	5.113266e+02	7.839088e+01	4.333416e+01	1.011125e+01
658	1.883768e+01	2.652571e+03	4.065118e+02	5.106601e+02	7.830419e+01	4.313126e+01	1.302417e+01
659	1.886630e+01	2.678169e+03	4.057259e+02	5.099253e+02	7.896075e+01	4.318539e+01	1.660952e+01
660	1.889493e+01	2.657926e+03	4.048591e+02	5.092282e+02	7.850518e+01	4.310769e+01	2.026262e+01
661	1.892356e+01	2.672572e+03	4.043824e+02	5.081939e+02	7.902508e+01	4.306006e+01	2.370292e+01
662	1.895219e+01	2.670789e+03	4.036690e+02	5.074694e+02	7.872189e+01	4.319706e+01	2.717041e+01
663	1.898082e+01	2.664446e+03	4.030728e+02	5.065078e+02	7.846867e+01	4.323354e+01	3.030132e+01
664	1.900945e+01	2.667564e+03	4.025031e+02	5.057260e+02	7.847562e+01	4.328030e+01	3.442825e+01
665	1.903808e+01	2.662102e+03	4.020837e+02	5.047171e+02	7.830672e+01	4.328484e+01	3.780704e+01
666	1.906670e+01	2.674417e+03	4.015285e+02	5.037184e+02	7.836905e+01	4.345049e+01	4.173927e+01
667	1.909533e+01	2.653671e+03	4.014430e+02	5.026238e+02	7.872877e+01	4.291645e+01	4.504371e+01
668	1.912396e+01	2.670773e+03	4.012270e+02	5.016465e+02	7.881568e+01	4.314539e+01	4.831208e+01
669	1.915259e+01	2.676710e+03	4.009129e+02	5.005974e+02	7.952576e+01	4.285521e+01	5.213062e+01
670	1.918122e+01	2.665088e+03	4.006754e+02	4.995630e+02	7.893130e+01	4.299049e+01	5.561098e+01
671	1.920985e+01	2.665609e+03	4.006720e+02	4.984134e+02	7.916044e+01	4.287443e+01	5.941677e+01
672	1.923848e+01	2.664900e+03	4.005885e+02	4.973582e+02	7.938456e+01	4.274202e+01	6.279233e+01
673	1.926711e+01	2.671123e+03	4.007325e+02	4.962144e+02	7.943970e+01	4.281209e+01	6.631676e+01
674	1.929573e+01	2.670299e+03	4.008835e+02	4.952513e+02	7.930740e+01	4.287029e+01	6.951228e+01
675	1.932436e+01	2.651808e+03	4.010791e+02	4.942512e+02	7.937509e+01	4.253711e+01	7.277573e+01
676	1.935299e+01	2.642782e+03	4.014288e+02	4.931969e+02	7.921048e+01	4.248042e+01	7.618041e+01
677	1.938162e+01	2.670952e+03	4.018940e+02	4.923545e+02	7.985094e+01	4.258887e+01	7.919408e+01
678	1.941025e+01	2.670475e+03	4.020824e+02	4.914241e+02	8.004857e+01	4.247614e+01	8.255595e+01
679	1.943888e+01	2.669419e+03	4.023834e+02	4.903675e+02	7.994405e+01	4.251487e+01	8.568285e+01
680	1.946751e+01	2.673662e+03	4.030208e+02	4.893896e+02	8.022939e+01	4.243098e+01	8.911754e+01
681	1.949614e+01	2.664444e+03	4.035730e+02	4.883613e+02	7.984399e+01	4.248880e+01	9.257840e+01
682	1.952476e+01	2.668867e+03	4.043197e+02	4.877395e+02	8.006947e+01	4.243948e+01	9.524068e+01
683	1.955339e+01	2.666858e+03	4.050912e+02	4.870419e+02	7.990040e+01	4.249727e+01	9.805271e+01
684	1.958202e+01	2.662908e+03	4.058531e+02	4.864592e+02	8.013115e+01	4.231213e+01	1.009414e+02
685	1.961065e+01	2.668445e+03	4.065049e+02	4.856919e+02	8.001826e+01	4.245992e+01	1.038516e+02
686	1.963928e+01	2.656600e+03	4.074803e+02	4.851877e+02	7.981228e+01	4.238055e+01	1.067573e+02
687	1.966791e+01	2.677558e+03	4.082424e+02	4.845524e+02	8.012643e+01	4.254741e+01	1.098394e+02
688	1.969654e+01	2.669000e+03	4.093672e+02	4.841196e+02	7.963927e+01	4.267086e+01	1.128798e+02
689	1.972516e+01	2.674197e+03	4.101965e+02	4.834854e+02	7.975785e+01	4.269039e+01	1.161906e+02
690	1.975379e+01	2.686320e+03	4.111383e+02	4.831781e+02	7.963210e+01	4.295163e+01	1.193489e+02
691	1.978242e+01	2.667839e+03	4.124672e+02	4.830806e+02	7.950517e+01	4.272424e+01	1.220261e+02
692	1.981105e+01	2.679550e+03	4.134677e+02	4.827007e+02	7.951478e+01	4.290660e+01	1.255535e+02
693	1.983968e+01	2.676031e+03	4.145721e+02	4.825169e+02	7.953158e+01	4.284120e+01	1.288002e+02
694	1.986831e+01	2.687780e+03	4.156066e+02	4.823889e+02	7.967639e+01	4.295109e+01	1.316778e+02
695	1.989694e+01	2.684853e+03	4.166351e+02	4.824002e+02	7.936224e+01	4.307415e+01	1.344933e+02
696	1.992557e+01	2.709431e+03	4.175292e+02	4.820845e+02	8.006792e+01	4.308535e+01	1.378473e+02
697	1.995419e+01	2.682006e+03	4.188161e+02	4.822502e+02	7.919728e+01	4.311810e+01	1.413254e+02
698	1.998282e+01	2.680166e+03	4.200594e+02	4.823336e+02	7.899956e+01	4.319637e+01	1.449661e+02
699	2.001145e+01	2.682813e+03	4.211318e+02	4.825971e+02	7.904604e+01	4.321359e+01	1.484884e+02
700	2.004008e+01	2.692599e+03	4.221529e+02	4.827437e+02	7.917506e+01	4.330056e+01	1.513294e+02
701	2.006871e+01	2.682459e+03	4.232346e+02	4.831143e+02	7.892785e+01	4.327260e+01	1.547766e+02
702	2.009734e+01	2.694873e+03	4.242737e+02	4.834644e+02	7.921520e+01	4.331516e+01	1.580024e+02
703	2.012597e+01	2.673931e+03	4.253360e+02	4.840053e+02	7.889632e+01	4.315227e+01	1.613146e+02
704	2.015459e+01	2.682287e+03	4.264247e+02	4.845942e+02	7.896514e+01	4.324939e+01	1.647621e+02
705	2.018322e+01	2.682178e+03	4.273868e+02	4.851176e+02	7.884974e+01	4.331093e+01	1.679696e+02
706	2.021185e+01	2.667573e+03	4.281628e+02	4.858249e+02	7.847594e+01	4.328027e+01	1.709679e+02
707	2.024048e+01	2.686179e+03	4.292445e+02	4.865360e+02	7.887639e+01	4.336087e+01	1.748689e+02
708	2.026911e+01	2.680885e+03	4.301796e+02	4.872167e+02	7.888137e+01	4.327269e+01	1.780659e+02
709	2.029774e+01	2.668591e+03	4.310872e+02	4.880836e+02	7.869258e+01	4.317759e+01	1.426738e+00
710	2.032637e+01	2.677503e+03	4.317857e+02	4.889836e+02	7.863403e+01	4.335403e+01	4.816509e+00
711	2.035500e+01	2.701700e+03	4.324430e+02	4.900286e+02	7.898994e+01	4.354872e+01	9.749062e+00
712	2.038362e+01	2.675287e+03	4.333040e+02	4.907063e+02	7.886755e+01	4.318990e+01	1.163255e+01
713	2.041225e+01	2.663202e+03	4.340109e+02	4.916218e+02	7.863406e+01	4.312246e+01	1.527220e+01
714	2.044088e+01	2.676282e+03	4.346918e+02	4.927426e+02	7.890955e+01	4.318296e+01	1.922673e+01
715	2.046951e+01	2.677928e+03	4.353044e+02	4.935661e+02	7.893157e+01	4.319746e+01	2.252166e+01
716	2.049814e+01	2.689171e+03	4.359936e+02	4.944358e+02	7.920228e+01	4.323057e+01	2.676986e+01
717	2.052677e+01	2.664343e+03	4.363788e+02	4.959706e+02	7.855331e+01	4.318528e+01	3.025638e+01
718	2.055540e+01	2.687164e+03	4.368668e+02	4.968673e+02	7.909251e+01	4.325824e+01	3.372710e+01
719	2.058403e+01	2.664183e+03	4.370012e+02	4.981062e+02	7.887229e+01	4.300805e+01	3.733152e+01
720	2.061265e+01	2.695031e+03	4.372558e+02	4.991881e+02	7.929992e+01	4.327142e+01	4.083729e+01
721	2.064128e+01	2.672426e+03	4.374530e+02	5.004743e+02	7.882066e+01	4.316938e+01	4.414103e+01
722	2.066991e+01	2.687696e+03	4.374392e+02	5.018282e+02	7.913563e+01	4.324324e+01	4.836519e+01
723	2.069854e+01	2.681958e+03	4.378706e+02	5.027758e+02	7.907321e+01	4.318498e+01	5.166925e+01
724	2.072717e+01	2.670383e+03	4.380641e+02	5.039502e+02	7.925954e+01	4.289751e+01	5.552100e+01
725	2.075580e+01	2.680741e+03	4.378848e+02	5.052041e+02	7.916521e+01	4.311523e+01	5.897202e+01
726	2.078443e+01	2.677773e+03	4.377910e+02	5.062968e+02	7.917406e+01	4.306268e+01	6.245261e+01
727	2.081305e+01	2.676254e+03	4.377480e+02	5.075278e+02	7.922109e+01	4.301270e+01	6.607585e+01
728	2.084168e+01	2.655037e+03	4.373916e+02	5.087383e+02	7.885387e+01	4.287041e+01	6.967892e+01
729	2.087031e+01	2.660596e+03	4.371585e+02	5.099291e+02	7.908347e+01	4.283546e+01	7.341254e+01
730	2.089894e+01	2.669713e+03	4.367924e+02	5.111458e+02	7.949371e+01	4.276041e+01	7.671840e+01
731	2.092757e+01	2.666898e+03	4.364913e+02	5.121727e+02	7.975968e+01	4.257289e+01	8.031464e+01
732	2.095620e+01	2.648662e+03	4.361137e+02	5.133214e+02	7.976701e+01	4.227789e+01	8.348558e+01
733	2.098483e+01	2.656860e+03	4.356062e+02	5.141489e+02	7.978559e+01	4.239887e+01	8.667107e+01
734	2.101346e+01	2.655799e+03	4.350365e+02	5.151861e+02	8.001752e+01	4.225910e+01	8.972956e+01
735	2.104208e+01	2.661243e+03	4.345025e+02	5.162022e+02	7.985091e+01	4.243409e+01	9.317664e+01
736	2.107071e+01	2.660291e+03	4.340967e+02	5.172109e+02	7.995422e+01	4.236410e+01	9.650973e+01
737	2.109934e+01	2.656748e+03	4.332372e+02	5.180498e+02	7.955392e+01	4.252056e+01	9.944272e+01
738	2.112797e+01	2.659228e+03	4.326437e+02	5.189117e+02	7.970204e+01	4.248116e+01	1.028028e+02
739	2.115660e+01	2.664870e+03	4.317442e+02	5.197811e+02	7.989884e+01	4.246642e+01	1.058141e+02
740	2.118523e+01	2.669946e+03	4.309289e+02	5.205009e+02	8.003777e+01	4.247345e+01	1.088837e+02
741	2.121386e+01	2.684771e+03	4.299985e+02	5.212173e+02	8.056258e+01	4.243106e+01	1.113827e+02
742	2.124248e+01	2.668326e+03	4.293829e+02	5.218427e+02	7.963872e+01	4.266038e+01	1.149055e+02
743	2.127111e+01	2.688623e+03	4.285031e+02	5.224208e+02	8.007489e+01	4.275074e+01	1.177550e+02
744	2.129974e+01	2.665321e+03	4.276587e+02	5.228428e+02	7.941469e+01	4.273256e+01	1.206858e+02
745	2.132837e+01	2.683854e+03	4.265019e+02	5.232250e+02	7.961996e+01	4.291875e+01	1.231459e+02
746	2.135700e+01	2.672573e+03	4.257237e+02	5.234918e+02	7.936621e+01	4.287499e+01	1.268834e+02
747	2.138563e+01	2.676245e+03	4.247148e+02	5.238862e+02	7.923116e+01	4.300709e+01	1.300340e+02
748	2.141426e+01	2.677307e+03	4.237951e+02	5.241757e+02	7.900552e+01	4.314702e+01	1.329003e+02
749	2.144289e+01	2.681342e+03	4.224880e+02	5.243713e+02	7.927782e+01	4.306363e+01	1.360083e+02
750	2.147151e+01	2.665850e+03	4.216048e+02	5.245130e+02	7.874248e+01	4.310590e+01	1.390491e+02
751	2.150014e+01	2.690929e+03	4.203433e+02	5.244700e+02	7.892268e+01	4.341208e+01	1.423486e+02
752	2.152877e+01	2.685872e+03	4.191763e+02	5.245953e+02	7.897929e+01	4.329943e+01	1.457375e+02
753	2.155740e+01	2.681548e+03	4.181449e+02	5.246307e+02	7.898099e+01	4.322880e+01	1.487706e+02
754	2.158603e+01	2.672961e+03	4.170467e+02	5.245536e+02	7.868011e+01	4.325514e+01	1.525268e+02
755	2.161466e+01	2.680397e+03	4.161188e+02	5.243456e+02	7.875598e+01	4.333369e+01	1.563127e+02
756	2.164329e+01	2.681480e+03	4.151126e+02	5.241885e+02	7.868597e+01	4.338977e+01	1.597531e+02
757	2.167192e+01	2.681721e+03	4.142185e+02	5.239415e+02	7.872431e+01	4.337254e+01	1.627926e+02
758	2.170054e+01	2.681534e+03	4.131021e+02	5.236447e+02	7.860310e+01	4.343640e+01	1.659713e+02
759	2.172917e+01	2.681161e+03	4.120677e+02	5.234130e+02	7.857935e+01	4.344348e+01	1.699379e+02
760	2.175780e+01	2.669031e+03	4.110784e+02	5.228904e+02	7.815847e+01	4.347982e+01	1.728579e+02
761	2.178643e+01	2.659551e+03	4.101121e+02	5.225370e+02	7.841755e+01	4.318224e+01	1.767789e+02
762	2.181506e+01	2.672136e+03	4.091636e+02	5.220032e+02	7.877835e+01	4.318787e+01	7.691487e-01
763	2.184369e+01	2.680051e+03	4.081079e+02	5.215015e+02	7.828647e+01	4.358796e+01	4.542781e+00
764	2.187232e+01	2.667891e+03	4.073437e+02	5.208301e+02	7.847895e+01	4.328376e+01	7.722437e+00
765	2.190094e+01	2.662148e+03	4.065197e+02	5.202318e+02	7.852509e+01	4.316522e+01	1.119993e+01
766	2.192957e+01	2.664105e+03	4.057919e+02	5.194486e+02	7.810789e+01	4.342768e+01	1.472252e+01
767	2.195820e+01	2.660937e+03	4.050996e+02	5.185478e+02	7.861366e+01	4.309697e+01	1.853544e+01
768	2.198683e+01	2.661169e+03	4.043723e+02	5.178446e+02	7.845761e+01	4.318645e+01	2.209172e+01
769	2.201546e+01	2.670785e+03	4.037487e+02	5.170549e+02	7.857718e+01	4.327654e+01	2.574846e+01
770	2.204409e+01	2.661848e+03	4.030980e+02	5.161918e+02	7.875484e+01	4.303444e+01	2.944597e+01
771	2.207272e+01	2.658563e+03	4.026431e+02	5.154919e+02	7.847696e+01	4.313353e+01	3.266117e+01
772	2.210135e+01	2.662064e+03	4.020138e+02	5.145389e+02	7.867395e+01	4.308218e+01	3.626181e+01
773	2.212997e+01	2.675279e+03	4.015856e+02	5.135333e+02	7.892662e+01	4.315745e+01	4.008857e+01
774	2.215860e+01	2.677672e+03	4.012371e+02	5.125110e+02	7.902081e+01	4.314456e+01	4.353264e+01
775	2.218723e+01	2.674887e+03	4.009724e+02	5.114914e+02	7.897541e+01	4.312445e+01	4.648813e+01
776	2.221586e+01	2.680486e+03	4.005134e+02	5.107868e+02	7.916069e+01	4.311357e+01	5.032785e+01
777	2.224449e+01	2.676855e+03	4.005130e+02	5.095816e+02	7.916886e+01	4.305073e+01	5.354116e+01
778	2.227312e+01	2.675279e+03	4.003465e+02	5.086801e+02	7.931590e+01	4.294563e+01	5.689528e+01
779	2.230175e+01	2.672735e+03	4.000924e+02	5.077783e+02	7.944315e+01	4.283607e+01	6.074399e+01
780	2.233038e+01	2.691308e+03	4.000083e+02	5.067030e+02	7.968513e+01	4.300276e+01	6.391080e+01
781	2.235900e+01	2.671365e+03	4.002207e+02	5.056000e+02	7.947882e+01	4.279489e+01	6.761562e+01
782	2.238763e+01	2.676329e+03	4.001948e+02	5.045545e+02	7.963499e+01	4.279033e+01	7.084915e+01
783	2.241626e+01	2.672609e+03	4.004838e+02	5.036990e+02	7.964336e+01	4.272637e+01	7.386528e+01
784	2.244489e+01	2.674591e+03	4.008423e+02	5.026304e+02	8.007709e+01	4.252646e+01	7.698515e+01
785	2.247352e+01	2.653880e+03	4.011257e+02	5.017260e+02	7.959299e+01	4.245379e+01	8.034023e+01
786	2.250215e+01	2.652168e+03	4.015405e+02	5.007260e+02	7.980817e+01	4.231202e+01	8.360597e+01
787	2.253078e+01	2.666206e+03	4.019905e+02	4.998352e+02	8.004739e+01	4.240886e+01	8.697775e+01
788	2.255940e+01	2.660194e+03	4.026148e+02	4.989259e+02	7.999294e+01	4.234204e+01	8.970784e+01
789	2.258803e+01	2.653648e+03	4.034191e+02	4.979321e+02	7.994378e+01	4.226382e+01	9.324911e+01
790	2.261666e+01	2.662219e+03	4.039983e+02	4.970785e+02	8.037733e+01	4.217162e+01	9.642998e+01
791	2.264529e+01	2.669342e+03	4.046016e+02	4.962689e+02	8.003876e+01	4.246332e+01	9.978805e+01
792	2.267392e+01	2.659459e+03	4.054356e+02	4.954966e+02	7.948003e+01	4.260351e+01	1.031032e+02
793	2.270255e+01	2.672688e+03	4.063084e+02	4.947832e+02	7.993494e+01	4.257177e+01	1.061543e+02
794	2.273118e+01	2.672237e+03	4.071654e+02	4.940931e+02	7.991714e+01	4.257408e+01	1.097122e+02
795	2.275981e+01	2.671661e+03	4.082063e+02	4.934788e+02	7.977348e+01	4.264154e+01	1.127584e+02
796	2.278843e+01	2.667929e+03	4.091874e+02	4.930429e+02	7.962112e+01	4.266345e+01	1.156807e+02
797	2.281706e+01	2.653007e+03	4.101319e+02	4.927205e+02	7.924323e+01	4.262716e+01	1.184480e+02
798	2.284569e+01	2.668336e+03	4.110182e+02	4.924520e+02	7.945109e+01	4.276130e+01	1.210643e+02
799	2.287432e+01	2.691607e+03	4.118478e+02	4.920399e+02	7.996068e+01	4.285932e+01	1.243803e+02
