1	2.866972e-02	2.688777e+03	4.588353e+02	4.286396e+02	7.920877e+01	4.322068e+01	1.470279e+02
2	5.733945e-02	2.696784e+03	4.589488e+02	4.276453e+02	7.924020e+01	4.333220e+01	1.487779e+02
3	8.600917e-02	2.693372e+03	4.595121e+02	4.268737e+02	7.952703e+01	4.312128e+01	1.512680e+02
4	1.146789e-01	2.685261e+03	4.600411e+02	4.258986e+02	7.917191e+01	4.318426e+01	1.539219e+02
5	1.433486e-01	2.674509e+03	4.604286e+02	4.249304e+02	7.893700e+01	4.313935e+01	1.561726e+02
6	1.720183e-01	2.693235e+03	4.609482e+02	4.240611e+02	7.923627e+01	4.327732e+01	1.581791e+02
7	2.006881e-01	2.695029e+03	4.615552e+02	4.233205e+02	7.941074e+01	4.321100e+01	1.608874e+02
8	2.293578e-01	2.691969e+03	4.622822e+02	4.223964e+02	7.927467e+01	4.323603e+01	1.635113e+02
9	2.580275e-01	2.696397e+03	4.630387e+02	4.217103e+02	7.891343e+01	4.350539e+01	1.659312e+02
10	2.866972e-01	2.699178e+03	4.636096e+02	4.210233e+02	7.875965e+01	4.363528e+01	1.683131e+02
11	3.153670e-01	2.679305e+03	4.644939e+02	4.203460e+02	7.864316e+01	4.337819e+01	1.701441e+02
12	3.440367e-01	2.693354e+03	4.652599e+02	4.195677e+02	7.906609e+01	4.337239e+01	1.730091e+02
13	3.727064e-01	2.677188e+03	4.662414e+02	4.191519e+02	7.899421e+01	4.315129e+01	1.757447e+02
14	4.013761e-01	2.689371e+03	4.670202e+02	4.185245e+02	7.889379e+01	4.340283e+01	1.778027e+02
15	4.300459e-01	2.756064e+03	4.675706e+02	4.188860e+02	7.955093e+01	4.411174e+01	1.817844e+00
16	4.587156e-01	2.702364e+03	4.688419e+02	4.178105e+02	7.944451e+01	4.331019e+01	3.276807e+00
17	4.873853e-01	2.692194e+03	4.698053e+02	4.173938e+02	7.886269e+01	4.346552e+01	5.528493e+00
18	5.160550e-01	2.689340e+03	4.706807e+02	4.172178e+02	7.926373e+01	4.319976e+01	7.728702e+00
19	5.447248e-01	2.686653e+03	4.716102e+02	4.170404e+02	7.880095e+01	4.341005e+01	1.030095e+01
20	5.733945e-01	2.690990e+03	4.727367e+02	4.167778e+02	7.903975e+01	4.334875e+01	1.314017e+01
21	6.020642e-01	2.671861e+03	4.736601e+02	4.168436e+02	7.850797e+01	4.333215e+01	1.578387e+01
22	6.307339e-01	2.690519e+03	4.747670e+02	4.167065e+02	7.903738e+01	4.334246e+01	1.847539e+01
23	6.594037e-01	2.691901e+03	4.758257e+02	4.165289e+02	7.919285e+01	4.327960e+01	2.143182e+01
24	6.880734e-01	2.693701e+03	4.767752e+02	4.164773e+02	7.947714e+01	4.315363e+01	2.430489e+01
25	7.167431e-01	2.679002e+03	4.777641e+02	4.165016e+02	7.910499e+01	4.312005e+01	2.649941e+01
26	7.454128e-01	2.691539e+03	4.787914e+02	4.164873e+02	7.932552e+01	4.320140e+01	2.861266e+01
27	7.740826e-01	2.695222e+03	4.797700e+02	4.165603e+02	7.936969e+01	4.323645e+01	3.101342e+01
28	8.027523e-01	2.688046e+03	4.808068e+02	4.165125e+02	7.915806e+01	4.323662e+01	3.351584e+01
29	8.314220e-01	2.696786e+03	4.817345e+02	4.167380e+02	7.928460e+01	4.330796e+01	3.603497e+01
30	8.600917e-01	2.694671e+03	4.827691e+02	4.170512e+02	7.948741e+01	4.316358e+01	3.888958e+01
31	8.887615e-01	2.685484e+03	4.838004e+02	4.174153e+02	7.908176e+01	4.323708e+01	4.151470e+01
32	9.174312e-01	2.686943e+03	4.845876e+02	4.180471e+02	7.921969e+01	4.318526e+01	4.468855e+01
33	9.461009e-01	2.674083e+03	4.856891e+02	4.184963e+02	7.893209e+01	4.313516e+01	4.766739e+01
34	9.747706e-01	2.681469e+03	4.865285e+02	4.190692e+02	7.914196e+01	4.313959e+01	5.011349e+01
35	1.003440e+00	2.688679e+03	4.876073e+02	4.195524e+02	7.943639e+01	4.309528e+01	5.298754e+01
36	1.032110e+00	2.672273e+03	4.883462e+02	4.202159e+02	7.912540e+01	4.300064e+01	5.604658e+01
37	1.060780e+00	2.667160e+03	4.893609e+02	4.207827e+02	7.916932e+01	4.289456e+01	5.890609e+01
38	1.089450e+00	2.666417e+03	4.902527e+02	4.214260e+02	7.964124e+01	4.262852e+01	6.161013e+01
39	1.118119e+00	2.661450e+03	4.909608e+02	4.222884e+02	7.946468e+01	4.264364e+01	6.430280e+01
40	1.146789e+00	2.656636e+03	4.917292e+02	4.231185e+02	7.922684e+01	4.269429e+01	6.734577e+01
41	1.175459e+00	2.648304e+03	4.923474e+02	4.239540e+02	7.891645e+01	4.272778e+01	7.030392e+01
42	1.204128e+00	2.652909e+03	4.929889e+02	4.248102e+02	7.949929e+01	4.248829e+01	7.305025e+01
43	1.232798e+00	2.646657e+03	4.938747e+02	4.256763e+02	7.952502e+01	4.237444e+01	7.551433e+01
44	1.261468e+00	2.654755e+03	4.947632e+02	4.265260e+02	7.957359e+01	4.247816e+01	7.765185e+01
45	1.290138e+00	2.657336e+03	4.951261e+02	4.274455e+02	7.962263e+01	4.249326e+01	8.052670e+01
46	1.318807e+00	2.657323e+03	4.958546e+02	4.283843e+02	7.980132e+01	4.239790e+01	8.254668e+01
47	1.347477e+00	2.647776e+03	4.963305e+02	4.293147e+02	7.961611e+01	4.234386e+01	8.482712e+01
48	1.376147e+00	2.652070e+03	4.970423e+02	4.302126e+02	7.980843e+01	4.231032e+01	8.710869e+01
49	1.404817e+00	2.654869e+03	4.976010e+02	4.310994e+02	7.987661e+01	4.231882e+01	8.957779e+01
50	1.433486e+00	2.649751e+03	4.982680e+02	4.320588e+02	7.969827e+01	4.233175e+01	9.163696e+01
51	1.462156e+00	2.642613e+03	4.988709e+02	4.329259e+02	7.981450e+01	4.215624e+01	9.357397e+01
52	1.490826e+00	2.652871e+03	4.995287e+02	4.338610e+02	7.985966e+01	4.229594e+01	9.598662e+01
53	1.519495e+00	2.643591e+03	4.998890e+02	4.350190e+02	7.955902e+01	4.230726e+01	9.844497e+01
54	1.548165e+00	2.646886e+03	4.999573e+02	4.360086e+02	7.946633e+01	4.240941e+01	1.005006e+02
55	1.576835e+00	2.649947e+03	5.003039e+02	4.371840e+02	7.947727e+01	4.245261e+01	1.031471e+02
56	1.605505e+00	2.641040e+03	5.004821e+02	4.381758e+02	7.954847e+01	4.227204e+01	1.050775e+02
57	1.634174e+00	2.650578e+03	5.006303e+02	4.392570e+02	7.962646e+01	4.238316e+01	1.077289e+02
58	1.662844e+00	2.659383e+03	5.006812e+02	4.404169e+02	7.946467e+01	4.261054e+01	1.104302e+02
59	1.691514e+00	2.660486e+03	5.010325e+02	4.415430e+02	7.969271e+01	4.250622e+01	1.125736e+02
60	1.720183e+00	2.651006e+03	5.010009e+02	4.425300e+02	7.936306e+01	4.253070e+01	1.147932e+02
61	1.748853e+00	2.657738e+03	5.008727e+02	4.435936e+02	7.957276e+01	4.252633e+01	1.170947e+02
62	1.777523e+00	2.651656e+03	5.011062e+02	4.447126e+02	7.928424e+01	4.258341e+01	1.192639e+02
63	1.806193e+00	2.656247e+03	5.011526e+02	4.458079e+02	7.941570e+01	4.258653e+01	1.212440e+02
64	1.834862e+00	2.667474e+03	5.013202e+02	4.469666e+02	7.957388e+01	4.268151e+01	1.236256e+02
65	1.863532e+00	2.643179e+03	5.011327e+02	4.480085e+02	7.893949e+01	4.263265e+01	1.256361e+02
66	1.892202e+00	2.651792e+03	5.011359e+02	4.491903e+02	7.900947e+01	4.273370e+01	1.277889e+02
67	1.920872e+00	2.662688e+03	5.009007e+02	4.501580e+02	7.864590e+01	4.310765e+01	1.297286e+02
68	1.949541e+00	2.655872e+03	5.009662e+02	4.513069e+02	7.866279e+01	4.298808e+01	1.316837e+02
69	1.978211e+00	2.679474e+03	5.007805e+02	4.524194e+02	7.907702e+01	4.314290e+01	1.334918e+02
70	2.006881e+00	2.659423e+03	5.006916e+02	4.533609e+02	7.905947e+01	4.282956e+01	1.354372e+02
71	2.035550e+00	2.663355e+03	5.003180e+02	4.544067e+02	7.881902e+01	4.302374e+01	1.375328e+02
72	2.064220e+00	2.660660e+03	4.999886e+02	4.554183e+02	7.897569e+01	4.289493e+01	1.399401e+02
73	2.092890e+00	2.671181e+03	4.996783e+02	4.564277e+02	7.882919e+01	4.314458e+01	1.422351e+02
74	2.121560e+00	2.662829e+03	4.993932e+02	4.574984e+02	7.876370e+01	4.304546e+01	1.449297e+02
75	2.150229e+00	2.653946e+03	4.989989e+02	4.584583e+02	7.831828e+01	4.314585e+01	1.465772e+02
76	2.178899e+00	2.669249e+03	4.985214e+02	4.594293e+02	7.847916e+01	4.330567e+01	1.491649e+02
77	2.207569e+00	2.679126e+03	4.980201e+02	4.603822e+02	7.872458e+01	4.333042e+01	1.510648e+02
78	2.236239e+00	2.673257e+03	4.973409e+02	4.610031e+02	7.898332e+01	4.309386e+01	1.535244e+02
79	2.264908e+00	2.657924e+03	4.968379e+02	4.621082e+02	7.855287e+01	4.308148e+01	1.562125e+02
80	2.293578e+00	2.656496e+03	4.962580e+02	4.629221e+02	7.814817e+01	4.328131e+01	1.582808e+02
81	2.322248e+00	2.647499e+03	4.957211e+02	4.638690e+02	7.800484e+01	4.321398e+01	1.603458e+02
82	2.350917e+00	2.682443e+03	4.950682e+02	4.645837e+02	7.881207e+01	4.333591e+01	1.616146e+02
83	2.379587e+00	2.657525e+03	4.945956e+02	4.654473e+02	7.862695e+01	4.303444e+01	1.644848e+02
84	2.408257e+00	2.663821e+03	4.938783e+02	4.661458e+02	7.857959e+01	4.316237e+01	1.670445e+02
85	2.436927e+00	2.672641e+03	4.930956e+02	4.667538e+02	7.869020e+01	4.324443e+01	1.697348e+02
86	2.465596e+00	2.688771e+03	4.922378e+02	4.672618e+02	7.859207e+01	4.355973e+01	1.718993e+02
87	2.494266e+00	2.673692e+03	4.915568e+02	4.679828e+02	7.882111e+01	4.318958e+01	1.744689e+02
88	2.522936e+00	2.686336e+03	4.908817e+02	4.686056e+02	7.880041e+01	4.340523e+01	1.767744e+02
89	2.551606e+00	2.673966e+03	4.900236e+02	4.692595e+02	7.874496e+01	4.323578e+01	1.789456e+02
90	2.580275e+00	2.680960e+03	4.893382e+02	4.699199e+02	7.888304e+01	4.327298e+01	8.601580e-01
91	2.608945e+00	2.693289e+03	4.883621e+02	4.703072e+02	7.854635e+01	4.365833e+01	1.843478e+00
92	2.637615e+00	2.662176e+03	4.876913e+02	4.706873e+02	7.850368e+01	4.317744e+01	4.763966e+00
93	2.666284e+00	2.673085e+03	4.868590e+02	4.711525e+02	7.857893e+01	4.331285e+01	7.153033e+00
94	2.694954e+00	2.685086e+03	4.859521e+02	4.715926e+02	7.897455e+01	4.328936e+01	9.524504e+00
95	2.723624e+00	2.674291e+03	4.851022e+02	4.719804e+02	7.889843e+01	4.315692e+01	1.206641e+01
96	2.752294e+00	2.666832e+03	4.842488e+02	4.722764e+02	7.864285e+01	4.317641e+01	1.436165e+01
97	2.780963e+00	2.682292e+03	4.833826e+02	4.723133e+02	7.906563e+01	4.319450e+01	1.678084e+01
98	2.809633e+00	2.672910e+03	4.823365e+02	4.726613e+02	7.899262e+01	4.308319e+01	1.896374e+01
99	2.838303e+00	2.683560e+03	4.814831e+02	4.726934e+02	7.909638e+01	4.319811e+01	2.148718e+01
100	2.866972e+00	2.673119e+03	4.805986e+02	4.726286e+02	7.870909e+01	4.324177e+01	2.400889e+01
101	2.895642e+00	2.686799e+03	4.796400e+02	4.725854e+02	7.907919e+01	4.325966e+01	2.676181e+01
102	2.924312e+00	2.677963e+03	4.786964e+02	4.727289e+02	7.867589e+01	4.333842e+01	2.913632e+01
103	2.952982e+00	2.684932e+03	4.776682e+02	4.726689e+02	7.916743e+01	4.318142e+01	3.133952e+01
104	2.981651e+00	2.670834e+03	4.766731e+02	4.726372e+02	7.876329e+01	4.317509e+01	3.398472e+01
105	3.010321e+00	2.681752e+03	4.757605e+02	4.724689e+02	7.903908e+01	4.320031e+01	3.636472e+01
106	3.038991e+00	2.686596e+03	4.747855e+02	4.723025e+02	7.922257e+01	4.317809e+01	3.896663e+01
107	3.067661e+00	2.675593e+03	4.737771e+02	4.721383e+02	7.901826e+01	4.311245e+01	4.162472e+01
108	3.096330e+00	2.674443e+03	4.727194e+02	4.721282e+02	7.896263e+01	4.312428e+01	4.380665e+01
109	3.125000e+00	2.667471e+03	4.718928e+02	4.716738e+02	7.870947e+01	4.315021e+01	4.612840e+01
110	3.153670e+00	2.665598e+03	4.709312e+02	4.713692e+02	7.896897e+01	4.297821e+01	4.921449e+01
111	3.182339e+00	2.670785e+03	4.702315e+02	4.708134e+02	7.909138e+01	4.299519e+01	5.179494e+01
112	3.211009e+00	2.668735e+03	4.694246e+02	4.702065e+02	7.905506e+01	4.298193e+01	5.437645e+01
113	3.239679e+00	2.670902e+03	4.684738e+02	4.697012e+02	7.927279e+01	4.289869e+01	5.722879e+01
114	3.268349e+00	2.657130e+03	4.676457e+02	4.690709e+02	7.898235e+01	4.283443e+01	5.962580e+01
115	3.297018e+00	2.680507e+03	4.666595e+02	4.684823e+02	7.969085e+01	4.282710e+01	6.214113e+01
116	3.325688e+00	2.672034e+03	4.660332e+02	4.677980e+02	7.943318e+01	4.283020e+01	6.480398e+01
117	3.354358e+00	2.666745e+03	4.654363e+02	4.670660e+02	7.946388e+01	4.272892e+01	6.751632e+01
118	3.383028e+00	2.667534e+03	4.645382e+02	4.664092e+02	7.950507e+01	4.271941e+01	6.999668e+01
119	3.411697e+00	2.669446e+03	4.636687e+02	4.657102e+02	7.988112e+01	4.254878e+01	7.234280e+01
120	3.440367e+00	2.676604e+03	4.629701e+02	4.649448e+02	7.993951e+01	4.263171e+01	7.474604e+01
121	3.469037e+00	2.657403e+03	4.625209e+02	4.641311e+02	7.954118e+01	4.253784e+01	7.705882e+01
122	3.497706e+00	2.666843e+03	4.617276e+02	4.632410e+02	8.011637e+01	4.238248e+01	7.925381e+01
123	3.526376e+00	2.666308e+03	4.610828e+02	4.624551e+02	8.000777e+01	4.243148e+01	8.172623e+01
124	3.555046e+00	2.664150e+03	4.603794e+02	4.616842e+02	7.998777e+01	4.240774e+01	8.390180e+01
125	3.583716e+00	2.660802e+03	4.597104e+02	4.608758e+02	8.006764e+01	4.231220e+01	8.584230e+01
126	3.612385e+00	2.656558e+03	4.591010e+02	4.600213e+02	8.001566e+01	4.227216e+01	8.810714e+01
127	3.641055e+00	2.660324e+03	4.586136e+02	4.592214e+02	7.962366e+01	4.254050e+01	9.016338e+01
128	3.669725e+00	2.674018e+03	4.580087e+02	4.583576e+02	8.031166e+01	4.239316e+01	9.196325e+01
129	3.698394e+00	2.670425e+03	4.574326e+02	4.575850e+02	7.994018e+01	4.253295e+01	9.347886e+01
130	3.727064e+00	2.674982e+03	4.570268e+02	4.566673e+02	7.996030e+01	4.259480e+01	9.581851e+01
131	3.755734e+00	2.658105e+03	4.567660e+02	4.555951e+02	8.008210e+01	4.226169e+01	9.807788e+01
132	3.784404e+00	2.666684e+03	4.561869e+02	4.547064e+02	7.976299e+01	4.256771e+01	9.984657e+01
133	3.813073e+00	2.668173e+03	4.558582e+02	4.537115e+02	7.996050e+01	4.248627e+01	1.018775e+02
134	3.841743e+00	2.651022e+03	4.554429e+02	4.527220e+02	7.968734e+01	4.235787e+01	1.037651e+02
135	3.870413e+00	2.654983e+03	4.553564e+02	4.517937e+02	7.953406e+01	4.250292e+01	1.061178e+02
136	3.899083e+00	2.668139e+03	4.551786e+02	4.507332e+02	7.970053e+01	4.262431e+01	1.086163e+02
137	3.927752e+00	2.662725e+03	4.552270e+02	4.496529e+02	7.989640e+01	4.243354e+01	1.108809e+02
138	3.956422e+00	2.665412e+03	4.551731e+02	4.486628e+02	7.963641e+01	4.261502e+01	1.136757e+02
139	3.985092e+00	2.673380e+03	4.553145e+02	4.476723e+02	7.970934e+01	4.270332e+01	1.157872e+02
140	4.013761e+00	2.655985e+03	4.553703e+02	4.465696e+02	7.940978e+01	4.258550e+01	1.179845e+02
141	4.042431e+00	2.674405e+03	4.555094e+02	4.454667e+02	7.954835e+01	4.280615e+01	1.209044e+02
142	4.071101e+00	2.675276e+03	4.557122e+02	4.444722e+02	7.953118e+01	4.282932e+01	1.230364e+02
143	4.099771e+00	2.678692e+03	4.557506e+02	4.432313e+02	7.950964e+01	4.289563e+01	1.252194e+02
144	4.128440e+00	2.683111e+03	4.560570e+02	4.423183e+02	7.954522e+01	4.294718e+01	1.274403e+02
145	4.157110e+00	2.692526e+03	4.561324e+02	4.413269e+02	7.974758e+01	4.298852e+01	1.297147e+02
146	4.185780e+00	2.680782e+03	4.566501e+02	4.404132e+02	7.912308e+01	4.313884e+01	1.327608e+02
147	4.214450e+00	2.689064e+03	4.570818e+02	4.395889e+02	7.909832e+01	4.328565e+01	1.349139e+02
148	4.243119e+00	2.690778e+03	4.574437e+02	4.386313e+02	7.943700e+01	4.312858e+01	1.378199e+02
149	4.271789e+00	2.678268e+03	4.579136e+02	4.376369e+02	7.899426e+01	4.316866e+01	1.403049e+02
150	4.300459e+00	2.686976e+03	4.584655e+02	4.368450e+02	7.919438e+01	4.319957e+01	1.425610e+02
151	4.329128e+00	2.685379e+03	4.591236e+02	4.361347e+02	7.936899e+01	4.307893e+01	1.456451e+02
152	4.357798e+00	2.687685e+03	4.596477e+02	4.351191e+02	7.927605e+01	4.316647e+01	1.481350e+02
153	4.386468e+00	2.683841e+03	4.603061e+02	4.344359e+02	7.900011e+01	4.325528e+01	1.510508e+02
154	4.415138e+00	2.683842e+03	4.609595e+02	4.336780e+02	7.919248e+01	4.315023e+01	1.539439e+02
155	4.443807e+00	2.687250e+03	4.616472e+02	4.331821e+02	7.888488e+01	4.337349e+01	1.560851e+02
156	4.472477e+00	2.694713e+03	4.623837e+02	4.324677e+02	7.926929e+01	4.328302e+01	1.590094e+02
157	4.501147e+00	2.674336e+03	4.633677e+02	4.320859e+02	7.880087e+01	4.321107e+01	1.617304e+02
158	4.529817e+00	2.687337e+03	4.640969e+02	4.312066e+02	7.896851e+01	4.332896e+01	1.641613e+02
159	4.558486e+00	2.683097e+03	4.649187e+02	4.308516e+02	7.906362e+01	4.320855e+01	1.666070e+02
160	4.587156e+00	2.702498e+03	4.657270e+02	4.301766e+02	7.940074e+01	4.333621e+01	1.690890e+02
161	4.615826e+00	2.707909e+03	4.666128e+02	4.298208e+02	7.920561e+01	4.352996e+01	1.712093e+02
162	4.644495e+00	2.691501e+03	4.675389e+02	4.294067e+02	7.880531e+01	4.348597e+01	1.742827e+02
163	4.673165e+00	2.692369e+03	4.684985e+02	4.290768e+02	7.934831e+01	4.320231e+01	1.769241e+02
164	4.701835e+00	2.688217e+03	4.694605e+02	4.289524e+02	7.881935e+01	4.342517e+01	1.790227e+02
165	4.730505e+00	2.679726e+03	4.704440e+02	4.287589e+02	7.890005e+01	4.324373e+01	1.857335e+00
166	4.759174e+00	2.702708e+03	4.714111e+02	4.284073e+02	7.926908e+01	4.341157e+01	4.016207e+00
167	4.787844e+00	2.694770e+03	4.724949e+02	4.284974e+02	7.906145e+01	4.339772e+01	8.239347e+00
168	4.816514e+00	2.691620e+03	4.733997e+02	4.285474e+02	7.894444e+01	4.341126e+01	1.060031e+01
169	4.845183e+00	2.687487e+03	4.742557e+02	4.286204e+02	7.896979e+01	4.333068e+01	1.324515e+01
170	4.873853e+00	2.696534e+03	4.752723e+02	4.286458e+02	7.901306e+01	4.345274e+01	1.604894e+01
171	4.902523e+00	2.692111e+03	4.762538e+02	4.288752e+02	7.890302e+01	4.344197e+01	1.926907e+01
172	4.931193e+00	2.682838e+03	4.772737e+02	4.290479e+02	7.925955e+01	4.309759e+01	2.156725e+01
173	4.959862e+00	2.691415e+03	4.781377e+02	4.292332e+02	7.921239e+01	4.326110e+01	2.437320e+01
174	4.988532e+00	2.687549e+03	4.790789e+02	4.293078e+02	7.904205e+01	4.329206e+01	2.704130e+01
175	5.017202e+00	2.680662e+03	4.802432e+02	4.295069e+02	7.905408e+01	4.317456e+01	2.977221e+01
176	5.045872e+00	2.680696e+03	4.811680e+02	4.300200e+02	7.903291e+01	4.318666e+01	3.274724e+01
177	5.074541e+00	2.668389e+03	4.820360e+02	4.304216e+02	7.842878e+01	4.331954e+01	3.540667e+01
178	5.103211e+00	2.671552e+03	4.828806e+02	4.307158e+02	7.859715e+01	4.327798e+01	3.803267e+01
179	5.131881e+00	2.666755e+03	4.838678e+02	4.312511e+02	7.881899e+01	4.307867e+01	4.102987e+01
180	5.160550e+00	2.673558e+03	4.846377e+02	4.316790e+02	7.879693e+01	4.320066e+01	4.356138e+01
181	5.189220e+00	2.667357e+03	4.854997e+02	4.324010e+02	7.881550e+01	4.309031e+01	4.675676e+01
182	5.217890e+00	2.656988e+03	4.862023e+02	4.329997e+02	7.863715e+01	4.302016e+01	4.917876e+01
183	5.246560e+00	2.678359e+03	4.871485e+02	4.335059e+02	7.912100e+01	4.310097e+01	5.224878e+01
184	5.275229e+00	2.669823e+03	4.880343e+02	4.340822e+02	7.918161e+01	4.293073e+01	5.463707e+01
185	5.303899e+00	2.668995e+03	4.887532e+02	4.347996e+02	7.940649e+01	4.279588e+01	5.722355e+01
186	5.332569e+00	2.665522e+03	4.895190e+02	4.356311e+02	7.945778e+01	4.271260e+01	5.974696e+01
187	5.361239e+00	2.655807e+03	4.901318e+02	4.363565e+02	7.914967e+01	4.272258e+01	6.239719e+01
188	5.389908e+00	2.655589e+03	4.907900e+02	4.372177e+02	7.885390e+01	4.287931e+01	6.459830e+01
189	5.418578e+00	2.652988e+03	4.913661e+02	4.380945e+02	7.905704e+01	4.272724e+01	6.755319e+01
190	5.447248e+00	2.656829e+03	4.919301e+02	4.390526e+02	7.960674e+01	4.249363e+01	7.025114e+01
191	5.475917e+00	2.656740e+03	4.925628e+02	4.399573e+02	7.963454e+01	4.247738e+01	7.312612e+01
192	5.504587e+00	2.646242e+03	4.930928e+02	4.407946e+02	7.933314e+01	4.247027e+01	7.556868e+01
193	5.533257e+00	2.655757e+03	4.938240e+02	4.416711e+02	7.942024e+01	4.257624e+01	7.795963e+01
194	5.561927e+00	2.638733e+03	4.941001e+02	4.427498e+02	7.925552e+01	4.239124e+01	8.077484e+01
195	5.590596e+00	2.653523e+03	4.947840e+02	4.436378e+02	7.945478e+01	4.252192e+01	8.270058e+01
196	5.619266e+00	2.649241e+03	4.951599e+02	4.447503e+02	7.987977e+01	4.222745e+01	8.526117e+01
197	5.647936e+00	2.653070e+03	4.956709e+02	4.456974e+02	7.947521e+01	4.250374e+01	8.782531e+01
198	5.676606e+00	2.659332e+03	4.961384e+02	4.467276e+02	8.013642e+01	4.225254e+01	9.039706e+01
199	5.705275e+00	2.646189e+03	4.966116e+02	4.476439e+02	7.970226e+01	4.227274e+01	9.251180e+01
200	5.733945e+00	2.644240e+03	4.971812e+02	4.486152e+02	7.994968e+01	4.211087e+01	9.503534e+01
201	5.762615e+00	2.657390e+03	4.974918e+02	4.496338e+02	7.987672e+01	4.235894e+01	9.686983e+01
202	5.791284e+00	2.643958e+03	4.978333e+02	4.507022e+02	7.964996e+01	4.226483e+01	9.892078e+01
203	5.819954e+00	2.652374e+03	4.982731e+02	4.517970e+02	7.991454e+01	4.225898e+01	1.008384e+02
204	5.848624e+00	2.650556e+03	4.983284e+02	4.527861e+02	7.943011e+01	4.248757e+01	1.034102e+02
205	5.877294e+00	2.654283e+03	4.984012e+02	4.538820e+02	7.979031e+01	4.235524e+01	1.056898e+02
206	5.905963e+00	2.658414e+03	4.985168e+02	4.550936e+02	7.957207e+01	4.253751e+01	1.083677e+02
207	5.934633e+00	2.648377e+03	4.985117e+02	4.560782e+02	7.951754e+01	4.240597e+01	1.103929e+02
208	5.963303e+00	2.651328e+03	4.984793e+02	4.571411e+02	7.940978e+01	4.251082e+01	1.128324e+02
209	5.991972e+00	2.658128e+03	4.986286e+02	4.583654e+02	7.956097e+01	4.253888e+01	1.147474e+02
210	6.020642e+00	2.666565e+03	4.984852e+02	4.593743e+02	7.948858e+01	4.271275e+01	1.171118e+02
211	6.049312e+00	2.647075e+03	4.983345e+02	4.603408e+02	7.900848e+01	4.265821e+01	1.192360e+02
212	6.077982e+00	2.645362e+03	4.982338e+02	4.614010e+02	7.888001e+01	4.270003e+01	1.217109e+02
213	6.106651e+00	2.663099e+03	4.979825e+02	4.624555e+02	7.929273e+01	4.276259e+01	1.235638e+02
214	6.135321e+00	2.664088e+03	4.977808e+02	4.635616e+02	7.883830e+01	4.302505e+01	1.265567e+02
215	6.163991e+00	2.668166e+03	4.975262e+02	4.645439e+02	7.912418e+01	4.293523e+01	1.281369e+02
216	6.192661e+00	2.656276e+03	4.975447e+02	4.657727e+02	7.880666e+01	4.291612e+01	1.305919e+02
217	6.221330e+00	2.651724e+03	4.970639e+02	4.666249e+02	7.853470e+01	4.299093e+01	1.319147e+02
218	6.250000e+00	2.647843e+03	4.967407e+02	4.675611e+02	7.848910e+01	4.295295e+01	1.345245e+02
219	6.278670e+00	2.661923e+03	4.965459e+02	4.685952e+02	7.878178e+01	4.302094e+01	1.362922e+02
220	6.307339e+00	2.672466e+03	4.962126e+02	4.695208e+02	7.886775e+01	4.314424e+01	1.382110e+02
221	6.336009e+00	2.686272e+03	4.954976e+02	4.703879e+02	7.914215e+01	4.321676e+01	1.400695e+02
222	6.364679e+00	2.659416e+03	4.952460e+02	4.712622e+02	7.861528e+01	4.307144e+01	1.431329e+02
223	6.393349e+00	2.660532e+03	4.950534e+02	4.724485e+02	7.865042e+01	4.307027e+01	1.451399e+02
224	6.422018e+00	2.669502e+03	4.945247e+02	4.732218e+02	7.885809e+01	4.310167e+01	1.471159e+02
225	6.450688e+00	2.670969e+03	4.941382e+02	4.742987e+02	7.880235e+01	4.315587e+01	1.491589e+02
226	6.479358e+00	2.670542e+03	4.936484e+02	4.750824e+02	7.875481e+01	4.317501e+01	1.510831e+02
227	6.508028e+00	2.662914e+03	4.931087e+02	4.758622e+02	7.854433e+01	4.316705e+01	1.537958e+02
228	6.536697e+00	2.667487e+03	4.926237e+02	4.767393e+02	7.853844e+01	4.324443e+01	1.557769e+02
229	6.565367e+00	2.661832e+03	4.921108e+02	4.774606e+02	7.852502e+01	4.316012e+01	1.580555e+02
230	6.594037e+00	2.673711e+03	4.914002e+02	4.779576e+02	7.872305e+01	4.324368e+01	1.599758e+02
231	6.622706e+00	2.676345e+03	4.908421e+02	4.787740e+02	7.867144e+01	4.331468e+01	1.623384e+02
232	6.651376e+00	2.679315e+03	4.901441e+02	4.794886e+02	7.850241e+01	4.345612e+01	1.649879e+02
233	6.680046e+00	2.673776e+03	4.893655e+02	4.798755e+02	7.913523e+01	4.301949e+01	1.675637e+02
234	6.708716e+00	2.685087e+03	4.887075e+02	4.804680e+02	7.904318e+01	4.325179e+01	1.695275e+02
235	6.737385e+00	2.670873e+03	4.880143e+02	4.812013e+02	7.864407e+01	4.324117e+01	1.712404e+02
236	6.766055e+00	2.659598e+03	4.874590e+02	4.819074e+02	7.865337e+01	4.305354e+01	1.730769e+02
237	6.794725e+00	2.660093e+03	4.865914e+02	4.824439e+02	7.845589e+01	4.316993e+01	1.754223e+02
238	6.823394e+00	2.660686e+03	4.859480e+02	4.829026e+02	7.864392e+01	4.307632e+01	1.772769e+02
239	6.852064e+00	2.685310e+03	4.851172e+02	4.834281e+02	7.883575e+01	4.336920e+01	1.797189e+02
240	6.880734e+00	2.683437e+03	4.844859e+02	4.838400e+02	7.870489e+01	4.341100e+01	1.919442e+00
241	6.909404e+00	2.660467e+03	4.835096e+02	4.841146e+02	7.833414e+01	4.324310e+01	4.077507e+00
242	6.938073e+00	2.659597e+03	4.826960e+02	4.845423e+02	7.884055e+01	4.295131e+01	6.119103e+00
243	6.966743e+00	2.661211e+03	4.819230e+02	4.847460e+02	7.879939e+01	4.299981e+01	8.347615e+00
244	6.995413e+00	2.676838e+03	4.809724e+02	4.849641e+02	7.876047e+01	4.327369e+01	1.062462e+01
245	7.024083e+00	2.682700e+03	4.801653e+02	4.852326e+02	7.900824e+01	4.323245e+01	1.304197e+01
246	7.052752e+00	2.677808e+03	4.793149e+02	4.852786e+02	7.864201e+01	4.335457e+01	1.548139e+01
247	7.081422e+00	2.676098e+03	4.785091e+02	4.854965e+02	7.893972e+01	4.316349e+01	1.769382e+01
248	7.110092e+00	2.681871e+03	4.775487e+02	4.857248e+02	7.891953e+01	4.326767e+01	1.994560e+01
249	7.138761e+00	2.669478e+03	4.766525e+02	4.857995e+02	7.867694e+01	4.320052e+01	2.231123e+01
250	7.167431e+00	2.659492e+03	4.758454e+02	4.859827e+02	7.858398e+01	4.308982e+01	2.457472e+01
251	7.196101e+00	2.673344e+03	4.749954e+02	4.859682e+02	7.916961e+01	4.299386e+01	2.671449e+01
252	7.224771e+00	2.676009e+03	4.739493e+02	4.858695e+02	7.888136e+01	4.319398e+01	2.948607e+01
253	7.253440e+00	2.690350e+03	4.730389e+02	4.856832e+02	7.932723e+01	4.318139e+01	3.198571e+01
254	7.282110e+00	2.677602e+03	4.722574e+02	4.855368e+02	7.892657e+01	4.319494e+01	3.436946e+01
255	7.310780e+00	2.685731e+03	4.713597e+02	4.854073e+02	7.904404e+01	4.326169e+01	3.693268e+01
256	7.339450e+00	2.683110e+03	4.704183e+02	4.852474e+02	7.898741e+01	4.325045e+01	3.946044e+01
257	7.368119e+00	2.674921e+03	4.696631e+02	4.848800e+02	7.891947e+01	4.315558e+01	4.169722e+01
258	7.396789e+00	2.673076e+03	4.687215e+02	4.846453e+02	7.884045e+01	4.316903e+01	4.417289e+01
259	7.425459e+00	2.668521e+03	4.679102e+02	4.843120e+02	7.876524e+01	4.313663e+01	4.636478e+01
260	7.454128e+00	2.683172e+03	4.670751e+02	4.838586e+02	7.914304e+01	4.316642e+01	4.873412e+01
261	7.482798e+00	2.684958e+03	4.662528e+02	4.834293e+02	7.922573e+01	4.315005e+01	5.140155e+01
262	7.511468e+00	2.670088e+03	4.656273e+02	4.827519e+02	7.893524e+01	4.306900e+01	5.382399e+01
263	7.540138e+00	2.677022e+03	4.648888e+02	4.823748e+02	7.909510e+01	4.309357e+01	5.635901e+01
264	7.568807e+00	2.694771e+03	4.639223e+02	4.819156e+02	7.958917e+01	4.310999e+01	5.888703e+01
265	7.597477e+00	2.674642e+03	4.632703e+02	4.812859e+02	7.949433e+01	4.283903e+01	6.091486e+01
266	7.626147e+00	2.669004e+03	4.627580e+02	4.805690e+02	7.958876e+01	4.269801e+01	6.348153e+01
267	7.654817e+00	2.663983e+03	4.622034e+02	4.798336e+02	7.956119e+01	4.263245e+01	6.606022e+01
268	7.683486e+00	2.658857e+03	4.614767e+02	4.790227e+02	7.956524e+01	4.254825e+01	6.899850e+01
269	7.712156e+00	2.666205e+03	4.610076e+02	4.781547e+02	7.959875e+01	4.264787e+01	7.161018e+01
270	7.740826e+00	2.662063e+03	4.603003e+02	4.774351e+02	7.972365e+01	4.251492e+01	7.440121e+01
271	7.769495e+00	2.658286e+03	4.597692e+02	4.765527e+02	7.957729e+01	4.253267e+01	7.661531e+01
272	7.798165e+00	2.664957e+03	4.591491e+02	4.758371e+02	7.989766e+01	4.246844e+01	7.895958e+01
273	7.826835e+00	2.668042e+03	4.584190e+02	4.750045e+02	8.010632e+01	4.240685e+01	8.107805e+01
274	7.855505e+00	2.648288e+03	4.580181e+02	4.740858e+02	8.007517e+01	4.210924e+01	8.364000e+01
275	7.884174e+00	2.651742e+03	4.574933e+02	4.731649e+02	7.998505e+01	4.221168e+01	8.599018e+01
276	7.912844e+00	2.657476e+03	4.569359e+02	4.722106e+02	7.999374e+01	4.229836e+01	8.826963e+01
277	7.941514e+00	2.656834e+03	4.564042e+02	4.712549e+02	8.004348e+01	4.226186e+01	9.031200e+01
278	7.970183e+00	2.659823e+03	4.561929e+02	4.702589e+02	8.029511e+01	4.217680e+01	9.251152e+01
279	7.998853e+00	2.665040e+03	4.557106e+02	4.693420e+02	7.999155e+01	4.241992e+01	9.477776e+01
280	8.027523e+00	2.667332e+03	4.555255e+02	4.684176e+02	8.002815e+01	4.243697e+01	9.703184e+01
281	8.056193e+00	2.673081e+03	4.550488e+02	4.674548e+02	7.976132e+01	4.267072e+01	9.867029e+01
282	8.084862e+00	2.664316e+03	4.548291e+02	4.666656e+02	7.973399e+01	4.254538e+01	1.005977e+02
283	8.113532e+00	2.674190e+03	4.545626e+02	4.656597e+02	8.001774e+01	4.255163e+01	1.027908e+02
284	8.142202e+00	2.664450e+03	4.544098e+02	4.646221e+02	7.966525e+01	4.258422e+01	1.047285e+02
285	8.170872e+00	2.660234e+03	4.541210e+02	4.636624e+02	7.984029e+01	4.242363e+01	1.069326e+02
286	8.199541e+00	2.669520e+03	4.542161e+02	4.627949e+02	7.969091e+01	4.265152e+01	1.091307e+02
287	8.228211e+00	2.667655e+03	4.542960e+02	4.617059e+02	7.950397e+01	4.272195e+01	1.109635e+02
288	8.256881e+00	2.659009e+03	4.541355e+02	4.607660e+02	7.921883e+01	4.273675e+01	1.130416e+02
289	8.285550e+00	2.677798e+03	4.540570e+02	4.596402e+02	7.965547e+01	4.280282e+01	1.156137e+02
290	8.314220e+00	2.673066e+03	4.543460e+02	4.586863e+02	7.953688e+01	4.279089e+01	1.174826e+02
291	8.342890e+00	2.669293e+03	4.544851e+02	4.577342e+02	7.927670e+01	4.287073e+01	1.200426e+02
292	8.371560e+00	2.659783e+03	4.547438e+02	4.569004e+02	7.933148e+01	4.268850e+01	1.221782e+02
293	8.400229e+00	2.687165e+03	4.547980e+02	4.558510e+02	7.953319e+01	4.301857e+01	1.245394e+02
294	8.428899e+00	2.683123e+03	4.552257e+02	4.549785e+02	7.957782e+01	4.292978e+01	1.270109e+02
295	8.457569e+00	2.679210e+03	4.555553e+02	4.540045e+02	7.926271e+01	4.303760e+01	1.294832e+02
296	8.486239e+00	2.688900e+03	4.559037e+02	4.531041e+02	7.925799e+01	4.319582e+01	1.317257e+02
297	8.514908e+00	2.681287e+03	4.562599e+02	4.521947e+02	7.896024e+01	4.323594e+01	1.341338e+02
298	8.543578e+00	2.680638e+03	4.566913e+02	4.512982e+02	7.886277e+01	4.327890e+01	1.366227e+02
299	8.572248e+00	2.687000e+03	4.572817e+02	4.504554e+02	7.946384e+01	4.305347e+01	1.393133e+02
300	8.600917e+00	2.708071e+03	4.576773e+02	4.496722e+02	7.862138e+01	4.385604e+01	1.415737e+02
301	8.629587e+00	2.697506e+03	4.586128e+02	4.489604e+02	7.925924e+01	4.333339e+01	1.445736e+02
302	8.658257e+00	2.681956e+03	4.592056e+02	4.482351e+02	7.885532e+01	4.330428e+01	1.472495e+02
303	8.686927e+00	2.697102e+03	4.600130e+02	4.475405e+02	7.909999e+01	4.341413e+01	1.500777e+02
304	8.715596e+00	2.675177e+03	4.609062e+02	4.470431e+02	7.887718e+01	4.318284e+01	1.529046e+02
305	8.744266e+00	2.689351e+03	4.616241e+02	4.464126e+02	7.906275e+01	4.330975e+01	1.551844e+02
306	8.772936e+00	2.682611e+03	4.622379e+02	4.457077e+02	7.913638e+01	4.316102e+01	1.573031e+02
307	8.801606e+00	2.675098e+03	4.630629e+02	4.452238e+02	7.884948e+01	4.319674e+01	1.603533e+02
308	8.830275e+00	2.691737e+03	4.638336e+02	4.446739e+02	7.912138e+01	4.331605e+01	1.619868e+02
309	8.858945e+00	2.689251e+03	4.646688e+02	4.442038e+02	7.890460e+01	4.339494e+01	1.645487e+02
310	8.887615e+00	2.687744e+03	4.655540e+02	4.437881e+02	7.914707e+01	4.323776e+01	1.672352e+02
311	8.916284e+00	2.694126e+03	4.664872e+02	4.434576e+02	7.898333e+01	4.343027e+01	1.696464e+02
312	8.944954e+00	2.683190e+03	4.673634e+02	4.431182e+02	7.934598e+01	4.305629e+01	1.725027e+02
313	8.973624e+00	2.688530e+03	4.681850e+02	4.426057e+02	7.898379e+01	4.333981e+01	1.748118e+02
314	9.002294e+00	2.681537e+03	4.691927e+02	4.426886e+02	7.892529e+01	4.325913e+01	1.773630e+02
315	9.030963e+00	2.699055e+03	4.700901e+02	4.425118e+02	7.916362e+01	4.341063e+01	4.658853e-01
316	9.059633e+00	2.692262e+03	4.710883e+02	4.421937e+02	7.900379e+01	4.338899e+01	3.075045e+00
317	9.088303e+00	2.699419e+03	4.720243e+02	4.423217e+02	7.901318e+01	4.349915e+01	6.109770e+00
318	9.116972e+00	2.684963e+03	4.728965e+02	4.423065e+02	7.888065e+01	4.333890e+01	8.147515e+00
319	9.145642e+00	2.690506e+03	4.739962e+02	4.422138e+02	7.906390e+01	4.332772e+01	1.087559e+01
320	9.174312e+00	2.701912e+03	4.748865e+02	4.424243e+02	7.892191e+01	4.358968e+01	1.366912e+01
321	9.202982e+00	2.691943e+03	4.759977e+02	4.424940e+02	7.899100e+01	4.339087e+01	1.624063e+01
322	9.231651e+00	2.680650e+03	4.769036e+02	4.427792e+02	7.884348e+01	4.328969e+01	1.901125e+01
323	9.260321e+00	2.725467e+03	4.776135e+02	4.430125e+02	7.904836e+01	4.389936e+01	2.238409e+01
324	9.288991e+00	2.683635e+03	4.787669e+02	4.432479e+02	7.886096e+01	4.332829e+01	2.404598e+01
325	9.317661e+00	2.686139e+03	4.798014e+02	4.434555e+02	7.884572e+01	4.337710e+01	2.702136e+01
326	9.346330e+00	2.688739e+03	4.807994e+02	4.437517e+02	7.927432e+01	4.318433e+01	3.012648e+01
327	9.375000e+00	2.688677e+03	4.816460e+02	4.442236e+02	7.908533e+01	4.328653e+01	3.261790e+01
328	9.403670e+00	2.682127e+03	4.826705e+02	4.445850e+02	7.920693e+01	4.311478e+01	3.512407e+01
329	9.432339e+00	2.687905e+03	4.836271e+02	4.449848e+02	7.908893e+01	4.327214e+01	3.790321e+01
330	9.461009e+00	2.672683e+03	4.845005e+02	4.455673e+02	7.893765e+01	4.310954e+01	4.028502e+01
331	9.489679e+00	2.673370e+03	4.852361e+02	4.462164e+02	7.887639e+01	4.315411e+01	4.342698e+01
332	9.518349e+00	2.670568e+03	4.861283e+02	4.467188e+02	7.881236e+01	4.314391e+01	4.589095e+01
333	9.547018e+00	2.669515e+03	4.869161e+02	4.472603e+02	7.881210e+01	4.312703e+01	4.903257e+01
334	9.575688e+00	2.664953e+03	4.875257e+02	4.479562e+02	7.855763e+01	4.319279e+01	5.185103e+01
335	9.604358e+00	2.661748e+03	4.883174e+02	4.484390e+02	7.871577e+01	4.305418e+01	5.480154e+01
336	9.633028e+00	2.676823e+03	4.891227e+02	4.490899e+02	7.905444e+01	4.311254e+01	5.749699e+01
337	9.661697e+00	2.662876e+03	4.897115e+02	4.499726e+02	7.918848e+01	4.281530e+01	6.023507e+01
338	9.690367e+00	2.669097e+03	4.902530e+02	4.508149e+02	7.946791e+01	4.276443e+01	6.330822e+01
339	9.719037e+00	2.662322e+03	4.910135e+02	4.515743e+02	7.956247e+01	4.260519e+01	6.601797e+01
340	9.747706e+00	2.651327e+03	4.915170e+02	4.524678e+02	7.924620e+01	4.259857e+01	6.874963e+01
341	9.776376e+00	2.666954e+03	4.922987e+02	4.532788e+02	7.959220e+01	4.266336e+01	7.125681e+01
342	9.805046e+00	2.652812e+03	4.928542e+02	4.541230e+02	7.945625e+01	4.250975e+01	7.356480e+01
343	9.833716e+00	2.652504e+03	4.932931e+02	4.550092e+02	7.965757e+01	4.239740e+01	7.609620e+01
344	9.862385e+00	2.646474e+03	4.938220e+02	4.560563e+02	7.933222e+01	4.247449e+01	7.901942e+01
345	9.891055e+00	2.657985e+03	4.945256e+02	4.569187e+02	7.946204e+01	4.258953e+01	8.113734e+01
346	9.919725e+00	2.642528e+03	4.949646e+02	4.579371e+02	7.971671e+01	4.220659e+01	8.319908e+01
347	9.948394e+00	2.651025e+03	4.954642e+02	4.589554e+02	7.981121e+01	4.229218e+01	8.563850e+01
348	9.977064e+00	2.652427e+03	4.959628e+02	4.599765e+02	7.965912e+01	4.239533e+01	8.736252e+01
349	1.000573e+01	2.661135e+03	4.966251e+02	4.609729e+02	7.991395e+01	4.239888e+01	8.958870e+01
350	1.003440e+01	2.651338e+03	4.970132e+02	4.619712e+02	7.992995e+01	4.223434e+01	9.171147e+01
351	1.006307e+01	2.653297e+03	4.973587e+02	4.629647e+02	7.996523e+01	4.224689e+01	9.347764e+01
352	1.009174e+01	2.654959e+03	4.977677e+02	4.641029e+02	7.993353e+01	4.229012e+01	9.583185e+01
353	1.012041e+01	2.648597e+03	4.978540e+02	4.651375e+02	7.979286e+01	4.226317e+01	9.804888e+01
354	1.014908e+01	2.651529e+03	4.981575e+02	4.662196e+02	7.985902e+01	4.227490e+01	1.003057e+02
355	1.017775e+01	2.664466e+03	4.982277e+02	4.672178e+02	8.000343e+01	4.240448e+01	1.025777e+02
356	1.020642e+01	2.651200e+03	4.985750e+02	4.682569e+02	7.949485e+01	4.246329e+01	1.042095e+02
357	1.023509e+01	2.663199e+03	4.989396e+02	4.692931e+02	7.957131e+01	4.261448e+01	1.063810e+02
358	1.026376e+01	2.646161e+03	4.990419e+02	4.703334e+02	7.949090e+01	4.238468e+01	1.081071e+02
359	1.029243e+01	2.652803e+03	4.990884e+02	4.713950e+02	7.972357e+01	4.236707e+01	1.104883e+02
360	1.032110e+01	2.643354e+03	4.990197e+02	4.724966e+02	7.937209e+01	4.240310e+01	1.124535e+02
361	1.034977e+01	2.652067e+03	4.991148e+02	4.734486e+02	7.951329e+01	4.246732e+01	1.145031e+02
362	1.037844e+01	2.653760e+03	4.991962e+02	4.746106e+02	7.931308e+01	4.260170e+01	1.166895e+02
363	1.040711e+01	2.646582e+03	4.988683e+02	4.755975e+02	7.929570e+01	4.249578e+01	1.188306e+02
364	1.043578e+01	2.660170e+03	4.990769e+02	4.767960e+02	7.929095e+01	4.271651e+01	1.206842e+02
365	1.046445e+01	2.665861e+03	4.989943e+02	4.777948e+02	7.921565e+01	4.284861e+01	1.222409e+02
366	1.049312e+01	2.663135e+03	4.987171e+02	4.787735e+02	7.893015e+01	4.295962e+01	1.244610e+02
367	1.052179e+01	2.661028e+03	4.986552e+02	4.798412e+02	7.896297e+01	4.290778e+01	1.265871e+02
368	1.055046e+01	2.659116e+03	4.983356e+02	4.809179e+02	7.881300e+01	4.295854e+01	1.289069e+02
369	1.057913e+01	2.666678e+03	4.980506e+02	4.818959e+02	7.893816e+01	4.301241e+01	1.307587e+02
370	1.060780e+01	2.668981e+03	4.978618e+02	4.829412e+02	7.907965e+01	4.297252e+01	1.334032e+02
371	1.063647e+01	2.665690e+03	4.974045e+02	4.838955e+02	7.893922e+01	4.299589e+01	1.354501e+02
372	1.066514e+01	2.651570e+03	4.968227e+02	4.846703e+02	7.842912e+01	4.304630e+01	1.380019e+02
373	1.069381e+01	2.657386e+03	4.967437e+02	4.858435e+02	7.847073e+01	4.311784e+01	1.399555e+02
374	1.072248e+01	2.661886e+03	4.965171e+02	4.867130e+02	7.871125e+01	4.305888e+01	1.415849e+02
375	1.075115e+01	2.668850e+03	4.960520e+02	4.875576e+02	7.880500e+01	4.312017e+01	1.436309e+02
376	1.077982e+01	2.662369e+03	4.956871e+02	4.884427e+02	7.842777e+01	4.322236e+01	1.453277e+02
377	1.080849e+01	2.667732e+03	4.951304e+02	4.893959e+02	7.864398e+01	4.319036e+01	1.479495e+02
378	1.083716e+01	2.662177e+03	4.945390e+02	4.901581e+02	7.853484e+01	4.316032e+01	1.502184e+02
379	1.086583e+01	2.660169e+03	4.938903e+02	4.909895e+02	7.871370e+01	4.302978e+01	1.530363e+02
380	1.089450e+01	2.662197e+03	4.933417e+02	4.918113e+02	7.847610e+01	4.319296e+01	1.548952e+02
381	1.092317e+01	2.667582e+03	4.928431e+02	4.927667e+02	7.876231e+01	4.312305e+01	1.565758e+02
382	1.095183e+01	2.665389e+03	4.922860e+02	4.934326e+02	7.863191e+01	4.315906e+01	1.584523e+02
383	1.098050e+01	2.670494e+03	4.916781e+02	4.941718e+02	7.875429e+01	4.317452e+01	1.605405e+02
384	1.100917e+01	2.683967e+03	4.910111e+02	4.947491e+02	7.921915e+01	4.313772e+01	1.624598e+02
385	1.103784e+01	2.673129e+03	4.904207e+02	4.956719e+02	7.908109e+01	4.303852e+01	1.644775e+02
386	1.106651e+01	2.693362e+03	4.896257e+02	4.962363e+02	7.926923e+01	4.326136e+01	1.667514e+02
387	1.109518e+01	2.678341e+03	4.888333e+02	4.966294e+02	7.903000e+01	4.315033e+01	1.694024e+02
388	1.112385e+01	2.672483e+03	4.881074e+02	4.971566e+02	7.878094e+01	4.319206e+01	1.714191e+02
389	1.115252e+01	2.688097e+03	4.873591e+02	4.977302e+02	7.911932e+01	4.325861e+01	1.738282e+02
390	1.118119e+01	2.678605e+03	4.866463e+02	4.982288e+02	7.896750e+01	4.318873e+01	1.756303e+02
391	1.120986e+01	2.683153e+03	4.858351e+02	4.987429e+02	7.900964e+01	4.323898e+01	1.777007e+02
392	1.123853e+01	2.670263e+03	4.850849e+02	4.992128e+02	7.887217e+01	4.310626e+01	1.797620e+02
393	1.126720e+01	2.676147e+03	4.844893e+02	4.997724e+02	7.902432e+01	4.311807e+01	1.378473e+00
394	1.129587e+01	2.669647e+03	4.836088e+02	5.002172e+02	7.850133e+01	4.329991e+01	3.295602e+00
395	1.132454e+01	2.679757e+03	4.827982e+02	5.005956e+02	7.850797e+01	4.346021e+01	5.485978e+00
396	1.135321e+01	2.671694e+03	4.820101e+02	5.011125e+02	7.857681e+01	4.329148e+01	7.305388e+00
397	1.138188e+01	2.686393e+03	4.811227e+02	5.012936e+02	7.888705e+01	4.335848e+01	8.977347e+00
398	1.141055e+01	2.681722e+03	4.803501e+02	5.014664e+02	7.871307e+01	4.337876e+01	1.151044e+01
399	1.143922e+01	2.680685e+03	4.793148e+02	5.017406e+02	7.880099e+01	4.331360e+01	1.382532e+01
400	1.146789e+01	2.666637e+03	4.783817e+02	5.019681e+02	7.844781e+01	4.328059e+01	1.611199e+01
401	1.149656e+01	2.671968e+03	4.774047e+02	5.020787e+02	7.876466e+01	4.319265e+01	1.822099e+01
402	1.152523e+01	2.682057e+03	4.765195e+02	5.020989e+02	7.888623e+01	4.328894e+01	2.099410e+01
403	1.155390e+01	2.685995e+03	4.756059e+02	5.024127e+02	7.903291e+01	4.327205e+01	2.322511e+01
404	1.158257e+01	2.686628e+03	4.747037e+02	5.023480e+02	7.884100e+01	4.338759e+01	2.583783e+01
405	1.161124e+01	2.668530e+03	4.738058e+02	5.021179e+02	7.856948e+01	4.324425e+01	2.811831e+01
406	1.163991e+01	2.680713e+03	4.728567e+02	5.020191e+02	7.892113e+01	4.324810e+01	3.078451e+01
407	1.166858e+01	2.682009e+03	4.719261e+02	5.017577e+02	7.876955e+01	4.335229e+01	3.350555e+01
408	1.169725e+01	2.675276e+03	4.710612e+02	5.014657e+02	7.882865e+01	4.321103e+01	3.634480e+01
409	1.172592e+01	2.683544e+03	4.701367e+02	5.012199e+02	7.920737e+01	4.313732e+01	3.900650e+01
410	1.175459e+01	2.693668e+03	4.692614e+02	5.008511e+02	7.920229e+01	4.330285e+01	4.140900e+01
411	1.178326e+01	2.678783e+03	4.684851e+02	5.005408e+02	7.892960e+01	4.321234e+01	4.381426e+01
412	1.181193e+01	2.687928e+03	4.674151e+02	5.002850e+02	7.890606e+01	4.337279e+01	4.705130e+01
413	1.184060e+01	2.688200e+03	4.666535e+02	4.998397e+02	7.915417e+01	4.324121e+01	4.931240e+01
414	1.186927e+01	2.674200e+03	4.657290e+02	4.994020e+02	7.899481e+01	4.310280e+01	5.199111e+01
415	1.189794e+01	2.681284e+03	4.647816e+02	4.989499e+02	7.903578e+01	4.319456e+01	5.443810e+01
416	1.192661e+01	2.671101e+03	4.640255e+02	4.983344e+02	7.908667e+01	4.300284e+01	5.679433e+01
417	1.195528e+01	2.676701e+03	4.631839e+02	4.977401e+02	7.948831e+01	4.287526e+01	5.946796e+01
418	1.198394e+01	2.673377e+03	4.623127e+02	4.971560e+02	7.907402e+01	4.304636e+01	6.189511e+01
419	1.201261e+01	2.664755e+03	4.615624e+02	4.963682e+02	7.969702e+01	4.257213e+01	6.440794e+01
420	1.204128e+01	2.675844e+03	4.607648e+02	4.957839e+02	7.965253e+01	4.277316e+01	6.693419e+01
421	1.206995e+01	2.664538e+03	4.601880e+02	4.950587e+02	7.952197e+01	4.266237e+01	6.978957e+01
422	1.209862e+01	2.666023e+03	4.594377e+02	4.943914e+02	7.979224e+01	4.254156e+01	7.228726e+01
423	1.212729e+01	2.669249e+03	4.587452e+02	4.936396e+02	7.978531e+01	4.259673e+01	7.424337e+01
424	1.215596e+01	2.669068e+03	4.581227e+02	4.928334e+02	7.982766e+01	4.257125e+01	7.663966e+01
425	1.218463e+01	2.663754e+03	4.574789e+02	4.919916e+02	7.952303e+01	4.264925e+01	7.886028e+01
426	1.221330e+01	2.665500e+03	4.569381e+02	4.912272e+02	7.996510e+01	4.244127e+01	8.129186e+01
427	1.224197e+01	2.656895e+03	4.563654e+02	4.904010e+02	8.001467e+01	4.227804e+01	8.321371e+01
428	1.227064e+01	2.665336e+03	4.558029e+02	4.894827e+02	7.983854e+01	4.250593e+01	8.578374e+01
429	1.229931e+01	2.662934e+03	4.552432e+02	4.886975e+02	7.978375e+01	4.249679e+01	8.772762e+01
430	1.232798e+01	2.660018e+03	4.546889e+02	4.878709e+02	7.997044e+01	4.235115e+01	8.970724e+01
431	1.235665e+01	2.667313e+03	4.541605e+02	4.870341e+02	8.016476e+01	4.236436e+01	9.216093e+01
432	1.238532e+01	2.670657e+03	4.538536e+02	4.859980e+02	8.045445e+01	4.226474e+01	9.436745e+01
433	1.241399e+01	2.669913e+03	4.535724e+02	4.850709e+02	8.025327e+01	4.235888e+01	9.698277e+01
434	1.244266e+01	2.658361e+03	4.533942e+02	4.841551e+02	8.008001e+01	4.226686e+01	9.906931e+01
435	1.247133e+01	2.645179e+03	4.533371e+02	4.831360e+02	7.961729e+01	4.230170e+01	1.011432e+02
436	1.250000e+01	2.655625e+03	4.531393e+02	4.821328e+02	7.971265e+01	4.241794e+01	1.032402e+02
437	1.252867e+01	2.659118e+03	4.530903e+02	4.811011e+02	7.997192e+01	4.233605e+01	1.057728e+02
438	1.255734e+01	2.651300e+03	4.530087e+02	4.800678e+02	7.944942e+01	4.248917e+01	1.078208e+02
439	1.258601e+01	2.662685e+03	4.528835e+02	4.790754e+02	7.960526e+01	4.258809e+01	1.103148e+02
440	1.261468e+01	2.663294e+03	4.529256e+02	4.781161e+02	7.936750e+01	4.272543e+01	1.125297e+02
441	1.264335e+01	2.667785e+03	4.531093e+02	4.770440e+02	7.954369e+01	4.270268e+01	1.154972e+02
442	1.267202e+01	2.674471e+03	4.533795e+02	4.761769e+02	7.962339e+01	4.276686e+01	1.179184e+02
443	1.270069e+01	2.669597e+03	4.534022e+02	4.749786e+02	7.952519e+01	4.274163e+01	1.202427e+02
444	1.272936e+01	2.657734e+03	4.538987e+02	4.741492e+02	7.919844e+01	4.272726e+01	1.223873e+02
445	1.275803e+01	2.673853e+03	4.542332e+02	4.732139e+02	7.929126e+01	4.293607e+01	1.250476e+02
446	1.278670e+01	2.680155e+03	4.544708e+02	4.722090e+02	7.940216e+01	4.297715e+01	1.278732e+02
447	1.281537e+01	2.665037e+03	4.546191e+02	4.712773e+02	7.900782e+01	4.294804e+01	1.301575e+02
448	1.284404e+01	2.675416e+03	4.549506e+02	4.704108e+02	7.934681e+01	4.293110e+01	1.323997e+02
449	1.287271e+01	2.671619e+03	4.552314e+02	4.695436e+02	7.887638e+01	4.312585e+01	1.345134e+02
450	1.290138e+01	2.675817e+03	4.557270e+02	4.687493e+02	7.920866e+01	4.301241e+01	1.366301e+02
451	1.293005e+01	2.683033e+03	4.561719e+02	4.679379e+02	7.922777e+01	4.311801e+01	1.393945e+02
452	1.295872e+01	2.678425e+03	4.568629e+02	4.672113e+02	7.913533e+01	4.309424e+01	1.418884e+02
453	1.298739e+01	2.681301e+03	4.574618e+02	4.663821e+02	7.899136e+01	4.321914e+01	1.443882e+02
454	1.301606e+01	2.684882e+03	4.577800e+02	4.654716e+02	7.917493e+01	4.317652e+01	1.465750e+02
455	1.304472e+01	2.681695e+03	4.584144e+02	4.647996e+02	7.901189e+01	4.321426e+01	1.486137e+02
456	1.307339e+01	2.696477e+03	4.590506e+02	4.640190e+02	7.925684e+01	4.331816e+01	1.511829e+02
457	1.310206e+01	2.688049e+03	4.598644e+02	4.634336e+02	7.907742e+01	4.328076e+01	1.540542e+02
458	1.313073e+01	2.681795e+03	4.606547e+02	4.629808e+02	7.895496e+01	4.324704e+01	1.564530e+02
459	1.315940e+01	2.688053e+03	4.612982e+02	4.621579e+02	7.876156e+01	4.345439e+01	1.589516e+02
460	1.318807e+01	2.681807e+03	4.620760e+02	4.616491e+02	7.875736e+01	4.335573e+01	1.610254e+02
461	1.321674e+01	2.675060e+03	4.629344e+02	4.612990e+02	7.884518e+01	4.319849e+01	1.634984e+02
462	1.324541e+01	2.693798e+03	4.638156e+02	4.607428e+02	7.861687e+01	4.362741e+01	1.656992e+02
463	1.327408e+01	2.696093e+03	4.645727e+02	4.602195e+02	7.895303e+01	4.347866e+01	1.685151e+02
464	1.330275e+01	2.681752e+03	4.654672e+02	4.599715e+02	7.894082e+01	4.325409e+01	1.708744e+02
465	1.333142e+01	2.684020e+03	4.664092e+02	4.596389e+02	7.902457e+01	4.324479e+01	1.736144e+02
466	1.336009e+01	2.688770e+03	4.673165e+02	4.595327e+02	7.920374e+01	4.322332e+01	1.757823e+02
467	1.338876e+01	2.683022e+03	4.682764e+02	4.595528e+02	7.906672e+01	4.320566e+01	1.785617e+02
468	1.341743e+01	2.697496e+03	4.691284e+02	4.594719e+02	7.883803e+01	4.356475e+01	1.357335e+00
469	1.344610e+01	2.684828e+03	4.701976e+02	4.592749e+02	7.892237e+01	4.331382e+01	3.982525e+00
470	1.347477e+01	2.700480e+03	4.710580e+02	4.590990e+02	7.914259e+01	4.344510e+01	6.925622e+00
471	1.350344e+01	2.687873e+03	4.720403e+02	4.590494e+02	7.896391e+01	4.334013e+01	9.337769e+00
472	1.353211e+01	2.695298e+03	4.730055e+02	4.590756e+02	7.914196e+01	4.336208e+01	1.175113e+01
473	1.356078e+01	2.676956e+03	4.739274e+02	4.591692e+02	7.872283e+01	4.329629e+01	1.420875e+01
474	1.358945e+01	2.700519e+03	4.749193e+02	4.592766e+02	7.929130e+01	4.336425e+01	1.694173e+01
475	1.361812e+01	2.682180e+03	4.759011e+02	4.593019e+02	7.918938e+01	4.312519e+01	1.934336e+01
476	1.364679e+01	2.688993e+03	4.768128e+02	4.594577e+02	7.911262e+01	4.327669e+01	2.233060e+01
477	1.367546e+01	2.685314e+03	4.777578e+02	4.596820e+02	7.889570e+01	4.333631e+01	2.498454e+01
478	1.370413e+01	2.683292e+03	4.786241e+02	4.600083e+02	7.915363e+01	4.316256e+01	2.758273e+01
479	1.373280e+01	2.678574e+03	4.796591e+02	4.602670e+02	7.897750e+01	4.318276e+01	3.075804e+01
480	1.376147e+01	2.672701e+03	4.804996e+02	4.607032e+02	7.868324e+01	4.324922e+01	3.318224e+01
481	1.379014e+01	2.679985e+03	4.814271e+02	4.610475e+02	7.890954e+01	4.324272e+01	3.593112e+01
482	1.381881e+01	2.684162e+03	4.822889e+02	4.616241e+02	7.910011e+01	4.320577e+01	3.867701e+01
483	1.384748e+01	2.684093e+03	4.831460e+02	4.621191e+02	7.910965e+01	4.319945e+01	4.139960e+01
484	1.387615e+01	2.674508e+03	4.839030e+02	4.627328e+02	7.876067e+01	4.323592e+01	4.429683e+01
485	1.390482e+01	2.689456e+03	4.847251e+02	4.633173e+02	7.926980e+01	4.319832e+01	4.680988e+01
486	1.393349e+01	2.675668e+03	4.855377e+02	4.640021e+02	7.890780e+01	4.317401e+01	5.013802e+01
487	1.396216e+01	2.669109e+03	4.862299e+02	4.645970e+02	7.882962e+01	4.311090e+01	5.239867e+01
488	1.399083e+01	2.676409e+03	4.869730e+02	4.652896e+02	7.907900e+01	4.309248e+01	5.532577e+01
489	1.401950e+01	2.668000e+03	4.877669e+02	4.660650e+02	7.920704e+01	4.288765e+01	5.838626e+01
490	1.404817e+01	2.675467e+03	4.884442e+02	4.667619e+02	7.952942e+01	4.283333e+01	6.113123e+01
491	1.407683e+01	2.675052e+03	4.891244e+02	4.675721e+02	7.938746e+01	4.290327e+01	6.386194e+01
492	1.410550e+01	2.671095e+03	4.896145e+02	4.684183e+02	7.945373e+01	4.280408e+01	6.639587e+01
493	1.413417e+01	2.668402e+03	4.904205e+02	4.693040e+02	7.934521e+01	4.281940e+01	6.878190e+01
494	1.416284e+01	2.666192e+03	4.910977e+02	4.701047e+02	7.949234e+01	4.270477e+01	7.109235e+01
495	1.419151e+01	2.650526e+03	4.913623e+02	4.710539e+02	7.922470e+01	4.259725e+01	7.369740e+01
496	1.422018e+01	2.669557e+03	4.922626e+02	4.719048e+02	7.974146e+01	4.262508e+01	7.593126e+01
497	1.424885e+01	2.655408e+03	4.927839e+02	4.729057e+02	7.977306e+01	4.238236e+01	7.847512e+01
498	1.427752e+01	2.669586e+03	4.933623e+02	4.739132e+02	7.996276e+01	4.250756e+01	8.086275e+01
499	1.430619e+01	2.649658e+03	4.939727e+02	4.746837e+02	7.963193e+01	4.236553e+01	8.269168e+01
500	1.433486e+01	2.659907e+03	4.945881e+02	4.757159e+02	7.978166e+01	4.244959e+01	8.456903e+01
501	1.436353e+01	2.655021e+03	4.951677e+02	4.767691e+02	7.989375e+01	4.231216e+01	8.681506e+01
502	1.439220e+01	2.661155e+03	4.955558e+02	4.776270e+02	7.982025e+01	4.244897e+01	8.895363e+01
503	1.442087e+01	2.650731e+03	4.958113e+02	4.787188e+02	7.962674e+01	4.238545e+01	9.107919e+01
504	1.444954e+01	2.654845e+03	4.962816e+02	4.796034e+02	7.980197e+01	4.235802e+01	9.375675e+01
505	1.447821e+01	2.650823e+03	4.965063e+02	4.805422e+02	7.976757e+01	4.231208e+01	9.561881e+01
506	1.450688e+01	2.664056e+03	4.966709e+02	4.815982e+02	7.990327e+01	4.245110e+01	9.799887e+01
507	1.453555e+01	2.654776e+03	4.971227e+02	4.827400e+02	7.980888e+01	4.235325e+01	1.001245e+02
508	1.456422e+01	2.647361e+03	4.970382e+02	4.837186e+02	7.976017e+01	4.226075e+01	1.020467e+02
509	1.459289e+01	2.656619e+03	4.971430e+02	4.846418e+02	7.991380e+01	4.232701e+01	1.045422e+02
510	1.462156e+01	2.661231e+03	4.973311e+02	4.858668e+02	8.000286e+01	4.235329e+01	1.067116e+02
511	1.465023e+01	2.653116e+03	4.975013e+02	4.868461e+02	7.950619e+01	4.248791e+01	1.089425e+02
512	1.467890e+01	2.656569e+03	4.975997e+02	4.879296e+02	7.947953e+01	4.255748e+01	1.109264e+02
513	1.470757e+01	2.647504e+03	4.977851e+02	4.889622e+02	7.920316e+01	4.256025e+01	1.128164e+02
514	1.473624e+01	2.659642e+03	4.977361e+02	4.900835e+02	7.960426e+01	4.253996e+01	1.148162e+02
515	1.476491e+01	2.643303e+03	4.977177e+02	4.910067e+02	7.900066e+01	4.260164e+01	1.173462e+02
516	1.479358e+01	2.669989e+03	4.976266e+02	4.920987e+02	7.959871e+01	4.270842e+01	1.198520e+02
517	1.482225e+01	2.673152e+03	4.973291e+02	4.930439e+02	7.942732e+01	4.285128e+01	1.214667e+02
518	1.485092e+01	2.671911e+03	4.973530e+02	4.941626e+02	7.932478e+01	4.288676e+01	1.237013e+02
519	1.487959e+01	2.667794e+03	4.974772e+02	4.951497e+02	7.929095e+01	4.283895e+01	1.257414e+02
520	1.490826e+01	2.656807e+03	4.976003e+02	4.961277e+02	7.902364e+01	4.280682e+01	1.269805e+02
521	1.493693e+01	2.674242e+03	4.974167e+02	4.972146e+02	7.934545e+01	4.291299e+01	1.286861e+02
522	1.496560e+01	2.654642e+03	4.973269e+02	4.983398e+02	7.878783e+01	4.289997e+01	1.310483e+02
523	1.499427e+01	2.657983e+03	4.969931e+02	4.991948e+02	7.891521e+01	4.288461e+01	1.328934e+02
524	1.502294e+01	2.664198e+03	4.966871e+02	5.001337e+02	7.896505e+01	4.295777e+01	1.353152e+02
525	1.505161e+01	2.681934e+03	4.962008e+02	5.009764e+02	7.885119e+01	4.330619e+01	1.377836e+02
526	1.508028e+01	2.667702e+03	4.959144e+02	5.019618e+02	7.862408e+01	4.320082e+01	1.402823e+02
527	1.510894e+01	2.668706e+03	4.955948e+02	5.027974e+02	7.858371e+01	4.323927e+01	1.420978e+02
528	1.513761e+01	2.674013e+03	4.952639e+02	5.036956e+02	7.899918e+01	4.309740e+01	1.439782e+02
529	1.516628e+01	2.648169e+03	4.949204e+02	5.046009e+02	7.836718e+01	4.302507e+01	1.461151e+02
530	1.519495e+01	2.664695e+03	4.944574e+02	5.054986e+02	7.865085e+01	4.313743e+01	1.479722e+02
531	1.522362e+01	2.664363e+03	4.938043e+02	5.062002e+02	7.860061e+01	4.315962e+01	1.505434e+02
532	1.525229e+01	2.674298e+03	4.933128e+02	5.069524e+02	7.878336e+01	4.322007e+01	1.522452e+02
533	1.528096e+01	2.667480e+03	4.927114e+02	5.077372e+02	7.857956e+01	4.322169e+01	1.544833e+02
534	1.530963e+01	2.700766e+03	4.918376e+02	5.085410e+02	7.821307e+01	4.396608e+01	1.572111e+02
535	1.533830e+01	2.658283e+03	4.913513e+02	5.092133e+02	7.826031e+01	4.324837e+01	1.590154e+02
536	1.536697e+01	2.685596e+03	4.906553e+02	5.097358e+02	7.883380e+01	4.337489e+01	1.616706e+02
537	1.539564e+01	2.662892e+03	4.898895e+02	5.102492e+02	7.839016e+01	4.325159e+01	1.639501e+02
538	1.542431e+01	2.675572e+03	4.890308e+02	5.108669e+02	7.889099e+01	4.318167e+01	1.668762e+02
539	1.545298e+01	2.677715e+03	4.882897e+02	5.113811e+02	7.873627e+01	4.330116e+01	1.688122e+02
540	1.548165e+01	2.679093e+03	4.876086e+02	5.118653e+02	7.901567e+01	4.317026e+01	1.713392e+02
541	1.551032e+01	2.675186e+03	4.867916e+02	5.123478e+02	7.883796e+01	4.320447e+01	1.734989e+02
542	1.553899e+01	2.693652e+03	4.859086e+02	5.129624e+02	7.879295e+01	4.352756e+01	1.758450e+02
543	1.556766e+01	2.674678e+03	4.852757e+02	5.136403e+02	7.849144e+01	4.338697e+01	1.778172e+02
544	1.559633e+01	2.678644e+03	4.845628e+02	5.142315e+02	7.854400e+01	4.342223e+01	1.798985e+02
545	1.562500e+01	2.674856e+03	4.836437e+02	5.147178e+02	7.848209e+01	4.339503e+01	2.142368e+00
546	1.565367e+01	2.681505e+03	4.828473e+02	5.152411e+02	7.895628e+01	4.324163e+01	4.135522e+00
547	1.568234e+01	2.664999e+03	4.820881e+02	5.156086e+02	7.818060e+01	4.340184e+01	5.920758e+00
548	1.571101e+01	2.676064e+03	4.812892e+02	5.161157e+02	7.861262e+01	4.334253e+01	7.896960e+00
549	1.573968e+01	2.671238e+03	4.805318e+02	5.162974e+02	7.839592e+01	4.338396e+01	1.023811e+01
550	1.576835e+01	2.690763e+03	4.794816e+02	5.163747e+02	7.859797e+01	4.358874e+01	1.282225e+01
551	1.579702e+01	2.674098e+03	4.786377e+02	5.164821e+02	7.845968e+01	4.339512e+01	1.517093e+01
552	1.582569e+01	2.676415e+03	4.776849e+02	5.167825e+02	7.872955e+01	4.328384e+01	1.720801e+01
553	1.585436e+01	2.689321e+03	4.768459e+02	5.168171e+02	7.893179e+01	4.338112e+01	1.968212e+01
554	1.588303e+01	2.684903e+03	4.760257e+02	5.168278e+02	7.872976e+01	4.342099e+01	2.229571e+01
555	1.591170e+01	2.683361e+03	4.750984e+02	5.168361e+02	7.870213e+01	4.341129e+01	2.478818e+01
556	1.594037e+01	2.684455e+03	4.741526e+02	5.168472e+02	7.900061e+01	4.326491e+01	2.681024e+01
557	1.596904e+01	2.688459e+03	4.731789e+02	5.168352e+02	7.880005e+01	4.343972e+01	2.921447e+01
558	1.599771e+01	2.683667e+03	4.723663e+02	5.167979e+02	7.899760e+01	4.325386e+01	3.161930e+01
559	1.602638e+01	2.683824e+03	4.713758e+02	5.167922e+02	7.891600e+01	4.330111e+01	3.417649e+01
560	1.605505e+01	2.682688e+03	4.704705e+02	5.166299e+02	7.894473e+01	4.326705e+01	3.654957e+01
561	1.608372e+01	2.719255e+03	4.691570e+02	5.164922e+02	7.945979e+01	4.357251e+01	4.028268e+01
562	1.611239e+01	2.691245e+03	4.686928e+02	5.159781e+02	7.898800e+01	4.338127e+01	4.155768e+01
563	1.614106e+01	2.679428e+03	4.678621e+02	5.155238e+02	7.871024e+01	4.334320e+01	4.455907e+01
564	1.616972e+01	2.674915e+03	4.670094e+02	5.150610e+02	7.868509e+01	4.328403e+01	4.660143e+01
565	1.619839e+01	2.686875e+03	4.661127e+02	5.146965e+02	7.906609e+01	4.326805e+01	4.899620e+01
566	1.622706e+01	2.674218e+03	4.653012e+02	5.142473e+02	7.900529e+01	4.309737e+01	5.116589e+01
567	1.625573e+01	2.680067e+03	4.644431e+02	5.137045e+02	7.922738e+01	4.307055e+01	5.388248e+01
568	1.628440e+01	2.674235e+03	4.635963e+02	5.131654e+02	7.912144e+01	4.303437e+01	5.629020e+01
569	1.631307e+01	2.678901e+03	4.628351e+02	5.126504e+02	7.922791e+01	4.305153e+01	5.852111e+01
570	1.634174e+01	2.681317e+03	4.621939e+02	5.121105e+02	7.937986e+01	4.300787e+01	6.087507e+01
571	1.637041e+01	2.692079e+03	4.611690e+02	5.115829e+02	7.972693e+01	4.299252e+01	6.323750e+01
572	1.639908e+01	2.678289e+03	4.605889e+02	5.108445e+02	7.920414e+01	4.305461e+01	6.508978e+01
573	1.642775e+01	2.689725e+03	4.596399e+02	5.104437e+02	7.986742e+01	4.287937e+01	6.706186e+01
574	1.645642e+01	2.676014e+03	4.589048e+02	5.097868e+02	7.950757e+01	4.285387e+01	6.949023e+01
575	1.648509e+01	2.672257e+03	4.582390e+02	5.089388e+02	7.947060e+01	4.281361e+01	7.216681e+01
576	1.651376e+01	2.672905e+03	4.575721e+02	5.082682e+02	7.942992e+01	4.284592e+01	7.423299e+01
577	1.654243e+01	2.652933e+03	4.569717e+02	5.075849e+02	7.948329e+01	4.249723e+01	7.644381e+01
578	1.657110e+01	2.662441e+03	4.561441e+02	5.067968e+02	7.985073e+01	4.245328e+01	7.879678e+01
579	1.659977e+01	2.673349e+03	4.556583e+02	5.060302e+02	8.010303e+01	4.249294e+01	8.101613e+01
580	1.662844e+01	2.674125e+03	4.551388e+02	5.051404e+02	7.992062e+01	4.260229e+01	8.369312e+01
581	1.665711e+01	2.663291e+03	4.547369e+02	5.041504e+02	7.997982e+01	4.239829e+01	8.626492e+01
582	1.668578e+01	2.678882e+03	4.543002e+02	5.033085e+02	8.009541e+01	4.258495e+01	8.820481e+01
583	1.671445e+01	2.682407e+03	4.538376e+02	5.025087e+02	8.003786e+01	4.267164e+01	9.053328e+01
584	1.674312e+01	2.667664e+03	4.534039e+02	5.014765e+02	8.015440e+01	4.237541e+01	9.253411e+01
585	1.677179e+01	2.665647e+03	4.529763e+02	5.006732e+02	7.983680e+01	4.251181e+01	9.466526e+01
586	1.680046e+01	2.656142e+03	4.526595e+02	4.997248e+02	7.971131e+01	4.242691e+01	9.653000e+01
587	1.682913e+01	2.664489e+03	4.522550e+02	4.988624e+02	8.014767e+01	4.232852e+01	9.878985e+01
588	1.685780e+01	2.651363e+03	4.521767e+02	4.980102e+02	7.980236e+01	4.230226e+01	1.009086e+02
589	1.688647e+01	2.659292e+03	4.518829e+02	4.968328e+02	7.996300e+01	4.234352e+01	1.034719e+02
590	1.691514e+01	2.657917e+03	4.516216e+02	4.958726e+02	7.976335e+01	4.242756e+01	1.056613e+02
591	1.694381e+01	2.664425e+03	4.514636e+02	4.948058e+02	7.979630e+01	4.251390e+01	1.076443e+02
592	1.697248e+01	2.660029e+03	4.514951e+02	4.938651e+02	7.966104e+01	4.251582e+01	1.099610e+02
593	1.700115e+01	2.668734e+03	4.515607e+02	4.929807e+02	7.978509e+01	4.258863e+01	1.128345e+02
594	1.702982e+01	2.665135e+03	4.517607e+02	4.920591e+02	7.960834e+01	4.262563e+01	1.151184e+02
595	1.705849e+01	2.655708e+03	4.517178e+02	4.909347e+02	7.934607e+01	4.261525e+01	1.170895e+02
596	1.708716e+01	2.654451e+03	4.518089e+02	4.899819e+02	7.917812e+01	4.268542e+01	1.195725e+02
597	1.711583e+01	2.702870e+03	4.514646e+02	4.889325e+02	8.029961e+01	4.285701e+01	1.206887e+02
598	1.714450e+01	2.681783e+03	4.519617e+02	4.879837e+02	7.948220e+01	4.295996e+01	1.237969e+02
599	1.717317e+01	2.679802e+03	4.521544e+02	4.870233e+02	7.945181e+01	4.294464e+01	1.265016e+02
600	1.720183e+01	2.673116e+03	4.524911e+02	4.860117e+02	7.920547e+01	4.297073e+01	1.292316e+02
601	1.723050e+01	2.700882e+03	4.527109e+02	4.850956e+02	7.953724e+01	4.323597e+01	1.308114e+02
602	1.725917e+01	2.682299e+03	4.532914e+02	4.842672e+02	7.942902e+01	4.299699e+01	1.333927e+02
603	1.728784e+01	2.693412e+03	4.534208e+02	4.831352e+02	7.933639e+01	4.322555e+01	1.360465e+02
604	1.731651e+01	2.676304e+03	4.541522e+02	4.825071e+02	7.895940e+01	4.315605e+01	1.384514e+02
605	1.734518e+01	2.686187e+03	4.546002e+02	4.816170e+02	7.913882e+01	4.321722e+01	1.406520e+02
606	1.737385e+01	2.702969e+03	4.551478e+02	4.808151e+02	7.934035e+01	4.337677e+01	1.431827e+02
607	1.740252e+01	2.695389e+03	4.558194e+02	4.800995e+02	7.936408e+01	4.324218e+01	1.457084e+02
608	1.743119e+01	2.677867e+03	4.564567e+02	4.794514e+02	7.917983e+01	4.306104e+01	1.479081e+02
609	1.745986e+01	2.681975e+03	4.569948e+02	4.787494e+02	7.885114e+01	4.330688e+01	1.504045e+02
610	1.748853e+01	2.683677e+03	4.578130e+02	4.781022e+02	7.894616e+01	4.328220e+01	1.532867e+02
611	1.751720e+01	2.685806e+03	4.585891e+02	4.774637e+02	7.913093e+01	4.321540e+01	1.554212e+02
612	1.754587e+01	2.694798e+03	4.594452e+02	4.771748e+02	7.892690e+01	4.347217e+01	1.586524e+02
613	1.757454e+01	2.676568e+03	4.602332e+02	4.765172e+02	7.895364e+01	4.316346e+01	1.607428e+02
614	1.760321e+01	2.673051e+03	4.611042e+02	4.760114e+02	7.899067e+01	4.308654e+01	1.635604e+02
615	1.763188e+01	2.688578e+03	4.620508e+02	4.756298e+02	7.905605e+01	4.330098e+01	1.657162e+02
616	1.766055e+01	2.692170e+03	4.628813e+02	4.751371e+02	7.917937e+01	4.329129e+01	1.686288e+02
617	1.768922e+01	2.683169e+03	4.637661e+02	4.748297e+02	7.866748e+01	4.342730e+01	1.714741e+02
618	1.771789e+01	2.673778e+03	4.645648e+02	4.746166e+02	7.903076e+01	4.307638e+01	1.741348e+02
619	1.774656e+01	2.697758e+03	4.654883e+02	4.742622e+02	7.893842e+01	4.351357e+01	1.768996e+02
620	1.777523e+01	2.696299e+03	4.664218e+02	4.738658e+02	7.930803e+01	4.328736e+01	1.794563e+02
621	1.780390e+01	2.691609e+03	4.674182e+02	4.736448e+02	7.914243e+01	4.330248e+01	1.984476e+00
622	1.783257e+01	2.692618e+03	4.682488e+02	4.736676e+02	7.894405e+01	4.342757e+01	4.352221e+00
623	1.786124e+01	2.684661e+03	4.692217e+02	4.736061e+02	7.914793e+01	4.318769e+01	7.339492e+00
624	1.788991e+01	2.677500e+03	4.701458e+02	4.737010e+02	7.867697e+01	4.333032e+01	1.010539e+01
625	1.791858e+01	2.669009e+03	4.710804e+02	4.735382e+02	7.854260e+01	4.326682e+01	1.281801e+01
626	1.794725e+01	2.684899e+03	4.721918e+02	4.732408e+02	7.883504e+01	4.336295e+01	1.583667e+01
627	1.797592e+01	2.685160e+03	4.730459e+02	4.736258e+02	7.890067e+01	4.333109e+01	1.838313e+01
628	1.800459e+01	2.672811e+03	4.740146e+02	4.736844e+02	7.862363e+01	4.328378e+01	2.086561e+01
629	1.803326e+01	2.675727e+03	4.750064e+02	4.738295e+02	7.881146e+01	4.322774e+01	2.337095e+01
630	1.806193e+01	2.680040e+03	4.760312e+02	4.739164e+02	7.886479e+01	4.326814e+01	2.623347e+01
631	1.809060e+01	2.684281e+03	4.769229e+02	4.742203e+02	7.881955e+01	4.336148e+01	2.896912e+01
632	1.811927e+01	2.677999e+03	4.778966e+02	4.744363e+02	7.880515e+01	4.326791e+01	3.190924e+01
633	1.814794e+01	2.672177e+03	4.786939e+02	4.748565e+02	7.867841e+01	4.324339e+01	3.470275e+01
634	1.817661e+01	2.678074e+03	4.795492e+02	4.751359e+02	7.878999e+01	4.327746e+01	3.728871e+01
635	1.820528e+01	2.680090e+03	4.803203e+02	4.756598e+02	7.874822e+01	4.333300e+01	3.955684e+01
636	1.823394e+01	2.685418e+03	4.811808e+02	4.762089e+02	7.900466e+01	4.327821e+01	4.253879e+01
637	1.826261e+01	2.690638e+03	4.820455e+02	4.768420e+02	7.911076e+01	4.330418e+01	4.558570e+01
638	1.829128e+01	2.685640e+03	4.828528e+02	4.772798e+02	7.918155e+01	4.318510e+01	4.831419e+01
639	1.831995e+01	2.695631e+03	4.834995e+02	4.780721e+02	7.929957e+01	4.328125e+01	5.121351e+01
640	1.834862e+01	2.694960e+03	4.842296e+02	4.787937e+02	7.944993e+01	4.318858e+01	5.396550e+01
641	1.837729e+01	2.678948e+03	4.849029e+02	4.796193e+02	7.916411e+01	4.308699e+01	5.703046e+01
642	1.840596e+01	2.666889e+03	4.855319e+02	4.803260e+02	7.870499e+01	4.314324e+01	5.918350e+01
643	1.843463e+01	2.662684e+03	4.863105e+02	4.810818e+02	7.896765e+01	4.293194e+01	6.248594e+01
644	1.846330e+01	2.664091e+03	4.869388e+02	4.818267e+02	7.909056e+01	4.288787e+01	6.511339e+01
645	1.849197e+01	2.660841e+03	4.874341e+02	4.826589e+02	7.937558e+01	4.268174e+01	6.795274e+01
646	1.852064e+01	2.654556e+03	4.880390e+02	4.834151e+02	7.907359e+01	4.274356e+01	7.059360e+01
647	1.854931e+01	2.662069e+03	4.886625e+02	4.842524e+02	7.949120e+01	4.263932e+01	7.338008e+01
648	1.857798e+01	2.652333e+03	4.892321e+02	4.851062e+02	7.929918e+01	4.258626e+01	7.543496e+01
649	1.860665e+01	2.653471e+03	4.898980e+02	4.860874e+02	7.969200e+01	4.239452e+01	7.812232e+01
650	1.863532e+01	2.673441e+03	4.905159e+02	4.870873e+02	8.002692e+01	4.253482e+01	8.017702e+01
651	1.866399e+01	2.664074e+03	4.909081e+02	4.879485e+02	7.967767e+01	4.257159e+01	8.230182e+01
652	1.869266e+01	2.656638e+03	4.915377e+02	4.889850e+02	8.002692e+01	4.226748e+01	8.510553e+01
653	1.872133e+01	2.642894e+03	4.920371e+02	4.899471e+02	7.954285e+01	4.230472e+01	8.683465e+01
654	1.875000e+01	2.654994e+03	4.924670e+02	4.908551e+02	7.970984e+01	4.240936e+01	8.933750e+01
655	1.877867e+01	2.648684e+03	4.928198e+02	4.919037e+02	7.988997e+01	4.221318e+01	9.127626e+01
656	1.880734e+01	2.658045e+03	4.935657e+02	4.928063e+02	7.985788e+01	4.237939e+01	9.311102e+01
657	1.883601e+01	2.656696e+03	4.942717e+02	4.937348e+02	7.972786e+01	4.242696e+01	9.447076e+01
658	1.886468e+01	2.654841e+03	4.944177e+02	4.945924e+02	7.987768e+01	4.231781e+01	9.642979e+01
659	1.889335e+01	2.646685e+03	4.944881e+02	4.955493e+02	7.978226e+01	4.223827e+01	9.840722e+01
660	1.892202e+01	2.651519e+03	4.949713e+02	4.967050e+02	7.970599e+01	4.235590e+01	1.004323e+02
661	1.895069e+01	2.656568e+03	4.949774e+02	4.976671e+02	7.999663e+01	4.228238e+01	1.026111e+02
662	1.897936e+01	2.661089e+03	4.951574e+02	4.986045e+02	8.000205e+01	4.235146e+01	1.045975e+02
663	1.900803e+01	2.658852e+03	4.950573e+02	4.996422e+02	7.982543e+01	4.240949e+01	1.071607e+02
664	1.903670e+01	2.647774e+03	4.949639e+02	5.007294e+02	7.965930e+01	4.232087e+01	1.096757e+02
665	1.906537e+01	2.675364e+03	4.949402e+02	5.016944e+02	7.998711e+01	4.258660e+01	1.121287e+02
666	1.909404e+01	2.669720e+03	4.949753e+02	5.027471e+02	7.966590e+01	4.266810e+01	1.134649e+02
667	1.912271e+01	2.671469e+03	4.950565e+02	5.038592e+02	7.971400e+01	4.267030e+01	1.160627e+02
668	1.915138e+01	2.672209e+03	4.949443e+02	5.047578e+02	7.941570e+01	4.284244e+01	1.179679e+02
669	1.918005e+01	2.655308e+03	4.950213e+02	5.058896e+02	7.925890e+01	4.265570e+01	1.197341e+02
670	1.920872e+01	2.664961e+03	4.949141e+02	5.069100e+02	7.926357e+01	4.280823e+01	1.224450e+02
671	1.923739e+01	2.649925e+03	4.945609e+02	5.077726e+02	7.905444e+01	4.267931e+01	1.248869e+02
672	1.926606e+01	2.672355e+03	4.944970e+02	5.088212e+02	7.916005e+01	4.298314e+01	1.268979e+02
673	1.929472e+01	2.668140e+03	4.943238e+02	5.098219e+02	7.928014e+01	4.285035e+01	1.289962e+02
674	1.932339e+01	2.678141e+03	4.940363e+02	5.108167e+02	7.927992e+01	4.301108e+01	1.311385e+02
675	1.935206e+01	2.671126e+03	4.935661e+02	5.116653e+02	7.921387e+01	4.293419e+01	1.332395e+02
676	1.938073e+01	2.672140e+03	4.931869e+02	5.126113e+02	7.885741e+01	4.314465e+01	1.356350e+02
677	1.940940e+01	2.664643e+03	4.927875e+02	5.136456e+02	7.871597e+01	4.310089e+01	1.380267e+02
678	1.943807e+01	2.668162e+03	4.922885e+02	5.143007e+02	7.879415e+01	4.311499e+01	1.406288e+02
679	1.946674e+01	2.666540e+03	4.920521e+02	5.153550e+02	7.872473e+01	4.312678e+01	1.427792e+02
680	1.949541e+01	2.649058e+03	4.915864e+02	5.162851e+02	7.828818e+01	4.308295e+01	1.446406e+02
681	1.952408e+01	2.672156e+03	4.913403e+02	5.172250e+02	7.851041e+01	4.333559e+01	1.467112e+02
682	1.955275e+01	2.657615e+03	4.911083e+02	5.180742e+02	7.832935e+01	4.319940e+01	1.481583e+02
683	1.958142e+01	2.667326e+03	4.905252e+02	5.188616e+02	7.868385e+01	4.316191e+01	1.504514e+02
684	1.961009e+01	2.670444e+03	4.899135e+02	5.197004e+02	7.870960e+01	4.319823e+01	1.526238e+02
685	1.963876e+01	2.660143e+03	4.893145e+02	5.203052e+02	7.844598e+01	4.317620e+01	1.547845e+02
686	1.966743e+01	2.668194e+03	4.886836e+02	5.211113e+02	7.861528e+01	4.321362e+01	1.568234e+02
687	1.969610e+01	2.662303e+03	4.881793e+02	5.218524e+02	7.840411e+01	4.323433e+01	1.585632e+02
688	1.972477e+01	2.668403e+03	4.875856e+02	5.227792e+02	7.848349e+01	4.328957e+01	1.607917e+02
689	1.975344e+01	2.664659e+03	4.870461e+02	5.234217e+02	7.857211e+01	4.318007e+01	1.628617e+02
690	1.978211e+01	2.674913e+03	4.862733e+02	5.240673e+02	7.854496e+01	4.336121e+01	1.645141e+02
691	1.981078e+01	2.674159e+03	4.855774e+02	5.247610e+02	7.877138e+01	4.322440e+01	1.669999e+02
692	1.983945e+01	2.675869e+03	4.848816e+02	5.253337e+02	7.889994e+01	4.318156e+01	1.693691e+02
693	1.986812e+01	2.664291e+03	4.840119e+02	5.258641e+02	7.859704e+01	4.316042e+01	1.716405e+02
694	1.989679e+01	2.664978e+03	4.832638e+02	5.263540e+02	7.832729e+01	4.332021e+01	1.736833e+02
695	1.992546e+01	2.686378e+03	4.825323e+02	5.269702e+02	7.840707e+01	4.362365e+01	1.757894e+02
696	1.995413e+01	2.664050e+03	4.817149e+02	5.275316e+02	7.827460e+01	4.333428e+01	1.778920e+02
697	1.998280e+01	2.688413e+03	4.809363e+02	5.279255e+02	7.823727e+01	4.375145e+01	1.796902e+02
698	2.001147e+01	2.676287e+03	4.800069e+02	5.283229e+02	7.835652e+01	4.348783e+01	1.926137e+00
699	2.004014e+01	2.677334e+03	4.792326e+02	5.286835e+02	7.819893e+01	4.359250e+01	4.407488e+00
700	2.006881e+01	2.676922e+03	4.781989e+02	5.291053e+02	7.808664e+01	4.364847e+01	6.654991e+00
701	2.009748e+01	2.679932e+03	4.775087e+02	5.291460e+02	7.828113e+01	4.358899e+01	9.028022e+00
702	2.012615e+01	2.679748e+03	4.766602e+02	5.292084e+02	7.857700e+01	4.342188e+01	1.100017e+01
703	2.015482e+01	2.670066e+03	4.758388e+02	5.293260e+02	7.849615e+01	4.330956e+01	1.325917e+01
704	2.018349e+01	2.688947e+03	4.749621e+02	5.296356e+02	7.889128e+01	4.339736e+01	1.552421e+01
705	2.021216e+01	2.675953e+03	4.740755e+02	5.297343e+02	7.850317e+01	4.340117e+01	1.783394e+01
706	2.024083e+01	2.678938e+03	4.732022e+02	5.300393e+02	7.844292e+01	4.348296e+01	1.921433e+01
707	2.026950e+01	2.701696e+03	4.721747e+02	5.300997e+02	7.857371e+01	4.377936e+01	2.180047e+01
708	2.029817e+01	2.694168e+03	4.715324e+02	5.301343e+02	7.911859e+01	4.335670e+01	2.373657e+01
709	2.032683e+01	2.689144e+03	4.707787e+02	5.301678e+02	7.881821e+01	4.344078e+01	2.607465e+01
710	2.035550e+01	2.691463e+03	4.698038e+02	5.302095e+02	7.890553e+01	4.343013e+01	2.841482e+01
711	2.038417e+01	2.681596e+03	4.688683e+02	5.301487e+02	7.858633e+01	4.344667e+01	3.034255e+01
712	2.041284e+01	2.682576e+03	4.680699e+02	5.301074e+02	7.865820e+01	4.342283e+01	3.272392e+01
713	2.044151e+01	2.680379e+03	4.672452e+02	5.300499e+02	7.851987e+01	4.346370e+01	3.482941e+01
714	2.047018e+01	2.689107e+03	4.664043e+02	5.300074e+02	7.896193e+01	4.336111e+01	3.721521e+01
715	2.049885e+01	2.667015e+03	4.654635e+02	5.300988e+02	7.843271e+01	4.329506e+01	3.880951e+01
716	2.052752e+01	2.683761e+03	4.646332e+02	5.299123e+02	7.886728e+01	4.332684e+01	4.077742e+01
717	2.055619e+01	2.680904e+03	4.637369e+02	5.296537e+02	7.870655e+01	4.336912e+01	4.279938e+01
718	2.058486e+01	2.688274e+03	4.629981e+02	5.294115e+02	7.921748e+01	4.320784e+01	4.494808e+01
719	2.061353e+01	2.681993e+03	4.622160e+02	5.290947e+02	7.877145e+01	4.335097e+01	4.760511e+01
720	2.064220e+01	2.695983e+03	4.613554e+02	5.285776e+02	7.920824e+01	4.333680e+01	5.007142e+01
721	2.067087e+01	2.691477e+03	4.605576e+02	5.281647e+02	7.918315e+01	4.327808e+01	5.227121e+01
722	2.069954e+01	2.686570e+03	4.599051e+02	5.275690e+02	7.926235e+01	4.315601e+01	5.521423e+01
723	2.072821e+01	2.690017e+03	4.590659e+02	5.270715e+02	7.929646e+01	4.319281e+01	5.713187e+01
724	2.075688e+01	2.688642e+03	4.581753e+02	5.265573e+02	7.954272e+01	4.303707e+01	5.965674e+01
725	2.078555e+01	2.686207e+03	4.575160e+02	5.259911e+02	7.949473e+01	4.302404e+01	6.191389e+01
726	2.081422e+01	2.667352e+03	4.566670e+02	5.253051e+02	7.900369e+01	4.298758e+01	6.450577e+01
727	2.084289e+01	2.680533e+03	4.559784e+02	5.246980e+02	7.928201e+01	4.304836e+01	6.690722e+01
728	2.087156e+01	2.682252e+03	4.553259e+02	5.239437e+02	7.976736e+01	4.281386e+01	6.956057e+01
729	2.090023e+01	2.681476e+03	4.545956e+02	5.232539e+02	7.995261e+01	4.270232e+01	7.173511e+01
730	2.092890e+01	2.671752e+03	4.541127e+02	5.224907e+02	7.945774e+01	4.281245e+01	7.382742e+01
731	2.095757e+01	2.686944e+03	4.533278e+02	5.217736e+02	7.985535e+01	4.284150e+01	7.651052e+01
732	2.098624e+01	2.667243e+03	4.529032e+02	5.209317e+02	7.984898e+01	4.253078e+01	7.888411e+01
733	2.101491e+01	2.676359e+03	4.520468e+02	5.202169e+02	7.983525e+01	4.268348e+01	8.094917e+01
734	2.104358e+01	2.680086e+03	4.516100e+02	5.195024e+02	8.025755e+01	4.251801e+01	8.275956e+01
735	2.107225e+01	2.664846e+03	4.509422e+02	5.186898e+02	7.988166e+01	4.247517e+01	8.506021e+01
736	2.110092e+01	2.664160e+03	4.503182e+02	5.178586e+02	8.000491e+01	4.239882e+01	8.720756e+01
737	2.112959e+01	2.674266e+03	4.499704e+02	5.169222e+02	8.024326e+01	4.243324e+01	8.915498e+01
738	2.115826e+01	2.657261e+03	4.495132e+02	5.160377e+02	7.981616e+01	4.238903e+01	9.097120e+01
739	2.118693e+01	2.667127e+03	4.490526e+02	5.151122e+02	8.029417e+01	4.229313e+01	9.342744e+01
740	2.121560e+01	2.662213e+03	4.486988e+02	5.142687e+02	8.003771e+01	4.235048e+01	9.526486e+01
741	2.124427e+01	2.669556e+03	4.482673e+02	5.134737e+02	7.998386e+01	4.249588e+01	9.707565e+01
742	2.127294e+01	2.674929e+03	4.478370e+02	5.124409e+02	8.021371e+01	4.245940e+01	9.922860e+01
743	2.130161e+01	2.671025e+03	4.478187e+02	5.115580e+02	7.993874e+01	4.254327e+01	1.016825e+02
744	2.133028e+01	2.672360e+03	4.473618e+02	5.106652e+02	8.005727e+01	4.250150e+01	1.031667e+02
745	2.135894e+01	2.666318e+03	4.472867e+02	5.098557e+02	7.980368e+01	4.254016e+01	1.055275e+02
746	2.138761e+01	2.664578e+03	4.469730e+02	5.089240e+02	7.974555e+01	4.254339e+01	1.071717e+02
747	2.141628e+01	2.662678e+03	4.467887e+02	5.078917e+02	7.956916e+01	4.260730e+01	1.086740e+02
748	2.144495e+01	2.659594e+03	4.465025e+02	5.070327e+02	7.945318e+01	4.262007e+01	1.110715e+02
749	2.147362e+01	2.664666e+03	4.462146e+02	5.060851e+02	7.962603e+01	4.260865e+01	1.129597e+02
750	2.150229e+01	2.668128e+03	4.461963e+02	5.051598e+02	7.958118e+01	4.268806e+01	1.148539e+02
751	2.153096e+01	2.649330e+03	4.460804e+02	5.041251e+02	7.920087e+01	4.259085e+01	1.168159e+02
752	2.155963e+01	2.670161e+03	4.461972e+02	5.032760e+02	7.954037e+01	4.274251e+01	1.191234e+02
753	2.158830e+01	2.681489e+03	4.464397e+02	5.023058e+02	7.958572e+01	4.289938e+01	1.214371e+02
754	2.161697e+01	2.679950e+03	4.467736e+02	5.013963e+02	7.958013e+01	4.287777e+01	1.234645e+02
755	2.164564e+01	2.667100e+03	4.468409e+02	5.004001e+02	7.949252e+01	4.271921e+01	1.253923e+02
756	2.167431e+01	2.685848e+03	4.469619e+02	4.993885e+02	7.951016e+01	4.300994e+01	1.273152e+02
757	2.170298e+01	2.676638e+03	4.472852e+02	4.984680e+02	7.953835e+01	4.284728e+01	1.296082e+02
758	2.173165e+01	2.670441e+03	4.475359e+02	4.975270e+02	7.899238e+01	4.304354e+01	1.318696e+02
759	2.176032e+01	2.664572e+03	4.478250e+02	4.966738e+02	7.911371e+01	4.288307e+01	1.335440e+02
760	2.178899e+01	2.668397e+03	4.482335e+02	4.958814e+02	7.920229e+01	4.289660e+01	1.361008e+02
761	2.181766e+01	2.668649e+03	4.485674e+02	4.950029e+02	7.884164e+01	4.309689e+01	1.383951e+02
762	2.184633e+01	2.673572e+03	4.487998e+02	4.940193e+02	7.875008e+01	4.322659e+01	1.401056e+02
763	2.187500e+01	2.678354e+03	4.492857e+02	4.932277e+02	7.899936e+01	4.316727e+01	1.422194e+02
764	2.190367e+01	2.685402e+03	4.497506e+02	4.924269e+02	7.912373e+01	4.321284e+01	1.442850e+02
765	2.193234e+01	2.694650e+03	4.504147e+02	4.916060e+02	7.932121e+01	4.325368e+01	1.468559e+02
766	2.196101e+01	2.690804e+03	4.509103e+02	4.909137e+02	7.879063e+01	4.348281e+01	1.489718e+02
767	2.198968e+01	2.686447e+03	4.517191e+02	4.901546e+02	7.919141e+01	4.319269e+01	1.514764e+02
768	2.201835e+01	2.682162e+03	4.524628e+02	4.895315e+02	7.925280e+01	4.309040e+01	1.541717e+02
769	2.204702e+01	2.677436e+03	4.531309e+02	4.889030e+02	7.879135e+01	4.326639e+01	1.564334e+02
770	2.207569e+01	2.680212e+03	4.540576e+02	4.885033e+02	7.888853e+01	4.325790e+01	1.588983e+02
771	2.210436e+01	2.675769e+03	4.548415e+02	4.879300e+02	7.900573e+01	4.312213e+01	1.616217e+02
772	2.213303e+01	2.679752e+03	4.556080e+02	4.874426e+02	7.875105e+01	4.332598e+01	1.639464e+02
773	2.216170e+01	2.677039e+03	4.564975e+02	4.869431e+02	7.901469e+01	4.313770e+01	1.667851e+02
774	2.219037e+01	2.678096e+03	4.572699e+02	4.867273e+02	7.907526e+01	4.312167e+01	1.689742e+02
775	2.221904e+01	2.675011e+03	4.581369e+02	4.864820e+02	7.867667e+01	4.329021e+01	1.717745e+02
776	2.224771e+01	2.691305e+03	4.590836e+02	4.862609e+02	7.868863e+01	4.354728e+01	1.742637e+02
777	2.227638e+01	2.681389e+03	4.600308e+02	4.860169e+02	7.905547e+01	4.318551e+01	1.768897e+02
778	2.230505e+01	2.685553e+03	4.608379e+02	4.856160e+02	7.896457e+01	4.330236e+01	1.788728e+02
779	2.233372e+01	2.694405e+03	4.618578e+02	4.853928e+02	7.902071e+01	4.341422e+01	1.555070e+00
780	2.236239e+01	2.690282e+03	4.627741e+02	4.854739e+02	7.889022e+01	4.341950e+01	4.418513e+00
781	2.239106e+01	2.723050e+03	4.633354e+02	4.857269e+02	7.833301e+01	4.426097e+01	8.182878e+00
782	2.241972e+01	2.677682e+03	4.647368e+02	4.853167e+02	7.900347e+01	4.315419e+01	9.300546e+00
783	2.244839e+01	2.672672e+03	4.654349e+02	4.854252e+02	7.847874e+01	4.336145e+01	1.183675e+01
784	2.247706e+01	2.660503e+03	4.665467e+02	4.852690e+02	7.855045e+01	4.312462e+01	1.413064e+01
785	2.250573e+01	2.682521e+03	4.674688e+02	4.854062e+02	7.910739e+01	4.317539e+01	1.691109e+01
786	2.253440e+01	2.680969e+03	4.683752e+02	4.855758e+02	7.879057e+01	4.332392e+01	1.997684e+01
787	2.256307e+01	2.685896e+03	4.692493e+02	4.857799e+02	7.878715e+01	4.340542e+01	2.237434e+01
788	2.259174e+01	2.693762e+03	4.700844e+02	4.859958e+02	7.899607e+01	4.341740e+01	2.538629e+01
789	2.262041e+01	2.689181e+03	4.710266e+02	4.862118e+02	7.913321e+01	4.326846e+01	2.767944e+01
790	2.264908e+01	2.694114e+03	4.719765e+02	4.864220e+02	7.922641e+01	4.329683e+01	3.036267e+01
791	2.267775e+01	2.700184e+03	4.728674e+02	4.868057e+02	7.926630e+01	4.337254e+01	3.328614e+01
792	2.270642e+01	2.685522e+03	4.734735e+02	4.874395e+02	7.896722e+01	4.330041e+01	3.603060e+01
793	2.273509e+01	2.683599e+03	4.743593e+02	4.878493e+02	7.914655e+01	4.317136e+01	3.847821e+01
794	2.276376e+01	2.679861e+03	4.752093e+02	4.881984e+02	7.904724e+01	4.316539e+01	4.113058e+01
795	2.279243e+01	2.680787e+03	4.760315e+02	4.887983e+02	7.877769e+01	4.332806e+01	4.389520e+01
796	2.282110e+01	2.685142e+03	4.769274e+02	4.892612e+02	7.908841e+01	4.322794e+01	4.648601e+01
797	2.284977e+01	2.690505e+03	4.776132e+02	4.898809e+02	7.909252e+01	4.331202e+01	4.930105e+01
798	2.287844e+01	2.688552e+03	4.782986e+02	4.905062e+02	7.895546e+01	4.335571e+01	5.193396e+01
799	2.290711e+01	2.685185e+03	4.790573e+02	4.912479e+02	7.936478e+01	4.307810e+01	5.456693e+01
