1	2.861230e-02	2.615536e+03	4.036674e+02	3.356302e+02	7.871523e+01	4.230698e+01	4.198363e+01
2	5.722461e-02	2.621027e+03	4.040716e+02	3.361896e+02	7.857022e+01	4.247405e+01	4.057362e+01
3	8.583691e-02	2.614713e+03	4.042449e+02	3.367552e+02	7.844013e+01	4.244200e+01	3.854610e+01
4	1.144492e-01	2.621066e+03	4.044643e+02	3.373519e+02	7.847850e+01	4.252432e+01	3.614601e+01
5	1.430615e-01	2.612326e+03	4.044236e+02	3.380445e+02	7.828042e+01	4.248977e+01	3.458914e+01
6	1.716738e-01	2.631904e+03	4.044653e+02	3.386006e+02	7.847269e+01	4.270332e+01	3.288713e+01
7	2.002861e-01	2.625648e+03	4.048137e+02	3.390768e+02	7.833434e+01	4.267706e+01	3.075184e+01
8	2.288984e-01	2.634655e+03	4.049533e+02	3.396478e+02	7.853360e+01	4.271479e+01	2.919313e+01
9	2.575107e-01	2.635242e+03	4.050873e+02	3.403000e+02	7.853311e+01	4.272459e+01	2.695226e+01
10	2.861230e-01	2.647481e+03	4.053566e+02	3.408992e+02	7.901599e+01	4.266070e+01	2.497546e+01
11	3.147353e-01	2.633085e+03	4.055701e+02	3.413722e+02	7.849992e+01	4.270766e+01	2.279018e+01
12	3.433476e-01	2.635295e+03	4.057581e+02	3.419411e+02	7.859451e+01	4.269207e+01	2.126879e+01
13	3.719599e-01	2.624394e+03	4.060373e+02	3.424891e+02	7.828310e+01	4.268460e+01	1.938581e+01
14	4.005722e-01	2.627892e+03	4.063792e+02	3.429503e+02	7.824956e+01	4.275980e+01	1.730801e+01
15	4.291845e-01	2.623197e+03	4.067599e+02	3.434392e+02	7.830943e+01	4.265078e+01	1.538029e+01
16	4.577969e-01	2.645705e+03	4.070772e+02	3.440435e+02	7.882427e+01	4.273577e+01	1.375175e+01
17	4.864092e-01	2.636239e+03	4.073687e+02	3.444315e+02	7.823130e+01	4.290563e+01	1.170425e+01
18	5.150215e-01	2.644917e+03	4.078156e+02	3.450091e+02	7.870501e+01	4.278779e+01	1.013149e+01
19	5.436338e-01	2.644772e+03	4.082193e+02	3.455848e+02	7.855238e+01	4.286858e+01	8.234338e+00
20	5.722461e-01	2.655159e+03	4.086068e+02	3.459589e+02	7.887659e+01	4.286004e+01	5.979424e+00
21	6.008584e-01	2.633564e+03	4.089993e+02	3.464399e+02	7.903428e+01	4.242663e+01	4.097163e+00
22	6.294707e-01	2.647929e+03	4.094032e+02	3.468376e+02	7.863870e+01	4.287262e+01	2.551567e+00
23	6.580830e-01	2.634310e+03	4.099165e+02	3.473755e+02	7.849887e+01	4.272811e+01	3.211195e-01
24	6.866953e-01	2.650465e+03	4.101788e+02	3.477522e+02	7.860284e+01	4.293327e+01	1.787069e+02
25	7.153076e-01	2.658325e+03	4.107110e+02	3.481037e+02	7.873345e+01	4.298916e+01	1.768297e+02
26	7.439199e-01	2.649624e+03	4.111704e+02	3.484555e+02	7.891424e+01	4.275028e+01	1.750895e+02
27	7.725322e-01	2.644941e+03	4.115052e+02	3.488238e+02	7.864288e+01	4.282197e+01	1.729161e+02
28	8.011445e-01	2.655543e+03	4.120720e+02	3.492015e+02	7.869053e+01	4.296759e+01	1.708167e+02
29	8.297568e-01	2.657334e+03	4.125791e+02	3.494935e+02	7.864249e+01	4.302283e+01	1.687819e+02
30	8.583691e-01	2.657213e+03	4.131336e+02	3.498998e+02	7.862455e+01	4.303069e+01	1.672189e+02
31	8.869814e-01	2.642053e+03	4.135983e+02	3.501381e+02	7.863268e+01	4.278076e+01	1.654650e+02
32	9.155937e-01	2.653356e+03	4.141460e+02	3.506215e+02	7.878315e+01	4.288172e+01	1.632985e+02
33	9.442060e-01	2.668719e+03	4.147640e+02	3.509935e+02	7.894312e+01	4.304262e+01	1.613205e+02
34	9.728183e-01	2.656424e+03	4.153599e+02	3.510746e+02	7.893879e+01	4.284667e+01	1.594635e+02
35	1.001431e+00	2.668818e+03	4.158686e+02	3.512086e+02	7.909814e+01	4.295985e+01	1.574983e+02
36	1.030043e+00	2.665695e+03	4.163816e+02	3.515165e+02	7.881982e+01	4.306111e+01	1.557353e+02
37	1.058655e+00	2.650089e+03	4.170559e+02	3.518194e+02	7.870435e+01	4.287180e+01	1.538711e+02
38	1.087268e+00	2.647961e+03	4.175391e+02	3.519692e+02	7.875069e+01	4.281218e+01	1.522799e+02
39	1.115880e+00	2.648952e+03	4.181437e+02	3.520792e+02	7.870945e+01	4.285064e+01	1.500260e+02
40	1.144492e+00	2.637623e+03	4.186861e+02	3.521272e+02	7.844318e+01	4.281221e+01	1.482736e+02
41	1.173104e+00	2.655928e+03	4.192951e+02	3.522215e+02	7.903275e+01	4.278774e+01	1.463922e+02
42	1.201717e+00	2.650378e+03	4.199561e+02	3.524395e+02	7.857796e+01	4.294545e+01	1.444102e+02
43	1.230329e+00	2.651375e+03	4.205565e+02	3.525691e+02	7.889032e+01	4.279151e+01	1.425557e+02
44	1.258941e+00	2.656363e+03	4.211133e+02	3.526800e+02	7.871972e+01	4.296492e+01	1.404571e+02
45	1.287554e+00	2.640010e+03	4.217028e+02	3.525972e+02	7.868798e+01	4.271764e+01	1.385685e+02
46	1.316166e+00	2.657068e+03	4.223634e+02	3.526296e+02	7.880011e+01	4.293248e+01	1.369414e+02
47	1.344778e+00	2.647238e+03	4.228188e+02	3.526241e+02	7.850253e+01	4.293580e+01	1.350052e+02
48	1.373391e+00	2.653918e+03	4.233614e+02	3.524699e+02	7.906607e+01	4.273734e+01	1.331208e+02
49	1.402003e+00	2.656391e+03	4.240654e+02	3.525703e+02	7.913699e+01	4.273882e+01	1.307735e+02
50	1.430615e+00	2.644995e+03	4.247628e+02	3.524647e+02	7.896233e+01	4.264960e+01	1.293952e+02
51	1.459227e+00	2.626259e+03	4.252416e+02	3.523620e+02	7.854311e+01	4.257352e+01	1.278836e+02
52	1.487840e+00	2.640611e+03	4.257405e+02	3.522318e+02	7.894253e+01	4.258960e+01	1.254461e+02
53	1.516452e+00	2.654418e+03	4.262428e+02	3.521819e+02	7.934062e+01	4.259747e+01	1.236763e+02
54	1.545064e+00	2.651831e+03	4.268067e+02	3.519834e+02	7.891905e+01	4.278329e+01	1.223447e+02
55	1.573677e+00	2.646150e+03	4.275721e+02	3.519987e+02	7.934618e+01	4.246181e+01	1.201792e+02
56	1.602289e+00	2.631987e+03	4.278968e+02	3.517427e+02	7.865897e+01	4.260353e+01	1.181841e+02
57	1.630901e+00	2.633528e+03	4.284783e+02	3.515197e+02	7.912110e+01	4.237950e+01	1.167480e+02
58	1.659514e+00	2.638164e+03	4.290465e+02	3.513435e+02	7.933094e+01	4.234180e+01	1.149226e+02
59	1.688126e+00	2.629005e+03	4.296044e+02	3.511022e+02	7.922213e+01	4.225276e+01	1.133303e+02
60	1.716738e+00	2.628976e+03	4.300542e+02	3.509355e+02	7.911562e+01	4.230917e+01	1.115947e+02
61	1.745351e+00	2.632705e+03	4.306551e+02	3.507812e+02	7.937998e+01	4.222808e+01	1.096093e+02
62	1.773963e+00	2.622827e+03	4.311237e+02	3.504363e+02	7.932690e+01	4.209779e+01	1.080017e+02
63	1.802575e+00	2.614555e+03	4.316011e+02	3.501965e+02	7.885840e+01	4.221434e+01	1.059003e+02
64	1.831187e+00	2.632317e+03	4.322943e+02	3.499113e+02	7.954527e+01	4.213412e+01	1.040934e+02
65	1.859800e+00	2.620759e+03	4.327170e+02	3.496211e+02	7.944321e+01	4.200301e+01	1.027257e+02
66	1.888412e+00	2.606188e+03	4.331922e+02	3.492810e+02	7.921239e+01	4.189119e+01	1.006141e+02
67	1.917024e+00	2.618812e+03	4.337512e+02	3.490062e+02	7.958945e+01	4.189469e+01	9.887375e+01
68	1.945637e+00	2.623266e+03	4.340733e+02	3.486432e+02	7.931392e+01	4.211173e+01	9.713972e+01
69	1.974249e+00	2.621695e+03	4.347163e+02	3.482583e+02	7.932693e+01	4.207959e+01	9.536515e+01
70	2.002861e+00	2.607439e+03	4.349014e+02	3.479980e+02	7.922501e+01	4.190463e+01	9.376024e+01
71	2.031474e+00	2.627096e+03	4.354969e+02	3.474431e+02	7.977058e+01	4.193178e+01	9.211461e+01
72	2.060086e+00	2.605326e+03	4.357629e+02	3.470946e+02	7.934493e+01	4.180738e+01	9.076707e+01
73	2.088698e+00	2.604946e+03	4.360765e+02	3.465526e+02	7.951707e+01	4.171080e+01	8.859487e+01
74	2.117310e+00	2.622778e+03	4.363325e+02	3.459948e+02	7.931866e+01	4.210138e+01	8.716290e+01
75	2.145923e+00	2.610183e+03	4.368607e+02	3.455474e+02	7.936887e+01	4.187270e+01	8.524902e+01
76	2.174535e+00	2.620343e+03	4.370980e+02	3.449914e+02	7.988094e+01	4.176622e+01	8.352200e+01
77	2.203147e+00	2.609958e+03	4.372459e+02	3.446737e+02	7.919103e+01	4.196311e+01	8.177580e+01
78	2.231760e+00	2.621678e+03	4.377856e+02	3.440826e+02	7.959737e+01	4.193637e+01	7.975571e+01
79	2.260372e+00	2.608403e+03	4.381467e+02	3.437015e+02	7.902410e+01	4.202669e+01	7.815109e+01
80	2.288984e+00	2.592419e+03	4.381544e+02	3.431591e+02	7.865850e+01	4.196330e+01	7.663129e+01
81	2.317597e+00	2.606856e+03	4.385740e+02	3.426021e+02	7.893671e+01	4.204827e+01	7.440288e+01
82	2.346209e+00	2.610459e+03	4.388519e+02	3.422007e+02	7.903941e+01	4.205168e+01	7.282902e+01
83	2.374821e+00	2.584147e+03	4.391447e+02	3.416626e+02	7.856995e+01	4.187654e+01	7.118642e+01
84	2.403433e+00	2.604354e+03	4.393612e+02	3.410889e+02	7.879292e+01	4.208458e+01	6.934076e+01
85	2.432046e+00	2.596174e+03	4.394365e+02	3.406072e+02	7.890480e+01	4.189291e+01	6.773618e+01
86	2.460658e+00	2.610254e+03	4.397204e+02	3.400698e+02	7.904073e+01	4.204768e+01	6.590951e+01
87	2.489270e+00	2.612178e+03	4.399568e+02	3.396229e+02	7.892687e+01	4.213937e+01	6.449615e+01
88	2.517883e+00	2.610737e+03	4.401375e+02	3.389206e+02	7.884428e+01	4.216024e+01	6.250154e+01
89	2.546495e+00	2.611791e+03	4.402770e+02	3.384734e+02	7.850348e+01	4.236036e+01	6.084759e+01
90	2.575107e+00	2.618446e+03	4.404117e+02	3.378782e+02	7.900701e+01	4.219763e+01	5.917518e+01
91	2.603720e+00	2.614409e+03	4.406881e+02	3.372017e+02	7.897377e+01	4.215031e+01	5.701180e+01
92	2.632332e+00	2.623929e+03	4.405497e+02	3.368630e+02	7.868342e+01	4.245990e+01	5.561175e+01
93	2.660944e+00	2.617523e+03	4.408414e+02	3.361214e+02	7.861166e+01	4.239491e+01	5.370780e+01
94	2.689557e+00	2.621851e+03	4.408837e+02	3.356228e+02	7.880681e+01	4.235985e+01	5.191218e+01
95	2.718169e+00	2.607872e+03	4.409302e+02	3.350317e+02	7.846055e+01	4.231994e+01	5.002932e+01
96	2.746781e+00	2.630957e+03	4.409332e+02	3.344795e+02	7.902594e+01	4.238911e+01	4.839677e+01
97	2.775393e+00	2.617524e+03	4.408678e+02	3.339844e+02	7.851144e+01	4.244905e+01	4.662773e+01
98	2.804006e+00	2.630603e+03	4.408575e+02	3.334063e+02	7.879437e+01	4.250796e+01	4.507453e+01
99	2.832618e+00	2.624616e+03	4.408702e+02	3.328591e+02	7.865938e+01	4.248399e+01	4.338993e+01
100	2.861230e+00	2.621669e+03	4.408687e+02	3.322706e+02	7.839956e+01	4.257694e+01	4.125680e+01
101	2.889843e+00	2.633276e+03	4.409034e+02	3.316634e+02	7.892794e+01	4.247915e+01	3.959360e+01
102	2.918455e+00	2.635341e+03	4.406931e+02	3.312156e+02	7.851263e+01	4.273734e+01	3.798708e+01
103	2.947067e+00	2.634399e+03	4.406418e+02	3.305067e+02	7.862913e+01	4.265876e+01	3.599384e+01
104	2.975680e+00	2.619637e+03	4.404001e+02	3.301823e+02	7.830318e+01	4.259629e+01	3.442035e+01
105	3.004292e+00	2.625081e+03	4.403080e+02	3.295687e+02	7.830210e+01	4.268540e+01	3.290290e+01
106	3.032904e+00	2.618294e+03	4.401157e+02	3.291315e+02	7.801707e+01	4.273058e+01	3.112913e+01
107	3.061516e+00	2.634932e+03	4.401144e+02	3.284018e+02	7.857807e+01	4.269511e+01	2.925103e+01
108	3.090129e+00	2.622990e+03	4.397946e+02	3.279783e+02	7.828271e+01	4.266197e+01	2.713791e+01
109	3.118741e+00	2.634591e+03	4.395381e+02	3.274626e+02	7.849886e+01	4.273266e+01	2.522472e+01
110	3.147353e+00	2.626788e+03	4.393424e+02	3.269516e+02	7.860454e+01	4.254881e+01	2.368023e+01
111	3.175966e+00	2.624909e+03	4.392188e+02	3.262628e+02	7.876746e+01	4.243044e+01	2.153428e+01
112	3.204578e+00	2.613871e+03	4.388163e+02	3.261287e+02	7.816789e+01	4.257610e+01	1.953504e+01
113	3.233190e+00	2.612766e+03	4.386189e+02	3.255657e+02	7.767220e+01	4.282971e+01	1.835328e+01
114	3.261803e+00	2.615906e+03	4.384368e+02	3.249185e+02	7.813828e+01	4.262540e+01	1.661701e+01
115	3.290415e+00	2.603517e+03	4.382335e+02	3.243028e+02	7.805444e+01	4.246909e+01	1.443301e+01
116	3.319027e+00	2.624795e+03	4.379173e+02	3.239236e+02	7.841512e+01	4.261924e+01	1.277475e+01
117	3.347639e+00	2.625476e+03	4.374833e+02	3.236227e+02	7.816696e+01	4.276563e+01	1.124960e+01
118	3.376252e+00	2.620501e+03	4.371517e+02	3.230646e+02	7.802235e+01	4.276371e+01	9.163758e+00
119	3.404864e+00	2.622039e+03	4.368011e+02	3.226980e+02	7.786243e+01	4.287671e+01	7.501883e+00
120	3.433476e+00	2.608560e+03	4.363620e+02	3.223875e+02	7.743285e+01	4.289293e+01	5.445902e+00
121	3.462089e+00	2.616649e+03	4.361808e+02	3.216643e+02	7.773508e+01	4.285867e+01	3.928264e+00
122	3.490701e+00	2.629121e+03	4.356322e+02	3.214185e+02	7.784906e+01	4.299989e+01	2.217540e+00
123	3.519313e+00	2.620494e+03	4.353318e+02	3.211370e+02	7.766317e+01	4.296137e+01	4.606038e-01
124	3.547926e+00	2.619322e+03	4.349308e+02	3.206734e+02	7.840076e+01	4.253816e+01	1.787142e+02
125	3.576538e+00	2.623052e+03	4.343530e+02	3.203608e+02	7.791381e+01	4.286497e+01	1.769984e+02
126	3.605150e+00	2.635465e+03	4.339621e+02	3.200375e+02	7.839738e+01	4.280217e+01	1.753258e+02
127	3.633763e+00	2.614203e+03	4.334280e+02	3.199070e+02	7.762167e+01	4.288115e+01	1.729910e+02
128	3.662375e+00	2.628742e+03	4.329946e+02	3.196943e+02	7.757420e+01	4.314602e+01	1.712947e+02
129	3.690987e+00	2.628336e+03	4.325899e+02	3.190553e+02	7.792365e+01	4.294590e+01	1.690582e+02
130	3.719599e+00	2.611054e+03	4.320524e+02	3.189434e+02	7.798848e+01	4.262805e+01	1.675092e+02
131	3.748212e+00	2.614440e+03	4.315096e+02	3.185663e+02	7.786555e+01	4.275072e+01	1.657975e+02
132	3.776824e+00	2.634538e+03	4.309345e+02	3.182832e+02	7.792395e+01	4.304708e+01	1.644878e+02
133	3.805436e+00	2.622284e+03	4.304734e+02	3.178828e+02	7.800003e+01	4.280505e+01	1.620711e+02
134	3.834049e+00	2.626906e+03	4.299841e+02	3.176801e+02	7.811984e+01	4.281474e+01	1.600140e+02
135	3.862661e+00	2.628945e+03	4.294528e+02	3.173195e+02	7.850163e+01	4.263957e+01	1.582972e+02
136	3.891273e+00	2.619747e+03	4.288931e+02	3.172447e+02	7.796615e+01	4.278222e+01	1.563788e+02
137	3.919886e+00	2.634577e+03	4.283181e+02	3.168931e+02	7.845917e+01	4.275405e+01	1.544878e+02
138	3.948498e+00	2.637322e+03	4.278568e+02	3.166461e+02	7.867723e+01	4.267998e+01	1.530514e+02
139	3.977110e+00	2.620600e+03	4.272604e+02	3.165290e+02	7.820860e+01	4.266349e+01	1.514048e+02
140	4.005722e+00	2.630377e+03	4.267903e+02	3.164171e+02	7.812571e+01	4.286810e+01	1.496321e+02
141	4.034335e+00	2.640995e+03	4.260796e+02	3.162504e+02	7.859956e+01	4.278167e+01	1.476632e+02
142	4.062947e+00	2.639481e+03	4.256645e+02	3.162302e+02	7.866296e+01	4.272267e+01	1.459174e+02
143	4.091559e+00	2.634924e+03	4.250060e+02	3.162381e+02	7.850308e+01	4.273576e+01	1.436846e+02
144	4.120172e+00	2.622593e+03	4.245228e+02	3.164501e+02	7.831020e+01	4.264054e+01	1.420139e+02
145	4.148784e+00	2.617865e+03	4.240641e+02	3.165833e+02	7.842577e+01	4.250094e+01	1.403163e+02
146	4.177396e+00	2.621503e+03	4.232939e+02	3.164802e+02	7.817558e+01	4.269621e+01	1.385557e+02
147	4.206009e+00	2.610510e+03	4.229139e+02	3.169052e+02	7.833403e+01	4.243118e+01	1.363262e+02
148	4.234621e+00	2.627923e+03	4.222557e+02	3.171276e+02	7.864065e+01	4.254765e+01	1.350092e+02
149	4.263233e+00	2.616647e+03	4.217173e+02	3.173788e+02	7.848508e+01	4.244907e+01	1.331008e+02
150	4.291845e+00	2.616558e+03	4.210585e+02	3.174057e+02	7.847607e+01	4.245249e+01	1.312844e+02
151	4.320458e+00	2.615212e+03	4.206332e+02	3.176474e+02	7.827953e+01	4.253719e+01	1.299861e+02
152	4.349070e+00	2.623274e+03	4.200147e+02	3.178957e+02	7.868329e+01	4.244937e+01	1.274941e+02
153	4.377682e+00	2.606840e+03	4.194901e+02	3.179592e+02	7.832308e+01	4.237745e+01	1.261780e+02
154	4.406295e+00	2.613798e+03	4.188845e+02	3.183318e+02	7.867665e+01	4.229960e+01	1.240538e+02
155	4.434907e+00	2.607178e+03	4.183952e+02	3.186301e+02	7.861409e+01	4.222604e+01	1.222047e+02
156	4.463519e+00	2.616457e+03	4.177627e+02	3.188037e+02	7.876492e+01	4.229518e+01	1.203008e+02
157	4.492132e+00	2.615879e+03	4.173054e+02	3.189709e+02	7.895606e+01	4.218347e+01	1.186238e+02
158	4.520744e+00	2.606986e+03	4.166620e+02	3.192151e+02	7.892167e+01	4.205838e+01	1.167336e+02
159	4.549356e+00	2.596494e+03	4.162755e+02	3.196728e+02	7.864583e+01	4.203604e+01	1.153425e+02
160	4.577969e+00	2.604157e+03	4.157131e+02	3.200299e+02	7.878716e+01	4.208447e+01	1.136737e+02
161	4.606581e+00	2.604546e+03	4.153538e+02	3.204145e+02	7.889711e+01	4.203210e+01	1.115187e+02
162	4.635193e+00	2.604551e+03	4.148994e+02	3.208396e+02	7.913580e+01	4.190540e+01	1.098539e+02
163	4.663805e+00	2.592867e+03	4.143558e+02	3.210894e+02	7.912298e+01	4.172418e+01	1.082050e+02
164	4.692418e+00	2.598403e+03	4.139685e+02	3.215642e+02	7.929563e+01	4.172221e+01	1.066616e+02
165	4.721030e+00	2.590647e+03	4.134993e+02	3.219851e+02	7.909892e+01	4.170112e+01	1.050171e+02
166	4.749642e+00	2.600880e+03	4.128837e+02	3.222600e+02	7.930837e+01	4.175528e+01	1.029293e+02
167	4.778255e+00	2.585833e+03	4.123534e+02	3.226887e+02	7.933927e+01	4.149755e+01	1.009984e+02
168	4.806867e+00	2.596567e+03	4.118579e+02	3.229514e+02	7.920973e+01	4.173795e+01	9.954259e+01
169	4.835479e+00	2.585298e+03	4.114655e+02	3.233743e+02	7.947198e+01	4.141968e+01	9.755898e+01
170	4.864092e+00	2.588476e+03	4.109367e+02	3.237695e+02	7.956091e+01	4.142424e+01	9.618733e+01
171	4.892704e+00	2.584858e+03	4.104366e+02	3.241619e+02	7.931207e+01	4.149612e+01	9.418137e+01
172	4.921316e+00	2.585539e+03	4.101980e+02	3.245995e+02	7.946357e+01	4.142792e+01	9.254254e+01
173	4.949928e+00	2.590980e+03	4.096320e+02	3.250373e+02	7.953554e+01	4.147754e+01	9.082856e+01
174	4.978541e+00	2.587371e+03	4.091322e+02	3.254330e+02	7.966183e+01	4.135410e+01	8.913454e+01
175	5.007153e+00	2.587563e+03	4.087402e+02	3.258989e+02	7.983788e+01	4.126596e+01	8.728710e+01
176	5.035765e+00	2.588813e+03	4.083809e+02	3.263523e+02	7.975230e+01	4.133020e+01	8.552254e+01
177	5.064378e+00	2.578404e+03	4.079163e+02	3.267343e+02	7.902524e+01	4.154275e+01	8.366525e+01
178	5.092990e+00	2.587388e+03	4.075847e+02	3.272648e+02	7.971074e+01	4.132900e+01	8.208929e+01
179	5.121602e+00	2.583868e+03	4.071829e+02	3.277995e+02	7.969955e+01	4.127856e+01	8.018182e+01
180	5.150215e+00	2.586421e+03	4.069889e+02	3.284021e+02	7.966070e+01	4.133950e+01	7.843141e+01
181	5.178827e+00	2.593667e+03	4.066924e+02	3.289185e+02	7.971605e+01	4.142653e+01	7.671727e+01
182	5.207439e+00	2.582629e+03	4.063875e+02	3.294572e+02	7.926146e+01	4.148681e+01	7.486512e+01
183	5.236052e+00	2.594071e+03	4.061498e+02	3.300111e+02	7.944045e+01	4.157673e+01	7.300505e+01
184	5.264664e+00	2.595764e+03	4.057757e+02	3.306071e+02	7.922858e+01	4.171511e+01	7.118203e+01
185	5.293276e+00	2.584072e+03	4.056809e+02	3.310899e+02	7.902427e+01	4.163458e+01	6.926515e+01
186	5.321888e+00	2.601527e+03	4.056208e+02	3.317047e+02	7.950150e+01	4.166421e+01	6.745506e+01
187	5.350501e+00	2.582552e+03	4.053042e+02	3.322216e+02	7.921123e+01	4.151188e+01	6.590018e+01
188	5.379113e+00	2.599487e+03	4.052812e+02	3.328025e+02	7.917277e+01	4.180439e+01	6.389432e+01
189	5.407725e+00	2.609985e+03	4.050186e+02	3.333545e+02	7.923961e+01	4.193782e+01	6.202090e+01
190	5.436338e+00	2.602909e+03	4.048825e+02	3.339526e+02	7.910097e+01	4.189742e+01	6.050616e+01
191	5.464950e+00	2.612716e+03	4.047468e+02	3.345916e+02	7.920848e+01	4.199820e+01	5.861501e+01
192	5.493562e+00	2.604806e+03	4.047594e+02	3.351061e+02	7.862347e+01	4.218260e+01	5.662901e+01
193	5.522175e+00	2.619537e+03	4.045370e+02	3.357156e+02	7.880161e+01	4.232525e+01	5.503210e+01
194	5.550787e+00	2.616695e+03	4.046286e+02	3.364028e+02	7.896814e+01	4.219018e+01	5.257561e+01
195	5.579399e+00	2.617617e+03	4.044652e+02	3.370752e+02	7.870124e+01	4.234817e+01	5.109005e+01
196	5.608011e+00	2.596404e+03	4.045186e+02	3.376250e+02	7.823709e+01	4.225418e+01	4.931732e+01
197	5.636624e+00	2.601463e+03	4.047432e+02	3.380868e+02	7.840383e+01	4.224648e+01	4.730282e+01
198	5.665236e+00	2.610942e+03	4.047903e+02	3.386888e+02	7.880064e+01	4.218690e+01	4.545056e+01
199	5.693848e+00	2.604877e+03	4.047808e+02	3.393083e+02	7.832701e+01	4.234341e+01	4.342724e+01
200	5.722461e+00	2.625049e+03	4.048473e+02	3.399893e+02	7.908032e+01	4.226483e+01	4.152002e+01
201	5.751073e+00	2.629373e+03	4.049061e+02	3.405862e+02	7.891293e+01	4.242424e+01	3.944126e+01
202	5.779685e+00	2.617516e+03	4.051155e+02	3.412084e+02	7.842140e+01	4.249764e+01	3.789324e+01
203	5.808298e+00	2.615862e+03	4.052561e+02	3.417329e+02	7.844389e+01	4.245861e+01	3.579424e+01
204	5.836910e+00	2.619411e+03	4.054995e+02	3.423178e+02	7.819226e+01	4.265304e+01	3.396691e+01
205	5.865522e+00	2.623049e+03	4.054714e+02	3.430742e+02	7.842470e+01	4.258569e+01	3.191374e+01
206	5.894134e+00	2.630786e+03	4.057593e+02	3.435303e+02	7.853288e+01	4.265247e+01	2.998199e+01
207	5.922747e+00	2.640993e+03	4.058956e+02	3.441821e+02	7.879386e+01	4.267613e+01	2.802007e+01
208	5.951359e+00	2.629430e+03	4.063047e+02	3.446302e+02	7.864639e+01	4.256896e+01	2.586987e+01
209	5.979971e+00	2.604262e+03	4.064623e+02	3.453508e+02	7.795109e+01	4.253756e+01	2.333298e+01
210	6.008584e+00	2.630651e+03	4.067308e+02	3.458748e+02	7.848815e+01	4.267458e+01	2.187625e+01
211	6.037196e+00	2.632960e+03	4.070070e+02	3.463222e+02	7.852404e+01	4.269252e+01	2.024427e+01
212	6.065808e+00	2.628626e+03	4.074008e+02	3.467255e+02	7.846348e+01	4.265513e+01	1.797419e+01
213	6.094421e+00	2.642923e+03	4.076266e+02	3.473037e+02	7.855225e+01	4.283866e+01	1.646744e+01
214	6.123033e+00	2.650442e+03	4.079370e+02	3.478733e+02	7.858329e+01	4.294358e+01	1.449572e+01
215	6.151645e+00	2.644593e+03	4.082480e+02	3.484183e+02	7.866209e+01	4.280588e+01	1.208559e+01
216	6.180258e+00	2.643010e+03	4.085780e+02	3.487874e+02	7.824827e+01	4.300652e+01	1.058431e+01
217	6.208870e+00	2.645411e+03	4.089570e+02	3.494788e+02	7.856897e+01	4.286987e+01	8.265239e+00
218	6.237482e+00	2.666661e+03	4.092351e+02	3.498815e+02	7.865945e+01	4.316453e+01	6.703807e+00
219	6.266094e+00	2.656752e+03	4.096930e+02	3.504950e+02	7.880935e+01	4.292234e+01	4.560819e+00
220	6.294707e+00	2.638897e+03	4.100936e+02	3.508218e+02	7.865645e+01	4.271675e+01	2.499313e+00
221	6.323319e+00	2.642604e+03	4.105611e+02	3.513593e+02	7.844109e+01	4.289421e+01	6.733625e-01
222	6.351931e+00	2.632850e+03	4.110136e+02	3.517359e+02	7.857697e+01	4.266197e+01	1.787142e+02
223	6.380544e+00	2.656985e+03	4.115159e+02	3.521719e+02	7.855307e+01	4.306616e+01	1.765712e+02
224	6.409156e+00	2.660173e+03	4.118751e+02	3.524895e+02	7.904877e+01	4.284744e+01	1.745692e+02
225	6.437768e+00	2.657390e+03	4.123393e+02	3.528573e+02	7.854745e+01	4.307579e+01	1.727407e+02
226	6.466381e+00	2.648024e+03	4.128536e+02	3.531684e+02	7.862642e+01	4.288087e+01	1.707637e+02
227	6.494993e+00	2.644687e+03	4.134876e+02	3.535633e+02	7.893329e+01	4.266032e+01	1.689203e+02
228	6.523605e+00	2.649068e+03	4.139137e+02	3.539351e+02	7.854668e+01	4.294133e+01	1.664769e+02
229	6.552217e+00	2.663224e+03	4.146778e+02	3.543435e+02	7.901830e+01	4.291312e+01	1.646181e+02
230	6.580830e+00	2.652233e+03	4.151579e+02	3.545860e+02	7.883129e+01	4.283741e+01	1.628730e+02
231	6.609442e+00	2.660237e+03	4.157455e+02	3.548467e+02	7.882456e+01	4.297034e+01	1.607371e+02
232	6.638054e+00	2.661333e+03	4.163402e+02	3.551599e+02	7.888435e+01	4.295547e+01	1.586142e+02
233	6.666667e+00	2.652358e+03	4.168661e+02	3.553551e+02	7.881052e+01	4.285071e+01	1.569134e+02
234	6.695279e+00	2.658249e+03	4.173798e+02	3.555407e+02	7.894105e+01	4.287488e+01	1.544414e+02
235	6.723891e+00	2.671035e+03	4.180546e+02	3.558321e+02	7.900545e+01	4.304599e+01	1.527912e+02
236	6.752504e+00	2.652598e+03	4.185948e+02	3.558386e+02	7.904066e+01	4.272982e+01	1.510453e+02
237	6.781116e+00	2.661721e+03	4.193292e+02	3.561344e+02	7.900105e+01	4.289827e+01	1.486017e+02
238	6.809728e+00	2.648026e+03	4.198480e+02	3.561633e+02	7.869738e+01	4.284223e+01	1.471157e+02
239	6.838340e+00	2.654244e+03	4.204242e+02	3.562190e+02	7.874046e+01	4.291934e+01	1.452110e+02
240	6.866953e+00	2.664617e+03	4.211068e+02	3.563733e+02	7.905528e+01	4.291548e+01	1.433265e+02
241	6.895565e+00	2.643020e+03	4.216342e+02	3.562835e+02	7.869698e+01	4.276146e+01	1.412758e+02
242	6.924177e+00	2.653358e+03	4.223166e+02	3.564940e+02	7.858418e+01	4.299035e+01	1.392362e+02
243	6.952790e+00	2.646370e+03	4.227431e+02	3.563638e+02	7.874116e+01	4.279163e+01	1.370915e+02
244	6.981402e+00	2.643583e+03	4.235047e+02	3.566012e+02	7.887053e+01	4.267645e+01	1.352844e+02
245	7.010014e+00	2.652903e+03	4.240705e+02	3.565507e+02	7.887041e+01	4.282697e+01	1.337587e+02
246	7.038627e+00	2.649464e+03	4.246302e+02	3.566060e+02	7.881370e+01	4.280224e+01	1.317110e+02
247	7.067239e+00	2.649435e+03	4.251876e+02	3.565042e+02	7.870943e+01	4.285846e+01	1.300376e+02
248	7.095851e+00	2.646815e+03	4.257911e+02	3.563641e+02	7.881803e+01	4.275709e+01	1.281026e+02
249	7.124464e+00	2.643754e+03	4.262686e+02	3.562507e+02	7.888480e+01	4.267149e+01	1.263209e+02
250	7.153076e+00	2.620883e+03	4.267398e+02	3.561555e+02	7.841137e+01	4.255776e+01	1.243235e+02
251	7.181688e+00	2.628299e+03	4.273432e+02	3.560102e+02	7.858629e+01	4.258319e+01	1.224951e+02
252	7.210300e+00	2.650023e+03	4.280207e+02	3.559837e+02	7.934634e+01	4.252388e+01	1.203816e+02
253	7.238913e+00	2.645435e+03	4.287203e+02	3.557589e+02	7.939137e+01	4.242618e+01	1.185045e+02
254	7.267525e+00	2.644079e+03	4.293185e+02	3.557032e+02	7.945670e+01	4.236957e+01	1.166237e+02
255	7.296137e+00	2.641310e+03	4.297935e+02	3.554084e+02	7.928262e+01	4.241813e+01	1.149113e+02
256	7.324750e+00	2.630794e+03	4.302761e+02	3.552032e+02	7.905312e+01	4.237190e+01	1.132617e+02
257	7.353362e+00	2.617267e+03	4.309467e+02	3.549842e+02	7.880521e+01	4.228664e+01	1.115896e+02
258	7.381974e+00	2.627071e+03	4.315289e+02	3.547615e+02	7.913236e+01	4.226956e+01	1.095415e+02
259	7.410587e+00	2.632464e+03	4.320422e+02	3.544918e+02	7.961637e+01	4.209884e+01	1.075265e+02
260	7.439199e+00	2.619939e+03	4.325132e+02	3.542740e+02	7.931767e+01	4.205632e+01	1.059782e+02
261	7.467811e+00	2.609398e+03	4.329605e+02	3.540200e+02	7.901366e+01	4.204828e+01	1.044769e+02
262	7.496423e+00	2.601604e+03	4.334081e+02	3.536859e+02	7.872774e+01	4.207495e+01	1.023607e+02
263	7.525036e+00	2.622918e+03	4.340010e+02	3.533943e+02	7.948029e+01	4.201800e+01	1.005615e+02
264	7.553648e+00	2.624053e+03	4.345974e+02	3.529733e+02	7.948794e+01	4.203215e+01	9.883627e+01
265	7.582260e+00	2.617798e+03	4.349563e+02	3.525668e+02	7.931732e+01	4.202215e+01	9.668181e+01
266	7.610873e+00	2.614315e+03	4.353802e+02	3.522270e+02	7.943936e+01	4.190177e+01	9.508696e+01
267	7.639485e+00	2.613489e+03	4.358032e+02	3.518047e+02	7.965031e+01	4.177759e+01	9.355927e+01
268	7.668097e+00	2.629000e+03	4.363506e+02	3.513910e+02	7.975668e+01	4.196949e+01	9.137117e+01
269	7.696710e+00	2.614089e+03	4.366467e+02	3.508396e+02	7.956754e+01	4.183064e+01	8.958989e+01
270	7.725322e+00	2.603055e+03	4.370677e+02	3.503734e+02	7.945105e+01	4.171515e+01	8.776657e+01
271	7.753934e+00	2.621729e+03	4.375403e+02	3.499001e+02	7.964973e+01	4.190961e+01	8.567466e+01
272	7.782546e+00	2.610978e+03	4.378320e+02	3.495502e+02	7.915073e+01	4.200089e+01	8.425158e+01
273	7.811159e+00	2.595867e+03	4.381462e+02	3.490257e+02	7.918993e+01	4.173713e+01	8.257780e+01
274	7.839771e+00	2.603939e+03	4.384573e+02	3.485502e+02	7.922527e+01	4.184824e+01	8.061149e+01
275	7.868383e+00	2.611312e+03	4.389871e+02	3.479469e+02	7.948100e+01	4.183170e+01	7.860547e+01
276	7.896996e+00	2.603270e+03	4.391772e+02	3.475163e+02	7.884455e+01	4.203950e+01	7.697251e+01
277	7.925608e+00	2.596989e+03	4.394138e+02	3.470114e+02	7.880962e+01	4.195666e+01	7.527798e+01
278	7.954220e+00	2.595705e+03	4.398351e+02	3.464561e+02	7.886922e+01	4.190424e+01	7.354136e+01
279	7.982833e+00	2.606369e+03	4.400402e+02	3.459150e+02	7.907727e+01	4.196568e+01	7.149234e+01
280	8.011445e+00	2.592768e+03	4.401972e+02	3.454678e+02	7.872781e+01	4.193200e+01	6.972339e+01
281	8.040057e+00	2.616612e+03	4.404494e+02	3.449440e+02	7.901421e+01	4.216423e+01	6.793178e+01
282	8.068670e+00	2.606188e+03	4.406409e+02	3.443249e+02	7.879214e+01	4.211464e+01	6.612350e+01
283	8.097282e+00	2.608888e+03	4.407238e+02	3.438307e+02	7.877261e+01	4.216871e+01	6.475191e+01
284	8.125894e+00	2.614188e+03	4.409920e+02	3.432708e+02	7.889280e+01	4.219001e+01	6.253073e+01
285	8.154506e+00	2.620437e+03	4.408690e+02	3.426838e+02	7.877237e+01	4.235551e+01	6.107105e+01
286	8.183119e+00	2.618961e+03	4.409650e+02	3.420031e+02	7.864492e+01	4.240026e+01	5.920242e+01
287	8.211731e+00	2.607145e+03	4.410178e+02	3.413920e+02	7.831703e+01	4.238567e+01	5.740870e+01
288	8.240343e+00	2.623853e+03	4.410687e+02	3.408369e+02	7.912660e+01	4.222086e+01	5.550488e+01
289	8.268956e+00	2.604279e+03	4.410724e+02	3.402812e+02	7.823705e+01	4.238236e+01	5.355944e+01
290	8.297568e+00	2.608700e+03	4.412462e+02	3.397021e+02	7.853583e+01	4.229280e+01	5.162460e+01
291	8.326180e+00	2.616986e+03	4.412957e+02	3.389238e+02	7.860025e+01	4.239236e+01	4.968874e+01
292	8.354793e+00	2.611881e+03	4.414515e+02	3.384083e+02	7.847545e+01	4.237695e+01	4.787881e+01
293	8.383405e+00	2.629642e+03	4.413232e+02	3.377844e+02	7.884410e+01	4.246562e+01	4.595225e+01
294	8.412017e+00	2.625079e+03	4.414004e+02	3.372867e+02	7.864355e+01	4.250004e+01	4.430291e+01
295	8.440629e+00	2.630991e+03	4.413701e+02	3.366808e+02	7.900995e+01	4.239823e+01	4.252832e+01
296	8.469242e+00	2.629982e+03	4.413481e+02	3.360883e+02	7.899131e+01	4.239198e+01	4.088209e+01
297	8.497854e+00	2.628465e+03	4.412729e+02	3.356078e+02	7.857554e+01	4.259170e+01	3.900629e+01
298	8.526466e+00	2.638777e+03	4.411672e+02	3.349643e+02	7.885150e+01	4.260915e+01	3.712350e+01
299	8.555079e+00	2.633426e+03	4.409223e+02	3.345556e+02	7.826762e+01	4.283997e+01	3.515388e+01
300	8.583691e+00	2.645845e+03	4.409317e+02	3.338003e+02	7.879932e+01	4.275157e+01	3.364069e+01
301	8.612303e+00	2.639886e+03	4.406526e+02	3.333955e+02	7.870514e+01	4.270632e+01	3.206567e+01
302	8.640916e+00	2.632993e+03	4.404284e+02	3.329245e+02	7.868040e+01	4.260820e+01	3.010099e+01
303	8.669528e+00	2.617098e+03	4.402070e+02	3.323538e+02	7.819449e+01	4.261417e+01	2.795220e+01
304	8.698140e+00	2.632247e+03	4.401022e+02	3.318189e+02	7.846815e+01	4.271135e+01	2.665086e+01
305	8.726753e+00	2.622428e+03	4.396898e+02	3.314358e+02	7.794414e+01	4.283810e+01	2.442740e+01
306	8.755365e+00	2.642624e+03	4.396033e+02	3.307025e+02	7.847182e+01	4.287773e+01	2.223212e+01
307	8.783977e+00	2.631398e+03	4.393279e+02	3.302502e+02	7.852142e+01	4.266862e+01	2.118218e+01
308	8.812589e+00	2.629657e+03	4.389917e+02	3.298808e+02	7.848668e+01	4.265926e+01	1.920850e+01
309	8.841202e+00	2.614637e+03	4.388713e+02	3.293390e+02	7.811255e+01	4.261876e+01	1.731273e+01
310	8.869814e+00	2.624048e+03	4.385057e+02	3.289113e+02	7.851360e+01	4.255367e+01	1.532166e+01
311	8.898426e+00	2.630520e+03	4.381505e+02	3.283979e+02	7.830109e+01	4.277440e+01	1.293856e+01
312	8.927039e+00	2.629655e+03	4.379106e+02	3.278861e+02	7.875384e+01	4.251450e+01	1.156213e+01
313	8.955651e+00	2.638099e+03	4.376626e+02	3.272995e+02	7.863280e+01	4.271668e+01	1.014131e+01
314	8.984263e+00	2.625788e+03	4.372305e+02	3.269633e+02	7.863766e+01	4.251470e+01	8.100765e+00
315	9.012876e+00	2.636131e+03	4.368880e+02	3.265954e+02	7.849362e+01	4.276049e+01	6.300782e+00
316	9.041488e+00	2.635936e+03	4.365314e+02	3.261990e+02	7.829206e+01	4.286740e+01	4.640055e+00
317	9.070100e+00	2.644159e+03	4.361374e+02	3.256689e+02	7.832001e+01	4.298579e+01	2.938737e+00
318	9.098712e+00	2.618328e+03	4.356665e+02	3.253244e+02	7.787174e+01	4.281089e+01	7.295167e-01
319	9.127325e+00	2.645886e+03	4.353289e+02	3.248538e+02	7.842332e+01	4.295721e+01	1.790624e+02
320	9.155937e+00	2.622221e+03	4.347685e+02	3.247127e+02	7.798357e+01	4.281306e+01	1.772147e+02
321	9.184549e+00	2.638622e+03	4.344727e+02	3.241306e+02	7.841132e+01	4.284583e+01	1.756679e+02
322	9.213162e+00	2.628444e+03	4.339411e+02	3.238474e+02	7.786472e+01	4.298017e+01	1.733841e+02
323	9.241774e+00	2.623532e+03	4.335748e+02	3.234389e+02	7.834254e+01	4.263819e+01	1.717734e+02
324	9.270386e+00	2.645968e+03	4.330501e+02	3.231239e+02	7.834612e+01	4.300087e+01	1.697634e+02
325	9.298999e+00	2.631541e+03	4.325850e+02	3.228752e+02	7.816097e+01	4.286771e+01	1.678002e+02
326	9.327611e+00	2.638346e+03	4.320480e+02	3.226335e+02	7.805023e+01	4.303954e+01	1.657492e+02
327	9.356223e+00	2.635025e+03	4.315248e+02	3.224111e+02	7.769789e+01	4.318029e+01	1.636220e+02
328	9.384835e+00	2.620582e+03	4.309986e+02	3.219846e+02	7.779554e+01	4.288972e+01	1.620178e+02
329	9.413448e+00	2.635404e+03	4.303272e+02	3.215958e+02	7.822591e+01	4.289501e+01	1.601556e+02
330	9.442060e+00	2.636662e+03	4.298138e+02	3.212323e+02	7.809311e+01	4.298845e+01	1.584730e+02
331	9.470672e+00	2.634124e+03	4.292491e+02	3.210874e+02	7.816482e+01	4.290768e+01	1.567950e+02
332	9.499285e+00	2.645418e+03	4.286872e+02	3.208967e+02	7.839075e+01	4.296745e+01	1.547415e+02
333	9.527897e+00	2.639634e+03	4.281301e+02	3.207215e+02	7.837241e+01	4.288355e+01	1.528033e+02
334	9.556509e+00	2.630640e+03	4.276076e+02	3.206179e+02	7.853201e+01	4.265057e+01	1.510542e+02
335	9.585122e+00	2.643909e+03	4.271262e+02	3.204772e+02	7.842284e+01	4.292538e+01	1.493418e+02
336	9.613734e+00	2.634507e+03	4.264418e+02	3.204733e+02	7.822815e+01	4.287917e+01	1.474799e+02
337	9.642346e+00	2.633641e+03	4.258173e+02	3.202795e+02	7.846654e+01	4.273485e+01	1.452828e+02
338	9.670959e+00	2.636911e+03	4.252755e+02	3.206083e+02	7.860423e+01	4.271296e+01	1.433069e+02
339	9.699571e+00	2.623458e+03	4.246277e+02	3.207324e+02	7.835989e+01	4.262756e+01	1.413128e+02
340	9.728183e+00	2.627161e+03	4.240605e+02	3.209215e+02	7.842009e+01	4.265495e+01	1.394111e+02
341	9.756795e+00	2.618253e+03	4.234876e+02	3.210519e+02	7.817169e+01	4.264540e+01	1.375057e+02
342	9.785408e+00	2.617839e+03	4.228743e+02	3.213669e+02	7.829867e+01	4.256952e+01	1.356820e+02
343	9.814020e+00	2.626503e+03	4.222368e+02	3.214635e+02	7.844852e+01	4.262881e+01	1.341113e+02
344	9.842632e+00	2.623246e+03	4.217654e+02	3.218286e+02	7.853860e+01	4.252711e+01	1.323382e+02
345	9.871245e+00	2.622788e+03	4.212003e+02	3.221579e+02	7.867886e+01	4.244390e+01	1.302959e+02
346	9.899857e+00	2.616976e+03	4.206129e+02	3.224753e+02	7.868140e+01	4.234848e+01	1.284794e+02
347	9.928469e+00	2.624834e+03	4.199499e+02	3.227353e+02	7.876507e+01	4.243052e+01	1.262994e+02
348	9.957082e+00	2.609147e+03	4.193488e+02	3.227809e+02	7.830415e+01	4.242520e+01	1.247873e+02
349	9.985694e+00	2.603700e+03	4.188139e+02	3.231979e+02	7.849761e+01	4.223229e+01	1.226854e+02
350	1.001431e+01	2.603598e+03	4.182761e+02	3.235154e+02	7.891451e+01	4.200753e+01	1.208553e+02
351	1.004292e+01	2.606635e+03	4.177711e+02	3.238467e+02	7.897618e+01	4.202370e+01	1.191174e+02
352	1.007153e+01	2.619129e+03	4.172327e+02	3.242292e+02	7.889095e+01	4.227074e+01	1.173573e+02
353	1.010014e+01	2.623914e+03	4.168207e+02	3.247497e+02	7.904913e+01	4.226323e+01	1.155461e+02
354	1.012876e+01	2.599885e+03	4.161870e+02	3.250300e+02	7.887711e+01	4.196752e+01	1.140512e+02
355	1.015737e+01	2.607663e+03	4.156227e+02	3.252762e+02	7.919118e+01	4.192612e+01	1.121003e+02
356	1.018598e+01	2.603676e+03	4.151788e+02	3.256770e+02	7.890747e+01	4.201254e+01	1.100701e+02
357	1.021459e+01	2.606699e+03	4.146835e+02	3.261126e+02	7.918497e+01	4.191391e+01	1.084529e+02
358	1.024320e+01	2.617642e+03	4.144296e+02	3.265934e+02	7.936434e+01	4.199475e+01	1.070145e+02
359	1.027182e+01	2.595065e+03	4.139918e+02	3.270882e+02	7.892464e+01	4.186448e+01	1.051877e+02
360	1.030043e+01	2.607979e+03	4.135002e+02	3.275307e+02	7.920441e+01	4.192420e+01	1.035058e+02
361	1.032904e+01	2.612522e+03	4.130289e+02	3.279391e+02	7.969673e+01	4.173780e+01	1.018485e+02
362	1.035765e+01	2.608490e+03	4.124719e+02	3.283644e+02	7.987713e+01	4.157928e+01	9.974562e+01
363	1.038627e+01	2.594293e+03	4.118805e+02	3.286533e+02	7.918623e+01	4.171378e+01	9.824902e+01
364	1.041488e+01	2.587940e+03	4.115235e+02	3.291794e+02	7.953314e+01	4.143011e+01	9.582255e+01
365	1.044349e+01	2.578104e+03	4.109878e+02	3.296568e+02	7.919979e+01	4.144637e+01	9.441730e+01
366	1.047210e+01	2.588781e+03	4.106176e+02	3.302004e+02	7.947048e+01	4.147626e+01	9.280568e+01
367	1.050072e+01	2.592660e+03	4.103949e+02	3.308093e+02	7.965172e+01	4.144389e+01	9.078790e+01
368	1.052933e+01	2.589366e+03	4.100145e+02	3.313801e+02	7.983124e+01	4.129816e+01	8.891762e+01
369	1.055794e+01	2.594560e+03	4.096504e+02	3.317823e+02	7.960515e+01	4.149853e+01	8.707001e+01
370	1.058655e+01	2.600719e+03	4.094402e+02	3.324805e+02	7.967128e+01	4.156252e+01	8.571714e+01
371	1.061516e+01	2.593864e+03	4.092795e+02	3.330803e+02	7.968905e+01	4.144371e+01	8.362133e+01
372	1.064378e+01	2.591469e+03	4.089967e+02	3.337249e+02	7.954589e+01	4.147997e+01	8.180021e+01
373	1.067239e+01	2.592348e+03	4.087043e+02	3.343077e+02	7.928648e+01	4.162979e+01	8.010485e+01
374	1.070100e+01	2.597957e+03	4.084056e+02	3.348757e+02	7.957743e+01	4.156734e+01	7.848471e+01
375	1.072961e+01	2.601856e+03	4.082566e+02	3.355317e+02	7.961721e+01	4.160891e+01	7.649940e+01
376	1.075823e+01	2.597204e+03	4.081354e+02	3.361586e+02	7.962223e+01	4.153190e+01	7.468546e+01
377	1.078684e+01	2.588793e+03	4.077680e+02	3.367260e+02	7.920000e+01	4.161810e+01	7.292616e+01
378	1.081545e+01	2.597429e+03	4.074447e+02	3.373148e+02	7.934948e+01	4.167828e+01	7.104176e+01
379	1.084406e+01	2.606090e+03	4.071192e+02	3.379066e+02	7.965166e+01	4.165860e+01	6.903753e+01
380	1.087268e+01	2.600115e+03	4.070572e+02	3.384756e+02	7.931640e+01	4.173877e+01	6.723138e+01
381	1.090129e+01	2.597518e+03	4.068455e+02	3.391212e+02	7.923939e+01	4.173761e+01	6.506638e+01
382	1.092990e+01	2.616794e+03	4.066340e+02	3.397378e+02	7.949190e+01	4.191378e+01	6.310139e+01
383	1.095851e+01	2.611089e+03	4.064154e+02	3.404575e+02	7.906982e+01	4.204564e+01	6.120518e+01
384	1.098712e+01	2.609597e+03	4.063657e+02	3.409322e+02	7.931783e+01	4.189023e+01	5.904937e+01
385	1.101574e+01	2.599899e+03	4.062942e+02	3.415404e+02	7.873113e+01	4.204556e+01	5.731319e+01
386	1.104435e+01	2.608340e+03	4.063307e+02	3.421158e+02	7.880096e+01	4.214469e+01	5.564137e+01
387	1.107296e+01	2.608450e+03	4.060480e+02	3.428696e+02	7.906385e+01	4.200632e+01	5.346143e+01
388	1.110157e+01	2.595952e+03	4.059720e+02	3.435089e+02	7.828311e+01	4.222198e+01	5.132752e+01
389	1.113019e+01	2.611045e+03	4.060134e+02	3.442298e+02	7.862314e+01	4.228381e+01	4.948181e+01
390	1.115880e+01	2.611970e+03	4.061906e+02	3.446366e+02	7.863789e+01	4.229085e+01	4.771283e+01
391	1.118741e+01	2.618450e+03	4.060189e+02	3.454589e+02	7.882059e+01	4.229750e+01	4.539316e+01
392	1.121602e+01	2.627935e+03	4.061125e+02	3.460578e+02	7.847240e+01	4.263908e+01	4.337030e+01
393	1.124464e+01	2.621024e+03	4.061701e+02	3.467090e+02	7.842682e+01	4.255166e+01	4.165707e+01
394	1.127325e+01	2.614070e+03	4.063265e+02	3.472339e+02	7.820651e+01	4.255832e+01	3.913713e+01
395	1.130186e+01	2.615929e+03	4.063940e+02	3.479153e+02	7.836949e+01	4.250002e+01	3.742517e+01
396	1.133047e+01	2.622278e+03	4.064160e+02	3.486833e+02	7.853344e+01	4.251422e+01	3.524103e+01
397	1.135908e+01	2.628893e+03	4.067024e+02	3.492914e+02	7.861791e+01	4.257567e+01	3.309920e+01
398	1.138770e+01	2.628118e+03	4.070397e+02	3.496826e+02	7.868727e+01	4.252560e+01	3.116087e+01
399	1.141631e+01	2.616440e+03	4.071700e+02	3.503799e+02	7.844559e+01	4.246707e+01	2.896411e+01
400	1.144492e+01	2.633585e+03	4.073389e+02	3.509560e+02	7.866286e+01	4.262729e+01	2.710490e+01
401	1.147353e+01	2.621372e+03	4.075209e+02	3.517419e+02	7.824091e+01	4.265844e+01	2.509744e+01
402	1.150215e+01	2.615217e+03	4.078538e+02	3.521500e+02	7.834202e+01	4.250334e+01	2.304255e+01
403	1.153076e+01	2.617791e+03	4.080466e+02	3.528778e+02	7.834004e+01	4.254624e+01	2.077007e+01
404	1.155937e+01	2.622254e+03	4.083365e+02	3.534714e+02	7.837687e+01	4.259875e+01	1.886464e+01
405	1.158798e+01	2.631853e+03	4.086993e+02	3.540394e+02	7.860500e+01	4.263061e+01	1.688651e+01
406	1.161660e+01	2.625431e+03	4.090110e+02	3.543843e+02	7.811617e+01	4.279271e+01	1.501224e+01
407	1.164521e+01	2.630579e+03	4.094496e+02	3.549191e+02	7.860886e+01	4.260788e+01	1.289908e+01
408	1.167382e+01	2.642073e+03	4.098808e+02	3.555411e+02	7.868063e+01	4.275502e+01	1.075410e+01
409	1.170243e+01	2.642761e+03	4.101379e+02	3.562146e+02	7.856315e+01	4.283010e+01	8.426593e+00
410	1.173104e+01	2.640317e+03	4.105038e+02	3.565704e+02	7.879946e+01	4.266218e+01	6.511061e+00
411	1.175966e+01	2.636301e+03	4.109448e+02	3.571735e+02	7.866683e+01	4.266909e+01	4.536442e+00
412	1.178827e+01	2.632057e+03	4.113751e+02	3.576530e+02	7.825043e+01	4.282710e+01	2.552535e+00
413	1.181688e+01	2.623476e+03	4.119247e+02	3.579994e+02	7.822005e+01	4.270406e+01	9.046220e-02
414	1.184549e+01	2.629714e+03	4.124017e+02	3.585270e+02	7.845422e+01	4.267783e+01	1.782953e+02
415	1.187411e+01	2.646991e+03	4.127880e+02	3.589547e+02	7.811708e+01	4.314362e+01	1.760465e+02
416	1.190272e+01	2.650020e+03	4.134245e+02	3.594114e+02	7.871689e+01	4.286387e+01	1.741591e+02
417	1.193133e+01	2.670226e+03	4.137967e+02	3.598811e+02	7.884021e+01	4.312313e+01	1.722128e+02
418	1.195994e+01	2.646860e+03	4.143479e+02	3.600109e+02	7.856236e+01	4.289696e+01	1.701026e+02
419	1.198856e+01	2.644109e+03	4.148970e+02	3.603680e+02	7.871668e+01	4.276838e+01	1.685947e+02
420	1.201717e+01	2.660014e+03	4.154661e+02	3.607628e+02	7.887955e+01	4.293680e+01	1.659651e+02
421	1.204578e+01	2.654173e+03	4.159433e+02	3.611170e+02	7.887148e+01	4.284690e+01	1.643718e+02
422	1.207439e+01	2.664950e+03	4.166866e+02	3.612661e+02	7.899267e+01	4.295486e+01	1.618638e+02
423	1.210300e+01	2.651224e+03	4.172687e+02	3.615545e+02	7.868323e+01	4.290168e+01	1.597530e+02
424	1.213162e+01	2.657182e+03	4.177629e+02	3.618048e+02	7.869524e+01	4.299153e+01	1.576953e+02
425	1.216023e+01	2.652031e+03	4.184496e+02	3.618246e+02	7.870265e+01	4.290416e+01	1.559510e+02
426	1.218884e+01	2.651916e+03	4.190746e+02	3.619478e+02	7.871946e+01	4.289314e+01	1.540033e+02
427	1.221745e+01	2.625419e+03	4.196101e+02	3.620566e+02	7.833622e+01	4.267231e+01	1.522435e+02
428	1.224607e+01	2.643450e+03	4.202034e+02	3.623621e+02	7.878996e+01	4.271794e+01	1.500449e+02
429	1.227468e+01	2.647093e+03	4.208901e+02	3.625804e+02	7.869179e+01	4.283019e+01	1.481396e+02
430	1.230329e+01	2.642910e+03	4.215301e+02	3.626984e+02	7.876337e+01	4.272363e+01	1.459319e+02
431	1.233190e+01	2.653832e+03	4.221385e+02	3.627637e+02	7.918481e+01	4.267187e+01	1.438994e+02
432	1.236052e+01	2.649010e+03	4.227411e+02	3.627121e+02	7.878586e+01	4.281002e+01	1.422962e+02
433	1.238913e+01	2.651220e+03	4.232524e+02	3.627986e+02	7.882170e+01	4.282626e+01	1.405542e+02
434	1.241774e+01	2.645644e+03	4.238864e+02	3.629106e+02	7.874759e+01	4.277640e+01	1.384170e+02
435	1.244635e+01	2.645340e+03	4.245796e+02	3.629272e+02	7.902742e+01	4.262003e+01	1.363058e+02
436	1.247496e+01	2.639789e+03	4.251870e+02	3.628390e+02	7.871659e+01	4.269854e+01	1.343263e+02
437	1.250358e+01	2.647633e+03	4.258494e+02	3.628225e+02	7.875204e+01	4.280614e+01	1.319682e+02
438	1.253219e+01	2.652606e+03	4.265464e+02	3.628577e+02	7.912666e+01	4.268350e+01	1.299344e+02
439	1.256080e+01	2.642019e+03	4.268890e+02	3.625943e+02	7.860966e+01	4.279274e+01	1.283268e+02
440	1.258941e+01	2.641479e+03	4.275240e+02	3.625185e+02	7.889880e+01	4.262720e+01	1.263068e+02
441	1.261803e+01	2.646693e+03	4.283149e+02	3.625493e+02	7.893072e+01	4.269407e+01	1.245584e+02
442	1.264664e+01	2.645503e+03	4.289313e+02	3.623844e+02	7.937370e+01	4.243671e+01	1.226273e+02
443	1.267525e+01	2.632978e+03	4.294293e+02	3.622078e+02	7.894303e+01	4.246622e+01	1.203529e+02
444	1.270386e+01	2.637963e+03	4.300948e+02	3.620875e+02	7.925964e+01	4.237666e+01	1.182911e+02
445	1.273247e+01	2.639893e+03	4.307720e+02	3.619684e+02	7.913351e+01	4.247525e+01	1.163359e+02
446	1.276109e+01	2.632424e+03	4.313611e+02	3.616862e+02	7.881207e+01	4.252782e+01	1.143839e+02
447	1.278970e+01	2.639040e+03	4.320049e+02	3.614699e+02	7.907230e+01	4.249440e+01	1.124030e+02
448	1.281831e+01	2.641726e+03	4.326276e+02	3.612326e+02	7.934389e+01	4.239204e+01	1.102514e+02
449	1.284692e+01	2.614244e+03	4.329862e+02	3.609434e+02	7.872469e+01	4.228100e+01	1.086713e+02
450	1.287554e+01	2.628662e+03	4.336317e+02	3.606340e+02	7.909257e+01	4.231644e+01	1.063340e+02
451	1.290415e+01	2.610546e+03	4.342756e+02	3.604018e+02	7.895763e+01	4.209663e+01	1.044774e+02
452	1.293276e+01	2.637267e+03	4.350303e+02	3.601029e+02	7.975268e+01	4.210357e+01	1.025632e+02
453	1.296137e+01	2.623429e+03	4.352616e+02	3.596431e+02	7.913649e+01	4.220877e+01	1.009142e+02
454	1.298999e+01	2.627655e+03	4.359210e+02	3.593579e+02	7.928244e+01	4.219893e+01	9.901202e+01
455	1.301860e+01	2.626311e+03	4.363360e+02	3.589520e+02	7.958121e+01	4.201900e+01	9.704094e+01
456	1.304721e+01	2.624435e+03	4.368408e+02	3.585575e+02	7.942165e+01	4.207334e+01	9.542868e+01
457	1.307582e+01	2.620004e+03	4.374046e+02	3.581469e+02	7.936162e+01	4.203407e+01	9.325283e+01
458	1.310443e+01	2.616187e+03	4.377873e+02	3.577598e+02	7.939948e+01	4.195283e+01	9.149397e+01
459	1.313305e+01	2.631504e+03	4.384514e+02	3.572567e+02	7.974819e+01	4.201393e+01	8.939548e+01
460	1.316166e+01	2.616725e+03	4.386685e+02	3.568325e+02	7.927544e+01	4.202711e+01	8.779232e+01
461	1.319027e+01	2.613297e+03	4.390885e+02	3.563631e+02	7.958900e+01	4.180669e+01	8.588412e+01
462	1.321888e+01	2.617078e+03	4.393443e+02	3.559084e+02	7.966949e+01	4.182488e+01	8.386961e+01
463	1.324750e+01	2.622004e+03	4.396881e+02	3.554037e+02	7.954430e+01	4.196956e+01	8.195145e+01
464	1.327611e+01	2.624702e+03	4.403427e+02	3.547599e+02	7.976225e+01	4.189794e+01	8.035081e+01
465	1.330472e+01	2.622856e+03	4.404866e+02	3.543199e+02	7.957516e+01	4.196692e+01	7.824183e+01
466	1.333333e+01	2.612623e+03	4.407658e+02	3.537988e+02	7.929340e+01	4.195173e+01	7.639249e+01
467	1.336195e+01	2.606190e+03	4.409734e+02	3.532731e+02	7.902680e+01	4.198960e+01	7.496046e+01
468	1.339056e+01	2.596944e+03	4.410203e+02	3.528170e+02	7.870132e+01	4.201367e+01	7.317969e+01
469	1.341917e+01	2.622279e+03	4.413201e+02	3.521854e+02	7.904551e+01	4.223882e+01	7.104672e+01
470	1.344778e+01	2.600108e+03	4.415090e+02	3.516755e+02	7.877850e+01	4.202365e+01	6.924981e+01
471	1.347639e+01	2.604542e+03	4.417194e+02	3.510438e+02	7.875532e+01	4.210771e+01	6.746486e+01
472	1.350501e+01	2.606535e+03	4.418500e+02	3.504162e+02	7.890399e+01	4.206053e+01	6.523670e+01
473	1.353362e+01	2.601492e+03	4.421154e+02	3.500062e+02	7.829774e+01	4.230420e+01	6.416973e+01
474	1.356223e+01	2.610218e+03	4.423448e+02	3.494164e+02	7.899392e+01	4.207201e+01	6.193987e+01
475	1.359084e+01	2.599561e+03	4.425271e+02	3.488067e+02	7.818431e+01	4.233411e+01	5.988157e+01
476	1.361946e+01	2.622511e+03	4.429114e+02	3.479731e+02	7.881555e+01	4.236581e+01	5.777810e+01
477	1.364807e+01	2.623440e+03	4.428066e+02	3.475009e+02	7.874326e+01	4.241973e+01	5.571233e+01
478	1.367668e+01	2.608249e+03	4.428102e+02	3.469467e+02	7.797612e+01	4.258901e+01	5.388704e+01
479	1.370529e+01	2.626612e+03	4.429714e+02	3.462768e+02	7.858513e+01	4.255647e+01	5.254625e+01
480	1.373391e+01	2.617789e+03	4.430529e+02	3.456849e+02	7.851392e+01	4.245199e+01	5.012117e+01
481	1.376252e+01	2.622025e+03	4.431293e+02	3.450500e+02	7.864505e+01	4.244978e+01	4.864366e+01
482	1.379113e+01	2.617558e+03	4.430743e+02	3.445046e+02	7.827243e+01	4.257922e+01	4.662814e+01
483	1.381974e+01	2.633749e+03	4.431770e+02	3.438266e+02	7.875811e+01	4.257839e+01	4.482867e+01
484	1.384835e+01	2.628740e+03	4.429994e+02	3.432422e+02	7.843634e+01	4.267174e+01	4.263120e+01
485	1.387697e+01	2.621220e+03	4.430046e+02	3.425571e+02	7.820910e+01	4.267331e+01	4.062946e+01
486	1.390558e+01	2.623999e+03	4.427951e+02	3.420997e+02	7.833458e+01	4.265012e+01	3.859108e+01
487	1.393419e+01	2.630267e+03	4.429488e+02	3.413318e+02	7.846089e+01	4.268318e+01	3.668075e+01
488	1.396280e+01	2.642041e+03	4.428408e+02	3.407706e+02	7.907079e+01	4.254354e+01	3.497361e+01
489	1.399142e+01	2.642781e+03	4.426494e+02	3.402189e+02	7.879558e+01	4.270409e+01	3.300570e+01
490	1.402003e+01	2.632909e+03	4.424955e+02	3.396816e+02	7.836885e+01	4.277623e+01	3.131734e+01
491	1.404864e+01	2.626553e+03	4.424944e+02	3.388594e+02	7.822684e+01	4.275043e+01	2.869427e+01
492	1.407725e+01	2.633009e+03	4.420785e+02	3.384127e+02	7.817789e+01	4.288234e+01	2.700515e+01
493	1.410587e+01	2.637794e+03	4.419602e+02	3.378339e+02	7.861173e+01	4.272319e+01	2.503201e+01
494	1.413448e+01	2.631705e+03	4.417020e+02	3.373490e+02	7.860265e+01	4.262949e+01	2.309770e+01
495	1.416309e+01	2.627470e+03	4.414091e+02	3.368879e+02	7.831923e+01	4.271491e+01	2.132026e+01
496	1.419170e+01	2.624491e+03	4.412012e+02	3.362918e+02	7.837682e+01	4.263514e+01	1.905606e+01
497	1.422031e+01	2.629936e+03	4.406067e+02	3.360453e+02	7.800170e+01	4.292904e+01	1.769716e+01
498	1.424893e+01	2.634727e+03	4.402787e+02	3.355806e+02	7.800013e+01	4.300811e+01	1.560652e+01
499	1.427754e+01	2.633928e+03	4.397772e+02	3.351355e+02	7.823715e+01	4.286482e+01	1.376054e+01
500	1.430615e+01	2.631703e+03	4.394037e+02	3.347322e+02	7.802552e+01	4.294477e+01	1.141270e+01
501	1.433476e+01	2.631743e+03	4.390443e+02	3.341613e+02	7.862791e+01	4.261641e+01	9.940144e+00
502	1.436338e+01	2.629165e+03	4.387128e+02	3.338404e+02	7.775092e+01	4.305489e+01	8.024002e+00
503	1.439199e+01	2.629868e+03	4.382812e+02	3.333680e+02	7.834161e+01	4.274167e+01	6.343572e+00
504	1.442060e+01	2.634736e+03	4.376026e+02	3.332679e+02	7.817965e+01	4.290950e+01	4.452131e+00
505	1.444921e+01	2.629968e+03	4.371904e+02	3.328303e+02	7.792421e+01	4.297226e+01	2.281955e+00
506	1.447783e+01	2.638729e+03	4.366532e+02	3.323061e+02	7.836665e+01	4.287198e+01	5.737409e-01
507	1.450644e+01	2.629377e+03	4.362191e+02	3.320766e+02	7.840733e+01	4.269789e+01	1.782789e+02
508	1.453505e+01	2.646439e+03	4.356657e+02	3.315911e+02	7.834659e+01	4.300826e+01	1.765745e+02
509	1.456366e+01	2.641444e+03	4.352589e+02	3.312754e+02	7.870090e+01	4.273383e+01	1.742895e+02
510	1.459227e+01	2.626314e+03	4.347155e+02	3.309267e+02	7.804067e+01	4.284851e+01	1.721387e+02
511	1.462089e+01	2.634491e+03	4.342134e+02	3.304549e+02	7.810886e+01	4.294440e+01	1.704266e+02
512	1.464950e+01	2.635128e+03	4.337860e+02	3.302841e+02	7.864247e+01	4.266332e+01	1.689459e+02
513	1.467811e+01	2.627353e+03	4.331855e+02	3.301317e+02	7.833861e+01	4.270244e+01	1.669150e+02
514	1.470672e+01	2.643199e+03	4.324193e+02	3.297386e+02	7.820727e+01	4.303213e+01	1.650860e+02
515	1.473534e+01	2.635720e+03	4.320134e+02	3.294766e+02	7.827103e+01	4.287541e+01	1.630385e+02
516	1.476395e+01	2.640489e+03	4.315659e+02	3.292915e+02	7.848067e+01	4.283826e+01	1.614985e+02
517	1.479256e+01	2.638864e+03	4.308405e+02	3.288596e+02	7.834468e+01	4.288620e+01	1.591894e+02
518	1.482117e+01	2.626786e+03	4.303296e+02	3.289753e+02	7.821454e+01	4.276095e+01	1.575705e+02
519	1.484979e+01	2.639585e+03	4.296425e+02	3.287243e+02	7.856066e+01	4.277998e+01	1.553026e+02
520	1.487840e+01	2.631651e+03	4.290943e+02	3.286033e+02	7.832753e+01	4.277834e+01	1.533528e+02
521	1.490701e+01	2.624298e+03	4.285211e+02	3.285873e+02	7.805473e+01	4.280792e+01	1.513723e+02
522	1.493562e+01	2.631100e+03	4.279280e+02	3.284494e+02	7.821085e+01	4.283319e+01	1.497378e+02
523	1.496423e+01	2.626680e+03	4.273620e+02	3.285134e+02	7.834093e+01	4.269024e+01	1.476157e+02
524	1.499285e+01	2.632541e+03	4.266486e+02	3.284400e+02	7.859044e+01	4.264966e+01	1.455036e+02
525	1.502146e+01	2.627578e+03	4.260008e+02	3.286626e+02	7.831948e+01	4.271653e+01	1.434852e+02
526	1.505007e+01	2.632126e+03	4.253919e+02	3.287965e+02	7.862559e+01	4.262387e+01	1.418435e+02
527	1.507868e+01	2.615755e+03	4.247225e+02	3.288693e+02	7.817972e+01	4.260033e+01	1.396036e+02
528	1.510730e+01	2.611008e+03	4.242824e+02	3.291063e+02	7.832470e+01	4.244432e+01	1.377034e+02
529	1.513591e+01	2.599080e+03	4.236445e+02	3.291027e+02	7.797580e+01	4.243946e+01	1.351152e+02
530	1.516452e+01	2.615199e+03	4.229802e+02	3.291119e+02	7.840437e+01	4.246925e+01	1.336961e+02
531	1.519313e+01	2.624445e+03	4.223577e+02	3.290705e+02	7.877405e+01	4.241939e+01	1.318800e+02
532	1.522175e+01	2.623798e+03	4.215959e+02	3.290098e+02	7.871053e+01	4.244316e+01	1.301114e+02
533	1.525036e+01	2.616063e+03	4.211364e+02	3.291664e+02	7.849419e+01	4.243467e+01	1.280889e+02
534	1.527897e+01	2.625473e+03	4.204222e+02	3.292133e+02	7.863505e+01	4.251102e+01	1.259635e+02
535	1.530758e+01	2.641366e+03	4.196315e+02	3.291833e+02	7.949904e+01	4.230355e+01	1.237807e+02
536	1.533619e+01	2.617904e+03	4.191481e+02	3.293979e+02	7.874579e+01	4.232886e+01	1.221848e+02
537	1.536481e+01	2.607496e+03	4.185630e+02	3.296216e+02	7.849068e+01	4.229760e+01	1.202431e+02
538	1.539342e+01	2.609283e+03	4.180299e+02	3.299155e+02	7.834919e+01	4.240303e+01	1.186138e+02
539	1.542203e+01	2.615009e+03	4.174954e+02	3.301996e+02	7.872310e+01	4.229422e+01	1.163314e+02
540	1.545064e+01	2.606143e+03	4.169209e+02	3.304390e+02	7.892621e+01	4.204237e+01	1.145813e+02
541	1.547926e+01	2.607406e+03	4.164105e+02	3.307835e+02	7.917484e+01	4.193066e+01	1.130146e+02
542	1.550787e+01	2.607736e+03	4.160237e+02	3.312392e+02	7.902360e+01	4.201622e+01	1.107716e+02
543	1.553648e+01	2.606809e+03	4.156224e+02	3.317330e+02	7.908601e+01	4.196813e+01	1.090494e+02
544	1.556509e+01	2.594458e+03	4.148259e+02	3.318912e+02	7.897916e+01	4.182580e+01	1.072236e+02
545	1.559371e+01	2.601800e+03	4.143197e+02	3.321414e+02	7.928849e+01	4.178053e+01	1.056123e+02
546	1.562232e+01	2.591606e+03	4.140024e+02	3.326450e+02	7.891777e+01	4.181232e+01	1.038441e+02
547	1.565093e+01	2.600589e+03	4.134907e+02	3.328975e+02	7.921498e+01	4.179982e+01	1.020496e+02
548	1.567954e+01	2.599308e+03	4.128413e+02	3.332227e+02	7.942334e+01	4.166964e+01	1.003955e+02
549	1.570815e+01	2.599786e+03	4.121985e+02	3.335499e+02	7.918328e+01	4.180365e+01	9.835822e+01
550	1.573677e+01	2.594388e+03	4.117935e+02	3.339275e+02	7.965389e+01	4.147038e+01	9.632593e+01
551	1.576538e+01	2.596556e+03	4.111908e+02	3.343779e+02	7.958768e+01	4.153956e+01	9.453568e+01
552	1.579399e+01	2.602133e+03	4.108724e+02	3.348834e+02	7.943899e+01	4.170671e+01	9.288088e+01
553	1.582260e+01	2.594957e+03	4.103340e+02	3.352660e+02	7.932126e+01	4.165343e+01	9.110062e+01
554	1.585122e+01	2.604449e+03	4.100596e+02	3.357058e+02	7.965787e+01	4.162913e+01	8.919276e+01
555	1.587983e+01	2.585015e+03	4.095226e+02	3.362654e+02	7.945118e+01	4.142598e+01	8.703606e+01
556	1.590844e+01	2.594428e+03	4.092311e+02	3.365943e+02	7.968673e+01	4.145393e+01	8.524876e+01
557	1.593705e+01	2.594149e+03	4.087017e+02	3.371201e+02	7.944455e+01	4.157584e+01	8.362160e+01
558	1.596567e+01	2.599652e+03	4.082991e+02	3.377102e+02	7.962850e+01	4.156778e+01	8.142703e+01
559	1.599428e+01	2.598052e+03	4.078638e+02	3.381972e+02	7.933557e+01	4.169559e+01	7.976053e+01
560	1.602289e+01	2.601505e+03	4.077205e+02	3.387235e+02	7.950688e+01	4.166103e+01	7.821224e+01
561	1.605150e+01	2.597509e+03	4.074494e+02	3.390982e+02	7.924107e+01	4.173658e+01	7.614675e+01
562	1.608011e+01	2.607719e+03	4.070122e+02	3.397939e+02	7.977593e+01	4.161970e+01	7.437514e+01
563	1.610873e+01	2.598119e+03	4.069121e+02	3.404084e+02	7.912915e+01	4.180542e+01	7.237546e+01
564	1.613734e+01	2.602205e+03	4.065799e+02	3.409625e+02	7.944141e+01	4.170658e+01	7.070827e+01
565	1.616595e+01	2.605615e+03	4.063548e+02	3.414978e+02	7.955859e+01	4.169974e+01	6.835606e+01
566	1.619456e+01	2.609451e+03	4.060626e+02	3.420213e+02	7.929868e+01	4.189801e+01	6.664586e+01
567	1.622318e+01	2.598850e+03	4.057879e+02	3.427765e+02	7.937837e+01	4.168589e+01	6.504714e+01
568	1.625179e+01	2.594687e+03	4.056772e+02	3.432246e+02	7.904108e+01	4.179673e+01	6.284541e+01
569	1.628040e+01	2.595091e+03	4.056859e+02	3.438841e+02	7.891286e+01	4.187114e+01	6.111846e+01
570	1.630901e+01	2.602303e+03	4.056172e+02	3.445475e+02	7.887276e+01	4.200886e+01	5.847269e+01
571	1.633763e+01	2.613215e+03	4.055463e+02	3.452239e+02	7.896030e+01	4.213825e+01	5.661872e+01
572	1.636624e+01	2.611000e+03	4.054478e+02	3.458407e+02	7.885001e+01	4.216142e+01	5.493102e+01
573	1.639485e+01	2.608847e+03	4.054966e+02	3.464373e+02	7.884557e+01	4.212903e+01	5.321490e+01
574	1.642346e+01	2.616437e+03	4.054971e+02	3.471096e+02	7.880867e+01	4.227138e+01	5.146345e+01
575	1.645207e+01	2.619740e+03	4.054392e+02	3.477193e+02	7.897981e+01	4.223302e+01	4.937657e+01
576	1.648069e+01	2.623369e+03	4.054256e+02	3.483782e+02	7.900739e+01	4.227677e+01	4.732130e+01
577	1.650930e+01	2.607689e+03	4.056242e+02	3.489500e+02	7.832777e+01	4.238871e+01	4.549047e+01
578	1.653791e+01	2.621907e+03	4.057681e+02	3.495634e+02	7.864948e+01	4.244549e+01	4.333355e+01
579	1.656652e+01	2.606359e+03	4.058027e+02	3.502290e+02	7.845613e+01	4.229778e+01	4.100900e+01
580	1.659514e+01	2.619873e+03	4.057604e+02	3.510167e+02	7.885326e+01	4.230295e+01	3.899065e+01
581	1.662375e+01	2.625659e+03	4.059138e+02	3.516002e+02	7.867061e+01	4.249482e+01	3.688303e+01
582	1.665236e+01	2.612239e+03	4.061171e+02	3.521260e+02	7.846092e+01	4.239061e+01	3.508908e+01
583	1.668097e+01	2.607264e+03	4.062896e+02	3.527946e+02	7.812085e+01	4.249405e+01	3.308563e+01
584	1.670959e+01	2.626267e+03	4.064811e+02	3.534220e+02	7.831265e+01	4.269894e+01	3.140692e+01
585	1.673820e+01	2.628239e+03	4.065556e+02	3.541301e+02	7.880362e+01	4.246477e+01	2.911997e+01
586	1.676681e+01	2.620519e+03	4.068279e+02	3.548057e+02	7.842942e+01	4.254205e+01	2.648728e+01
587	1.679542e+01	2.625557e+03	4.069271e+02	3.555636e+02	7.840104e+01	4.263927e+01	2.452778e+01
588	1.682403e+01	2.638807e+03	4.073430e+02	3.559617e+02	7.836156e+01	4.287604e+01	2.282278e+01
589	1.685265e+01	2.623473e+03	4.076207e+02	3.565294e+02	7.833687e+01	4.264033e+01	2.068497e+01
590	1.688126e+01	2.623083e+03	4.079474e+02	3.572536e+02	7.857295e+01	4.250589e+01	1.820929e+01
591	1.690987e+01	2.625716e+03	4.082513e+02	3.578138e+02	7.846951e+01	4.260464e+01	1.627624e+01
592	1.693848e+01	2.624122e+03	4.086444e+02	3.581436e+02	7.808926e+01	4.278611e+01	1.409182e+01
593	1.696710e+01	2.636084e+03	4.089313e+02	3.588903e+02	7.852940e+01	4.274026e+01	1.208414e+01
594	1.699571e+01	2.629885e+03	4.093517e+02	3.592505e+02	7.840802e+01	4.270576e+01	9.651320e+00
595	1.702432e+01	2.640536e+03	4.096989e+02	3.598830e+02	7.868567e+01	4.272741e+01	8.063041e+00
596	1.705293e+01	2.634462e+03	4.101769e+02	3.603807e+02	7.859955e+01	4.267583e+01	6.037210e+00
597	1.708155e+01	2.661744e+03	4.105771e+02	3.609352e+02	7.905671e+01	4.286843e+01	4.134267e+00
598	1.711016e+01	2.641045e+03	4.109850e+02	3.612288e+02	7.889894e+01	4.262012e+01	2.066014e+00
599	1.713877e+01	2.646759e+03	4.114301e+02	3.616645e+02	7.843649e+01	4.296417e+01	9.066618e-02
600	1.716738e+01	2.631183e+03	4.119272e+02	3.618930e+02	7.831781e+01	4.277604e+01	1.778478e+02
601	1.719599e+01	2.658121e+03	4.124962e+02	3.625752e+02	7.880411e+01	4.294732e+01	1.758551e+02
602	1.722461e+01	2.650895e+03	4.128242e+02	3.629949e+02	7.896908e+01	4.274108e+01	1.741365e+02
603	1.725322e+01	2.647091e+03	4.134048e+02	3.633527e+02	7.884141e+01	4.274887e+01	1.722605e+02
604	1.728183e+01	2.657232e+03	4.139132e+02	3.637458e+02	7.891737e+01	4.287133e+01	1.697711e+02
605	1.731044e+01	2.655358e+03	4.144608e+02	3.641062e+02	7.845601e+01	4.309303e+01	1.678229e+02
606	1.733906e+01	2.650788e+03	4.149334e+02	3.643640e+02	7.852919e+01	4.297877e+01	1.658199e+02
607	1.736767e+01	2.667632e+03	4.154870e+02	3.646913e+02	7.886225e+01	4.306921e+01	1.639599e+02
608	1.739628e+01	2.628696e+03	4.160996e+02	3.649617e+02	7.827263e+01	4.276029e+01	1.621834e+02
609	1.742489e+01	2.650542e+03	4.167162e+02	3.652089e+02	7.877402e+01	4.284122e+01	1.599210e+02
610	1.745351e+01	2.660819e+03	4.172552e+02	3.655959e+02	7.876349e+01	4.301307e+01	1.583589e+02
611	1.748212e+01	2.651496e+03	4.179318e+02	3.656722e+02	7.879800e+01	4.284359e+01	1.556186e+02
612	1.751073e+01	2.646351e+03	4.185189e+02	3.660373e+02	7.869529e+01	4.281627e+01	1.539562e+02
613	1.753934e+01	2.656044e+03	4.190652e+02	3.661097e+02	7.877703e+01	4.292851e+01	1.519780e+02
614	1.756795e+01	2.653780e+03	4.196862e+02	3.663507e+02	7.877959e+01	4.289053e+01	1.497513e+02
615	1.759657e+01	2.651027e+03	4.201742e+02	3.663872e+02	7.847084e+01	4.301460e+01	1.479043e+02
616	1.762518e+01	2.649281e+03	4.208124e+02	3.664227e+02	7.875114e+01	4.283327e+01	1.456728e+02
617	1.765379e+01	2.643869e+03	4.215014e+02	3.665506e+02	7.887212e+01	4.268021e+01	1.435329e+02
618	1.768240e+01	2.650037e+03	4.222881e+02	3.667906e+02	7.909549e+01	4.265897e+01	1.418145e+02
619	1.771102e+01	2.658873e+03	4.227227e+02	3.667725e+02	7.899841e+01	4.285380e+01	1.397172e+02
620	1.773963e+01	2.655808e+03	4.234059e+02	3.668112e+02	7.903052e+01	4.278701e+01	1.376773e+02
621	1.776824e+01	2.651204e+03	4.241199e+02	3.668732e+02	7.890060e+01	4.278318e+01	1.360874e+02
622	1.779685e+01	2.630767e+03	4.246240e+02	3.668461e+02	7.833084e+01	4.276218e+01	1.337861e+02
623	1.782546e+01	2.641299e+03	4.250120e+02	3.666596e+02	7.866717e+01	4.274981e+01	1.319810e+02
624	1.785408e+01	2.631977e+03	4.257725e+02	3.667173e+02	7.848356e+01	4.269859e+01	1.298985e+02
625	1.788269e+01	2.633037e+03	4.265148e+02	3.666365e+02	7.883411e+01	4.252584e+01	1.277274e+02
626	1.791130e+01	2.642769e+03	4.271185e+02	3.664754e+02	7.898045e+01	4.260394e+01	1.254894e+02
627	1.793991e+01	2.649673e+03	4.278623e+02	3.662732e+02	7.910453e+01	4.264823e+01	1.232840e+02
628	1.796853e+01	2.644527e+03	4.283947e+02	3.659148e+02	7.927935e+01	4.247155e+01	1.215581e+02
629	1.799714e+01	2.645744e+03	4.289722e+02	3.657668e+02	7.900021e+01	4.264122e+01	1.193518e+02
630	1.802575e+01	2.633501e+03	4.296004e+02	3.655276e+02	7.899801e+01	4.244510e+01	1.177386e+02
631	1.805436e+01	2.624871e+03	4.301463e+02	3.653721e+02	7.885031e+01	4.238524e+01	1.159147e+02
632	1.808298e+01	2.641416e+03	4.307825e+02	3.650817e+02	7.930981e+01	4.240529e+01	1.136696e+02
633	1.811159e+01	2.637558e+03	4.314064e+02	3.649397e+02	7.909640e+01	4.245759e+01	1.117248e+02
634	1.814020e+01	2.616835e+03	4.318391e+02	3.644933e+02	7.884634e+01	4.225760e+01	1.097394e+02
635	1.816881e+01	2.649773e+03	4.326271e+02	3.643188e+02	7.977224e+01	4.229285e+01	1.077780e+02
636	1.819742e+01	2.621269e+03	4.329546e+02	3.640024e+02	7.890081e+01	4.230000e+01	1.062294e+02
637	1.822604e+01	2.635860e+03	4.335412e+02	3.636254e+02	7.928143e+01	4.233124e+01	1.040155e+02
638	1.825465e+01	2.642582e+03	4.342800e+02	3.634762e+02	7.940031e+01	4.237565e+01	1.021213e+02
639	1.828326e+01	2.643096e+03	4.347657e+02	3.630724e+02	7.963138e+01	4.226091e+01	1.003089e+02
640	1.831187e+01	2.629171e+03	4.351367e+02	3.625891e+02	7.935361e+01	4.218541e+01	9.833293e+01
641	1.834049e+01	2.644499e+03	4.358154e+02	3.622671e+02	7.971954e+01	4.223658e+01	9.640563e+01
642	1.836910e+01	2.625948e+03	4.362871e+02	3.618335e+02	7.958831e+01	4.200944e+01	9.456814e+01
643	1.839771e+01	2.621314e+03	4.367171e+02	3.614199e+02	7.955956e+01	4.195046e+01	9.261073e+01
644	1.842632e+01	2.635967e+03	4.371449e+02	3.609949e+02	7.958788e+01	4.216996e+01	9.050244e+01
645	1.845494e+01	2.615477e+03	4.375535e+02	3.604857e+02	7.922824e+01	4.203209e+01	8.858618e+01
646	1.848355e+01	2.619892e+03	4.380381e+02	3.600874e+02	7.904370e+01	4.220133e+01	8.694424e+01
647	1.851216e+01	2.610612e+03	4.383483e+02	3.596201e+02	7.901660e+01	4.206628e+01	8.525122e+01
648	1.854077e+01	2.615244e+03	4.389421e+02	3.590095e+02	7.929451e+01	4.199323e+01	8.318132e+01
649	1.856938e+01	2.626673e+03	4.393137e+02	3.584966e+02	7.950004e+01	4.206771e+01	8.087762e+01
650	1.859800e+01	2.624446e+03	4.396914e+02	3.579572e+02	7.953403e+01	4.201406e+01	7.888190e+01
651	1.862661e+01	2.620681e+03	4.399067e+02	3.574273e+02	7.960383e+01	4.191701e+01	7.751054e+01
652	1.865522e+01	2.618029e+03	4.402074e+02	3.569056e+02	7.932835e+01	4.202002e+01	7.559818e+01
653	1.868383e+01	2.621486e+03	4.403761e+02	3.563714e+02	7.948041e+01	4.199500e+01	7.357173e+01
654	1.871245e+01	2.625348e+03	4.406364e+02	3.557657e+02	7.927448e+01	4.216612e+01	7.179200e+01
655	1.874106e+01	2.617711e+03	4.406536e+02	3.552899e+02	7.873019e+01	4.233412e+01	7.025488e+01
656	1.876967e+01	2.617703e+03	4.407017e+02	3.547250e+02	7.857861e+01	4.241565e+01	6.873578e+01
657	1.879828e+01	2.626547e+03	4.411325e+02	3.541669e+02	7.924286e+01	4.220220e+01	6.664989e+01
658	1.882690e+01	2.623388e+03	4.411411e+02	3.535876e+02	7.907362e+01	4.224166e+01	6.443025e+01
659	1.885551e+01	2.621228e+03	4.412023e+02	3.530845e+02	7.898051e+01	4.225664e+01	6.314493e+01
660	1.888412e+01	2.602949e+03	4.413175e+02	3.525250e+02	7.826473e+01	4.234573e+01	6.123722e+01
661	1.891273e+01	2.616471e+03	4.415128e+02	3.517737e+02	7.858626e+01	4.239156e+01	5.910400e+01
662	1.894134e+01	2.614599e+03	4.417511e+02	3.511220e+02	7.858060e+01	4.236429e+01	5.696252e+01
663	1.896996e+01	2.633315e+03	4.418562e+02	3.503929e+02	7.899805e+01	4.244207e+01	5.543516e+01
664	1.899857e+01	2.629958e+03	4.417143e+02	3.498640e+02	7.893775e+01	4.242034e+01	5.312711e+01
665	1.902718e+01	2.621604e+03	4.416786e+02	3.492807e+02	7.831926e+01	4.261952e+01	5.116471e+01
666	1.905579e+01	2.626796e+03	4.418696e+02	3.486336e+02	7.857234e+01	4.256639e+01	4.951149e+01
667	1.908441e+01	2.611157e+03	4.418513e+02	3.481400e+02	7.803870e+01	4.260231e+01	4.739813e+01
668	1.911302e+01	2.623461e+03	4.419214e+02	3.474129e+02	7.842892e+01	4.259008e+01	4.554535e+01
669	1.914163e+01	2.628346e+03	4.416733e+02	3.469238e+02	7.814394e+01	4.282501e+01	4.342529e+01
670	1.917024e+01	2.627676e+03	4.416196e+02	3.463410e+02	7.808116e+01	4.284850e+01	4.146395e+01
671	1.919886e+01	2.652756e+03	4.417477e+02	3.454636e+02	7.893314e+01	4.279056e+01	4.008228e+01
672	1.922747e+01	2.642403e+03	4.413734e+02	3.450441e+02	7.851566e+01	4.285020e+01	3.814642e+01
673	1.925608e+01	2.652124e+03	4.412936e+02	3.443758e+02	7.892554e+01	4.278450e+01	3.604012e+01
674	1.928469e+01	2.638992e+03	4.412433e+02	3.437293e+02	7.873730e+01	4.267442e+01	3.388906e+01
675	1.931330e+01	2.645568e+03	4.411122e+02	3.430659e+02	7.887128e+01	4.270809e+01	3.210900e+01
676	1.934192e+01	2.643417e+03	4.407814e+02	3.426566e+02	7.873771e+01	4.274577e+01	2.984069e+01
677	1.937053e+01	2.621494e+03	4.406750e+02	3.419957e+02	7.828962e+01	4.263388e+01	2.774675e+01
678	1.939914e+01	2.626410e+03	4.404219e+02	3.414482e+02	7.822898e+01	4.274693e+01	2.602836e+01
679	1.942775e+01	2.621530e+03	4.401417e+02	3.409358e+02	7.800011e+01	4.279271e+01	2.404718e+01
680	1.945637e+01	2.633681e+03	4.398891e+02	3.403850e+02	7.840072e+01	4.277138e+01	2.220321e+01
681	1.948498e+01	2.635728e+03	4.395855e+02	3.398816e+02	7.836620e+01	4.282348e+01	2.004878e+01
682	1.951359e+01	2.629395e+03	4.394036e+02	3.391758e+02	7.834928e+01	4.272981e+01	1.772437e+01
683	1.954220e+01	2.631180e+03	4.389403e+02	3.387378e+02	7.850201e+01	4.267562e+01	1.595997e+01
684	1.957082e+01	2.645742e+03	4.388050e+02	3.380375e+02	7.855946e+01	4.288043e+01	1.436289e+01
685	1.959943e+01	2.640070e+03	4.382223e+02	3.378915e+02	7.834419e+01	4.290606e+01	1.210925e+01
686	1.962804e+01	2.627463e+03	4.377257e+02	3.374339e+02	7.798311e+01	4.289890e+01	1.038830e+01
687	1.965665e+01	2.621840e+03	4.371329e+02	3.372560e+02	7.803170e+01	4.278043e+01	8.277685e+00
688	1.968526e+01	2.617268e+03	4.366928e+02	3.369671e+02	7.810248e+01	4.266714e+01	6.404106e+00
689	1.971388e+01	2.632353e+03	4.363555e+02	3.363533e+02	7.817021e+01	4.287588e+01	4.793722e+00
690	1.974249e+01	2.613412e+03	4.358801e+02	3.360465e+02	7.790833e+01	4.271044e+01	2.083407e+00
691	1.977110e+01	2.638205e+03	4.354838e+02	3.353712e+02	7.815553e+01	4.297926e+01	2.919912e-01
692	1.979971e+01	2.626314e+03	4.349337e+02	3.350039e+02	7.828096e+01	4.271698e+01	1.784329e+02
693	1.982833e+01	2.632700e+03	4.345031e+02	3.346863e+02	7.796718e+01	4.299319e+01	1.764398e+02
694	1.985694e+01	2.627932e+03	4.338935e+02	3.342905e+02	7.797455e+01	4.291126e+01	1.749294e+02
695	1.988555e+01	2.643279e+03	4.334297e+02	3.341501e+02	7.872624e+01	4.274975e+01	1.731594e+02
696	1.991416e+01	2.635366e+03	4.330128e+02	3.338403e+02	7.821258e+01	4.290169e+01	1.710940e+02
697	1.994278e+01	2.632675e+03	4.325307e+02	3.334037e+02	7.811489e+01	4.291148e+01	1.695772e+02
698	1.997139e+01	2.628182e+03	4.319633e+02	3.330343e+02	7.822566e+01	4.277759e+01	1.674913e+02
699	2.000000e+01	2.647933e+03	4.314392e+02	3.327495e+02	7.832756e+01	4.304300e+01	1.653680e+02
700	2.002861e+01	2.630704e+03	4.309746e+02	3.325036e+02	7.809240e+01	4.289170e+01	1.639690e+02
701	2.005722e+01	2.633063e+03	4.304383e+02	3.320511e+02	7.818961e+01	4.287680e+01	1.620001e+02
702	2.008584e+01	2.648741e+03	4.298358e+02	3.318516e+02	7.836990e+01	4.303286e+01	1.595646e+02
703	2.011445e+01	2.642391e+03	4.292998e+02	3.315800e+02	7.860893e+01	4.279917e+01	1.582384e+02
704	2.014306e+01	2.645254e+03	4.286698e+02	3.310703e+02	7.854606e+01	4.287983e+01	1.559117e+02
705	2.017167e+01	2.635767e+03	4.281242e+02	3.311135e+02	7.831335e+01	4.285302e+01	1.536464e+02
706	2.020029e+01	2.634240e+03	4.275475e+02	3.309309e+02	7.829842e+01	4.283635e+01	1.518466e+02
707	2.022890e+01	2.629595e+03	4.269548e+02	3.308155e+02	7.826964e+01	4.277654e+01	1.500127e+02
708	2.025751e+01	2.628237e+03	4.264063e+02	3.307498e+02	7.844357e+01	4.265965e+01	1.479304e+02
709	2.028612e+01	2.625380e+03	4.257183e+02	3.306141e+02	7.823954e+01	4.272440e+01	1.460244e+02
710	2.031474e+01	2.642920e+03	4.250251e+02	3.305145e+02	7.876332e+01	4.272382e+01	1.438915e+02
711	2.034335e+01	2.641176e+03	4.244539e+02	3.306418e+02	7.857435e+01	4.279831e+01	1.416530e+02
712	2.037196e+01	2.619902e+03	4.238697e+02	3.308384e+02	7.840435e+01	4.254564e+01	1.395444e+02
713	2.040057e+01	2.628959e+03	4.232186e+02	3.307255e+02	7.855143e+01	4.261278e+01	1.375857e+02
714	2.042918e+01	2.630972e+03	4.225161e+02	3.308460e+02	7.881735e+01	4.250152e+01	1.357111e+02
715	2.045780e+01	2.636305e+03	4.218109e+02	3.310033e+02	7.889711e+01	4.254462e+01	1.338942e+02
716	2.048641e+01	2.633411e+03	4.212640e+02	3.312104e+02	7.868742e+01	4.261116e+01	1.317934e+02
717	2.051502e+01	2.620859e+03	4.206139e+02	3.313586e+02	7.839478e+01	4.256636e+01	1.300571e+02
718	2.054363e+01	2.632503e+03	4.199577e+02	3.315441e+02	7.896491e+01	4.244679e+01	1.275783e+02
719	2.057225e+01	2.644733e+03	4.194677e+02	3.318481e+02	7.894727e+01	4.265351e+01	1.259123e+02
720	2.060086e+01	2.629438e+03	4.189639e+02	3.321987e+02	7.912624e+01	4.231093e+01	1.242417e+02
721	2.062947e+01	2.614395e+03	4.183777e+02	3.326043e+02	7.850880e+01	4.239972e+01	1.222695e+02
722	2.065808e+01	2.615857e+03	4.178190e+02	3.330521e+02	7.913692e+01	4.208670e+01	1.200457e+02
723	2.068670e+01	2.629257e+03	4.173293e+02	3.333034e+02	7.888575e+01	4.243700e+01	1.186005e+02
724	2.071531e+01	2.622372e+03	4.168687e+02	3.338060e+02	7.928362e+01	4.211345e+01	1.163044e+02
725	2.074392e+01	2.615262e+03	4.164826e+02	3.343416e+02	7.892731e+01	4.218888e+01	1.147478e+02
726	2.077253e+01	2.606099e+03	4.159972e+02	3.347628e+02	7.888675e+01	4.206268e+01	1.129192e+02
727	2.080114e+01	2.598632e+03	4.155017e+02	3.351772e+02	7.907684e+01	4.184134e+01	1.113073e+02
728	2.082976e+01	2.591450e+03	4.150632e+02	3.357176e+02	7.885735e+01	4.184184e+01	1.094682e+02
729	2.085837e+01	2.595515e+03	4.143738e+02	3.360148e+02	7.894427e+01	4.186133e+01	1.080159e+02
730	2.088698e+01	2.584783e+03	4.139315e+02	3.363797e+02	7.870255e+01	4.181628e+01	1.061075e+02
731	2.091559e+01	2.585597e+03	4.134831e+02	3.367769e+02	7.866174e+01	4.185115e+01	1.041974e+02
732	2.094421e+01	2.600012e+03	4.129139e+02	3.373090e+02	7.928423e+01	4.175406e+01	1.024463e+02
733	2.097282e+01	2.593659e+03	4.125807e+02	3.379448e+02	7.902328e+01	4.178958e+01	1.007636e+02
734	2.100143e+01	2.601727e+03	4.121461e+02	3.383988e+02	7.927415e+01	4.178691e+01	9.886758e+01
735	2.103004e+01	2.586019e+03	4.117718e+02	3.389623e+02	7.901745e+01	4.166954e+01	9.717658e+01
736	2.105866e+01	2.594291e+03	4.115027e+02	3.395834e+02	7.925832e+01	4.167580e+01	9.518261e+01
737	2.108727e+01	2.602722e+03	4.112133e+02	3.402146e+02	7.940951e+01	4.173163e+01	9.362930e+01
738	2.111588e+01	2.590858e+03	4.107869e+02	3.408509e+02	7.927700e+01	4.161085e+01	9.176573e+01
739	2.114449e+01	2.595304e+03	4.104082e+02	3.412542e+02	7.947167e+01	4.158015e+01	9.002078e+01
740	2.117310e+01	2.604512e+03	4.100289e+02	3.418062e+02	7.916094e+01	4.189146e+01	8.819394e+01
741	2.120172e+01	2.599126e+03	4.096059e+02	3.422683e+02	7.947029e+01	4.164210e+01	8.605278e+01
742	2.123033e+01	2.606919e+03	4.090866e+02	3.428114e+02	7.959684e+01	4.170055e+01	8.420280e+01
743	2.125894e+01	2.598360e+03	4.088106e+02	3.432558e+02	7.952842e+01	4.159940e+01	8.221291e+01
744	2.128755e+01	2.608699e+03	4.084417e+02	3.438904e+02	7.961852e+01	4.171767e+01	8.022497e+01
745	2.131617e+01	2.598743e+03	4.080178e+02	3.444900e+02	7.937536e+01	4.168576e+01	7.823882e+01
746	2.134478e+01	2.581822e+03	4.077299e+02	3.450781e+02	7.899607e+01	4.161318e+01	7.653300e+01
747	2.137339e+01	2.585915e+03	4.076599e+02	3.455807e+02	7.939500e+01	4.146973e+01	7.468420e+01
748	2.140200e+01	2.595543e+03	4.074757e+02	3.462767e+02	7.949831e+01	4.157005e+01	7.293324e+01
749	2.143062e+01	2.606186e+03	4.074482e+02	3.470024e+02	7.916207e+01	4.191779e+01	7.065706e+01
750	2.145923e+01	2.590504e+03	4.074196e+02	3.476483e+02	7.902484e+01	4.173791e+01	6.874018e+01
751	2.148784e+01	2.607465e+03	4.073760e+02	3.483021e+02	7.952325e+01	4.174789e+01	6.708216e+01
752	2.151645e+01	2.600229e+03	4.072429e+02	3.490187e+02	7.905777e+01	4.187715e+01	6.504755e+01
753	2.154506e+01	2.602283e+03	4.072070e+02	3.497105e+02	7.938592e+01	4.173700e+01	6.355894e+01
754	2.157368e+01	2.619276e+03	4.071545e+02	3.503058e+02	7.932196e+01	4.204341e+01	6.118239e+01
755	2.160229e+01	2.600413e+03	4.069402e+02	3.508928e+02	7.876295e+01	4.203687e+01	5.921734e+01
756	2.163090e+01	2.606307e+03	4.068473e+02	3.515998e+02	7.899105e+01	4.201049e+01	5.736838e+01
757	2.165951e+01	2.608255e+03	4.067209e+02	3.522809e+02	7.890920e+01	4.208551e+01	5.553974e+01
758	2.168813e+01	2.604057e+03	4.070528e+02	3.528249e+02	7.867190e+01	4.214451e+01	5.365704e+01
759	2.171674e+01	2.612354e+03	4.071486e+02	3.535489e+02	7.869942e+01	4.226400e+01	5.147353e+01
760	2.174535e+01	2.599517e+03	4.073059e+02	3.542108e+02	7.843375e+01	4.219877e+01	4.972691e+01
761	2.177396e+01	2.604585e+03	4.075084e+02	3.549969e+02	7.829274e+01	4.235720e+01	4.718024e+01
762	2.180258e+01	2.613404e+03	4.075100e+02	3.556623e+02	7.849187e+01	4.239279e+01	4.532443e+01
763	2.183119e+01	2.616713e+03	4.076292e+02	3.562564e+02	7.844348e+01	4.247264e+01	4.335480e+01
764	2.185980e+01	2.604564e+03	4.075583e+02	3.569545e+02	7.821291e+01	4.240009e+01	4.117162e+01
765	2.188841e+01	2.624399e+03	4.077352e+02	3.576482e+02	7.853516e+01	4.254768e+01	3.887336e+01
766	2.191702e+01	2.610096e+03	4.079192e+02	3.583532e+02	7.829526e+01	4.244545e+01	3.644933e+01
767	2.194564e+01	2.625637e+03	4.081149e+02	3.590136e+02	7.854395e+01	4.256298e+01	3.482835e+01
768	2.197425e+01	2.623089e+03	4.083946e+02	3.594958e+02	7.819965e+01	4.270889e+01	3.244970e+01
769	2.200286e+01	2.626404e+03	4.086824e+02	3.601365e+02	7.838035e+01	4.266429e+01	3.067598e+01
770	2.203147e+01	2.627227e+03	4.089976e+02	3.608184e+02	7.854174e+01	4.258996e+01	2.824641e+01
771	2.206009e+01	2.611892e+03	4.092802e+02	3.612851e+02	7.808784e+01	4.258749e+01	2.583337e+01
772	2.208870e+01	2.639246e+03	4.096229e+02	3.619658e+02	7.885419e+01	4.261526e+01	2.351942e+01
773	2.211731e+01	2.632370e+03	4.096626e+02	3.627923e+02	7.865318e+01	4.261287e+01	2.184105e+01
774	2.214592e+01	2.628878e+03	4.101109e+02	3.630566e+02	7.848726e+01	4.264630e+01	1.991747e+01
775	2.217454e+01	2.635563e+03	4.104578e+02	3.637893e+02	7.827695e+01	4.286963e+01	1.803164e+01
776	2.220315e+01	2.637924e+03	4.108080e+02	3.641894e+02	7.833932e+01	4.287387e+01	1.546524e+01
777	2.223176e+01	2.640748e+03	4.111413e+02	3.649251e+02	7.844744e+01	4.286060e+01	1.357442e+01
778	2.226037e+01	2.646081e+03	4.114698e+02	3.654954e+02	7.884636e+01	4.272987e+01	1.109214e+01
779	2.228898e+01	2.631841e+03	4.119444e+02	3.658315e+02	7.830691e+01	4.279270e+01	9.136599e+00
780	2.231760e+01	2.647743e+03	4.123474e+02	3.665356e+02	7.864243e+01	4.286759e+01	7.328989e+00
781	2.234621e+01	2.642442e+03	4.127295e+02	3.671048e+02	7.868719e+01	4.275743e+01	5.323743e+00
782	2.237482e+01	2.631673e+03	4.130963e+02	3.675642e+02	7.869266e+01	4.258022e+01	2.910162e+00
783	2.240343e+01	2.661846e+03	4.135868e+02	3.681339e+02	7.883578e+01	4.299022e+01	9.541477e-01
784	2.243205e+01	2.648566e+03	4.140842e+02	3.684193e+02	7.867551e+01	4.286288e+01	1.789392e+02
785	2.246066e+01	2.654762e+03	4.146392e+02	3.687895e+02	7.871220e+01	4.294312e+01	1.765871e+02
786	2.248927e+01	2.637041e+03	4.150887e+02	3.691275e+02	7.870551e+01	4.266009e+01	1.747961e+02
787	2.251788e+01	2.643818e+03	4.156728e+02	3.693936e+02	7.889883e+01	4.266494e+01	1.730693e+02
788	2.254649e+01	2.652625e+03	4.161968e+02	3.696899e+02	7.899949e+01	4.275252e+01	1.710541e+02
789	2.257511e+01	2.644208e+03	4.167639e+02	3.701306e+02	7.860394e+01	4.283132e+01	1.692145e+02
790	2.260372e+01	2.651335e+03	4.173087e+02	3.705458e+02	7.896407e+01	4.275089e+01	1.670202e+02
791	2.263233e+01	2.642121e+03	4.178619e+02	3.708217e+02	7.858997e+01	4.280512e+01	1.645536e+02
792	2.266094e+01	2.657777e+03	4.183495e+02	3.711959e+02	7.894135e+01	4.286710e+01	1.627790e+02
793	2.268956e+01	2.650149e+03	4.189092e+02	3.712577e+02	7.850333e+01	4.298256e+01	1.606655e+02
794	2.271817e+01	2.653106e+03	4.195160e+02	3.715847e+02	7.881802e+01	4.285872e+01	1.587697e+02
795	2.274678e+01	2.649326e+03	4.202596e+02	3.719889e+02	7.867572e+01	4.287506e+01	1.562698e+02
796	2.277539e+01	2.650809e+03	4.208071e+02	3.722052e+02	7.903347e+01	4.270488e+01	1.542564e+02
797	2.280401e+01	2.660803e+03	4.214150e+02	3.723155e+02	7.900404e+01	4.288186e+01	1.523169e+02
798	2.283262e+01	2.656996e+03	4.218730e+02	3.723773e+02	7.856248e+01	4.306118e+01	1.505429e+02
799	2.286123e+01	2.646195e+03	4.225657e+02	3.726364e+02	7.874742e+01	4.278540e+01	1.486258e+02
