1	2.864509e-02	2.644140e+03	4.027767e+02	3.684255e+02	7.854916e+01	4.286009e+01	1.806181e+01
2	5.729017e-02	2.647440e+03	4.038892e+02	3.691554e+02	7.854420e+01	4.291628e+01	2.009309e+01
3	8.593526e-02	2.636932e+03	4.048541e+02	3.700337e+02	7.825727e+01	4.290267e+01	2.209188e+01
4	1.145803e-01	2.627572e+03	4.060819e+02	3.708527e+02	7.814315e+01	4.281282e+01	2.461803e+01
5	1.432254e-01	2.628656e+03	4.070953e+02	3.716795e+02	7.818740e+01	4.280624e+01	2.719870e+01
6	1.718705e-01	2.630644e+03	4.082894e+02	3.725267e+02	7.813821e+01	4.286559e+01	3.003815e+01
7	2.005156e-01	2.640300e+03	4.093327e+02	3.733003e+02	7.841673e+01	4.287012e+01	3.249794e+01
8	2.291607e-01	2.609130e+03	4.101919e+02	3.744043e+02	7.748146e+01	4.287538e+01	3.493106e+01
9	2.578058e-01	2.604875e+03	4.110356e+02	3.755535e+02	7.781358e+01	4.262277e+01	3.739505e+01
10	2.864509e-01	2.627761e+03	4.120741e+02	3.762996e+02	7.829313e+01	4.273388e+01	3.959515e+01
11	3.150960e-01	2.620124e+03	4.128413e+02	3.774231e+02	7.825390e+01	4.263104e+01	4.167513e+01
12	3.437410e-01	2.623810e+03	4.136215e+02	3.785301e+02	7.827025e+01	4.268210e+01	4.370047e+01
13	3.723861e-01	2.631358e+03	4.145130e+02	3.795808e+02	7.840189e+01	4.273301e+01	4.514676e+01
14	4.010312e-01	2.635062e+03	4.152919e+02	3.808178e+02	7.860889e+01	4.268048e+01	4.753016e+01
15	4.296763e-01	2.601508e+03	4.159325e+02	3.821093e+02	7.782307e+01	4.256247e+01	5.003040e+01
16	4.583214e-01	2.618049e+03	4.167019e+02	3.831542e+02	7.833073e+01	4.255550e+01	5.194467e+01
17	4.869665e-01	2.612392e+03	4.173333e+02	3.843409e+02	7.829004e+01	4.248561e+01	5.394087e+01
18	5.156116e-01	2.582396e+03	4.177424e+02	3.859086e+02	7.709680e+01	4.264780e+01	5.628695e+01
19	5.442567e-01	2.610156e+03	4.186314e+02	3.868023e+02	7.802287e+01	4.259461e+01	5.770893e+01
20	5.729017e-01	2.604339e+03	4.192680e+02	3.880626e+02	7.837476e+01	4.230886e+01	6.008850e+01
21	6.015468e-01	2.588008e+03	4.195501e+02	3.895252e+02	7.780737e+01	4.235015e+01	6.171469e+01
22	6.301919e-01	2.578518e+03	4.197267e+02	3.908810e+02	7.725605e+01	4.249598e+01	6.323817e+01
23	6.588370e-01	2.590931e+03	4.203487e+02	3.920478e+02	7.803864e+01	4.227234e+01	6.522005e+01
24	6.874821e-01	2.598540e+03	4.209797e+02	3.932933e+02	7.814249e+01	4.234013e+01	6.683257e+01
25	7.161272e-01	2.601834e+03	4.211350e+02	3.945794e+02	7.792363e+01	4.251289e+01	6.815871e+01
26	7.447723e-01	2.605063e+03	4.214707e+02	3.958219e+02	7.816402e+01	4.243474e+01	6.930397e+01
27	7.734174e-01	2.586167e+03	4.216114e+02	3.971537e+02	7.779002e+01	4.232946e+01	7.109190e+01
28	8.020624e-01	2.590888e+03	4.219332e+02	3.984415e+02	7.831589e+01	4.212199e+01	7.281886e+01
29	8.307075e-01	2.596010e+03	4.221454e+02	3.996061e+02	7.833743e+01	4.219366e+01	7.365342e+01
30	8.593526e-01	2.602864e+03	4.224930e+02	4.009283e+02	7.849660e+01	4.221928e+01	7.526116e+01
31	8.879977e-01	2.608508e+03	4.228825e+02	4.020843e+02	7.893578e+01	4.207542e+01	7.597278e+01
32	9.166428e-01	2.600206e+03	4.228788e+02	4.032896e+02	7.866508e+01	4.208582e+01	7.642971e+01
33	9.452879e-01	2.596416e+03	4.233356e+02	4.042836e+02	7.880387e+01	4.195047e+01	7.704401e+01
34	9.739330e-01	2.601079e+03	4.233429e+02	4.055650e+02	7.887757e+01	4.198654e+01	7.816206e+01
35	1.002578e+00	2.607854e+03	4.232139e+02	4.067531e+02	7.890687e+01	4.208028e+01	7.939185e+01
36	1.031223e+00	2.617811e+03	4.235356e+02	4.080634e+02	7.946212e+01	4.194577e+01	8.022661e+01
37	1.059868e+00	2.616475e+03	4.233929e+02	4.093419e+02	7.932990e+01	4.199425e+01	8.201603e+01
38	1.088513e+00	2.601851e+03	4.231280e+02	4.105319e+02	7.868228e+01	4.210324e+01	8.290160e+01
39	1.117158e+00	2.602361e+03	4.232058e+02	4.117915e+02	7.886161e+01	4.201575e+01	8.420698e+01
40	1.145803e+00	2.603378e+03	4.231861e+02	4.131998e+02	7.913248e+01	4.188829e+01	8.582935e+01
41	1.174449e+00	2.596373e+03	4.230216e+02	4.146175e+02	7.859249e+01	4.206261e+01	8.729525e+01
42	1.203094e+00	2.597666e+03	4.228683e+02	4.159771e+02	7.882491e+01	4.195946e+01	8.887539e+01
43	1.231739e+00	2.609071e+03	4.227590e+02	4.172061e+02	7.936275e+01	4.185808e+01	9.012957e+01
44	1.260384e+00	2.604203e+03	4.226659e+02	4.183684e+02	7.944936e+01	4.173444e+01	9.101265e+01
45	1.289029e+00	2.602559e+03	4.225121e+02	4.196608e+02	7.879176e+01	4.205619e+01	9.283690e+01
46	1.317674e+00	2.606316e+03	4.221930e+02	4.208796e+02	7.898299e+01	4.201492e+01	9.425315e+01
47	1.346319e+00	2.605848e+03	4.218224e+02	4.222317e+02	7.869018e+01	4.216369e+01	9.638644e+01
48	1.374964e+00	2.600736e+03	4.213588e+02	4.234288e+02	7.869159e+01	4.208022e+01	9.785808e+01
49	1.403609e+00	2.577604e+03	4.208515e+02	4.245161e+02	7.817834e+01	4.197976e+01	9.925275e+01
50	1.432254e+00	2.587079e+03	4.205294e+02	4.257926e+02	7.795448e+01	4.225506e+01	1.013755e+02
51	1.460899e+00	2.603698e+03	4.204126e+02	4.268693e+02	7.875192e+01	4.209587e+01	1.027342e+02
52	1.489545e+00	2.575429e+03	4.195954e+02	4.282002e+02	7.778166e+01	4.215825e+01	1.049468e+02
53	1.518190e+00	2.606783e+03	4.190959e+02	4.293854e+02	7.857178e+01	4.224238e+01	1.068777e+02
54	1.546835e+00	2.597029e+03	4.185444e+02	4.304925e+02	7.840568e+01	4.217347e+01	1.091081e+02
55	1.575480e+00	2.603915e+03	4.180264e+02	4.316147e+02	7.871606e+01	4.211856e+01	1.109602e+02
56	1.604125e+00	2.619719e+03	4.172500e+02	4.327343e+02	7.869420e+01	4.238597e+01	1.128986e+02
57	1.632770e+00	2.587407e+03	4.163728e+02	4.337858e+02	7.795683e+01	4.225915e+01	1.151274e+02
58	1.661415e+00	2.585721e+03	4.155221e+02	4.349029e+02	7.779941e+01	4.231707e+01	1.173701e+02
59	1.690060e+00	2.602729e+03	4.149065e+02	4.358445e+02	7.817747e+01	4.238942e+01	1.186777e+02
60	1.718705e+00	2.606569e+03	4.141732e+02	4.366406e+02	7.820897e+01	4.243486e+01	1.201119e+02
61	1.747350e+00	2.610085e+03	4.134980e+02	4.375187e+02	7.778429e+01	4.272410e+01	1.212865e+02
62	1.775995e+00	2.613729e+03	4.125807e+02	4.385044e+02	7.817965e+01	4.256738e+01	1.233303e+02
63	1.804641e+00	2.600895e+03	4.114795e+02	4.393254e+02	7.791143e+01	4.250419e+01	1.252410e+02
64	1.833286e+00	2.617285e+03	4.104580e+02	4.401866e+02	7.848985e+01	4.245684e+01	1.270796e+02
65	1.861931e+00	2.621416e+03	4.096566e+02	4.412307e+02	7.821932e+01	4.267092e+01	1.295036e+02
66	1.890576e+00	2.625297e+03	4.084738e+02	4.418988e+02	7.818105e+01	4.275502e+01	1.310094e+02
67	1.919221e+00	2.614181e+03	4.075938e+02	4.423943e+02	7.806236e+01	4.263871e+01	1.325739e+02
68	1.947866e+00	2.616551e+03	4.066642e+02	4.430835e+02	7.785515e+01	4.279095e+01	1.344417e+02
69	1.976511e+00	2.610616e+03	4.055829e+02	4.437736e+02	7.773207e+01	4.276149e+01	1.363025e+02
70	2.005156e+00	2.634881e+03	4.046619e+02	4.446011e+02	7.858411e+01	4.269101e+01	1.383333e+02
71	2.033801e+00	2.624848e+03	4.036141e+02	4.451886e+02	7.818803e+01	4.274389e+01	1.405375e+02
72	2.062446e+00	2.628315e+03	4.024845e+02	4.457233e+02	7.812867e+01	4.283286e+01	1.428196e+02
73	2.091091e+00	2.626508e+03	4.014132e+02	4.464944e+02	7.780462e+01	4.298168e+01	1.443361e+02
74	2.119736e+00	2.630132e+03	4.001683e+02	4.469139e+02	7.796526e+01	4.295230e+01	1.469824e+02
75	2.148382e+00	2.636578e+03	3.989867e+02	4.474280e+02	7.830035e+01	4.287331e+01	1.489806e+02
76	2.177027e+00	2.633713e+03	3.977049e+02	4.478315e+02	7.830444e+01	4.282448e+01	1.516513e+02
77	2.205672e+00	2.641929e+03	3.964304e+02	4.482078e+02	7.857281e+01	4.281135e+01	1.533397e+02
78	2.234317e+00	2.645523e+03	3.952901e+02	4.486542e+02	7.852713e+01	4.289453e+01	1.552943e+02
79	2.262962e+00	2.635523e+03	3.939974e+02	4.490458e+02	7.829656e+01	4.285823e+01	1.573825e+02
80	2.291607e+00	2.628738e+03	3.927970e+02	4.491497e+02	7.801835e+01	4.290034e+01	1.598561e+02
81	2.320252e+00	2.650149e+03	3.915696e+02	4.495432e+02	7.852930e+01	4.296835e+01	1.617938e+02
82	2.348897e+00	2.633155e+03	3.904048e+02	4.497045e+02	7.790051e+01	4.303743e+01	1.633186e+02
83	2.377542e+00	2.619928e+03	3.893348e+02	4.499503e+02	7.826830e+01	4.262002e+01	1.656214e+02
84	2.406187e+00	2.625094e+03	3.880215e+02	4.499073e+02	7.802525e+01	4.283707e+01	1.676663e+02
85	2.434832e+00	2.651027e+03	3.867567e+02	4.496687e+02	7.853630e+01	4.297875e+01	1.698992e+02
86	2.463478e+00	2.636353e+03	3.854625e+02	4.496315e+02	7.836647e+01	4.283348e+01	1.721899e+02
87	2.492123e+00	2.638839e+03	3.842885e+02	4.495070e+02	7.825659e+01	4.293407e+01	1.739403e+02
88	2.520768e+00	2.632001e+03	3.829982e+02	4.494444e+02	7.851566e+01	4.268151e+01	1.762483e+02
89	2.549413e+00	2.632044e+03	3.817922e+02	4.492600e+02	7.832694e+01	4.278505e+01	1.782760e+02
90	2.578058e+00	2.624726e+03	3.805204e+02	4.490217e+02	7.776172e+01	4.297622e+01	5.981330e-01
91	2.606703e+00	2.631081e+03	3.793636e+02	4.485854e+02	7.791251e+01	4.299689e+01	2.675415e+00
92	2.635348e+00	2.626441e+03	3.781277e+02	4.483159e+02	7.792765e+01	4.291273e+01	4.917839e+00
93	2.663993e+00	2.632717e+03	3.769541e+02	4.478601e+02	7.820458e+01	4.286296e+01	6.705944e+00
94	2.692638e+00	2.632591e+03	3.757944e+02	4.475944e+02	7.802577e+01	4.295912e+01	8.943750e+00
95	2.721283e+00	2.637305e+03	3.746270e+02	4.470886e+02	7.833954e+01	4.286369e+01	1.106560e+01
96	2.749928e+00	2.618218e+03	3.735688e+02	4.465585e+02	7.779990e+01	4.284863e+01	1.334984e+01
97	2.778573e+00	2.620612e+03	3.724796e+02	4.461569e+02	7.819115e+01	4.267321e+01	1.487131e+01
98	2.807219e+00	2.632904e+03	3.714856e+02	4.455617e+02	7.798291e+01	4.298784e+01	1.638375e+01
99	2.835864e+00	2.631943e+03	3.703895e+02	4.450410e+02	7.815240e+01	4.287896e+01	1.832798e+01
100	2.864509e+00	2.617969e+03	3.694464e+02	4.443564e+02	7.800751e+01	4.273051e+01	2.089987e+01
101	2.893154e+00	2.623510e+03	3.683881e+02	4.437094e+02	7.802592e+01	4.281086e+01	2.294115e+01
102	2.921799e+00	2.624653e+03	3.674762e+02	4.430898e+02	7.816221e+01	4.275483e+01	2.514911e+01
103	2.950444e+00	2.629340e+03	3.664977e+02	4.423887e+02	7.842741e+01	4.268634e+01	2.716602e+01
104	2.979089e+00	2.615101e+03	3.655020e+02	4.415279e+02	7.777953e+01	4.280882e+01	2.965701e+01
105	3.007734e+00	2.639986e+03	3.645776e+02	4.407153e+02	7.842953e+01	4.285802e+01	3.178578e+01
106	3.036379e+00	2.611416e+03	3.637703e+02	4.397596e+02	7.787759e+01	4.269466e+01	3.351466e+01
107	3.065024e+00	2.640127e+03	3.630149e+02	4.389991e+02	7.853100e+01	4.280493e+01	3.532067e+01
108	3.093669e+00	2.627077e+03	3.622968e+02	4.381928e+02	7.835241e+01	4.269043e+01	3.711059e+01
109	3.122315e+00	2.629007e+03	3.615347e+02	4.374218e+02	7.822247e+01	4.279277e+01	3.822554e+01
110	3.150960e+00	2.629616e+03	3.610008e+02	4.366424e+02	7.855070e+01	4.262382e+01	3.974593e+01
111	3.179605e+00	2.632336e+03	3.602479e+02	4.358529e+02	7.847682e+01	4.270808e+01	4.155245e+01
112	3.208250e+00	2.621031e+03	3.596193e+02	4.349294e+02	7.828968e+01	4.262632e+01	4.342069e+01
113	3.236895e+00	2.623811e+03	3.588894e+02	4.341081e+02	7.843304e+01	4.259353e+01	4.537645e+01
114	3.265540e+00	2.622735e+03	3.583512e+02	4.330602e+02	7.865074e+01	4.245821e+01	4.743811e+01
115	3.294185e+00	2.629078e+03	3.576728e+02	4.322987e+02	7.872941e+01	4.251836e+01	4.878970e+01
116	3.322830e+00	2.624121e+03	3.572032e+02	4.310252e+02	7.836803e+01	4.263390e+01	5.200886e+01
117	3.351475e+00	2.630239e+03	3.567213e+02	4.299780e+02	7.870995e+01	4.254766e+01	5.345959e+01
118	3.380120e+00	2.637613e+03	3.561914e+02	4.289999e+02	7.882850e+01	4.260278e+01	5.527174e+01
119	3.408765e+00	2.615125e+03	3.558716e+02	4.280609e+02	7.836824e+01	4.248762e+01	5.577781e+01
120	3.437410e+00	2.634189e+03	3.555292e+02	4.271404e+02	7.863041e+01	4.265467e+01	5.641305e+01
121	3.466056e+00	2.622479e+03	3.552543e+02	4.262192e+02	7.863470e+01	4.246273e+01	5.786842e+01
122	3.494701e+00	2.628220e+03	3.548280e+02	4.252225e+02	7.899102e+01	4.236372e+01	5.935510e+01
123	3.523346e+00	2.625238e+03	3.544437e+02	4.241942e+02	7.877003e+01	4.243437e+01	6.143636e+01
124	3.551991e+00	2.623597e+03	3.541211e+02	4.230812e+02	7.862890e+01	4.248396e+01	6.297708e+01
125	3.580636e+00	2.616171e+03	3.538970e+02	4.220515e+02	7.886182e+01	4.223860e+01	6.382350e+01
126	3.609281e+00	2.623240e+03	3.537311e+02	4.211337e+02	7.901376e+01	4.227129e+01	6.465788e+01
127	3.637926e+00	2.622255e+03	3.535618e+02	4.200921e+02	7.890911e+01	4.231145e+01	6.533234e+01
128	3.666571e+00	2.620248e+03	3.534338e+02	4.190961e+02	7.908295e+01	4.218613e+01	6.665105e+01
129	3.695216e+00	2.628590e+03	3.531317e+02	4.180635e+02	7.904775e+01	4.233928e+01	6.736633e+01
130	3.723861e+00	2.616397e+03	3.528910e+02	4.172050e+02	7.916076e+01	4.208272e+01	6.854980e+01
131	3.752506e+00	2.626823e+03	3.528499e+02	4.163725e+02	7.914986e+01	4.225623e+01	6.911654e+01
132	3.781152e+00	2.615342e+03	3.529322e+02	4.157639e+02	7.891169e+01	4.219852e+01	6.844625e+01
133	3.809797e+00	2.620132e+03	3.527277e+02	4.150855e+02	7.899309e+01	4.223225e+01	6.954170e+01
134	3.838442e+00	2.620578e+03	3.525839e+02	4.140153e+02	7.915479e+01	4.215314e+01	7.148811e+01
135	3.867087e+00	2.617033e+03	3.524790e+02	4.128870e+02	7.924557e+01	4.204790e+01	7.320200e+01
136	3.895732e+00	2.626983e+03	3.523920e+02	4.118056e+02	7.913357e+01	4.226751e+01	7.426350e+01
137	3.924377e+00	2.610891e+03	3.522054e+02	4.106547e+02	7.881967e+01	4.217589e+01	7.624333e+01
138	3.953022e+00	2.620639e+03	3.521839e+02	4.096326e+02	7.916006e+01	4.215132e+01	7.764227e+01
139	3.981667e+00	2.613809e+03	3.521162e+02	4.085106e+02	7.915303e+01	4.204519e+01	7.921526e+01
140	4.010312e+00	2.621936e+03	3.522922e+02	4.072914e+02	7.952341e+01	4.197950e+01	8.069264e+01
141	4.038957e+00	2.616937e+03	3.524579e+02	4.061661e+02	7.935468e+01	4.198854e+01	8.243722e+01
142	4.067602e+00	2.624628e+03	3.524873e+02	4.048317e+02	7.922311e+01	4.218188e+01	8.501552e+01
143	4.096247e+00	2.618304e+03	3.526931e+02	4.036167e+02	7.914127e+01	4.212377e+01	8.715565e+01
144	4.124893e+00	2.630588e+03	3.527172e+02	4.026365e+02	7.962004e+01	4.206690e+01	8.817219e+01
145	4.153538e+00	2.626558e+03	3.532135e+02	4.014679e+02	7.950352e+01	4.206402e+01	8.960502e+01
146	4.182183e+00	2.604324e+03	3.536332e+02	4.004246e+02	7.946426e+01	4.172856e+01	9.139639e+01
147	4.210828e+00	2.612581e+03	3.540737e+02	3.993791e+02	7.901455e+01	4.209911e+01	9.263614e+01
148	4.239473e+00	2.624868e+03	3.541989e+02	3.984308e+02	7.943253e+01	4.207452e+01	9.373228e+01
149	4.268118e+00	2.624783e+03	3.544518e+02	3.975222e+02	7.916626e+01	4.221468e+01	9.445582e+01
150	4.296763e+00	2.627201e+03	3.547107e+02	3.964978e+02	7.936012e+01	4.215033e+01	9.546825e+01
151	4.325408e+00	2.628193e+03	3.551279e+02	3.954917e+02	7.931259e+01	4.219153e+01	9.719545e+01
152	4.354053e+00	2.616809e+03	3.554296e+02	3.942953e+02	7.913963e+01	4.210059e+01	9.892939e+01
153	4.382698e+00	2.620169e+03	3.559355e+02	3.932651e+02	7.906190e+01	4.219608e+01	9.958160e+01
154	4.411343e+00	2.617145e+03	3.563535e+02	3.922514e+02	7.890214e+01	4.223272e+01	1.009886e+02
155	4.439989e+00	2.611842e+03	3.570176e+02	3.911909e+02	7.899337e+01	4.209848e+01	1.022150e+02
156	4.468634e+00	2.620444e+03	3.576972e+02	3.904367e+02	7.893039e+01	4.227083e+01	1.037990e+02
157	4.497279e+00	2.615671e+03	3.580803e+02	3.895295e+02	7.906052e+01	4.212438e+01	1.047805e+02
158	4.525924e+00	2.630859e+03	3.586616e+02	3.885126e+02	7.909086e+01	4.235273e+01	1.065898e+02
159	4.554569e+00	2.623513e+03	3.593605e+02	3.874401e+02	7.907303e+01	4.224399e+01	1.089360e+02
160	4.583214e+00	2.624727e+03	3.602644e+02	3.864884e+02	7.886370e+01	4.237573e+01	1.109506e+02
161	4.611859e+00	2.614849e+03	3.609916e+02	3.855692e+02	7.859082e+01	4.236283e+01	1.123471e+02
162	4.640504e+00	2.645924e+03	3.616478e+02	3.847442e+02	7.925743e+01	4.250573e+01	1.132004e+02
163	4.669149e+00	2.631770e+03	3.626172e+02	3.839212e+02	7.918016e+01	4.231962e+01	1.147610e+02
164	4.697794e+00	2.637962e+03	3.633798e+02	3.831052e+02	7.897530e+01	4.252921e+01	1.168816e+02
165	4.726439e+00	2.644626e+03	3.642097e+02	3.824651e+02	7.897361e+01	4.263757e+01	1.183260e+02
166	4.755085e+00	2.647379e+03	3.650374e+02	3.816129e+02	7.883747e+01	4.275566e+01	1.197865e+02
167	4.783730e+00	2.645121e+03	3.659836e+02	3.809778e+02	7.861574e+01	4.283968e+01	1.213612e+02
168	4.812375e+00	2.642732e+03	3.669147e+02	3.802333e+02	7.893136e+01	4.262983e+01	1.228154e+02
169	4.841020e+00	2.635265e+03	3.676373e+02	3.795799e+02	7.907822e+01	4.243044e+01	1.242268e+02
170	4.869665e+00	2.644875e+03	3.685564e+02	3.789860e+02	7.865040e+01	4.281681e+01	1.257304e+02
171	4.898310e+00	2.645233e+03	3.695502e+02	3.782700e+02	7.882772e+01	4.272627e+01	1.278627e+02
172	4.926955e+00	2.650057e+03	3.706670e+02	3.777083e+02	7.881696e+01	4.281004e+01	1.303479e+02
173	4.955600e+00	2.632200e+03	3.715808e+02	3.770452e+02	7.871459e+01	4.257687e+01	1.320533e+02
174	4.984245e+00	2.637668e+03	3.727473e+02	3.765130e+02	7.860831e+01	4.272301e+01	1.341433e+02
175	5.012890e+00	2.651454e+03	3.738686e+02	3.760958e+02	7.894954e+01	4.276067e+01	1.356737e+02
176	5.041535e+00	2.655557e+03	3.746444e+02	3.756414e+02	7.870481e+01	4.296003e+01	1.369348e+02
177	5.070180e+00	2.650911e+03	3.755136e+02	3.753945e+02	7.881643e+01	4.282413e+01	1.376482e+02
178	5.098826e+00	2.633104e+03	3.766837e+02	3.751901e+02	7.843124e+01	4.274537e+01	1.395836e+02
179	5.127471e+00	2.636965e+03	3.775843e+02	3.747604e+02	7.847343e+01	4.278502e+01	1.412862e+02
180	5.156116e+00	2.635772e+03	3.788631e+02	3.746682e+02	7.851634e+01	4.274231e+01	1.428211e+02
181	5.184761e+00	2.639674e+03	3.800322e+02	3.743587e+02	7.838406e+01	4.287781e+01	1.449587e+02
182	5.213406e+00	2.642776e+03	3.813676e+02	3.739441e+02	7.849432e+01	4.286790e+01	1.476755e+02
183	5.242051e+00	2.647424e+03	3.827156e+02	3.737430e+02	7.872802e+01	4.281583e+01	1.499972e+02
184	5.270696e+00	2.640180e+03	3.840213e+02	3.735836e+02	7.861513e+01	4.275998e+01	1.524557e+02
185	5.299341e+00	2.645135e+03	3.853568e+02	3.734003e+02	7.876565e+01	4.275836e+01	1.545432e+02
186	5.327986e+00	2.652532e+03	3.867640e+02	3.734902e+02	7.875196e+01	4.288540e+01	1.567951e+02
187	5.356631e+00	2.649387e+03	3.880424e+02	3.735224e+02	7.860819e+01	4.291289e+01	1.589054e+02
188	5.385276e+00	2.638411e+03	3.893524e+02	3.736479e+02	7.848000e+01	4.280491e+01	1.610050e+02
189	5.413922e+00	2.639626e+03	3.905870e+02	3.737631e+02	7.851929e+01	4.280318e+01	1.626890e+02
190	5.442567e+00	2.640789e+03	3.919320e+02	3.742089e+02	7.840947e+01	4.288203e+01	1.644422e+02
191	5.471212e+00	2.643315e+03	3.932475e+02	3.743188e+02	7.844493e+01	4.290365e+01	1.666576e+02
192	5.499857e+00	2.651961e+03	3.944393e+02	3.745230e+02	7.860213e+01	4.295789e+01	1.686640e+02
193	5.528502e+00	2.645909e+03	3.957418e+02	3.747686e+02	7.840520e+01	4.296750e+01	1.714528e+02
194	5.557147e+00	2.628592e+03	3.970401e+02	3.754304e+02	7.805845e+01	4.287592e+01	1.734377e+02
195	5.585792e+00	2.633190e+03	3.982214e+02	3.756229e+02	7.811755e+01	4.291843e+01	1.752418e+02
196	5.614437e+00	2.648027e+03	3.995407e+02	3.760075e+02	7.820660e+01	4.311111e+01	1.778111e+02
197	5.643082e+00	2.637644e+03	4.007436e+02	3.762576e+02	7.853021e+01	4.276511e+01	1.601112e-01
198	5.671727e+00	2.636117e+03	4.020937e+02	3.768200e+02	7.808892e+01	4.298187e+01	2.820904e+00
199	5.700372e+00	2.637559e+03	4.032199e+02	3.773932e+02	7.829234e+01	4.289366e+01	4.528441e+00
200	5.729017e+00	2.633168e+03	4.043220e+02	3.780093e+02	7.817858e+01	4.288456e+01	6.870768e+00
201	5.757663e+00	2.654129e+03	4.053788e+02	3.790982e+02	7.823328e+01	4.319571e+01	9.611665e+00
202	5.786308e+00	2.618636e+03	4.065781e+02	3.795100e+02	7.786269e+01	4.282091e+01	1.052742e+01
203	5.814953e+00	2.624966e+03	4.076102e+02	3.802204e+02	7.818721e+01	4.274625e+01	1.237760e+01
204	5.843598e+00	2.639328e+03	4.087715e+02	3.809838e+02	7.831989e+01	4.290733e+01	1.428036e+01
205	5.872243e+00	2.632207e+03	4.098908e+02	3.815945e+02	7.846616e+01	4.271178e+01	1.588820e+01
206	5.900888e+00	2.627649e+03	4.110395e+02	3.825149e+02	7.824754e+01	4.275695e+01	1.701921e+01
207	5.929533e+00	2.640944e+03	4.121002e+02	3.834048e+02	7.879871e+01	4.267271e+01	1.859340e+01
208	5.958178e+00	2.606904e+03	4.130080e+02	3.845106e+02	7.795773e+01	4.257708e+01	1.976058e+01
209	5.986823e+00	2.625782e+03	4.141104e+02	3.850672e+02	7.829787e+01	4.269912e+01	2.169930e+01
210	6.015468e+00	2.640531e+03	4.150164e+02	3.859025e+02	7.859472e+01	4.277677e+01	2.311799e+01
211	6.044113e+00	2.629044e+03	4.159865e+02	3.867130e+02	7.856206e+01	4.260838e+01	2.405605e+01
212	6.072759e+00	2.632712e+03	4.168040e+02	3.876417e+02	7.857039e+01	4.266331e+01	2.560107e+01
213	6.101404e+00	2.628131e+03	4.176989e+02	3.884137e+02	7.857764e+01	4.258514e+01	2.754527e+01
214	6.130049e+00	2.637116e+03	4.185308e+02	3.895423e+02	7.843021e+01	4.281106e+01	2.928362e+01
215	6.158694e+00	2.625479e+03	4.192025e+02	3.905686e+02	7.807822e+01	4.281429e+01	3.050259e+01
216	6.187339e+00	2.604419e+03	4.199044e+02	3.916232e+02	7.776066e+01	4.264431e+01	3.159389e+01
217	6.215984e+00	2.632040e+03	4.209910e+02	3.924002e+02	7.846569e+01	4.270934e+01	3.346465e+01
218	6.244629e+00	2.626685e+03	4.217384e+02	3.933031e+02	7.834116e+01	4.269019e+01	3.538472e+01
219	6.273274e+00	2.625551e+03	4.223792e+02	3.944452e+02	7.830276e+01	4.269268e+01	3.701652e+01
220	6.301919e+00	2.630883e+03	4.229954e+02	3.955033e+02	7.844711e+01	4.270067e+01	3.834707e+01
221	6.330564e+00	2.609591e+03	4.236637e+02	3.965007e+02	7.773344e+01	4.274396e+01	3.913328e+01
222	6.359209e+00	2.616649e+03	4.240767e+02	3.975628e+02	7.800916e+01	4.270808e+01	4.016962e+01
223	6.387854e+00	2.622461e+03	4.247143e+02	3.987067e+02	7.821791e+01	4.268870e+01	4.167975e+01
224	6.416500e+00	2.630821e+03	4.254866e+02	3.996319e+02	7.828259e+01	4.278940e+01	4.292086e+01
225	6.445145e+00	2.623090e+03	4.259096e+02	4.010411e+02	7.822251e+01	4.269644e+01	4.475249e+01
226	6.473790e+00	2.596988e+03	4.263611e+02	4.023959e+02	7.745148e+01	4.269239e+01	4.603951e+01
227	6.502435e+00	2.593327e+03	4.270475e+02	4.036592e+02	7.729999e+01	4.271574e+01	4.818822e+01
228	6.531080e+00	2.611494e+03	4.276779e+02	4.047258e+02	7.805579e+01	4.259848e+01	4.991877e+01
229	6.559725e+00	2.607151e+03	4.280880e+02	4.059261e+02	7.784528e+01	4.264263e+01	5.113342e+01
230	6.588370e+00	2.595761e+03	4.284500e+02	4.072432e+02	7.763365e+01	4.257207e+01	5.380749e+01
231	6.617015e+00	2.594775e+03	4.288130e+02	4.085339e+02	7.743806e+01	4.266339e+01	5.490279e+01
232	6.645660e+00	2.613705e+03	4.293597e+02	4.095508e+02	7.806319e+01	4.263050e+01	5.606557e+01
233	6.674305e+00	2.616518e+03	4.298047e+02	4.107176e+02	7.830351e+01	4.254539e+01	5.733014e+01
234	6.702950e+00	2.612635e+03	4.302058e+02	4.119707e+02	7.820639e+01	4.253502e+01	5.856393e+01
235	6.731596e+00	2.605232e+03	4.304564e+02	4.133678e+02	7.812396e+01	4.245925e+01	6.099300e+01
236	6.760241e+00	2.610241e+03	4.307090e+02	4.146857e+02	7.820349e+01	4.249762e+01	6.175669e+01
237	6.788886e+00	2.596955e+03	4.311174e+02	4.159654e+02	7.792410e+01	4.243290e+01	6.340551e+01
238	6.817531e+00	2.609186e+03	4.314349e+02	4.171331e+02	7.864596e+01	4.224144e+01	6.458435e+01
239	6.846176e+00	2.596880e+03	4.315752e+02	4.182940e+02	7.850162e+01	4.211952e+01	6.467854e+01
240	6.874821e+00	2.601274e+03	4.318020e+02	4.194507e+02	7.818784e+01	4.236011e+01	6.662698e+01
241	6.903466e+00	2.609818e+03	4.319605e+02	4.205463e+02	7.820300e+01	4.249100e+01	6.651447e+01
242	6.932111e+00	2.587755e+03	4.319610e+02	4.216131e+02	7.788274e+01	4.230504e+01	6.606886e+01
243	6.960756e+00	2.618214e+03	4.324686e+02	4.226257e+02	7.888511e+01	4.225909e+01	6.707735e+01
244	6.989401e+00	2.605848e+03	4.325202e+02	4.237412e+02	7.840610e+01	4.231646e+01	6.702598e+01
245	7.018046e+00	2.606877e+03	4.326630e+02	4.249380e+02	7.830474e+01	4.238796e+01	6.684288e+01
246	7.046691e+00	2.598023e+03	4.327035e+02	4.262300e+02	7.830141e+01	4.224580e+01	6.753170e+01
247	7.075337e+00	2.601253e+03	4.328468e+02	4.275338e+02	7.817683e+01	4.236572e+01	6.850253e+01
248	7.103982e+00	2.611486e+03	4.331224e+02	4.284663e+02	7.888737e+01	4.214930e+01	6.824393e+01
249	7.132627e+00	2.609286e+03	4.334281e+02	4.296634e+02	7.862119e+01	4.225637e+01	6.891496e+01
250	7.161272e+00	2.609014e+03	4.334863e+02	4.309130e+02	7.871124e+01	4.220363e+01	6.902340e+01
251	7.189917e+00	2.596605e+03	4.333119e+02	4.320115e+02	7.825452e+01	4.224804e+01	6.894782e+01
252	7.218562e+00	2.605294e+03	4.334715e+02	4.331391e+02	7.836436e+01	4.233000e+01	6.992927e+01
253	7.247207e+00	2.608468e+03	4.334133e+02	4.340658e+02	7.825827e+01	4.243903e+01	6.992405e+01
254	7.275852e+00	2.600398e+03	4.334698e+02	4.352060e+02	7.840543e+01	4.222832e+01	7.045581e+01
255	7.304497e+00	2.619168e+03	4.335484e+02	4.362848e+02	7.903937e+01	4.219199e+01	7.142850e+01
256	7.333142e+00	2.617777e+03	4.336371e+02	4.373611e+02	7.896941e+01	4.220693e+01	7.308580e+01
257	7.361787e+00	2.613495e+03	4.335271e+02	4.386857e+02	7.891720e+01	4.216579e+01	7.440883e+01
258	7.390433e+00	2.605251e+03	4.333468e+02	4.399652e+02	7.862379e+01	4.218963e+01	7.475806e+01
259	7.419078e+00	2.595653e+03	4.331760e+02	4.410665e+02	7.839165e+01	4.215867e+01	7.534351e+01
260	7.447723e+00	2.601832e+03	4.331974e+02	4.421475e+02	7.852043e+01	4.218973e+01	7.652167e+01
261	7.476368e+00	2.591995e+03	4.328332e+02	4.434765e+02	7.858141e+01	4.199760e+01	7.727824e+01
262	7.505013e+00	2.617207e+03	4.328944e+02	4.445393e+02	7.901962e+01	4.217094e+01	7.736924e+01
263	7.533658e+00	2.600247e+03	4.325853e+02	4.457172e+02	7.838963e+01	4.223438e+01	7.786335e+01
264	7.562303e+00	2.598294e+03	4.325773e+02	4.468256e+02	7.862527e+01	4.207617e+01	7.843635e+01
265	7.590948e+00	2.603444e+03	4.326239e+02	4.480552e+02	7.868500e+01	4.212757e+01	7.970311e+01
266	7.619593e+00	2.594436e+03	4.324514e+02	4.492846e+02	7.861604e+01	4.201863e+01	8.055817e+01
267	7.648238e+00	2.604862e+03	4.322018e+02	4.505367e+02	7.881947e+01	4.207861e+01	8.214923e+01
268	7.676883e+00	2.590741e+03	4.320289e+02	4.517254e+02	7.874337e+01	4.189094e+01	8.329092e+01
269	7.705529e+00	2.607418e+03	4.319674e+02	4.530351e+02	7.924285e+01	4.189485e+01	8.432082e+01
270	7.734174e+00	2.593286e+03	4.315970e+02	4.543532e+02	7.874708e+01	4.193011e+01	8.552089e+01
271	7.762819e+00	2.593662e+03	4.312631e+02	4.557169e+02	7.873803e+01	4.194101e+01	8.664732e+01
272	7.791464e+00	2.599307e+03	4.310737e+02	4.570106e+02	7.855971e+01	4.212770e+01	8.862457e+01
273	7.820109e+00	2.597628e+03	4.308766e+02	4.581974e+02	7.861845e+01	4.206905e+01	9.016566e+01
274	7.848754e+00	2.596208e+03	4.303235e+02	4.594216e+02	7.895622e+01	4.186617e+01	9.121259e+01
275	7.877399e+00	2.605106e+03	4.300880e+02	4.604954e+02	7.905139e+01	4.195909e+01	9.236017e+01
276	7.906044e+00	2.608088e+03	4.295822e+02	4.618226e+02	7.913080e+01	4.196495e+01	9.378682e+01
277	7.934689e+00	2.603124e+03	4.293451e+02	4.631049e+02	7.910580e+01	4.189832e+01	9.519283e+01
278	7.963334e+00	2.602318e+03	4.290181e+02	4.642629e+02	7.915458e+01	4.185954e+01	9.605795e+01
279	7.991979e+00	2.603127e+03	4.287087e+02	4.655264e+02	7.903846e+01	4.193406e+01	9.771943e+01
280	8.020624e+00	2.609193e+03	4.281458e+02	4.666701e+02	7.898597e+01	4.205972e+01	9.901546e+01
281	8.049270e+00	2.597823e+03	4.276163e+02	4.680572e+02	7.867046e+01	4.204439e+01	1.007791e+02
282	8.077915e+00	2.607042e+03	4.270122e+02	4.691388e+02	7.897596e+01	4.203037e+01	1.022052e+02
283	8.106560e+00	2.602423e+03	4.265294e+02	4.703423e+02	7.882868e+01	4.203429e+01	1.039893e+02
284	8.135205e+00	2.606719e+03	4.260569e+02	4.714906e+02	7.890265e+01	4.206422e+01	1.055613e+02
285	8.163850e+00	2.601240e+03	4.255315e+02	4.726961e+02	7.903891e+01	4.190343e+01	1.070532e+02
286	8.192495e+00	2.605882e+03	4.247817e+02	4.737214e+02	7.894090e+01	4.203033e+01	1.087113e+02
287	8.221140e+00	2.610829e+03	4.241580e+02	4.748677e+02	7.887180e+01	4.214701e+01	1.101625e+02
288	8.249785e+00	2.598661e+03	4.233280e+02	4.758526e+02	7.889090e+01	4.194043e+01	1.109607e+02
289	8.278430e+00	2.607656e+03	4.226646e+02	4.770396e+02	7.887654e+01	4.209327e+01	1.131033e+02
290	8.307075e+00	2.611732e+03	4.216468e+02	4.779650e+02	7.894429e+01	4.212288e+01	1.139118e+02
291	8.335720e+00	2.611875e+03	4.209972e+02	4.789868e+02	7.870345e+01	4.225409e+01	1.159844e+02
292	8.364366e+00	2.633642e+03	4.197509e+02	4.799112e+02	7.934695e+01	4.226069e+01	1.169188e+02
293	8.393011e+00	2.611634e+03	4.192561e+02	4.809050e+02	7.899134e+01	4.209621e+01	1.187393e+02
294	8.421656e+00	2.611202e+03	4.182746e+02	4.818322e+02	7.887372e+01	4.215201e+01	1.201513e+02
295	8.450301e+00	2.624779e+03	4.173539e+02	4.828478e+02	7.892033e+01	4.234615e+01	1.219142e+02
296	8.478946e+00	2.622516e+03	4.165200e+02	4.837760e+02	7.883652e+01	4.235463e+01	1.230963e+02
297	8.507591e+00	2.615758e+03	4.153670e+02	4.845028e+02	7.853035e+01	4.241018e+01	1.247906e+02
298	8.536236e+00	2.616929e+03	4.144646e+02	4.852803e+02	7.839028e+01	4.250499e+01	1.264837e+02
299	8.564881e+00	2.619748e+03	4.136104e+02	4.861060e+02	7.856775e+01	4.245466e+01	1.276810e+02
300	8.593526e+00	2.626199e+03	4.125884e+02	4.869093e+02	7.845145e+01	4.262228e+01	1.286328e+02
301	8.622171e+00	2.620510e+03	4.115449e+02	4.877457e+02	7.845061e+01	4.253041e+01	1.304139e+02
302	8.650816e+00	2.632422e+03	4.106264e+02	4.885300e+02	7.861081e+01	4.263667e+01	1.317448e+02
303	8.679461e+00	2.619808e+03	4.096207e+02	4.892013e+02	7.847512e+01	4.250574e+01	1.333253e+02
304	8.708107e+00	2.622618e+03	4.084827e+02	4.898294e+02	7.817995e+01	4.271199e+01	1.349164e+02
305	8.736752e+00	2.629750e+03	4.075839e+02	4.906839e+02	7.850931e+01	4.264847e+01	1.358604e+02
306	8.765397e+00	2.628731e+03	4.064958e+02	4.913085e+02	7.835085e+01	4.271816e+01	1.377980e+02
307	8.794042e+00	2.632981e+03	4.054125e+02	4.916836e+02	7.849581e+01	4.270820e+01	1.393017e+02
308	8.822687e+00	2.630967e+03	4.046294e+02	4.922606e+02	7.838688e+01	4.273485e+01	1.407775e+02
309	8.851332e+00	2.635751e+03	4.036422e+02	4.927269e+02	7.845818e+01	4.277364e+01	1.423342e+02
310	8.879977e+00	2.641850e+03	4.026523e+02	4.933320e+02	7.843671e+01	4.288436e+01	1.444724e+02
311	8.908622e+00	2.632747e+03	4.013411e+02	4.935693e+02	7.832552e+01	4.279726e+01	1.462796e+02
312	8.937267e+00	2.642975e+03	4.002989e+02	4.940078e+02	7.848871e+01	4.287419e+01	1.484380e+02
313	8.965912e+00	2.640727e+03	3.989768e+02	4.941425e+02	7.865887e+01	4.274506e+01	1.510277e+02
314	8.994557e+00	2.640951e+03	3.978186e+02	4.943970e+02	7.839746e+01	4.289122e+01	1.529901e+02
315	9.023203e+00	2.639587e+03	3.966748e+02	4.944923e+02	7.824013e+01	4.295528e+01	1.543201e+02
316	9.051848e+00	2.646064e+03	3.955021e+02	4.948641e+02	7.829292e+01	4.303165e+01	1.560316e+02
317	9.080493e+00	2.632728e+03	3.942762e+02	4.949326e+02	7.832722e+01	4.279603e+01	1.578072e+02
318	9.109138e+00	2.636745e+03	3.930797e+02	4.950414e+02	7.806082e+01	4.300760e+01	1.587954e+02
319	9.137783e+00	2.637771e+03	3.918171e+02	4.951539e+02	7.821976e+01	4.293690e+01	1.609039e+02
320	9.166428e+00	2.640027e+03	3.905969e+02	4.952904e+02	7.833584e+01	4.290994e+01	1.632263e+02
321	9.195073e+00	2.643393e+03	3.893562e+02	4.952943e+02	7.846483e+01	4.289404e+01	1.653546e+02
322	9.223718e+00	2.656983e+03	3.880056e+02	4.952567e+02	7.854133e+01	4.307255e+01	1.675000e+02
323	9.252363e+00	2.625208e+03	3.868699e+02	4.951889e+02	7.827089e+01	4.270449e+01	1.695849e+02
324	9.281008e+00	2.642645e+03	3.856927e+02	4.951194e+02	7.844019e+01	4.289536e+01	1.710784e+02
325	9.309653e+00	2.645125e+03	3.845985e+02	4.950784e+02	7.845412e+01	4.292799e+01	1.728872e+02
326	9.338298e+00	2.635380e+03	3.833666e+02	4.948017e+02	7.815618e+01	4.293287e+01	1.748062e+02
327	9.366944e+00	2.637802e+03	3.822344e+02	4.944467e+02	7.815536e+01	4.297278e+01	1.768586e+02
328	9.395589e+00	2.625851e+03	3.810213e+02	4.943786e+02	7.829130e+01	4.270382e+01	1.783951e+02
329	9.424234e+00	2.628407e+03	3.800181e+02	4.940778e+02	7.845429e+01	4.265658e+01	4.138327e-01
330	9.452879e+00	2.632737e+03	3.787628e+02	4.936846e+02	7.814937e+01	4.289356e+01	2.120673e+00
331	9.481524e+00	2.644233e+03	3.775543e+02	4.933101e+02	7.829158e+01	4.300261e+01	3.935637e+00
332	9.510169e+00	2.643729e+03	3.764574e+02	4.931237e+02	7.824557e+01	4.301969e+01	5.464928e+00
333	9.538814e+00	2.640938e+03	3.753306e+02	4.927364e+02	7.831458e+01	4.293640e+01	7.707073e+00
334	9.567459e+00	2.629511e+03	3.741628e+02	4.919605e+02	7.807679e+01	4.288083e+01	9.795274e+00
335	9.596104e+00	2.640890e+03	3.729955e+02	4.913227e+02	7.815660e+01	4.302242e+01	1.147934e+01
336	9.624749e+00	2.633473e+03	3.721471e+02	4.905815e+02	7.792044e+01	4.303160e+01	1.331301e+01
337	9.653394e+00	2.633024e+03	3.710566e+02	4.901233e+02	7.786125e+01	4.305698e+01	1.458147e+01
338	9.682040e+00	2.625276e+03	3.700996e+02	4.894200e+02	7.821133e+01	4.273812e+01	1.584218e+01
339	9.710685e+00	2.632758e+03	3.688885e+02	4.889363e+02	7.814215e+01	4.289787e+01	1.745799e+01
340	9.739330e+00	2.636707e+03	3.679870e+02	4.882038e+02	7.852638e+01	4.275200e+01	1.949722e+01
341	9.767975e+00	2.630008e+03	3.669179e+02	4.877361e+02	7.822542e+01	4.280745e+01	2.144917e+01
342	9.796620e+00	2.660878e+03	3.660580e+02	4.867158e+02	7.845378e+01	4.318383e+01	2.258862e+01
343	9.825265e+00	2.633879e+03	3.653342e+02	4.862408e+02	7.832206e+01	4.281755e+01	2.448310e+01
344	9.853910e+00	2.628737e+03	3.646290e+02	4.854855e+02	7.838194e+01	4.270131e+01	2.639226e+01
345	9.882555e+00	2.632095e+03	3.640087e+02	4.848839e+02	7.821227e+01	4.284862e+01	2.721079e+01
346	9.911200e+00	2.634726e+03	3.630724e+02	4.839912e+02	7.855770e+01	4.270284e+01	2.935585e+01
347	9.939845e+00	2.637228e+03	3.621573e+02	4.832254e+02	7.856539e+01	4.273922e+01	3.155799e+01
348	9.968490e+00	2.618506e+03	3.613542e+02	4.823368e+02	7.804815e+01	4.271704e+01	3.289358e+01
349	9.997135e+00	2.635088e+03	3.605299e+02	4.814294e+02	7.832157e+01	4.283747e+01	3.513935e+01
350	1.002578e+01	2.627076e+03	3.597709e+02	4.804257e+02	7.810980e+01	4.282301e+01	3.666664e+01
351	1.005443e+01	2.649010e+03	3.589062e+02	4.795680e+02	7.875826e+01	4.282502e+01	3.886630e+01
352	1.008307e+01	2.644629e+03	3.583932e+02	4.785773e+02	7.883254e+01	4.271391e+01	4.022770e+01
353	1.011172e+01	2.640240e+03	3.577049e+02	4.777987e+02	7.848294e+01	4.283297e+01	4.197163e+01
354	1.014036e+01	2.629925e+03	3.570764e+02	4.767266e+02	7.833344e+01	4.274707e+01	4.372023e+01
355	1.016901e+01	2.633636e+03	3.565022e+02	4.757491e+02	7.840840e+01	4.276646e+01	4.493128e+01
356	1.019765e+01	2.645683e+03	3.558986e+02	4.748419e+02	7.864479e+01	4.283295e+01	4.585823e+01
357	1.022630e+01	2.635686e+03	3.554828e+02	4.737898e+02	7.855157e+01	4.272174e+01	4.771734e+01
358	1.025494e+01	2.638391e+03	3.550116e+02	4.727307e+02	7.881240e+01	4.262404e+01	4.937313e+01
359	1.028359e+01	2.632037e+03	3.544145e+02	4.717767e+02	7.838251e+01	4.275460e+01	5.099612e+01
360	1.031223e+01	2.636444e+03	3.539697e+02	4.706872e+02	7.888351e+01	4.255421e+01	5.317499e+01
361	1.034088e+01	2.639665e+03	3.535440e+02	4.696306e+02	7.878403e+01	4.266000e+01	5.477583e+01
362	1.036952e+01	2.630159e+03	3.530687e+02	4.686367e+02	7.885948e+01	4.246569e+01	5.650290e+01
363	1.039817e+01	2.645170e+03	3.526468e+02	4.675675e+02	7.908674e+01	4.258533e+01	5.755823e+01
364	1.042681e+01	2.628839e+03	3.523483e+02	4.664580e+02	7.861932e+01	4.257403e+01	5.924294e+01
365	1.045546e+01	2.635065e+03	3.520402e+02	4.654729e+02	7.880148e+01	4.257623e+01	6.130359e+01
366	1.048410e+01	2.624749e+03	3.520346e+02	4.643006e+02	7.893619e+01	4.233715e+01	6.220850e+01
367	1.051275e+01	2.638672e+03	3.519987e+02	4.631501e+02	7.891824e+01	4.257142e+01	6.461472e+01
368	1.054139e+01	2.632573e+03	3.517320e+02	4.620783e+02	7.921853e+01	4.231202e+01	6.646961e+01
369	1.057004e+01	2.636815e+03	3.516553e+02	4.611021e+02	7.916716e+01	4.240769e+01	6.762302e+01
370	1.059868e+01	2.639512e+03	3.514934e+02	4.600421e+02	7.916721e+01	4.245105e+01	6.902631e+01
371	1.062733e+01	2.632959e+03	3.513341e+02	4.592046e+02	7.905673e+01	4.240483e+01	6.954846e+01
372	1.065597e+01	2.638500e+03	3.511216e+02	4.581157e+02	7.927529e+01	4.237691e+01	7.021755e+01
373	1.068462e+01	2.644787e+03	3.509365e+02	4.570614e+02	7.940719e+01	4.240734e+01	7.161626e+01
374	1.071326e+01	2.628824e+03	3.509186e+02	4.558423e+02	7.908781e+01	4.232161e+01	7.318462e+01
375	1.074191e+01	2.629647e+03	3.508881e+02	4.547025e+02	7.903197e+01	4.236477e+01	7.400492e+01
376	1.077055e+01	2.632393e+03	3.510939e+02	4.537232e+02	7.909053e+01	4.237761e+01	7.448404e+01
377	1.079920e+01	2.636649e+03	3.510103e+02	4.528589e+02	7.945878e+01	4.224940e+01	7.522627e+01
378	1.082784e+01	2.622594e+03	3.510169e+02	4.517888e+02	7.932191e+01	4.209670e+01	7.689191e+01
379	1.085649e+01	2.624635e+03	3.509852e+02	4.507638e+02	7.944079e+01	4.206641e+01	7.789002e+01
380	1.088513e+01	2.635006e+03	3.510296e+02	4.496623e+02	7.921674e+01	4.235208e+01	7.930873e+01
381	1.091378e+01	2.624821e+03	3.511410e+02	4.485014e+02	7.908080e+01	4.226090e+01	8.122510e+01
382	1.094242e+01	2.640764e+03	3.514763e+02	4.474469e+02	7.930038e+01	4.239986e+01	8.255620e+01
383	1.097107e+01	2.629326e+03	3.515964e+02	4.465788e+02	7.934364e+01	4.219320e+01	8.297335e+01
384	1.099971e+01	2.634275e+03	3.517638e+02	4.456407e+02	7.943165e+01	4.222577e+01	8.448246e+01
385	1.102836e+01	2.620317e+03	3.518889e+02	4.447146e+02	7.911539e+01	4.216994e+01	8.619524e+01
386	1.105700e+01	2.626591e+03	3.521192e+02	4.436970e+02	7.946494e+01	4.208497e+01	8.741389e+01
387	1.108565e+01	2.637677e+03	3.522674e+02	4.425265e+02	7.950544e+01	4.224107e+01	8.911754e+01
388	1.111429e+01	2.632928e+03	3.524982e+02	4.415285e+02	7.900391e+01	4.243269e+01	9.022311e+01
389	1.114294e+01	2.629045e+03	3.527519e+02	4.405960e+02	7.941354e+01	4.215155e+01	9.127207e+01
390	1.117158e+01	2.627256e+03	3.531781e+02	4.395448e+02	7.910103e+01	4.228928e+01	9.282402e+01
391	1.120023e+01	2.638746e+03	3.535528e+02	4.385095e+02	7.935991e+01	4.233569e+01	9.394846e+01
392	1.122887e+01	2.629107e+03	3.539807e+02	4.375059e+02	7.930616e+01	4.220962e+01	9.561057e+01
393	1.125752e+01	2.631336e+03	3.544418e+02	4.365497e+02	7.943166e+01	4.217866e+01	9.692056e+01
394	1.128616e+01	2.629730e+03	3.549308e+02	4.356535e+02	7.933303e+01	4.220531e+01	9.768703e+01
395	1.131481e+01	2.617433e+03	3.552235e+02	4.346032e+02	7.922451e+01	4.206551e+01	9.893719e+01
396	1.134345e+01	2.624238e+03	3.557442e+02	4.337652e+02	7.942447e+01	4.206870e+01	9.948565e+01
397	1.137210e+01	2.632561e+03	3.560528e+02	4.328981e+02	7.914825e+01	4.234940e+01	1.010202e+02
398	1.140074e+01	2.616263e+03	3.564026e+02	4.318962e+02	7.894417e+01	4.219603e+01	1.022859e+02
399	1.142939e+01	2.649057e+03	3.568786e+02	4.307517e+02	7.974168e+01	4.229763e+01	1.041148e+02
400	1.145803e+01	2.640582e+03	3.576773e+02	4.299016e+02	7.951527e+01	4.228236e+01	1.056269e+02
401	1.148668e+01	2.637147e+03	3.583381e+02	4.289547e+02	7.930180e+01	4.234103e+01	1.067098e+02
402	1.151533e+01	2.632732e+03	3.590168e+02	4.282553e+02	7.909705e+01	4.237956e+01	1.072903e+02
403	1.154397e+01	2.624003e+03	3.596144e+02	4.275424e+02	7.914266e+01	4.221471e+01	1.084202e+02
404	1.157262e+01	2.634307e+03	3.602710e+02	4.267943e+02	7.930909e+01	4.229155e+01	1.094332e+02
405	1.160126e+01	2.639510e+03	3.608614e+02	4.260522e+02	7.946075e+01	4.229420e+01	1.100944e+02
406	1.162991e+01	2.641292e+03	3.616956e+02	4.254036e+02	7.931496e+01	4.240054e+01	1.108386e+02
407	1.165855e+01	2.642778e+03	3.623710e+02	4.243790e+02	7.933340e+01	4.241454e+01	1.123444e+02
408	1.168720e+01	2.638664e+03	3.631822e+02	4.235395e+02	7.905447e+01	4.249794e+01	1.142835e+02
409	1.171584e+01	2.629758e+03	3.640533e+02	4.227251e+02	7.880270e+01	4.248981e+01	1.153193e+02
410	1.174449e+01	2.635305e+03	3.648386e+02	4.219838e+02	7.894385e+01	4.250330e+01	1.164223e+02
411	1.177313e+01	2.646124e+03	3.656149e+02	4.211984e+02	7.911607e+01	4.258490e+01	1.178954e+02
412	1.180178e+01	2.636929e+03	3.664852e+02	4.204444e+02	7.910907e+01	4.244067e+01	1.194943e+02
413	1.183042e+01	2.650904e+03	3.675201e+02	4.197748e+02	7.920132e+01	4.261591e+01	1.208619e+02
414	1.185907e+01	2.659843e+03	3.685539e+02	4.191278e+02	7.949879e+01	4.259960e+01	1.225933e+02
415	1.188771e+01	2.650015e+03	3.695556e+02	4.184509e+02	7.925706e+01	4.257166e+01	1.242026e+02
416	1.191636e+01	2.646541e+03	3.705570e+02	4.177946e+02	7.912168e+01	4.258858e+01	1.261073e+02
417	1.194500e+01	2.640866e+03	3.715353e+02	4.172235e+02	7.883439e+01	4.265214e+01	1.278613e+02
418	1.197365e+01	2.644301e+03	3.724679e+02	4.166055e+02	7.909457e+01	4.256712e+01	1.287048e+02
419	1.200229e+01	2.654104e+03	3.734203e+02	4.161134e+02	7.882504e+01	4.287103e+01	1.302502e+02
420	1.203094e+01	2.660885e+03	3.743087e+02	4.155368e+02	7.897279e+01	4.290015e+01	1.319012e+02
421	1.205958e+01	2.657474e+03	3.755041e+02	4.149770e+02	7.882190e+01	4.292717e+01	1.342626e+02
422	1.208823e+01	2.660153e+03	3.765569e+02	4.144854e+02	7.892035e+01	4.291683e+01	1.358914e+02
423	1.211687e+01	2.666562e+03	3.776321e+02	4.140873e+02	7.895391e+01	4.300195e+01	1.378428e+02
424	1.214552e+01	2.659116e+03	3.788688e+02	4.137411e+02	7.891435e+01	4.290338e+01	1.402252e+02
425	1.217416e+01	2.662159e+03	3.800913e+02	4.134606e+02	7.894374e+01	4.293647e+01	1.419103e+02
426	1.220281e+01	2.662355e+03	3.812407e+02	4.129544e+02	7.902117e+01	4.289757e+01	1.439035e+02
427	1.223145e+01	2.665008e+03	3.824528e+02	4.125996e+02	7.892298e+01	4.299374e+01	1.461167e+02
428	1.226010e+01	2.661104e+03	3.835794e+02	4.123536e+02	7.873268e+01	4.303452e+01	1.484300e+02
429	1.228874e+01	2.672158e+03	3.848417e+02	4.122990e+02	7.887119e+01	4.313738e+01	1.508975e+02
430	1.231739e+01	2.656136e+03	3.861064e+02	4.122386e+02	7.870096e+01	4.297149e+01	1.535181e+02
431	1.234603e+01	2.668500e+03	3.874682e+02	4.123601e+02	7.866796e+01	4.318962e+01	1.553210e+02
432	1.237468e+01	2.657261e+03	3.889355e+02	4.125885e+02	7.846227e+01	4.312047e+01	1.570667e+02
433	1.240332e+01	2.661444e+03	3.901396e+02	4.125407e+02	7.871248e+01	4.305106e+01	1.596883e+02
434	1.243197e+01	2.636474e+03	3.915221e+02	4.127550e+02	7.821963e+01	4.291587e+01	1.617533e+02
435	1.246061e+01	2.633008e+03	3.929250e+02	4.129821e+02	7.827746e+01	4.282779e+01	1.634252e+02
436	1.248926e+01	2.650837e+03	3.942447e+02	4.131642e+02	7.847758e+01	4.300782e+01	1.649137e+02
437	1.251790e+01	2.646679e+03	3.954661e+02	4.134761e+02	7.836404e+01	4.300259e+01	1.662764e+02
438	1.254655e+01	2.652010e+03	3.967759e+02	4.138547e+02	7.838293e+01	4.307882e+01	1.681455e+02
439	1.257519e+01	2.655527e+03	3.981173e+02	4.140810e+02	7.855280e+01	4.304267e+01	1.705427e+02
440	1.260384e+01	2.650572e+03	3.994450e+02	4.146147e+02	7.853740e+01	4.297078e+01	1.722188e+02
441	1.263248e+01	2.654115e+03	4.007589e+02	4.150438e+02	7.860843e+01	4.298934e+01	1.748325e+02
442	1.266113e+01	2.653719e+03	4.020437e+02	4.155702e+02	7.857986e+01	4.299855e+01	1.765053e+02
443	1.268977e+01	2.663632e+03	4.032470e+02	4.161452e+02	7.868870e+01	4.309948e+01	1.780477e+02
444	1.271842e+01	2.652057e+03	4.044233e+02	4.168373e+02	7.855247e+01	4.298661e+01	1.798209e+02
445	1.274706e+01	2.659675e+03	4.055368e+02	4.174445e+02	7.831235e+01	4.324226e+01	1.562378e+00
446	1.277571e+01	2.635747e+03	4.067431e+02	4.180943e+02	7.863559e+01	4.267708e+01	3.379402e+00
447	1.280435e+01	2.662500e+03	4.078687e+02	4.187998e+02	7.871760e+01	4.306534e+01	4.909749e+00
448	1.283300e+01	2.667649e+03	4.090573e+02	4.191961e+02	7.892802e+01	4.303359e+01	6.666962e+00
449	1.286164e+01	2.644454e+03	4.100774e+02	4.202497e+02	7.855064e+01	4.286436e+01	7.533592e+00
450	1.289029e+01	2.633130e+03	4.113943e+02	4.208738e+02	7.837354e+01	4.277725e+01	8.921087e+00
451	1.291893e+01	2.637604e+03	4.123400e+02	4.216843e+02	7.833564e+01	4.287068e+01	1.034182e+01
452	1.294758e+01	2.642102e+03	4.134422e+02	4.224116e+02	7.832471e+01	4.294978e+01	1.186235e+01
453	1.297622e+01	2.645344e+03	4.146073e+02	4.231166e+02	7.819854e+01	4.307187e+01	1.356884e+01
454	1.300487e+01	2.638922e+03	4.155660e+02	4.241021e+02	7.835443e+01	4.288181e+01	1.450638e+01
455	1.303351e+01	2.645470e+03	4.164921e+02	4.248656e+02	7.894164e+01	4.266845e+01	1.582556e+01
456	1.306216e+01	2.639172e+03	4.175793e+02	4.257819e+02	7.861538e+01	4.274352e+01	1.737981e+01
457	1.309080e+01	2.650453e+03	4.186199e+02	4.264954e+02	7.888902e+01	4.277732e+01	1.845623e+01
458	1.311945e+01	2.642376e+03	4.196533e+02	4.272571e+02	7.848193e+01	4.286818e+01	1.976725e+01
459	1.314810e+01	2.646738e+03	4.204081e+02	4.284068e+02	7.863210e+01	4.285694e+01	2.116749e+01
460	1.317674e+01	2.647006e+03	4.214058e+02	4.291516e+02	7.860026e+01	4.287865e+01	2.279757e+01
461	1.320539e+01	2.648175e+03	4.221783e+02	4.301613e+02	7.892017e+01	4.272368e+01	2.368527e+01
462	1.323403e+01	2.637131e+03	4.229300e+02	4.312981e+02	7.831957e+01	4.287178e+01	2.568409e+01
463	1.326268e+01	2.638080e+03	4.240484e+02	4.321444e+02	7.831392e+01	4.289030e+01	2.722044e+01
464	1.329132e+01	2.635757e+03	4.246572e+02	4.332383e+02	7.823312e+01	4.289680e+01	2.787393e+01
465	1.331997e+01	2.637666e+03	4.255618e+02	4.340743e+02	7.854066e+01	4.275978e+01	2.954541e+01
466	1.334861e+01	2.643747e+03	4.264077e+02	4.350385e+02	7.872562e+01	4.275766e+01	3.055404e+01
467	1.337726e+01	2.647206e+03	4.274084e+02	4.359623e+02	7.869390e+01	4.283086e+01	3.259546e+01
468	1.340590e+01	2.636557e+03	4.282513e+02	4.370820e+02	7.833094e+01	4.285622e+01	3.392085e+01
469	1.343455e+01	2.628529e+03	4.289310e+02	4.382119e+02	7.852319e+01	4.262114e+01	3.515413e+01
470	1.346319e+01	2.639781e+03	4.296443e+02	4.393482e+02	7.876240e+01	4.267358e+01	3.646337e+01
471	1.349184e+01	2.644516e+03	4.303129e+02	4.404130e+02	7.868882e+01	4.279010e+01	3.794899e+01
472	1.352048e+01	2.635227e+03	4.309521e+02	4.413236e+02	7.855198e+01	4.271408e+01	3.919617e+01
473	1.354913e+01	2.627159e+03	4.313558e+02	4.425740e+02	7.802927e+01	4.286856e+01	4.034044e+01
474	1.357777e+01	2.627286e+03	4.322277e+02	4.435396e+02	7.836246e+01	4.268835e+01	4.138007e+01
475	1.360642e+01	2.624295e+03	4.328463e+02	4.446406e+02	7.800088e+01	4.283741e+01	4.215793e+01
476	1.363506e+01	2.617017e+03	4.333995e+02	4.459141e+02	7.795012e+01	4.274643e+01	4.265549e+01
477	1.366371e+01	2.623303e+03	4.341773e+02	4.468966e+02	7.840173e+01	4.260229e+01	4.336467e+01
478	1.369235e+01	2.624253e+03	4.345840e+02	4.482485e+02	7.820737e+01	4.272364e+01	4.471296e+01
479	1.372100e+01	2.620730e+03	4.350920e+02	4.494968e+02	7.817375e+01	4.268462e+01	4.560212e+01
480	1.374964e+01	2.631582e+03	4.355148e+02	4.505898e+02	7.838065e+01	4.274823e+01	4.609172e+01
481	1.377829e+01	2.623837e+03	4.360194e+02	4.518831e+02	7.818167e+01	4.273090e+01	4.689681e+01
482	1.380693e+01	2.606850e+03	4.363448e+02	4.532242e+02	7.758086e+01	4.278304e+01	4.740671e+01
483	1.383558e+01	2.618364e+03	4.369843e+02	4.543884e+02	7.803085e+01	4.272419e+01	4.895905e+01
484	1.386422e+01	2.614320e+03	4.371840e+02	4.557399e+02	7.755376e+01	4.292062e+01	4.959644e+01
485	1.389287e+01	2.595649e+03	4.375085e+02	4.569081e+02	7.726486e+01	4.277342e+01	4.986921e+01
486	1.392151e+01	2.588569e+03	4.377004e+02	4.581432e+02	7.724953e+01	4.266523e+01	5.053341e+01
487	1.395016e+01	2.590297e+03	4.379793e+02	4.593085e+02	7.713975e+01	4.275447e+01	5.126421e+01
488	1.397880e+01	2.611929e+03	4.384628e+02	4.603456e+02	7.781512e+01	4.273734e+01	5.232964e+01
489	1.400745e+01	2.608329e+03	4.389507e+02	4.616205e+02	7.806139e+01	4.254379e+01	5.387695e+01
490	1.403609e+01	2.615108e+03	4.392480e+02	4.629157e+02	7.785038e+01	4.276998e+01	5.487640e+01
491	1.406474e+01	2.614988e+03	4.394218e+02	4.642646e+02	7.753680e+01	4.294097e+01	5.538587e+01
492	1.409338e+01	2.614288e+03	4.400528e+02	4.653293e+02	7.831525e+01	4.250278e+01	5.645644e+01
493	1.412203e+01	2.598799e+03	4.402281e+02	4.666045e+02	7.797170e+01	4.243711e+01	5.722384e+01
494	1.415067e+01	2.614912e+03	4.406437e+02	4.677583e+02	7.825317e+01	4.254663e+01	5.828783e+01
495	1.417932e+01	2.602928e+03	4.409622e+02	4.690502e+02	7.773088e+01	4.263622e+01	5.981303e+01
496	1.420796e+01	2.610391e+03	4.410864e+02	4.705353e+02	7.797369e+01	4.262532e+01	6.119968e+01
497	1.423661e+01	2.618556e+03	4.414177e+02	4.718426e+02	7.858814e+01	4.242433e+01	6.249898e+01
498	1.426525e+01	2.618711e+03	4.414984e+02	4.731996e+02	7.831741e+01	4.257350e+01	6.363338e+01
499	1.429390e+01	2.603267e+03	4.415714e+02	4.745727e+02	7.782207e+01	4.259180e+01	6.439303e+01
500	1.432254e+01	2.600318e+03	4.418133e+02	4.758844e+02	7.813347e+01	4.237400e+01	6.535813e+01
501	1.435119e+01	2.605451e+03	4.420775e+02	4.768180e+02	7.825411e+01	4.239220e+01	6.476040e+01
502	1.437983e+01	2.600579e+03	4.420393e+02	4.780427e+02	7.818539e+01	4.235012e+01	6.469058e+01
503	1.440848e+01	2.606525e+03	4.423987e+02	4.793164e+02	7.813390e+01	4.247491e+01	6.596980e+01
504	1.443712e+01	2.610714e+03	4.424980e+02	4.805228e+02	7.868438e+01	4.224554e+01	6.648491e+01
505	1.446577e+01	2.620845e+03	4.425773e+02	4.817091e+02	7.888910e+01	4.229943e+01	6.755827e+01
506	1.449441e+01	2.617572e+03	4.426149e+02	4.830945e+02	7.880417e+01	4.229213e+01	6.870896e+01
507	1.452306e+01	2.605535e+03	4.426279e+02	4.843997e+02	7.846523e+01	4.227949e+01	6.917187e+01
508	1.455170e+01	2.595655e+03	4.427737e+02	4.858784e+02	7.825762e+01	4.223090e+01	6.974747e+01
509	1.458035e+01	2.609586e+03	4.430412e+02	4.870685e+02	7.898081e+01	4.206881e+01	7.004345e+01
510	1.460899e+01	2.603914e+03	4.431591e+02	4.883156e+02	7.860574e+01	4.217765e+01	7.047677e+01
511	1.463764e+01	2.616023e+03	4.433253e+02	4.894074e+02	7.892608e+01	4.220181e+01	7.048862e+01
512	1.466628e+01	2.596819e+03	4.432954e+02	4.906878e+02	7.828046e+01	4.223751e+01	7.118695e+01
513	1.469493e+01	2.596793e+03	4.434190e+02	4.915812e+02	7.851872e+01	4.210894e+01	7.018761e+01
514	1.472357e+01	2.598052e+03	4.433175e+02	4.927493e+02	7.855922e+01	4.210763e+01	7.152286e+01
515	1.475222e+01	2.598120e+03	4.433926e+02	4.939676e+02	7.843145e+01	4.217733e+01	7.225885e+01
516	1.478087e+01	2.607451e+03	4.434706e+02	4.950635e+02	7.885493e+01	4.210149e+01	7.308484e+01
517	1.480951e+01	2.615442e+03	4.434989e+02	4.961668e+02	7.878507e+01	4.226796e+01	7.351096e+01
518	1.483816e+01	2.613445e+03	4.434957e+02	4.973112e+02	7.883013e+01	4.221154e+01	7.449540e+01
519	1.486680e+01	2.602404e+03	4.434229e+02	4.986946e+02	7.896298e+01	4.196249e+01	7.654216e+01
520	1.489545e+01	2.607043e+03	4.432762e+02	4.999511e+02	7.877731e+01	4.213638e+01	7.723090e+01
521	1.492409e+01	2.607200e+03	4.430750e+02	5.011806e+02	7.895972e+01	4.204156e+01	7.805518e+01
522	1.495274e+01	2.613395e+03	4.431395e+02	5.022847e+02	7.918217e+01	4.202306e+01	7.872738e+01
523	1.498138e+01	2.617124e+03	4.430171e+02	5.035133e+02	7.917878e+01	4.208484e+01	8.007485e+01
524	1.501003e+01	2.612113e+03	4.429291e+02	5.047654e+02	7.906314e+01	4.206570e+01	8.087438e+01
525	1.503867e+01	2.603777e+03	4.428203e+02	5.060335e+02	7.924036e+01	4.183767e+01	8.229031e+01
526	1.506732e+01	2.618356e+03	4.426520e+02	5.073148e+02	7.935615e+01	4.201054e+01	8.348725e+01
527	1.509596e+01	2.606077e+03	4.423241e+02	5.086450e+02	7.932121e+01	4.183194e+01	8.502223e+01
528	1.512461e+01	2.609919e+03	4.420944e+02	5.098651e+02	7.900825e+01	4.205955e+01	8.655820e+01
529	1.515325e+01	2.615582e+03	4.417156e+02	5.111635e+02	7.898392e+01	4.216380e+01	8.790081e+01
530	1.518190e+01	2.611180e+03	4.415523e+02	5.124348e+02	7.923081e+01	4.196168e+01	8.916217e+01
531	1.521054e+01	2.613554e+03	4.412717e+02	5.137184e+02	7.943820e+01	4.189017e+01	9.035859e+01
532	1.523919e+01	2.614285e+03	4.408495e+02	5.151010e+02	7.921960e+01	4.201753e+01	9.188193e+01
533	1.526783e+01	2.614579e+03	4.404814e+02	5.163886e+02	7.955917e+01	4.184290e+01	9.310600e+01
534	1.529648e+01	2.611639e+03	4.401722e+02	5.177041e+02	7.924841e+01	4.195972e+01	9.458744e+01
535	1.532512e+01	2.620215e+03	4.398163e+02	5.189276e+02	7.950023e+01	4.196418e+01	9.573116e+01
536	1.535377e+01	2.626518e+03	4.390995e+02	5.202623e+02	7.946670e+01	4.208287e+01	9.739986e+01
537	1.538241e+01	2.621120e+03	4.386943e+02	5.212324e+02	7.917985e+01	4.214852e+01	9.739269e+01
538	1.541106e+01	2.606027e+03	4.379710e+02	5.223635e+02	7.927829e+01	4.185379e+01	9.907552e+01
539	1.543970e+01	2.622737e+03	4.374777e+02	5.237024e+02	7.933261e+01	4.209332e+01	1.009544e+02
540	1.546835e+01	2.625920e+03	4.367050e+02	5.248076e+02	7.955357e+01	4.202735e+01	1.022783e+02
541	1.549699e+01	2.611067e+03	4.361043e+02	5.260216e+02	7.934285e+01	4.190061e+01	1.039939e+02
542	1.552564e+01	2.606993e+03	4.354073e+02	5.271495e+02	7.903629e+01	4.199749e+01	1.056858e+02
543	1.555428e+01	2.622759e+03	4.348003e+02	5.282756e+02	7.912827e+01	4.220237e+01	1.069947e+02
544	1.558293e+01	2.609373e+03	4.342319e+02	5.293582e+02	7.902003e+01	4.204449e+01	1.077461e+02
545	1.561157e+01	2.623019e+03	4.335662e+02	5.304985e+02	7.922628e+01	4.215434e+01	1.084181e+02
546	1.564022e+01	2.610310e+03	4.329615e+02	5.315344e+02	7.895976e+01	4.209169e+01	1.105154e+02
547	1.566886e+01	2.620233e+03	4.322081e+02	5.326304e+02	7.912897e+01	4.216135e+01	1.124865e+02
548	1.569751e+01	2.615188e+03	4.313543e+02	5.336993e+02	7.896875e+01	4.216555e+01	1.142573e+02
549	1.572615e+01	2.620031e+03	4.305677e+02	5.346941e+02	7.886510e+01	4.229916e+01	1.154627e+02
550	1.575480e+01	2.620430e+03	4.297825e+02	5.357313e+02	7.926376e+01	4.209281e+01	1.175488e+02
551	1.578344e+01	2.615449e+03	4.288971e+02	5.366094e+02	7.906752e+01	4.211708e+01	1.184139e+02
552	1.581209e+01	2.624232e+03	4.278277e+02	5.374742e+02	7.918686e+01	4.219482e+01	1.195021e+02
553	1.584073e+01	2.618639e+03	4.270140e+02	5.382518e+02	7.896088e+01	4.222540e+01	1.206731e+02
554	1.586938e+01	2.630560e+03	4.260259e+02	5.390041e+02	7.880408e+01	4.250202e+01	1.226510e+02
555	1.589802e+01	2.617688e+03	4.250516e+02	5.398472e+02	7.858417e+01	4.241241e+01	1.248155e+02
556	1.592667e+01	2.626085e+03	4.239972e+02	5.406461e+02	7.861755e+01	4.253039e+01	1.268970e+02
557	1.595531e+01	2.628137e+03	4.231322e+02	5.415377e+02	7.866766e+01	4.253651e+01	1.285986e+02
558	1.598396e+01	2.619552e+03	4.220491e+02	5.422746e+02	7.864269e+01	4.241102e+01	1.312873e+02
559	1.601260e+01	2.633694e+03	4.210451e+02	5.429520e+02	7.852871e+01	4.270187e+01	1.325724e+02
560	1.604125e+01	2.629259e+03	4.200999e+02	5.436555e+02	7.867213e+01	4.255225e+01	1.342718e+02
561	1.606989e+01	2.634116e+03	4.189646e+02	5.442145e+02	7.867685e+01	4.262830e+01	1.367357e+02
562	1.609854e+01	2.630278e+03	4.177365e+02	5.446407e+02	7.842844e+01	4.270101e+01	1.383856e+02
563	1.612718e+01	2.622514e+03	4.166750e+02	5.452737e+02	7.835005e+01	4.261757e+01	1.407111e+02
564	1.615583e+01	2.641155e+03	4.154208e+02	5.457993e+02	7.864209e+01	4.276112e+01	1.425382e+02
565	1.618447e+01	2.636284e+03	4.143722e+02	5.463340e+02	7.849889e+01	4.276010e+01	1.447811e+02
566	1.621312e+01	2.647833e+03	4.130522e+02	5.467668e+02	7.892274e+01	4.271679e+01	1.469756e+02
567	1.624176e+01	2.645514e+03	4.118318e+02	5.470828e+02	7.847629e+01	4.292217e+01	1.495169e+02
568	1.627041e+01	2.650812e+03	4.106092e+02	5.474017e+02	7.855611e+01	4.296444e+01	1.513348e+02
569	1.629905e+01	2.641839e+03	4.095354e+02	5.477295e+02	7.833954e+01	4.293738e+01	1.536351e+02
570	1.632770e+01	2.639607e+03	4.082565e+02	5.479681e+02	7.841015e+01	4.286246e+01	1.559106e+02
571	1.635634e+01	2.615715e+03	4.068941e+02	5.481512e+02	7.806691e+01	4.266125e+01	1.587889e+02
572	1.638499e+01	2.631942e+03	4.057862e+02	5.484006e+02	7.812772e+01	4.289249e+01	1.601135e+02
573	1.641364e+01	2.641117e+03	4.048125e+02	5.485611e+02	7.820431e+01	4.299987e+01	1.617779e+02
574	1.644228e+01	2.630361e+03	4.036922e+02	5.485087e+02	7.803664e+01	4.291676e+01	1.633856e+02
575	1.647093e+01	2.634326e+03	4.024517e+02	5.485351e+02	7.844043e+01	4.276019e+01	1.657516e+02
576	1.649957e+01	2.636066e+03	4.012808e+02	5.484556e+02	7.826528e+01	4.288419e+01	1.675372e+02
577	1.652822e+01	2.632222e+03	4.000192e+02	5.484908e+02	7.811326e+01	4.290499e+01	1.695461e+02
578	1.655686e+01	2.644132e+03	3.988155e+02	5.482121e+02	7.825025e+01	4.302368e+01	1.718560e+02
579	1.658551e+01	2.635654e+03	3.975453e+02	5.480399e+02	7.796462e+01	4.304284e+01	1.742679e+02
580	1.661415e+01	2.638586e+03	3.964329e+02	5.478679e+02	7.817516e+01	4.297468e+01	1.763559e+02
581	1.664280e+01	2.630152e+03	3.952894e+02	5.475721e+02	7.816286e+01	4.284406e+01	1.782143e+02
582	1.667144e+01	2.621528e+03	3.941461e+02	5.474648e+02	7.825220e+01	4.265481e+01	1.798887e+02
583	1.670009e+01	2.625800e+03	3.930283e+02	5.470864e+02	7.816208e+01	4.277359e+01	1.514129e+00
584	1.672873e+01	2.629405e+03	3.918802e+02	5.465928e+02	7.804348e+01	4.289740e+01	2.704993e+00
585	1.675738e+01	2.626868e+03	3.907284e+02	5.462975e+02	7.803687e+01	4.285963e+01	5.202111e+00
586	1.678602e+01	2.645242e+03	3.894478e+02	5.457894e+02	7.820117e+01	4.306876e+01	7.742016e+00
587	1.681467e+01	2.640937e+03	3.883032e+02	5.452738e+02	7.828564e+01	4.295226e+01	9.799857e+00
588	1.684331e+01	2.632556e+03	3.873450e+02	5.447261e+02	7.830622e+01	4.280470e+01	1.171286e+01
589	1.687196e+01	2.636272e+03	3.862167e+02	5.440790e+02	7.823339e+01	4.290503e+01	1.401366e+01
590	1.690060e+01	2.630493e+03	3.851283e+02	5.434143e+02	7.833184e+01	4.275716e+01	1.542297e+01
591	1.692925e+01	2.643433e+03	3.839930e+02	5.427977e+02	7.851158e+01	4.286913e+01	1.728388e+01
592	1.695789e+01	2.638139e+03	3.832128e+02	5.421779e+02	7.848602e+01	4.279722e+01	1.851357e+01
593	1.698654e+01	2.627665e+03	3.822192e+02	5.414621e+02	7.820679e+01	4.277949e+01	2.011363e+01
594	1.701518e+01	2.637516e+03	3.812487e+02	5.407448e+02	7.844654e+01	4.280863e+01	2.269317e+01
595	1.704383e+01	2.640324e+03	3.803998e+02	5.399713e+02	7.844858e+01	4.285311e+01	2.439614e+01
596	1.707247e+01	2.633295e+03	3.795685e+02	5.392473e+02	7.825742e+01	4.284342e+01	2.576666e+01
597	1.710112e+01	2.634236e+03	3.785050e+02	5.386650e+02	7.818260e+01	4.289975e+01	2.775004e+01
598	1.712976e+01	2.636621e+03	3.778668e+02	5.377155e+02	7.844462e+01	4.279517e+01	2.938106e+01
599	1.715841e+01	2.634271e+03	3.771146e+02	5.366791e+02	7.831143e+01	4.282973e+01	3.083146e+01
600	1.718705e+01	2.643130e+03	3.762119e+02	5.359669e+02	7.868003e+01	4.277245e+01	3.247008e+01
601	1.721570e+01	2.647119e+03	3.756266e+02	5.350169e+02	7.874501e+01	4.280166e+01	3.371922e+01
602	1.724434e+01	2.636199e+03	3.751020e+02	5.341667e+02	7.832858e+01	4.285170e+01	3.475381e+01
603	1.727299e+01	2.636622e+03	3.742944e+02	5.332172e+02	7.814754e+01	4.295787e+01	3.617449e+01
604	1.730163e+01	2.649414e+03	3.735730e+02	5.324415e+02	7.861071e+01	4.291195e+01	3.757826e+01
605	1.733028e+01	2.642697e+03	3.729635e+02	5.313871e+02	7.828136e+01	4.298323e+01	3.947121e+01
606	1.735892e+01	2.638916e+03	3.722632e+02	5.304886e+02	7.827964e+01	4.292268e+01	4.138084e+01
607	1.738757e+01	2.631877e+03	3.716264e+02	5.294263e+02	7.828420e+01	4.280569e+01	4.289843e+01
608	1.741621e+01	2.645386e+03	3.709438e+02	5.284654e+02	7.850511e+01	4.290435e+01	4.444835e+01
609	1.744486e+01	2.645266e+03	3.705779e+02	5.272486e+02	7.848179e+01	4.291514e+01	4.586578e+01
610	1.747350e+01	2.647784e+03	3.699149e+02	5.262659e+02	7.857472e+01	4.290519e+01	4.764626e+01
611	1.750215e+01	2.650081e+03	3.695128e+02	5.252307e+02	7.862840e+01	4.291309e+01	4.832006e+01
612	1.753079e+01	2.635681e+03	3.692728e+02	5.242159e+02	7.822379e+01	4.290067e+01	4.873297e+01
613	1.755944e+01	2.641623e+03	3.688316e+02	5.233454e+02	7.854383e+01	4.282220e+01	5.021023e+01
614	1.758808e+01	2.644796e+03	3.684070e+02	5.224606e+02	7.893281e+01	4.266235e+01	5.140247e+01
615	1.761673e+01	2.650582e+03	3.681031e+02	5.214585e+02	7.883054e+01	4.281115e+01	5.276994e+01
616	1.764537e+01	2.625962e+03	3.676596e+02	5.207105e+02	7.825351e+01	4.272625e+01	5.336508e+01
617	1.767402e+01	2.640257e+03	3.675993e+02	5.196570e+02	7.839936e+01	4.287891e+01	5.331043e+01
618	1.770266e+01	2.644578e+03	3.673647e+02	5.185160e+02	7.840115e+01	4.294810e+01	5.435809e+01
619	1.773131e+01	2.655909e+03	3.670593e+02	5.174320e+02	7.884720e+01	4.288813e+01	5.635109e+01
620	1.775995e+01	2.650229e+03	3.667044e+02	5.163369e+02	7.916965e+01	4.262209e+01	5.742171e+01
621	1.778860e+01	2.642049e+03	3.664771e+02	5.154816e+02	7.860914e+01	4.279351e+01	5.818766e+01
622	1.781724e+01	2.651332e+03	3.663713e+02	5.145624e+02	7.857703e+01	4.296142e+01	5.935959e+01
623	1.784589e+01	2.642762e+03	3.661255e+02	5.136439e+02	7.903549e+01	4.257415e+01	6.008147e+01
624	1.787453e+01	2.640572e+03	3.659168e+02	5.125930e+02	7.890502e+01	4.260922e+01	6.143110e+01
625	1.790318e+01	2.639718e+03	3.656115e+02	5.116119e+02	7.897154e+01	4.255955e+01	6.322301e+01
626	1.793182e+01	2.653069e+03	3.652608e+02	5.104360e+02	7.890937e+01	4.280851e+01	6.490818e+01
627	1.796047e+01	2.645583e+03	3.651522e+02	5.093349e+02	7.901907e+01	4.262846e+01	6.602825e+01
628	1.798911e+01	2.643677e+03	3.650789e+02	5.082599e+02	7.876332e+01	4.273606e+01	6.749623e+01
629	1.801776e+01	2.629929e+03	3.648980e+02	5.071380e+02	7.904115e+01	4.236438e+01	6.895171e+01
630	1.804641e+01	2.646713e+03	3.648465e+02	5.059178e+02	7.914606e+01	4.257823e+01	7.052397e+01
631	1.807505e+01	2.639648e+03	3.648547e+02	5.049227e+02	7.921553e+01	4.242733e+01	7.202178e+01
632	1.810370e+01	2.643523e+03	3.649306e+02	5.039159e+02	7.904012e+01	4.258392e+01	7.244904e+01
633	1.813234e+01	2.635814e+03	3.649198e+02	5.029128e+02	7.901137e+01	4.247519e+01	7.364802e+01
634	1.816099e+01	2.646948e+03	3.648941e+02	5.022097e+02	7.948157e+01	4.240227e+01	7.338257e+01
635	1.818963e+01	2.640588e+03	3.647193e+02	5.014542e+02	7.919176e+01	4.245518e+01	7.373930e+01
636	1.821828e+01	2.637259e+03	3.647625e+02	5.005388e+02	7.898930e+01	4.251034e+01	7.350982e+01
637	1.824692e+01	2.633199e+03	3.648830e+02	4.997648e+02	7.900593e+01	4.243597e+01	7.398782e+01
638	1.827557e+01	2.642804e+03	3.647343e+02	4.988810e+02	7.925478e+01	4.245703e+01	7.437022e+01
639	1.830421e+01	2.647907e+03	3.648811e+02	4.979148e+02	7.942378e+01	4.244849e+01	7.509213e+01
640	1.833286e+01	2.651441e+03	3.650684e+02	4.968921e+02	7.962410e+01	4.239822e+01	7.617464e+01
641	1.836150e+01	2.642499e+03	3.652678e+02	4.959495e+02	7.933035e+01	4.241169e+01	7.749879e+01
642	1.839015e+01	2.635031e+03	3.654133e+02	4.949076e+02	7.927022e+01	4.232392e+01	7.893224e+01
643	1.841879e+01	2.647926e+03	3.656260e+02	4.939270e+02	7.907348e+01	4.263685e+01	7.997769e+01
644	1.844744e+01	2.645952e+03	3.657959e+02	4.929213e+02	7.905003e+01	4.261770e+01	8.151908e+01
645	1.847608e+01	2.630609e+03	3.663217e+02	4.918994e+02	7.952641e+01	4.211676e+01	8.316447e+01
646	1.850473e+01	2.633352e+03	3.663846e+02	4.909935e+02	7.978274e+01	4.202523e+01	8.427807e+01
647	1.853337e+01	2.629987e+03	3.666592e+02	4.899597e+02	7.949077e+01	4.212569e+01	8.546037e+01
648	1.856202e+01	2.637117e+03	3.671280e+02	4.888431e+02	7.944370e+01	4.226492e+01	8.747786e+01
649	1.859066e+01	2.639290e+03	3.674436e+02	4.877205e+02	7.965517e+01	4.218745e+01	8.937193e+01
650	1.861931e+01	2.633837e+03	3.677489e+02	4.864327e+02	7.962891e+01	4.211417e+01	9.118348e+01
651	1.864795e+01	2.623098e+03	3.682725e+02	4.854329e+02	7.957636e+01	4.197015e+01	9.237732e+01
652	1.867660e+01	2.626473e+03	3.685940e+02	4.844078e+02	7.964973e+01	4.198544e+01	9.374564e+01
653	1.870524e+01	2.642316e+03	3.689695e+02	4.833203e+02	7.953298e+01	4.230070e+01	9.572065e+01
654	1.873389e+01	2.632673e+03	3.694471e+02	4.822612e+02	7.958096e+01	4.212092e+01	9.760670e+01
655	1.876253e+01	2.631628e+03	3.699730e+02	4.811880e+02	7.933241e+01	4.223612e+01	9.903096e+01
656	1.879118e+01	2.636653e+03	3.705540e+02	4.800285e+02	7.927041e+01	4.234986e+01	1.003664e+02
657	1.881982e+01	2.628934e+03	3.712134e+02	4.789935e+02	7.938401e+01	4.216545e+01	1.019064e+02
658	1.884847e+01	2.643436e+03	3.716250e+02	4.777935e+02	7.949774e+01	4.233740e+01	1.039831e+02
659	1.887711e+01	2.638791e+03	3.723976e+02	4.768717e+02	7.957130e+01	4.222393e+01	1.060200e+02
660	1.890576e+01	2.633931e+03	3.732697e+02	4.760669e+02	7.930708e+01	4.228658e+01	1.069103e+02
661	1.893440e+01	2.640500e+03	3.739311e+02	4.750551e+02	7.937315e+01	4.235676e+01	1.092163e+02
662	1.896305e+01	2.634726e+03	3.747975e+02	4.740989e+02	7.949232e+01	4.220078e+01	1.108099e+02
663	1.899169e+01	2.636581e+03	3.756291e+02	4.732665e+02	7.923769e+01	4.236619e+01	1.130350e+02
664	1.902034e+01	2.641330e+03	3.765094e+02	4.725275e+02	7.921085e+01	4.245689e+01	1.149302e+02
665	1.904898e+01	2.647805e+03	3.774417e+02	4.718485e+02	7.922421e+01	4.255378e+01	1.165491e+02
666	1.907763e+01	2.649236e+03	3.783170e+02	4.708629e+02	7.946281e+01	4.244894e+01	1.184287e+02
667	1.910627e+01	2.642585e+03	3.792196e+02	4.701434e+02	7.927193e+01	4.244434e+01	1.195509e+02
668	1.913492e+01	2.655744e+03	3.802244e+02	4.694953e+02	7.938866e+01	4.259297e+01	1.210806e+02
669	1.916356e+01	2.655063e+03	3.810237e+02	4.687457e+02	7.943503e+01	4.255719e+01	1.221736e+02
670	1.919221e+01	2.658961e+03	3.820132e+02	4.680026e+02	7.954181e+01	4.256246e+01	1.241065e+02
671	1.922085e+01	2.648076e+03	3.831324e+02	4.673489e+02	7.903539e+01	4.265982e+01	1.263323e+02
672	1.924950e+01	2.659932e+03	3.842931e+02	4.666823e+02	7.909982e+01	4.281591e+01	1.283088e+02
673	1.927814e+01	2.657001e+03	3.853826e+02	4.660561e+02	7.895819e+01	4.284545e+01	1.307852e+02
674	1.930679e+01	2.632822e+03	3.867332e+02	4.656826e+02	7.862581e+01	4.263503e+01	1.328085e+02
675	1.933543e+01	2.659477e+03	3.877545e+02	4.651306e+02	7.915506e+01	4.277871e+01	1.349556e+02
676	1.936408e+01	2.648977e+03	3.888560e+02	4.646415e+02	7.847202e+01	4.298069e+01	1.368273e+02
677	1.939272e+01	2.647863e+03	3.901211e+02	4.643725e+02	7.886296e+01	4.274965e+01	1.391054e+02
678	1.942137e+01	2.646070e+03	3.912941e+02	4.640973e+02	7.851756e+01	4.290864e+01	1.410981e+02
679	1.945001e+01	2.656564e+03	3.924603e+02	4.639096e+02	7.879974e+01	4.292454e+01	1.427462e+02
680	1.947866e+01	2.664040e+03	3.936995e+02	4.638205e+02	7.891366e+01	4.298320e+01	1.445329e+02
681	1.950730e+01	2.648601e+03	3.948721e+02	4.635848e+02	7.876789e+01	4.281318e+01	1.463965e+02
682	1.953595e+01	2.657391e+03	3.960760e+02	4.635741e+02	7.894672e+01	4.285797e+01	1.484179e+02
683	1.956459e+01	2.660429e+03	3.974600e+02	4.633963e+02	7.873129e+01	4.302436e+01	1.504060e+02
684	1.959324e+01	2.656625e+03	3.986706e+02	4.633452e+02	7.910261e+01	4.276117e+01	1.518012e+02
685	1.962188e+01	2.666424e+03	3.998443e+02	4.632206e+02	7.884288e+01	4.306028e+01	1.535665e+02
686	1.965053e+01	2.652510e+03	4.011901e+02	4.631972e+02	7.876833e+01	4.287611e+01	1.551646e+02
687	1.967918e+01	2.636763e+03	4.024485e+02	4.631812e+02	7.876239e+01	4.262479e+01	1.571978e+02
688	1.970782e+01	2.645845e+03	4.037516e+02	4.634370e+02	7.850242e+01	4.291325e+01	1.585362e+02
689	1.973647e+01	2.641506e+03	4.050653e+02	4.637872e+02	7.865643e+01	4.275900e+01	1.604761e+02
690	1.976511e+01	2.651471e+03	4.063630e+02	4.640233e+02	7.865457e+01	4.292132e+01	1.628640e+02
691	1.979376e+01	2.644556e+03	4.076608e+02	4.643879e+02	7.859245e+01	4.284321e+01	1.647064e+02
692	1.982240e+01	2.638245e+03	4.088315e+02	4.645515e+02	7.834033e+01	4.287852e+01	1.669128e+02
693	1.985105e+01	2.641846e+03	4.101350e+02	4.648958e+02	7.852406e+01	4.283659e+01	1.686672e+02
694	1.987969e+01	2.647650e+03	4.113459e+02	4.654065e+02	7.850359e+01	4.294189e+01	1.705284e+02
695	1.990834e+01	2.624442e+03	4.126355e+02	4.659047e+02	7.845216e+01	4.259339e+01	1.721244e+02
696	1.993698e+01	2.637227e+03	4.137962e+02	4.664977e+02	7.848106e+01	4.278513e+01	1.738454e+02
697	1.996563e+01	2.630724e+03	4.150788e+02	4.670605e+02	7.838060e+01	4.273432e+01	1.758327e+02
698	1.999427e+01	2.642838e+03	4.162732e+02	4.675106e+02	7.850703e+01	4.286197e+01	1.777937e+02
699	2.002292e+01	2.635442e+03	4.174471e+02	4.679885e+02	7.805759e+01	4.298811e+01	7.888462e-02
700	2.005156e+01	2.636817e+03	4.185518e+02	4.686366e+02	7.815672e+01	4.295600e+01	2.177560e+00
701	2.008021e+01	2.649553e+03	4.195571e+02	4.693002e+02	7.830522e+01	4.308162e+01	3.865083e+00
702	2.010885e+01	2.635799e+03	4.209228e+02	4.700058e+02	7.828579e+01	4.286862e+01	5.835711e+00
703	2.013750e+01	2.660106e+03	4.218456e+02	4.708395e+02	7.857742e+01	4.310337e+01	7.762109e+00
704	2.016614e+01	2.628935e+03	4.229286e+02	4.714164e+02	7.776363e+01	4.304408e+01	9.294759e+00
705	2.019479e+01	2.622213e+03	4.240414e+02	4.722862e+02	7.789153e+01	4.286353e+01	1.110089e+01
706	2.022343e+01	2.634987e+03	4.251355e+02	4.728661e+02	7.840988e+01	4.278758e+01	1.307940e+01
707	2.025208e+01	2.633316e+03	4.262462e+02	4.736329e+02	7.825360e+01	4.284585e+01	1.511990e+01
708	2.028072e+01	2.639291e+03	4.271903e+02	4.744720e+02	7.822203e+01	4.296039e+01	1.663400e+01
709	2.030937e+01	2.638613e+03	4.280052e+02	4.755042e+02	7.820671e+01	4.295777e+01	1.850476e+01
710	2.033801e+01	2.629771e+03	4.288846e+02	4.763918e+02	7.836031e+01	4.272990e+01	1.959466e+01
711	2.036666e+01	2.635307e+03	4.298255e+02	4.772419e+02	7.836835e+01	4.281546e+01	2.108679e+01
712	2.039530e+01	2.636101e+03	4.307566e+02	4.782555e+02	7.863678e+01	4.268217e+01	2.238960e+01
713	2.042395e+01	2.636834e+03	4.314879e+02	4.792403e+02	7.837580e+01	4.283620e+01	2.375823e+01
714	2.045259e+01	2.635234e+03	4.323206e+02	4.801979e+02	7.813412e+01	4.294262e+01	2.491515e+01
715	2.048124e+01	2.645242e+03	4.330473e+02	4.811170e+02	7.851749e+01	4.289524e+01	2.596241e+01
716	2.050988e+01	2.636232e+03	4.336872e+02	4.821917e+02	7.835666e+01	4.283688e+01	2.723112e+01
717	2.053853e+01	2.635658e+03	4.345567e+02	4.830831e+02	7.833916e+01	4.283712e+01	2.890599e+01
718	2.056717e+01	2.621185e+03	4.354155e+02	4.841220e+02	7.816682e+01	4.269583e+01	3.069593e+01
719	2.059582e+01	2.632044e+03	4.362914e+02	4.851085e+02	7.837155e+01	4.276070e+01	3.284809e+01
720	2.062446e+01	2.637749e+03	4.369050e+02	4.863377e+02	7.826857e+01	4.290977e+01	3.479449e+01
721	2.065311e+01	2.621836e+03	4.376443e+02	4.873929e+02	7.806969e+01	4.275956e+01	3.612961e+01
722	2.068175e+01	2.624897e+03	4.381859e+02	4.886895e+02	7.819715e+01	4.273969e+01	3.782162e+01
723	2.071040e+01	2.630034e+03	4.388369e+02	4.896762e+02	7.796250e+01	4.295224e+01	3.947763e+01
724	2.073904e+01	2.620242e+03	4.394796e+02	4.908335e+02	7.812804e+01	4.270164e+01	4.127671e+01
725	2.076769e+01	2.622737e+03	4.400094e+02	4.919661e+02	7.813362e+01	4.273926e+01	4.305486e+01
726	2.079633e+01	2.608512e+03	4.403817e+02	4.934177e+02	7.771353e+01	4.273722e+01	4.431399e+01
727	2.082498e+01	2.614174e+03	4.408775e+02	4.946934e+02	7.804340e+01	4.264896e+01	4.586045e+01
728	2.085362e+01	2.626150e+03	4.413983e+02	4.957392e+02	7.820679e+01	4.275484e+01	4.684964e+01
729	2.088227e+01	2.622048e+03	4.419333e+02	4.969871e+02	7.815889e+01	4.271421e+01	4.865208e+01
730	2.091091e+01	2.610785e+03	4.422592e+02	4.983503e+02	7.782349e+01	4.271403e+01	4.999137e+01
731	2.093956e+01	2.617735e+03	4.426418e+02	4.996148e+02	7.794466e+01	4.276116e+01	5.162615e+01
732	2.096820e+01	2.619159e+03	4.430367e+02	5.008033e+02	7.833154e+01	4.257311e+01	5.234655e+01
733	2.099685e+01	2.622657e+03	4.435623e+02	5.019911e+02	7.821932e+01	4.269112e+01	5.343114e+01
734	2.102549e+01	2.624294e+03	4.439037e+02	5.032806e+02	7.811848e+01	4.277292e+01	5.496674e+01
735	2.105414e+01	2.634080e+03	4.441493e+02	5.045848e+02	7.863978e+01	4.264781e+01	5.645206e+01
736	2.108278e+01	2.630728e+03	4.444202e+02	5.057723e+02	7.853140e+01	4.265232e+01	5.753533e+01
737	2.111143e+01	2.612630e+03	4.446309e+02	5.071513e+02	7.831946e+01	4.247354e+01	6.020510e+01
738	2.114007e+01	2.618917e+03	4.449813e+02	5.083943e+02	7.845847e+01	4.250031e+01	6.156231e+01
739	2.116872e+01	2.613954e+03	4.451855e+02	5.096498e+02	7.826782e+01	4.252310e+01	6.295437e+01
740	2.119736e+01	2.626131e+03	4.452020e+02	5.108277e+02	7.845412e+01	4.261973e+01	6.328712e+01
741	2.122601e+01	2.614908e+03	4.453084e+02	5.119000e+02	7.860150e+01	4.235802e+01	6.436907e+01
742	2.125465e+01	2.609500e+03	4.452547e+02	5.130847e+02	7.837789e+01	4.239102e+01	6.543242e+01
743	2.128330e+01	2.623987e+03	4.453247e+02	5.142387e+02	7.852608e+01	4.254592e+01	6.594440e+01
744	2.131195e+01	2.614617e+03	4.454905e+02	5.153378e+02	7.832736e+01	4.250154e+01	6.612110e+01
745	2.134059e+01	2.622126e+03	4.452850e+02	5.164116e+02	7.852110e+01	4.251844e+01	6.507681e+01
746	2.136924e+01	2.606547e+03	4.454383e+02	5.175825e+02	7.831571e+01	4.237666e+01	6.549658e+01
747	2.139788e+01	2.622847e+03	4.454794e+02	5.187919e+02	7.860916e+01	4.248248e+01	6.605551e+01
748	2.142653e+01	2.623704e+03	4.455317e+02	5.199866e+02	7.831945e+01	4.265356e+01	6.609277e+01
749	2.145517e+01	2.604227e+03	4.453556e+02	5.212344e+02	7.838836e+01	4.229970e+01	6.550770e+01
750	2.148382e+01	2.631633e+03	4.455427e+02	5.222067e+02	7.899793e+01	4.241503e+01	6.515012e+01
751	2.151246e+01	2.610803e+03	4.453968e+02	5.234880e+02	7.846525e+01	4.236497e+01	6.541048e+01
752	2.154111e+01	2.624923e+03	4.454896e+02	5.246760e+02	7.855666e+01	4.254452e+01	6.552710e+01
753	2.156975e+01	2.619010e+03	4.455442e+02	5.258029e+02	7.854720e+01	4.245379e+01	6.687820e+01
754	2.159840e+01	2.617920e+03	4.456016e+02	5.270371e+02	7.877631e+01	4.231271e+01	6.744389e+01
755	2.162704e+01	2.634008e+03	4.456115e+02	5.283725e+02	7.900555e+01	4.244921e+01	6.870708e+01
756	2.165569e+01	2.631304e+03	4.455447e+02	5.296486e+02	7.876191e+01	4.253681e+01	7.039742e+01
757	2.168433e+01	2.634891e+03	4.455234e+02	5.306360e+02	7.898436e+01	4.247483e+01	6.951963e+01
758	2.171298e+01	2.626284e+03	4.454685e+02	5.316170e+02	7.867473e+01	4.250271e+01	6.906275e+01
759	2.174162e+01	2.617656e+03	4.454908e+02	5.329082e+02	7.850979e+01	4.245208e+01	7.028830e+01
760	2.177027e+01	2.619335e+03	4.456396e+02	5.341406e+02	7.860498e+01	4.242786e+01	7.142349e+01
761	2.179891e+01	2.624203e+03	4.453952e+02	5.352853e+02	7.880966e+01	4.239631e+01	7.117724e+01
762	2.182756e+01	2.624836e+03	4.454246e+02	5.362485e+02	7.863724e+01	4.249952e+01	7.085725e+01
763	2.185620e+01	2.607893e+03	4.453852e+02	5.374800e+02	7.870189e+01	4.219050e+01	7.127652e+01
764	2.188485e+01	2.630253e+03	4.454913e+02	5.385483e+02	7.901083e+01	4.238587e+01	7.219852e+01
765	2.191349e+01	2.608858e+03	4.455340e+02	5.398612e+02	7.876575e+01	4.217190e+01	7.321008e+01
766	2.194214e+01	2.625543e+03	4.454537e+02	5.410771e+02	7.896936e+01	4.233218e+01	7.422552e+01
767	2.197078e+01	2.613067e+03	4.452766e+02	5.424597e+02	7.872234e+01	4.226323e+01	7.625874e+01
768	2.199943e+01	2.605397e+03	4.452370e+02	5.438275e+02	7.872633e+01	4.213704e+01	7.774710e+01
769	2.202807e+01	2.625818e+03	4.452298e+02	5.451685e+02	7.888911e+01	4.237968e+01	7.904388e+01
770	2.205672e+01	2.611637e+03	4.450251e+02	5.465136e+02	7.916782e+01	4.200242e+01	8.048492e+01
771	2.208536e+01	2.616308e+03	4.448831e+02	5.477307e+02	7.913522e+01	4.209487e+01	8.119449e+01
772	2.211401e+01	2.606950e+03	4.446869e+02	5.490553e+02	7.885970e+01	4.209085e+01	8.198719e+01
773	2.214265e+01	2.621177e+03	4.444595e+02	5.503828e+02	7.921788e+01	4.212921e+01	8.314291e+01
774	2.217130e+01	2.621215e+03	4.440617e+02	5.518417e+02	7.935658e+01	4.205618e+01	8.503409e+01
775	2.219994e+01	2.608364e+03	4.437458e+02	5.530780e+02	7.885480e+01	4.211630e+01	8.626693e+01
776	2.222859e+01	2.617028e+03	4.435720e+02	5.544526e+02	7.951397e+01	4.190588e+01	8.797903e+01
777	2.225723e+01	2.629038e+03	4.432274e+02	5.558104e+02	7.927560e+01	4.222479e+01	8.952805e+01
778	2.228588e+01	2.617129e+03	4.427922e+02	5.570789e+02	7.883955e+01	4.226599e+01	9.088403e+01
779	2.231452e+01	2.611424e+03	4.425219e+02	5.583075e+02	7.927116e+01	4.194424e+01	9.150725e+01
780	2.234317e+01	2.613336e+03	4.423375e+02	5.596305e+02	7.921697e+01	4.200367e+01	9.313954e+01
781	2.237181e+01	2.603667e+03	4.419860e+02	5.608649e+02	7.930089e+01	4.180397e+01	9.463133e+01
782	2.240046e+01	2.605972e+03	4.415026e+02	5.620755e+02	7.936008e+01	4.180976e+01	9.616133e+01
783	2.242910e+01	2.615373e+03	4.408127e+02	5.632912e+02	7.916972e+01	4.206149e+01	9.730357e+01
784	2.245775e+01	2.616262e+03	4.403312e+02	5.644675e+02	7.945951e+01	4.192234e+01	9.813670e+01
785	2.248639e+01	2.616535e+03	4.398126e+02	5.656563e+02	7.945171e+01	4.193083e+01	9.917422e+01
786	2.251504e+01	2.618983e+03	4.391065e+02	5.669507e+02	7.934527e+01	4.202636e+01	1.005120e+02
787	2.254368e+01	2.612081e+03	4.386896e+02	5.681683e+02	7.942337e+01	4.187438e+01	1.011096e+02
788	2.257233e+01	2.601319e+03	4.381594e+02	5.692136e+02	7.911192e+01	4.186604e+01	1.015749e+02
789	2.260097e+01	2.606984e+03	4.375281e+02	5.703377e+02	7.915153e+01	4.193622e+01	1.021668e+02
790	2.262962e+01	2.614080e+03	4.371391e+02	5.715514e+02	7.926334e+01	4.199104e+01	1.032838e+02
791	2.265826e+01	2.618456e+03	4.364363e+02	5.728480e+02	7.910712e+01	4.214440e+01	1.048637e+02
792	2.268691e+01	2.608112e+03	4.357857e+02	5.739327e+02	7.919034e+01	4.193380e+01	1.061020e+02
793	2.271555e+01	2.618129e+03	4.349141e+02	5.750315e+02	7.909095e+01	4.214774e+01	1.074417e+02
794	2.274420e+01	2.617766e+03	4.344099e+02	5.760931e+02	7.889217e+01	4.224809e+01	1.092597e+02
795	2.277284e+01	2.625919e+03	4.337512e+02	5.771906e+02	7.906594e+01	4.228653e+01	1.111237e+02
796	2.280149e+01	2.613674e+03	4.331666e+02	5.783713e+02	7.923109e+01	4.200161e+01	1.128459e+02
797	2.283013e+01	2.612193e+03	4.322604e+02	5.793802e+02	7.893986e+01	4.213268e+01	1.147690e+02
798	2.285878e+01	2.617108e+03	4.313340e+02	5.803220e+02	7.889901e+01	4.223381e+01	1.159557e+02
799	2.288742e+01	2.609679e+03	4.304193e+02	5.811813e+02	7.902174e+01	4.204852e+01	1.167281e+02
