21	6.018917e-01	2.616192e+03	5.229949e+02	3.041593e+02	7.788335e+01	4.276959e+01	1.680224e+02
22	6.305532e-01	2.627655e+03	5.231949e+02	3.041175e+02	7.779524e+01	4.300564e+01	1.693955e+02
23	6.592147e-01	2.625827e+03	5.237842e+02	3.045348e+02	7.783767e+01	4.295230e+01	1.710028e+02
24	6.878762e-01	2.624954e+03	5.242190e+02	3.050600e+02	7.802550e+01	4.283466e+01	1.728765e+02
25	7.165377e-01	2.607798e+03	5.246404e+02	3.057733e+02	7.710577e+01	4.306229e+01	1.747287e+02
26	7.451992e-01	2.632098e+03	5.253308e+02	3.059729e+02	7.752419e+01	4.322898e+01	1.775421e+02
27	7.738607e-01	2.596758e+03	5.259162e+02	3.067855e+02	7.736292e+01	4.273747e+01	1.796084e+02
28	8.025222e-01	2.615246e+03	5.263330e+02	3.072612e+02	7.768624e+01	4.286260e+01	2.037457e+00
29	8.311837e-01	2.619552e+03	5.268483e+02	3.080242e+02	7.734334e+01	4.312352e+01	4.251742e+00
30	8.598452e-01	2.609602e+03	5.273513e+02	3.085525e+02	7.764270e+01	4.279409e+01	6.506459e+00
31	8.885067e-01	2.610454e+03	5.277659e+02	3.091405e+02	7.722141e+01	4.304160e+01	8.700052e+00
32	9.171682e-01	2.613710e+03	5.282239e+02	3.095833e+02	7.770232e+01	4.282856e+01	1.124376e+01
33	9.458298e-01	2.610964e+03	5.285931e+02	3.103908e+02	7.744813e+01	4.292399e+01	1.358091e+01
34	9.744913e-01	2.598140e+03	5.289380e+02	3.112274e+02	7.713956e+01	4.288401e+01	1.618855e+01
35	1.003153e+00	2.598121e+03	5.292943e+02	3.118866e+02	7.733739e+01	4.277401e+01	1.851720e+01
36	1.031814e+00	2.602379e+03	5.295869e+02	3.125315e+02	7.743952e+01	4.278760e+01	2.077875e+01
37	1.060476e+00	2.583989e+03	5.298038e+02	3.134007e+02	7.712963e+01	4.265594e+01	2.293508e+01
38	1.089137e+00	2.580494e+03	5.301348e+02	3.140173e+02	7.680388e+01	4.277892e+01	2.532929e+01
39	1.117799e+00	2.592783e+03	5.303111e+02	3.147800e+02	7.706793e+01	4.283538e+01	2.807949e+01
40	1.146460e+00	2.595665e+03	5.306095e+02	3.153126e+02	7.741373e+01	4.269143e+01	2.991391e+01
41	1.175122e+00	2.597100e+03	5.307795e+02	3.161436e+02	7.769301e+01	4.256149e+01	3.283775e+01
42	1.203783e+00	2.542227e+03	5.304990e+02	3.174495e+02	7.513732e+01	4.307930e+01	3.531914e+01
43	1.232445e+00	2.595605e+03	5.309887e+02	3.175965e+02	7.743272e+01	4.267997e+01	3.747726e+01
44	1.261106e+00	2.587591e+03	5.310041e+02	3.185367e+02	7.747961e+01	4.252245e+01	3.980030e+01
45	1.289768e+00	2.595948e+03	5.312494e+02	3.193037e+02	7.761927e+01	4.258303e+01	4.283736e+01
46	1.318429e+00	2.596097e+03	5.312742e+02	3.202055e+02	7.808893e+01	4.232934e+01	4.482260e+01
47	1.347091e+00	2.571314e+03	5.311089e+02	3.212630e+02	7.713291e+01	4.244489e+01	4.788009e+01
48	1.375752e+00	2.570541e+03	5.311354e+02	3.220629e+02	7.731995e+01	4.232949e+01	5.027243e+01
49	1.404414e+00	2.571203e+03	5.311104e+02	3.227874e+02	7.773705e+01	4.211322e+01	5.257819e+01
50	1.433075e+00	2.561133e+03	5.306427e+02	3.237679e+02	7.707916e+01	4.230632e+01	5.508841e+01
51	1.461737e+00	2.552502e+03	5.305739e+02	3.245685e+02	7.737287e+01	4.200369e+01	5.798576e+01
52	1.490398e+00	2.552644e+03	5.304779e+02	3.253331e+02	7.749055e+01	4.194224e+01	6.090071e+01
53	1.519060e+00	2.565543e+03	5.301302e+02	3.261657e+02	7.811463e+01	4.181740e+01	6.321641e+01
54	1.547721e+00	2.531520e+03	5.296249e+02	3.271552e+02	7.717893e+01	4.176310e+01	6.635219e+01
55	1.576383e+00	2.552584e+03	5.292960e+02	3.278772e+02	7.743253e+01	4.197269e+01	6.819666e+01
56	1.605044e+00	2.532637e+03	5.290271e+02	3.286232e+02	7.721593e+01	4.176151e+01	7.039817e+01
57	1.633706e+00	2.554052e+03	5.287592e+02	3.292585e+02	7.830000e+01	4.153154e+01	7.260291e+01
58	1.662367e+00	2.558300e+03	5.283919e+02	3.299719e+02	7.835551e+01	4.157115e+01	7.530518e+01
59	1.691029e+00	2.536445e+03	5.277396e+02	3.307877e+02	7.764539e+01	4.159297e+01	7.789973e+01
60	1.719690e+00	2.531796e+03	5.272479e+02	3.315413e+02	7.728078e+01	4.171260e+01	7.967046e+01
61	1.748352e+00	2.535494e+03	5.272791e+02	3.322146e+02	7.761373e+01	4.159433e+01	8.244182e+01
62	1.777013e+00	2.561396e+03	5.269507e+02	3.330908e+02	7.823737e+01	4.168431e+01	8.494342e+01
63	1.805675e+00	2.547533e+03	5.263400e+02	3.338799e+02	7.763653e+01	4.177956e+01	8.747009e+01
64	1.834336e+00	2.543118e+03	5.257826e+02	3.345419e+02	7.809242e+01	4.146367e+01	9.012550e+01
65	1.862998e+00	2.546284e+03	5.251918e+02	3.354325e+02	7.805482e+01	4.153529e+01	9.275951e+01
66	1.891660e+00	2.530491e+03	5.245281e+02	3.360439e+02	7.733649e+01	4.166108e+01	9.533601e+01
67	1.920321e+00	2.557163e+03	5.240687e+02	3.367258e+02	7.811435e+01	4.168097e+01	9.731882e+01
68	1.948983e+00	2.548577e+03	5.233370e+02	3.373496e+02	7.770850e+01	4.175797e+01	1.001736e+02
69	1.977644e+00	2.549008e+03	5.229911e+02	3.379407e+02	7.770936e+01	4.176456e+01	1.022064e+02
70	2.006306e+00	2.560376e+03	5.223141e+02	3.386115e+02	7.832127e+01	4.162308e+01	1.051751e+02
71	2.034967e+00	2.554083e+03	5.217010e+02	3.391331e+02	7.784187e+01	4.177649e+01	1.068824e+02
72	2.063629e+00	2.538542e+03	5.209850e+02	3.395951e+02	7.705470e+01	4.194646e+01	1.092278e+02
73	2.092290e+00	2.552732e+03	5.205750e+02	3.401340e+02	7.710471e+01	4.215358e+01	1.115672e+02
74	2.120952e+00	2.561031e+03	5.201699e+02	3.405408e+02	7.794900e+01	4.183256e+01	1.138086e+02
75	2.149613e+00	2.560606e+03	5.197944e+02	3.410640e+02	7.763210e+01	4.199636e+01	1.165282e+02
76	2.178275e+00	2.554223e+03	5.189858e+02	3.414856e+02	7.665295e+01	4.242678e+01	1.192374e+02
77	2.206936e+00	2.549322e+03	5.185392e+02	3.418382e+02	7.673475e+01	4.230022e+01	1.219088e+02
78	2.235598e+00	2.589678e+03	5.180889e+02	3.423773e+02	7.814881e+01	4.219233e+01	1.240853e+02
79	2.264259e+00	2.583231e+03	5.172093e+02	3.426991e+02	7.729445e+01	4.255250e+01	1.270925e+02
80	2.292921e+00	2.581444e+03	5.165385e+02	3.429256e+02	7.738428e+01	4.247370e+01	1.295454e+02
81	2.321582e+00	2.570491e+03	5.157488e+02	3.429773e+02	7.686843e+01	4.257731e+01	1.313672e+02
82	2.350244e+00	2.571187e+03	5.149666e+02	3.431464e+02	7.728417e+01	4.235974e+01	1.338456e+02
83	2.378905e+00	2.589575e+03	5.142131e+02	3.432751e+02	7.739557e+01	4.260127e+01	1.364748e+02
84	2.407567e+00	2.606507e+03	5.136291e+02	3.434824e+02	7.828601e+01	4.239209e+01	1.385969e+02
85	2.436228e+00	2.598324e+03	5.130516e+02	3.435779e+02	7.809267e+01	4.236363e+01	1.410444e+02
86	2.464890e+00	2.612394e+03	5.123735e+02	3.437336e+02	7.835244e+01	4.245181e+01	1.432055e+02
87	2.493551e+00	2.600460e+03	5.113658e+02	3.435042e+02	7.755811e+01	4.269068e+01	1.458168e+02
88	2.522213e+00	2.598262e+03	5.106426e+02	3.433071e+02	7.749349e+01	4.269017e+01	1.483029e+02
89	2.550874e+00	2.594995e+03	5.100664e+02	3.430160e+02	7.733805e+01	4.272219e+01	1.503099e+02
90	2.579536e+00	2.612222e+03	5.093730e+02	3.430428e+02	7.794630e+01	4.267020e+01	1.527321e+02
91	2.608197e+00	2.603940e+03	5.085527e+02	3.427921e+02	7.762446e+01	4.271127e+01	1.553062e+02
92	2.636859e+00	2.616807e+03	5.078028e+02	3.426802e+02	7.784219e+01	4.280227e+01	1.575874e+02
93	2.665520e+00	2.603653e+03	5.069394e+02	3.422331e+02	7.769402e+01	4.266833e+01	1.604526e+02
94	2.694182e+00	2.613720e+03	5.063630e+02	3.420233e+02	7.792583e+01	4.270588e+01	1.626252e+02
95	2.722843e+00	2.614783e+03	5.057231e+02	3.417399e+02	7.774185e+01	4.282436e+01	1.648301e+02
96	2.751505e+00	2.619356e+03	5.050531e+02	3.414496e+02	7.809294e+01	4.270639e+01	1.675548e+02
97	2.780166e+00	2.607205e+03	5.044943e+02	3.410805e+02	7.784773e+01	4.264218e+01	1.698727e+02
98	2.808828e+00	2.633210e+03	5.037411e+02	3.408443e+02	7.820745e+01	4.286940e+01	1.721257e+02
99	2.837489e+00	2.622407e+03	5.031373e+02	3.402320e+02	7.801234e+01	4.280031e+01	1.747189e+02
100	2.866151e+00	2.628709e+03	5.024721e+02	3.396946e+02	7.813603e+01	4.283525e+01	1.770858e+02
101	2.894812e+00	2.634326e+03	5.019093e+02	3.390774e+02	7.830932e+01	4.283179e+01	1.797352e+02
102	2.923474e+00	2.635105e+03	5.015097e+02	3.386495e+02	7.833234e+01	4.283186e+01	1.824667e+00
103	2.952135e+00	2.625894e+03	5.009648e+02	3.380582e+02	7.844006e+01	4.262352e+01	4.153597e+00
104	2.980797e+00	2.633335e+03	5.004323e+02	3.377824e+02	7.826328e+01	4.284087e+01	6.494594e+00
105	3.009458e+00	2.634420e+03	4.999323e+02	3.372825e+02	7.791741e+01	4.304875e+01	9.339095e+00
106	3.038120e+00	2.630448e+03	4.996298e+02	3.365941e+02	7.834949e+01	4.274681e+01	1.133708e+01
107	3.066781e+00	2.624737e+03	4.994140e+02	3.362876e+02	7.809605e+01	4.279242e+01	1.271170e+01
108	3.095443e+00	2.618354e+03	4.990219e+02	3.357879e+02	7.787984e+01	4.280687e+01	1.490027e+01
109	3.124104e+00	2.629847e+03	4.986254e+02	3.351750e+02	7.821890e+01	4.280838e+01	1.726551e+01
110	3.152766e+00	2.635388e+03	4.981651e+02	3.345356e+02	7.831258e+01	4.284727e+01	1.949359e+01
111	3.181427e+00	2.636608e+03	4.977954e+02	3.338007e+02	7.869687e+01	4.265777e+01	2.174122e+01
112	3.210089e+00	2.634351e+03	4.974609e+02	3.330286e+02	7.852177e+01	4.271630e+01	2.459098e+01
113	3.238750e+00	2.631709e+03	4.971223e+02	3.322739e+02	7.873311e+01	4.255892e+01	2.693607e+01
114	3.267412e+00	2.637838e+03	4.968539e+02	3.314788e+02	7.874906e+01	4.264939e+01	2.900403e+01
115	3.296073e+00	2.623917e+03	4.965442e+02	3.305984e+02	7.837513e+01	4.262673e+01	3.167161e+01
116	3.324735e+00	2.634394e+03	4.963758e+02	3.297048e+02	7.865889e+01	4.264253e+01	3.427460e+01
117	3.353396e+00	2.633907e+03	4.962753e+02	3.288116e+02	7.894601e+01	4.247959e+01	3.668459e+01
118	3.382058e+00	2.629487e+03	4.961142e+02	3.281679e+02	7.856437e+01	4.261432e+01	3.917369e+01
119	3.410719e+00	2.632049e+03	4.960768e+02	3.273171e+02	7.885485e+01	4.249871e+01	4.174661e+01
120	3.439381e+00	2.625538e+03	4.960237e+02	3.264405e+02	7.874286e+01	4.245387e+01	4.399697e+01
121	3.468042e+00	2.616664e+03	4.960575e+02	3.256869e+02	7.863509e+01	4.236837e+01	4.660554e+01
122	3.496704e+00	2.622154e+03	4.961333e+02	3.250431e+02	7.878419e+01	4.237690e+01	4.821811e+01
123	3.525365e+00	2.631173e+03	4.959758e+02	3.244491e+02	7.904075e+01	4.238464e+01	5.012947e+01
124	3.554027e+00	2.627878e+03	4.959902e+02	3.235491e+02	7.930177e+01	4.219223e+01	5.314995e+01
125	3.582688e+00	2.624865e+03	4.961865e+02	3.227415e+02	7.948964e+01	4.204425e+01	5.564709e+01
126	3.611350e+00	2.617483e+03	4.961540e+02	3.218845e+02	7.912649e+01	4.211842e+01	5.787742e+01
127	3.640011e+00	2.607709e+03	4.963650e+02	3.210543e+02	7.906597e+01	4.199326e+01	6.040709e+01
128	3.668673e+00	2.605726e+03	4.965449e+02	3.202247e+02	7.910468e+01	4.194081e+01	6.269416e+01
129	3.697334e+00	2.610598e+03	4.967645e+02	3.194031e+02	7.911086e+01	4.201594e+01	6.527899e+01
130	3.725996e+00	2.604823e+03	4.970317e+02	3.186085e+02	7.932809e+01	4.180818e+01	6.744434e+01
131	3.754657e+00	2.607862e+03	4.974003e+02	3.178290e+02	7.958376e+01	4.172250e+01	6.991776e+01
132	3.783319e+00	2.600110e+03	4.976864e+02	3.170209e+02	7.959842e+01	4.159081e+01	7.235264e+01
133	3.811981e+00	2.603801e+03	4.981318e+02	3.163231e+02	7.987264e+01	4.150686e+01	7.485531e+01
134	3.840642e+00	2.598921e+03	4.982422e+02	3.156081e+02	7.957198e+01	4.158561e+01	7.701536e+01
135	3.869304e+00	2.593225e+03	4.988529e+02	3.149169e+02	7.951336e+01	4.152505e+01	7.900042e+01
136	3.897965e+00	2.590971e+03	4.990352e+02	3.143537e+02	7.934090e+01	4.157914e+01	8.110962e+01
137	3.926627e+00	2.597139e+03	4.992062e+02	3.139637e+02	7.937762e+01	4.165884e+01	8.274533e+01
138	3.955288e+00	2.604678e+03	4.996291e+02	3.132870e+02	7.962846e+01	4.164816e+01	8.511746e+01
139	3.983950e+00	2.603346e+03	5.000557e+02	3.126466e+02	7.991939e+01	4.147533e+01	8.720722e+01
140	4.012611e+00	2.608496e+03	5.004754e+02	3.121196e+02	7.964664e+01	4.169970e+01	8.923911e+01
141	4.041273e+00	2.602321e+03	5.006826e+02	3.114557e+02	7.964398e+01	4.160236e+01	9.156229e+01
142	4.069934e+00	2.603906e+03	5.014452e+02	3.109551e+02	7.959296e+01	4.165439e+01	9.371600e+01
143	4.098596e+00	2.592261e+03	5.019137e+02	3.102626e+02	7.967353e+01	4.142617e+01	9.606078e+01
144	4.127257e+00	2.597630e+03	5.024853e+02	3.097290e+02	7.951604e+01	4.159418e+01	9.833444e+01
145	4.155919e+00	2.598829e+03	5.031983e+02	3.092113e+02	7.938920e+01	4.167988e+01	1.008246e+02
146	4.184580e+00	2.605840e+03	5.040276e+02	3.086729e+02	7.933915e+01	4.181868e+01	1.029044e+02
147	4.213242e+00	2.598982e+03	5.048084e+02	3.082748e+02	7.899045e+01	4.189274e+01	1.051968e+02
148	4.241903e+00	2.602191e+03	5.054473e+02	3.080595e+02	7.910500e+01	4.188372e+01	1.065516e+02
149	4.270565e+00	2.605324e+03	5.060643e+02	3.078058e+02	7.928410e+01	4.183943e+01	1.083403e+02
150	4.299226e+00	2.599934e+03	5.068510e+02	3.075435e+02	7.899275e+01	4.190687e+01	1.100121e+02
151	4.327888e+00	2.610234e+03	5.074973e+02	3.071498e+02	7.913480e+01	4.199737e+01	1.127690e+02
152	4.356549e+00	2.623293e+03	5.084125e+02	3.069684e+02	7.906981e+01	4.224217e+01	1.149080e+02
153	4.385211e+00	2.612704e+03	5.093077e+02	3.067193e+02	7.874828e+01	4.224345e+01	1.172372e+02
154	4.413872e+00	2.623089e+03	5.100078e+02	3.065197e+02	7.886073e+01	4.235088e+01	1.195301e+02
155	4.442534e+00	2.628244e+03	5.106981e+02	3.062458e+02	7.905963e+01	4.232735e+01	1.219007e+02
156	4.471195e+00	2.622065e+03	5.113452e+02	3.060855e+02	7.892696e+01	4.229881e+01	1.239948e+02
157	4.499857e+00	2.612331e+03	5.121758e+02	3.058975e+02	7.859119e+01	4.232182e+01	1.262691e+02
158	4.528518e+00	2.621145e+03	5.129301e+02	3.058712e+02	7.848480e+01	4.252218e+01	1.288132e+02
159	4.557180e+00	2.610922e+03	5.137007e+02	3.058968e+02	7.849828e+01	4.234907e+01	1.309890e+02
160	4.585841e+00	2.618084e+03	5.142599e+02	3.057756e+02	7.846239e+01	4.248465e+01	1.329485e+02
161	4.614503e+00	2.624784e+03	5.151356e+02	3.058875e+02	7.852767e+01	4.255798e+01	1.351716e+02
162	4.643164e+00	2.624260e+03	5.159726e+02	3.059349e+02	7.854632e+01	4.253937e+01	1.373795e+02
163	4.671826e+00	2.621289e+03	5.167514e+02	3.059597e+02	7.869242e+01	4.241233e+01	1.397557e+02
164	4.700487e+00	2.625213e+03	5.174232e+02	3.059116e+02	7.843458e+01	4.261546e+01	1.420925e+02
165	4.729149e+00	2.635526e+03	5.183203e+02	3.061139e+02	7.865979e+01	4.266038e+01	1.449319e+02
166	4.757810e+00	2.648642e+03	5.190870e+02	3.062693e+02	7.860667e+01	4.290166e+01	1.472340e+02
167	4.786472e+00	2.651420e+03	5.199156e+02	3.065226e+02	7.854859e+01	4.297840e+01	1.494510e+02
168	4.815133e+00	2.637347e+03	5.206614e+02	3.068175e+02	7.839124e+01	4.283609e+01	1.518873e+02
169	4.843795e+00	2.628025e+03	5.214962e+02	3.073002e+02	7.814032e+01	4.282175e+01	1.541838e+02
170	4.872456e+00	2.637239e+03	5.221440e+02	3.074737e+02	7.843671e+01	4.280952e+01	1.567939e+02
171	4.901118e+00	2.617822e+03	5.230329e+02	3.079239e+02	7.799708e+01	4.273384e+01	1.591463e+02
172	4.929779e+00	2.613753e+03	5.237136e+02	3.083708e+02	7.803589e+01	4.264619e+01	1.614675e+02
173	4.958441e+00	2.617226e+03	5.244266e+02	3.087761e+02	7.804836e+01	4.269604e+01	1.641471e+02
174	4.987102e+00	2.624652e+03	5.250692e+02	3.093196e+02	7.749191e+01	4.312464e+01	1.661685e+02
175	5.015764e+00	2.632346e+03	5.258461e+02	3.098888e+02	7.810064e+01	4.291394e+01	1.688138e+02
176	5.044425e+00	2.617040e+03	5.264310e+02	3.104366e+02	7.789130e+01	4.277909e+01	1.712857e+02
177	5.073087e+00	2.616160e+03	5.270162e+02	3.108100e+02	7.767910e+01	4.288152e+01	1.736156e+02
178	5.101748e+00	2.616815e+03	5.275319e+02	3.115537e+02	7.797296e+01	4.273061e+01	1.759408e+02
179	5.130410e+00	2.617507e+03	5.281334e+02	3.121035e+02	7.766593e+01	4.291088e+01	1.780713e+02
180	5.159071e+00	2.624021e+03	5.285166e+02	3.124516e+02	7.762204e+01	4.304199e+01	3.080894e-01
181	5.187733e+00	2.613307e+03	5.288206e+02	3.129531e+02	7.779076e+01	4.277327e+01	2.139877e+00
182	5.216394e+00	2.600941e+03	5.293137e+02	3.137300e+02	7.729900e+01	4.284170e+01	4.069020e+00
183	5.245056e+00	2.601626e+03	5.297538e+02	3.143355e+02	7.694926e+01	4.304775e+01	6.560427e+00
184	5.273717e+00	2.549803e+03	5.299722e+02	3.154879e+02	7.566991e+01	4.290358e+01	8.291658e+00
185	5.302379e+00	2.589966e+03	5.305557e+02	3.157755e+02	7.680650e+01	4.293448e+01	1.089100e+01
186	5.331040e+00	2.575157e+03	5.309877e+02	3.163324e+02	7.654070e+01	4.283724e+01	1.315443e+01
187	5.359702e+00	2.584403e+03	5.312119e+02	3.170167e+02	7.636199e+01	4.309165e+01	1.590284e+01
188	5.388363e+00	2.599448e+03	5.316704e+02	3.175511e+02	7.707394e+01	4.294213e+01	1.833404e+01
189	5.417025e+00	2.609471e+03	5.319619e+02	3.181690e+02	7.755321e+01	4.284131e+01	2.015821e+01
190	5.445686e+00	2.596558e+03	5.323064e+02	3.190934e+02	7.681474e+01	4.303915e+01	2.345267e+01
191	5.474348e+00	2.598541e+03	5.325225e+02	3.198765e+02	7.730405e+01	4.279937e+01	2.603041e+01
192	5.503009e+00	2.583543e+03	5.328506e+02	3.205641e+02	7.703410e+01	4.270147e+01	2.843270e+01
193	5.531671e+00	2.606352e+03	5.331579e+02	3.213526e+02	7.765956e+01	4.273151e+01	3.095555e+01
194	5.560332e+00	2.592109e+03	5.334901e+02	3.221003e+02	7.732365e+01	4.268262e+01	3.368551e+01
195	5.588994e+00	2.609617e+03	5.335858e+02	3.229703e+02	7.771671e+01	4.275358e+01	3.645271e+01
196	5.617655e+00	2.588849e+03	5.335756e+02	3.240239e+02	7.747324e+01	4.254662e+01	3.879638e+01
197	5.646317e+00	2.601882e+03	5.338170e+02	3.247439e+02	7.791576e+01	4.251795e+01	4.154829e+01
198	5.674979e+00	2.580474e+03	5.338130e+02	3.256970e+02	7.726144e+01	4.252523e+01	4.440054e+01
199	5.703640e+00	2.571004e+03	5.336398e+02	3.268078e+02	7.738106e+01	4.230369e+01	4.716709e+01
200	5.732302e+00	2.567954e+03	5.336271e+02	3.276808e+02	7.743647e+01	4.222326e+01	4.963354e+01
201	5.760963e+00	2.568728e+03	5.336553e+02	3.286851e+02	7.750789e+01	4.219707e+01	5.236915e+01
202	5.789625e+00	2.557139e+03	5.334399e+02	3.297207e+02	7.696964e+01	4.230046e+01	5.517626e+01
203	5.818286e+00	2.564184e+03	5.333441e+02	3.307445e+02	7.738187e+01	4.219102e+01	5.769016e+01
204	5.846948e+00	2.674660e+03	5.341427e+02	3.317146e+02	7.852690e+01	4.336708e+01	6.333707e+01
205	5.875609e+00	2.555611e+03	5.329899e+02	3.325531e+02	7.756925e+01	4.194839e+01	6.359866e+01
206	5.904271e+00	2.566960e+03	5.326865e+02	3.334227e+02	7.783704e+01	4.198971e+01	6.544542e+01
207	5.932932e+00	2.541761e+03	5.322469e+02	3.345070e+02	7.698294e+01	4.203881e+01	6.781529e+01
208	5.961594e+00	2.558327e+03	5.319006e+02	3.353672e+02	7.788823e+01	4.182100e+01	7.041748e+01
209	5.990255e+00	2.565756e+03	5.316526e+02	3.361065e+02	7.809338e+01	4.183225e+01	7.292854e+01
210	6.018917e+00	2.525239e+03	5.308892e+02	3.370504e+02	7.690299e+01	4.180896e+01	7.522336e+01
211	6.047578e+00	2.547243e+03	5.307300e+02	3.377830e+02	7.771900e+01	4.173046e+01	7.857449e+01
212	6.076240e+00	2.552971e+03	5.306803e+02	3.386210e+02	7.819160e+01	4.157152e+01	8.116792e+01
213	6.104901e+00	2.564818e+03	5.301587e+02	3.393714e+02	7.804192e+01	4.184453e+01	8.331558e+01
214	6.133563e+00	2.566472e+03	5.298498e+02	3.401140e+02	7.857496e+01	4.158747e+01	8.589916e+01
215	6.162224e+00	2.551664e+03	5.293649e+02	3.409457e+02	7.811301e+01	4.159203e+01	8.891107e+01
216	6.190886e+00	2.542413e+03	5.289306e+02	3.416934e+02	7.786167e+01	4.157502e+01	9.177383e+01
217	6.219547e+00	2.554087e+03	5.285236e+02	3.423795e+02	7.845666e+01	4.144918e+01	9.389783e+01
218	6.248209e+00	2.561364e+03	5.282925e+02	3.430637e+02	7.850813e+01	4.154002e+01	9.614144e+01
219	6.276870e+00	2.554145e+03	5.279305e+02	3.436469e+02	7.849355e+01	4.143064e+01	9.897746e+01
220	6.305532e+00	2.545066e+03	5.272127e+02	3.443067e+02	7.823509e+01	4.141975e+01	1.015400e+02
221	6.334193e+00	2.553299e+03	5.265480e+02	3.447700e+02	7.824368e+01	4.154918e+01	1.036097e+02
222	6.362855e+00	2.551280e+03	5.258875e+02	3.453699e+02	7.763498e+01	4.184185e+01	1.063708e+02
223	6.391516e+00	2.563337e+03	5.251110e+02	3.459231e+02	7.769550e+01	4.200683e+01	1.089202e+02
224	6.420178e+00	2.547169e+03	5.242972e+02	3.462867e+02	7.747311e+01	4.186170e+01	1.115685e+02
225	6.448839e+00	2.562726e+03	5.236242e+02	3.467447e+02	7.749442e+01	4.210579e+01	1.138143e+02
226	6.477501e+00	2.546792e+03	5.229736e+02	3.473314e+02	7.694479e+01	4.214290e+01	1.164446e+02
227	6.506162e+00	2.559086e+03	5.224301e+02	3.475926e+02	7.745721e+01	4.206618e+01	1.188051e+02
228	6.534824e+00	2.557586e+03	5.217209e+02	3.480213e+02	7.707067e+01	4.225238e+01	1.213219e+02
229	6.563485e+00	2.558203e+03	5.212781e+02	3.484183e+02	7.753477e+01	4.200961e+01	1.234624e+02
230	6.592147e+00	2.553154e+03	5.205785e+02	3.488661e+02	7.672914e+01	4.236691e+01	1.261699e+02
231	6.620808e+00	2.566011e+03	5.200103e+02	3.490445e+02	7.715207e+01	4.234684e+01	1.287616e+02
232	6.649470e+00	2.576963e+03	5.192819e+02	3.493377e+02	7.740051e+01	4.239108e+01	1.312648e+02
233	6.678131e+00	2.605155e+03	5.187435e+02	3.496258e+02	7.804594e+01	4.250044e+01	1.334376e+02
234	6.706793e+00	2.579389e+03	5.176500e+02	3.497380e+02	7.744292e+01	4.240775e+01	1.358510e+02
235	6.735454e+00	2.586176e+03	5.169731e+02	3.498540e+02	7.737486e+01	4.255674e+01	1.387309e+02
236	6.764116e+00	2.578617e+03	5.160901e+02	3.499508e+02	7.721734e+01	4.251892e+01	1.418657e+02
237	6.792777e+00	2.605580e+03	5.155004e+02	3.503203e+02	7.789840e+01	4.258788e+01	1.439186e+02
238	6.821439e+00	2.607849e+03	5.147423e+02	3.502746e+02	7.768049e+01	4.274454e+01	1.463817e+02
239	6.850100e+00	2.619940e+03	5.139692e+02	3.503235e+02	7.806569e+01	4.273083e+01	1.490518e+02
240	6.878762e+00	2.599416e+03	5.131855e+02	3.502269e+02	7.749432e+01	4.270866e+01	1.513941e+02
241	6.907423e+00	2.599642e+03	5.123462e+02	3.497881e+02	7.748196e+01	4.271920e+01	1.541011e+02
242	6.936085e+00	2.627139e+03	5.117297e+02	3.496919e+02	7.805595e+01	4.285358e+01	1.562146e+02
243	6.964746e+00	2.615356e+03	5.110748e+02	3.491904e+02	7.778574e+01	4.280959e+01	1.584987e+02
244	6.993408e+00	2.615582e+03	5.104765e+02	3.492576e+02	7.791542e+01	4.274203e+01	1.608908e+02
245	7.022069e+00	2.627945e+03	5.099377e+02	3.489226e+02	7.799265e+01	4.290153e+01	1.632087e+02
246	7.050731e+00	2.639316e+03	5.089845e+02	3.485131e+02	7.838314e+01	4.287251e+01	1.651431e+02
247	7.079392e+00	2.627858e+03	5.083350e+02	3.479682e+02	7.834432e+01	4.270752e+01	1.677422e+02
248	7.108054e+00	2.625793e+03	5.077058e+02	3.476071e+02	7.826668e+01	4.271631e+01	1.701781e+02
249	7.136715e+00	2.644121e+03	5.070201e+02	3.471873e+02	7.840693e+01	4.293752e+01	1.725596e+02
250	7.165377e+00	2.628963e+03	5.063800e+02	3.467102e+02	7.825390e+01	4.277486e+01	1.750645e+02
251	7.194038e+00	2.640364e+03	5.057357e+02	3.462285e+02	7.827099e+01	4.295099e+01	1.777282e+02
252	7.222700e+00	2.629597e+03	5.051163e+02	3.454441e+02	7.805329e+01	4.289514e+01	6.803599e-02
253	7.251361e+00	2.635446e+03	5.045600e+02	3.449213e+02	7.840443e+01	4.279802e+01	2.506253e+00
254	7.280023e+00	2.634933e+03	5.039782e+02	3.442516e+02	7.829067e+01	4.285186e+01	5.112171e+00
255	7.308684e+00	2.624086e+03	5.034936e+02	3.436212e+02	7.828699e+01	4.267746e+01	7.658820e+00
256	7.337346e+00	2.627311e+03	5.030298e+02	3.430518e+02	7.802133e+01	4.287541e+01	1.031872e+01
257	7.366007e+00	2.622003e+03	5.025310e+02	3.421692e+02	7.784953e+01	4.288321e+01	1.245867e+01
258	7.394669e+00	2.628947e+03	5.020102e+02	3.416043e+02	7.810630e+01	4.285543e+01	1.528523e+01
259	7.423330e+00	2.622845e+03	5.015249e+02	3.407650e+02	7.795106e+01	4.284111e+01	1.790861e+01
260	7.451992e+00	2.638530e+03	5.009908e+02	3.401362e+02	7.842144e+01	4.283881e+01	2.054361e+01
261	7.480653e+00	2.619697e+03	5.007722e+02	3.393615e+02	7.784903e+01	4.284576e+01	2.297918e+01
262	7.509315e+00	2.630708e+03	5.003650e+02	3.387785e+02	7.823569e+01	4.281321e+01	2.511487e+01
263	7.537976e+00	2.612092e+03	4.998792e+02	3.380620e+02	7.799657e+01	4.264058e+01	2.791284e+01
264	7.566638e+00	2.629882e+03	4.994967e+02	3.372862e+02	7.829307e+01	4.276840e+01	3.134739e+01
265	7.595300e+00	2.641333e+03	4.989768e+02	3.368115e+02	7.873551e+01	4.271326e+01	3.349034e+01
266	7.623961e+00	2.626532e+03	4.989381e+02	3.359472e+02	7.862043e+01	4.253608e+01	3.584486e+01
267	7.652623e+00	2.628287e+03	4.987410e+02	3.352140e+02	7.848047e+01	4.264040e+01	3.841232e+01
268	7.681284e+00	2.623294e+03	4.985647e+02	3.343480e+02	7.872624e+01	4.242654e+01	4.097957e+01
269	7.709946e+00	2.633269e+03	4.984058e+02	3.334731e+02	7.882362e+01	4.253525e+01	4.343784e+01
270	7.738607e+00	2.638637e+03	4.983708e+02	3.326521e+02	7.905849e+01	4.249534e+01	4.623998e+01
271	7.767269e+00	2.625790e+03	4.982553e+02	3.319093e+02	7.905236e+01	4.229171e+01	4.892418e+01
272	7.795930e+00	2.621318e+03	4.983615e+02	3.309595e+02	7.894998e+01	4.227444e+01	5.123974e+01
273	7.824592e+00	2.619897e+03	4.982393e+02	3.301682e+02	7.895533e+01	4.224865e+01	5.377315e+01
274	7.853253e+00	2.613003e+03	4.984424e+02	3.292121e+02	7.864582e+01	4.230332e+01	5.650660e+01
275	7.881915e+00	2.618336e+03	4.984629e+02	3.284378e+02	7.934520e+01	4.201602e+01	5.916568e+01
276	7.910576e+00	2.626378e+03	4.984389e+02	3.276450e+02	7.925419e+01	4.219345e+01	6.193228e+01
277	7.939238e+00	2.627502e+03	4.987801e+02	3.268447e+02	7.970779e+01	4.197131e+01	6.396753e+01
278	7.967899e+00	2.615083e+03	4.990632e+02	3.260644e+02	7.928129e+01	4.199764e+01	6.653756e+01
279	7.996561e+00	2.605309e+03	4.993152e+02	3.252960e+02	7.936951e+01	4.179416e+01	6.892274e+01
280	8.025222e+00	2.607606e+03	4.993233e+02	3.246755e+02	7.930042e+01	4.186745e+01	7.141505e+01
281	8.053884e+00	2.605079e+03	4.996298e+02	3.239403e+02	7.954047e+01	4.170065e+01	7.367196e+01
282	8.082545e+00	2.597934e+03	4.998272e+02	3.231031e+02	7.954049e+01	4.158628e+01	7.619748e+01
283	8.111207e+00	2.608992e+03	5.002002e+02	3.224455e+02	7.983694e+01	4.160821e+01	7.845104e+01
284	8.139868e+00	2.598682e+03	5.008501e+02	3.216794e+02	7.946636e+01	4.163704e+01	8.043664e+01
285	8.168530e+00	2.604526e+03	5.013338e+02	3.209973e+02	7.939442e+01	4.176849e+01	8.273861e+01
286	8.197191e+00	2.585005e+03	5.017927e+02	3.203262e+02	7.955502e+01	4.137175e+01	8.470425e+01
287	8.225853e+00	2.597308e+03	5.023075e+02	3.196388e+02	7.975032e+01	4.146685e+01	8.720090e+01
288	8.254514e+00	2.605952e+03	5.029663e+02	3.188668e+02	7.962130e+01	4.167228e+01	8.947676e+01
289	8.283176e+00	2.593508e+03	5.035793e+02	3.182327e+02	7.952577e+01	4.152310e+01	9.169888e+01
290	8.311837e+00	2.599601e+03	5.042740e+02	3.175075e+02	7.951342e+01	4.162712e+01	9.437823e+01
291	8.340499e+00	2.595765e+03	5.050962e+02	3.169232e+02	7.934330e+01	4.165481e+01	9.671815e+01
292	8.369160e+00	2.607101e+03	5.056280e+02	3.164302e+02	7.938242e+01	4.181612e+01	9.908188e+01
293	8.397822e+00	2.602413e+03	5.063118e+02	3.159914e+02	7.953614e+01	4.166025e+01	1.014641e+02
294	8.426483e+00	2.608912e+03	5.071275e+02	3.156185e+02	7.933955e+01	4.186777e+01	1.036405e+02
295	8.455145e+00	2.613755e+03	5.077373e+02	3.151560e+02	7.943501e+01	4.189508e+01	1.060279e+02
296	8.483806e+00	2.601859e+03	5.082639e+02	3.148924e+02	7.893516e+01	4.196850e+01	1.077578e+02
297	8.512468e+00	2.599778e+03	5.089967e+02	3.143744e+02	7.913383e+01	4.182965e+01	1.101547e+02
298	8.541129e+00	2.603624e+03	5.096348e+02	3.139417e+02	7.931687e+01	4.179485e+01	1.123608e+02
299	8.569791e+00	2.606352e+03	5.104423e+02	3.137074e+02	7.909385e+01	4.195662e+01	1.141617e+02
300	8.598452e+00	2.610191e+03	5.112198e+02	3.134093e+02	7.865832e+01	4.225107e+01	1.162331e+02
301	8.627114e+00	2.613198e+03	5.121566e+02	3.133100e+02	7.906219e+01	4.208367e+01	1.184722e+02
302	8.655775e+00	2.605617e+03	5.129618e+02	3.132274e+02	7.875135e+01	4.212721e+01	1.206046e+02
303	8.684437e+00	2.621007e+03	5.135889e+02	3.128122e+02	7.897153e+01	4.225788e+01	1.237378e+02
304	8.713098e+00	2.611767e+03	5.144729e+02	3.127206e+02	7.820776e+01	4.252013e+01	1.260620e+02
305	8.741760e+00	2.609968e+03	5.152521e+02	3.124680e+02	7.824212e+01	4.247219e+01	1.287383e+02
306	8.770421e+00	2.615485e+03	5.162252e+02	3.124461e+02	7.863783e+01	4.234780e+01	1.312023e+02
307	8.799083e+00	2.625608e+03	5.169222e+02	3.122121e+02	7.830558e+01	4.269209e+01	1.333928e+02
308	8.827744e+00	2.622805e+03	5.178006e+02	3.123452e+02	7.836080e+01	4.261645e+01	1.356441e+02
309	8.856406e+00	2.621662e+03	5.186425e+02	3.123708e+02	7.857471e+01	4.248190e+01	1.382573e+02
310	8.885067e+00	2.613885e+03	5.194004e+02	3.123945e+02	7.807189e+01	4.262869e+01	1.406331e+02
311	8.913729e+00	2.616801e+03	5.202704e+02	3.125638e+02	7.794018e+01	4.274835e+01	1.427146e+02
312	8.942390e+00	2.630361e+03	5.211426e+02	3.125818e+02	7.854460e+01	4.263921e+01	1.454212e+02
313	8.971052e+00	2.626482e+03	5.219650e+02	3.127838e+02	7.824767e+01	4.273790e+01	1.479518e+02
314	8.999713e+00	2.632527e+03	5.227060e+02	3.131220e+02	7.850514e+01	4.269576e+01	1.498800e+02
315	9.028375e+00	2.633664e+03	5.234296e+02	3.132141e+02	7.823991e+01	4.285902e+01	1.524932e+02
316	9.057036e+00	2.629726e+03	5.243284e+02	3.137168e+02	7.807710e+01	4.288417e+01	1.551727e+02
317	9.085698e+00	2.646339e+03	5.249470e+02	3.140139e+02	7.848580e+01	4.293036e+01	1.573863e+02
318	9.114359e+00	2.627145e+03	5.257123e+02	3.143767e+02	7.815119e+01	4.280146e+01	1.599480e+02
319	9.143021e+00	2.618186e+03	5.264178e+02	3.150412e+02	7.786729e+01	4.281101e+01	1.621106e+02
320	9.171682e+00	2.609811e+03	5.270690e+02	3.154761e+02	7.765823e+01	4.278895e+01	1.643314e+02
321	9.200344e+00	2.609467e+03	5.276705e+02	3.159506e+02	7.742388e+01	4.291281e+01	1.664065e+02
322	9.229005e+00	2.627633e+03	5.284268e+02	3.166524e+02	7.764104e+01	4.309069e+01	1.687671e+02
323	9.257667e+00	2.608656e+03	5.290396e+02	3.175794e+02	7.715065e+01	4.305140e+01	1.708587e+02
324	9.286328e+00	2.616341e+03	5.294839e+02	3.179366e+02	7.767113e+01	4.288889e+01	1.734653e+02
325	9.314990e+00	2.605895e+03	5.300240e+02	3.183756e+02	7.755199e+01	4.278328e+01	1.753924e+02
326	9.343651e+00	2.613455e+03	5.305935e+02	3.189380e+02	7.763332e+01	4.286245e+01	1.775362e+02
327	9.372313e+00	2.607152e+03	5.310986e+02	3.194972e+02	7.752164e+01	4.282067e+01	1.797321e+02
328	9.400974e+00	2.606434e+03	5.316942e+02	3.202512e+02	7.718069e+01	4.299800e+01	2.273470e+00
329	9.429636e+00	2.617051e+03	5.321988e+02	3.206220e+02	7.765077e+01	4.291178e+01	4.735269e+00
330	9.458298e+00	2.613448e+03	5.324314e+02	3.212008e+02	7.767554e+01	4.283904e+01	6.712984e+00
331	9.486959e+00	2.619616e+03	5.328777e+02	3.217462e+02	7.768457e+01	4.293515e+01	8.724305e+00
332	9.515621e+00	2.609495e+03	5.332800e+02	3.224924e+02	7.730512e+01	4.297921e+01	1.123344e+01
333	9.544282e+00	2.598444e+03	5.337236e+02	3.230581e+02	7.715748e+01	4.287907e+01	1.363381e+01
334	9.572944e+00	2.603707e+03	5.340018e+02	3.236031e+02	7.746491e+01	4.279541e+01	1.567536e+01
335	9.601605e+00	2.596642e+03	5.343585e+02	3.243934e+02	7.714569e+01	4.285589e+01	1.811315e+01
336	9.630267e+00	2.595347e+03	5.347283e+02	3.250722e+02	7.724483e+01	4.277954e+01	2.018596e+01
337	9.658928e+00	2.611390e+03	5.349143e+02	3.258520e+02	7.766512e+01	4.281104e+01	2.301314e+01
338	9.687590e+00	2.594543e+03	5.351818e+02	3.266639e+02	7.719975e+01	4.279126e+01	2.510073e+01
339	9.716251e+00	2.614238e+03	5.354884e+02	3.271528e+02	7.801945e+01	4.266309e+01	2.751029e+01
340	9.744913e+00	2.613883e+03	5.356682e+02	3.278475e+02	7.806309e+01	4.263346e+01	2.988570e+01
341	9.773574e+00	2.600803e+03	5.357656e+02	3.288358e+02	7.750970e+01	4.272299e+01	3.241872e+01
342	9.802236e+00	2.609126e+03	5.360076e+02	3.295199e+02	7.781520e+01	4.269143e+01	3.515047e+01
343	9.830897e+00	2.593844e+03	5.361100e+02	3.304565e+02	7.757308e+01	4.257386e+01	3.753503e+01
344	9.859559e+00	2.611569e+03	5.362507e+02	3.312259e+02	7.816443e+01	4.254049e+01	4.000976e+01
345	9.888220e+00	2.588194e+03	5.363552e+02	3.323712e+02	7.742658e+01	4.256150e+01	4.284754e+01
346	9.916882e+00	2.575853e+03	5.362278e+02	3.335885e+02	7.731544e+01	4.241945e+01	4.583046e+01
347	9.945543e+00	2.577210e+03	5.362891e+02	3.344922e+02	7.727703e+01	4.246288e+01	4.845831e+01
348	9.974205e+00	2.582994e+03	5.365486e+02	3.354299e+02	7.792088e+01	4.220654e+01	5.112079e+01
349	1.000287e+01	2.548092e+03	5.363451e+02	3.366389e+02	7.674033e+01	4.227674e+01	5.401235e+01
350	1.003153e+01	2.567803e+03	5.364551e+02	3.373766e+02	7.746761e+01	4.220381e+01	5.636217e+01
351	1.006019e+01	2.554551e+03	5.362164e+02	3.383209e+02	7.719952e+01	4.213181e+01	5.917214e+01
352	1.008885e+01	2.554036e+03	5.363100e+02	3.391225e+02	7.706845e+01	4.219495e+01	6.172969e+01
353	1.011751e+01	2.559629e+03	5.361123e+02	3.400658e+02	7.752485e+01	4.203840e+01	6.475445e+01
354	1.014617e+01	2.532988e+03	5.357277e+02	3.409341e+02	7.721634e+01	4.176707e+01	6.701259e+01
355	1.017484e+01	2.547744e+03	5.354731e+02	3.417137e+02	7.762276e+01	4.179043e+01	6.932593e+01
356	1.020350e+01	2.553680e+03	5.352777e+02	3.426569e+02	7.781150e+01	4.178619e+01	7.180555e+01
357	1.023216e+01	2.540391e+03	5.349377e+02	3.436071e+02	7.780917e+01	4.156998e+01	7.455824e+01
358	1.026082e+01	2.555843e+03	5.347157e+02	3.442902e+02	7.797554e+01	4.173361e+01	7.707082e+01
359	1.028948e+01	2.546705e+03	5.343728e+02	3.450411e+02	7.782879e+01	4.166280e+01	7.953992e+01
360	1.031814e+01	2.534298e+03	5.337651e+02	3.459538e+02	7.776272e+01	4.149506e+01	8.263439e+01
361	1.034680e+01	2.539021e+03	5.337294e+02	3.466089e+02	7.801952e+01	4.143556e+01	8.488607e+01
362	1.037547e+01	2.532525e+03	5.331751e+02	3.474415e+02	7.755605e+01	4.157652e+01	8.786694e+01
363	1.040413e+01	2.528559e+03	5.326539e+02	3.480434e+02	7.701836e+01	4.180122e+01	9.063646e+01
364	1.043279e+01	2.520011e+03	5.321027e+02	3.485240e+02	7.751344e+01	4.139382e+01	9.296873e+01
365	1.046145e+01	2.534094e+03	5.315262e+02	3.491449e+02	7.762787e+01	4.156379e+01	9.479020e+01
366	1.049011e+01	2.547131e+03	5.314508e+02	3.498660e+02	7.820856e+01	4.146743e+01	9.706575e+01
367	1.051877e+01	2.554307e+03	5.309960e+02	3.503133e+02	7.821554e+01	4.158055e+01	9.890785e+01
368	1.054743e+01	2.555429e+03	5.303524e+02	3.508434e+02	7.814403e+01	4.163688e+01	1.017023e+02
369	1.057610e+01	2.545065e+03	5.296935e+02	3.514594e+02	7.772087e+01	4.169378e+01	1.041280e+02
370	1.060476e+01	2.573611e+03	5.293743e+02	3.519377e+02	7.855463e+01	4.171394e+01	1.067291e+02
371	1.063342e+01	2.560054e+03	5.285549e+02	3.522610e+02	7.805274e+01	4.176102e+01	1.086127e+02
372	1.066208e+01	2.560542e+03	5.278341e+02	3.526544e+02	7.778832e+01	4.191096e+01	1.111628e+02
373	1.069074e+01	2.558324e+03	5.272269e+02	3.531117e+02	7.758439e+01	4.198473e+01	1.131570e+02
374	1.071940e+01	2.541502e+03	5.265896e+02	3.536277e+02	7.722343e+01	4.190361e+01	1.156751e+02
375	1.074807e+01	2.553983e+03	5.261313e+02	3.541089e+02	7.770294e+01	4.184953e+01	1.180310e+02
376	1.077673e+01	2.560579e+03	5.255199e+02	3.545396e+02	7.729443e+01	4.217937e+01	1.205496e+02
377	1.080539e+01	2.561868e+03	5.249261e+02	3.550030e+02	7.762367e+01	4.202161e+01	1.235321e+02
378	1.083405e+01	2.573524e+03	5.243040e+02	3.554250e+02	7.768406e+01	4.217999e+01	1.260151e+02
379	1.086271e+01	2.557574e+03	5.233787e+02	3.555903e+02	7.705384e+01	4.226141e+01	1.288375e+02
380	1.089137e+01	2.568073e+03	5.229014e+02	3.561114e+02	7.741877e+01	4.223488e+01	1.313490e+02
381	1.092003e+01	2.579573e+03	5.223484e+02	3.565410e+02	7.764319e+01	4.230139e+01	1.339842e+02
382	1.094870e+01	2.577944e+03	5.215663e+02	3.566778e+02	7.742706e+01	4.239267e+01	1.366083e+02
383	1.097736e+01	2.580209e+03	5.208596e+02	3.568379e+02	7.731287e+01	4.249258e+01	1.389652e+02
384	1.100602e+01	2.577362e+03	5.201729e+02	3.569944e+02	7.746088e+01	4.236460e+01	1.414549e+02
385	1.103468e+01	2.583394e+03	5.196386e+02	3.568574e+02	7.730180e+01	4.255114e+01	1.431044e+02
386	1.106334e+01	2.595980e+03	5.190014e+02	3.568798e+02	7.762126e+01	4.258245e+01	1.454736e+02
387	1.109200e+01	2.600505e+03	5.180713e+02	3.566848e+02	7.724268e+01	4.286575e+01	1.478570e+02
388	1.112066e+01	2.600075e+03	5.173433e+02	3.568109e+02	7.762251e+01	4.264894e+01	1.508041e+02
389	1.114933e+01	2.604969e+03	5.164331e+02	3.565683e+02	7.744753e+01	4.282576e+01	1.534263e+02
390	1.117799e+01	2.617897e+03	5.157393e+02	3.564600e+02	7.781006e+01	4.283778e+01	1.558815e+02
391	1.120665e+01	2.626330e+03	5.151588e+02	3.563904e+02	7.827858e+01	4.271855e+01	1.585105e+02
392	1.123531e+01	2.622149e+03	5.144742e+02	3.558983e+02	7.813524e+01	4.272879e+01	1.604382e+02
393	1.126397e+01	2.619195e+03	5.137050e+02	3.556862e+02	7.798030e+01	4.276546e+01	1.628914e+02
394	1.129263e+01	2.629041e+03	5.131001e+02	3.552588e+02	7.803548e+01	4.289586e+01	1.650336e+02
395	1.132130e+01	2.626339e+03	5.125142e+02	3.549766e+02	7.810595e+01	4.281311e+01	1.673569e+02
396	1.134996e+01	2.642435e+03	5.120266e+02	3.545598e+02	7.857218e+01	4.281990e+01	1.690427e+02
397	1.137862e+01	2.652215e+03	5.114694e+02	3.541823e+02	7.867811e+01	4.292052e+01	1.711679e+02
398	1.140728e+01	2.641069e+03	5.107933e+02	3.537007e+02	7.819096e+01	4.300642e+01	1.736132e+02
399	1.143594e+01	2.638379e+03	5.103339e+02	3.531821e+02	7.848519e+01	4.280156e+01	1.760593e+02
400	1.146460e+01	2.626651e+03	5.098386e+02	3.527200e+02	7.805341e+01	4.284702e+01	1.782309e+02
401	1.149326e+01	2.638929e+03	5.094212e+02	3.523192e+02	7.817263e+01	4.298165e+01	1.799026e+02
402	1.152193e+01	2.618924e+03	5.090607e+02	3.520385e+02	7.818880e+01	4.264699e+01	1.622330e+00
403	1.155059e+01	2.639629e+03	5.087299e+02	3.515772e+02	7.836720e+01	4.288631e+01	3.511931e+00
404	1.157925e+01	2.638274e+03	5.084047e+02	3.512221e+02	7.824351e+01	4.293206e+01	5.232459e+00
405	1.160791e+01	2.638817e+03	5.079140e+02	3.506217e+02	7.828249e+01	4.291952e+01	7.564340e+00
406	1.163657e+01	2.626440e+03	5.074716e+02	3.500822e+02	7.831350e+01	4.270129e+01	9.516131e+00
407	1.166523e+01	2.622929e+03	5.069901e+02	3.494200e+02	7.818616e+01	4.271366e+01	1.209024e+01
408	1.169390e+01	2.634012e+03	5.065638e+02	3.486134e+02	7.855011e+01	4.269539e+01	1.404351e+01
409	1.172256e+01	2.625405e+03	5.062010e+02	3.480948e+02	7.830647e+01	4.268829e+01	1.652187e+01
410	1.175122e+01	2.633709e+03	5.057934e+02	3.473334e+02	7.813849e+01	4.291537e+01	1.918437e+01
411	1.177988e+01	2.645747e+03	5.055628e+02	3.466702e+02	7.862110e+01	4.284689e+01	2.122918e+01
412	1.180854e+01	2.634026e+03	5.051202e+02	3.461022e+02	7.844068e+01	4.275520e+01	2.359962e+01
413	1.183720e+01	2.633821e+03	5.049433e+02	3.452843e+02	7.845937e+01	4.274168e+01	2.665384e+01
414	1.186586e+01	2.632143e+03	5.045367e+02	3.445070e+02	7.842079e+01	4.273546e+01	2.916263e+01
415	1.189453e+01	2.631944e+03	5.042573e+02	3.436789e+02	7.847619e+01	4.270206e+01	3.189911e+01
416	1.192319e+01	2.630425e+03	5.041232e+02	3.429761e+02	7.847658e+01	4.267720e+01	3.439045e+01
417	1.195185e+01	2.633741e+03	5.038021e+02	3.422417e+02	7.842170e+01	4.276091e+01	3.673511e+01
418	1.198051e+01	2.636552e+03	5.037037e+02	3.415148e+02	7.867780e+01	4.266722e+01	3.879258e+01
419	1.200917e+01	2.615589e+03	5.037088e+02	3.406790e+02	7.828614e+01	4.253973e+01	4.119121e+01
420	1.203783e+01	2.619521e+03	5.038132e+02	3.399777e+02	7.852292e+01	4.247521e+01	4.305482e+01
421	1.206649e+01	2.622596e+03	5.036559e+02	3.392904e+02	7.854070e+01	4.251545e+01	4.507143e+01
422	1.209516e+01	2.614080e+03	5.034848e+02	3.384026e+02	7.848558e+01	4.240716e+01	4.797626e+01
423	1.212382e+01	2.621883e+03	5.032968e+02	3.377122e+02	7.863205e+01	4.245451e+01	5.010298e+01
424	1.215248e+01	2.624679e+03	5.031583e+02	3.370502e+02	7.914687e+01	4.222334e+01	5.268493e+01
425	1.218114e+01	2.635372e+03	5.028133e+02	3.363882e+02	7.913849e+01	4.239985e+01	5.531160e+01
426	1.220980e+01	2.609709e+03	5.029050e+02	3.356012e+02	7.892241e+01	4.210191e+01	5.820155e+01
427	1.223846e+01	2.624734e+03	5.030008e+02	3.347412e+02	7.959318e+01	4.198746e+01	5.980406e+01
428	1.226713e+01	2.611663e+03	5.030327e+02	3.339402e+02	7.926783e+01	4.194983e+01	6.249194e+01
429	1.229579e+01	2.609179e+03	5.033904e+02	3.331716e+02	7.932911e+01	4.187756e+01	6.460043e+01
430	1.232445e+01	2.607615e+03	5.036552e+02	3.325582e+02	7.939870e+01	4.181578e+01	6.695990e+01
431	1.235311e+01	2.602670e+03	5.039601e+02	3.317467e+02	7.930192e+01	4.178743e+01	6.933708e+01
432	1.238177e+01	2.617053e+03	5.043412e+02	3.309262e+02	7.985632e+01	4.172663e+01	7.169077e+01
433	1.241043e+01	2.600164e+03	5.045773e+02	3.302597e+02	7.938699e+01	4.170244e+01	7.413654e+01
434	1.243909e+01	2.611333e+03	5.049005e+02	3.295623e+02	7.966763e+01	4.173405e+01	7.625893e+01
435	1.246776e+01	2.609039e+03	5.055455e+02	3.287812e+02	7.949766e+01	4.178653e+01	7.866930e+01
436	1.249642e+01	2.607874e+03	5.059828e+02	3.280645e+02	7.968986e+01	4.166714e+01	8.127460e+01
437	1.252508e+01	2.605843e+03	5.064473e+02	3.274441e+02	7.962940e+01	4.166630e+01	8.341710e+01
438	1.255374e+01	2.607131e+03	5.069126e+02	3.267811e+02	7.965134e+01	4.167540e+01	8.578970e+01
439	1.258240e+01	2.609014e+03	5.076286e+02	3.261649e+02	7.961922e+01	4.172234e+01	8.767747e+01
440	1.261106e+01	2.590812e+03	5.081311e+02	3.255347e+02	7.940100e+01	4.154512e+01	9.006643e+01
441	1.263972e+01	2.597418e+03	5.087700e+02	3.250190e+02	7.951360e+01	4.159207e+01	9.221458e+01
442	1.266839e+01	2.840440e+03	5.071544e+02	3.255390e+02	8.334846e+01	4.339085e+01	8.793530e+01
443	1.269705e+01	2.604457e+03	5.100093e+02	3.240785e+02	7.960983e+01	4.165437e+01	9.638463e+01
444	1.272571e+01	2.598535e+03	5.108563e+02	3.235562e+02	7.906742e+01	4.184476e+01	9.894981e+01
445	1.275437e+01	2.612730e+03	5.112253e+02	3.230247e+02	7.950445e+01	4.184208e+01	1.014327e+02
446	1.278303e+01	2.607246e+03	5.120510e+02	3.226971e+02	7.921531e+01	4.190666e+01	1.034783e+02
447	1.281169e+01	2.603197e+03	5.127254e+02	3.222982e+02	7.928343e+01	4.180563e+01	1.059736e+02
448	1.284036e+01	2.595466e+03	5.135608e+02	3.218490e+02	7.911381e+01	4.177083e+01	1.081140e+02
449	1.286902e+01	2.602435e+03	5.143962e+02	3.216914e+02	7.914045e+01	4.186890e+01	1.102016e+02
450	1.289768e+01	2.603103e+03	5.150701e+02	3.214303e+02	7.887252e+01	4.202192e+01	1.122434e+02
451	1.292634e+01	2.612584e+03	5.156180e+02	3.210278e+02	7.915405e+01	4.202496e+01	1.143072e+02
452	1.295500e+01	2.596607e+03	5.165097e+02	3.209935e+02	7.870273e+01	4.200747e+01	1.162537e+02
453	1.298366e+01	2.603810e+03	5.173300e+02	3.207479e+02	7.876882e+01	4.208865e+01	1.188036e+02
454	1.301232e+01	2.612648e+03	5.179844e+02	3.205298e+02	7.878505e+01	4.222282e+01	1.208852e+02
455	1.304099e+01	2.626542e+03	5.188654e+02	3.203073e+02	7.916353e+01	4.224443e+01	1.236510e+02
456	1.306965e+01	2.617341e+03	5.198419e+02	3.201596e+02	7.871643e+01	4.233554e+01	1.262507e+02
457	1.309831e+01	2.617504e+03	5.205727e+02	3.201740e+02	7.858091e+01	4.241119e+01	1.285693e+02
458	1.312697e+01	2.619058e+03	5.214838e+02	3.201409e+02	7.860074e+01	4.242566e+01	1.309138e+02
459	1.315563e+01	2.626760e+03	5.224484e+02	3.202596e+02	7.854132e+01	4.258262e+01	1.334609e+02
460	1.318429e+01	2.628372e+03	5.228153e+02	3.200907e+02	7.865838e+01	4.254534e+01	1.355850e+02
461	1.321296e+01	2.637009e+03	5.235683e+02	3.203089e+02	7.871833e+01	4.265264e+01	1.369827e+02
462	1.324162e+01	2.644555e+03	5.242870e+02	3.203417e+02	7.867313e+01	4.279926e+01	1.391047e+02
463	1.327028e+01	2.632304e+03	5.251487e+02	3.204247e+02	7.838251e+01	4.275895e+01	1.420848e+02
464	1.329894e+01	2.634179e+03	5.259171e+02	3.203915e+02	7.849400e+01	4.272863e+01	1.442860e+02
465	1.332760e+01	2.640834e+03	5.267521e+02	3.206006e+02	7.869078e+01	4.272945e+01	1.466620e+02
466	1.335626e+01	2.650905e+03	5.274481e+02	3.207948e+02	7.889970e+01	4.277884e+01	1.490595e+02
467	1.338492e+01	2.641672e+03	5.283196e+02	3.211879e+02	7.882392e+01	4.267081e+01	1.517312e+02
468	1.341359e+01	2.634831e+03	5.290582e+02	3.216003e+02	7.837965e+01	4.280155e+01	1.535938e+02
469	1.344225e+01	2.639740e+03	5.298195e+02	3.219883e+02	7.875091e+01	4.267914e+01	1.560300e+02
470	1.347091e+01	2.634284e+03	5.305479e+02	3.224365e+02	7.831147e+01	4.282993e+01	1.581546e+02
471	1.349957e+01	2.626306e+03	5.312936e+02	3.229287e+02	7.783528e+01	4.296146e+01	1.609440e+02
472	1.352823e+01	2.620917e+03	5.320001e+02	3.233943e+02	7.794074e+01	4.281529e+01	1.634478e+02
473	1.355689e+01	2.631578e+03	5.325458e+02	3.237670e+02	7.806997e+01	4.291829e+01	1.659552e+02
474	1.358555e+01	2.614479e+03	5.332832e+02	3.243150e+02	7.770905e+01	4.283746e+01	1.681737e+02
475	1.361422e+01	2.628281e+03	5.339354e+02	3.247769e+02	7.798344e+01	4.291208e+01	1.704578e+02
476	1.364288e+01	2.622881e+03	5.345060e+02	3.252677e+02	7.797503e+01	4.282854e+01	1.729150e+02
477	1.367154e+01	2.616454e+03	5.350142e+02	3.259650e+02	7.731627e+01	4.308760e+01	1.747958e+02
478	1.370020e+01	2.596178e+03	5.355449e+02	3.265752e+02	7.708148e+01	4.288393e+01	1.771562e+02
479	1.372886e+01	2.609536e+03	5.360229e+02	3.268356e+02	7.780488e+01	4.270380e+01	1.794750e+02
480	1.375752e+01	2.615315e+03	5.364179e+02	3.275535e+02	7.724677e+01	4.310760e+01	1.317846e+00
481	1.378619e+01	2.601435e+03	5.367975e+02	3.283534e+02	7.741358e+01	4.278642e+01	3.226091e+00
482	1.381485e+01	2.610667e+03	5.373333e+02	3.286362e+02	7.730678e+01	4.299758e+01	5.718224e+00
483	1.384351e+01	2.609269e+03	5.376551e+02	3.294829e+02	7.738461e+01	4.293133e+01	7.929767e+00
484	1.387217e+01	2.613817e+03	5.380632e+02	3.297003e+02	7.789176e+01	4.272615e+01	1.013417e+01
485	1.390083e+01	2.611971e+03	5.384939e+02	3.305101e+02	7.760910e+01	4.285148e+01	1.250730e+01
486	1.392949e+01	2.616027e+03	5.388533e+02	3.312133e+02	7.800060e+01	4.270261e+01	1.502407e+01
487	1.395815e+01	2.598551e+03	5.391083e+02	3.320109e+02	7.701395e+01	4.296076e+01	1.726143e+01
488	1.398682e+01	2.626941e+03	5.395425e+02	3.327643e+02	7.817460e+01	4.278532e+01	1.964711e+01
489	1.401548e+01	2.615579e+03	5.395532e+02	3.335837e+02	7.788912e+01	4.275640e+01	2.159491e+01
490	1.404414e+01	2.614527e+03	5.398826e+02	3.345060e+02	7.782533e+01	4.277424e+01	2.398215e+01
491	1.407280e+01	2.606309e+03	5.400886e+02	3.354210e+02	7.764006e+01	4.274153e+01	2.668268e+01
492	1.410146e+01	2.604935e+03	5.403900e+02	3.361997e+02	7.762032e+01	4.272988e+01	2.909055e+01
493	1.413012e+01	2.596601e+03	5.404485e+02	3.372040e+02	7.732315e+01	4.275686e+01	3.162997e+01
494	1.415878e+01	2.612439e+03	5.407371e+02	3.378913e+02	7.802816e+01	4.262897e+01	3.399454e+01
495	1.418745e+01	2.607820e+03	5.410704e+02	3.387406e+02	7.780973e+01	4.267307e+01	3.732594e+01
496	1.421611e+01	2.596556e+03	5.411523e+02	3.396418e+02	7.756143e+01	4.262476e+01	4.003888e+01
497	1.424477e+01	2.596083e+03	5.412701e+02	3.405973e+02	7.783334e+01	4.246812e+01	4.261190e+01
498	1.427343e+01	2.591419e+03	5.413101e+02	3.418215e+02	7.762447e+01	4.250589e+01	4.564442e+01
499	1.430209e+01	2.584328e+03	5.413633e+02	3.428298e+02	7.736023e+01	4.253438e+01	4.859692e+01
500	1.433075e+01	2.585085e+03	5.414138e+02	3.437386e+02	7.765525e+01	4.238519e+01	5.112973e+01
501	1.435942e+01	2.573925e+03	5.411364e+02	3.447867e+02	7.742045e+01	4.233020e+01	5.376373e+01
502	1.438808e+01	2.582481e+03	5.412787e+02	3.456313e+02	7.794604e+01	4.218454e+01	5.677703e+01
503	1.441674e+01	2.573700e+03	5.412128e+02	3.466573e+02	7.796062e+01	4.203323e+01	5.974734e+01
504	1.444540e+01	2.556316e+03	5.408132e+02	3.477682e+02	7.740473e+01	4.204913e+01	6.234032e+01
505	1.447406e+01	2.558186e+03	5.409640e+02	3.487709e+02	7.769242e+01	4.192409e+01	6.525928e+01
506	1.450272e+01	2.540322e+03	5.406148e+02	3.496960e+02	7.736454e+01	4.180777e+01	6.745579e+01
507	1.453138e+01	2.545691e+03	5.405400e+02	3.505154e+02	7.794617e+01	4.158349e+01	7.046078e+01
508	1.456005e+01	2.565948e+03	5.403149e+02	3.512911e+02	7.851321e+01	4.161169e+01	7.328650e+01
509	1.458871e+01	2.548222e+03	5.400013e+02	3.521684e+02	7.820864e+01	4.148515e+01	7.586830e+01
510	1.461737e+01	2.542574e+03	5.393672e+02	3.529518e+02	7.771510e+01	4.165607e+01	7.875966e+01
511	1.464603e+01	2.547973e+03	5.391585e+02	3.537663e+02	7.809834e+01	4.153968e+01	8.098329e+01
512	1.467469e+01	2.560193e+03	5.389330e+02	3.544543e+02	7.837076e+01	4.159382e+01	8.356107e+01
513	1.470335e+01	2.556550e+03	5.384539e+02	3.552809e+02	7.840443e+01	4.151680e+01	8.655350e+01
514	1.473201e+01	2.551879e+03	5.379263e+02	3.559200e+02	7.802346e+01	4.164328e+01	8.879681e+01
515	1.476068e+01	2.565305e+03	5.375419e+02	3.568163e+02	7.841271e+01	4.165458e+01	9.170034e+01
516	1.478934e+01	2.554485e+03	5.370529e+02	3.576485e+02	7.836473e+01	4.150428e+01	9.466302e+01
517	1.481800e+01	2.559733e+03	5.364978e+02	3.581944e+02	7.788934e+01	4.184339e+01	9.742391e+01
518	1.484666e+01	2.550790e+03	5.358372e+02	3.587966e+02	7.837023e+01	4.144133e+01	9.953922e+01
519	1.487532e+01	2.540433e+03	5.351495e+02	3.592363e+02	7.798534e+01	4.147678e+01	1.017243e+02
520	1.490398e+01	2.546946e+03	5.347792e+02	3.597513e+02	7.783106e+01	4.166553e+01	1.036770e+02
521	1.493265e+01	2.559218e+03	5.342281e+02	3.603752e+02	7.821994e+01	4.165814e+01	1.064425e+02
522	1.496131e+01	2.563297e+03	5.337496e+02	3.608732e+02	7.796545e+01	4.186073e+01	1.084919e+02
523	1.498997e+01	2.559511e+03	5.330832e+02	3.613543e+02	7.774737e+01	4.191615e+01	1.107533e+02
524	1.501863e+01	2.553462e+03	5.325639e+02	3.619024e+02	7.743922e+01	4.198349e+01	1.134504e+02
525	1.504729e+01	2.556009e+03	5.320090e+02	3.625013e+02	7.774400e+01	4.186062e+01	1.164462e+02
526	1.507595e+01	2.552414e+03	5.314083e+02	3.629684e+02	7.733718e+01	4.202163e+01	1.189205e+02
527	1.510461e+01	2.554499e+03	5.308828e+02	3.634343e+02	7.705609e+01	4.220936e+01	1.214109e+02
528	1.513328e+01	2.552079e+03	5.300734e+02	3.637134e+02	7.726107e+01	4.205751e+01	1.237478e+02
529	1.516194e+01	2.561620e+03	5.294478e+02	3.641028e+02	7.744363e+01	4.211523e+01	1.267171e+02
530	1.519060e+01	2.589994e+03	5.289849e+02	3.645616e+02	7.800737e+01	4.227399e+01	1.293749e+02
531	1.521926e+01	2.578087e+03	5.280637e+02	3.648134e+02	7.751243e+01	4.234834e+01	1.322419e+02
532	1.524792e+01	2.575058e+03	5.272324e+02	3.648589e+02	7.719160e+01	4.247439e+01	1.347735e+02
533	1.527658e+01	2.591604e+03	5.264930e+02	3.651206e+02	7.779647e+01	4.241494e+01	1.375083e+02
534	1.530525e+01	2.579445e+03	5.255496e+02	3.650945e+02	7.707734e+01	4.260981e+01	1.402971e+02
535	1.533391e+01	2.603755e+03	5.248235e+02	3.652291e+02	7.783070e+01	4.259507e+01	1.428177e+02
536	1.536257e+01	2.596824e+03	5.239625e+02	3.650107e+02	7.758700e+01	4.261511e+01	1.455644e+02
537	1.539123e+01	2.605827e+03	5.232142e+02	3.649428e+02	7.774153e+01	4.267785e+01	1.480784e+02
538	1.541989e+01	2.611943e+03	5.225607e+02	3.648328e+02	7.795226e+01	4.266238e+01	1.499942e+02
539	1.544855e+01	2.594114e+03	5.216424e+02	3.645700e+02	7.711977e+01	4.282856e+01	1.526953e+02
540	1.547721e+01	2.599116e+03	5.207139e+02	3.642379e+02	7.740189e+01	4.275474e+01	1.554953e+02
541	1.550588e+01	2.623216e+03	5.200669e+02	3.641940e+02	7.801794e+01	4.281044e+01	1.575131e+02
542	1.553454e+01	2.625198e+03	5.192245e+02	3.638492e+02	7.773258e+01	4.300006e+01	1.599546e+02
543	1.556320e+01	2.620599e+03	5.184404e+02	3.635156e+02	7.791895e+01	4.282207e+01	1.622329e+02
544	1.559186e+01	2.621750e+03	5.177711e+02	3.631454e+02	7.774634e+01	4.293598e+01	1.645054e+02
545	1.562052e+01	2.629600e+03	5.170576e+02	3.626970e+02	7.787556e+01	4.299308e+01	1.668273e+02
546	1.564918e+01	2.632577e+03	5.164721e+02	3.623306e+02	7.794016e+01	4.300608e+01	1.691986e+02
547	1.567784e+01	2.640099e+03	5.158201e+02	3.619918e+02	7.843365e+01	4.285760e+01	1.716504e+02
548	1.570651e+01	2.638805e+03	5.153143e+02	3.614084e+02	7.855848e+01	4.276853e+01	1.740302e+02
549	1.573517e+01	2.630055e+03	5.144323e+02	3.608865e+02	7.806482e+01	4.289627e+01	1.768146e+02
550	1.576383e+01	2.615327e+03	5.139698e+02	3.602054e+02	7.803111e+01	4.267448e+01	1.792038e+02
551	1.579249e+01	2.635462e+03	5.135366e+02	3.598040e+02	7.804008e+01	4.299809e+01	1.056455e+00
552	1.582115e+01	2.644108e+03	5.131557e+02	3.593319e+02	7.835955e+01	4.296327e+01	3.152433e+00
553	1.584981e+01	2.640400e+03	5.126172e+02	3.587494e+02	7.862467e+01	4.275835e+01	5.219631e+00
554	1.587848e+01	2.643968e+03	5.121889e+02	3.581106e+02	7.820878e+01	4.304382e+01	7.189311e+00
555	1.590714e+01	2.633128e+03	5.116703e+02	3.572556e+02	7.827170e+01	4.283288e+01	9.655425e+00
556	1.593580e+01	2.625665e+03	5.111986e+02	3.566915e+02	7.818643e+01	4.275806e+01	1.159641e+01
557	1.596446e+01	2.639051e+03	5.107982e+02	3.562791e+02	7.837569e+01	4.287226e+01	1.353406e+01
558	1.599312e+01	2.639806e+03	5.103692e+02	3.554799e+02	7.824442e+01	4.295649e+01	1.610934e+01
559	1.602178e+01	2.637101e+03	5.100163e+02	3.547685e+02	7.831713e+01	4.287263e+01	1.829584e+01
560	1.605044e+01	2.631755e+03	5.098083e+02	3.539250e+02	7.826697e+01	4.281314e+01	2.038724e+01
561	1.607911e+01	2.634967e+03	5.095210e+02	3.532750e+02	7.826077e+01	4.286879e+01	2.246932e+01
562	1.610777e+01	2.649142e+03	5.093130e+02	3.525811e+02	7.866434e+01	4.287828e+01	2.498551e+01
563	1.613643e+01	2.637640e+03	5.088171e+02	3.520338e+02	7.849600e+01	4.278367e+01	2.733138e+01
564	1.616509e+01	2.636556e+03	5.085234e+02	3.511926e+02	7.827089e+01	4.288910e+01	2.947023e+01
565	1.619375e+01	2.631584e+03	5.084106e+02	3.502609e+02	7.833728e+01	4.277193e+01	3.230669e+01
566	1.622241e+01	2.635047e+03	5.082884e+02	3.495105e+02	7.878606e+01	4.258426e+01	3.487211e+01
567	1.625107e+01	2.645754e+03	5.080828e+02	3.489263e+02	7.900051e+01	4.264122e+01	3.655050e+01
568	1.627974e+01	2.637379e+03	5.080075e+02	3.482453e+02	7.855112e+01	4.274944e+01	3.891222e+01
569	1.630840e+01	2.635467e+03	5.078105e+02	3.475536e+02	7.870608e+01	4.263432e+01	4.090861e+01
570	1.633706e+01	2.625676e+03	5.078768e+02	3.466180e+02	7.861830e+01	4.252336e+01	4.348745e+01
571	1.636572e+01	2.628875e+03	5.078180e+02	3.457828e+02	7.891251e+01	4.241645e+01	4.564703e+01
572	1.639438e+01	2.647488e+03	5.079180e+02	3.451953e+02	7.904907e+01	4.264296e+01	4.757817e+01
573	1.642304e+01	2.638418e+03	5.080397e+02	3.447112e+02	7.912289e+01	4.245723e+01	4.919025e+01
574	1.645171e+01	2.628418e+03	5.079397e+02	3.441027e+02	7.881779e+01	4.246004e+01	5.096506e+01
575	1.648037e+01	2.634283e+03	5.078567e+02	3.433501e+02	7.917043e+01	4.236523e+01	5.338345e+01
576	1.650903e+01	2.635015e+03	5.078449e+02	3.425628e+02	7.919241e+01	4.236523e+01	5.602031e+01
577	1.653769e+01	2.629156e+03	5.078538e+02	3.418785e+02	7.923188e+01	4.224998e+01	5.791528e+01
578	1.656635e+01	2.613637e+03	5.078167e+02	3.412789e+02	7.908637e+01	4.207787e+01	6.023471e+01
579	1.659501e+01	2.623267e+03	5.079274e+02	3.406643e+02	7.945802e+01	4.203537e+01	6.208904e+01
580	1.662367e+01	2.620506e+03	5.081710e+02	3.401026e+02	7.923384e+01	4.210993e+01	6.347279e+01
581	1.665234e+01	2.644495e+03	5.082344e+02	3.394778e+02	7.966539e+01	4.226523e+01	6.557726e+01
582	1.668100e+01	2.634600e+03	5.086871e+02	3.387900e+02	7.960529e+01	4.213886e+01	6.774608e+01
583	1.670966e+01	2.625903e+03	5.088835e+02	3.380354e+02	7.933479e+01	4.214296e+01	7.006844e+01
584	1.673832e+01	2.613806e+03	5.091847e+02	3.372331e+02	7.949313e+01	4.186527e+01	7.238022e+01
585	1.676698e+01	2.612160e+03	5.096235e+02	3.364617e+02	7.948140e+01	4.184507e+01	7.461920e+01
586	1.679564e+01	2.610749e+03	5.098950e+02	3.358333e+02	7.935799e+01	4.188752e+01	7.670779e+01
587	1.682430e+01	2.600842e+03	5.101719e+02	3.351516e+02	7.964333e+01	4.157907e+01	7.864803e+01
588	1.685297e+01	2.605973e+03	5.106767e+02	3.344957e+02	7.938670e+01	4.179577e+01	8.049092e+01
589	1.688163e+01	2.607239e+03	5.110069e+02	3.339130e+02	7.950629e+01	4.175317e+01	8.256947e+01
590	1.691029e+01	2.609135e+03	5.115623e+02	3.332500e+02	7.943502e+01	4.182103e+01	8.485000e+01
591	1.693895e+01	2.605367e+03	5.120562e+02	3.326558e+02	7.974479e+01	4.159842e+01	8.676760e+01
592	1.696761e+01	2.607005e+03	5.126368e+02	3.321771e+02	7.947491e+01	4.176591e+01	8.892889e+01
593	1.699627e+01	2.609111e+03	5.131711e+02	3.316466e+02	7.958334e+01	4.174270e+01	9.085255e+01
594	1.702494e+01	2.602629e+03	5.138162e+02	3.310829e+02	7.966406e+01	4.159681e+01	9.295835e+01
595	1.705360e+01	2.608155e+03	5.144853e+02	3.307088e+02	7.927931e+01	4.188742e+01	9.525574e+01
596	1.708226e+01	2.599521e+03	5.150284e+02	3.301800e+02	7.935601e+01	4.170841e+01	9.719244e+01
597	1.711092e+01	2.601097e+03	5.157476e+02	3.296972e+02	7.921119e+01	4.180999e+01	9.954173e+01
598	1.713958e+01	2.607698e+03	5.164839e+02	3.292283e+02	7.922230e+01	4.191023e+01	1.018245e+02
599	1.716824e+01	2.595821e+03	5.170705e+02	3.287323e+02	7.924410e+01	4.170786e+01	1.038555e+02
600	1.719690e+01	2.602518e+03	5.178767e+02	3.284146e+02	7.927152e+01	4.180099e+01	1.059723e+02
601	1.722557e+01	2.606447e+03	5.184496e+02	3.281978e+02	7.931333e+01	4.184204e+01	1.078847e+02
602	1.725423e+01	2.607553e+03	5.192433e+02	3.279017e+02	7.914923e+01	4.194658e+01	1.104344e+02
603	1.728289e+01	2.607118e+03	5.199453e+02	3.274685e+02	7.901258e+01	4.201211e+01	1.124207e+02
604	1.731155e+01	2.605923e+03	5.206686e+02	3.270855e+02	7.899552e+01	4.200193e+01	1.146478e+02
605	1.734021e+01	2.621379e+03	5.213375e+02	3.269238e+02	7.903738e+01	4.222867e+01	1.172920e+02
606	1.736887e+01	2.631783e+03	5.220801e+02	3.266311e+02	7.920522e+01	4.230642e+01	1.192631e+02
607	1.739754e+01	2.616964e+03	5.228458e+02	3.264620e+02	7.901196e+01	4.217111e+01	1.211514e+02
608	1.742620e+01	2.618776e+03	5.235643e+02	3.262753e+02	7.885365e+01	4.228504e+01	1.234282e+02
609	1.745486e+01	2.617081e+03	5.243528e+02	3.261313e+02	7.883189e+01	4.226934e+01	1.257276e+02
610	1.748352e+01	2.634791e+03	5.250661e+02	3.260566e+02	7.924274e+01	4.233473e+01	1.280177e+02
611	1.751218e+01	2.628776e+03	5.259333e+02	3.259521e+02	7.874321e+01	4.250603e+01	1.302913e+02
612	1.754084e+01	2.638445e+03	5.267978e+02	3.258666e+02	7.888140e+01	4.258764e+01	1.327415e+02
613	1.756950e+01	2.635900e+03	5.275485e+02	3.258653e+02	7.875576e+01	4.261443e+01	1.353546e+02
614	1.759817e+01	2.640340e+03	5.283151e+02	3.259920e+02	7.903992e+01	4.253275e+01	1.377789e+02
615	1.762683e+01	2.625380e+03	5.291905e+02	3.261407e+02	7.841194e+01	4.263046e+01	1.399487e+02
616	1.765549e+01	2.635923e+03	5.299967e+02	3.261538e+02	7.865289e+01	4.267053e+01	1.421714e+02
617	1.768415e+01	2.632375e+03	5.306716e+02	3.263656e+02	7.874018e+01	4.256586e+01	1.445415e+02
618	1.771281e+01	2.626673e+03	5.312775e+02	3.265401e+02	7.834335e+01	4.268879e+01	1.463212e+02
619	1.774147e+01	2.637932e+03	5.317496e+02	3.267890e+02	7.840932e+01	4.283571e+01	1.479596e+02
620	1.777013e+01	2.640926e+03	5.323457e+02	3.271893e+02	7.855762e+01	4.280337e+01	1.488717e+02
621	1.779880e+01	2.645033e+03	5.329335e+02	3.273757e+02	7.841517e+01	4.294783e+01	1.509240e+02
622	1.782746e+01	2.638760e+03	5.338745e+02	3.278251e+02	7.846454e+01	4.281901e+01	1.530049e+02
623	1.785612e+01	2.641561e+03	5.344768e+02	3.282590e+02	7.875451e+01	4.270663e+01	1.544149e+02
624	1.788478e+01	2.633979e+03	5.351731e+02	3.285211e+02	7.858180e+01	4.267764e+01	1.564830e+02
625	1.791344e+01	2.631638e+03	5.360944e+02	3.292494e+02	7.834193e+01	4.277027e+01	1.587890e+02
626	1.794210e+01	2.638876e+03	5.364624e+02	3.295831e+02	7.827558e+01	4.292426e+01	1.599035e+02
627	1.797077e+01	2.636064e+03	5.370961e+02	3.301691e+02	7.787609e+01	4.309848e+01	1.613211e+02
628	1.799943e+01	2.646279e+03	5.377130e+02	3.305395e+02	7.860581e+01	4.286385e+01	1.636252e+02
629	1.802809e+01	2.643928e+03	5.380959e+02	3.307698e+02	7.852113e+01	4.287195e+01	1.653109e+02
630	1.805675e+01	2.632910e+03	5.386666e+02	3.311869e+02	7.811777e+01	4.291374e+01	1.672426e+02
631	1.808541e+01	2.627488e+03	5.392465e+02	3.316192e+02	7.831732e+01	4.271624e+01	1.691025e+02
632	1.811407e+01	2.636617e+03	5.398484e+02	3.323881e+02	7.798954e+01	4.304481e+01	1.713033e+02
633	1.814273e+01	2.621055e+03	5.404637e+02	3.331337e+02	7.802798e+01	4.276967e+01	1.729870e+02
634	1.817140e+01	2.631582e+03	5.409821e+02	3.338227e+02	7.807018e+01	4.291824e+01	1.747196e+02
635	1.820006e+01	2.637128e+03	5.414791e+02	3.343860e+02	7.801633e+01	4.303838e+01	1.770008e+02
636	1.822872e+01	2.613208e+03	5.420253e+02	3.350389e+02	7.763123e+01	4.285955e+01	1.793634e+02
637	1.825738e+01	2.621245e+03	5.424957e+02	3.354880e+02	7.769061e+01	4.295852e+01	1.540686e+00
638	1.828604e+01	2.616967e+03	5.429505e+02	3.360220e+02	7.762345e+01	4.292551e+01	3.854291e+00
639	1.831470e+01	2.611584e+03	5.433234e+02	3.366683e+02	7.771822e+01	4.278497e+01	5.822644e+00
640	1.834336e+01	2.615681e+03	5.437527e+02	3.372177e+02	7.760742e+01	4.291327e+01	7.932430e+00
641	1.837203e+01	2.603020e+03	5.441018e+02	3.378030e+02	7.749772e+01	4.276601e+01	1.026348e+01
642	1.840069e+01	2.614783e+03	5.443949e+02	3.385013e+02	7.786211e+01	4.275821e+01	1.270782e+01
643	1.842935e+01	2.612938e+03	5.447267e+02	3.391423e+02	7.776779e+01	4.277987e+01	1.447336e+01
644	1.845801e+01	2.883962e+03	5.471154e+02	3.394553e+02	7.548697e+01	4.864382e+01	2.249951e+01
645	1.848667e+01	2.637758e+03	5.453154e+02	3.403669e+02	7.838682e+01	4.284518e+01	1.940482e+01
646	1.851533e+01	2.627612e+03	5.457540e+02	3.410616e+02	7.785908e+01	4.296967e+01	2.169899e+01
647	1.854400e+01	2.619564e+03	5.459658e+02	3.418313e+02	7.785876e+01	4.283825e+01	2.381372e+01
648	1.857266e+01	2.604260e+03	5.462772e+02	3.426156e+02	7.751376e+01	4.277752e+01	2.583296e+01
649	1.860132e+01	2.602400e+03	5.464897e+02	3.434748e+02	7.753048e+01	4.273775e+01	2.852306e+01
650	1.862998e+01	2.629536e+03	5.466576e+02	3.441591e+02	7.822356e+01	4.280078e+01	3.104740e+01
651	1.865864e+01	2.620847e+03	5.469823e+02	3.447843e+02	7.796518e+01	4.280072e+01	3.369306e+01
652	1.868730e+01	2.596902e+03	5.468549e+02	3.457366e+02	7.745535e+01	4.268883e+01	3.600018e+01
653	1.871596e+01	2.601847e+03	5.471046e+02	3.463640e+02	7.772534e+01	4.262155e+01	3.799411e+01
654	1.874463e+01	2.599971e+03	5.470770e+02	3.473410e+02	7.769426e+01	4.260786e+01	4.090262e+01
655	1.877329e+01	2.602717e+03	5.472189e+02	3.482670e+02	7.803164e+01	4.246845e+01	4.351788e+01
656	1.880195e+01	2.600036e+03	5.472068e+02	3.492039e+02	7.804346e+01	4.241828e+01	4.623204e+01
657	1.883061e+01	2.579555e+03	5.470889e+02	3.501447e+02	7.775985e+01	4.223763e+01	4.872574e+01
658	1.885927e+01	2.576914e+03	5.470573e+02	3.510359e+02	7.784966e+01	4.214571e+01	5.119987e+01
659	1.888793e+01	2.593186e+03	5.470250e+02	3.518387e+02	7.814687e+01	4.225052e+01	5.394635e+01
660	1.891660e+01	2.561771e+03	5.465521e+02	3.528409e+02	7.765999e+01	4.200036e+01	5.682185e+01
661	1.894526e+01	2.564067e+03	5.464102e+02	3.536534e+02	7.752048e+01	4.211366e+01	5.944904e+01
662	1.897392e+01	2.564200e+03	5.461895e+02	3.545788e+02	7.766607e+01	4.203691e+01	6.208084e+01
663	1.900258e+01	2.539112e+03	5.458665e+02	3.554966e+02	7.674062e+01	4.212759e+01	6.466773e+01
664	1.903124e+01	2.557003e+03	5.458164e+02	3.560422e+02	7.798904e+01	4.174532e+01	6.693705e+01
665	1.905990e+01	2.547540e+03	5.451802e+02	3.569198e+02	7.758484e+01	4.180751e+01	6.947932e+01
666	1.908856e+01	2.548555e+03	5.451736e+02	3.574428e+02	7.762023e+01	4.180510e+01	7.175424e+01
667	1.911723e+01	2.552064e+03	5.446962e+02	3.583384e+02	7.766225e+01	4.184000e+01	7.390655e+01
668	1.914589e+01	2.547787e+03	5.443563e+02	3.591341e+02	7.815422e+01	4.150695e+01	7.616122e+01
669	1.917455e+01	2.558278e+03	5.440973e+02	3.599312e+02	7.841674e+01	4.153834e+01	7.880241e+01
670	1.920321e+01	2.552193e+03	5.435635e+02	3.606514e+02	7.807681e+01	4.161996e+01	8.116393e+01
671	1.923187e+01	2.531922e+03	5.430091e+02	3.613154e+02	7.786609e+01	4.140111e+01	8.403582e+01
672	1.926053e+01	2.534045e+03	5.425315e+02	3.620677e+02	7.770370e+01	4.152243e+01	8.612743e+01
673	1.928919e+01	2.545728e+03	5.420392e+02	3.627584e+02	7.790512e+01	4.160602e+01	8.909533e+01
674	1.931786e+01	2.548709e+03	5.417527e+02	3.634655e+02	7.770807e+01	4.176036e+01	9.170580e+01
675	1.934652e+01	2.558170e+03	5.412686e+02	3.641200e+02	7.831396e+01	4.159109e+01	9.377795e+01
676	1.937518e+01	2.560463e+03	5.404316e+02	3.648031e+02	7.831402e+01	4.162834e+01	9.632476e+01
677	1.940384e+01	2.545404e+03	5.402746e+02	3.653414e+02	7.778825e+01	4.166322e+01	9.858810e+01
678	1.943250e+01	2.550512e+03	5.397037e+02	3.660374e+02	7.803420e+01	4.161525e+01	1.011524e+02
679	1.946116e+01	2.556325e+03	5.392979e+02	3.667069e+02	7.854596e+01	4.143833e+01	1.039659e+02
680	1.948983e+01	2.542821e+03	5.385829e+02	3.670121e+02	7.784648e+01	4.158980e+01	1.058178e+02
681	1.951849e+01	2.546983e+03	5.379118e+02	3.673162e+02	7.798938e+01	4.158155e+01	1.076475e+02
682	1.954715e+01	2.571435e+03	5.376935e+02	3.678662e+02	7.837917e+01	4.177198e+01	1.097315e+02
683	1.957581e+01	2.550206e+03	5.368277e+02	3.682372e+02	7.748582e+01	4.190474e+01	1.121763e+02
684	1.960447e+01	2.569230e+03	5.362945e+02	3.687840e+02	7.785619e+01	4.201651e+01	1.147074e+02
685	1.963313e+01	2.566064e+03	5.353541e+02	3.691604e+02	7.784454e+01	4.197102e+01	1.174068e+02
686	1.966179e+01	2.575603e+03	5.347666e+02	3.696601e+02	7.791314e+01	4.208994e+01	1.198147e+02
687	1.969046e+01	2.560522e+03	5.338445e+02	3.700147e+02	7.731258e+01	4.216853e+01	1.228187e+02
688	1.971912e+01	2.565625e+03	5.333056e+02	3.704619e+02	7.734157e+01	4.223674e+01	1.261248e+02
689	1.974778e+01	2.586781e+03	5.323400e+02	3.706008e+02	7.770378e+01	4.238651e+01	1.287866e+02
690	1.977644e+01	2.581153e+03	5.316244e+02	3.708276e+02	7.748568e+01	4.241333e+01	1.312388e+02
691	1.980510e+01	2.576996e+03	5.308675e+02	3.709811e+02	7.755888e+01	4.230507e+01	1.337524e+02
692	1.983376e+01	2.586235e+03	5.300069e+02	3.710311e+02	7.758389e+01	4.244304e+01	1.358317e+02
693	1.986242e+01	2.589020e+03	5.292545e+02	3.709361e+02	7.758508e+01	4.248809e+01	1.386039e+02
694	1.989109e+01	2.578114e+03	5.284404e+02	3.709937e+02	7.747118e+01	4.237133e+01	1.410082e+02
695	1.991975e+01	2.583275e+03	5.274882e+02	3.708517e+02	7.714464e+01	4.263586e+01	1.438729e+02
696	1.994841e+01	2.607793e+03	5.268416e+02	3.708548e+02	7.776375e+01	4.269786e+01	1.464357e+02
697	1.997707e+01	2.611058e+03	5.261279e+02	3.707915e+02	7.790852e+01	4.267187e+01	1.486546e+02
698	2.000573e+01	2.608321e+03	5.253015e+02	3.704899e+02	7.776020e+01	4.270844e+01	1.515043e+02
699	2.003439e+01	2.619524e+03	5.247121e+02	3.703071e+02	7.780791e+01	4.286557e+01	1.532859e+02
700	2.006306e+01	2.613849e+03	5.240706e+02	3.702159e+02	7.784608e+01	4.275174e+01	1.554896e+02
701	2.009172e+01	2.624966e+03	5.231997e+02	3.696744e+02	7.779551e+01	4.296148e+01	1.573167e+02
702	2.012038e+01	2.609944e+03	5.225968e+02	3.693938e+02	7.762237e+01	4.281091e+01	1.600365e+02
703	2.014904e+01	2.620589e+03	5.218969e+02	3.691602e+02	7.759062e+01	4.300311e+01	1.620741e+02
704	2.017770e+01	2.632119e+03	5.211430e+02	3.688216e+02	7.765366e+01	4.315725e+01	1.644361e+02
705	2.020636e+01	2.628174e+03	5.204404e+02	3.683108e+02	7.819016e+01	4.279689e+01	1.671824e+02
706	2.023502e+01	2.641203e+03	5.197468e+02	3.679325e+02	7.831114e+01	4.294260e+01	1.697134e+02
707	2.026369e+01	2.639265e+03	5.190656e+02	3.675831e+02	7.801019e+01	4.307663e+01	1.716594e+02
708	2.029235e+01	2.635698e+03	5.185383e+02	3.669196e+02	7.835869e+01	4.282710e+01	1.739770e+02
709	2.032101e+01	2.632988e+03	5.179192e+02	3.664785e+02	7.806304e+01	4.294510e+01	1.764003e+02
710	2.034967e+01	2.634037e+03	5.174671e+02	3.659489e+02	7.775859e+01	4.313041e+01	1.786754e+02
711	2.037833e+01	2.636504e+03	5.168251e+02	3.655161e+02	7.821478e+01	4.291902e+01	9.933428e-01
712	2.040699e+01	2.634210e+03	5.163017e+02	3.649197e+02	7.822436e+01	4.287642e+01	3.466214e+00
713	2.043565e+01	2.633459e+03	5.158049e+02	3.641609e+02	7.801730e+01	4.297797e+01	5.899590e+00
714	2.046432e+01	2.632042e+03	5.153265e+02	3.635395e+02	7.780554e+01	4.307174e+01	8.360931e+00
715	2.049298e+01	2.626824e+03	5.149968e+02	3.630270e+02	7.788156e+01	4.294439e+01	9.970232e+00
716	2.052164e+01	2.645390e+03	5.144686e+02	3.624639e+02	7.846599e+01	4.292580e+01	1.256884e+01
717	2.055030e+01	2.644940e+03	5.141229e+02	3.617568e+02	7.843411e+01	4.293594e+01	1.525102e+01
718	2.057896e+01	2.639355e+03	5.137681e+02	3.611376e+02	7.848827e+01	4.281571e+01	1.749772e+01
719	2.060762e+01	2.643038e+03	5.133716e+02	3.606394e+02	7.836541e+01	4.294268e+01	1.930281e+01
720	2.063629e+01	2.648009e+03	5.133520e+02	3.598644e+02	7.853089e+01	4.293279e+01	2.148065e+01
721	2.066495e+01	2.635074e+03	5.129806e+02	3.593544e+02	7.849285e+01	4.274377e+01	2.342912e+01
722	2.069361e+01	2.647899e+03	5.127678e+02	3.585434e+02	7.828868e+01	4.306382e+01	2.629171e+01
723	2.072227e+01	2.640905e+03	5.125363e+02	3.577381e+02	7.825393e+01	4.296915e+01	2.827913e+01
724	2.075093e+01	2.633128e+03	5.123397e+02	3.570028e+02	7.820624e+01	4.286874e+01	3.070201e+01
725	2.077959e+01	2.632230e+03	5.121443e+02	3.565064e+02	7.838336e+01	4.275728e+01	3.291026e+01
726	2.080825e+01	2.642719e+03	5.121957e+02	3.558938e+02	7.861321e+01	4.280215e+01	3.450146e+01
727	2.083692e+01	2.634034e+03	5.120070e+02	3.554132e+02	7.847579e+01	4.273618e+01	3.634636e+01
728	2.086558e+01	2.645342e+03	5.119898e+02	3.546798e+02	7.857912e+01	4.286322e+01	3.793992e+01
729	2.089424e+01	2.636910e+03	5.118891e+02	3.541195e+02	7.861662e+01	4.270622e+01	4.016533e+01
730	2.092290e+01	2.644405e+03	5.117127e+02	3.533733e+02	7.872149e+01	4.277054e+01	4.289686e+01
731	2.095156e+01	2.638991e+03	5.116296e+02	3.526107e+02	7.858735e+01	4.275583e+01	4.508205e+01
732	2.098022e+01	2.637247e+03	5.117278e+02	3.517546e+02	7.886821e+01	4.257542e+01	4.697412e+01
733	2.100889e+01	2.633850e+03	5.119378e+02	3.508372e+02	7.880820e+01	4.255296e+01	4.996820e+01
734	2.103755e+01	2.632945e+03	5.119224e+02	3.500472e+02	7.896389e+01	4.245446e+01	5.241239e+01
735	2.106621e+01	2.615192e+03	5.119831e+02	3.491996e+02	7.874062e+01	4.228778e+01	5.503445e+01
736	2.109487e+01	2.624332e+03	5.121950e+02	3.484735e+02	7.909742e+01	4.224414e+01	5.751791e+01
737	2.112353e+01	2.615760e+03	5.122883e+02	3.475956e+02	7.916236e+01	4.207162e+01	6.014181e+01
738	2.115219e+01	2.626346e+03	5.124030e+02	3.468011e+02	7.911414e+01	4.226764e+01	6.230307e+01
739	2.118085e+01	2.612793e+03	5.126519e+02	3.459131e+02	7.923272e+01	4.198659e+01	6.479581e+01
740	2.120952e+01	2.611408e+03	5.129567e+02	3.452101e+02	7.903424e+01	4.206971e+01	6.717306e+01
741	2.123818e+01	2.616747e+03	5.132635e+02	3.443948e+02	7.947051e+01	4.192430e+01	6.953442e+01
742	2.126684e+01	2.611733e+03	5.135994e+02	3.435702e+02	7.962351e+01	4.176357e+01	7.189751e+01
743	2.129550e+01	2.609002e+03	5.139620e+02	3.427208e+02	7.951442e+01	4.177713e+01	7.440466e+01
744	2.132416e+01	2.595074e+03	5.143715e+02	3.420287e+02	7.931178e+01	4.166029e+01	7.674758e+01
745	2.135282e+01	2.603167e+03	5.147028e+02	3.413331e+02	7.953123e+01	4.167489e+01	7.902615e+01
746	2.138148e+01	2.602997e+03	5.152892e+02	3.405612e+02	7.930818e+01	4.178936e+01	8.147076e+01
747	2.141015e+01	2.604495e+03	5.157234e+02	3.399196e+02	7.940179e+01	4.176411e+01	8.350269e+01
748	2.143881e+01	2.612887e+03	5.162384e+02	3.391492e+02	7.944508e+01	4.187586e+01	8.572852e+01
749	2.146747e+01	2.614938e+03	5.168512e+02	3.384069e+02	7.963086e+01	4.181096e+01	8.865366e+01
750	2.149613e+01	2.616898e+03	5.174144e+02	3.379070e+02	7.938558e+01	4.197158e+01	9.089886e+01
751	2.152479e+01	2.604428e+03	5.181063e+02	3.373676e+02	7.921024e+01	4.186404e+01	9.296797e+01
752	2.155345e+01	2.600061e+03	5.187576e+02	3.368591e+02	7.962990e+01	4.157359e+01	9.547915e+01
753	2.158212e+01	2.610463e+03	5.194558e+02	3.364734e+02	7.959520e+01	4.175811e+01	9.773081e+01
754	2.161078e+01	2.609537e+03	5.201248e+02	3.360304e+02	7.934560e+01	4.187460e+01	9.995296e+01
755	2.163944e+01	2.614832e+03	5.207992e+02	3.356365e+02	7.964154e+01	4.180365e+01	1.019412e+02
756	2.166810e+01	2.613312e+03	5.216875e+02	3.352691e+02	7.952596e+01	4.184008e+01	1.042509e+02
757	2.169676e+01	2.612306e+03	5.222737e+02	3.349615e+02	7.922603e+01	4.198231e+01	1.065306e+02
758	2.172542e+01	2.602825e+03	5.231097e+02	3.347796e+02	7.926144e+01	4.181125e+01	1.084960e+02
759	2.175408e+01	2.614110e+03	5.239826e+02	3.345600e+02	7.920902e+01	4.202031e+01	1.109053e+02
760	2.178275e+01	2.614572e+03	5.245975e+02	3.343016e+02	7.909760e+01	4.208695e+01	1.133915e+02
761	2.181141e+01	2.619563e+03	5.255490e+02	3.340718e+02	7.909613e+01	4.216807e+01	1.153878e+02
762	2.184007e+01	2.611688e+03	5.261771e+02	3.337677e+02	7.905618e+01	4.206255e+01	1.179080e+02
763	2.186873e+01	2.608059e+03	5.268770e+02	3.336135e+02	7.877148e+01	4.215592e+01	1.199803e+02
764	2.189739e+01	2.606655e+03	5.276479e+02	3.334259e+02	7.862870e+01	4.220973e+01	1.223348e+02
765	2.192605e+01	2.627493e+03	5.284750e+02	3.333512e+02	7.895806e+01	4.236968e+01	1.247440e+02
766	2.195471e+01	2.637243e+03	5.291267e+02	3.331814e+02	7.905767e+01	4.247333e+01	1.271919e+02
767	2.198338e+01	2.624738e+03	5.300535e+02	3.332406e+02	7.863283e+01	4.250032e+01	1.291427e+02
768	2.201204e+01	2.631205e+03	5.306883e+02	3.333347e+02	7.886073e+01	4.248190e+01	1.306855e+02
769	2.204070e+01	2.627997e+03	5.309905e+02	3.332902e+02	7.878844e+01	4.246904e+01	1.323467e+02
770	2.206936e+01	2.634501e+03	5.312911e+02	3.331529e+02	7.871088e+01	4.261610e+01	1.336529e+02
771	2.209802e+01	2.630753e+03	5.316115e+02	3.331888e+02	7.871855e+01	4.255133e+01	1.349959e+02
772	2.212668e+01	2.634917e+03	5.321564e+02	3.332450e+02	7.891846e+01	4.251071e+01	1.369670e+02
773	2.215535e+01	2.637733e+03	5.329547e+02	3.334505e+02	7.869617e+01	4.267635e+01	1.386806e+02
774	2.218401e+01	2.645107e+03	5.337889e+02	3.336712e+02	7.869312e+01	4.279732e+01	1.407454e+02
775	2.221267e+01	2.643590e+03	5.344850e+02	3.339615e+02	7.864546e+01	4.279870e+01	1.425348e+02
776	2.224133e+01	2.632441e+03	5.353293e+02	3.343015e+02	7.846685e+01	4.271522e+01	1.445932e+02
777	2.226999e+01	2.641149e+03	5.359650e+02	3.344029e+02	7.873811e+01	4.270886e+01	1.468133e+02
778	2.229865e+01	2.642179e+03	5.368502e+02	3.350497e+02	7.862298e+01	4.278809e+01	1.485987e+02
779	2.232731e+01	2.645922e+03	5.374753e+02	3.353421e+02	7.860069e+01	4.286085e+01	1.500337e+02
780	2.235598e+01	2.640019e+03	5.381600e+02	3.358260e+02	7.856004e+01	4.278735e+01	1.517225e+02
781	2.238464e+01	2.646691e+03	5.387840e+02	3.361720e+02	7.873547e+01	4.279991e+01	1.540401e+02
782	2.241330e+01	2.625407e+03	5.393415e+02	3.364789e+02	7.825680e+01	4.271543e+01	1.557273e+02
783	2.244196e+01	2.625023e+03	5.398985e+02	3.367954e+02	7.807928e+01	4.280628e+01	1.577186e+02
784	2.247062e+01	2.637294e+03	5.404940e+02	3.370888e+02	7.850543e+01	4.277292e+01	1.594195e+02
785	2.249928e+01	2.647522e+03	5.410950e+02	3.373954e+02	7.847805e+01	4.295379e+01	1.616902e+02
786	2.252794e+01	2.635392e+03	5.417529e+02	3.378688e+02	7.816077e+01	4.293056e+01	1.639232e+02
787	2.255661e+01	2.625885e+03	5.423627e+02	3.384402e+02	7.812899e+01	4.279308e+01	1.661410e+02
788	2.258527e+01	2.633898e+03	5.426771e+02	3.389405e+02	7.809874e+01	4.294029e+01	1.674270e+02
789	2.261393e+01	2.626189e+03	5.431980e+02	3.396763e+02	7.811460e+01	4.280592e+01	1.696001e+02
790	2.264259e+01	2.629283e+03	5.438503e+02	3.404528e+02	7.772112e+01	4.307333e+01	1.710582e+02
791	2.267125e+01	2.616541e+03	5.445302e+02	3.412454e+02	7.736581e+01	4.306144e+01	1.739122e+02
792	2.269991e+01	2.620054e+03	5.450510e+02	3.415594e+02	7.773148e+01	4.291642e+01	1.760868e+02
793	2.272858e+01	2.624189e+03	5.455252e+02	3.420020e+02	7.803958e+01	4.281445e+01	1.781783e+02
794	2.275724e+01	2.609249e+03	5.459178e+02	3.426627e+02	7.775553e+01	4.272621e+01	3.585709e-01
795	2.278590e+01	2.635048e+03	5.462695e+02	3.430115e+02	7.810379e+01	4.295627e+01	2.091768e+00
796	2.281456e+01	2.628724e+03	5.467518e+02	3.437602e+02	7.828045e+01	4.275647e+01	4.184068e+00
797	2.284322e+01	2.612121e+03	5.472953e+02	3.445497e+02	7.775131e+01	4.277555e+01	6.903080e+00
798	2.287188e+01	2.613809e+03	5.476650e+02	3.450580e+02	7.788554e+01	4.272944e+01	9.067664e+00
799	2.290054e+01	2.608543e+03	5.477864e+02	3.452370e+02	7.777093e+01	4.270620e+01	9.940515e+00
