1	2.861230e-02	2.645784e+03	4.900192e+02	2.243278e+02	7.952553e+01	4.236020e+01	5.109534e+01
2	5.722461e-02	2.644578e+03	4.900356e+02	2.245571e+02	7.954120e+01	4.233254e+01	5.012054e+01
3	8.583691e-02	2.636238e+03	4.899203e+02	2.248136e+02	7.928350e+01	4.233620e+01	4.954970e+01
4	1.144492e-01	2.644099e+03	4.899482e+02	2.249667e+02	7.942236e+01	4.238821e+01	4.913478e+01
5	1.430615e-01	2.642938e+03	4.899422e+02	2.251960e+02	7.941332e+01	4.237442e+01	4.816523e+01
6	1.716738e-01	2.643851e+03	4.900506e+02	2.253645e+02	7.936089e+01	4.241706e+01	4.770376e+01
7	2.002861e-01	2.646472e+03	4.900814e+02	2.255914e+02	7.932534e+01	4.247814e+01	4.674473e+01
8	2.288984e-01	2.641398e+03	4.900290e+02	2.258537e+02	7.914569e+01	4.249292e+01	4.617770e+01
9	2.575107e-01	2.649592e+03	4.900180e+02	2.260744e+02	7.936085e+01	4.250919e+01	4.541055e+01
10	2.861230e-01	2.654882e+03	4.899903e+02	2.262985e+02	7.949593e+01	4.252168e+01	4.479543e+01
11	3.147353e-01	2.646615e+03	4.900537e+02	2.266373e+02	7.951206e+01	4.238068e+01	4.427062e+01
12	3.433476e-01	2.649590e+03	4.901135e+02	2.266622e+02	7.955872e+01	4.240343e+01	4.349590e+01
13	3.719599e-01	2.658357e+03	4.901985e+02	2.269451e+02	7.962065e+01	4.251065e+01	4.276628e+01
14	4.005722e-01	2.649733e+03	4.900847e+02	2.272073e+02	7.925266e+01	4.256949e+01	4.209903e+01
15	4.291845e-01	2.661789e+03	4.901449e+02	2.274498e+02	7.954641e+01	4.260526e+01	4.139645e+01
16	4.577969e-01	2.651434e+03	4.902431e+02	2.275621e+02	7.916039e+01	4.264647e+01	4.076352e+01
17	4.864092e-01	2.649441e+03	4.903423e+02	2.277655e+02	7.940904e+01	4.248097e+01	4.007391e+01
18	5.150215e-01	2.657851e+03	4.903040e+02	2.280080e+02	7.946007e+01	4.258845e+01	3.952357e+01
19	5.436338e-01	2.650389e+03	4.903289e+02	2.281477e+02	7.903837e+01	4.269547e+01	3.889153e+01
20	5.722461e-01	2.656862e+03	4.903892e+02	2.284745e+02	7.962138e+01	4.248635e+01	3.781304e+01
21	6.008584e-01	2.662114e+03	4.904068e+02	2.287372e+02	7.963237e+01	4.256446e+01	3.740294e+01
22	6.294707e-01	2.654778e+03	4.905374e+02	2.288268e+02	7.934538e+01	4.260070e+01	3.670030e+01
23	6.580830e-01	2.661218e+03	4.904496e+02	2.290864e+02	7.907240e+01	4.285147e+01	3.640205e+01
24	6.866953e-01	2.656001e+03	4.906636e+02	2.291140e+02	7.902075e+01	4.279541e+01	3.574892e+01
25	7.153076e-01	2.644146e+03	4.906219e+02	2.294077e+02	7.889285e+01	4.267346e+01	3.501082e+01
26	7.439199e-01	2.646616e+03	4.907479e+02	2.295519e+02	7.904912e+01	4.262889e+01	3.403459e+01
27	7.725322e-01	2.654451e+03	4.907133e+02	2.299263e+02	7.943819e+01	4.254567e+01	3.353040e+01
28	8.011445e-01	2.649684e+03	4.909366e+02	2.299389e+02	7.928097e+01	4.255349e+01	3.307875e+01
29	8.297568e-01	2.651847e+03	4.907216e+02	2.300645e+02	7.919814e+01	4.263278e+01	3.222202e+01
30	8.583691e-01	2.661705e+03	4.913737e+02	2.303620e+02	7.931821e+01	4.272648e+01	3.184627e+01
31	8.869814e-01	2.656962e+03	4.911589e+02	2.305436e+02	7.907902e+01	4.277934e+01	3.091602e+01
32	9.155937e-01	2.672596e+03	4.909363e+02	2.307365e+02	7.963923e+01	4.272837e+01	3.075307e+01
33	9.442060e-01	2.672310e+03	4.908607e+02	2.310348e+02	7.960041e+01	4.274463e+01	2.975571e+01
34	9.728183e-01	2.650652e+03	4.910247e+02	2.311680e+02	7.916023e+01	4.263396e+01	2.913010e+01
35	1.001431e+00	2.666966e+03	4.916805e+02	2.312838e+02	7.957638e+01	4.267204e+01	2.878442e+01
36	1.030043e+00	2.654302e+03	4.916676e+02	2.316443e+02	7.911751e+01	4.271573e+01	2.782187e+01
37	1.058655e+00	2.658142e+03	4.914951e+02	2.317859e+02	7.908327e+01	4.279605e+01	2.723022e+01
38	1.087268e+00	2.657835e+03	4.913035e+02	2.319034e+02	7.916597e+01	4.274640e+01	2.675879e+01
39	1.115880e+00	2.661568e+03	4.914613e+02	2.320339e+02	7.918218e+01	4.279768e+01	2.593745e+01
40	1.144492e+00	2.662916e+03	4.917582e+02	2.324245e+02	7.938411e+01	4.271043e+01	2.540067e+01
41	1.173104e+00	2.661473e+03	4.921719e+02	2.325562e+02	7.938673e+01	4.268589e+01	2.443293e+01
42	1.201717e+00	2.666933e+03	4.921264e+02	2.327103e+02	7.948088e+01	4.272278e+01	2.385562e+01
43	1.230329e+00	2.664199e+03	4.918382e+02	2.329116e+02	7.941892e+01	4.271228e+01	2.322290e+01
44	1.258941e+00	2.660105e+03	4.918344e+02	2.331622e+02	7.944804e+01	4.263102e+01	2.301911e+01
45	1.287554e+00	2.661637e+03	4.920818e+02	2.333534e+02	7.920069e+01	4.278879e+01	2.200997e+01
46	1.316166e+00	2.665587e+03	4.925421e+02	2.334684e+02	7.913853e+01	4.288594e+01	2.125999e+01
47	1.344778e+00	2.664216e+03	4.926560e+02	2.336687e+02	7.898818e+01	4.294548e+01	2.086424e+01
48	1.373391e+00	2.660900e+03	4.925444e+02	2.337582e+02	7.910114e+01	4.283078e+01	2.018536e+01
49	1.402003e+00	2.646994e+03	4.923925e+02	2.339279e+02	7.867307e+01	4.283877e+01	1.966696e+01
50	1.430615e+00	2.654161e+03	4.925039e+02	2.341187e+02	7.887357e+01	4.284557e+01	1.850985e+01
51	1.459227e+00	2.671776e+03	4.929052e+02	2.342624e+02	7.907198e+01	4.302169e+01	1.859310e+01
52	1.487840e+00	2.653903e+03	4.932626e+02	2.343669e+02	7.881491e+01	4.287329e+01	1.745714e+01
53	1.516452e+00	2.671100e+03	4.932544e+02	2.346050e+02	7.895563e+01	4.307419e+01	1.713099e+01
54	1.545064e+00	2.655290e+03	4.930211e+02	2.347826e+02	7.880721e+01	4.289988e+01	1.645329e+01
55	1.573677e+00	2.649875e+03	4.930130e+02	2.348429e+02	7.857149e+01	4.294085e+01	1.586092e+01
56	1.602289e+00	2.665220e+03	4.932071e+02	2.351889e+02	7.909834e+01	4.290183e+01	1.533270e+01
57	1.630901e+00	2.664303e+03	4.937032e+02	2.351657e+02	7.904758e+01	4.291461e+01	1.456339e+01
58	1.659514e+00	2.668572e+03	4.938610e+02	2.354466e+02	7.918249e+01	4.291014e+01	1.411291e+01
59	1.688126e+00	2.667675e+03	4.937416e+02	2.357541e+02	7.919370e+01	4.288963e+01	1.315001e+01
60	1.716738e+00	2.666951e+03	4.936698e+02	2.357876e+02	7.898239e+01	4.299271e+01	1.261876e+01
61	1.745351e+00	2.663383e+03	4.939058e+02	2.358792e+02	7.897308e+01	4.294026e+01	1.198237e+01
62	1.773963e+00	2.672923e+03	4.941878e+02	2.360642e+02	7.897791e+01	4.309143e+01	1.125148e+01
63	1.802575e+00	2.665533e+03	4.944971e+02	2.362237e+02	7.886243e+01	4.303521e+01	1.083207e+01
64	1.831187e+00	2.669700e+03	4.944210e+02	2.365429e+02	7.894431e+01	4.305779e+01	1.021032e+01
65	1.859800e+00	2.663394e+03	4.942152e+02	2.366695e+02	7.890466e+01	4.297768e+01	9.385738e+00
66	1.888412e+00	2.689189e+03	4.943710e+02	2.367072e+02	7.930132e+01	4.317686e+01	9.015962e+00
67	1.917024e+00	2.676256e+03	4.946417e+02	2.369402e+02	7.910155e+01	4.307772e+01	8.391685e+00
68	1.945637e+00	2.677151e+03	4.950307e+02	2.371604e+02	7.917171e+01	4.305395e+01	7.756829e+00
69	1.974249e+00	2.677886e+03	4.951183e+02	2.372662e+02	7.903065e+01	4.314263e+01	7.290226e+00
70	2.002861e+00	2.678680e+03	4.950845e+02	2.374593e+02	7.902467e+01	4.315870e+01	6.475556e+00
71	2.031474e+00	2.681301e+03	4.949283e+02	2.376681e+02	7.920734e+01	4.310129e+01	5.745500e+00
72	2.060086e+00	2.671001e+03	4.952707e+02	2.377514e+02	7.896942e+01	4.306507e+01	5.492650e+00
73	2.088698e+00	2.677792e+03	4.955681e+02	2.378218e+02	7.912469e+01	4.308984e+01	4.476119e+00
74	2.117310e+00	2.679045e+03	4.957754e+02	2.380028e+02	7.897916e+01	4.318944e+01	3.676283e+00
75	2.145923e+00	2.666925e+03	4.957743e+02	2.381791e+02	7.845956e+01	4.327878e+01	3.234099e+00
76	2.174535e+00	2.669862e+03	4.956777e+02	2.382856e+02	7.883680e+01	4.311913e+01	2.614201e+00
77	2.203147e+00	2.668559e+03	4.957689e+02	2.384132e+02	7.869337e+01	4.317662e+01	1.603528e+00
78	2.231760e+00	2.669311e+03	4.960126e+02	2.385637e+02	7.894977e+01	4.304855e+01	1.197174e+00
79	2.260372e+00	2.673799e+03	4.964564e+02	2.386644e+02	7.893115e+01	4.313109e+01	1.053144e+00
80	2.288984e+00	2.672232e+03	4.966456e+02	2.389264e+02	7.878961e+01	4.318324e+01	4.514563e-01
81	2.317597e+00	2.692340e+03	4.965262e+02	2.391099e+02	7.907475e+01	4.335131e+01	1.797124e+02
82	2.346209e+00	2.675452e+03	4.964905e+02	2.390173e+02	7.904513e+01	4.309553e+01	1.792262e+02
83	2.374821e+00	2.684405e+03	4.967071e+02	2.392136e+02	7.910743e+01	4.320569e+01	1.783041e+02
84	2.403433e+00	2.674138e+03	4.971113e+02	2.393674e+02	7.893926e+01	4.313213e+01	1.778810e+02
85	2.432046e+00	2.673529e+03	4.973784e+02	2.395974e+02	7.872062e+01	4.324207e+01	1.773028e+02
86	2.460658e+00	2.670239e+03	4.973339e+02	2.395918e+02	7.881414e+01	4.313760e+01	1.766513e+02
87	2.489270e+00	2.675452e+03	4.973482e+02	2.397215e+02	7.910909e+01	4.306068e+01	1.762825e+02
88	2.517883e+00	2.685696e+03	4.972830e+02	2.398822e+02	7.885347e+01	4.336569e+01	1.755083e+02
89	2.546495e+00	2.676752e+03	4.976406e+02	2.398587e+02	7.901839e+01	4.313105e+01	1.750155e+02
90	2.575107e+00	2.690887e+03	4.980512e+02	2.401275e+02	7.896085e+01	4.339041e+01	1.742191e+02
91	2.603720e+00	2.678059e+03	4.982056e+02	2.402707e+02	7.889983e+01	4.321696e+01	1.739690e+02
92	2.632332e+00	2.667995e+03	4.980331e+02	2.402332e+02	7.865791e+01	4.318698e+01	1.731463e+02
93	2.660944e+00	2.680633e+03	4.980685e+02	2.403440e+02	7.876051e+01	4.333502e+01	1.726317e+02
94	2.689557e+00	2.682201e+03	4.983506e+02	2.406343e+02	7.884054e+01	4.331635e+01	1.716837e+02
95	2.718169e+00	2.678278e+03	4.988254e+02	2.407684e+02	7.891306e+01	4.321324e+01	1.709772e+02
96	2.746781e+00	2.685271e+03	4.990007e+02	2.407151e+02	7.907124e+01	4.323940e+01	1.708841e+02
97	2.775393e+00	2.676426e+03	4.989997e+02	2.408759e+02	7.875726e+01	4.326879e+01	1.701345e+02
98	2.804006e+00	2.682326e+03	4.989654e+02	2.409743e+02	7.880174e+01	4.333969e+01	1.696458e+02
99	2.832618e+00	2.690023e+03	4.991273e+02	2.410957e+02	7.912824e+01	4.328471e+01	1.687663e+02
100	2.861230e+00	2.674055e+03	4.993797e+02	2.411979e+02	7.875359e+01	4.323247e+01	1.683595e+02
101	2.889843e+00	2.680810e+03	4.998038e+02	2.413791e+02	7.875668e+01	4.333998e+01	1.676387e+02
102	2.918455e+00	2.685330e+03	4.998780e+02	2.414089e+02	7.887129e+01	4.334998e+01	1.670806e+02
103	2.947067e+00	2.678633e+03	4.997873e+02	2.414665e+02	7.847115e+01	4.346236e+01	1.666494e+02
104	2.975680e+00	2.682739e+03	4.998249e+02	2.414629e+02	7.871122e+01	4.339623e+01	1.661856e+02
105	3.004292e+00	2.670382e+03	4.999925e+02	2.415379e+02	7.851737e+01	4.330297e+01	1.655529e+02
106	3.032904e+00	2.674081e+03	5.003317e+02	2.416749e+02	7.819707e+01	4.354058e+01	1.649440e+02
107	3.061516e+00	2.671821e+03	5.005564e+02	2.416987e+02	7.867765e+01	4.323806e+01	1.644110e+02
108	3.090129e+00	2.681659e+03	5.005761e+02	2.418766e+02	7.855481e+01	4.346512e+01	1.639310e+02
109	3.118741e+00	2.680036e+03	5.005491e+02	2.419210e+02	7.865108e+01	4.338565e+01	1.634832e+02
110	3.147353e+00	2.674087e+03	5.006638e+02	2.420372e+02	7.825261e+01	4.350978e+01	1.628116e+02
111	3.175966e+00	2.678242e+03	5.011004e+02	2.420814e+02	7.860175e+01	4.338381e+01	1.622379e+02
112	3.204578e+00	2.674375e+03	5.012827e+02	2.421604e+02	7.855572e+01	4.334655e+01	1.617747e+02
113	3.233190e+00	2.681842e+03	5.015171e+02	2.423684e+02	7.857580e+01	4.345647e+01	1.611406e+02
114	3.261803e+00	2.679650e+03	5.013777e+02	2.423293e+02	7.853529e+01	4.344335e+01	1.604702e+02
115	3.290415e+00	2.674102e+03	5.015133e+02	2.423810e+02	7.853254e+01	4.335492e+01	1.600912e+02
116	3.319027e+00	2.674798e+03	5.017719e+02	2.424739e+02	7.880614e+01	4.321565e+01	1.596117e+02
117	3.347639e+00	2.676127e+03	5.020349e+02	2.425865e+02	7.850581e+01	4.340253e+01	1.588634e+02
118	3.376252e+00	2.670785e+03	5.023194e+02	2.426499e+02	7.843587e+01	4.335452e+01	1.585712e+02
119	3.404864e+00	2.672440e+03	5.021436e+02	2.425947e+02	7.841485e+01	4.339302e+01	1.579864e+02
120	3.433476e+00	2.672430e+03	5.022275e+02	2.427970e+02	7.850454e+01	4.334327e+01	1.576406e+02
121	3.462089e+00	2.684330e+03	5.024041e+02	2.427175e+02	7.857394e+01	4.349783e+01	1.565473e+02
122	3.490701e+00	2.667704e+03	5.028069e+02	2.429001e+02	7.859455e+01	4.321708e+01	1.567689e+02
123	3.519313e+00	2.684321e+03	5.029832e+02	2.428920e+02	7.883917e+01	4.335134e+01	1.555970e+02
124	3.547926e+00	2.670236e+03	5.029753e+02	2.429285e+02	7.837080e+01	4.338160e+01	1.551426e+02
125	3.576538e+00	2.687095e+03	5.032696e+02	2.431279e+02	7.869142e+01	4.347762e+01	1.548696e+02
126	3.605150e+00	2.675923e+03	5.032126e+02	2.431312e+02	7.861565e+01	4.333858e+01	1.541200e+02
127	3.633763e+00	2.672403e+03	5.035661e+02	2.433417e+02	7.853510e+01	4.332597e+01	1.540126e+02
128	3.662375e+00	2.673377e+03	5.037254e+02	2.432729e+02	7.858972e+01	4.331163e+01	1.529183e+02
129	3.690987e+00	2.685342e+03	5.037849e+02	2.432991e+02	7.864993e+01	4.347218e+01	1.529263e+02
130	3.719599e+00	2.688116e+03	5.040801e+02	2.434848e+02	7.892559e+01	4.336509e+01	1.520378e+02
131	3.748212e+00	2.686527e+03	5.041084e+02	2.434301e+02	7.873177e+01	4.344616e+01	1.514563e+02
132	3.776824e+00	2.677873e+03	5.042937e+02	2.434164e+02	7.853677e+01	4.341372e+01	1.510805e+02
133	3.805436e+00	2.694668e+03	5.044400e+02	2.434075e+02	7.903333e+01	4.341153e+01	1.501322e+02
134	3.834049e+00	2.688421e+03	5.046725e+02	2.436115e+02	7.890926e+01	4.337899e+01	1.499599e+02
135	3.862661e+00	2.697827e+03	5.048231e+02	2.436260e+02	7.869062e+01	4.365171e+01	1.497083e+02
136	3.891273e+00	2.679676e+03	5.049405e+02	2.435442e+02	7.882635e+01	4.328336e+01	1.491832e+02
137	3.919886e+00	2.677841e+03	5.051475e+02	2.436006e+02	7.849462e+01	4.343652e+01	1.484633e+02
138	3.948498e+00	2.677935e+03	5.052264e+02	2.435534e+02	7.854302e+01	4.341128e+01	1.473696e+02
139	3.977110e+00	2.682241e+03	5.054879e+02	2.436525e+02	7.859494e+01	4.345236e+01	1.469337e+02
140	4.005722e+00	2.678060e+03	5.056522e+02	2.436102e+02	7.845129e+01	4.346406e+01	1.466324e+02
141	4.034335e+00	2.679257e+03	5.058119e+02	2.436593e+02	7.890186e+01	4.323518e+01	1.460820e+02
142	4.062947e+00	2.670941e+03	5.060355e+02	2.437853e+02	7.852287e+01	4.330901e+01	1.455419e+02
143	4.091559e+00	2.672576e+03	5.061125e+02	2.438081e+02	7.850802e+01	4.334371e+01	1.445577e+02
144	4.120172e+00	2.670501e+03	5.063047e+02	2.437972e+02	7.852280e+01	4.330192e+01	1.444658e+02
145	4.148784e+00	2.671776e+03	5.064667e+02	2.438400e+02	7.838306e+01	4.339981e+01	1.435490e+02
146	4.177396e+00	2.661689e+03	5.065920e+02	2.437347e+02	7.844999e+01	4.319908e+01	1.435426e+02
147	4.206009e+00	2.678437e+03	5.067677e+02	2.437247e+02	7.863474e+01	4.336877e+01	1.423957e+02
148	4.234621e+00	2.665265e+03	5.069708e+02	2.438647e+02	7.855167e+01	4.320112e+01	1.418141e+02
149	4.263233e+00	2.674643e+03	5.071284e+02	2.438741e+02	7.849735e+01	4.338313e+01	1.410397e+02
150	4.291845e+00	2.671211e+03	5.073010e+02	2.438452e+02	7.848515e+01	4.333420e+01	1.405136e+02
151	4.320458e+00	2.675609e+03	5.076690e+02	2.440041e+02	7.871668e+01	4.327788e+01	1.398782e+02
152	4.349070e+00	2.661177e+03	5.077173e+02	2.439122e+02	7.820682e+01	4.332507e+01	1.394746e+02
153	4.377682e+00	2.677101e+03	5.078633e+02	2.440183e+02	7.894867e+01	4.317478e+01	1.389778e+02
154	4.406295e+00	2.662903e+03	5.080493e+02	2.439744e+02	7.854456e+01	4.316674e+01	1.385487e+02
155	4.434907e+00	2.663563e+03	5.082742e+02	2.440218e+02	7.831940e+01	4.330158e+01	1.379547e+02
156	4.463519e+00	2.657127e+03	5.084446e+02	2.440919e+02	7.843394e+01	4.313386e+01	1.373895e+02
157	4.492132e+00	2.664084e+03	5.086111e+02	2.440370e+02	7.847144e+01	4.322613e+01	1.365670e+02
158	4.520744e+00	2.677825e+03	5.087375e+02	2.441087e+02	7.868471e+01	4.333133e+01	1.360415e+02
159	4.549356e+00	2.678421e+03	5.089673e+02	2.441227e+02	7.842528e+01	4.348433e+01	1.357886e+02
160	4.577969e+00	2.666128e+03	5.092455e+02	2.441476e+02	7.840455e+01	4.329622e+01	1.351073e+02
161	4.606581e+00	2.678874e+03	5.092812e+02	2.441079e+02	7.874306e+01	4.331617e+01	1.346197e+02
162	4.635193e+00	2.669880e+03	5.096008e+02	2.440439e+02	7.850887e+01	4.329953e+01	1.339903e+02
163	4.663805e+00	2.679056e+03	5.097610e+02	2.440518e+02	7.881575e+01	4.327917e+01	1.340050e+02
164	4.692418e+00	2.681727e+03	5.098914e+02	2.442085e+02	7.858315e+01	4.345055e+01	1.331942e+02
165	4.721030e+00	2.665659e+03	5.100446e+02	2.442024e+02	7.857867e+01	4.319267e+01	1.327945e+02
166	4.749642e+00	2.658214e+03	5.100220e+02	2.439570e+02	7.847507e+01	4.312890e+01	1.321032e+02
167	4.778255e+00	2.657759e+03	5.104001e+02	2.439711e+02	7.848380e+01	4.311671e+01	1.311708e+02
168	4.806867e+00	2.658085e+03	5.104572e+02	2.440364e+02	7.840311e+01	4.316639e+01	1.310510e+02
169	4.835479e+00	2.664766e+03	5.105955e+02	2.440675e+02	7.810418e+01	4.344051e+01	1.302431e+02
170	4.864092e+00	2.663200e+03	5.109047e+02	2.440305e+02	7.859692e+01	4.314281e+01	1.299157e+02
171	4.892704e+00	2.653661e+03	5.110152e+02	2.440291e+02	7.825123e+01	4.317818e+01	1.295240e+02
172	4.921316e+00	2.651278e+03	5.111975e+02	2.439288e+02	7.831854e+01	4.310233e+01	1.288854e+02
173	4.949928e+00	2.647185e+03	5.112315e+02	2.437897e+02	7.815295e+01	4.312697e+01	1.277174e+02
174	4.978541e+00	2.651163e+03	5.115145e+02	2.439296e+02	7.833271e+01	4.309266e+01	1.278820e+02
175	5.007153e+00	2.646904e+03	5.115261e+02	2.437866e+02	7.827681e+01	4.305416e+01	1.272071e+02
176	5.035765e+00	2.645981e+03	5.117419e+02	2.438608e+02	7.805457e+01	4.316169e+01	1.264811e+02
177	5.064378e+00	2.647431e+03	5.118983e+02	2.437810e+02	7.820789e+01	4.310070e+01	1.260850e+02
178	5.092990e+00	2.651776e+03	5.120899e+02	2.437645e+02	7.866343e+01	4.292143e+01	1.257038e+02
179	5.121602e+00	2.652531e+03	5.122894e+02	2.437959e+02	7.852834e+01	4.300749e+01	1.250401e+02
180	5.150215e+00	2.655335e+03	5.124699e+02	2.437939e+02	7.874232e+01	4.293596e+01	1.247671e+02
181	5.178827e+00	2.657263e+03	5.125710e+02	2.437711e+02	7.865926e+01	4.301251e+01	1.244183e+02
182	5.207439e+00	2.631390e+03	5.126058e+02	2.436118e+02	7.817883e+01	4.285546e+01	1.233904e+02
183	5.236052e+00	2.648602e+03	5.128864e+02	2.436418e+02	7.861810e+01	4.289477e+01	1.231673e+02
184	5.264664e+00	2.658195e+03	5.131053e+02	2.436188e+02	7.869633e+01	4.300733e+01	1.225860e+02
185	5.293276e+00	2.635037e+03	5.132531e+02	2.435811e+02	7.838074e+01	4.280432e+01	1.222267e+02
186	5.321888e+00	2.651926e+03	5.133155e+02	2.435307e+02	7.873228e+01	4.288631e+01	1.213461e+02
187	5.350501e+00	2.662558e+03	5.134800e+02	2.434517e+02	7.901736e+01	4.290290e+01	1.210412e+02
188	5.379113e+00	2.654393e+03	5.136573e+02	2.436021e+02	7.877978e+01	4.290033e+01	1.207011e+02
189	5.407725e+00	2.654375e+03	5.137721e+02	2.434850e+02	7.883968e+01	4.286745e+01	1.201873e+02
190	5.436338e+00	2.659371e+03	5.137865e+02	2.433105e+02	7.859077e+01	4.308414e+01	1.196062e+02
191	5.464950e+00	2.629471e+03	5.138934e+02	2.432544e+02	7.818240e+01	4.282226e+01	1.190191e+02
192	5.493562e+00	2.633987e+03	5.140487e+02	2.431520e+02	7.823203e+01	4.286858e+01	1.183765e+02
193	5.522175e+00	2.633056e+03	5.142476e+02	2.430897e+02	7.837719e+01	4.277406e+01	1.180166e+02
194	5.550787e+00	2.653542e+03	5.144613e+02	2.431243e+02	7.915079e+01	4.268555e+01	1.174263e+02
195	5.579399e+00	2.633010e+03	5.145995e+02	2.431350e+02	7.873174e+01	4.258070e+01	1.170459e+02
196	5.608011e+00	2.650459e+03	5.146846e+02	2.430453e+02	7.864775e+01	4.290865e+01	1.165229e+02
197	5.636624e+00	2.646537e+03	5.147459e+02	2.429285e+02	7.895220e+01	4.267994e+01	1.160526e+02
198	5.665236e+00	2.634822e+03	5.151180e+02	2.428886e+02	7.859701e+01	4.268304e+01	1.158266e+02
199	5.693848e+00	2.636951e+03	5.150543e+02	2.428512e+02	7.849442e+01	4.277337e+01	1.150242e+02
200	5.722461e+00	2.642668e+03	5.153457e+02	2.428694e+02	7.856724e+01	4.282636e+01	1.149289e+02
201	5.751073e+00	2.633930e+03	5.153489e+02	2.427178e+02	7.838911e+01	4.278175e+01	1.141875e+02
202	5.779685e+00	2.635439e+03	5.156017e+02	2.427296e+02	7.873975e+01	4.261564e+01	1.137060e+02
203	5.808298e+00	2.643847e+03	5.156259e+02	2.426586e+02	7.894352e+01	4.264125e+01	1.131760e+02
204	5.836910e+00	2.638112e+03	5.159509e+02	2.425898e+02	7.863308e+01	4.271674e+01	1.124469e+02
205	5.865522e+00	2.626797e+03	5.161424e+02	2.425354e+02	7.844733e+01	4.263424e+01	1.119168e+02
206	5.894134e+00	2.634059e+03	5.162274e+02	2.425334e+02	7.878255e+01	4.257019e+01	1.114656e+02
207	5.922747e+00	2.641597e+03	5.163303e+02	2.424201e+02	7.888508e+01	4.263652e+01	1.110951e+02
208	5.951359e+00	2.638569e+03	5.165662e+02	2.424474e+02	7.888507e+01	4.258766e+01	1.106702e+02
209	5.979971e+00	2.627662e+03	5.167536e+02	2.423096e+02	7.821922e+01	4.277264e+01	1.099810e+02
210	6.008584e+00	2.631510e+03	5.168355e+02	2.422126e+02	7.900726e+01	4.240804e+01	1.094885e+02
211	6.037196e+00	2.631773e+03	5.168761e+02	2.421204e+02	7.880787e+01	4.251958e+01	1.090519e+02
212	6.065808e+00	2.629763e+03	5.172639e+02	2.420812e+02	7.879946e+01	4.249164e+01	1.085169e+02
213	6.094421e+00	2.625433e+03	5.173918e+02	2.421043e+02	7.871851e+01	4.246530e+01	1.080648e+02
214	6.123033e+00	2.646065e+03	5.175518e+02	2.419686e+02	7.909310e+01	4.259631e+01	1.075123e+02
215	6.151645e+00	2.630892e+03	5.176411e+02	2.418885e+02	7.892593e+01	4.244176e+01	1.072173e+02
216	6.180258e+00	2.625099e+03	5.177883e+02	2.418695e+02	7.859245e+01	4.252801e+01	1.063447e+02
217	6.208870e+00	2.623808e+03	5.179513e+02	2.416603e+02	7.893425e+01	4.232302e+01	1.059921e+02
218	6.237482e+00	2.623491e+03	5.180905e+02	2.416766e+02	7.908681e+01	4.223628e+01	1.056456e+02
219	6.266094e+00	2.614112e+03	5.180419e+02	2.415729e+02	7.873019e+01	4.227592e+01	1.051089e+02
220	6.294707e+00	2.625690e+03	5.182122e+02	2.415592e+02	7.880008e+01	4.242550e+01	1.047086e+02
221	6.323319e+00	2.629888e+03	5.184375e+02	2.414753e+02	7.891570e+01	4.243106e+01	1.041009e+02
222	6.351931e+00	2.628043e+03	5.184692e+02	2.413756e+02	7.869729e+01	4.251897e+01	1.036696e+02
223	6.380544e+00	2.621791e+03	5.187728e+02	2.413182e+02	7.912216e+01	4.219005e+01	1.033845e+02
224	6.409156e+00	2.621866e+03	5.187225e+02	2.411885e+02	7.913136e+01	4.218635e+01	1.031440e+02
225	6.437768e+00	2.636515e+03	5.189327e+02	2.411274e+02	7.900010e+01	4.249254e+01	1.025387e+02
226	6.466381e+00	2.612590e+03	5.188804e+02	2.410136e+02	7.873086e+01	4.225094e+01	1.019715e+02
227	6.494993e+00	2.617962e+03	5.190065e+02	2.409160e+02	7.885056e+01	4.227354e+01	1.014902e+02
228	6.523605e+00	2.613645e+03	5.191906e+02	2.408778e+02	7.863499e+01	4.231954e+01	1.010500e+02
229	6.552217e+00	2.594690e+03	5.191235e+02	2.408045e+02	7.808508e+01	4.230848e+01	1.009113e+02
230	6.580830e+00	2.596438e+03	5.194393e+02	2.407082e+02	7.831091e+01	4.221491e+01	1.001419e+02
231	6.609442e+00	2.611357e+03	5.195198e+02	2.405668e+02	7.847964e+01	4.236620e+01	9.950432e+01
232	6.638054e+00	2.613930e+03	5.196537e+02	2.405523e+02	7.833327e+01	4.248717e+01	9.936234e+01
233	6.666667e+00	2.627804e+03	5.198086e+02	2.404252e+02	7.929430e+01	4.219500e+01	9.860352e+01
234	6.695279e+00	2.621848e+03	5.201234e+02	2.403832e+02	7.924267e+01	4.212681e+01	9.809822e+01
235	6.723891e+00	2.619911e+03	5.201626e+02	2.402538e+02	7.923849e+01	4.209790e+01	9.767139e+01
236	6.752504e+00	2.628387e+03	5.203489e+02	2.403101e+02	7.919750e+01	4.225597e+01	9.735223e+01
237	6.781116e+00	2.622961e+03	5.204783e+02	2.401683e+02	7.931578e+01	4.210585e+01	9.709602e+01
238	6.809728e+00	2.612245e+03	5.205370e+02	2.399855e+02	7.930969e+01	4.193703e+01	9.644048e+01
239	6.838340e+00	2.620537e+03	5.206442e+02	2.398842e+02	7.944628e+01	4.199783e+01	9.588221e+01
240	6.866953e+00	2.605293e+03	5.205901e+02	2.397635e+02	7.883375e+01	4.207795e+01	9.540844e+01
241	6.895565e+00	2.611429e+03	5.208652e+02	2.396726e+02	7.906287e+01	4.205482e+01	9.502905e+01
242	6.924177e+00	2.607098e+03	5.208770e+02	2.393915e+02	7.893663e+01	4.205222e+01	9.466329e+01
243	6.952790e+00	2.609270e+03	5.212375e+02	2.394968e+02	7.920814e+01	4.194299e+01	9.400454e+01
244	6.981402e+00	2.614148e+03	5.212462e+02	2.393144e+02	7.911597e+01	4.207036e+01	9.388363e+01
245	7.010014e+00	2.612171e+03	5.212599e+02	2.392922e+02	7.891962e+01	4.214312e+01	9.331537e+01
246	7.038627e+00	2.599549e+03	5.214114e+02	2.391299e+02	7.877419e+01	4.201691e+01	9.299672e+01
247	7.067239e+00	2.596432e+03	5.215480e+02	2.391452e+02	7.911852e+01	4.178389e+01	9.234037e+01
248	7.095851e+00	2.607092e+03	5.216419e+02	2.389602e+02	7.900623e+01	4.201508e+01	9.201515e+01
249	7.124464e+00	2.593813e+03	5.215720e+02	2.388649e+02	7.898315e+01	4.181329e+01	9.130915e+01
250	7.153076e+00	2.603532e+03	5.217711e+02	2.387466e+02	7.912914e+01	4.189253e+01	9.097050e+01
251	7.181688e+00	2.585368e+03	5.217841e+02	2.385819e+02	7.883002e+01	4.175812e+01	9.024820e+01
252	7.210300e+00	2.583329e+03	5.220955e+02	2.384475e+02	7.856551e+01	4.186567e+01	9.006699e+01
253	7.238913e+00	2.598702e+03	5.222004e+02	2.383461e+02	7.917232e+01	4.179201e+01	8.917650e+01
254	7.267525e+00	2.587165e+03	5.221518e+02	2.382063e+02	7.882506e+01	4.178977e+01	8.872511e+01
255	7.296137e+00	2.593409e+03	5.223483e+02	2.381216e+02	7.871974e+01	4.194667e+01	8.829161e+01
256	7.324750e+00	2.590253e+03	5.223424e+02	2.380084e+02	7.887000e+01	4.181580e+01	8.777374e+01
257	7.353362e+00	2.587059e+03	5.225266e+02	2.378842e+02	7.877347e+01	4.181542e+01	8.780087e+01
258	7.381974e+00	2.571213e+03	5.225594e+02	2.377318e+02	7.881995e+01	4.153479e+01	8.722472e+01
259	7.410587e+00	2.583052e+03	5.227493e+02	2.376223e+02	7.887173e+01	4.169864e+01	8.652287e+01
260	7.439199e+00	2.579401e+03	5.227750e+02	2.374346e+02	7.870775e+01	4.172645e+01	8.603842e+01
261	7.467811e+00	2.596281e+03	5.230593e+02	2.373090e+02	7.921335e+01	4.173145e+01	8.581807e+01
262	7.496423e+00	2.589801e+03	5.231874e+02	2.372424e+02	7.910957e+01	4.168190e+01	8.502679e+01
263	7.525036e+00	2.592995e+03	5.231664e+02	2.371382e+02	7.895377e+01	4.181567e+01	8.447866e+01
264	7.553648e+00	2.596350e+03	5.232526e+02	2.370341e+02	7.911359e+01	4.178518e+01	8.430518e+01
265	7.582260e+00	2.572059e+03	5.233239e+02	2.369219e+02	7.857082e+01	4.168020e+01	8.349860e+01
266	7.610873e+00	2.575756e+03	5.234398e+02	2.367843e+02	7.872289e+01	4.165947e+01	8.307943e+01
267	7.639485e+00	2.587758e+03	5.236126e+02	2.366173e+02	7.879994e+01	4.181266e+01	8.252504e+01
268	7.668097e+00	2.585887e+03	5.236574e+02	2.364068e+02	7.898812e+01	4.168290e+01	8.214724e+01
269	7.696710e+00	2.582008e+03	5.236425e+02	2.363134e+02	7.867595e+01	4.178551e+01	8.127596e+01
270	7.725322e+00	2.590549e+03	5.238400e+02	2.362574e+02	7.909357e+01	4.170237e+01	8.112350e+01
271	7.753934e+00	2.591422e+03	5.240180e+02	2.361026e+02	7.898101e+01	4.177588e+01	8.092491e+01
272	7.782546e+00	2.589479e+03	5.239685e+02	2.359289e+02	7.851196e+01	4.199395e+01	7.982359e+01
273	7.811159e+00	2.585815e+03	5.239166e+02	2.358098e+02	7.861161e+01	4.188136e+01	7.936610e+01
274	7.839771e+00	2.583214e+03	5.240991e+02	2.356856e+02	7.885587e+01	4.170965e+01	7.902360e+01
275	7.868383e+00	2.582296e+03	5.243817e+02	2.355356e+02	7.873323e+01	4.175977e+01	7.844794e+01
276	7.896996e+00	2.599532e+03	5.242699e+02	2.354616e+02	7.877992e+01	4.201359e+01	7.841694e+01
277	7.925608e+00	2.588810e+03	5.244540e+02	2.352855e+02	7.887273e+01	4.179106e+01	7.758953e+01
278	7.954220e+00	2.586796e+03	5.245610e+02	2.350855e+02	7.878664e+01	4.180418e+01	7.714756e+01
279	7.982833e+00	2.591370e+03	5.246893e+02	2.351037e+02	7.900757e+01	4.176099e+01	7.686014e+01
280	8.011445e+00	2.596284e+03	5.246491e+02	2.348525e+02	7.897645e+01	4.185667e+01	7.560070e+01
281	8.040057e+00	2.584797e+03	5.246315e+02	2.347172e+02	7.869783e+01	4.181901e+01	7.537237e+01
282	8.068670e+00	2.596609e+03	5.248174e+02	2.345831e+02	7.910075e+01	4.179613e+01	7.511771e+01
283	8.097282e+00	2.574498e+03	5.248264e+02	2.344807e+02	7.856701e+01	4.172174e+01	7.453448e+01
284	8.125894e+00	2.585556e+03	5.249108e+02	2.343979e+02	7.856030e+01	4.190452e+01	7.426831e+01
285	8.154506e+00	2.588318e+03	5.249604e+02	2.341645e+02	7.844846e+01	4.200910e+01	7.354497e+01
286	8.183119e+00	2.587131e+03	5.250740e+02	2.341240e+02	7.850540e+01	4.195937e+01	7.333882e+01
287	8.211731e+00	2.588066e+03	5.251407e+02	2.339683e+02	7.869453e+01	4.187366e+01	7.296241e+01
288	8.240343e+00	2.600879e+03	5.252848e+02	2.337686e+02	7.897826e+01	4.192979e+01	7.237235e+01
289	8.268956e+00	2.595563e+03	5.250969e+02	2.337031e+02	7.847621e+01	4.211179e+01	7.211074e+01
290	8.297568e+00	2.586723e+03	5.253806e+02	2.335917e+02	7.853573e+01	4.193656e+01	7.162395e+01
291	8.326180e+00	2.581584e+03	5.254072e+02	2.334735e+02	7.851935e+01	4.186198e+01	7.139842e+01
292	8.354793e+00	2.586434e+03	5.254557e+02	2.332766e+02	7.833470e+01	4.203947e+01	7.038183e+01
293	8.383405e+00	2.594528e+03	5.254165e+02	2.332449e+02	7.870091e+01	4.197481e+01	6.999670e+01
294	8.412017e+00	2.600117e+03	5.255255e+02	2.330706e+02	7.893520e+01	4.194037e+01	6.966525e+01
295	8.440629e+00	2.575351e+03	5.256041e+02	2.328907e+02	7.860237e+01	4.171680e+01	6.922778e+01
296	8.469242e+00	2.572576e+03	5.256818e+02	2.327272e+02	7.810631e+01	4.193651e+01	6.862853e+01
297	8.497854e+00	2.573731e+03	5.258596e+02	2.325634e+02	7.832156e+01	4.184003e+01	6.805132e+01
298	8.526466e+00	2.587828e+03	5.258614e+02	2.325294e+02	7.825342e+01	4.210582e+01	6.796390e+01
299	8.555079e+00	2.583163e+03	5.258645e+02	2.323253e+02	7.861935e+01	4.183430e+01	6.768889e+01
300	8.583691e+00	2.574298e+03	5.258160e+02	2.322227e+02	7.826965e+01	4.187699e+01	6.662730e+01
301	8.612303e+00	2.579923e+03	5.259133e+02	2.320452e+02	7.843729e+01	4.187881e+01	6.598354e+01
302	8.640916e+00	2.579902e+03	5.258579e+02	2.318830e+02	7.823306e+01	4.198779e+01	6.580378e+01
303	8.669528e+00	2.581133e+03	5.262754e+02	2.316958e+02	7.858149e+01	4.182156e+01	6.532655e+01
304	8.698140e+00	2.576191e+03	5.261591e+02	2.315522e+02	7.828427e+01	4.189997e+01	6.498843e+01
305	8.726753e+00	2.572214e+03	5.261037e+02	2.314575e+02	7.828247e+01	4.183625e+01	6.443688e+01
306	8.755365e+00	2.549467e+03	5.260488e+02	2.313397e+02	7.764416e+01	4.180717e+01	6.376583e+01
307	8.783977e+00	2.582868e+03	5.262070e+02	2.311347e+02	7.843295e+01	4.192893e+01	6.331057e+01
308	8.812589e+00	2.572410e+03	5.261594e+02	2.311270e+02	7.801633e+01	4.198216e+01	6.307182e+01
309	8.841202e+00	2.582876e+03	5.263746e+02	2.309179e+02	7.819743e+01	4.205534e+01	6.276128e+01
310	8.869814e+00	2.577694e+03	5.263568e+02	2.307699e+02	7.819598e+01	4.197174e+01	6.214242e+01
311	8.898426e+00	2.572660e+03	5.266463e+02	2.304987e+02	7.806189e+01	4.196173e+01	6.166846e+01
312	8.927039e+00	2.561717e+03	5.264809e+02	2.304915e+02	7.778838e+01	4.193016e+01	6.138831e+01
313	8.955651e+00	2.572893e+03	5.265808e+02	2.303385e+02	7.809661e+01	4.194688e+01	6.079868e+01
314	8.984263e+00	2.588319e+03	5.266158e+02	2.301225e+02	7.835115e+01	4.206128e+01	6.015022e+01
315	9.012876e+00	2.576234e+03	5.265957e+02	2.300100e+02	7.794470e+01	4.208321e+01	5.982958e+01
316	9.041488e+00	2.585256e+03	5.266014e+02	2.297947e+02	7.786129e+01	4.227583e+01	5.931978e+01
317	9.070100e+00	2.572688e+03	5.265385e+02	2.297056e+02	7.802351e+01	4.198284e+01	5.902113e+01
318	9.098712e+00	2.569016e+03	5.268082e+02	2.294546e+02	7.771281e+01	4.209053e+01	5.835181e+01
319	9.127325e+00	2.571590e+03	5.269330e+02	2.292364e+02	7.793728e+01	4.201134e+01	5.802601e+01
320	9.155937e+00	2.581735e+03	5.268287e+02	2.291628e+02	7.795279e+01	4.216869e+01	5.719374e+01
321	9.184549e+00	2.581079e+03	5.267603e+02	2.290525e+02	7.799471e+01	4.213533e+01	5.693708e+01
322	9.213162e+00	2.599569e+03	5.270267e+02	2.288321e+02	7.856673e+01	4.212818e+01	5.644684e+01
323	9.241774e+00	2.598348e+03	5.270746e+02	2.285939e+02	7.855524e+01	4.211457e+01	5.589165e+01
324	9.270386e+00	2.587811e+03	5.269708e+02	2.285245e+02	7.814652e+01	4.216315e+01	5.521513e+01
325	9.298999e+00	2.580716e+03	5.270735e+02	2.282915e+02	7.828056e+01	4.197555e+01	5.454028e+01
326	9.327611e+00	2.584358e+03	5.271591e+02	2.280798e+02	7.825191e+01	4.205018e+01	5.438397e+01
327	9.356223e+00	2.568270e+03	5.269050e+02	2.280637e+02	7.791412e+01	4.196959e+01	5.377548e+01
328	9.384835e+00	2.572944e+03	5.268416e+02	2.280252e+02	7.797177e+01	4.201488e+01	5.347366e+01
329	9.413448e+00	2.582206e+03	5.269445e+02	2.277699e+02	7.810468e+01	4.209436e+01	5.277845e+01
330	9.442060e+00	2.586199e+03	5.269649e+02	2.276054e+02	7.793835e+01	4.224943e+01	5.245424e+01
331	9.470672e+00	2.583649e+03	5.270176e+02	2.274496e+02	7.805514e+01	4.214462e+01	5.215244e+01
332	9.499285e+00	2.584001e+03	5.270412e+02	2.272806e+02	7.778212e+01	4.229831e+01	5.096061e+01
333	9.527897e+00	2.572902e+03	5.270546e+02	2.270851e+02	7.765170e+01	4.218737e+01	5.101793e+01
334	9.556509e+00	2.575723e+03	5.270498e+02	2.269964e+02	7.771633e+01	4.219850e+01	5.033881e+01
335	9.585122e+00	2.585925e+03	5.270865e+02	2.268085e+02	7.788025e+01	4.227647e+01	4.959952e+01
336	9.613734e+00	2.587351e+03	5.270275e+02	2.267552e+02	7.793195e+01	4.227172e+01	4.957161e+01
337	9.642346e+00	2.581762e+03	5.272164e+02	2.265045e+02	7.782675e+01	4.223743e+01	4.891103e+01
338	9.670959e+00	2.576079e+03	5.271931e+02	2.262703e+02	7.776256e+01	4.217923e+01	4.846324e+01
339	9.699571e+00	2.573544e+03	5.271682e+02	2.260211e+02	7.761339e+01	4.221872e+01	4.817237e+01
340	9.728183e+00	2.579616e+03	5.270975e+02	2.260203e+02	7.797636e+01	4.212135e+01	4.755294e+01
341	9.756795e+00	2.582087e+03	5.271301e+02	2.257580e+02	7.777487e+01	4.227092e+01	4.709958e+01
342	9.785408e+00	2.583951e+03	5.271970e+02	2.256638e+02	7.791167e+01	4.222716e+01	4.679836e+01
343	9.814020e+00	2.592989e+03	5.271167e+02	2.255310e+02	7.806237e+01	4.229305e+01	4.621373e+01
344	9.842632e+00	2.596827e+03	5.271875e+02	2.254039e+02	7.819209e+01	4.228539e+01	4.589323e+01
345	9.871245e+00	2.577394e+03	5.271286e+02	2.252654e+02	7.747106e+01	4.235955e+01	4.550187e+01
346	9.899857e+00	2.579189e+03	5.270984e+02	2.250980e+02	7.759719e+01	4.232015e+01	4.484625e+01
347	9.928469e+00	2.589634e+03	5.272406e+02	2.248778e+02	7.789629e+01	4.232838e+01	4.462888e+01
348	9.957082e+00	2.572480e+03	5.269694e+02	2.248520e+02	7.762336e+01	4.219585e+01	4.381723e+01
349	9.985694e+00	2.586169e+03	5.270713e+02	2.247243e+02	7.791681e+01	4.226061e+01	4.329777e+01
350	1.001431e+01	2.593705e+03	5.270079e+02	2.245009e+02	7.792590e+01	4.237883e+01	4.283134e+01
351	1.004292e+01	2.581980e+03	5.271077e+02	2.244503e+02	7.773996e+01	4.228815e+01	4.240762e+01
352	1.007153e+01	2.588285e+03	5.270202e+02	2.242745e+02	7.783241e+01	4.234106e+01	4.210762e+01
353	1.010014e+01	2.596017e+03	5.271468e+02	2.241741e+02	7.802885e+01	4.236063e+01	4.158689e+01
354	1.012876e+01	2.590971e+03	5.270681e+02	2.239160e+02	7.800373e+01	4.229192e+01	4.096885e+01
355	1.015737e+01	2.585293e+03	5.270110e+02	2.237687e+02	7.756367e+01	4.243864e+01	4.046151e+01
356	1.018598e+01	2.607628e+03	5.270889e+02	2.235767e+02	7.806252e+01	4.253174e+01	3.978724e+01
357	1.021459e+01	2.603327e+03	5.269722e+02	2.234618e+02	7.802058e+01	4.248442e+01	3.975341e+01
358	1.024320e+01	2.590103e+03	5.270134e+02	2.232619e+02	7.775275e+01	4.241421e+01	3.910735e+01
359	1.027182e+01	2.589270e+03	5.269650e+02	2.231724e+02	7.770888e+01	4.242451e+01	3.881021e+01
360	1.030043e+01	2.581312e+03	5.268996e+02	2.230591e+02	7.765107e+01	4.232560e+01	3.803106e+01
361	1.032904e+01	2.595369e+03	5.269836e+02	2.226901e+02	7.790714e+01	4.241623e+01	3.744324e+01
362	1.035765e+01	2.582855e+03	5.268901e+02	2.227893e+02	7.782922e+01	4.225397e+01	3.713980e+01
363	1.038627e+01	2.595318e+03	5.269629e+02	2.225723e+02	7.807628e+01	4.232351e+01	3.687201e+01
364	1.041488e+01	2.609278e+03	5.268999e+02	2.223824e+02	7.840228e+01	4.237422e+01	3.623134e+01
365	1.044349e+01	2.608901e+03	5.268318e+02	2.223195e+02	7.820210e+01	4.247655e+01	3.566145e+01
366	1.047210e+01	2.600344e+03	5.268140e+02	2.221092e+02	7.800614e+01	4.244358e+01	3.543964e+01
367	1.050072e+01	2.608538e+03	5.267747e+02	2.219857e+02	7.827140e+01	4.243304e+01	3.529311e+01
368	1.052933e+01	2.608807e+03	5.268075e+02	2.216888e+02	7.851674e+01	4.230481e+01	3.444604e+01
369	1.055794e+01	2.633744e+03	5.267342e+02	2.215596e+02	7.835825e+01	4.279559e+01	3.416457e+01
370	1.058655e+01	2.617563e+03	5.268366e+02	2.213976e+02	7.845567e+01	4.247984e+01	3.383723e+01
371	1.061516e+01	2.608265e+03	5.266581e+02	2.213286e+02	7.837926e+01	4.237020e+01	3.287115e+01
372	1.064378e+01	2.616523e+03	5.265497e+02	2.212242e+02	7.836061e+01	4.251448e+01	3.283484e+01
373	1.067239e+01	2.616707e+03	5.265140e+02	2.210796e+02	7.829818e+01	4.255137e+01	3.206367e+01
374	1.070100e+01	2.617612e+03	5.265154e+02	2.210243e+02	7.849638e+01	4.245860e+01	3.187488e+01
375	1.072961e+01	2.620425e+03	5.264523e+02	2.208996e+02	7.842495e+01	4.254295e+01	3.139135e+01
376	1.075823e+01	2.620114e+03	5.264459e+02	2.208067e+02	7.846272e+01	4.251742e+01	3.095453e+01
377	1.078684e+01	2.609368e+03	5.263246e+02	2.206334e+02	7.817617e+01	4.249825e+01	3.013012e+01
378	1.081545e+01	2.609941e+03	5.262567e+02	2.205283e+02	7.798483e+01	4.261188e+01	2.972330e+01
379	1.084406e+01	2.622401e+03	5.263618e+02	2.202060e+02	7.832854e+01	4.262743e+01	2.919019e+01
380	1.087268e+01	2.592259e+03	5.261375e+02	2.203179e+02	7.759476e+01	4.253595e+01	2.867649e+01
381	1.090129e+01	2.604500e+03	5.260584e+02	2.201958e+02	7.807498e+01	4.247395e+01	2.811393e+01
382	1.092990e+01	2.581617e+03	5.259284e+02	2.200013e+02	7.734568e+01	4.249775e+01	2.738509e+01
383	1.095851e+01	2.603258e+03	5.258567e+02	2.199922e+02	7.777979e+01	4.261480e+01	2.698015e+01
384	1.098712e+01	2.582991e+03	5.257191e+02	2.199090e+02	7.706808e+01	4.267352e+01	2.621762e+01
385	1.101574e+01	2.587984e+03	5.257135e+02	2.196833e+02	7.732185e+01	4.261569e+01	2.566370e+01
386	1.104435e+01	2.582880e+03	5.255723e+02	2.196859e+02	7.708197e+01	4.266401e+01	2.502069e+01
387	1.107296e+01	2.591437e+03	5.255928e+02	2.194905e+02	7.764609e+01	4.249434e+01	2.491853e+01
388	1.110157e+01	2.608555e+03	5.256005e+02	2.191630e+02	7.792271e+01	4.262321e+01	2.457129e+01
389	1.113019e+01	2.605419e+03	5.255197e+02	2.191221e+02	7.774119e+01	4.267136e+01	2.421680e+01
390	1.115880e+01	2.600118e+03	5.256680e+02	2.189233e+02	7.770633e+01	4.260365e+01	2.345428e+01
391	1.118741e+01	2.597350e+03	5.255034e+02	2.188222e+02	7.745564e+01	4.269604e+01	2.311330e+01
392	1.121602e+01	2.583633e+03	5.253553e+02	2.187269e+02	7.725926e+01	4.257850e+01	2.243184e+01
393	1.124464e+01	2.610762e+03	5.254531e+02	2.183330e+02	7.778337e+01	4.273568e+01	2.230032e+01
394	1.127325e+01	2.595405e+03	5.252324e+02	2.182987e+02	7.763181e+01	4.256725e+01	2.167002e+01
395	1.130186e+01	2.610516e+03	5.252444e+02	2.182577e+02	7.788063e+01	4.267830e+01	2.129608e+01
396	1.133047e+01	2.600485e+03	5.250746e+02	2.180862e+02	7.751846e+01	4.271293e+01	2.057171e+01
397	1.135908e+01	2.624027e+03	5.250687e+02	2.178134e+02	7.828121e+01	4.267966e+01	1.992589e+01
398	1.138770e+01	2.596283e+03	5.248818e+02	2.178539e+02	7.784954e+01	4.246255e+01	1.931971e+01
399	1.141631e+01	2.608588e+03	5.247906e+02	2.176667e+02	7.780035e+01	4.269077e+01	1.882628e+01
400	1.144492e+01	2.609939e+03	5.247727e+02	2.175421e+02	7.793427e+01	4.263950e+01	1.842540e+01
401	1.147353e+01	2.615648e+03	5.246899e+02	2.173027e+02	7.797205e+01	4.271206e+01	1.766789e+01
402	1.150215e+01	2.600507e+03	5.246756e+02	2.173095e+02	7.770538e+01	4.261053e+01	1.696936e+01
403	1.153076e+01	2.611025e+03	5.244407e+02	2.171525e+02	7.809525e+01	4.256930e+01	1.659067e+01
404	1.155937e+01	2.615779e+03	5.243201e+02	2.169795e+02	7.810351e+01	4.264230e+01	1.595494e+01
405	1.158798e+01	2.626947e+03	5.243164e+02	2.168137e+02	7.841944e+01	4.265184e+01	1.572687e+01
406	1.161660e+01	2.621726e+03	5.242710e+02	2.165707e+02	7.806104e+01	4.276251e+01	1.513517e+01
407	1.164521e+01	2.611627e+03	5.243436e+02	2.164175e+02	7.783451e+01	4.272175e+01	1.454801e+01
408	1.167382e+01	2.605619e+03	5.241477e+02	2.162919e+02	7.772055e+01	4.268597e+01	1.368604e+01
409	1.170243e+01	2.613029e+03	5.240861e+02	2.160990e+02	7.796623e+01	4.267247e+01	1.345725e+01
410	1.173104e+01	2.602199e+03	5.240128e+02	2.160099e+02	7.769831e+01	4.264214e+01	1.294903e+01
411	1.175966e+01	2.612359e+03	5.238130e+02	2.158827e+02	7.769801e+01	4.280880e+01	1.191100e+01
412	1.178827e+01	2.614773e+03	5.238090e+02	2.156550e+02	7.786926e+01	4.275412e+01	1.174041e+01
413	1.181688e+01	2.615326e+03	5.235546e+02	2.157281e+02	7.762948e+01	4.289526e+01	1.123978e+01
414	1.184549e+01	2.630511e+03	5.234950e+02	2.154516e+02	7.789403e+01	4.299779e+01	1.084733e+01
415	1.187411e+01	2.618771e+03	5.233949e+02	2.153871e+02	7.784412e+01	4.283333e+01	1.021349e+01
416	1.190272e+01	2.621860e+03	5.233819e+02	2.151702e+02	7.792430e+01	4.283973e+01	9.698643e+00
417	1.193133e+01	2.620508e+03	5.232128e+02	2.150499e+02	7.801852e+01	4.276593e+01	9.121134e+00
418	1.195994e+01	2.631482e+03	5.231670e+02	2.148480e+02	7.831824e+01	4.278067e+01	8.876386e+00
419	1.198856e+01	2.635303e+03	5.230059e+02	2.148934e+02	7.821396e+01	4.289991e+01	8.533723e+00
420	1.201717e+01	2.622561e+03	5.230260e+02	2.147773e+02	7.798399e+01	4.281838e+01	7.699577e+00
421	1.204578e+01	2.629336e+03	5.228858e+02	2.144751e+02	7.808984e+01	4.287080e+01	7.390833e+00
422	1.207439e+01	2.625910e+03	5.229032e+02	2.145020e+02	7.786654e+01	4.293773e+01	6.909641e+00
423	1.210300e+01	2.621783e+03	5.227762e+02	2.144006e+02	7.767151e+01	4.297789e+01	6.178642e+00
424	1.213162e+01	2.613628e+03	5.225616e+02	2.144797e+02	7.780048e+01	4.277319e+01	5.666791e+00
425	1.216023e+01	2.618546e+03	5.225290e+02	2.141925e+02	7.831780e+01	4.257061e+01	5.581597e+00
426	1.218884e+01	2.627061e+03	5.223615e+02	2.141166e+02	7.787585e+01	4.295141e+01	5.131721e+00
427	1.221745e+01	2.619293e+03	5.224157e+02	2.139652e+02	7.780593e+01	4.286290e+01	4.918758e+00
428	1.224607e+01	2.613538e+03	5.222955e+02	2.139894e+02	7.760699e+01	4.287836e+01	4.438962e+00
429	1.227468e+01	2.617372e+03	5.222487e+02	2.140215e+02	7.779302e+01	4.283857e+01	3.695291e+00
430	1.230329e+01	2.620214e+03	5.220899e+02	2.138905e+02	7.787643e+01	4.283915e+01	3.446548e+00
431	1.233190e+01	2.642546e+03	5.220851e+02	2.137279e+02	7.817657e+01	4.303840e+01	3.504520e+00
432	1.236052e+01	2.623081e+03	5.220071e+02	2.137553e+02	7.761681e+01	4.302947e+01	2.769225e+00
433	1.238913e+01	2.631804e+03	5.217780e+02	2.134833e+02	7.797486e+01	4.297432e+01	2.395687e+00
434	1.241774e+01	2.638555e+03	5.216460e+02	2.134176e+02	7.787777e+01	4.313828e+01	2.010109e+00
435	1.244635e+01	2.632025e+03	5.216743e+02	2.132245e+02	7.774326e+01	4.310596e+01	1.693116e+00
436	1.247496e+01	2.634747e+03	5.215430e+02	2.130904e+02	7.775449e+01	4.314431e+01	9.334061e-01
437	1.250358e+01	2.653100e+03	5.215092e+02	2.129824e+02	7.802687e+01	4.329319e+01	8.571476e-01
438	1.253219e+01	2.641895e+03	5.213669e+02	2.129706e+02	7.797545e+01	4.313878e+01	2.382358e-01
439	1.256080e+01	2.674104e+03	5.211407e+02	2.133711e+02	7.871348e+01	4.325529e+01	1.078174e+00
440	1.258941e+01	2.632164e+03	5.212173e+02	2.127263e+02	7.776213e+01	4.309778e+01	1.788886e+02
441	1.261803e+01	2.645878e+03	5.210889e+02	2.125168e+02	7.829556e+01	4.302718e+01	1.789442e+02
442	1.264664e+01	2.643895e+03	5.210622e+02	2.125081e+02	7.823292e+01	4.302935e+01	1.785267e+02
443	1.267525e+01	2.643526e+03	5.208568e+02	2.124053e+02	7.823843e+01	4.302031e+01	1.778762e+02
444	1.270386e+01	2.632321e+03	5.207363e+02	2.123226e+02	7.810816e+01	4.290941e+01	1.770407e+02
445	1.273247e+01	2.640962e+03	5.205631e+02	2.121138e+02	7.799413e+01	4.311321e+01	1.763496e+02
446	1.276109e+01	2.644369e+03	5.204926e+02	2.121080e+02	7.793730e+01	4.320031e+01	1.762529e+02
447	1.278970e+01	2.639159e+03	5.204093e+02	2.119900e+02	7.810116e+01	4.302473e+01	1.754940e+02
448	1.281831e+01	2.642228e+03	5.203435e+02	2.119557e+02	7.834191e+01	4.294240e+01	1.754904e+02
449	1.284692e+01	2.644330e+03	5.201494e+02	2.118126e+02	7.806817e+01	4.312726e+01	1.744721e+02
450	1.287554e+01	2.648984e+03	5.200453e+02	2.116270e+02	7.803582e+01	4.322107e+01	1.741593e+02
451	1.290415e+01	2.655469e+03	5.198354e+02	2.115860e+02	7.818452e+01	4.324447e+01	1.736584e+02
452	1.293276e+01	2.654439e+03	5.197385e+02	2.114741e+02	7.813965e+01	4.325253e+01	1.732594e+02
453	1.296137e+01	2.637272e+03	5.195703e+02	2.112561e+02	7.822757e+01	4.292450e+01	1.725663e+02
454	1.298999e+01	2.646756e+03	5.194939e+02	2.112650e+02	7.847253e+01	4.294437e+01	1.720576e+02
455	1.301860e+01	2.657377e+03	5.192624e+02	2.111028e+02	7.830974e+01	4.320634e+01	1.716214e+02
456	1.304721e+01	2.659711e+03	5.192658e+02	2.110617e+02	7.840914e+01	4.318947e+01	1.712853e+02
457	1.307582e+01	2.656099e+03	5.191331e+02	2.110326e+02	7.833252e+01	4.317301e+01	1.706751e+02
458	1.310443e+01	2.672864e+03	5.187888e+02	2.107621e+02	7.830485e+01	4.346085e+01	1.698000e+02
459	1.313305e+01	2.685536e+03	5.185921e+02	2.105088e+02	7.853062e+01	4.354136e+01	1.688775e+02
460	1.316166e+01	2.655658e+03	5.186943e+02	2.106668e+02	7.817231e+01	4.325431e+01	1.689436e+02
461	1.319027e+01	2.660496e+03	5.184774e+02	2.105851e+02	7.823429e+01	4.329877e+01	1.683230e+02
462	1.321888e+01	2.654161e+03	5.184680e+02	2.105309e+02	7.837939e+01	4.311571e+01	1.677808e+02
463	1.324750e+01	2.647641e+03	5.183318e+02	2.103735e+02	7.825433e+01	4.307853e+01	1.675245e+02
464	1.327611e+01	2.638255e+03	5.181757e+02	2.104058e+02	7.804289e+01	4.304210e+01	1.670144e+02
465	1.330472e+01	2.662421e+03	5.179580e+02	2.102658e+02	7.831501e+01	4.328545e+01	1.662935e+02
466	1.333333e+01	2.655544e+03	5.178738e+02	2.102260e+02	7.822546e+01	4.322306e+01	1.658060e+02
467	1.336195e+01	2.649605e+03	5.177372e+02	2.101413e+02	7.820448e+01	4.313796e+01	1.657405e+02
468	1.339056e+01	2.659416e+03	5.175208e+02	2.101272e+02	7.841720e+01	4.318023e+01	1.646652e+02
469	1.341917e+01	2.657059e+03	5.173640e+02	2.100337e+02	7.809253e+01	4.332133e+01	1.639927e+02
470	1.344778e+01	2.657320e+03	5.171409e+02	2.098695e+02	7.863215e+01	4.302827e+01	1.641874e+02
471	1.347639e+01	2.632810e+03	5.170270e+02	2.096732e+02	7.806258e+01	4.294243e+01	1.633376e+02
472	1.350501e+01	2.646299e+03	5.168293e+02	2.095898e+02	7.835152e+01	4.300328e+01	1.626765e+02
473	1.353362e+01	2.652403e+03	5.167462e+02	2.095091e+02	7.825578e+01	4.315521e+01	1.623409e+02
474	1.356223e+01	2.657024e+03	5.166775e+02	2.095845e+02	7.829165e+01	4.321058e+01	1.616877e+02
475	1.359084e+01	2.653639e+03	5.164121e+02	2.093427e+02	7.812995e+01	4.324485e+01	1.613431e+02
476	1.361946e+01	2.652825e+03	5.163207e+02	2.093623e+02	7.812916e+01	4.323202e+01	1.607473e+02
477	1.364807e+01	2.642061e+03	5.161563e+02	2.093417e+02	7.802216e+01	4.311565e+01	1.601273e+02
478	1.367668e+01	2.642069e+03	5.160524e+02	2.093719e+02	7.796149e+01	4.314934e+01	1.598073e+02
479	1.370529e+01	2.658479e+03	5.158202e+02	2.092807e+02	7.818226e+01	4.329474e+01	1.591487e+02
480	1.373391e+01	2.648098e+03	5.158154e+02	2.091588e+02	7.828841e+01	4.306720e+01	1.588992e+02
481	1.376252e+01	2.647651e+03	5.156409e+02	2.091969e+02	7.821336e+01	4.310125e+01	1.583601e+02
482	1.379113e+01	2.642198e+03	5.155618e+02	2.092464e+02	7.823785e+01	4.299902e+01	1.578084e+02
483	1.381974e+01	2.654472e+03	5.152941e+02	2.089398e+02	7.838905e+01	4.311544e+01	1.571277e+02
484	1.384835e+01	2.649821e+03	5.151663e+02	2.089243e+02	7.810383e+01	4.319708e+01	1.566187e+02
485	1.387697e+01	2.654297e+03	5.150222e+02	2.088006e+02	7.816418e+01	4.323664e+01	1.564611e+02
486	1.390558e+01	2.662800e+03	5.148276e+02	2.088969e+02	7.847329e+01	4.320428e+01	1.554105e+02
487	1.393419e+01	2.647700e+03	5.146894e+02	2.087554e+02	7.827887e+01	4.306599e+01	1.548988e+02
488	1.396280e+01	2.649621e+03	5.145875e+02	2.087949e+02	7.838897e+01	4.303670e+01	1.542952e+02
489	1.399142e+01	2.662763e+03	5.142540e+02	2.085467e+02	7.834507e+01	4.327440e+01	1.537134e+02
490	1.402003e+01	2.661840e+03	5.141276e+02	2.085824e+02	7.836663e+01	4.324749e+01	1.531612e+02
491	1.404864e+01	2.656938e+03	5.139763e+02	2.084774e+02	7.826225e+01	4.322541e+01	1.523054e+02
492	1.407725e+01	2.652788e+03	5.139131e+02	2.085227e+02	7.817282e+01	4.320727e+01	1.525068e+02
493	1.410587e+01	2.672974e+03	5.135674e+02	2.083820e+02	7.840536e+01	4.340694e+01	1.512537e+02
494	1.413448e+01	2.668034e+03	5.134493e+02	2.082779e+02	7.852662e+01	4.325980e+01	1.509736e+02
495	1.416309e+01	2.666358e+03	5.132787e+02	2.083052e+02	7.855665e+01	4.321611e+01	1.504242e+02
496	1.419170e+01	2.663037e+03	5.131054e+02	2.082420e+02	7.855704e+01	4.316206e+01	1.498743e+02
497	1.422031e+01	2.665042e+03	5.130813e+02	2.081337e+02	7.862746e+01	4.315588e+01	1.492387e+02
498	1.424893e+01	2.662691e+03	5.127927e+02	2.080652e+02	7.829218e+01	4.330244e+01	1.487928e+02
499	1.427754e+01	2.674811e+03	5.127576e+02	2.082007e+02	7.897034e+01	4.312600e+01	1.482938e+02
500	1.430615e+01	2.662932e+03	5.125360e+02	2.081570e+02	7.845230e+01	4.321799e+01	1.481635e+02
501	1.433476e+01	2.669361e+03	5.124450e+02	2.082028e+02	7.889662e+01	4.307834e+01	1.471559e+02
502	1.436338e+01	2.662612e+03	5.122702e+02	2.080275e+02	7.866559e+01	4.309562e+01	1.469222e+02
503	1.439199e+01	2.656142e+03	5.121124e+02	2.080863e+02	7.827704e+01	4.320430e+01	1.464326e+02
504	1.442060e+01	2.660340e+03	5.119908e+02	2.079920e+02	7.847372e+01	4.316413e+01	1.458886e+02
505	1.444921e+01	2.655562e+03	5.117050e+02	2.078797e+02	7.846066e+01	4.309378e+01	1.455274e+02
506	1.447783e+01	2.659570e+03	5.115731e+02	2.079582e+02	7.858668e+01	4.308962e+01	1.449599e+02
507	1.450644e+01	2.666752e+03	5.115456e+02	2.080220e+02	7.881876e+01	4.307876e+01	1.443837e+02
508	1.453505e+01	2.670548e+03	5.112567e+02	2.078959e+02	7.883762e+01	4.312976e+01	1.433530e+02
509	1.456366e+01	2.680096e+03	5.111697e+02	2.080083e+02	7.887601e+01	4.326288e+01	1.432402e+02
510	1.459227e+01	2.652937e+03	5.108734e+02	2.078473e+02	7.869166e+01	4.292481e+01	1.422667e+02
511	1.462089e+01	2.653061e+03	5.106428e+02	2.078030e+02	7.837744e+01	4.309891e+01	1.418585e+02
512	1.464950e+01	2.657742e+03	5.106436e+02	2.079192e+02	7.858580e+01	4.306049e+01	1.414185e+02
513	1.467811e+01	2.662227e+03	5.103439e+02	2.077718e+02	7.876833e+01	4.303320e+01	1.408881e+02
514	1.470672e+01	2.653931e+03	5.102218e+02	2.077966e+02	7.844564e+01	4.307557e+01	1.401473e+02
515	1.473534e+01	2.667995e+03	5.100396e+02	2.078082e+02	7.852236e+01	4.326152e+01	1.401162e+02
516	1.476395e+01	2.666978e+03	5.097735e+02	2.077390e+02	7.863236e+01	4.318454e+01	1.388035e+02
517	1.479256e+01	2.664453e+03	5.097632e+02	2.077106e+02	7.835532e+01	4.329619e+01	1.387875e+02
518	1.482117e+01	2.662154e+03	5.096227e+02	2.078937e+02	7.862836e+01	4.310862e+01	1.385079e+02
519	1.484979e+01	2.652870e+03	5.094844e+02	2.078857e+02	7.832114e+01	4.312679e+01	1.380774e+02
520	1.487840e+01	2.659285e+03	5.094357e+02	2.079372e+02	7.838474e+01	4.319600e+01	1.378577e+02
521	1.490701e+01	2.656581e+03	5.093202e+02	2.079760e+02	7.833622e+01	4.317881e+01	1.373842e+02
522	1.493562e+01	2.658442e+03	5.091872e+02	2.079623e+02	7.871750e+01	4.299976e+01	1.373074e+02
523	1.496423e+01	2.662789e+03	5.089560e+02	2.079484e+02	7.840936e+01	4.323933e+01	1.366285e+02
524	1.499285e+01	2.660222e+03	5.089782e+02	2.080834e+02	7.856144e+01	4.311403e+01	1.366525e+02
525	1.502146e+01	2.668522e+03	5.088368e+02	2.080253e+02	7.880233e+01	4.311633e+01	1.366243e+02
526	1.505007e+01	2.677195e+03	5.086499e+02	2.081267e+02	7.893059e+01	4.318618e+01	1.356881e+02
527	1.507868e+01	2.669968e+03	5.087136e+02	2.081615e+02	7.864146e+01	4.322794e+01	1.355847e+02
528	1.510730e+01	2.658827e+03	5.084721e+02	2.082393e+02	7.868176e+01	4.302552e+01	1.351477e+02
529	1.513591e+01	2.683925e+03	5.083192e+02	2.082950e+02	7.909225e+01	4.320625e+01	1.345197e+02
530	1.516452e+01	2.667449e+03	5.081977e+02	2.083530e+02	7.880098e+01	4.309973e+01	1.339213e+02
531	1.519313e+01	2.665089e+03	5.080197e+02	2.084333e+02	7.873147e+01	4.309962e+01	1.333540e+02
532	1.522175e+01	2.662796e+03	5.078036e+02	2.084135e+02	7.893901e+01	4.294933e+01	1.330046e+02
533	1.525036e+01	2.661377e+03	5.076738e+02	2.085311e+02	7.858028e+01	4.312241e+01	1.323050e+02
534	1.527897e+01	2.671142e+03	5.074996e+02	2.083109e+02	7.856654e+01	4.328819e+01	1.320021e+02
535	1.530758e+01	2.657630e+03	5.076179e+02	2.085627e+02	7.889126e+01	4.289194e+01	1.317206e+02
536	1.533619e+01	2.675557e+03	5.073571e+02	2.083702e+02	7.891412e+01	4.316876e+01	1.310760e+02
537	1.536481e+01	2.665235e+03	5.071990e+02	2.084503e+02	7.900437e+01	4.295311e+01	1.307112e+02
538	1.539342e+01	2.665494e+03	5.070518e+02	2.084525e+02	7.880975e+01	4.306337e+01	1.302382e+02
539	1.542203e+01	2.659530e+03	5.069797e+02	2.085586e+02	7.894286e+01	4.289456e+01	1.295330e+02
540	1.545064e+01	2.655163e+03	5.068470e+02	2.085883e+02	7.897295e+01	4.280780e+01	1.288786e+02
541	1.547926e+01	2.667765e+03	5.066101e+02	2.085531e+02	7.917169e+01	4.290301e+01	1.286906e+02
542	1.550787e+01	2.665145e+03	5.063925e+02	2.085445e+02	7.910137e+01	4.289897e+01	1.275557e+02
543	1.553648e+01	2.663831e+03	5.062433e+02	2.086029e+02	7.919724e+01	4.282592e+01	1.273634e+02
544	1.556509e+01	2.657232e+03	5.060445e+02	2.086101e+02	7.896561e+01	4.284515e+01	1.267889e+02
545	1.559371e+01	2.654866e+03	5.059203e+02	2.085407e+02	7.867218e+01	4.296665e+01	1.266104e+02
546	1.562232e+01	2.663551e+03	5.059167e+02	2.087231e+02	7.885697e+01	4.300620e+01	1.261193e+02
547	1.565093e+01	2.681921e+03	5.054189e+02	2.086078e+02	7.928786e+01	4.306747e+01	1.247583e+02
548	1.567954e+01	2.668055e+03	5.054342e+02	2.086578e+02	7.899015e+01	4.300629e+01	1.247367e+02
549	1.570815e+01	2.665686e+03	5.051938e+02	2.086833e+02	7.894437e+01	4.299302e+01	1.240607e+02
550	1.573677e+01	2.668717e+03	5.051100e+02	2.086872e+02	7.923651e+01	4.288321e+01	1.235565e+02
551	1.576538e+01	2.668162e+03	5.048834e+02	2.087054e+02	7.915664e+01	4.291755e+01	1.231427e+02
552	1.579399e+01	2.675826e+03	5.047164e+02	2.087998e+02	7.920569e+01	4.301417e+01	1.227285e+02
553	1.582260e+01	2.676404e+03	5.045494e+02	2.088456e+02	7.916458e+01	4.304580e+01	1.221333e+02
554	1.585122e+01	2.667542e+03	5.045206e+02	2.089861e+02	7.901488e+01	4.298456e+01	1.217710e+02
555	1.587983e+01	2.660201e+03	5.042851e+02	2.089636e+02	7.908469e+01	4.282842e+01	1.211459e+02
556	1.590844e+01	2.664096e+03	5.042710e+02	2.090855e+02	7.887496e+01	4.300518e+01	1.207202e+02
557	1.593705e+01	2.667441e+03	5.039347e+02	2.089220e+02	7.917186e+01	4.289770e+01	1.200570e+02
558	1.596567e+01	2.667726e+03	5.037875e+02	2.091251e+02	7.928979e+01	4.283849e+01	1.197212e+02
559	1.599428e+01	2.658528e+03	5.036072e+02	2.091354e+02	7.880636e+01	4.295266e+01	1.191715e+02
560	1.602289e+01	2.658468e+03	5.034167e+02	2.092269e+02	7.927380e+01	4.269843e+01	1.182039e+02
561	1.605150e+01	2.660310e+03	5.031904e+02	2.092811e+02	7.903608e+01	4.285653e+01	1.178237e+02
562	1.608011e+01	2.659283e+03	5.029825e+02	2.092558e+02	7.895107e+01	4.288611e+01	1.170837e+02
563	1.610873e+01	2.655708e+03	5.029563e+02	2.094243e+02	7.927779e+01	4.265195e+01	1.164364e+02
564	1.613734e+01	2.645336e+03	5.027184e+02	2.093937e+02	7.880251e+01	4.274162e+01	1.156531e+02
565	1.616595e+01	2.647412e+03	5.025361e+02	2.095154e+02	7.888805e+01	4.272878e+01	1.150118e+02
566	1.619456e+01	2.659606e+03	5.022222e+02	2.095228e+02	7.934069e+01	4.268069e+01	1.148024e+02
567	1.622318e+01	2.654339e+03	5.020938e+02	2.095564e+02	7.911530e+01	4.271753e+01	1.143090e+02
568	1.625179e+01	2.664037e+03	5.020775e+02	2.097206e+02	7.930666e+01	4.277015e+01	1.133822e+02
569	1.628040e+01	2.656602e+03	5.018529e+02	2.096885e+02	7.910275e+01	4.276072e+01	1.132037e+02
570	1.630901e+01	2.674659e+03	5.016380e+02	2.097567e+02	7.948848e+01	4.284246e+01	1.126953e+02
571	1.633763e+01	2.658303e+03	5.014960e+02	2.097152e+02	7.949960e+01	4.257450e+01	1.118842e+02
572	1.636624e+01	2.644272e+03	5.014360e+02	2.098715e+02	7.917398e+01	4.252396e+01	1.114867e+02
573	1.639485e+01	2.659052e+03	5.011418e+02	2.099005e+02	7.944499e+01	4.261578e+01	1.106140e+02
574	1.642346e+01	2.645609e+03	5.009205e+02	2.099515e+02	7.925323e+01	4.250293e+01	1.105667e+02
575	1.645207e+01	2.646462e+03	5.008022e+02	2.101200e+02	7.917057e+01	4.256101e+01	1.097846e+02
576	1.648069e+01	2.667300e+03	5.005536e+02	2.101239e+02	7.957153e+01	4.267999e+01	1.088703e+02
577	1.650930e+01	2.662871e+03	5.004431e+02	2.102165e+02	7.942907e+01	4.268554e+01	1.088140e+02
578	1.653791e+01	2.651432e+03	5.002803e+02	2.103528e+02	7.916064e+01	4.264629e+01	1.080822e+02
579	1.656652e+01	2.660632e+03	5.001790e+02	2.104589e+02	7.951137e+01	4.260550e+01	1.077472e+02
580	1.659514e+01	2.658203e+03	5.000237e+02	2.105753e+02	7.941095e+01	4.262044e+01	1.070120e+02
581	1.662375e+01	2.655137e+03	4.998143e+02	2.105716e+02	7.940163e+01	4.257627e+01	1.066810e+02
582	1.665236e+01	2.660797e+03	4.995875e+02	2.106253e+02	7.952658e+01	4.260000e+01	1.062456e+02
583	1.668097e+01	2.662561e+03	4.995495e+02	2.107742e+02	7.940749e+01	4.269217e+01	1.054178e+02
584	1.670959e+01	2.650124e+03	4.994204e+02	2.109100e+02	7.947837e+01	4.245486e+01	1.050976e+02
585	1.673820e+01	2.670739e+03	4.992742e+02	2.110944e+02	7.974422e+01	4.264247e+01	1.043847e+02
586	1.676681e+01	2.659499e+03	4.990811e+02	2.110461e+02	7.939404e+01	4.265030e+01	1.040192e+02
587	1.679542e+01	2.655802e+03	4.990710e+02	2.111525e+02	7.949139e+01	4.253885e+01	1.036470e+02
588	1.682403e+01	2.643989e+03	4.989255e+02	2.113150e+02	7.941860e+01	4.238844e+01	1.030702e+02
589	1.685265e+01	2.649058e+03	4.986318e+02	2.114311e+02	7.930531e+01	4.253039e+01	1.023034e+02
590	1.688126e+01	2.647893e+03	4.984555e+02	2.114101e+02	7.963102e+01	4.233779e+01	1.016926e+02
591	1.690987e+01	2.651093e+03	4.983513e+02	2.115338e+02	7.952892e+01	4.244338e+01	1.012734e+02
592	1.693848e+01	2.650415e+03	4.981450e+02	2.117468e+02	7.961179e+01	4.238836e+01	1.004511e+02
593	1.696710e+01	2.657839e+03	4.980580e+02	2.118627e+02	7.970570e+01	4.245702e+01	1.000512e+02
594	1.699571e+01	2.655790e+03	4.978080e+02	2.119070e+02	7.963872e+01	4.245996e+01	9.962723e+01
595	1.702432e+01	2.658976e+03	4.977684e+02	2.121058e+02	7.984277e+01	4.240226e+01	9.910496e+01
596	1.705293e+01	2.650397e+03	4.975946e+02	2.121849e+02	7.931795e+01	4.254510e+01	9.876504e+01
597	1.708155e+01	2.655357e+03	4.973326e+02	2.122713e+02	7.966940e+01	4.243670e+01	9.820669e+01
598	1.711016e+01	2.650842e+03	4.974398e+02	2.123571e+02	7.947880e+01	4.246612e+01	9.759457e+01
599	1.713877e+01	2.643797e+03	4.972838e+02	2.124237e+02	7.959608e+01	4.229087e+01	9.736376e+01
600	1.716738e+01	2.651599e+03	4.971431e+02	2.126256e+02	7.944721e+01	4.249515e+01	9.639596e+01
601	1.719599e+01	2.641137e+03	4.968995e+02	2.126358e+02	7.964471e+01	4.222252e+01	9.594927e+01
602	1.722461e+01	2.642323e+03	4.967282e+02	2.128234e+02	7.963244e+01	4.224798e+01	9.541035e+01
603	1.725322e+01	2.640867e+03	4.967128e+02	2.128777e+02	7.970509e+01	4.218622e+01	9.488906e+01
604	1.728183e+01	2.629126e+03	4.966214e+02	2.130533e+02	7.954298e+01	4.208426e+01	9.427079e+01
605	1.731044e+01	2.636157e+03	4.964440e+02	2.131565e+02	7.946971e+01	4.223571e+01	9.374368e+01
606	1.733906e+01	2.638908e+03	4.962531e+02	2.132173e+02	7.969466e+01	4.216044e+01	9.326943e+01
607	1.736767e+01	2.642410e+03	4.960279e+02	2.135048e+02	7.956415e+01	4.228564e+01	9.273183e+01
608	1.739628e+01	2.642190e+03	4.960662e+02	2.135719e+02	7.972034e+01	4.219928e+01	9.245856e+01
609	1.742489e+01	2.634970e+03	4.959343e+02	2.137326e+02	7.965984e+01	4.211592e+01	9.174396e+01
610	1.745351e+01	2.648160e+03	4.957551e+02	2.138790e+02	7.979646e+01	4.225428e+01	9.104812e+01
611	1.748212e+01	2.643799e+03	4.956530e+02	2.140068e+02	7.974551e+01	4.221165e+01	9.063435e+01
612	1.751073e+01	2.654039e+03	4.954352e+02	2.140813e+02	7.982121e+01	4.233495e+01	8.996416e+01
613	1.753934e+01	2.648646e+03	4.953062e+02	2.141934e+02	7.990491e+01	4.220468e+01	8.943761e+01
614	1.756795e+01	2.651600e+03	4.951988e+02	2.143568e+02	7.983741e+01	4.228747e+01	8.878549e+01
615	1.759657e+01	2.641864e+03	4.950519e+02	2.144595e+02	7.980602e+01	4.214877e+01	8.833171e+01
616	1.762518e+01	2.637034e+03	4.949945e+02	2.146193e+02	7.942742e+01	4.227225e+01	8.752102e+01
617	1.765379e+01	2.641458e+03	4.947047e+02	2.147935e+02	7.982740e+01	4.213100e+01	8.718950e+01
618	1.768240e+01	2.648018e+03	4.946631e+02	2.150107e+02	7.965093e+01	4.232921e+01	8.650813e+01
619	1.771102e+01	2.637876e+03	4.945938e+02	2.151284e+02	7.957380e+01	4.220797e+01	8.606985e+01
620	1.773963e+01	2.640987e+03	4.944725e+02	2.152586e+02	7.974236e+01	4.216842e+01	8.568980e+01
621	1.776824e+01	2.644866e+03	4.944168e+02	2.153715e+02	7.968021e+01	4.226328e+01	8.506964e+01
622	1.779685e+01	2.645411e+03	4.943372e+02	2.154699e+02	7.967385e+01	4.227537e+01	8.456743e+01
623	1.782546e+01	2.640698e+03	4.942029e+02	2.156598e+02	7.971719e+01	4.217711e+01	8.414661e+01
624	1.785408e+01	2.636087e+03	4.940430e+02	2.157689e+02	7.956516e+01	4.218392e+01	8.352775e+01
625	1.788269e+01	2.625946e+03	4.940402e+02	2.159494e+02	7.955240e+01	4.202838e+01	8.310804e+01
626	1.791130e+01	2.631465e+03	4.938521e+02	2.160458e+02	7.998675e+01	4.188800e+01	8.266170e+01
627	1.793991e+01	2.640286e+03	4.937173e+02	2.162579e+02	7.968060e+01	4.218990e+01	8.192017e+01
628	1.796853e+01	2.635479e+03	4.935540e+02	2.164594e+02	7.978720e+01	4.205682e+01	8.130141e+01
629	1.799714e+01	2.639205e+03	4.935340e+02	2.165144e+02	7.991100e+01	4.205104e+01	8.085185e+01
630	1.802575e+01	2.643652e+03	4.934039e+02	2.167083e+02	8.007973e+01	4.203313e+01	8.027380e+01
631	1.805436e+01	2.651796e+03	4.933498e+02	2.167660e+02	7.997497e+01	4.221785e+01	7.975714e+01
632	1.808298e+01	2.640739e+03	4.932213e+02	2.169972e+02	7.989693e+01	4.208289e+01	7.923705e+01
633	1.811159e+01	2.648685e+03	4.930287e+02	2.171229e+02	7.995144e+01	4.218074e+01	7.858178e+01
634	1.814020e+01	2.648017e+03	4.929317e+02	2.172866e+02	7.978452e+01	4.225832e+01	7.818680e+01
635	1.816881e+01	2.643226e+03	4.928644e+02	2.175114e+02	7.967640e+01	4.223911e+01	7.730453e+01
636	1.819742e+01	2.628944e+03	4.928478e+02	2.175707e+02	7.951778e+01	4.209467e+01	7.721633e+01
637	1.822604e+01	2.647866e+03	4.927607e+02	2.177638e+02	7.988371e+01	4.220345e+01	7.637289e+01
638	1.825465e+01	2.648671e+03	4.925605e+02	2.179057e+02	7.958816e+01	4.237305e+01	7.582847e+01
639	1.828326e+01	2.641075e+03	4.925482e+02	2.181500e+02	7.959676e+01	4.224696e+01	7.521218e+01
640	1.831187e+01	2.643767e+03	4.923898e+02	2.182798e+02	8.003388e+01	4.205904e+01	7.496094e+01
641	1.834049e+01	2.649691e+03	4.924062e+02	2.184091e+02	8.008181e+01	4.212806e+01	7.449325e+01
642	1.836910e+01	2.642854e+03	4.923444e+02	2.187210e+02	7.979446e+01	4.217068e+01	7.361685e+01
643	1.839771e+01	2.631623e+03	4.923210e+02	2.187955e+02	7.942336e+01	4.218767e+01	7.316203e+01
644	1.842632e+01	2.620823e+03	4.921618e+02	2.189502e+02	7.939131e+01	4.203149e+01	7.295982e+01
645	1.845494e+01	2.638150e+03	4.920013e+02	2.191872e+02	7.972267e+01	4.213351e+01	7.210693e+01
646	1.848355e+01	2.638606e+03	4.920146e+02	2.193649e+02	7.963603e+01	4.218666e+01	7.139433e+01
647	1.851216e+01	2.638255e+03	4.919330e+02	2.195275e+02	7.971013e+01	4.214183e+01	7.093170e+01
648	1.854077e+01	2.630436e+03	4.920134e+02	2.196857e+02	7.958791e+01	4.208145e+01	7.038465e+01
649	1.856938e+01	2.642440e+03	4.917914e+02	2.198589e+02	7.995486e+01	4.207949e+01	6.970267e+01
650	1.859800e+01	2.634166e+03	4.916709e+02	2.200623e+02	7.935567e+01	4.226445e+01	6.931209e+01
651	1.862661e+01	2.643255e+03	4.916144e+02	2.202908e+02	7.963083e+01	4.226374e+01	6.864418e+01
652	1.865522e+01	2.641588e+03	4.916379e+02	2.203698e+02	7.961706e+01	4.224440e+01	6.779961e+01
653	1.868383e+01	2.638521e+03	4.915363e+02	2.205363e+02	7.967651e+01	4.216386e+01	6.765140e+01
654	1.871245e+01	2.635652e+03	4.914484e+02	2.207717e+02	7.974127e+01	4.208380e+01	6.688308e+01
655	1.874106e+01	2.631418e+03	4.912798e+02	2.209512e+02	7.961741e+01	4.208157e+01	6.647704e+01
656	1.876967e+01	2.647129e+03	4.913629e+02	2.211415e+02	7.984307e+01	4.221317e+01	6.570192e+01
657	1.879828e+01	2.648035e+03	4.913679e+02	2.212337e+02	7.983626e+01	4.223123e+01	6.511563e+01
658	1.882690e+01	2.631508e+03	4.912628e+02	2.214823e+02	7.963462e+01	4.207392e+01	6.470557e+01
659	1.885551e+01	2.638494e+03	4.911873e+02	2.216616e+02	7.982632e+01	4.208430e+01	6.426740e+01
660	1.888412e+01	2.645092e+03	4.911983e+02	2.218171e+02	7.975057e+01	4.222962e+01	6.336110e+01
661	1.891273e+01	2.643071e+03	4.910590e+02	2.220606e+02	7.999067e+01	4.207069e+01	6.309747e+01
662	1.894134e+01	2.640351e+03	4.910835e+02	2.222208e+02	7.965498e+01	4.220450e+01	6.245748e+01
663	1.896996e+01	2.634540e+03	4.909764e+02	2.224034e+02	7.933999e+01	4.227880e+01	6.207063e+01
664	1.899857e+01	2.628830e+03	4.910374e+02	2.224589e+02	7.935067e+01	4.218150e+01	6.165945e+01
665	1.902718e+01	2.629297e+03	4.910094e+02	2.226182e+02	7.954089e+01	4.208809e+01	6.127792e+01
666	1.905579e+01	2.644882e+03	4.909116e+02	2.228286e+02	7.968266e+01	4.226225e+01	6.067850e+01
667	1.908441e+01	2.642251e+03	4.908765e+02	2.230738e+02	7.977355e+01	4.217210e+01	6.007829e+01
668	1.911302e+01	2.648046e+03	4.909295e+02	2.232421e+02	7.932269e+01	4.250482e+01	5.931130e+01
669	1.914163e+01	2.639492e+03	4.907090e+02	2.234740e+02	7.951609e+01	4.226447e+01	5.875234e+01
670	1.917024e+01	2.645746e+03	4.906847e+02	2.236695e+02	7.980775e+01	4.220980e+01	5.803105e+01
671	1.919886e+01	2.638560e+03	4.907708e+02	2.238727e+02	7.946139e+01	4.227863e+01	5.712498e+01
672	1.922747e+01	2.643434e+03	4.906499e+02	2.241636e+02	7.962010e+01	4.227229e+01	5.660864e+01
673	1.925608e+01	2.645768e+03	4.906464e+02	2.242972e+02	7.944895e+01	4.240077e+01	5.634925e+01
674	1.928469e+01	2.640365e+03	4.906747e+02	2.244620e+02	7.959968e+01	4.223405e+01	5.549102e+01
675	1.931330e+01	2.646938e+03	4.905057e+02	2.247417e+02	7.952843e+01	4.237712e+01	5.487498e+01
676	1.934192e+01	2.649689e+03	4.903925e+02	2.249865e+02	8.001599e+01	4.216267e+01	5.414100e+01
677	1.937053e+01	2.637311e+03	4.906279e+02	2.250605e+02	7.938013e+01	4.230187e+01	5.332190e+01
678	1.939914e+01	2.637870e+03	4.905994e+02	2.252754e+02	7.934341e+01	4.233042e+01	5.288713e+01
679	1.942775e+01	2.643822e+03	4.905347e+02	2.254909e+02	7.934740e+01	4.242381e+01	5.206057e+01
680	1.945637e+01	2.627303e+03	4.905144e+02	2.256983e+02	7.906583e+01	4.230887e+01	5.166234e+01
681	1.948498e+01	2.637426e+03	4.904623e+02	2.260171e+02	7.942093e+01	4.228199e+01	5.079541e+01
682	1.951359e+01	2.648697e+03	4.905026e+02	2.261112e+02	7.959901e+01	4.236769e+01	5.025462e+01
683	1.954220e+01	2.649741e+03	4.904390e+02	2.263089e+02	7.963321e+01	4.236618e+01	4.992833e+01
684	1.957082e+01	2.634329e+03	4.903875e+02	2.266024e+02	7.923083e+01	4.233368e+01	4.921317e+01
685	1.959943e+01	2.639112e+03	4.903726e+02	2.267667e+02	7.910683e+01	4.247702e+01	4.828442e+01
686	1.962804e+01	2.650739e+03	4.904479e+02	2.268206e+02	7.930672e+01	4.255661e+01	4.800408e+01
687	1.965665e+01	2.645020e+03	4.904958e+02	2.270766e+02	7.947358e+01	4.237565e+01	4.759155e+01
688	1.968526e+01	2.651422e+03	4.905108e+02	2.272109e+02	7.951134e+01	4.245803e+01	4.715334e+01
689	1.971388e+01	2.673294e+03	4.904850e+02	2.273503e+02	7.962180e+01	4.274889e+01	4.671804e+01
690	1.974249e+01	2.652505e+03	4.904306e+02	2.275688e+02	7.948302e+01	4.249051e+01	4.635949e+01
691	1.977110e+01	2.654031e+03	4.905947e+02	2.276184e+02	7.930592e+01	4.260989e+01	4.571032e+01
692	1.979971e+01	2.644587e+03	4.906387e+02	2.277928e+02	7.921136e+01	4.250896e+01	4.511326e+01
693	1.982833e+01	2.642943e+03	4.904454e+02	2.280268e+02	7.927038e+01	4.245091e+01	4.443246e+01
694	1.985694e+01	2.639572e+03	4.904973e+02	2.281999e+02	7.916570e+01	4.245282e+01	4.392902e+01
695	1.988555e+01	2.649688e+03	4.905156e+02	2.284911e+02	7.927081e+01	4.255901e+01	4.318412e+01
696	1.991416e+01	2.645656e+03	4.906553e+02	2.284947e+02	7.906830e+01	4.260308e+01	4.264894e+01
697	1.994278e+01	2.654422e+03	4.906437e+02	2.288451e+02	7.943105e+01	4.254905e+01	4.210943e+01
698	1.997139e+01	2.648838e+03	4.906412e+02	2.289485e+02	7.925742e+01	4.255255e+01	4.140407e+01
699	2.000000e+01	2.656990e+03	4.906181e+02	2.290849e+02	7.943707e+01	4.258698e+01	4.098166e+01
700	2.002861e+01	2.660664e+03	4.905215e+02	2.294795e+02	7.953431e+01	4.259372e+01	4.004294e+01
701	2.005722e+01	2.656734e+03	4.906767e+02	2.297426e+02	7.923512e+01	4.269141e+01	3.932856e+01
702	2.008584e+01	2.655133e+03	4.908173e+02	2.297968e+02	7.941398e+01	4.256960e+01	3.868373e+01
703	2.011445e+01	2.663683e+03	4.908484e+02	2.299509e+02	7.946181e+01	4.268097e+01	3.804818e+01
704	2.014306e+01	2.655441e+03	4.908695e+02	2.300928e+02	7.943163e+01	4.256506e+01	3.767560e+01
705	2.017167e+01	2.640609e+03	4.907037e+02	2.304169e+02	7.887720e+01	4.262484e+01	3.680772e+01
706	2.020029e+01	2.647118e+03	4.908864e+02	2.306932e+02	7.918932e+01	4.256149e+01	3.621240e+01
707	2.022890e+01	2.651330e+03	4.909623e+02	2.308555e+02	7.919874e+01	4.262414e+01	3.569275e+01
708	2.025751e+01	2.663036e+03	4.909847e+02	2.310624e+02	7.943990e+01	4.268236e+01	3.514928e+01
709	2.028612e+01	2.647911e+03	4.910074e+02	2.311919e+02	7.908971e+01	4.262786e+01	3.441124e+01
710	2.031474e+01	2.639480e+03	4.909238e+02	2.315070e+02	7.900697e+01	4.253663e+01	3.376856e+01
711	2.034335e+01	2.640782e+03	4.910473e+02	2.315441e+02	7.900535e+01	4.255849e+01	3.303499e+01
712	2.037196e+01	2.638605e+03	4.912276e+02	2.316954e+02	7.889992e+01	4.258022e+01	3.248788e+01
713	2.040057e+01	2.644148e+03	4.912891e+02	2.319235e+02	7.911202e+01	4.255527e+01	3.214401e+01
714	2.042918e+01	2.659593e+03	4.912073e+02	2.321617e+02	7.924216e+01	4.273355e+01	3.135362e+01
715	2.045780e+01	2.663891e+03	4.912512e+02	2.322917e+02	7.939973e+01	4.271767e+01	3.092722e+01
716	2.048641e+01	2.664242e+03	4.912639e+02	2.324689e+02	7.930977e+01	4.277176e+01	3.034333e+01
717	2.051502e+01	2.652753e+03	4.912470e+02	2.327709e+02	7.893652e+01	4.278870e+01	2.960771e+01
718	2.054363e+01	2.653632e+03	4.916092e+02	2.328144e+02	7.921197e+01	4.265402e+01	2.920834e+01
719	2.057225e+01	2.662174e+03	4.914995e+02	2.331716e+02	7.911321e+01	4.284475e+01	2.839362e+01
720	2.060086e+01	2.654585e+03	4.915525e+02	2.332952e+02	7.927432e+01	4.263578e+01	2.809204e+01
721	2.062947e+01	2.660223e+03	4.915678e+02	2.334826e+02	7.907507e+01	4.283400e+01	2.739542e+01
722	2.065808e+01	2.653324e+03	4.917198e+02	2.336199e+02	7.904430e+01	4.273953e+01	2.686762e+01
723	2.068670e+01	2.659597e+03	4.918202e+02	2.337986e+02	7.927893e+01	4.271380e+01	2.632746e+01
724	2.071531e+01	2.653682e+03	4.919272e+02	2.339943e+02	7.910637e+01	4.271176e+01	2.562625e+01
725	2.074392e+01	2.664902e+03	4.919894e+02	2.341787e+02	7.946580e+01	4.269835e+01	2.537975e+01
726	2.077253e+01	2.646244e+03	4.919761e+02	2.343116e+02	7.903306e+01	4.263156e+01	2.443692e+01
727	2.080114e+01	2.655352e+03	4.920168e+02	2.345489e+02	7.924102e+01	4.266603e+01	2.386463e+01
728	2.082976e+01	2.650121e+03	4.920624e+02	2.346445e+02	7.907592e+01	4.267088e+01	2.336151e+01
729	2.085837e+01	2.659460e+03	4.922800e+02	2.348190e+02	7.912502e+01	4.279468e+01	2.260497e+01
730	2.088698e+01	2.655627e+03	4.923691e+02	2.349998e+02	7.915645e+01	4.271603e+01	2.200533e+01
731	2.091559e+01	2.662318e+03	4.924217e+02	2.350935e+02	7.928037e+01	4.275672e+01	2.164637e+01
732	2.094421e+01	2.655189e+03	4.924350e+02	2.353306e+02	7.919878e+01	4.268616e+01	2.110891e+01
733	2.097282e+01	2.695696e+03	4.922705e+02	2.354300e+02	7.862387e+01	4.365426e+01	2.080211e+01
734	2.100143e+01	2.665772e+03	4.926795e+02	2.357274e+02	7.907898e+01	4.292122e+01	2.015495e+01
735	2.103004e+01	2.651468e+03	4.928947e+02	2.358162e+02	7.893641e+01	4.276802e+01	1.935221e+01
736	2.105866e+01	2.673243e+03	4.929282e+02	2.360565e+02	7.933864e+01	4.290065e+01	1.897932e+01
737	2.108727e+01	2.663905e+03	4.929249e+02	2.360501e+02	7.911758e+01	4.287022e+01	1.847446e+01
738	2.111588e+01	2.656737e+03	4.929631e+02	2.362256e+02	7.883147e+01	4.291005e+01	1.794446e+01
739	2.114449e+01	2.669349e+03	4.931034e+02	2.363426e+02	7.923637e+01	4.289344e+01	1.735262e+01
740	2.117310e+01	2.671326e+03	4.933310e+02	2.365371e+02	7.910486e+01	4.299658e+01	1.674526e+01
741	2.120172e+01	2.655169e+03	4.933785e+02	2.366671e+02	7.871160e+01	4.295004e+01	1.621159e+01
742	2.123033e+01	2.660393e+03	4.933143e+02	2.370503e+02	7.913284e+01	4.280547e+01	1.541128e+01
743	2.125894e+01	2.666898e+03	4.933562e+02	2.372274e+02	7.904488e+01	4.295787e+01	1.495782e+01
744	2.128755e+01	2.666921e+03	4.935256e+02	2.373820e+02	7.928903e+01	4.282596e+01	1.428213e+01
745	2.131617e+01	2.664962e+03	4.937233e+02	2.374019e+02	7.911419e+01	4.288908e+01	1.341170e+01
746	2.134478e+01	2.659199e+03	4.938533e+02	2.376172e+02	7.908395e+01	4.281271e+01	1.294443e+01
747	2.137339e+01	2.662517e+03	4.938968e+02	2.378621e+02	7.908976e+01	4.286298e+01	1.220668e+01
748	2.140200e+01	2.655871e+03	4.940099e+02	2.378685e+02	7.915582e+01	4.272029e+01	1.160612e+01
749	2.143062e+01	2.655413e+03	4.940478e+02	2.382489e+02	7.906590e+01	4.276150e+01	1.096862e+01
750	2.145923e+01	2.664011e+03	4.941830e+02	2.382609e+02	7.921252e+01	4.282055e+01	1.040158e+01
751	2.148784e+01	2.670377e+03	4.943178e+02	2.383666e+02	7.905546e+01	4.300816e+01	1.004616e+01
752	2.151645e+01	2.672220e+03	4.945815e+02	2.386617e+02	7.901512e+01	4.305981e+01	9.547029e+00
753	2.154506e+01	2.676771e+03	4.945756e+02	2.387644e+02	7.897737e+01	4.315376e+01	8.947307e+00
754	2.157368e+01	2.665633e+03	4.946912e+02	2.387974e+02	7.898611e+01	4.296944e+01	8.510252e+00
755	2.160229e+01	2.679044e+03	4.948040e+02	2.391422e+02	7.905932e+01	4.314563e+01	7.730540e+00
756	2.163090e+01	2.666013e+03	4.950531e+02	2.391894e+02	7.879944e+01	4.307738e+01	7.034153e+00
757	2.165951e+01	2.684790e+03	4.950502e+02	2.394066e+02	7.883549e+01	4.336095e+01	6.785102e+00
758	2.168813e+01	2.687037e+03	4.952664e+02	2.395344e+02	7.914490e+01	4.322757e+01	6.003603e+00
759	2.171674e+01	2.677386e+03	4.952738e+02	2.396284e+02	7.903670e+01	4.313129e+01	4.963154e+00
760	2.174535e+01	2.682073e+03	4.954106e+02	2.398904e+02	7.922633e+01	4.310336e+01	4.530275e+00
761	2.177396e+01	2.674177e+03	4.956008e+02	2.400652e+02	7.905810e+01	4.306792e+01	3.647146e+00
762	2.180258e+01	2.679483e+03	4.956743e+02	2.401970e+02	7.868140e+01	4.335999e+01	3.189699e+00
763	2.183119e+01	2.668362e+03	4.957680e+02	2.404015e+02	7.890666e+01	4.305675e+01	2.636689e+00
764	2.185980e+01	2.681867e+03	4.958370e+02	2.405258e+02	7.912868e+01	4.315324e+01	2.047250e+00
765	2.188841e+01	2.667242e+03	4.961180e+02	2.405865e+02	7.920104e+01	4.287871e+01	1.450954e+00
766	2.191702e+01	2.672569e+03	4.963466e+02	2.407032e+02	7.887848e+01	4.314004e+01	9.273221e-01
767	2.194564e+01	2.672832e+03	4.964105e+02	2.408959e+02	7.891634e+01	4.312358e+01	2.295346e-01
768	2.197425e+01	2.673787e+03	4.965870e+02	2.409754e+02	7.890757e+01	4.314378e+01	1.796270e+02
769	2.200286e+01	2.677127e+03	4.966833e+02	2.411817e+02	7.905965e+01	4.311459e+01	1.791451e+02
770	2.203147e+01	2.675091e+03	4.967039e+02	2.411743e+02	7.881460e+01	4.321575e+01	1.783735e+02
771	2.206009e+01	2.669557e+03	4.969429e+02	2.414691e+02	7.884615e+01	4.310909e+01	1.778722e+02
772	2.208870e+01	2.670366e+03	4.971884e+02	2.416031e+02	7.885901e+01	4.311512e+01	1.773738e+02
773	2.211731e+01	2.673254e+03	4.973576e+02	2.416635e+02	7.890155e+01	4.313848e+01	1.763997e+02
774	2.214592e+01	2.678307e+03	4.974860e+02	2.417798e+02	7.896906e+01	4.318306e+01	1.760161e+02
775	2.217454e+01	2.666730e+03	4.974615e+02	2.418447e+02	7.858935e+01	4.320414e+01	1.755065e+02
776	2.220315e+01	2.671385e+03	4.975402e+02	2.419419e+02	7.907319e+01	4.301474e+01	1.748355e+02
777	2.223176e+01	2.674110e+03	4.978920e+02	2.421329e+02	7.847353e+01	4.338766e+01	1.744560e+02
778	2.226037e+01	2.679388e+03	4.980453e+02	2.422065e+02	7.859149e+01	4.340804e+01	1.736918e+02
779	2.228898e+01	2.673289e+03	4.981476e+02	2.423228e+02	7.873534e+01	4.323011e+01	1.730476e+02
780	2.231760e+01	2.677808e+03	4.983436e+02	2.425390e+02	7.879313e+01	4.327143e+01	1.720357e+02
781	2.234621e+01	2.692052e+03	4.984667e+02	2.425545e+02	7.857611e+01	4.362174e+01	1.714000e+02
782	2.237482e+01	2.680731e+03	4.986131e+02	2.426419e+02	7.869741e+01	4.337135e+01	1.712498e+02
783	2.240343e+01	2.676528e+03	4.989329e+02	2.428426e+02	7.880256e+01	4.324557e+01	1.705855e+02
784	2.243205e+01	2.676897e+03	4.989861e+02	2.427867e+02	7.873383e+01	4.328929e+01	1.701321e+02
785	2.246066e+01	2.674237e+03	4.991626e+02	2.429476e+02	7.867974e+01	4.327600e+01	1.692718e+02
786	2.248927e+01	2.669786e+03	4.992717e+02	2.429428e+02	7.852196e+01	4.329079e+01	1.688094e+02
787	2.251788e+01	2.671662e+03	4.994730e+02	2.431489e+02	7.858899e+01	4.328425e+01	1.679169e+02
788	2.254649e+01	2.676546e+03	4.996600e+02	2.433448e+02	7.874843e+01	4.327558e+01	1.673469e+02
789	2.257511e+01	2.672567e+03	4.997921e+02	2.432207e+02	7.866489e+01	4.325713e+01	1.667616e+02
790	2.260372e+01	2.672356e+03	4.999672e+02	2.434346e+02	7.844653e+01	4.337413e+01	1.661679e+02
791	2.263233e+01	2.681901e+03	5.000497e+02	2.435463e+02	7.868067e+01	4.339950e+01	1.655299e+02
792	2.266094e+01	2.678474e+03	5.002260e+02	2.436508e+02	7.870844e+01	4.332877e+01	1.648418e+02
793	2.268956e+01	2.683030e+03	5.003796e+02	2.437804e+02	7.861518e+01	4.345395e+01	1.640138e+02
794	2.271817e+01	2.678173e+03	5.006225e+02	2.437397e+02	7.869215e+01	4.333286e+01	1.637016e+02
795	2.274678e+01	2.674451e+03	5.007154e+02	2.438699e+02	7.869209e+01	4.327267e+01	1.631360e+02
796	2.277539e+01	2.683206e+03	5.008207e+02	2.438761e+02	7.852670e+01	4.350576e+01	1.624771e+02
797	2.280401e+01	2.687338e+03	5.010345e+02	2.441042e+02	7.877202e+01	4.343705e+01	1.622138e+02
798	2.283262e+01	2.687255e+03	5.010967e+02	2.440462e+02	7.871337e+01	4.346807e+01	1.615884e+02
799	2.286123e+01	2.682775e+03	5.014640e+02	2.442586e+02	7.859114e+01	4.346311e+01	1.608750e+02
