1	2.865330e-02	2.667046e+03	3.768748e+02	3.837220e+02	7.847914e+01	4.326995e+01	1.900619e+01
2	5.730659e-02	2.663356e+03	3.762411e+02	3.826807e+02	7.896970e+01	4.294165e+01	2.152596e+01
3	8.595989e-02	2.658412e+03	3.755607e+02	3.816857e+02	7.881866e+01	4.294408e+01	2.440873e+01
4	1.146132e-01	2.661692e+03	3.750324e+02	3.805849e+02	7.906510e+01	4.286304e+01	2.698489e+01
5	1.432665e-01	2.650796e+03	3.746907e+02	3.794984e+02	7.899326e+01	4.272641e+01	2.988718e+01
6	1.719198e-01	2.644802e+03	3.741790e+02	3.784240e+02	7.855170e+01	4.286943e+01	3.233122e+01
7	2.005731e-01	2.651130e+03	3.737733e+02	3.773340e+02	7.889468e+01	4.278519e+01	3.538365e+01
8	2.292264e-01	2.658099e+03	3.735026e+02	3.762330e+02	7.899522e+01	4.284306e+01	3.805378e+01
9	2.578797e-01	2.662504e+03	3.734412e+02	3.748808e+02	7.895425e+01	4.293632e+01	4.068298e+01
10	2.865330e-01	2.650882e+03	3.733091e+02	3.737338e+02	7.900985e+01	4.271883e+01	4.324724e+01
11	3.151862e-01	2.635776e+03	3.731882e+02	3.726533e+02	7.874150e+01	4.262014e+01	4.559697e+01
12	3.438395e-01	2.649880e+03	3.731436e+02	3.714603e+02	7.891094e+01	4.275621e+01	4.794295e+01
13	3.724928e-01	2.630500e+03	3.732887e+02	3.703516e+02	7.907983e+01	4.235285e+01	5.015779e+01
14	4.011461e-01	2.631528e+03	3.732434e+02	3.692487e+02	7.901214e+01	4.240571e+01	5.289645e+01
15	4.297994e-01	2.625064e+03	3.732486e+02	3.680237e+02	7.878888e+01	4.242141e+01	5.572990e+01
16	4.584527e-01	2.615812e+03	3.733134e+02	3.669124e+02	7.882278e+01	4.225372e+01	5.798854e+01
17	4.871060e-01	2.621861e+03	3.736541e+02	3.658011e+02	7.901276e+01	4.224959e+01	6.043949e+01
18	5.157593e-01	2.616138e+03	3.738556e+02	3.646971e+02	7.923172e+01	4.204087e+01	6.281867e+01
19	5.444126e-01	2.630487e+03	3.741855e+02	3.635238e+02	7.965317e+01	4.204779e+01	6.497868e+01
20	5.730659e-01	2.623752e+03	3.742733e+02	3.623089e+02	7.951020e+01	4.201556e+01	6.764992e+01
21	6.017192e-01	2.630249e+03	3.746025e+02	3.611573e+02	7.945606e+01	4.214829e+01	7.033002e+01
22	6.303725e-01	2.613080e+03	3.747962e+02	3.600278e+02	7.941911e+01	4.189265e+01	7.257938e+01
23	6.590258e-01	2.627119e+03	3.752225e+02	3.589684e+02	7.979111e+01	4.192136e+01	7.456657e+01
24	6.876791e-01	2.613877e+03	3.757218e+02	3.579938e+02	7.957561e+01	4.182301e+01	7.703139e+01
25	7.163324e-01	2.624123e+03	3.761688e+02	3.570950e+02	7.975509e+01	4.189247e+01	7.967917e+01
26	7.449857e-01	2.614054e+03	3.764907e+02	3.560812e+02	7.988503e+01	4.166383e+01	8.238033e+01
27	7.736390e-01	2.610784e+03	3.769551e+02	3.550710e+02	7.935712e+01	4.188852e+01	8.471476e+01
28	8.022923e-01	2.599324e+03	3.773833e+02	3.540985e+02	7.924058e+01	4.176600e+01	8.680441e+01
29	8.309456e-01	2.611971e+03	3.779285e+02	3.531267e+02	7.965755e+01	4.174953e+01	8.920044e+01
30	8.595989e-01	2.613192e+03	3.785932e+02	3.522084e+02	7.945339e+01	4.187637e+01	9.131351e+01
31	8.882521e-01	2.611367e+03	3.794005e+02	3.515978e+02	7.975951e+01	4.168651e+01	9.379908e+01
32	9.169054e-01	2.604297e+03	3.801583e+02	3.508611e+02	7.937437e+01	4.177536e+01	9.555634e+01
33	9.455587e-01	2.616532e+03	3.810049e+02	3.502461e+02	7.927811e+01	4.202259e+01	9.750513e+01
34	9.742120e-01	2.617351e+03	3.817054e+02	3.497547e+02	7.945953e+01	4.193977e+01	9.924060e+01
35	1.002865e+00	2.624515e+03	3.823034e+02	3.491905e+02	7.965596e+01	4.195086e+01	1.011123e+02
36	1.031519e+00	2.621537e+03	3.830267e+02	3.484830e+02	7.919511e+01	4.214711e+01	1.030293e+02
37	1.060172e+00	2.630203e+03	3.837143e+02	3.479815e+02	7.943272e+01	4.215994e+01	1.052958e+02
38	1.088825e+00	2.636422e+03	3.843354e+02	3.472932e+02	7.963200e+01	4.215386e+01	1.076224e+02
39	1.117479e+00	2.621815e+03	3.851078e+02	3.468972e+02	7.917286e+01	4.216342e+01	1.093960e+02
40	1.146132e+00	2.640771e+03	3.857599e+02	3.465417e+02	7.935388e+01	4.237139e+01	1.110451e+02
41	1.174785e+00	2.635282e+03	3.863729e+02	3.462155e+02	7.907534e+01	4.243225e+01	1.125495e+02
42	1.203438e+00	2.628748e+03	3.870506e+02	3.458122e+02	7.928620e+01	4.221449e+01	1.144480e+02
43	1.232092e+00	2.625131e+03	3.878663e+02	3.458019e+02	7.893797e+01	4.234237e+01	1.157665e+02
44	1.260745e+00	2.634548e+03	3.881189e+02	3.460574e+02	7.876083e+01	4.258983e+01	1.161718e+02
45	1.289398e+00	2.637531e+03	3.883637e+02	3.459680e+02	7.918957e+01	4.240722e+01	1.163005e+02
46	1.318052e+00	2.622560e+03	3.889102e+02	3.459164e+02	7.872739e+01	4.241404e+01	1.168270e+02
47	1.346705e+00	2.632355e+03	3.894926e+02	3.456183e+02	7.891920e+01	4.246899e+01	1.182862e+02
48	1.375358e+00	2.634630e+03	3.899679e+02	3.455097e+02	7.913953e+01	4.238735e+01	1.191684e+02
49	1.404011e+00	2.631473e+03	3.904951e+02	3.455916e+02	7.892342e+01	4.245249e+01	1.199976e+02
50	1.432665e+00	2.628416e+03	3.907679e+02	3.456672e+02	7.876170e+01	4.249024e+01	1.204278e+02
51	1.461318e+00	2.644492e+03	3.909351e+02	3.458500e+02	7.928735e+01	4.246669e+01	1.207144e+02
52	1.489971e+00	2.631213e+03	3.909756e+02	3.459074e+02	7.884900e+01	4.248836e+01	1.214569e+02
53	1.518625e+00	2.642251e+03	3.912953e+02	3.461768e+02	7.934212e+01	4.240142e+01	1.216815e+02
54	1.547278e+00	2.646904e+03	3.914755e+02	3.464554e+02	7.936073e+01	4.246613e+01	1.220628e+02
55	1.575931e+00	2.634811e+03	3.916774e+02	3.466685e+02	7.889081e+01	4.252391e+01	1.218049e+02
56	1.604585e+00	2.637871e+03	3.920197e+02	3.467486e+02	7.887324e+01	4.258278e+01	1.221229e+02
57	1.633238e+00	2.646296e+03	3.922393e+02	3.467058e+02	7.894104e+01	4.268209e+01	1.224474e+02
58	1.661891e+00	2.642101e+03	3.927458e+02	3.470522e+02	7.897800e+01	4.259448e+01	1.227686e+02
59	1.690544e+00	2.645900e+03	3.929077e+02	3.472710e+02	7.910787e+01	4.258570e+01	1.231963e+02
60	1.719198e+00	2.637242e+03	3.932788e+02	3.474922e+02	7.886337e+01	4.257795e+01	1.235451e+02
61	1.747851e+00	2.635707e+03	3.936948e+02	3.475764e+02	7.903364e+01	4.246150e+01	1.245677e+02
62	1.776504e+00	2.631408e+03	3.940038e+02	3.478564e+02	7.888114e+01	4.247419e+01	1.246105e+02
63	1.805158e+00	2.652410e+03	3.940252e+02	3.480198e+02	7.912329e+01	4.268217e+01	1.247411e+02
64	1.833811e+00	2.649436e+03	3.941268e+02	3.482798e+02	7.915212e+01	4.261877e+01	1.242671e+02
65	1.862464e+00	2.637867e+03	3.942020e+02	3.486436e+02	7.886969e+01	4.258462e+01	1.243635e+02
66	1.891117e+00	2.633813e+03	3.945628e+02	3.490448e+02	7.892668e+01	4.248848e+01	1.248719e+02
67	1.919771e+00	2.657645e+03	3.947450e+02	3.491802e+02	7.944466e+01	4.259341e+01	1.254472e+02
68	1.948424e+00	2.648449e+03	3.951523e+02	3.496093e+02	7.929865e+01	4.252417e+01	1.250072e+02
69	1.977077e+00	2.639872e+03	3.953844e+02	3.501663e+02	7.904202e+01	4.252409e+01	1.254252e+02
70	2.005731e+00	2.649872e+03	3.954193e+02	3.505446e+02	7.931416e+01	4.253872e+01	1.255424e+02
71	2.034384e+00	2.650240e+03	3.957399e+02	3.511803e+02	7.907677e+01	4.267233e+01	1.267332e+02
72	2.063037e+00	2.650436e+03	3.958558e+02	3.516455e+02	7.905111e+01	4.268934e+01	1.274351e+02
73	2.091691e+00	2.656928e+03	3.962973e+02	3.523462e+02	7.901705e+01	4.281236e+01	1.280732e+02
74	2.120344e+00	2.709692e+03	3.958154e+02	3.528794e+02	7.961373e+01	4.333533e+01	1.265081e+02
75	2.148997e+00	2.653518e+03	3.964662e+02	3.534542e+02	7.911703e+01	4.270337e+01	1.282937e+02
76	2.177650e+00	2.643313e+03	3.969141e+02	3.540652e+02	7.863011e+01	4.280257e+01	1.288141e+02
77	2.206304e+00	2.658168e+03	3.972633e+02	3.545472e+02	7.921760e+01	4.272390e+01	1.286925e+02
78	2.234957e+00	2.651141e+03	3.977000e+02	3.551468e+02	7.879026e+01	4.284206e+01	1.293980e+02
79	2.263610e+00	2.651923e+03	3.980091e+02	3.557628e+02	7.881792e+01	4.283966e+01	1.291319e+02
80	2.292264e+00	2.662205e+03	3.982045e+02	3.565003e+02	7.908930e+01	4.285819e+01	1.284603e+02
81	2.320917e+00	2.659725e+03	3.986088e+02	3.570985e+02	7.900315e+01	4.286497e+01	1.285233e+02
82	2.349570e+00	2.664828e+03	3.991274e+02	3.575806e+02	7.908469e+01	4.290293e+01	1.289615e+02
83	2.378223e+00	2.665805e+03	3.995587e+02	3.580424e+02	7.929522e+01	4.280470e+01	1.289366e+02
84	2.406877e+00	2.664442e+03	4.004188e+02	3.586305e+02	7.920957e+01	4.282908e+01	1.293500e+02
85	2.435530e+00	2.671494e+03	4.009244e+02	3.591024e+02	7.909151e+01	4.300653e+01	1.300499e+02
86	2.464183e+00	2.659128e+03	4.012206e+02	3.596683e+02	7.914889e+01	4.277643e+01	1.292933e+02
87	2.492837e+00	2.659132e+03	4.015710e+02	3.601172e+02	7.908339e+01	4.281193e+01	1.291397e+02
88	2.521490e+00	2.662267e+03	4.019385e+02	3.607539e+02	7.902502e+01	4.289405e+01	1.291089e+02
89	2.550143e+00	2.660902e+03	4.022928e+02	3.611985e+02	7.922021e+01	4.276643e+01	1.284135e+02
90	2.578797e+00	2.670462e+03	4.029247e+02	3.615306e+02	7.942649e+01	4.280861e+01	1.282261e+02
91	2.607450e+00	2.670507e+03	4.033832e+02	3.618428e+02	7.940547e+01	4.282066e+01	1.290968e+02
92	2.636103e+00	2.655063e+03	4.041543e+02	3.623138e+02	7.884888e+01	4.287355e+01	1.291305e+02
93	2.664756e+00	2.656670e+03	4.049074e+02	3.626277e+02	7.908398e+01	4.277197e+01	1.297676e+02
94	2.693410e+00	2.663049e+03	4.055725e+02	3.629193e+02	7.928918e+01	4.276371e+01	1.299604e+02
95	2.722063e+00	2.672711e+03	4.061575e+02	3.632793e+02	7.955219e+01	4.277696e+01	1.303462e+02
96	2.750716e+00	2.669301e+03	4.068911e+02	3.635368e+02	7.931483e+01	4.285025e+01	1.310659e+02
97	2.779370e+00	2.648523e+03	4.076393e+02	3.640453e+02	7.875534e+01	4.281874e+01	1.314378e+02
98	2.808023e+00	2.658516e+03	4.086252e+02	3.645299e+02	7.881818e+01	4.294602e+01	1.321370e+02
99	2.836676e+00	2.663918e+03	4.092846e+02	3.648912e+02	7.927419e+01	4.278575e+01	1.328972e+02
100	2.865330e+00	2.657278e+03	4.098263e+02	3.657309e+02	7.875781e+01	4.295893e+01	1.323957e+02
101	2.893983e+00	2.659280e+03	4.101327e+02	3.659692e+02	7.902933e+01	4.284359e+01	1.325912e+02
102	2.922636e+00	2.672456e+03	4.108427e+02	3.665184e+02	7.919353e+01	4.296660e+01	1.330206e+02
103	2.951289e+00	2.664664e+03	4.113199e+02	3.671874e+02	7.902762e+01	4.293126e+01	1.325453e+02
104	2.979943e+00	2.678676e+03	4.117119e+02	3.675824e+02	7.946857e+01	4.291755e+01	1.325097e+02
105	3.008596e+00	2.663410e+03	4.124971e+02	3.679931e+02	7.902608e+01	4.291190e+01	1.328774e+02
106	3.037249e+00	2.672518e+03	4.133504e+02	3.684428e+02	7.933793e+01	4.288940e+01	1.339693e+02
107	3.065903e+00	2.673309e+03	4.138658e+02	3.689357e+02	7.952644e+01	4.280040e+01	1.338658e+02
108	3.094556e+00	2.663628e+03	4.146053e+02	3.693190e+02	7.911634e+01	4.286646e+01	1.341516e+02
109	3.123209e+00	2.669074e+03	4.154151e+02	3.697011e+02	7.916230e+01	4.292916e+01	1.348690e+02
110	3.151862e+00	2.673130e+03	4.161129e+02	3.701115e+02	7.937876e+01	4.287715e+01	1.355249e+02
111	3.180516e+00	2.677318e+03	4.168609e+02	3.704554e+02	7.918137e+01	4.305138e+01	1.364355e+02
112	3.209169e+00	2.672398e+03	4.177882e+02	3.709895e+02	7.926859e+01	4.292499e+01	1.370785e+02
113	3.237822e+00	2.675586e+03	4.185624e+02	3.713093e+02	7.938452e+01	4.291343e+01	1.378651e+02
114	3.266476e+00	2.677496e+03	4.190813e+02	3.718426e+02	7.941240e+01	4.292899e+01	1.376962e+02
115	3.295129e+00	2.676722e+03	4.194363e+02	3.725800e+02	7.944874e+01	4.289694e+01	1.370488e+02
116	3.323782e+00	2.673425e+03	4.199599e+02	3.732567e+02	7.932529e+01	4.291079e+01	1.367695e+02
117	3.352436e+00	2.675170e+03	4.206168e+02	3.737396e+02	7.933648e+01	4.293273e+01	1.374496e+02
118	3.381089e+00	2.667469e+03	4.215636e+02	3.741753e+02	7.912935e+01	4.292121e+01	1.380311e+02
119	3.409742e+00	2.677677e+03	4.223604e+02	3.744869e+02	7.925143e+01	4.301909e+01	1.388329e+02
120	3.438395e+00	2.678664e+03	4.232411e+02	3.750597e+02	7.923421e+01	4.304430e+01	1.395005e+02
121	3.467049e+00	2.672076e+03	4.240017e+02	3.755774e+02	7.952946e+01	4.277903e+01	1.404593e+02
122	3.495702e+00	2.679150e+03	4.248994e+02	3.759486e+02	7.930968e+01	4.301114e+01	1.410429e+02
123	3.524355e+00	2.681109e+03	4.254809e+02	3.764349e+02	7.904643e+01	4.318594e+01	1.414657e+02
124	3.553009e+00	2.676697e+03	4.264172e+02	3.768409e+02	7.921334e+01	4.302401e+01	1.426393e+02
125	3.581662e+00	2.681154e+03	4.271532e+02	3.773566e+02	7.932536e+01	4.303480e+01	1.433601e+02
126	3.610315e+00	2.688233e+03	4.280270e+02	3.777123e+02	7.936359e+01	4.312764e+01	1.443455e+02
127	3.638968e+00	2.698893e+03	4.290548e+02	3.783131e+02	7.953102e+01	4.320751e+01	1.452013e+02
128	3.667622e+00	2.696208e+03	4.299563e+02	3.788283e+02	7.949274e+01	4.318531e+01	1.462221e+02
129	3.696275e+00	2.696296e+03	4.309452e+02	3.792686e+02	7.965273e+01	4.309998e+01	1.474055e+02
130	3.724928e+00	2.683539e+03	4.318050e+02	3.797989e+02	7.949170e+01	4.298294e+01	1.483633e+02
131	3.753582e+00	2.677529e+03	4.323334e+02	3.803872e+02	7.922092e+01	4.303328e+01	1.486054e+02
132	3.782235e+00	2.692481e+03	4.330418e+02	3.809655e+02	7.940041e+01	4.317575e+01	1.494269e+02
133	3.810888e+00	2.686646e+03	4.339424e+02	3.815391e+02	7.944525e+01	4.305787e+01	1.503164e+02
134	3.839542e+00	2.693513e+03	4.347068e+02	3.822176e+02	7.948171e+01	4.314814e+01	1.512135e+02
135	3.868195e+00	2.684241e+03	4.355571e+02	3.827436e+02	7.946232e+01	4.301009e+01	1.525244e+02
136	3.896848e+00	2.689923e+03	4.363551e+02	3.833648e+02	7.951241e+01	4.307399e+01	1.531084e+02
137	3.925501e+00	2.677425e+03	4.371452e+02	3.840327e+02	7.935162e+01	4.296072e+01	1.545992e+02
138	3.954155e+00	2.698137e+03	4.378973e+02	3.848377e+02	7.945815e+01	4.323502e+01	1.551656e+02
139	3.982808e+00	2.681642e+03	4.386238e+02	3.853883e+02	7.928602e+01	4.306400e+01	1.560964e+02
140	4.011461e+00	2.681824e+03	4.394836e+02	3.862550e+02	7.917274e+01	4.312853e+01	1.567505e+02
141	4.040115e+00	2.666785e+03	4.402848e+02	3.869719e+02	7.912856e+01	4.291063e+01	1.584803e+02
142	4.068768e+00	2.678416e+03	4.410291e+02	3.877850e+02	7.908923e+01	4.311921e+01	1.593415e+02
143	4.097421e+00	2.689593e+03	4.416230e+02	3.885229e+02	7.969243e+01	4.297142e+01	1.602459e+02
144	4.126074e+00	2.687871e+03	4.425684e+02	3.894901e+02	7.931818e+01	4.314652e+01	1.614210e+02
145	4.154728e+00	2.678606e+03	4.431486e+02	3.903462e+02	7.885938e+01	4.324796e+01	1.619823e+02
146	4.183381e+00	2.682606e+03	4.438401e+02	3.910382e+02	7.895247e+01	4.326147e+01	1.635547e+02
147	4.212034e+00	2.679531e+03	4.444751e+02	3.920619e+02	7.890418e+01	4.323832e+01	1.640844e+02
148	4.240688e+00	2.682721e+03	4.450466e+02	3.927927e+02	7.875494e+01	4.337183e+01	1.656685e+02
149	4.269341e+00	2.691147e+03	4.457489e+02	3.935726e+02	7.906649e+01	4.333663e+01	1.667867e+02
150	4.297994e+00	2.692779e+03	4.462763e+02	3.944261e+02	7.897270e+01	4.341440e+01	1.679314e+02
151	4.326648e+00	2.691644e+03	4.468333e+02	3.954095e+02	7.869718e+01	4.354803e+01	1.692676e+02
152	4.355301e+00	2.690616e+03	4.475475e+02	3.963803e+02	7.888597e+01	4.342722e+01	1.700069e+02
153	4.383954e+00	2.682006e+03	4.482526e+02	3.972865e+02	7.900308e+01	4.322409e+01	1.713759e+02
154	4.412607e+00	2.685381e+03	4.489224e+02	3.982311e+02	7.892892e+01	4.331914e+01	1.727961e+02
155	4.441261e+00	2.686179e+03	4.493875e+02	3.989559e+02	7.909717e+01	4.323985e+01	1.741928e+02
156	4.469914e+00	2.681152e+03	4.499138e+02	3.998513e+02	7.868639e+01	4.338423e+01	1.749269e+02
157	4.498567e+00	2.699439e+03	4.506980e+02	4.007756e+02	7.914169e+01	4.342885e+01	1.765117e+02
158	4.527221e+00	2.691722e+03	4.513983e+02	4.017431e+02	7.919160e+01	4.327741e+01	1.779077e+02
159	4.555874e+00	2.704299e+03	4.519733e+02	4.027917e+02	7.874298e+01	4.372733e+01	1.793991e+02
160	4.584527e+00	2.682084e+03	4.526097e+02	4.036098e+02	7.914693e+01	4.314679e+01	7.931469e-01
161	4.613181e+00	2.699127e+03	4.531953e+02	4.045808e+02	7.943957e+01	4.326100e+01	2.268063e+00
162	4.641834e+00	2.702326e+03	4.534946e+02	4.058014e+02	7.967471e+01	4.318445e+01	3.669128e+00
163	4.670487e+00	2.692704e+03	4.539663e+02	4.068450e+02	7.916672e+01	4.330680e+01	4.877373e+00
164	4.699140e+00	2.696320e+03	4.542211e+02	4.078702e+02	7.907459e+01	4.341547e+01	5.944631e+00
165	4.727794e+00	2.704560e+03	4.546921e+02	4.088310e+02	7.942847e+01	4.335414e+01	6.990880e+00
166	4.756447e+00	2.711075e+03	4.551060e+02	4.097747e+02	7.930443e+01	4.352655e+01	8.588018e+00
167	4.785100e+00	2.697001e+03	4.555049e+02	4.108502e+02	7.916268e+01	4.337813e+01	1.003665e+01
168	4.813754e+00	2.683940e+03	4.556863e+02	4.117638e+02	7.902634e+01	4.324253e+01	1.095738e+01
169	4.842407e+00	2.696055e+03	4.556238e+02	4.128279e+02	7.927621e+01	4.330082e+01	1.172859e+01
170	4.871060e+00	2.695187e+03	4.558831e+02	4.138675e+02	7.899485e+01	4.344104e+01	1.275031e+01
171	4.899713e+00	2.693321e+03	4.563532e+02	4.147566e+02	7.937416e+01	4.320352e+01	1.424824e+01
172	4.928367e+00	2.703169e+03	4.565824e+02	4.159073e+02	7.935245e+01	4.337336e+01	1.610231e+01
173	4.957020e+00	2.694733e+03	4.568128e+02	4.169896e+02	7.908315e+01	4.338523e+01	1.742548e+01
174	4.985673e+00	2.697911e+03	4.567447e+02	4.178810e+02	7.936102e+01	4.328431e+01	1.789696e+01
175	5.014327e+00	2.685555e+03	4.568727e+02	4.189835e+02	7.911310e+01	4.322109e+01	1.857280e+01
176	5.042980e+00	2.678692e+03	4.571145e+02	4.200255e+02	7.893672e+01	4.320697e+01	2.013874e+01
177	5.071633e+00	2.698011e+03	4.573744e+02	4.213187e+02	7.924393e+01	4.334988e+01	2.226168e+01
178	5.100287e+00	2.697576e+03	4.576103e+02	4.224137e+02	7.910603e+01	4.341845e+01	2.361071e+01
179	5.128940e+00	2.703539e+03	4.578115e+02	4.234372e+02	7.944369e+01	4.332947e+01	2.506179e+01
180	5.157593e+00	2.710583e+03	4.579839e+02	4.247048e+02	7.948589e+01	4.341930e+01	2.693585e+01
181	5.186246e+00	2.700198e+03	4.583830e+02	4.259353e+02	7.952028e+01	4.323424e+01	2.886333e+01
182	5.214900e+00	2.704025e+03	4.586508e+02	4.270621e+02	7.950949e+01	4.330139e+01	3.038071e+01
183	5.243553e+00	2.675298e+03	4.586930e+02	4.281658e+02	7.872901e+01	4.326608e+01	3.187933e+01
184	5.272206e+00	2.701690e+03	4.588187e+02	4.293119e+02	7.934879e+01	4.335161e+01	3.362047e+01
185	5.300860e+00	2.683617e+03	4.588941e+02	4.306761e+02	7.914440e+01	4.317282e+01	3.509986e+01
186	5.329513e+00	2.684317e+03	4.589037e+02	4.317984e+02	7.911968e+01	4.319758e+01	3.681187e+01
187	5.358166e+00	2.697169e+03	4.590921e+02	4.330050e+02	7.903160e+01	4.345278e+01	3.891298e+01
188	5.386819e+00	2.694874e+03	4.591650e+02	4.342061e+02	7.946177e+01	4.318077e+01	4.069566e+01
189	5.415473e+00	2.673520e+03	4.591083e+02	4.355639e+02	7.898073e+01	4.309951e+01	4.225254e+01
190	5.444126e+00	2.682977e+03	4.590457e+02	4.367765e+02	7.945542e+01	4.299358e+01	4.402446e+01
191	5.472779e+00	2.679393e+03	4.589329e+02	4.378615e+02	7.907802e+01	4.314105e+01	4.574920e+01
192	5.501433e+00	2.674193e+03	4.587364e+02	4.389085e+02	7.906631e+01	4.306370e+01	4.700749e+01
193	5.530086e+00	2.686252e+03	4.585808e+02	4.401053e+02	7.929329e+01	4.313408e+01	4.866992e+01
194	5.558739e+00	2.686002e+03	4.585093e+02	4.411367e+02	7.954767e+01	4.299213e+01	4.989146e+01
195	5.587393e+00	2.690532e+03	4.583521e+02	4.422933e+02	7.952164e+01	4.307874e+01	5.156220e+01
196	5.616046e+00	2.670499e+03	4.580909e+02	4.434418e+02	7.901625e+01	4.303146e+01	5.304734e+01
197	5.644699e+00	2.676356e+03	4.578456e+02	4.446346e+02	7.903784e+01	4.311407e+01	5.455120e+01
198	5.673352e+00	2.674574e+03	4.575157e+02	4.457656e+02	7.952688e+01	4.282041e+01	5.644188e+01
199	5.702006e+00	2.678235e+03	4.570762e+02	4.468144e+02	7.958121e+01	4.284974e+01	5.806130e+01
200	5.730659e+00	2.673978e+03	4.569008e+02	4.480389e+02	7.939761e+01	4.288057e+01	5.976063e+01
201	5.759312e+00	2.683134e+03	4.567054e+02	4.492825e+02	7.947532e+01	4.298532e+01	6.082994e+01
202	5.787966e+00	2.662133e+03	4.563388e+02	4.504402e+02	7.910091e+01	4.285074e+01	6.204891e+01
203	5.816619e+00	2.669157e+03	4.562482e+02	4.513878e+02	7.947796e+01	4.275998e+01	6.367645e+01
204	5.845272e+00	2.654179e+03	4.557848e+02	4.525610e+02	7.924678e+01	4.264407e+01	6.484502e+01
205	5.873926e+00	2.668831e+03	4.553379e+02	4.536062e+02	7.962159e+01	4.267764e+01	6.666638e+01
206	5.902579e+00	2.657005e+03	4.546696e+02	4.546780e+02	7.929206e+01	4.266510e+01	6.816809e+01
207	5.931232e+00	2.682760e+03	4.542046e+02	4.557115e+02	7.957261e+01	4.292678e+01	6.921120e+01
208	5.959885e+00	2.666287e+03	4.537384e+02	4.566393e+02	7.963811e+01	4.262811e+01	7.069414e+01
209	5.988539e+00	2.657427e+03	4.531079e+02	4.578287e+02	7.919608e+01	4.272359e+01	7.285177e+01
210	6.017192e+00	2.669150e+03	4.524250e+02	4.588374e+02	7.948231e+01	4.275753e+01	7.443630e+01
211	6.045845e+00	2.664836e+03	4.518715e+02	4.597454e+02	7.970199e+01	4.257077e+01	7.615119e+01
212	6.074499e+00	2.675774e+03	4.512657e+02	4.606869e+02	7.978691e+01	4.270000e+01	7.738905e+01
213	6.103152e+00	2.665696e+03	4.504730e+02	4.617768e+02	7.976373e+01	4.255155e+01	7.896957e+01
214	6.131805e+00	2.651355e+03	4.502147e+02	4.627163e+02	7.975838e+01	4.232546e+01	8.046637e+01
215	6.160458e+00	2.660236e+03	4.495337e+02	4.637552e+02	7.994962e+01	4.236565e+01	8.188540e+01
216	6.189112e+00	2.651418e+03	4.487459e+02	4.647704e+02	7.988107e+01	4.226146e+01	8.358352e+01
217	6.217765e+00	2.652976e+03	4.479796e+02	4.657345e+02	7.981089e+01	4.232347e+01	8.476660e+01
218	6.246418e+00	2.653589e+03	4.472476e+02	4.666835e+02	7.975079e+01	4.236515e+01	8.630501e+01
219	6.275072e+00	2.645244e+03	4.465649e+02	4.677100e+02	7.958248e+01	4.232124e+01	8.752953e+01
220	6.303725e+00	2.661338e+03	4.460705e+02	4.685795e+02	8.033353e+01	4.218065e+01	8.862145e+01
221	6.332378e+00	2.645285e+03	4.452741e+02	4.692381e+02	7.962720e+01	4.229812e+01	9.002203e+01
222	6.361032e+00	2.668313e+03	4.446356e+02	4.699288e+02	7.990904e+01	4.251587e+01	9.117352e+01
223	6.389685e+00	2.656147e+03	4.437710e+02	4.707415e+02	7.989603e+01	4.232890e+01	9.229730e+01
224	6.418338e+00	2.659928e+03	4.428410e+02	4.715674e+02	7.976750e+01	4.245747e+01	9.456905e+01
225	6.446991e+00	2.666980e+03	4.421483e+02	4.724006e+02	7.991103e+01	4.249356e+01	9.558102e+01
226	6.475645e+00	2.654469e+03	4.411168e+02	4.733426e+02	7.985088e+01	4.232608e+01	9.723415e+01
227	6.504298e+00	2.661320e+03	4.403406e+02	4.740414e+02	8.037807e+01	4.215699e+01	9.868649e+01
228	6.532951e+00	2.663614e+03	4.394982e+02	4.747214e+02	8.021249e+01	4.228043e+01	9.980616e+01
229	6.561605e+00	2.659363e+03	4.385455e+02	4.753574e+02	7.941366e+01	4.263758e+01	1.010350e+02
230	6.590258e+00	2.655311e+03	4.374216e+02	4.759646e+02	7.986939e+01	4.232969e+01	1.020500e+02
231	6.618911e+00	2.665988e+03	4.364109e+02	4.765546e+02	7.982771e+01	4.252210e+01	1.040453e+02
232	6.647564e+00	2.665820e+03	4.353261e+02	4.770437e+02	7.990266e+01	4.247953e+01	1.057153e+02
233	6.676218e+00	2.669628e+03	4.343677e+02	4.775580e+02	7.993568e+01	4.252264e+01	1.072837e+02
234	6.704871e+00	2.649047e+03	4.333853e+02	4.781761e+02	7.922052e+01	4.257573e+01	1.088541e+02
235	6.733524e+00	2.661013e+03	4.324062e+02	4.787295e+02	7.974115e+01	4.248882e+01	1.103431e+02
236	6.762178e+00	2.654565e+03	4.314380e+02	4.791347e+02	7.983057e+01	4.233839e+01	1.115381e+02
237	6.790831e+00	2.670892e+03	4.303904e+02	4.794394e+02	7.983932e+01	4.259411e+01	1.128567e+02
238	6.819484e+00	2.660306e+03	4.294446e+02	4.796979e+02	7.969344e+01	4.250296e+01	1.143530e+02
239	6.848138e+00	2.662594e+03	4.283996e+02	4.800482e+02	7.946272e+01	4.266302e+01	1.159071e+02
240	6.876791e+00	2.663297e+03	4.273626e+02	4.802833e+02	7.948704e+01	4.266123e+01	1.171486e+02
241	6.905444e+00	2.667182e+03	4.263225e+02	4.805721e+02	7.964428e+01	4.263911e+01	1.186209e+02
242	6.934097e+00	2.657503e+03	4.254152e+02	4.808306e+02	7.938971e+01	4.262061e+01	1.201947e+02
243	6.962751e+00	2.657947e+03	4.243035e+02	4.809736e+02	7.926151e+01	4.269667e+01	1.214579e+02
244	6.991404e+00	2.663371e+03	4.232990e+02	4.812724e+02	7.953923e+01	4.263442e+01	1.230270e+02
245	7.020057e+00	2.659109e+03	4.221831e+02	4.812871e+02	7.925518e+01	4.271877e+01	1.246438e+02
246	7.048711e+00	2.666664e+03	4.210561e+02	4.813929e+02	7.925482e+01	4.284033e+01	1.261562e+02
247	7.077364e+00	2.672291e+03	4.200721e+02	4.813233e+02	7.935487e+01	4.287660e+01	1.275385e+02
248	7.106017e+00	2.664642e+03	4.191202e+02	4.814159e+02	7.918938e+01	4.284320e+01	1.287754e+02
249	7.134670e+00	2.678683e+03	4.182137e+02	4.812943e+02	7.931850e+01	4.299886e+01	1.300133e+02
250	7.163324e+00	2.663003e+03	4.170811e+02	4.812368e+02	7.900777e+01	4.291528e+01	1.320060e+02
251	7.191977e+00	2.682203e+03	4.160816e+02	4.811945e+02	7.908324e+01	4.318344e+01	1.331491e+02
252	7.220630e+00	2.673199e+03	4.151007e+02	4.810994e+02	7.912082e+01	4.301804e+01	1.339316e+02
253	7.249284e+00	2.685885e+03	4.140792e+02	4.810368e+02	7.940232e+01	4.306895e+01	1.352812e+02
254	7.277937e+00	2.669214e+03	4.130737e+02	4.807695e+02	7.914418e+01	4.294123e+01	1.367224e+02
255	7.306590e+00	2.679847e+03	4.121402e+02	4.805987e+02	7.912701e+01	4.312165e+01	1.377013e+02
256	7.335244e+00	2.666672e+03	4.112007e+02	4.804642e+02	7.879640e+01	4.308968e+01	1.391588e+02
257	7.363897e+00	2.666933e+03	4.102264e+02	4.800960e+02	7.867909e+01	4.315816e+01	1.402630e+02
258	7.392550e+00	2.670086e+03	4.093428e+02	4.799123e+02	7.871320e+01	4.319046e+01	1.419902e+02
259	7.421203e+00	2.675725e+03	4.084241e+02	4.796852e+02	7.910478e+01	4.306742e+01	1.432062e+02
260	7.449857e+00	2.675550e+03	4.074735e+02	4.794754e+02	7.889724e+01	4.317788e+01	1.443737e+02
261	7.478510e+00	2.677637e+03	4.067197e+02	4.792249e+02	7.902739e+01	4.314039e+01	1.457024e+02
262	7.507163e+00	2.675964e+03	4.057918e+02	4.787258e+02	7.910348e+01	4.307198e+01	1.473100e+02
263	7.535817e+00	2.671845e+03	4.047348e+02	4.781624e+02	7.888740e+01	4.312347e+01	1.486650e+02
264	7.564470e+00	2.674053e+03	4.038370e+02	4.777111e+02	7.884677e+01	4.318134e+01	1.504310e+02
265	7.593123e+00	2.671080e+03	4.030825e+02	4.774337e+02	7.886303e+01	4.312445e+01	1.520826e+02
266	7.621777e+00	2.678370e+03	4.019824e+02	4.770338e+02	7.893994e+01	4.320001e+01	1.536438e+02
267	7.650430e+00	2.677232e+03	4.010974e+02	4.769189e+02	7.882777e+01	4.324310e+01	1.551801e+02
268	7.679083e+00	2.711201e+03	3.998645e+02	4.764728e+02	7.800182e+01	4.425548e+01	1.561191e+02
269	7.707736e+00	2.680968e+03	3.990703e+02	4.757757e+02	7.883441e+01	4.329980e+01	1.579188e+02
270	7.736390e+00	2.686965e+03	3.983550e+02	4.753033e+02	7.918750e+01	4.320316e+01	1.596634e+02
271	7.765043e+00	2.670866e+03	3.974389e+02	4.747748e+02	7.885871e+01	4.312336e+01	1.609113e+02
272	7.793696e+00	2.680535e+03	3.965794e+02	4.741643e+02	7.850333e+01	4.347539e+01	1.619142e+02
273	7.822350e+00	2.682343e+03	3.956876e+02	4.734091e+02	7.862134e+01	4.343941e+01	1.640010e+02
274	7.851003e+00	2.681422e+03	3.949355e+02	4.725674e+02	7.888383e+01	4.328001e+01	1.651264e+02
275	7.879656e+00	2.677142e+03	3.941855e+02	4.720557e+02	7.882961e+01	4.324065e+01	1.671417e+02
276	7.908309e+00	2.673483e+03	3.932738e+02	4.711390e+02	7.884314e+01	4.317413e+01	1.685639e+02
277	7.936963e+00	2.695108e+03	3.923694e+02	4.704136e+02	7.856045e+01	4.367998e+01	1.704019e+02
278	7.965616e+00	2.699790e+03	3.915972e+02	4.697165e+02	7.879659e+01	4.362473e+01	1.718989e+02
279	7.994269e+00	2.688381e+03	3.908252e+02	4.690511e+02	7.895725e+01	4.335198e+01	1.737177e+02
280	8.022923e+00	2.673570e+03	3.900714e+02	4.683316e+02	7.850030e+01	4.336410e+01	1.753259e+02
281	8.051576e+00	2.679763e+03	3.894311e+02	4.675990e+02	7.877769e+01	4.331150e+01	1.769415e+02
282	8.080229e+00	2.683308e+03	3.884563e+02	4.669985e+02	7.836683e+01	4.359618e+01	1.792742e+02
283	8.108883e+00	2.707931e+03	3.873646e+02	4.660507e+02	7.816874e+01	4.410771e+01	6.713690e-01
284	8.137536e+00	2.656525e+03	3.867812e+02	4.652589e+02	7.834580e+01	4.317260e+01	2.054034e+00
285	8.166189e+00	2.676266e+03	3.861400e+02	4.643088e+02	7.837832e+01	4.347539e+01	3.760025e+00
286	8.194842e+00	2.666561e+03	3.856074e+02	4.635807e+02	7.879593e+01	4.308815e+01	5.009603e+00
287	8.223496e+00	2.672450e+03	3.850326e+02	4.626715e+02	7.866270e+01	4.325645e+01	6.368094e+00
288	8.252149e+00	2.671199e+03	3.843697e+02	4.617842e+02	7.877489e+01	4.317462e+01	7.705064e+00
289	8.280802e+00	2.679831e+03	3.838177e+02	4.609321e+02	7.921507e+01	4.307345e+01	9.062268e+00
290	8.309456e+00	2.669414e+03	3.833104e+02	4.601080e+02	7.879301e+01	4.313585e+01	1.046036e+01
291	8.338109e+00	2.691132e+03	3.827805e+02	4.592212e+02	7.849977e+01	4.364925e+01	1.242047e+01
292	8.366762e+00	2.664705e+03	3.825526e+02	4.583646e+02	7.867165e+01	4.312619e+01	1.335431e+01
293	8.395415e+00	2.673932e+03	3.819544e+02	4.574983e+02	7.865714e+01	4.328350e+01	1.496669e+01
294	8.424069e+00	2.666538e+03	3.816270e+02	4.564655e+02	7.861983e+01	4.318429e+01	1.652686e+01
295	8.452722e+00	2.655289e+03	3.813542e+02	4.553791e+02	7.874206e+01	4.293536e+01	1.806697e+01
296	8.481375e+00	2.662363e+03	3.809244e+02	4.545323e+02	7.875576e+01	4.304226e+01	1.909653e+01
297	8.510029e+00	2.659813e+03	3.807284e+02	4.536421e+02	7.878678e+01	4.298410e+01	2.077458e+01
298	8.538682e+00	2.657279e+03	3.804872e+02	4.527964e+02	7.869157e+01	4.299512e+01	2.212520e+01
299	8.567335e+00	2.653375e+03	3.803141e+02	4.517039e+02	7.846259e+01	4.305724e+01	2.392772e+01
300	8.595989e+00	2.667677e+03	3.801060e+02	4.507621e+02	7.907095e+01	4.295625e+01	2.563457e+01
301	8.624642e+00	2.664102e+03	3.798165e+02	4.498207e+02	7.894114e+01	4.296924e+01	2.746982e+01
302	8.653295e+00	2.697282e+03	3.796094e+02	4.485888e+02	7.899279e+01	4.347594e+01	2.928815e+01
303	8.681948e+00	2.653061e+03	3.797580e+02	4.474945e+02	7.896349e+01	4.277903e+01	3.048837e+01
304	8.710602e+00	2.649181e+03	3.795840e+02	4.466778e+02	7.843285e+01	4.300548e+01	3.176296e+01
305	8.739255e+00	2.667926e+03	3.795481e+02	4.457154e+02	7.915677e+01	4.291369e+01	3.340955e+01
306	8.767908e+00	2.653029e+03	3.795224e+02	4.446761e+02	7.885737e+01	4.283609e+01	3.469733e+01
307	8.796562e+00	2.654048e+03	3.794486e+02	4.435771e+02	7.900701e+01	4.277139e+01	3.632111e+01
308	8.825215e+00	2.647972e+03	3.793031e+02	4.425435e+02	7.887066e+01	4.274723e+01	3.800491e+01
309	8.853868e+00	2.640404e+03	3.792135e+02	4.414588e+02	7.863523e+01	4.275268e+01	3.972847e+01
310	8.882521e+00	2.659403e+03	3.791783e+02	4.403002e+02	7.877078e+01	4.298621e+01	4.111785e+01
311	8.911175e+00	2.658019e+03	3.789439e+02	4.393326e+02	7.876454e+01	4.296724e+01	4.273948e+01
312	8.939828e+00	2.657591e+03	3.791895e+02	4.382339e+02	7.903316e+01	4.281431e+01	4.437032e+01
313	8.968481e+00	2.670223e+03	3.790540e+02	4.371866e+02	7.937917e+01	4.283029e+01	4.562969e+01
314	8.997135e+00	2.661026e+03	3.789916e+02	4.359453e+02	7.900083e+01	4.288718e+01	4.710327e+01
315	9.025788e+00	2.655460e+03	3.788758e+02	4.349268e+02	7.922429e+01	4.267677e+01	4.869463e+01
316	9.054441e+00	2.653553e+03	3.789483e+02	4.338043e+02	7.917934e+01	4.267033e+01	5.045518e+01
317	9.083095e+00	2.656520e+03	3.793431e+02	4.326405e+02	7.919163e+01	4.271141e+01	5.164468e+01
318	9.111748e+00	2.659292e+03	3.795140e+02	4.315969e+02	7.918896e+01	4.275742e+01	5.256723e+01
319	9.140401e+00	2.660089e+03	3.795882e+02	4.306837e+02	7.932071e+01	4.269920e+01	5.469128e+01
320	9.169054e+00	2.664723e+03	3.800770e+02	4.295931e+02	7.925101e+01	4.281119e+01	5.588837e+01
321	9.197708e+00	2.654583e+03	3.803394e+02	4.286842e+02	7.922041e+01	4.266476e+01	5.750757e+01
322	9.226361e+00	2.654906e+03	3.805460e+02	4.277550e+02	7.911378e+01	4.272747e+01	5.905328e+01
323	9.255014e+00	2.653389e+03	3.808586e+02	4.266918e+02	7.920659e+01	4.265302e+01	6.022553e+01
324	9.283668e+00	2.648007e+03	3.811425e+02	4.257118e+02	7.949598e+01	4.241154e+01	6.144649e+01
325	9.312321e+00	2.652233e+03	3.813712e+02	4.247588e+02	7.930364e+01	4.258226e+01	6.291388e+01
326	9.340974e+00	2.656112e+03	3.815783e+02	4.238057e+02	7.972543e+01	4.241893e+01	6.458018e+01
327	9.369628e+00	2.649385e+03	3.819097e+02	4.228109e+02	7.939108e+01	4.248967e+01	6.606608e+01
328	9.398281e+00	2.640529e+03	3.822640e+02	4.217771e+02	7.935378e+01	4.236757e+01	6.749261e+01
329	9.426934e+00	2.643269e+03	3.826224e+02	4.207784e+02	7.924574e+01	4.246935e+01	6.893182e+01
330	9.455587e+00	2.642967e+03	3.830462e+02	4.200203e+02	7.962807e+01	4.226060e+01	7.038000e+01
331	9.484241e+00	2.643850e+03	3.835978e+02	4.191703e+02	7.964793e+01	4.226418e+01	7.149792e+01
332	9.512894e+00	2.646026e+03	3.840757e+02	4.184033e+02	7.973164e+01	4.225455e+01	7.231882e+01
333	9.541547e+00	2.648107e+03	3.846349e+02	4.178209e+02	7.944647e+01	4.243958e+01	7.351769e+01
334	9.570201e+00	2.644373e+03	3.853858e+02	4.170476e+02	7.968214e+01	4.225440e+01	7.436952e+01
335	9.598854e+00	2.646111e+03	3.859399e+02	4.165225e+02	7.987790e+01	4.217855e+01	7.554726e+01
336	9.627507e+00	2.647353e+03	3.864949e+02	4.158990e+02	8.007369e+01	4.209516e+01	7.689778e+01
337	9.656160e+00	2.650956e+03	3.870215e+02	4.151147e+02	7.982460e+01	4.228398e+01	7.751823e+01
338	9.684814e+00	2.652179e+03	3.875967e+02	4.142532e+02	7.969828e+01	4.237054e+01	7.894670e+01
339	9.713467e+00	2.654094e+03	3.883306e+02	4.134593e+02	7.989328e+01	4.229764e+01	8.036040e+01
340	9.742120e+00	2.649492e+03	3.890853e+02	4.127159e+02	7.988988e+01	4.222609e+01	8.192596e+01
341	9.770774e+00	2.655069e+03	3.895662e+02	4.118548e+02	7.992723e+01	4.229521e+01	8.302667e+01
342	9.799427e+00	2.640448e+03	3.902061e+02	4.110813e+02	7.977544e+01	4.214233e+01	8.394018e+01
343	9.828080e+00	2.663770e+03	3.909085e+02	4.102844e+02	8.002336e+01	4.238284e+01	8.533266e+01
344	9.856734e+00	2.651866e+03	3.916332e+02	4.095422e+02	7.972817e+01	4.234966e+01	8.678557e+01
345	9.885387e+00	2.660961e+03	3.921378e+02	4.088772e+02	7.993393e+01	4.238552e+01	8.791695e+01
346	9.914040e+00	2.655942e+03	3.932164e+02	4.080604e+02	8.013623e+01	4.219877e+01	8.938324e+01
347	9.942693e+00	2.648233e+03	3.939967e+02	4.072940e+02	8.014737e+01	4.207044e+01	9.098791e+01
348	9.971347e+00	2.652742e+03	3.948473e+02	4.067266e+02	8.031595e+01	4.205362e+01	9.196609e+01
349	1.000000e+01	2.664562e+03	3.956446e+02	4.061312e+02	8.003966e+01	4.238681e+01	9.272137e+01
350	1.002865e+01	2.651233e+03	3.964911e+02	4.056269e+02	7.955829e+01	4.242996e+01	9.400146e+01
351	1.005731e+01	2.651908e+03	3.974228e+02	4.050242e+02	7.996716e+01	4.222376e+01	9.499563e+01
352	1.008596e+01	2.670988e+03	3.982837e+02	4.044788e+02	7.998360e+01	4.251881e+01	9.661017e+01
353	1.011461e+01	2.659578e+03	3.993022e+02	4.038836e+02	7.986018e+01	4.240260e+01	9.798661e+01
354	1.014327e+01	2.644623e+03	4.000863e+02	4.034148e+02	7.956411e+01	4.232108e+01	9.915623e+01
355	1.017192e+01	2.653822e+03	4.010984e+02	4.028805e+02	7.947155e+01	4.251775e+01	1.008245e+02
356	1.020057e+01	2.646938e+03	4.019044e+02	4.023288e+02	7.969173e+01	4.229028e+01	1.022697e+02
357	1.022923e+01	2.653116e+03	4.026670e+02	4.018818e+02	7.979031e+01	4.233662e+01	1.034319e+02
358	1.025788e+01	2.651794e+03	4.036152e+02	4.014384e+02	7.970987e+01	4.235823e+01	1.045093e+02
359	1.028653e+01	2.655715e+03	4.047164e+02	4.011255e+02	7.965359e+01	4.245082e+01	1.057167e+02
360	1.031519e+01	2.651514e+03	4.058163e+02	4.008387e+02	7.956837e+01	4.242908e+01	1.074604e+02
361	1.034384e+01	2.654084e+03	4.068537e+02	4.004739e+02	7.952383e+01	4.249398e+01	1.091297e+02
362	1.037249e+01	2.652828e+03	4.080209e+02	4.003190e+02	7.971223e+01	4.237349e+01	1.102372e+02
363	1.040115e+01	2.666596e+03	4.090659e+02	4.000179e+02	7.967394e+01	4.261388e+01	1.117978e+02
364	1.042980e+01	2.663751e+03	4.099660e+02	3.999810e+02	7.962530e+01	4.259442e+01	1.129371e+02
365	1.045845e+01	2.660571e+03	4.110089e+02	3.998849e+02	7.981642e+01	4.244169e+01	1.145095e+02
366	1.048711e+01	2.664332e+03	4.120638e+02	3.998430e+02	7.961492e+01	4.260926e+01	1.153893e+02
367	1.051576e+01	2.675134e+03	4.128923e+02	3.998156e+02	7.994115e+01	4.260741e+01	1.163807e+02
368	1.054441e+01	2.681673e+03	4.137733e+02	3.996593e+02	7.980721e+01	4.278325e+01	1.176854e+02
369	1.057307e+01	2.664978e+03	4.147706e+02	3.996418e+02	7.932243e+01	4.277675e+01	1.185283e+02
370	1.060172e+01	2.679872e+03	4.157227e+02	3.995954e+02	7.994100e+01	4.268297e+01	1.198240e+02
371	1.063037e+01	2.669731e+03	4.166445e+02	3.997516e+02	7.955593e+01	4.272726e+01	1.211954e+02
372	1.065903e+01	2.689209e+03	4.175226e+02	3.998048e+02	8.013229e+01	4.272944e+01	1.221506e+02
373	1.068768e+01	2.673850e+03	4.184647e+02	4.000792e+02	7.953829e+01	4.280267e+01	1.234541e+02
374	1.071633e+01	2.677431e+03	4.193218e+02	4.001473e+02	7.955824e+01	4.284924e+01	1.248366e+02
375	1.074499e+01	2.671534e+03	4.203011e+02	4.002732e+02	7.943081e+01	4.282347e+01	1.255069e+02
376	1.077364e+01	2.680463e+03	4.211953e+02	4.004101e+02	7.933678e+01	4.301752e+01	1.268244e+02
377	1.080229e+01	2.674199e+03	4.222574e+02	4.007118e+02	7.944547e+01	4.285828e+01	1.279186e+02
378	1.083095e+01	2.683565e+03	4.232621e+02	4.007899e+02	7.958756e+01	4.293160e+01	1.290839e+02
379	1.085960e+01	2.683790e+03	4.240785e+02	4.009119e+02	7.914674e+01	4.317434e+01	1.299080e+02
380	1.088825e+01	2.683682e+03	4.249902e+02	4.013039e+02	7.961938e+01	4.291631e+01	1.310190e+02
381	1.091691e+01	2.693182e+03	4.259751e+02	4.016381e+02	7.911163e+01	4.334465e+01	1.320329e+02
382	1.094556e+01	2.672855e+03	4.271092e+02	4.017730e+02	7.924109e+01	4.294723e+01	1.339700e+02
383	1.097421e+01	2.681560e+03	4.281649e+02	4.020558e+02	7.939799e+01	4.300195e+01	1.352848e+02
384	1.100287e+01	2.680351e+03	4.292021e+02	4.021853e+02	7.949294e+01	4.293122e+01	1.363730e+02
385	1.103152e+01	2.679193e+03	4.304012e+02	4.025101e+02	7.944750e+01	4.293722e+01	1.380073e+02
386	1.106017e+01	2.677920e+03	4.314515e+02	4.028512e+02	7.923795e+01	4.303031e+01	1.396922e+02
387	1.108883e+01	2.684081e+03	4.326166e+02	4.032592e+02	7.934235e+01	4.307256e+01	1.412371e+02
388	1.111748e+01	2.698973e+03	4.335965e+02	4.034477e+02	7.923823e+01	4.336845e+01	1.427958e+02
389	1.114613e+01	2.693234e+03	4.348355e+02	4.038174e+02	7.948661e+01	4.314101e+01	1.442239e+02
390	1.117479e+01	2.698094e+03	4.360201e+02	4.043376e+02	7.955872e+01	4.317968e+01	1.455810e+02
391	1.120344e+01	2.703178e+03	4.369496e+02	4.046598e+02	7.928699e+01	4.340930e+01	1.469908e+02
392	1.123209e+01	2.677663e+03	4.381494e+02	4.051612e+02	7.894533e+01	4.318566e+01	1.486940e+02
393	1.126074e+01	2.677912e+03	4.390914e+02	4.056754e+02	7.907501e+01	4.311885e+01	1.502994e+02
394	1.128940e+01	2.775428e+03	4.396133e+02	4.064319e+02	7.831903e+01	4.512038e+01	1.516423e+02
395	1.131805e+01	2.674132e+03	4.412174e+02	4.068579e+02	7.917415e+01	4.300407e+01	1.538197e+02
396	1.134670e+01	2.681307e+03	4.421687e+02	4.073960e+02	7.924644e+01	4.308012e+01	1.547598e+02
397	1.137536e+01	2.679951e+03	4.431584e+02	4.079468e+02	7.917467e+01	4.309736e+01	1.566870e+02
398	1.140401e+01	2.685282e+03	4.442267e+02	4.085570e+02	7.932288e+01	4.310240e+01	1.585623e+02
399	1.143266e+01	2.675077e+03	4.450450e+02	4.092350e+02	7.912350e+01	4.304681e+01	1.601192e+02
400	1.146132e+01	2.689809e+03	4.460390e+02	4.100411e+02	7.910120e+01	4.329607e+01	1.611131e+02
401	1.148997e+01	2.689114e+03	4.467874e+02	4.107051e+02	7.923457e+01	4.321202e+01	1.622908e+02
402	1.151862e+01	2.682359e+03	4.477061e+02	4.115378e+02	7.917122e+01	4.313797e+01	1.639545e+02
403	1.154728e+01	2.686692e+03	4.485145e+02	4.122380e+02	7.955739e+01	4.299792e+01	1.655376e+02
404	1.157593e+01	2.671684e+03	4.494974e+02	4.132213e+02	7.882564e+01	4.315466e+01	1.668903e+02
405	1.160458e+01	2.699694e+03	4.503499e+02	4.141064e+02	7.921619e+01	4.339210e+01	1.681823e+02
406	1.163324e+01	2.697245e+03	4.508940e+02	4.148803e+02	7.931831e+01	4.329693e+01	1.695990e+02
407	1.166189e+01	2.696749e+03	4.518639e+02	4.158867e+02	7.943860e+01	4.322342e+01	1.709754e+02
408	1.169054e+01	2.707903e+03	4.526447e+02	4.167748e+02	7.917321e+01	4.354768e+01	1.726423e+02
409	1.171920e+01	2.694385e+03	4.533580e+02	4.176083e+02	7.940969e+01	4.320124e+01	1.744186e+02
410	1.174785e+01	2.695172e+03	4.537661e+02	4.185567e+02	7.919894e+01	4.332886e+01	1.753728e+02
411	1.177650e+01	2.690066e+03	4.542618e+02	4.195985e+02	7.913467e+01	4.328190e+01	1.767187e+02
412	1.180516e+01	2.694094e+03	4.548799e+02	4.206006e+02	7.917937e+01	4.332224e+01	1.780208e+02
413	1.183381e+01	2.686173e+03	4.554442e+02	4.214838e+02	7.874290e+01	4.343428e+01	1.793698e+02
414	1.186246e+01	2.682548e+03	4.562198e+02	4.225209e+02	7.886682e+01	4.330752e+01	1.000546e+00
415	1.189112e+01	2.695414e+03	4.567573e+02	4.234367e+02	7.912789e+01	4.337165e+01	2.892184e+00
416	1.191977e+01	2.696306e+03	4.573306e+02	4.244708e+02	7.903548e+01	4.343674e+01	4.073210e+00
417	1.194842e+01	2.697263e+03	4.579511e+02	4.254643e+02	7.937074e+01	4.326861e+01	5.888018e+00
418	1.197708e+01	2.703362e+03	4.586700e+02	4.264669e+02	7.947870e+01	4.330754e+01	7.678751e+00
419	1.200573e+01	2.684922e+03	4.592264e+02	4.276246e+02	7.892140e+01	4.331587e+01	9.100604e+00
420	1.203438e+01	2.683503e+03	4.598756e+02	4.286824e+02	7.868583e+01	4.342259e+01	1.129342e+01
421	1.206304e+01	2.671553e+03	4.604654e+02	4.298126e+02	7.899619e+01	4.305938e+01	1.242919e+01
422	1.209169e+01	2.668868e+03	4.609458e+02	4.309925e+02	7.900391e+01	4.301191e+01	1.455280e+01
423	1.212034e+01	2.696064e+03	4.613737e+02	4.320609e+02	7.914709e+01	4.337159e+01	1.655999e+01
424	1.214900e+01	2.696392e+03	4.619425e+02	4.331104e+02	7.920874e+01	4.334310e+01	1.861115e+01
425	1.217765e+01	2.685580e+03	4.623630e+02	4.341864e+02	7.910197e+01	4.322758e+01	2.067497e+01
426	1.220630e+01	2.700544e+03	4.627634e+02	4.353828e+02	7.940694e+01	4.330151e+01	2.216330e+01
427	1.223496e+01	2.682487e+03	4.631703e+02	4.367712e+02	7.896788e+01	4.325110e+01	2.418725e+01
428	1.226361e+01	2.690022e+03	4.634808e+02	4.380159e+02	7.952691e+01	4.306772e+01	2.593946e+01
429	1.229226e+01	2.684073e+03	4.638337e+02	4.393539e+02	7.908913e+01	4.321034e+01	2.794423e+01
430	1.232092e+01	2.695440e+03	4.643000e+02	4.405046e+02	7.910699e+01	4.338353e+01	2.964905e+01
431	1.234957e+01	2.699909e+03	4.645877e+02	4.418878e+02	7.951319e+01	4.323347e+01	3.153295e+01
432	1.237822e+01	2.694704e+03	4.648525e+02	4.431436e+02	7.955441e+01	4.312776e+01	3.323137e+01
433	1.240688e+01	2.700073e+03	4.650345e+02	4.444384e+02	7.960368e+01	4.318694e+01	3.477632e+01
434	1.243553e+01	2.676232e+03	4.651654e+02	4.456494e+02	7.880225e+01	4.324095e+01	3.590919e+01
435	1.246418e+01	2.703876e+03	4.653637e+02	4.470793e+02	7.952458e+01	4.329078e+01	3.799620e+01
436	1.249284e+01	2.678343e+03	4.654838e+02	4.485131e+02	7.920043e+01	4.305749e+01	3.979270e+01
437	1.252149e+01	2.687060e+03	4.654955e+02	4.498115e+02	7.924999e+01	4.317061e+01	4.167577e+01
438	1.255014e+01	2.695479e+03	4.656895e+02	4.509834e+02	7.935253e+01	4.324992e+01	4.338050e+01
439	1.257880e+01	2.682090e+03	4.656976e+02	4.523897e+02	7.890903e+01	4.327696e+01	4.504913e+01
440	1.260745e+01	2.671878e+03	4.655975e+02	4.538382e+02	7.888327e+01	4.312627e+01	4.704816e+01
441	1.263610e+01	2.679679e+03	4.655252e+02	4.549292e+02	7.920412e+01	4.307696e+01	4.861287e+01
442	1.266476e+01	2.677667e+03	4.653954e+02	4.562735e+02	7.903952e+01	4.313426e+01	5.045406e+01
443	1.269341e+01	2.674857e+03	4.651680e+02	4.574328e+02	7.873873e+01	4.325360e+01	5.220993e+01
444	1.272206e+01	2.668744e+03	4.647521e+02	4.586645e+02	7.911102e+01	4.295167e+01	5.399982e+01
445	1.275072e+01	2.684084e+03	4.648806e+02	4.598314e+02	7.945325e+01	4.301248e+01	5.545827e+01
446	1.277937e+01	2.668548e+03	4.646780e+02	4.611894e+02	7.926717e+01	4.286391e+01	5.725639e+01
447	1.280802e+01	2.677879e+03	4.646710e+02	4.624662e+02	7.935917e+01	4.296392e+01	5.922334e+01
448	1.283668e+01	2.675274e+03	4.643571e+02	4.638174e+02	7.961613e+01	4.278360e+01	6.132077e+01
449	1.286533e+01	2.674923e+03	4.643469e+02	4.649938e+02	7.927583e+01	4.296161e+01	6.297295e+01
450	1.289398e+01	2.675085e+03	4.638094e+02	4.662494e+02	7.912217e+01	4.304766e+01	6.466373e+01
451	1.292264e+01	2.668840e+03	4.633327e+02	4.676235e+02	7.935487e+01	4.282123e+01	6.718372e+01
452	1.295129e+01	2.664922e+03	4.629732e+02	4.688644e+02	7.927354e+01	4.280223e+01	6.903142e+01
453	1.297994e+01	2.656560e+03	4.624510e+02	4.701793e+02	7.947913e+01	4.255754e+01	7.111050e+01
454	1.300860e+01	2.656747e+03	4.618555e+02	4.714542e+02	7.918906e+01	4.271644e+01	7.274976e+01
455	1.303725e+01	2.649064e+03	4.614356e+02	4.725142e+02	7.942875e+01	4.246439e+01	7.463238e+01
456	1.306590e+01	2.666233e+03	4.610650e+02	4.737480e+02	7.980270e+01	4.253933e+01	7.618732e+01
457	1.309456e+01	2.653528e+03	4.603212e+02	4.749454e+02	7.960052e+01	4.244415e+01	7.828133e+01
458	1.312321e+01	2.670713e+03	4.596972e+02	4.760761e+02	8.005204e+01	4.247809e+01	7.948564e+01
459	1.315186e+01	2.656332e+03	4.591602e+02	4.771341e+02	7.954982e+01	4.251609e+01	8.102819e+01
460	1.318052e+01	2.658177e+03	4.584734e+02	4.782030e+02	7.961987e+01	4.250819e+01	8.276806e+01
461	1.320917e+01	2.660957e+03	4.580929e+02	4.792449e+02	7.984459e+01	4.243288e+01	8.425227e+01
462	1.323782e+01	2.656617e+03	4.573837e+02	4.802127e+02	7.987136e+01	4.234947e+01	8.540279e+01
463	1.326648e+01	2.660859e+03	4.566401e+02	4.812752e+02	7.988490e+01	4.240990e+01	8.677776e+01
464	1.329513e+01	2.656358e+03	4.558906e+02	4.821597e+02	7.984455e+01	4.235956e+01	8.852401e+01
465	1.332378e+01	2.652274e+03	4.550991e+02	4.830316e+02	7.993170e+01	4.224832e+01	9.026144e+01
466	1.335244e+01	2.654859e+03	4.544254e+02	4.838226e+02	7.974300e+01	4.238958e+01	9.156580e+01
467	1.338109e+01	2.655446e+03	4.536699e+02	4.845184e+02	7.984851e+01	4.234292e+01	9.277835e+01
468	1.340974e+01	2.654846e+03	4.527105e+02	4.852383e+02	7.996332e+01	4.227258e+01	9.447561e+01
469	1.343840e+01	2.651836e+03	4.517211e+02	4.860966e+02	7.977406e+01	4.232481e+01	9.654460e+01
470	1.346705e+01	2.657653e+03	4.508276e+02	4.868922e+02	7.996300e+01	4.231744e+01	9.817969e+01
471	1.349570e+01	2.646391e+03	4.498304e+02	4.876462e+02	7.980156e+01	4.222335e+01	1.003927e+02
472	1.352436e+01	2.651232e+03	4.489638e+02	4.883912e+02	7.986922e+01	4.226477e+01	1.018459e+02
473	1.355301e+01	2.651093e+03	4.479196e+02	4.891319e+02	7.992852e+01	4.223119e+01	1.034024e+02
474	1.358166e+01	2.644942e+03	4.469317e+02	4.899005e+02	7.947992e+01	4.237101e+01	1.053992e+02
475	1.361032e+01	2.660124e+03	4.459716e+02	4.905462e+02	8.001823e+01	4.232755e+01	1.068314e+02
476	1.363897e+01	2.653536e+03	4.448749e+02	4.910994e+02	7.951617e+01	4.248931e+01	1.085998e+02
477	1.366762e+01	2.666080e+03	4.438873e+02	4.916579e+02	7.962369e+01	4.263252e+01	1.109707e+02
478	1.369628e+01	2.654684e+03	4.428834e+02	4.923314e+02	7.941938e+01	4.255949e+01	1.125812e+02
479	1.372493e+01	2.656239e+03	4.419241e+02	4.930171e+02	7.960947e+01	4.248274e+01	1.142696e+02
480	1.375358e+01	2.668207e+03	4.406905e+02	4.935095e+02	7.982476e+01	4.255906e+01	1.162363e+02
481	1.378223e+01	2.654106e+03	4.395058e+02	4.939842e+02	7.953183e+01	4.249006e+01	1.175537e+02
482	1.381089e+01	2.666813e+03	4.385132e+02	4.945671e+02	7.960331e+01	4.265516e+01	1.194209e+02
483	1.383954e+01	2.673502e+03	4.373421e+02	4.949930e+02	7.951864e+01	4.280768e+01	1.212216e+02
484	1.386819e+01	2.668130e+03	4.361103e+02	4.952473e+02	7.924621e+01	4.286853e+01	1.226984e+02
485	1.389685e+01	2.657335e+03	4.349916e+02	4.957514e+02	7.913824e+01	4.275334e+01	1.250122e+02
486	1.392550e+01	2.656962e+03	4.339043e+02	4.960708e+02	7.923851e+01	4.269324e+01	1.261089e+02
487	1.395415e+01	2.667475e+03	4.329230e+02	4.963447e+02	7.942999e+01	4.275885e+01	1.278331e+02
488	1.398281e+01	2.667177e+03	4.317757e+02	4.965194e+02	7.909146e+01	4.293707e+01	1.300055e+02
489	1.401146e+01	2.669612e+03	4.305388e+02	4.967169e+02	7.898449e+01	4.303448e+01	1.319058e+02
490	1.404011e+01	2.663417e+03	4.292839e+02	4.968805e+02	7.897186e+01	4.294147e+01	1.335959e+02
491	1.406877e+01	2.679366e+03	4.281762e+02	4.969233e+02	7.913210e+01	4.311115e+01	1.351251e+02
492	1.409742e+01	2.676921e+03	4.270234e+02	4.969426e+02	7.903748e+01	4.312337e+01	1.369819e+02
493	1.412607e+01	2.685646e+03	4.257562e+02	4.969226e+02	7.913805e+01	4.320892e+01	1.388075e+02
494	1.415473e+01	2.680366e+03	4.248324e+02	4.970363e+02	7.923096e+01	4.307341e+01	1.403687e+02
495	1.418338e+01	2.678778e+03	4.238095e+02	4.969754e+02	7.909001e+01	4.312461e+01	1.412425e+02
496	1.421203e+01	2.673650e+03	4.227673e+02	4.970387e+02	7.903445e+01	4.307232e+01	1.430419e+02
497	1.424069e+01	2.706082e+03	4.212501e+02	4.967850e+02	7.888894e+01	4.367521e+01	1.440988e+02
498	1.426934e+01	2.713637e+03	4.201763e+02	4.967472e+02	7.903946e+01	4.371374e+01	1.450614e+02
499	1.429799e+01	2.664250e+03	4.193258e+02	4.965094e+02	7.858413e+01	4.316684e+01	1.477261e+02
500	1.432665e+01	2.673214e+03	4.182685e+02	4.963443e+02	7.885239e+01	4.316473e+01	1.495337e+02
501	1.435530e+01	2.674693e+03	4.172487e+02	4.959744e+02	7.875124e+01	4.324408e+01	1.509449e+02
502	1.438395e+01	2.661479e+03	4.161081e+02	4.955835e+02	7.851215e+01	4.316147e+01	1.529579e+02
503	1.441261e+01	2.667357e+03	4.150656e+02	4.953669e+02	7.876680e+01	4.311695e+01	1.546448e+02
504	1.444126e+01	2.658790e+03	4.139118e+02	4.950381e+02	7.808789e+01	4.335213e+01	1.563026e+02
505	1.446991e+01	2.673292e+03	4.129306e+02	4.943679e+02	7.858860e+01	4.331088e+01	1.579841e+02
506	1.449857e+01	2.683150e+03	4.120367e+02	4.940363e+02	7.871986e+01	4.339810e+01	1.594713e+02
507	1.452722e+01	2.679371e+03	4.110806e+02	4.934397e+02	7.887697e+01	4.325067e+01	1.617466e+02
508	1.455587e+01	2.661365e+03	4.102295e+02	4.930657e+02	7.833637e+01	4.325648e+01	1.629283e+02
509	1.458453e+01	2.669082e+03	4.092451e+02	4.923675e+02	7.856422e+01	4.325609e+01	1.645390e+02
510	1.461318e+01	2.671856e+03	4.081680e+02	4.918241e+02	7.867562e+01	4.323974e+01	1.662937e+02
511	1.464183e+01	2.675006e+03	4.073152e+02	4.911839e+02	7.889999e+01	4.316760e+01	1.680138e+02
512	1.467049e+01	2.675097e+03	4.062340e+02	4.904753e+02	7.837917e+01	4.345592e+01	1.695655e+02
513	1.469914e+01	2.668820e+03	4.056021e+02	4.898388e+02	7.870575e+01	4.317406e+01	1.711630e+02
514	1.472779e+01	2.676143e+03	4.046411e+02	4.891779e+02	7.885532e+01	4.321041e+01	1.727545e+02
515	1.475645e+01	2.675115e+03	4.035915e+02	4.883328e+02	7.861144e+01	4.332782e+01	1.746074e+02
516	1.478510e+01	2.677475e+03	4.027775e+02	4.876139e+02	7.870840e+01	4.331262e+01	1.762289e+02
517	1.481375e+01	2.657783e+03	4.018607e+02	4.869639e+02	7.831905e+01	4.320780e+01	1.782867e+02
518	1.484241e+01	2.666317e+03	4.013263e+02	4.860341e+02	7.842467e+01	4.328817e+01	1.268816e-01
519	1.487106e+01	2.666465e+03	4.004865e+02	4.852993e+02	7.841884e+01	4.329379e+01	1.596659e+00
520	1.489971e+01	2.669783e+03	3.997284e+02	4.843156e+02	7.868987e+01	4.319836e+01	3.934419e+00
521	1.492837e+01	2.664222e+03	3.991605e+02	4.834262e+02	7.828560e+01	4.333099e+01	5.213078e+00
522	1.495702e+01	2.659296e+03	3.984130e+02	4.822653e+02	7.846512e+01	4.315193e+01	7.825482e+00
523	1.498567e+01	2.660774e+03	3.978237e+02	4.813611e+02	7.839711e+01	4.321336e+01	9.155641e+00
524	1.501433e+01	2.651424e+03	3.971857e+02	4.804630e+02	7.832586e+01	4.310069e+01	1.028340e+01
525	1.504298e+01	2.661870e+03	3.967555e+02	4.794611e+02	7.884435e+01	4.298594e+01	1.196751e+01
526	1.507163e+01	2.660943e+03	3.964066e+02	4.784914e+02	7.872566e+01	4.303575e+01	1.327470e+01
527	1.510029e+01	2.648685e+03	3.960953e+02	4.775960e+02	7.827095e+01	4.308636e+01	1.480457e+01
528	1.512894e+01	2.662592e+03	3.955328e+02	4.764302e+02	7.851074e+01	4.318031e+01	1.644676e+01
529	1.515759e+01	2.671647e+03	3.950441e+02	4.754311e+02	7.856781e+01	4.329568e+01	1.759166e+01
530	1.518625e+01	2.646162e+03	3.946781e+02	4.744242e+02	7.815179e+01	4.311096e+01	1.956954e+01
531	1.521490e+01	2.666335e+03	3.942248e+02	4.732804e+02	7.853667e+01	4.322672e+01	2.161487e+01
532	1.524355e+01	2.673961e+03	3.937364e+02	4.721346e+02	7.889980e+01	4.315084e+01	2.363260e+01
533	1.527221e+01	2.659997e+03	3.933344e+02	4.711243e+02	7.868339e+01	4.304356e+01	2.477871e+01
534	1.530086e+01	2.668659e+03	3.929117e+02	4.699176e+02	7.901049e+01	4.300494e+01	2.658114e+01
535	1.532951e+01	2.661346e+03	3.924163e+02	4.687402e+02	7.863723e+01	4.309066e+01	2.834359e+01
536	1.535817e+01	2.657127e+03	3.921240e+02	4.675323e+02	7.880198e+01	4.293241e+01	2.998055e+01
537	1.538682e+01	2.645922e+03	3.918944e+02	4.663978e+02	7.834277e+01	4.300195e+01	3.189507e+01
538	1.541547e+01	2.651733e+03	3.917982e+02	4.654476e+02	7.844623e+01	4.303956e+01	3.334580e+01
539	1.544413e+01	2.656789e+03	3.916541e+02	4.644974e+02	7.873967e+01	4.296092e+01	3.476265e+01
540	1.547278e+01	2.641354e+03	3.916767e+02	4.633458e+02	7.840281e+01	4.289485e+01	3.684649e+01
541	1.550143e+01	2.653361e+03	3.915193e+02	4.621155e+02	7.845182e+01	4.306291e+01	3.877284e+01
542	1.553009e+01	2.668585e+03	3.913433e+02	4.611211e+02	7.894037e+01	4.304195e+01	4.026805e+01
543	1.555874e+01	2.663086e+03	3.912747e+02	4.599206e+02	7.878619e+01	4.303731e+01	4.212034e+01
544	1.558739e+01	2.684187e+03	3.911505e+02	4.588763e+02	7.912383e+01	4.319323e+01	4.429722e+01
545	1.561605e+01	2.661829e+03	3.914647e+02	4.578141e+02	7.902814e+01	4.288531e+01	4.518219e+01
546	1.564470e+01	2.662036e+03	3.915689e+02	4.567194e+02	7.892928e+01	4.294236e+01	4.684092e+01
547	1.567335e+01	2.690416e+03	3.913030e+02	4.557607e+02	7.960199e+01	4.303341e+01	4.881109e+01
548	1.570201e+01	2.684217e+03	3.916529e+02	4.545614e+02	7.962534e+01	4.292165e+01	4.994354e+01
549	1.573066e+01	2.665239e+03	3.917387e+02	4.535866e+02	7.920981e+01	4.284177e+01	5.185178e+01
550	1.575931e+01	2.661469e+03	3.918484e+02	4.524333e+02	7.914739e+01	4.281490e+01	5.362915e+01
551	1.578797e+01	2.672097e+03	3.920434e+02	4.514077e+02	7.950667e+01	4.279162e+01	5.504845e+01
552	1.581662e+01	2.664464e+03	3.923700e+02	4.503669e+02	7.927677e+01	4.279313e+01	5.693120e+01
553	1.584527e+01	2.663189e+03	3.925433e+02	4.494890e+02	7.907678e+01	4.288082e+01	5.854525e+01
554	1.587393e+01	2.660445e+03	3.926984e+02	4.485063e+02	7.911585e+01	4.281549e+01	5.968909e+01
555	1.590258e+01	2.659573e+03	3.931194e+02	4.474846e+02	7.942332e+01	4.263575e+01	6.126563e+01
556	1.593123e+01	2.673905e+03	3.933936e+02	4.464720e+02	7.986759e+01	4.262707e+01	6.272174e+01
557	1.595989e+01	2.662676e+03	3.935829e+02	4.453970e+02	7.929334e+01	4.275547e+01	6.459904e+01
558	1.598854e+01	2.660384e+03	3.936357e+02	4.444547e+02	7.967184e+01	4.251572e+01	6.547615e+01
559	1.601719e+01	2.655520e+03	3.938419e+02	4.433620e+02	7.952409e+01	4.251685e+01	6.677126e+01
560	1.604585e+01	2.661145e+03	3.942104e+02	4.422172e+02	7.951205e+01	4.261336e+01	6.822820e+01
561	1.607450e+01	2.665927e+03	3.946088e+02	4.411413e+02	7.978817e+01	4.254219e+01	6.962366e+01
562	1.610315e+01	2.656768e+03	3.948159e+02	4.400258e+02	7.999839e+01	4.228462e+01	7.127584e+01
563	1.613181e+01	2.650886e+03	3.952850e+02	4.390582e+02	7.967937e+01	4.235993e+01	7.322285e+01
564	1.616046e+01	2.661200e+03	3.957117e+02	4.380618e+02	7.966071e+01	4.253471e+01	7.487045e+01
565	1.618911e+01	2.647304e+03	3.962849e+02	4.370101e+02	7.975832e+01	4.226083e+01	7.654324e+01
566	1.621777e+01	2.659613e+03	3.969392e+02	4.360208e+02	7.981858e+01	4.242527e+01	7.793085e+01
567	1.624642e+01	2.641556e+03	3.975092e+02	4.349109e+02	7.960170e+01	4.225204e+01	7.985410e+01
568	1.627507e+01	2.636663e+03	3.981487e+02	4.339929e+02	7.983632e+01	4.204983e+01	8.118494e+01
569	1.630372e+01	2.642962e+03	3.987075e+02	4.330870e+02	7.971471e+01	4.221458e+01	8.294437e+01
570	1.633238e+01	2.649046e+03	3.995410e+02	4.321744e+02	7.984439e+01	4.224305e+01	8.438610e+01
571	1.636103e+01	2.647486e+03	4.001832e+02	4.312050e+02	7.979775e+01	4.224285e+01	8.568317e+01
572	1.638968e+01	2.651447e+03	4.008167e+02	4.303353e+02	7.989743e+01	4.225326e+01	8.713499e+01
573	1.641834e+01	2.653475e+03	4.013921e+02	4.296610e+02	7.997932e+01	4.224228e+01	8.809013e+01
574	1.644699e+01	2.651935e+03	4.021331e+02	4.288527e+02	7.981333e+01	4.230557e+01	8.914272e+01
575	1.647564e+01	2.641439e+03	4.026580e+02	4.281113e+02	7.944234e+01	4.233492e+01	9.020007e+01
576	1.650430e+01	2.650117e+03	4.035452e+02	4.272794e+02	7.964948e+01	4.236353e+01	9.168552e+01
577	1.653295e+01	2.646411e+03	4.045298e+02	4.266538e+02	7.965950e+01	4.229897e+01	9.315363e+01
578	1.656160e+01	2.643101e+03	4.053727e+02	4.260190e+02	7.999245e+01	4.207023e+01	9.450702e+01
579	1.659026e+01	2.646368e+03	4.061792e+02	4.254656e+02	7.974939e+01	4.225061e+01	9.588183e+01
580	1.661891e+01	2.649082e+03	4.071913e+02	4.249043e+02	8.002671e+01	4.214738e+01	9.734116e+01
581	1.664756e+01	2.659121e+03	4.079953e+02	4.244345e+02	7.987643e+01	4.238670e+01	9.841216e+01
582	1.667622e+01	2.675514e+03	4.088333e+02	4.239572e+02	8.037182e+01	4.238514e+01	9.976553e+01
583	1.670487e+01	2.664038e+03	4.096857e+02	4.234064e+02	8.033765e+01	4.222129e+01	1.006057e+02
584	1.673352e+01	2.665179e+03	4.107512e+02	4.229179e+02	8.011947e+01	4.235439e+01	1.013693e+02
585	1.676218e+01	2.656787e+03	4.117700e+02	4.224003e+02	7.991760e+01	4.232768e+01	1.027290e+02
586	1.679083e+01	2.665936e+03	4.128743e+02	4.220580e+02	8.045760e+01	4.218837e+01	1.040807e+02
587	1.681948e+01	2.661299e+03	4.136269e+02	4.214989e+02	7.991271e+01	4.240216e+01	1.055987e+02
588	1.684814e+01	2.663069e+03	4.147634e+02	4.212163e+02	8.014013e+01	4.230995e+01	1.067135e+02
589	1.687679e+01	2.668280e+03	4.155567e+02	4.210042e+02	7.993305e+01	4.250256e+01	1.079217e+02
590	1.690544e+01	2.662836e+03	4.164743e+02	4.208553e+02	7.980910e+01	4.248172e+01	1.088378e+02
591	1.693410e+01	2.660425e+03	4.174117e+02	4.204335e+02	7.993708e+01	4.237531e+01	1.097520e+02
592	1.696275e+01	2.661608e+03	4.184715e+02	4.200880e+02	7.941832e+01	4.267107e+01	1.108937e+02
593	1.699140e+01	2.658445e+03	4.196347e+02	4.200012e+02	7.954230e+01	4.255392e+01	1.125736e+02
594	1.702006e+01	2.685777e+03	4.204094e+02	4.199103e+02	7.972868e+01	4.289093e+01	1.130124e+02
595	1.704871e+01	2.679903e+03	4.215755e+02	4.198548e+02	7.980106e+01	4.275832e+01	1.147328e+02
596	1.707736e+01	2.667940e+03	4.225898e+02	4.197582e+02	7.963264e+01	4.265746e+01	1.161789e+02
597	1.710602e+01	2.665272e+03	4.237177e+02	4.196321e+02	7.950132e+01	4.268520e+01	1.173675e+02
598	1.713467e+01	2.691573e+03	4.244146e+02	4.195043e+02	7.958773e+01	4.305961e+01	1.173685e+02
599	1.716332e+01	2.653584e+03	4.258494e+02	4.194073e+02	7.928313e+01	4.261496e+01	1.199887e+02
600	1.719198e+01	2.670062e+03	4.271875e+02	4.193368e+02	7.948319e+01	4.277167e+01	1.215779e+02
601	1.722063e+01	2.675783e+03	4.281469e+02	4.191937e+02	7.931646e+01	4.295342e+01	1.228843e+02
602	1.724928e+01	2.689274e+03	4.293710e+02	4.192231e+02	7.975993e+01	4.292995e+01	1.246361e+02
603	1.727794e+01	2.677062e+03	4.303990e+02	4.190690e+02	7.950395e+01	4.287260e+01	1.260962e+02
604	1.730659e+01	2.714392e+03	4.314079e+02	4.189808e+02	8.029705e+01	4.304107e+01	1.275368e+02
605	1.733524e+01	2.690657e+03	4.327184e+02	4.190453e+02	7.957173e+01	4.305361e+01	1.289931e+02
606	1.736390e+01	2.677744e+03	4.338538e+02	4.191977e+02	7.945054e+01	4.291235e+01	1.305704e+02
607	1.739255e+01	2.688837e+03	4.350556e+02	4.193042e+02	7.947985e+01	4.307423e+01	1.320351e+02
608	1.742120e+01	2.687638e+03	4.361026e+02	4.193278e+02	7.950091e+01	4.304362e+01	1.333229e+02
609	1.744986e+01	2.689704e+03	4.372795e+02	4.194940e+02	7.927298e+01	4.320057e+01	1.349024e+02
610	1.747851e+01	2.690546e+03	4.384241e+02	4.195414e+02	7.969135e+01	4.298722e+01	1.364432e+02
611	1.750716e+01	2.696854e+03	4.397373e+02	4.199160e+02	7.946873e+01	4.320871e+01	1.380276e+02
612	1.753582e+01	2.690682e+03	4.408638e+02	4.202204e+02	7.944743e+01	4.312138e+01	1.393557e+02
613	1.756447e+01	2.690027e+03	4.419305e+02	4.204542e+02	7.943915e+01	4.311538e+01	1.410185e+02
614	1.759312e+01	2.685780e+03	4.431970e+02	4.209485e+02	7.931359e+01	4.311545e+01	1.425123e+02
615	1.762178e+01	2.692851e+03	4.442552e+02	4.213014e+02	7.948546e+01	4.313549e+01	1.436508e+02
616	1.765043e+01	2.686802e+03	4.452534e+02	4.218022e+02	7.936271e+01	4.310517e+01	1.452335e+02
617	1.767908e+01	2.706089e+03	4.462599e+02	4.220849e+02	7.971118e+01	4.322480e+01	1.467982e+02
618	1.770774e+01	2.696414e+03	4.473925e+02	4.226091e+02	7.962560e+01	4.311654e+01	1.487147e+02
619	1.773639e+01	2.697957e+03	4.485946e+02	4.234053e+02	7.946627e+01	4.322771e+01	1.504337e+02
620	1.776504e+01	2.694134e+03	4.497730e+02	4.238935e+02	7.953884e+01	4.312708e+01	1.518401e+02
621	1.779370e+01	2.686172e+03	4.508120e+02	4.244062e+02	7.938754e+01	4.308158e+01	1.533791e+02
622	1.782235e+01	2.708408e+03	4.518371e+02	4.252608e+02	7.962789e+01	4.330709e+01	1.543849e+02
623	1.785100e+01	2.692969e+03	4.527514e+02	4.257178e+02	7.922190e+01	4.328089e+01	1.560349e+02
624	1.787966e+01	2.702945e+03	4.538385e+02	4.264729e+02	7.922673e+01	4.343858e+01	1.576077e+02
625	1.790831e+01	2.696904e+03	4.546342e+02	4.271186e+02	7.959822e+01	4.313921e+01	1.590957e+02
626	1.793696e+01	2.704539e+03	4.557707e+02	4.278972e+02	7.952003e+01	4.330387e+01	1.608531e+02
627	1.796562e+01	2.767496e+03	4.563516e+02	4.288893e+02	7.807871e+01	4.512991e+01	1.616945e+02
628	1.799427e+01	2.702539e+03	4.576832e+02	4.293924e+02	7.934048e+01	4.336979e+01	1.636159e+02
629	1.802292e+01	2.701418e+03	4.586380e+02	4.305940e+02	7.942521e+01	4.330555e+01	1.649716e+02
630	1.805158e+01	2.692154e+03	4.595407e+02	4.312421e+02	7.932680e+01	4.321058e+01	1.662748e+02
631	1.808023e+01	2.701602e+03	4.605033e+02	4.320548e+02	7.940993e+01	4.331683e+01	1.678653e+02
632	1.810888e+01	2.709651e+03	4.614310e+02	4.328041e+02	7.887978e+01	4.373788e+01	1.690945e+02
633	1.813754e+01	2.705393e+03	4.623752e+02	4.340155e+02	7.874525e+01	4.374377e+01	1.713925e+02
634	1.816619e+01	2.683563e+03	4.633520e+02	4.347930e+02	7.901972e+01	4.324007e+01	1.730813e+02
635	1.819484e+01	2.699809e+03	4.641559e+02	4.356743e+02	7.921496e+01	4.339462e+01	1.743484e+02
636	1.822350e+01	2.689404e+03	4.649575e+02	4.367007e+02	7.924649e+01	4.321019e+01	1.762782e+02
637	1.825215e+01	2.703849e+03	4.656043e+02	4.376459e+02	7.941336e+01	4.335098e+01	1.782996e+02
638	1.828080e+01	2.698103e+03	4.663233e+02	4.388557e+02	7.918172e+01	4.338542e+01	1.794332e+02
639	1.830946e+01	2.722311e+03	4.668857e+02	4.397608e+02	7.951960e+01	4.358868e+01	1.468962e+00
640	1.833811e+01	2.695440e+03	4.675435e+02	4.407419e+02	7.939465e+01	4.322635e+01	3.050060e+00
641	1.836676e+01	2.690334e+03	4.684397e+02	4.418688e+02	7.939384e+01	4.314491e+01	4.750830e+00
642	1.839542e+01	2.698007e+03	4.690374e+02	4.430685e+02	7.912847e+01	4.341306e+01	6.655234e+00
643	1.842407e+01	2.697115e+03	4.697889e+02	4.440585e+02	7.929504e+01	4.330755e+01	8.380063e+00
644	1.845272e+01	2.700404e+03	4.704091e+02	4.452457e+02	7.947421e+01	4.326261e+01	1.017724e+01
645	1.848138e+01	2.692893e+03	4.711385e+02	4.461416e+02	7.964627e+01	4.304907e+01	1.200144e+01
646	1.851003e+01	2.720418e+03	4.714481e+02	4.472540e+02	7.917062e+01	4.375036e+01	1.373295e+01
647	1.853868e+01	2.695552e+03	4.721588e+02	4.484991e+02	7.944796e+01	4.319913e+01	1.588710e+01
648	1.856734e+01	2.710127e+03	4.726059e+02	4.499803e+02	7.967085e+01	4.331120e+01	1.782552e+01
649	1.859599e+01	2.698414e+03	4.732618e+02	4.511738e+02	7.946924e+01	4.323343e+01	1.914516e+01
650	1.862464e+01	2.697525e+03	4.737763e+02	4.524103e+02	7.910417e+01	4.341864e+01	2.099396e+01
651	1.865330e+01	2.700944e+03	4.742122e+02	4.537541e+02	7.911320e+01	4.346872e+01	2.233506e+01
652	1.868195e+01	2.701626e+03	4.748081e+02	4.547930e+02	7.927506e+01	4.339091e+01	2.460613e+01
653	1.871060e+01	2.704378e+03	4.751282e+02	4.559579e+02	7.928809e+01	4.342798e+01	2.612391e+01
654	1.873926e+01	2.693058e+03	4.754133e+02	4.572816e+02	7.914252e+01	4.332574e+01	2.770227e+01
655	1.876791e+01	2.702816e+03	4.756905e+02	4.585521e+02	7.952682e+01	4.327261e+01	2.959436e+01
656	1.879656e+01	2.700733e+03	4.758907e+02	4.597378e+02	7.942868e+01	4.329268e+01	3.106330e+01
657	1.882521e+01	2.686906e+03	4.761813e+02	4.610149e+02	7.904596e+01	4.327957e+01	3.273195e+01
658	1.885387e+01	2.693475e+03	4.764579e+02	4.622387e+02	7.926784e+01	4.326394e+01	3.454739e+01
659	1.888252e+01	2.688533e+03	4.764800e+02	4.637933e+02	7.897432e+01	4.334506e+01	3.624091e+01
660	1.891117e+01	2.692633e+03	4.768161e+02	4.649440e+02	7.918996e+01	4.329294e+01	3.769917e+01
661	1.893983e+01	2.699837e+03	4.769527e+02	4.662434e+02	7.941264e+01	4.328705e+01	3.935008e+01
662	1.896848e+01	2.696592e+03	4.770383e+02	4.677161e+02	7.910311e+01	4.340421e+01	4.123666e+01
663	1.899713e+01	2.690517e+03	4.771815e+02	4.690091e+02	7.896782e+01	4.338061e+01	4.303995e+01
664	1.902579e+01	2.693161e+03	4.772281e+02	4.703828e+02	7.923285e+01	4.327800e+01	4.497576e+01
665	1.905444e+01	2.669146e+03	4.770045e+02	4.719725e+02	7.878748e+01	4.313455e+01	4.650142e+01
666	1.908309e+01	2.672470e+03	4.768756e+02	4.732294e+02	7.871541e+01	4.322780e+01	4.829635e+01
667	1.911175e+01	2.684439e+03	4.767699e+02	4.746824e+02	7.907521e+01	4.322383e+01	5.036008e+01
668	1.914040e+01	2.688397e+03	4.767647e+02	4.759621e+02	7.958206e+01	4.301187e+01	5.231845e+01
669	1.916905e+01	2.676893e+03	4.765286e+02	4.773512e+02	7.933282e+01	4.296237e+01	5.433144e+01
670	1.919771e+01	2.682599e+03	4.764264e+02	4.785563e+02	7.926115e+01	4.309288e+01	5.601093e+01
671	1.922636e+01	2.680281e+03	4.761914e+02	4.798395e+02	7.919720e+01	4.309040e+01	5.847783e+01
672	1.925501e+01	2.679062e+03	4.760900e+02	4.810143e+02	7.909528e+01	4.312632e+01	6.018717e+01
673	1.928367e+01	2.686895e+03	4.756850e+02	4.822227e+02	7.939056e+01	4.309154e+01	6.190548e+01
674	1.931232e+01	2.686228e+03	4.752037e+02	4.834015e+02	7.944427e+01	4.305171e+01	6.373867e+01
675	1.934097e+01	2.698921e+03	4.746054e+02	4.847011e+02	8.004814e+01	4.292883e+01	6.602037e+01
676	1.936963e+01	2.679932e+03	4.743629e+02	4.856301e+02	7.925613e+01	4.305276e+01	6.769839e+01
677	1.939828e+01	2.667277e+03	4.737902e+02	4.868438e+02	7.963646e+01	4.264482e+01	6.927863e+01
678	1.942693e+01	2.677115e+03	4.732320e+02	4.880127e+02	7.966648e+01	4.278598e+01	7.094942e+01
679	1.945559e+01	2.670692e+03	4.727068e+02	4.892397e+02	7.979451e+01	4.261484e+01	7.262507e+01
680	1.948424e+01	2.669487e+03	4.722053e+02	4.903159e+02	7.984888e+01	4.256660e+01	7.462363e+01
681	1.951289e+01	2.671180e+03	4.715898e+02	4.915251e+02	7.984559e+01	4.259536e+01	7.648922e+01
682	1.954155e+01	2.678843e+03	4.708107e+02	4.926981e+02	8.003075e+01	4.261872e+01	7.787598e+01
683	1.957020e+01	2.668785e+03	4.704337e+02	4.937553e+02	7.984697e+01	4.255643e+01	7.978889e+01
684	1.959885e+01	2.671713e+03	4.697381e+02	4.947461e+02	8.004004e+01	4.250037e+01	8.162584e+01
685	1.962751e+01	2.673038e+03	4.689505e+02	4.956592e+02	8.008379e+01	4.249820e+01	8.323433e+01
686	1.965616e+01	2.658291e+03	4.682294e+02	4.967371e+02	7.959989e+01	4.252068e+01	8.485042e+01
687	1.968481e+01	2.656854e+03	4.674315e+02	4.977494e+02	7.989748e+01	4.233940e+01	8.643147e+01
688	1.971347e+01	2.667397e+03	4.667019e+02	4.987034e+02	7.996975e+01	4.246899e+01	8.799074e+01
689	1.974212e+01	2.666023e+03	4.659095e+02	4.995562e+02	8.003145e+01	4.241441e+01	8.960880e+01
690	1.977077e+01	2.674137e+03	4.651433e+02	5.004806e+02	8.001398e+01	4.255278e+01	9.150176e+01
691	1.979943e+01	2.657326e+03	4.642507e+02	5.014806e+02	7.997507e+01	4.230585e+01	9.313215e+01
692	1.982808e+01	2.676401e+03	4.634956e+02	5.024196e+02	8.014851e+01	4.251732e+01	9.506580e+01
693	1.985673e+01	2.673847e+03	4.625839e+02	5.031574e+02	8.027868e+01	4.240787e+01	9.616237e+01
694	1.988539e+01	2.672657e+03	4.617820e+02	5.039730e+02	8.004118e+01	4.251477e+01	9.719438e+01
695	1.991404e+01	2.671231e+03	4.609759e+02	5.047475e+02	8.000849e+01	4.250945e+01	9.879707e+01
696	1.994269e+01	2.666902e+03	4.602239e+02	5.054936e+02	8.009682e+01	4.239375e+01	1.001172e+02
697	1.997135e+01	2.671212e+03	4.592778e+02	5.061543e+02	8.009341e+01	4.246408e+01	1.019877e+02
698	2.000000e+01	2.658955e+03	4.584304e+02	5.068777e+02	7.971469e+01	4.247004e+01	1.035706e+02
699	2.002865e+01	2.663447e+03	4.573330e+02	5.076064e+02	7.990253e+01	4.244178e+01	1.051361e+02
700	2.005731e+01	2.666532e+03	4.564323e+02	5.081626e+02	7.985642e+01	4.251548e+01	1.067839e+02
701	2.008596e+01	2.664755e+03	4.553464e+02	5.085110e+02	8.020782e+01	4.230101e+01	1.083674e+02
702	2.011461e+01	2.655180e+03	4.541992e+02	5.090429e+02	7.978410e+01	4.237285e+01	1.100209e+02
703	2.014327e+01	2.657462e+03	4.531919e+02	5.094497e+02	7.959012e+01	4.251264e+01	1.114906e+02
704	2.017192e+01	2.652715e+03	4.522629e+02	5.100605e+02	7.931249e+01	4.258525e+01	1.132570e+02
705	2.020057e+01	2.666896e+03	4.510354e+02	5.104788e+02	7.966374e+01	4.262413e+01	1.149361e+02
706	2.022923e+01	2.670065e+03	4.500810e+02	5.109156e+02	7.989655e+01	4.255043e+01	1.162768e+02
707	2.025788e+01	2.666670e+03	4.489931e+02	5.112780e+02	7.955513e+01	4.267870e+01	1.184185e+02
708	2.028653e+01	2.663473e+03	4.476778e+02	5.115441e+02	7.982698e+01	4.248237e+01	1.199192e+02
709	2.031519e+01	2.678978e+03	4.467276e+02	5.116578e+02	8.001543e+01	4.262904e+01	1.212714e+02
710	2.034384e+01	2.667554e+03	4.457588e+02	5.119079e+02	7.969527e+01	4.261779e+01	1.229340e+02
711	2.037249e+01	2.683995e+03	4.443015e+02	5.121530e+02	7.982880e+01	4.280872e+01	1.244873e+02
712	2.040115e+01	2.675555e+03	4.432837e+02	5.123861e+02	7.934041e+01	4.293679e+01	1.266695e+02
713	2.042980e+01	2.668075e+03	4.419756e+02	5.124553e+02	7.934833e+01	4.281248e+01	1.284808e+02
714	2.045845e+01	2.672400e+03	4.408729e+02	5.126515e+02	7.940406e+01	4.285178e+01	1.308909e+02
715	2.048711e+01	2.671053e+03	4.395402e+02	5.125704e+02	7.929270e+01	4.289034e+01	1.326076e+02
716	2.051576e+01	2.675405e+03	4.384592e+02	5.126531e+02	7.935429e+01	4.292688e+01	1.344492e+02
717	2.054441e+01	2.688231e+03	4.371349e+02	5.126277e+02	7.938908e+01	4.311375e+01	1.368553e+02
718	2.057307e+01	2.678258e+03	4.359695e+02	5.126780e+02	7.909568e+01	4.311315e+01	1.386311e+02
719	2.060172e+01	2.662869e+03	4.349258e+02	5.126914e+02	7.881546e+01	4.301783e+01	1.399801e+02
720	2.063037e+01	2.676192e+03	4.336679e+02	5.123940e+02	7.870538e+01	4.329353e+01	1.416788e+02
721	2.065903e+01	2.681373e+03	4.326361e+02	5.122762e+02	7.906482e+01	4.318014e+01	1.438691e+02
722	2.068768e+01	2.679902e+03	4.314495e+02	5.120074e+02	7.892960e+01	4.323039e+01	1.454208e+02
723	2.071633e+01	2.673007e+03	4.301827e+02	5.117339e+02	7.893648e+01	4.311541e+01	1.470460e+02
724	2.074499e+01	2.690290e+03	4.291337e+02	5.114822e+02	7.872135e+01	4.351276e+01	1.491055e+02
725	2.077364e+01	2.679202e+03	4.279646e+02	5.110566e+02	7.883211e+01	4.327254e+01	1.508443e+02
726	2.080229e+01	2.688779e+03	4.269313e+02	5.108820e+02	7.884205e+01	4.342176e+01	1.526299e+02
727	2.083095e+01	2.674546e+03	4.258277e+02	5.104685e+02	7.857442e+01	4.333900e+01	1.539904e+02
728	2.085960e+01	2.661776e+03	4.246897e+02	5.100198e+02	7.839253e+01	4.323215e+01	1.559951e+02
729	2.088825e+01	2.670248e+03	4.235488e+02	5.097240e+02	7.864242e+01	4.323196e+01	1.571732e+02
730	2.091691e+01	2.669092e+03	4.223845e+02	5.093246e+02	7.851527e+01	4.328322e+01	1.587312e+02
731	2.094556e+01	2.661285e+03	4.215047e+02	5.087991e+02	7.874556e+01	4.303040e+01	1.601888e+02
732	2.097421e+01	2.665951e+03	4.204209e+02	5.081799e+02	7.863407e+01	4.316697e+01	1.622835e+02
733	2.100287e+01	2.672233e+03	4.195332e+02	5.075361e+02	7.841844e+01	4.338766e+01	1.640269e+02
734	2.103152e+01	2.675788e+03	4.185893e+02	5.068282e+02	7.886527e+01	4.319924e+01	1.656507e+02
735	2.106017e+01	2.673698e+03	4.175097e+02	5.061229e+02	7.872346e+01	4.324324e+01	1.672276e+02
736	2.108883e+01	2.675943e+03	4.166151e+02	5.055004e+02	7.847370e+01	4.341731e+01	1.687333e+02
737	2.111748e+01	2.664172e+03	4.159371e+02	5.049102e+02	7.833674e+01	4.330190e+01	1.705819e+02
738	2.114613e+01	2.674538e+03	4.150562e+02	5.041924e+02	7.840356e+01	4.343333e+01	1.719126e+02
739	2.117479e+01	2.687437e+03	4.140180e+02	5.033506e+02	7.826719e+01	4.371885e+01	1.733180e+02
740	2.120344e+01	2.667366e+03	4.132609e+02	5.027369e+02	7.841824e+01	4.330875e+01	1.753404e+02
741	2.123209e+01	2.680807e+03	4.121973e+02	5.019319e+02	7.851652e+01	4.347251e+01	1.770409e+02
742	2.126074e+01	2.677085e+03	4.113887e+02	5.011429e+02	7.871839e+01	4.330082e+01	1.787061e+02
743	2.128940e+01	2.669476e+03	4.105729e+02	5.003304e+02	7.863969e+01	4.322095e+01	1.860015e-02
744	2.131805e+01	2.671366e+03	4.096419e+02	4.995996e+02	7.860791e+01	4.326905e+01	1.937958e+00
745	2.134670e+01	2.655861e+03	4.089562e+02	4.985302e+02	7.837498e+01	4.314576e+01	3.668190e+00
746	2.137536e+01	2.660906e+03	4.081261e+02	4.977591e+02	7.819666e+01	4.332629e+01	5.329404e+00
747	2.140401e+01	2.669607e+03	4.073412e+02	4.968947e+02	7.838303e+01	4.336460e+01	6.944692e+00
748	2.143266e+01	2.663431e+03	4.065609e+02	4.960819e+02	7.854401e+01	4.317560e+01	8.448689e+00
749	2.146132e+01	2.654548e+03	4.059125e+02	4.951286e+02	7.811981e+01	4.326528e+01	1.029427e+01
750	2.148997e+01	2.672356e+03	4.050797e+02	4.943608e+02	7.873358e+01	4.321599e+01	1.161136e+01
751	2.151862e+01	2.655793e+03	4.045351e+02	4.933029e+02	7.828584e+01	4.319377e+01	1.279712e+01
752	2.154728e+01	2.657446e+03	4.039605e+02	4.923284e+02	7.864853e+01	4.302134e+01	1.451374e+01
753	2.157593e+01	2.653042e+03	4.033069e+02	4.915074e+02	7.859650e+01	4.297848e+01	1.575118e+01
754	2.160458e+01	2.664919e+03	4.028295e+02	4.904688e+02	7.875930e+01	4.308165e+01	1.735983e+01
755	2.163324e+01	2.676744e+03	4.023441e+02	4.894319e+02	7.909697e+01	4.308808e+01	1.935101e+01
756	2.166189e+01	2.660722e+03	4.019630e+02	4.885271e+02	7.875907e+01	4.301393e+01	2.054384e+01
757	2.169054e+01	2.702253e+03	4.011526e+02	4.874919e+02	7.815264e+01	4.402430e+01	2.276359e+01
758	2.171920e+01	2.646846e+03	4.012435e+02	4.861729e+02	7.831876e+01	4.303017e+01	2.351019e+01
759	2.174785e+01	2.643953e+03	4.007634e+02	4.851611e+02	7.840347e+01	4.293669e+01	2.530246e+01
760	2.177650e+01	2.656629e+03	4.002807e+02	4.841179e+02	7.838908e+01	4.315046e+01	2.738667e+01
761	2.180516e+01	2.659680e+03	3.999059e+02	4.829966e+02	7.857819e+01	4.309604e+01	2.901949e+01
762	2.183381e+01	2.658755e+03	3.998036e+02	4.817490e+02	7.852224e+01	4.311177e+01	3.024745e+01
763	2.186246e+01	2.659600e+03	3.995607e+02	4.808765e+02	7.851519e+01	4.312933e+01	3.204226e+01
764	2.189112e+01	2.663954e+03	3.995253e+02	4.797882e+02	7.869882e+01	4.309915e+01	3.363141e+01
765	2.191977e+01	2.656414e+03	3.995046e+02	4.786618e+02	7.840292e+01	4.313935e+01	3.511312e+01
766	2.194842e+01	2.650616e+03	3.993554e+02	4.775484e+02	7.823014e+01	4.314027e+01	3.666711e+01
767	2.197708e+01	2.667600e+03	3.990684e+02	4.763431e+02	7.878574e+01	4.311052e+01	3.812978e+01
768	2.200573e+01	2.657316e+03	3.988818e+02	4.753009e+02	7.862144e+01	4.303406e+01	3.999873e+01
769	2.203438e+01	2.675070e+03	3.987288e+02	4.741160e+02	7.901204e+01	4.310741e+01	4.107734e+01
770	2.206304e+01	2.660353e+03	3.986877e+02	4.729849e+02	7.864404e+01	4.307087e+01	4.288750e+01
771	2.209169e+01	2.658503e+03	3.984557e+02	4.718273e+02	7.865292e+01	4.303606e+01	4.479575e+01
772	2.212034e+01	2.662662e+03	3.984167e+02	4.705294e+02	7.899187e+01	4.291842e+01	4.673203e+01
773	2.214900e+01	2.652066e+03	3.984689e+02	4.694754e+02	7.878938e+01	4.285749e+01	4.823717e+01
774	2.217765e+01	2.659686e+03	3.985001e+02	4.682298e+02	7.900545e+01	4.286309e+01	5.007501e+01
775	2.220630e+01	2.660528e+03	3.985771e+02	4.670663e+02	7.873962e+01	4.302140e+01	5.165232e+01
776	2.223496e+01	2.655944e+03	3.986993e+02	4.659265e+02	7.884998e+01	4.288717e+01	5.398003e+01
777	2.226361e+01	2.659815e+03	3.987385e+02	4.647123e+02	7.909534e+01	4.281646e+01	5.545623e+01
778	2.229226e+01	2.656817e+03	3.989641e+02	4.635793e+02	7.906165e+01	4.278642e+01	5.738206e+01
779	2.232092e+01	2.664175e+03	3.991588e+02	4.625872e+02	7.940790e+01	4.271783e+01	5.888715e+01
780	2.234957e+01	2.660793e+03	3.992935e+02	4.615153e+02	7.915125e+01	4.280194e+01	6.080338e+01
781	2.237822e+01	2.657479e+03	3.997381e+02	4.603699e+02	7.938622e+01	4.262211e+01	6.254792e+01
782	2.240688e+01	2.652568e+03	4.001410e+02	4.593190e+02	7.957159e+01	4.244422e+01	6.426965e+01
783	2.243553e+01	2.660075e+03	4.005221e+02	4.583127e+02	7.946041e+01	4.262390e+01	6.527031e+01
784	2.246418e+01	2.668416e+03	4.008549e+02	4.572561e+02	7.960577e+01	4.267947e+01	6.661269e+01
785	2.249284e+01	2.676131e+03	4.011310e+02	4.561470e+02	7.998271e+01	4.260115e+01	6.806088e+01
786	2.252149e+01	2.647317e+03	4.015367e+02	4.552567e+02	7.943493e+01	4.243309e+01	6.953794e+01
787	2.255014e+01	2.665052e+03	4.020268e+02	4.541451e+02	7.970547e+01	4.257235e+01	7.087119e+01
788	2.257880e+01	2.640210e+03	4.022780e+02	4.533538e+02	7.941949e+01	4.232739e+01	7.247833e+01
789	2.260745e+01	2.658755e+03	4.025306e+02	4.523362e+02	7.955347e+01	4.255291e+01	7.381721e+01
790	2.263610e+01	2.660715e+03	4.029399e+02	4.513577e+02	7.996184e+01	4.236681e+01	7.546161e+01
791	2.266476e+01	2.669988e+03	4.031759e+02	4.504631e+02	7.985293e+01	4.257245e+01	7.680447e+01
792	2.269341e+01	2.663989e+03	4.037186e+02	4.494300e+02	7.970196e+01	4.255725e+01	7.786501e+01
793	2.272206e+01	2.663004e+03	4.040840e+02	4.485042e+02	7.962749e+01	4.258130e+01	7.997434e+01
794	2.275072e+01	2.661175e+03	4.044137e+02	4.474755e+02	7.992922e+01	4.239142e+01	8.153584e+01
795	2.277937e+01	2.652033e+03	4.050627e+02	4.463260e+02	7.941756e+01	4.251797e+01	8.340707e+01
796	2.280802e+01	2.659953e+03	4.057195e+02	4.454998e+02	7.976488e+01	4.245926e+01	8.482710e+01
797	2.283668e+01	2.663625e+03	4.065389e+02	4.447096e+02	8.002895e+01	4.237757e+01	8.613563e+01
798	2.286533e+01	2.656498e+03	4.072338e+02	4.438436e+02	7.978831e+01	4.239165e+01	8.753056e+01
799	2.289398e+01	2.653913e+03	4.079361e+02	4.429742e+02	7.978091e+01	4.235432e+01	8.939186e+01
