1	2.862869e-02	2.556725e+03	4.258154e+02	3.419220e+02	7.918082e+01	4.111252e+01	1.130274e+02
2	5.725737e-02	2.546095e+03	4.259166e+02	3.418730e+02	7.891628e+01	4.107883e+01	1.128027e+02
3	8.588606e-02	2.541735e+03	4.260347e+02	3.417818e+02	7.878251e+01	4.107813e+01	1.123843e+02
4	1.145147e-01	2.553702e+03	4.263562e+02	3.417640e+02	7.860334e+01	4.136560e+01	1.115734e+02
5	1.431434e-01	2.537621e+03	4.263348e+02	3.417504e+02	7.863544e+01	4.108833e+01	1.111963e+02
6	1.717721e-01	2.554396e+03	4.266233e+02	3.417180e+02	7.931400e+01	4.100610e+01	1.105156e+02
7	2.004008e-01	2.529425e+03	4.267781e+02	3.415459e+02	7.846709e+01	4.104351e+01	1.100342e+02
8	2.290295e-01	2.529275e+03	4.268390e+02	3.415969e+02	7.886951e+01	4.083166e+01	1.101717e+02
9	2.576582e-01	2.540269e+03	4.270150e+02	3.415040e+02	7.905158e+01	4.091470e+01	1.097774e+02
10	2.862869e-01	2.538911e+03	4.270679e+02	3.413933e+02	7.917297e+01	4.083012e+01	1.091356e+02
11	3.149155e-01	2.540749e+03	4.272396e+02	3.413381e+02	7.886343e+01	4.102005e+01	1.087560e+02
12	3.435442e-01	2.547648e+03	4.275533e+02	3.413287e+02	7.868265e+01	4.122594e+01	1.080064e+02
13	3.721729e-01	2.546613e+03	4.277483e+02	3.411867e+02	7.899052e+01	4.104856e+01	1.076538e+02
14	4.008016e-01	2.543350e+03	4.276807e+02	3.410849e+02	7.915624e+01	4.091015e+01	1.076036e+02
15	4.294303e-01	2.546454e+03	4.279328e+02	3.410493e+02	7.895117e+01	4.106647e+01	1.070289e+02
16	4.580590e-01	2.559880e+03	4.281813e+02	3.409740e+02	7.896190e+01	4.127739e+01	1.063157e+02
17	4.866877e-01	2.564387e+03	4.281598e+02	3.409322e+02	7.913208e+01	4.126114e+01	1.063302e+02
18	5.153163e-01	2.552192e+03	4.282935e+02	3.408885e+02	7.905538e+01	4.110474e+01	1.057861e+02
19	5.439450e-01	2.554488e+03	4.285977e+02	3.407943e+02	7.921402e+01	4.105934e+01	1.050148e+02
20	5.725737e-01	2.544071e+03	4.287592e+02	3.408005e+02	7.874685e+01	4.113450e+01	1.045210e+02
21	6.012024e-01	2.544949e+03	4.287286e+02	3.406328e+02	7.878976e+01	4.112627e+01	1.047295e+02
22	6.298311e-01	2.554836e+03	4.287301e+02	3.406809e+02	7.909283e+01	4.112785e+01	1.042954e+02
23	6.584598e-01	2.529647e+03	4.289653e+02	3.405173e+02	7.837891e+01	4.109328e+01	1.041589e+02
24	6.870885e-01	2.537346e+03	4.291503e+02	3.404230e+02	7.883911e+01	4.097775e+01	1.036873e+02
25	7.157171e-01	2.543205e+03	4.291520e+02	3.403036e+02	7.895266e+01	4.101329e+01	1.031561e+02
26	7.443458e-01	2.538660e+03	4.293250e+02	3.402567e+02	7.882996e+01	4.100372e+01	1.026779e+02
27	7.729745e-01	2.535974e+03	4.293005e+02	3.402227e+02	7.860630e+01	4.107690e+01	1.029684e+02
28	8.016032e-01	2.538465e+03	4.296129e+02	3.401391e+02	7.837152e+01	4.124041e+01	1.024681e+02
29	8.302319e-01	2.539178e+03	4.297204e+02	3.401663e+02	7.892680e+01	4.096178e+01	1.022118e+02
30	8.588606e-01	2.530833e+03	4.298324e+02	3.400622e+02	7.870222e+01	4.094365e+01	1.018104e+02
31	8.874893e-01	2.543815e+03	4.299870e+02	3.398778e+02	7.910282e+01	4.094526e+01	1.010056e+02
32	9.161180e-01	2.524497e+03	4.300568e+02	3.398267e+02	7.830222e+01	4.104979e+01	1.005805e+02
33	9.447466e-01	2.543296e+03	4.303106e+02	3.397418e+02	7.899489e+01	4.099284e+01	1.003202e+02
34	9.733753e-01	2.527104e+03	4.302289e+02	3.397346e+02	7.890396e+01	4.077880e+01	1.002730e+02
35	1.002004e+00	2.541421e+03	4.306465e+02	3.397211e+02	7.907365e+01	4.092183e+01	9.951705e+01
36	1.030633e+00	2.518102e+03	4.306100e+02	3.396428e+02	7.903815e+01	4.056454e+01	9.939165e+01
37	1.059261e+00	2.543863e+03	4.307465e+02	3.394525e+02	7.866603e+01	4.117339e+01	9.899636e+01
38	1.087890e+00	2.550042e+03	4.308387e+02	3.393343e+02	7.951915e+01	4.083059e+01	9.877688e+01
39	1.116519e+00	2.509052e+03	4.307531e+02	3.393476e+02	7.856378e+01	4.066282e+01	9.876177e+01
40	1.145147e+00	2.536611e+03	4.309483e+02	3.391749e+02	7.894936e+01	4.090867e+01	9.824338e+01
41	1.173776e+00	2.539907e+03	4.314115e+02	3.390118e+02	7.877186e+01	4.105413e+01	9.741242e+01
42	1.202405e+00	2.545821e+03	4.311702e+02	3.390216e+02	7.917252e+01	4.094147e+01	9.743352e+01
43	1.231033e+00	2.523623e+03	4.312729e+02	3.388954e+02	7.863123e+01	4.086387e+01	9.678490e+01
44	1.259662e+00	2.535549e+03	4.314282e+02	3.387892e+02	7.929234e+01	4.071466e+01	9.601069e+01
45	1.288291e+00	2.537261e+03	4.316416e+02	3.387897e+02	7.931438e+01	4.073083e+01	9.630051e+01
46	1.316920e+00	2.522876e+03	4.316312e+02	3.385937e+02	7.901835e+01	4.065164e+01	9.588996e+01
47	1.345548e+00	2.544983e+03	4.317312e+02	3.385377e+02	7.928222e+01	4.087137e+01	9.547359e+01
48	1.374177e+00	2.537289e+03	4.318844e+02	3.385095e+02	7.909121e+01	4.084621e+01	9.533948e+01
49	1.402806e+00	2.531993e+03	4.319932e+02	3.383525e+02	7.903390e+01	4.079051e+01	9.449549e+01
50	1.431434e+00	2.522945e+03	4.320384e+02	3.383348e+02	7.854739e+01	4.089650e+01	9.422846e+01
51	1.460063e+00	2.520816e+03	4.320543e+02	3.381957e+02	7.898556e+01	4.063530e+01	9.384453e+01
52	1.488692e+00	2.524936e+03	4.320692e+02	3.379673e+02	7.839156e+01	4.101014e+01	9.315903e+01
53	1.517320e+00	2.531991e+03	4.323120e+02	3.379389e+02	7.849448e+01	4.107080e+01	9.313686e+01
54	1.545949e+00	2.528239e+03	4.323499e+02	3.377835e+02	7.837130e+01	4.107439e+01	9.281457e+01
55	1.574578e+00	2.529347e+03	4.325852e+02	3.378264e+02	7.892221e+01	4.080556e+01	9.235712e+01
56	1.603206e+00	2.529207e+03	4.326118e+02	3.376503e+02	7.850254e+01	4.102143e+01	9.201918e+01
57	1.631835e+00	2.520546e+03	4.326496e+02	3.375978e+02	7.869029e+01	4.078341e+01	9.154015e+01
58	1.660464e+00	2.517892e+03	4.328602e+02	3.374438e+02	7.868064e+01	4.074546e+01	9.107829e+01
59	1.689092e+00	2.542107e+03	4.331761e+02	3.373223e+02	7.914557e+01	4.089568e+01	9.041000e+01
60	1.717721e+00	2.535053e+03	4.332373e+02	3.372143e+02	7.924438e+01	4.073133e+01	8.997820e+01
61	1.746350e+00	2.527764e+03	4.330964e+02	3.371225e+02	7.916447e+01	4.065523e+01	8.998586e+01
62	1.774979e+00	2.514741e+03	4.331970e+02	3.371279e+02	7.884563e+01	4.060933e+01	8.964941e+01
63	1.803607e+00	2.513976e+03	4.332887e+02	3.369149e+02	7.892200e+01	4.055769e+01	8.919035e+01
64	1.832236e+00	2.535695e+03	4.336763e+02	3.367482e+02	7.926398e+01	4.073158e+01	8.793123e+01
65	1.860865e+00	2.506517e+03	4.335611e+02	3.366650e+02	7.863828e+01	4.058325e+01	8.832571e+01
66	1.889493e+00	2.525722e+03	4.337970e+02	3.364436e+02	7.891279e+01	4.075193e+01	8.762077e+01
67	1.918122e+00	2.518240e+03	4.340562e+02	3.362704e+02	7.881179e+01	4.068329e+01	8.685625e+01
68	1.946751e+00	2.522862e+03	4.341145e+02	3.361599e+02	7.904027e+01	4.064013e+01	8.626485e+01
69	1.975379e+00	2.520027e+03	4.339956e+02	3.360938e+02	7.914303e+01	4.054177e+01	8.613155e+01
70	2.004008e+00	2.506414e+03	4.340122e+02	3.360375e+02	7.867448e+01	4.056291e+01	8.632581e+01
71	2.032637e+00	2.511861e+03	4.342099e+02	3.358224e+02	7.889131e+01	4.053933e+01	8.547796e+01
72	2.061265e+00	2.520979e+03	4.344756e+02	3.357223e+02	7.885073e+01	4.070742e+01	8.491986e+01
73	2.089894e+00	2.514753e+03	4.343797e+02	3.355674e+02	7.862662e+01	4.072263e+01	8.504215e+01
74	2.118523e+00	2.530201e+03	4.345994e+02	3.353983e+02	7.919099e+01	4.068079e+01	8.421407e+01
75	2.147151e+00	2.518180e+03	4.346004e+02	3.353365e+02	7.901181e+01	4.057932e+01	8.407740e+01
76	2.175780e+00	2.507351e+03	4.345500e+02	3.352732e+02	7.870650e+01	4.056155e+01	8.329369e+01
77	2.204409e+00	2.522888e+03	4.347831e+02	3.350958e+02	7.899071e+01	4.066607e+01	8.287273e+01
78	2.233038e+00	2.516551e+03	4.346492e+02	3.349940e+02	7.897307e+01	4.057298e+01	8.275761e+01
79	2.261666e+00	2.522796e+03	4.349990e+02	3.348662e+02	7.900160e+01	4.065896e+01	8.217852e+01
80	2.290295e+00	2.520999e+03	4.349888e+02	3.347171e+02	7.902435e+01	4.061831e+01	8.174951e+01
81	2.318924e+00	2.511360e+03	4.350767e+02	3.347104e+02	7.877989e+01	4.058856e+01	8.187000e+01
82	2.347552e+00	2.508904e+03	4.350908e+02	3.346621e+02	7.864678e+01	4.061751e+01	8.161361e+01
83	2.376181e+00	2.528411e+03	4.353713e+02	3.344180e+02	7.915083e+01	4.067263e+01	8.060544e+01
84	2.404810e+00	2.540223e+03	4.354214e+02	3.342271e+02	7.931816e+01	4.077644e+01	8.026173e+01
85	2.433438e+00	2.531766e+03	4.353347e+02	3.341665e+02	7.897657e+01	4.081647e+01	7.975246e+01
86	2.462067e+00	2.531609e+03	4.355320e+02	3.339561e+02	7.929203e+01	4.065156e+01	7.938589e+01
87	2.490696e+00	2.515173e+03	4.355468e+02	3.339159e+02	7.887519e+01	4.060108e+01	7.885875e+01
88	2.519324e+00	2.530641e+03	4.357761e+02	3.335943e+02	7.889842e+01	4.083875e+01	7.843755e+01
89	2.547953e+00	2.536777e+03	4.357495e+02	3.335686e+02	7.895882e+01	4.090645e+01	7.816403e+01
90	2.576582e+00	2.522454e+03	4.357453e+02	3.335061e+02	7.894174e+01	4.068428e+01	7.794041e+01
91	2.605210e+00	2.511638e+03	4.359156e+02	3.333560e+02	7.902131e+01	4.046904e+01	7.786321e+01
92	2.633839e+00	2.519595e+03	4.359620e+02	3.331479e+02	7.881497e+01	4.070353e+01	7.706050e+01
93	2.662468e+00	2.513686e+03	4.360766e+02	3.331016e+02	7.926041e+01	4.037986e+01	7.686440e+01
94	2.691096e+00	2.523893e+03	4.361549e+02	3.329719e+02	7.905301e+01	4.065020e+01	7.630699e+01
95	2.719725e+00	2.517218e+03	4.363412e+02	3.327060e+02	7.863134e+01	4.076011e+01	7.527259e+01
96	2.748354e+00	2.499920e+03	4.361958e+02	3.326436e+02	7.856912e+01	4.051206e+01	7.512504e+01
97	2.776983e+00	2.527865e+03	4.364160e+02	3.324781e+02	7.902038e+01	4.073098e+01	7.492605e+01
98	2.805611e+00	2.510391e+03	4.364334e+02	3.323005e+02	7.838695e+01	4.077629e+01	7.436439e+01
99	2.834240e+00	2.523772e+03	4.365682e+02	3.322163e+02	7.894911e+01	4.070174e+01	7.372964e+01
100	2.862869e+00	2.520110e+03	4.366096e+02	3.318950e+02	7.868591e+01	4.077863e+01	7.339551e+01
101	2.891497e+00	2.517390e+03	4.367191e+02	3.318302e+02	7.844101e+01	4.086180e+01	7.298566e+01
102	2.920126e+00	2.537611e+03	4.371880e+02	3.314256e+02	7.882281e+01	4.099051e+01	7.203901e+01
103	2.948755e+00	2.543692e+03	4.371455e+02	3.313181e+02	7.856852e+01	4.122172e+01	7.184980e+01
104	2.977383e+00	2.529143e+03	4.369962e+02	3.312573e+02	7.856800e+01	4.098621e+01	7.145818e+01
105	3.006012e+00	2.535980e+03	4.372328e+02	3.310950e+02	7.889095e+01	4.092878e+01	7.104552e+01
106	3.034641e+00	2.539480e+03	4.372397e+02	3.309132e+02	7.874609e+01	4.106066e+01	7.035327e+01
107	3.063269e+00	2.514568e+03	4.372729e+02	3.308786e+02	7.840509e+01	4.083468e+01	7.045418e+01
108	3.091898e+00	2.534075e+03	4.371211e+02	3.307830e+02	7.888141e+01	4.090298e+01	7.010892e+01
109	3.120527e+00	2.555800e+03	4.376292e+02	3.304885e+02	7.888995e+01	4.124918e+01	6.932864e+01
110	3.149155e+00	2.534360e+03	4.375417e+02	3.304464e+02	7.875942e+01	4.097093e+01	6.921509e+01
111	3.177784e+00	2.522163e+03	4.372914e+02	3.303921e+02	7.863174e+01	4.083997e+01	6.910139e+01
112	3.206413e+00	2.528220e+03	4.375109e+02	3.302854e+02	7.825761e+01	4.113376e+01	6.856137e+01
113	3.235042e+00	2.540240e+03	4.375498e+02	3.300317e+02	7.854502e+01	4.117809e+01	6.797237e+01
114	3.263670e+00	2.521815e+03	4.375176e+02	3.300722e+02	7.845801e+01	4.092475e+01	6.764897e+01
115	3.292299e+00	2.530898e+03	4.376187e+02	3.297517e+02	7.865014e+01	4.097182e+01	6.732883e+01
116	3.320928e+00	2.511320e+03	4.374893e+02	3.297974e+02	7.786917e+01	4.106261e+01	6.709772e+01
117	3.349556e+00	2.531151e+03	4.377606e+02	3.294492e+02	7.811242e+01	4.125799e+01	6.633510e+01
118	3.378185e+00	2.537277e+03	4.378614e+02	3.292350e+02	7.813766e+01	4.134449e+01	6.540757e+01
119	3.406814e+00	2.529087e+03	4.377824e+02	3.291625e+02	7.795184e+01	4.130927e+01	6.519219e+01
120	3.435442e+00	2.511907e+03	4.377256e+02	3.290754e+02	7.785613e+01	4.107909e+01	6.492417e+01
121	3.464071e+00	2.537911e+03	4.379115e+02	3.289997e+02	7.828754e+01	4.127564e+01	6.515047e+01
122	3.492700e+00	2.517452e+03	4.378946e+02	3.287638e+02	7.799360e+01	4.109721e+01	6.439311e+01
123	3.521328e+00	2.536902e+03	4.379765e+02	3.286170e+02	7.827357e+01	4.126659e+01	6.403993e+01
124	3.549957e+00	2.522105e+03	4.380530e+02	3.284866e+02	7.784834e+01	4.125000e+01	6.360779e+01
125	3.578586e+00	2.531740e+03	4.380894e+02	3.282611e+02	7.814449e+01	4.125065e+01	6.316998e+01
126	3.607214e+00	2.513268e+03	4.380246e+02	3.283333e+02	7.791819e+01	4.106862e+01	6.328913e+01
127	3.635843e+00	2.522349e+03	4.381912e+02	3.279743e+02	7.797335e+01	4.118785e+01	6.242944e+01
128	3.664472e+00	2.527292e+03	4.380507e+02	3.280155e+02	7.785819e+01	4.132960e+01	6.212682e+01
129	3.693100e+00	2.531311e+03	4.383520e+02	3.278044e+02	7.825533e+01	4.118525e+01	6.201671e+01
130	3.721729e+00	2.538310e+03	4.381447e+02	3.275514e+02	7.792333e+01	4.147509e+01	6.105399e+01
131	3.750358e+00	2.524073e+03	4.382343e+02	3.274839e+02	7.785247e+01	4.127999e+01	6.092702e+01
132	3.778987e+00	2.505448e+03	4.380709e+02	3.274710e+02	7.721716e+01	4.131252e+01	6.066600e+01
133	3.807615e+00	2.502140e+03	4.381530e+02	3.272902e+02	7.729319e+01	4.121739e+01	6.014645e+01
134	3.836244e+00	2.508484e+03	4.382225e+02	3.270375e+02	7.716909e+01	4.138834e+01	5.969681e+01
135	3.864873e+00	2.494015e+03	4.381205e+02	3.270193e+02	7.684933e+01	4.132084e+01	5.939874e+01
136	3.893501e+00	2.507228e+03	4.381791e+02	3.267932e+02	7.699391e+01	4.146173e+01	5.867109e+01
137	3.922130e+00	2.509022e+03	4.382251e+02	3.267156e+02	7.714616e+01	4.140953e+01	5.842659e+01
138	3.950759e+00	2.516419e+03	4.382357e+02	3.264967e+02	7.693069e+01	4.164792e+01	5.804056e+01
139	3.979387e+00	2.518804e+03	4.382758e+02	3.263683e+02	7.712234e+01	4.158381e+01	5.742947e+01
140	4.008016e+00	2.538671e+03	4.384491e+02	3.260529e+02	7.759631e+01	4.165579e+01	5.720630e+01
141	4.036645e+00	2.524545e+03	4.385026e+02	3.258517e+02	7.705903e+01	4.171284e+01	5.613824e+01
142	4.065273e+00	2.530061e+03	4.386779e+02	3.256893e+02	7.758967e+01	4.151807e+01	5.668922e+01
143	4.093902e+00	2.529649e+03	4.384808e+02	3.256369e+02	7.787090e+01	4.136139e+01	5.614782e+01
144	4.122531e+00	2.519117e+03	4.385820e+02	3.254961e+02	7.725470e+01	4.151773e+01	5.573388e+01
145	4.151159e+00	2.498549e+03	4.384266e+02	3.255260e+02	7.684171e+01	4.140007e+01	5.519492e+01
146	4.179788e+00	2.516984e+03	4.384578e+02	3.251768e+02	7.709451e+01	4.156876e+01	5.455229e+01
147	4.208417e+00	2.519134e+03	4.385209e+02	3.249086e+02	7.699741e+01	4.165673e+01	5.456059e+01
148	4.237046e+00	2.526133e+03	4.384287e+02	3.248880e+02	7.686476e+01	4.184456e+01	5.380625e+01
149	4.265674e+00	2.527481e+03	4.386928e+02	3.246162e+02	7.728648e+01	4.163845e+01	5.321228e+01
150	4.294303e+00	2.518505e+03	4.386682e+02	3.244625e+02	7.717943e+01	4.154811e+01	5.313609e+01
151	4.322932e+00	2.519591e+03	4.387142e+02	3.244572e+02	7.660461e+01	4.187793e+01	5.256006e+01
152	4.351560e+00	2.520044e+03	4.386919e+02	3.243889e+02	7.730371e+01	4.150667e+01	5.257805e+01
153	4.380189e+00	2.547099e+03	4.387266e+02	3.240177e+02	7.752921e+01	4.183027e+01	5.153571e+01
154	4.408818e+00	2.525369e+03	4.386093e+02	3.239891e+02	7.703883e+01	4.173738e+01	5.142787e+01
155	4.437446e+00	2.543813e+03	4.386622e+02	3.237523e+02	7.699886e+01	4.206404e+01	5.105210e+01
156	4.466075e+00	2.530460e+03	4.386361e+02	3.239305e+02	7.729006e+01	4.168560e+01	5.116975e+01
157	4.494704e+00	2.543804e+03	4.388233e+02	3.234490e+02	7.723458e+01	4.193552e+01	5.010206e+01
158	4.523332e+00	2.545381e+03	4.387293e+02	3.233424e+02	7.699309e+01	4.209313e+01	4.991308e+01
159	4.551961e+00	2.548018e+03	4.385395e+02	3.231828e+02	7.663929e+01	4.233126e+01	4.993023e+01
160	4.580590e+00	2.537866e+03	4.387338e+02	3.230330e+02	7.709652e+01	4.191254e+01	4.966739e+01
161	4.609218e+00	2.526411e+03	4.387103e+02	3.230504e+02	7.687522e+01	4.184348e+01	4.891787e+01
162	4.637847e+00	2.520118e+03	4.387101e+02	3.227905e+02	7.661139e+01	4.188300e+01	4.820429e+01
163	4.666476e+00	2.534048e+03	4.387506e+02	3.226285e+02	7.692937e+01	4.194043e+01	4.788495e+01
164	4.695104e+00	2.533922e+03	4.386537e+02	3.226492e+02	7.682779e+01	4.199378e+01	4.775335e+01
165	4.723733e+00	2.534297e+03	4.386988e+02	3.224318e+02	7.677682e+01	4.202788e+01	4.734921e+01
166	4.752362e+00	2.551982e+03	4.388894e+02	3.221725e+02	7.749072e+01	4.193127e+01	4.699256e+01
167	4.780991e+00	2.550023e+03	4.387563e+02	3.220129e+02	7.725224e+01	4.202843e+01	4.632068e+01
168	4.809619e+00	2.543323e+03	4.388024e+02	3.219680e+02	7.721756e+01	4.193682e+01	4.610248e+01
169	4.838248e+00	2.524553e+03	4.387412e+02	3.218595e+02	7.644139e+01	4.205000e+01	4.560896e+01
170	4.866877e+00	2.549367e+03	4.389138e+02	3.215129e+02	7.742635e+01	4.192313e+01	4.493340e+01
171	4.895505e+00	2.540461e+03	4.388488e+02	3.214194e+02	7.702990e+01	4.199168e+01	4.439771e+01
172	4.924134e+00	2.546494e+03	4.386542e+02	3.213611e+02	7.709253e+01	4.205721e+01	4.405830e+01
173	4.952763e+00	2.550173e+03	4.387518e+02	3.210542e+02	7.729588e+01	4.200717e+01	4.324876e+01
174	4.981391e+00	2.539072e+03	4.385768e+02	3.210718e+02	7.672096e+01	4.213773e+01	4.283369e+01
175	5.010020e+00	2.550312e+03	4.386115e+02	3.208692e+02	7.697626e+01	4.218389e+01	4.261315e+01
176	5.038649e+00	2.535227e+03	4.386846e+02	3.207768e+02	7.686036e+01	4.199761e+01	4.234883e+01
177	5.067277e+00	2.526529e+03	4.386070e+02	3.206351e+02	7.621854e+01	4.220596e+01	4.172694e+01
178	5.095906e+00	2.539440e+03	4.387434e+02	3.203653e+02	7.666325e+01	4.217556e+01	4.135054e+01
179	5.124535e+00	2.549052e+03	4.386811e+02	3.202392e+02	7.680287e+01	4.225823e+01	4.116188e+01
180	5.153163e+00	2.518308e+03	4.383740e+02	3.203477e+02	7.585941e+01	4.226779e+01	4.086382e+01
181	5.181792e+00	2.516086e+03	4.383959e+02	3.200832e+02	7.554005e+01	4.240903e+01	3.993483e+01
182	5.210421e+00	2.517971e+03	4.383375e+02	3.200760e+02	7.579814e+01	4.229628e+01	3.993520e+01
183	5.239050e+00	2.515161e+03	4.383524e+02	3.199804e+02	7.571593e+01	4.229497e+01	3.938671e+01
184	5.267678e+00	2.524781e+03	4.383322e+02	3.197141e+02	7.567136e+01	4.248174e+01	3.896403e+01
185	5.296307e+00	2.539773e+03	4.383599e+02	3.195417e+02	7.612015e+01	4.248204e+01	3.847489e+01
186	5.324936e+00	2.543521e+03	4.385732e+02	3.192121e+02	7.669837e+01	4.222400e+01	3.805391e+01
187	5.353564e+00	2.525410e+03	4.383755e+02	3.191560e+02	7.579318e+01	4.242402e+01	3.743122e+01
188	5.382193e+00	2.536276e+03	4.384558e+02	3.189559e+02	7.644975e+01	4.224065e+01	3.704540e+01
189	5.410822e+00	2.537103e+03	4.383825e+02	3.188310e+02	7.630972e+01	4.233196e+01	3.699752e+01
190	5.439450e+00	2.537338e+03	4.383260e+02	3.187279e+02	7.648150e+01	4.224079e+01	3.626839e+01
191	5.468079e+00	2.540172e+03	4.383273e+02	3.186328e+02	7.624748e+01	4.241776e+01	3.586047e+01
192	5.496708e+00	2.540472e+03	4.381533e+02	3.186532e+02	7.618896e+01	4.245535e+01	3.573506e+01
193	5.525336e+00	2.528168e+03	4.380877e+02	3.185638e+02	7.597337e+01	4.236964e+01	3.511362e+01
194	5.553965e+00	2.518318e+03	4.381229e+02	3.183245e+02	7.573485e+01	4.233747e+01	3.503469e+01
195	5.582594e+00	2.548256e+03	4.383071e+02	3.180121e+02	7.706637e+01	4.210060e+01	3.474269e+01
196	5.611222e+00	2.551625e+03	4.381688e+02	3.178664e+02	7.665583e+01	4.238204e+01	3.418336e+01
197	5.639851e+00	2.535066e+03	4.382275e+02	3.177056e+02	7.612305e+01	4.240170e+01	3.369913e+01
198	5.668480e+00	2.520681e+03	4.381320e+02	3.175844e+02	7.604992e+01	4.220164e+01	3.295001e+01
199	5.697109e+00	2.545818e+03	4.378958e+02	3.176312e+02	7.636655e+01	4.244576e+01	3.263761e+01
200	5.725737e+00	2.531267e+03	4.380345e+02	3.174525e+02	7.633300e+01	4.222170e+01	3.246257e+01
201	5.754366e+00	2.528118e+03	4.380218e+02	3.172122e+02	7.627944e+01	4.219879e+01	3.195304e+01
202	5.782995e+00	2.536027e+03	4.379722e+02	3.171992e+02	7.605837e+01	4.245384e+01	3.152118e+01
203	5.811623e+00	2.531005e+03	4.380146e+02	3.169242e+02	7.599309e+01	4.240616e+01	3.125673e+01
204	5.840252e+00	2.516853e+03	4.377218e+02	3.170401e+02	7.588281e+01	4.223033e+01	3.068388e+01
205	5.868881e+00	2.533753e+03	4.378920e+02	3.167296e+02	7.621976e+01	4.232596e+01	3.062966e+01
206	5.897509e+00	2.513568e+03	4.377594e+02	3.165505e+02	7.543576e+01	4.242516e+01	2.986899e+01
207	5.926138e+00	2.532298e+03	4.378703e+02	3.163853e+02	7.603368e+01	4.240519e+01	2.941349e+01
208	5.954767e+00	2.540837e+03	4.377089e+02	3.163467e+02	7.644655e+01	4.231838e+01	2.920393e+01
209	5.983395e+00	2.521827e+03	4.377095e+02	3.162859e+02	7.566323e+01	4.243659e+01	2.830789e+01
210	6.012024e+00	2.532278e+03	4.375077e+02	3.162180e+02	7.599238e+01	4.242790e+01	2.844829e+01
211	6.040653e+00	2.505502e+03	4.374860e+02	3.161579e+02	7.507148e+01	4.249422e+01	2.764218e+01
212	6.069281e+00	2.550278e+03	4.376622e+02	3.155393e+02	7.653595e+01	4.242601e+01	2.715948e+01
213	6.097910e+00	2.538649e+03	4.375346e+02	3.156607e+02	7.632846e+01	4.234735e+01	2.728021e+01
214	6.126539e+00	2.519358e+03	4.374634e+02	3.154959e+02	7.579886e+01	4.231919e+01	2.645211e+01
215	6.155167e+00	2.527224e+03	4.373660e+02	3.153095e+02	7.570044e+01	4.250652e+01	2.599890e+01
216	6.183796e+00	2.513688e+03	4.372924e+02	3.153518e+02	7.516750e+01	4.257860e+01	2.591488e+01
217	6.212425e+00	2.514608e+03	4.373354e+02	3.152977e+02	7.539874e+01	4.246355e+01	2.591280e+01
218	6.241054e+00	2.521252e+03	4.373251e+02	3.150606e+02	7.556468e+01	4.248225e+01	2.557611e+01
219	6.269682e+00	2.522821e+03	4.372129e+02	3.149984e+02	7.560655e+01	4.248515e+01	2.511556e+01
220	6.298311e+00	2.523704e+03	4.370338e+02	3.147226e+02	7.569510e+01	4.245029e+01	2.429060e+01
221	6.326940e+00	2.556812e+03	4.371768e+02	3.144001e+02	7.661344e+01	4.249169e+01	2.395842e+01
222	6.355568e+00	2.558261e+03	4.370047e+02	3.143411e+02	7.688947e+01	4.236314e+01	2.346636e+01
223	6.384197e+00	2.542110e+03	4.371895e+02	3.140921e+02	7.651749e+01	4.230032e+01	2.313858e+01
224	6.412826e+00	2.545908e+03	4.369485e+02	3.140975e+02	7.621373e+01	4.253238e+01	2.283206e+01
225	6.441454e+00	2.554344e+03	4.369620e+02	3.136210e+02	7.657182e+01	4.247374e+01	2.206199e+01
226	6.470083e+00	2.541602e+03	4.368374e+02	3.137942e+02	7.621018e+01	4.246241e+01	2.251253e+01
227	6.498712e+00	2.568106e+03	4.367607e+02	3.132898e+02	7.695728e+01	4.248869e+01	2.130656e+01
228	6.527340e+00	2.552100e+03	4.369505e+02	3.133638e+02	7.635509e+01	4.255688e+01	2.090366e+01
229	6.555969e+00	2.541493e+03	4.367455e+02	3.134509e+02	7.621402e+01	4.245845e+01	2.019813e+01
230	6.584598e+00	2.528629e+03	4.366201e+02	3.130982e+02	7.581459e+01	4.246610e+01	1.949642e+01
231	6.613226e+00	2.545583e+03	4.365730e+02	3.129098e+02	7.640250e+01	4.242188e+01	1.937824e+01
232	6.641855e+00	2.550970e+03	4.364713e+02	3.127612e+02	7.658447e+01	4.241063e+01	1.916086e+01
233	6.670484e+00	2.557295e+03	4.364677e+02	3.126628e+02	7.684084e+01	4.237394e+01	1.843262e+01
234	6.699113e+00	2.539916e+03	4.363541e+02	3.126516e+02	7.635913e+01	4.235148e+01	1.837198e+01
235	6.727741e+00	2.543341e+03	4.363419e+02	3.125657e+02	7.624963e+01	4.246948e+01	1.793283e+01
236	6.756370e+00	2.550255e+03	4.362460e+02	3.124130e+02	7.653201e+01	4.242781e+01	1.782783e+01
237	6.784999e+00	2.557449e+03	4.361210e+02	3.122376e+02	7.686941e+01	4.236074e+01	1.744201e+01
238	6.813627e+00	2.550879e+03	4.360540e+02	3.121139e+02	7.650373e+01	4.245388e+01	1.693239e+01
239	6.842256e+00	2.547433e+03	4.360860e+02	3.120686e+02	7.669235e+01	4.229226e+01	1.656653e+01
240	6.870885e+00	2.559090e+03	4.359782e+02	3.119576e+02	7.705144e+01	4.228779e+01	1.629836e+01
241	6.899513e+00	2.541065e+03	4.358765e+02	3.117626e+02	7.661343e+01	4.222999e+01	1.554321e+01
242	6.928142e+00	2.563714e+03	4.358267e+02	3.113724e+02	7.705456e+01	4.236249e+01	1.503398e+01
243	6.956771e+00	2.546681e+03	4.357404e+02	3.113612e+02	7.667274e+01	4.229058e+01	1.481179e+01
244	6.985399e+00	2.550156e+03	4.357291e+02	3.113069e+02	7.660371e+01	4.238646e+01	1.474948e+01
245	7.014028e+00	2.538058e+03	4.356723e+02	3.110566e+02	7.636174e+01	4.231904e+01	1.422253e+01
246	7.042657e+00	2.555454e+03	4.355930e+02	3.110014e+02	7.691934e+01	4.230022e+01	1.396361e+01
247	7.071285e+00	2.548575e+03	4.354908e+02	3.108369e+02	7.683913e+01	4.223040e+01	1.328107e+01
248	7.099914e+00	2.553550e+03	4.353894e+02	3.107487e+02	7.688726e+01	4.228635e+01	1.307767e+01
249	7.128543e+00	2.563724e+03	4.354714e+02	3.105934e+02	7.707471e+01	4.235157e+01	1.280815e+01
250	7.157171e+00	2.546427e+03	4.354048e+02	3.105631e+02	7.667212e+01	4.228671e+01	1.253348e+01
251	7.185800e+00	2.549034e+03	4.353891e+02	3.103572e+02	7.660556e+01	4.236677e+01	1.238239e+01
252	7.214429e+00	2.541415e+03	4.352741e+02	3.101020e+02	7.668867e+01	4.219437e+01	1.191096e+01
253	7.243058e+00	2.547544e+03	4.350791e+02	3.099886e+02	7.657093e+01	4.236117e+01	1.157296e+01
254	7.271686e+00	2.548350e+03	4.349823e+02	3.100543e+02	7.664320e+01	4.233461e+01	1.135099e+01
255	7.300315e+00	2.547521e+03	4.349373e+02	3.098220e+02	7.695378e+01	4.215003e+01	1.080822e+01
256	7.328944e+00	2.552082e+03	4.350048e+02	3.097928e+02	7.673962e+01	4.234335e+01	1.051115e+01
257	7.357572e+00	2.551451e+03	4.347773e+02	3.095892e+02	7.720996e+01	4.207499e+01	9.926858e+00
258	7.386201e+00	2.545931e+03	4.347079e+02	3.094826e+02	7.715725e+01	4.201265e+01	9.486981e+00
259	7.414830e+00	2.535676e+03	4.346779e+02	3.092427e+02	7.693587e+01	4.196382e+01	9.030739e+00
260	7.443458e+00	2.550988e+03	4.345505e+02	3.091972e+02	7.719743e+01	4.207418e+01	8.687585e+00
261	7.472087e+00	2.541370e+03	4.345277e+02	3.092626e+02	7.679000e+01	4.213794e+01	8.406342e+00
262	7.500716e+00	2.535320e+03	4.344179e+02	3.090435e+02	7.669900e+01	4.208751e+01	8.061643e+00
263	7.529344e+00	2.544587e+03	4.343144e+02	3.089580e+02	7.657146e+01	4.231171e+01	7.654731e+00
264	7.557973e+00	2.560895e+03	4.341736e+02	3.087979e+02	7.746870e+01	4.208968e+01	7.221495e+00
265	7.586602e+00	2.526895e+03	4.339453e+02	3.087930e+02	7.670860e+01	4.194239e+01	6.709203e+00
266	7.615230e+00	2.526680e+03	4.340148e+02	3.086323e+02	7.626440e+01	4.218310e+01	6.104722e+00
267	7.643859e+00	2.517315e+03	4.340210e+02	3.083457e+02	7.603471e+01	4.215371e+01	5.982242e+00
268	7.672488e+00	2.529468e+03	4.338313e+02	3.083216e+02	7.606364e+01	4.234110e+01	5.728213e+00
269	7.701117e+00	2.532158e+03	4.337197e+02	3.082370e+02	7.623398e+01	4.229143e+01	5.445154e+00
270	7.729745e+00	2.510152e+03	4.336404e+02	3.081902e+02	7.627769e+01	4.189987e+01	4.809471e+00
271	7.758374e+00	2.528008e+03	4.335440e+02	3.081427e+02	7.639632e+01	4.213240e+01	4.441141e+00
272	7.787003e+00	2.541599e+03	4.335137e+02	3.078698e+02	7.689329e+01	4.208514e+01	4.094858e+00
273	7.815631e+00	2.534904e+03	4.332372e+02	3.078331e+02	7.697298e+01	4.193081e+01	3.756173e+00
274	7.844260e+00	2.525060e+03	4.332318e+02	3.077276e+02	7.623434e+01	4.217268e+01	2.982730e+00
275	7.872889e+00	2.532288e+03	4.330229e+02	3.075023e+02	7.674254e+01	4.201332e+01	2.691058e+00
276	7.901517e+00	2.529538e+03	4.330085e+02	3.075493e+02	7.664133e+01	4.202312e+01	2.567393e+00
277	7.930146e+00	2.519040e+03	4.328809e+02	3.076783e+02	7.665461e+01	4.184146e+01	2.056989e+00
278	7.958775e+00	2.526028e+03	4.328019e+02	3.075025e+02	7.685024e+01	4.185073e+01	1.820238e+00
279	7.987403e+00	2.538810e+03	4.328465e+02	3.070122e+02	7.649779e+01	4.225629e+01	1.763726e+00
280	8.016032e+00	2.503526e+03	4.325302e+02	3.071574e+02	7.661446e+01	4.160557e+01	8.748971e-01
281	8.044661e+00	2.516664e+03	4.326269e+02	3.069746e+02	7.628129e+01	4.200659e+01	9.112188e-01
282	8.073289e+00	2.501800e+03	4.326001e+02	3.068560e+02	7.608950e+01	4.186373e+01	1.119522e-01
283	8.101918e+00	2.495825e+03	4.321727e+02	3.070706e+02	7.701417e+01	4.126232e+01	1.794787e+02
284	8.130547e+00	2.494645e+03	4.322061e+02	3.066663e+02	7.654604e+01	4.149504e+01	1.797826e+02
285	8.159175e+00	2.502777e+03	4.321025e+02	3.065751e+02	7.600368e+01	4.192737e+01	1.793503e+02
286	8.187804e+00	2.502359e+03	4.319536e+02	3.064249e+02	7.681644e+01	4.147683e+01	1.785550e+02
287	8.216433e+00	2.501582e+03	4.317780e+02	3.064729e+02	7.638155e+01	4.170003e+01	1.785035e+02
288	8.245062e+00	2.523004e+03	4.319207e+02	3.062426e+02	7.637244e+01	4.206214e+01	1.783714e+02
289	8.273690e+00	2.516776e+03	4.317063e+02	3.062431e+02	7.699876e+01	4.161702e+01	1.775850e+02
290	8.302319e+00	2.502687e+03	4.315158e+02	3.061084e+02	7.702045e+01	4.137239e+01	1.774635e+02
291	8.330948e+00	2.525880e+03	4.315280e+02	3.060489e+02	7.713444e+01	4.169408e+01	1.774038e+02
292	8.359576e+00	2.511592e+03	4.312945e+02	3.060519e+02	7.673739e+01	4.167274e+01	1.763101e+02
293	8.388205e+00	2.516447e+03	4.313126e+02	3.055858e+02	7.626894e+01	4.200977e+01	1.760471e+02
294	8.416834e+00	2.507825e+03	4.310896e+02	3.054559e+02	7.627583e+01	4.186205e+01	1.757973e+02
295	8.445462e+00	2.490171e+03	4.310135e+02	3.054929e+02	7.707008e+01	4.113897e+01	1.752505e+02
296	8.474091e+00	2.521820e+03	4.309247e+02	3.054583e+02	7.695255e+01	4.172547e+01	1.750253e+02
297	8.502720e+00	2.511690e+03	4.307054e+02	3.054188e+02	7.663336e+01	4.173095e+01	1.743182e+02
298	8.531348e+00	2.517104e+03	4.305547e+02	3.053336e+02	7.724706e+01	4.148864e+01	1.740787e+02
299	8.559977e+00	2.508684e+03	4.307235e+02	3.052415e+02	7.654695e+01	4.172807e+01	1.736331e+02
300	8.588606e+00	2.513740e+03	4.303874e+02	3.051288e+02	7.703916e+01	4.154501e+01	1.731745e+02
301	8.617234e+00	2.504954e+03	4.302758e+02	3.050256e+02	7.705933e+01	4.138898e+01	1.726010e+02
302	8.645863e+00	2.517930e+03	4.301238e+02	3.049228e+02	7.690598e+01	4.168633e+01	1.722044e+02
303	8.674492e+00	2.516261e+03	4.300822e+02	3.049765e+02	7.754109e+01	4.131748e+01	1.720938e+02
304	8.703121e+00	2.517057e+03	4.299571e+02	3.047953e+02	7.764249e+01	4.127657e+01	1.715099e+02
305	8.731749e+00	2.505667e+03	4.298425e+02	3.048017e+02	7.724369e+01	4.130193e+01	1.711644e+02
306	8.760378e+00	2.518207e+03	4.295345e+02	3.046898e+02	7.750542e+01	4.136848e+01	1.702171e+02
307	8.789007e+00	2.512034e+03	4.293706e+02	3.044654e+02	7.759819e+01	4.121774e+01	1.705181e+02
308	8.817635e+00	2.521684e+03	4.294566e+02	3.046639e+02	7.777074e+01	4.128426e+01	1.701448e+02
309	8.846264e+00	2.520853e+03	4.294060e+02	3.043246e+02	7.735327e+01	4.149340e+01	1.698047e+02
310	8.874893e+00	2.528510e+03	4.293005e+02	3.041613e+02	7.752168e+01	4.152902e+01	1.694973e+02
311	8.903521e+00	2.501714e+03	4.291110e+02	3.040529e+02	7.741045e+01	4.114795e+01	1.693633e+02
312	8.932150e+00	2.498115e+03	4.290206e+02	3.041624e+02	7.783979e+01	4.086211e+01	1.692874e+02
313	8.960779e+00	2.516997e+03	4.289288e+02	3.041035e+02	7.749396e+01	4.135470e+01	1.687821e+02
314	8.989407e+00	2.522268e+03	4.287433e+02	3.038340e+02	7.747043e+01	4.145390e+01	1.677786e+02
315	9.018036e+00	2.507535e+03	4.286173e+02	3.038538e+02	7.714494e+01	4.138565e+01	1.672971e+02
316	9.046665e+00	2.522415e+03	4.285612e+02	3.035857e+02	7.724317e+01	4.157829e+01	1.676570e+02
317	9.075293e+00	2.526547e+03	4.284122e+02	3.036231e+02	7.700282e+01	4.177639e+01	1.674658e+02
318	9.103922e+00	2.499852e+03	4.284195e+02	3.035912e+02	7.677544e+01	4.145740e+01	1.669016e+02
319	9.132551e+00	2.526331e+03	4.282642e+02	3.033809e+02	7.759045e+01	4.145645e+01	1.668002e+02
320	9.161180e+00	2.534991e+03	4.282604e+02	3.032981e+02	7.710953e+01	4.185800e+01	1.660822e+02
321	9.189808e+00	2.521616e+03	4.279849e+02	3.035385e+02	7.762285e+01	4.136180e+01	1.654901e+02
322	9.218437e+00	2.529583e+03	4.279540e+02	3.030385e+02	7.736826e+01	4.162903e+01	1.655620e+02
323	9.247066e+00	2.520681e+03	4.277786e+02	3.032155e+02	7.723383e+01	4.155472e+01	1.654933e+02
324	9.275694e+00	2.520180e+03	4.276205e+02	3.032397e+02	7.742989e+01	4.144127e+01	1.643856e+02
325	9.304323e+00	2.528576e+03	4.276369e+02	3.030969e+02	7.759418e+01	4.149130e+01	1.642818e+02
326	9.332952e+00	2.506848e+03	4.274720e+02	3.029276e+02	7.688619e+01	4.151354e+01	1.635732e+02
327	9.361580e+00	2.498052e+03	4.272821e+02	3.029697e+02	7.698365e+01	4.131550e+01	1.635394e+02
328	9.390209e+00	2.518115e+03	4.270529e+02	3.031018e+02	7.785517e+01	4.118112e+01	1.628284e+02
329	9.418838e+00	2.513152e+03	4.268697e+02	3.028252e+02	7.758892e+01	4.124099e+01	1.622171e+02
330	9.447466e+00	2.509677e+03	4.268930e+02	3.027477e+02	7.743040e+01	4.126829e+01	1.618613e+02
331	9.476095e+00	2.492525e+03	4.268365e+02	3.028077e+02	7.763445e+01	4.087851e+01	1.620798e+02
332	9.504724e+00	2.493013e+03	4.265351e+02	3.028092e+02	7.764361e+01	4.088170e+01	1.612427e+02
333	9.533352e+00	2.537420e+03	4.265152e+02	3.025165e+02	7.724075e+01	4.182693e+01	1.607838e+02
334	9.561981e+00	2.528831e+03	4.263455e+02	3.024713e+02	7.739690e+01	4.160125e+01	1.604327e+02
335	9.590610e+00	2.505997e+03	4.261487e+02	3.023386e+02	7.745808e+01	4.119305e+01	1.600646e+02
336	9.619238e+00	2.514409e+03	4.261953e+02	3.022184e+02	7.704195e+01	4.155457e+01	1.597850e+02
337	9.647867e+00	2.512796e+03	4.259051e+02	3.022078e+02	7.736559e+01	4.135418e+01	1.591485e+02
338	9.676496e+00	2.529953e+03	4.260028e+02	3.023716e+02	7.771574e+01	4.144895e+01	1.588462e+02
339	9.705125e+00	2.512230e+03	4.256883e+02	3.022483e+02	7.785705e+01	4.108389e+01	1.586563e+02
340	9.733753e+00	2.507193e+03	4.257552e+02	3.022860e+02	7.731331e+01	4.128988e+01	1.582610e+02
341	9.762382e+00	2.510858e+03	4.255165e+02	3.019091e+02	7.748956e+01	4.125618e+01	1.581303e+02
342	9.791011e+00	2.504400e+03	4.253141e+02	3.020085e+02	7.791510e+01	4.092533e+01	1.574756e+02
343	9.819639e+00	2.519055e+03	4.251750e+02	3.018240e+02	7.728668e+01	4.149952e+01	1.571082e+02
344	9.848268e+00	2.514990e+03	4.251935e+02	3.019729e+02	7.765733e+01	4.123481e+01	1.569824e+02
345	9.876897e+00	2.520024e+03	4.248242e+02	3.017498e+02	7.812473e+01	4.107015e+01	1.568016e+02
346	9.905525e+00	2.512144e+03	4.247592e+02	3.016516e+02	7.768906e+01	4.117133e+01	1.560355e+02
347	9.934154e+00	2.512749e+03	4.247095e+02	3.017793e+02	7.734695e+01	4.136338e+01	1.554490e+02
348	9.962783e+00	2.514564e+03	4.245591e+02	3.014136e+02	7.798195e+01	4.105620e+01	1.554983e+02
349	9.991411e+00	2.499396e+03	4.242816e+02	3.017361e+02	7.774584e+01	4.093248e+01	1.551623e+02
350	1.002004e+01	2.518277e+03	4.243642e+02	3.016990e+02	7.795191e+01	4.113266e+01	1.545128e+02
351	1.004867e+01	2.500022e+03	4.242112e+02	3.016070e+02	7.731509e+01	4.117083e+01	1.541507e+02
352	1.007730e+01	2.502505e+03	4.240127e+02	3.014276e+02	7.701782e+01	4.137080e+01	1.535349e+02
353	1.010593e+01	2.497907e+03	4.238775e+02	3.014534e+02	7.749215e+01	4.104202e+01	1.532024e+02
354	1.013455e+01	2.502098e+03	4.237997e+02	3.015686e+02	7.718944e+01	4.127209e+01	1.529187e+02
355	1.016318e+01	2.498539e+03	4.235499e+02	3.013817e+02	7.678107e+01	4.143258e+01	1.523622e+02
356	1.019181e+01	2.504628e+03	4.233336e+02	3.012328e+02	7.688351e+01	4.147823e+01	1.524396e+02
357	1.022044e+01	2.492980e+03	4.232579e+02	3.013740e+02	7.689650e+01	4.127835e+01	1.514667e+02
358	1.024907e+01	2.498753e+03	4.232782e+02	3.013825e+02	7.709557e+01	4.126711e+01	1.515054e+02
359	1.027770e+01	2.475005e+03	4.228596e+02	3.011704e+02	7.711636e+01	4.086390e+01	1.508511e+02
360	1.030633e+01	2.502203e+03	4.230699e+02	3.014158e+02	7.704472e+01	4.135136e+01	1.505793e+02
361	1.033496e+01	2.477853e+03	4.226298e+02	3.011698e+02	7.726225e+01	4.083367e+01	1.507668e+02
362	1.036358e+01	2.478785e+03	4.223890e+02	3.012642e+02	7.762946e+01	4.065580e+01	1.497875e+02
363	1.039221e+01	2.499807e+03	4.225567e+02	3.012481e+02	7.737251e+01	4.113675e+01	1.493605e+02
364	1.042084e+01	2.505164e+03	4.224837e+02	3.010483e+02	7.681232e+01	4.152555e+01	1.490456e+02
365	1.044947e+01	2.504691e+03	4.223521e+02	3.012380e+02	7.710551e+01	4.135984e+01	1.485568e+02
366	1.047810e+01	2.499483e+03	4.220175e+02	3.010968e+02	7.734434e+01	4.114639e+01	1.478770e+02
367	1.050673e+01	2.496918e+03	4.218928e+02	3.011908e+02	7.750422e+01	4.101937e+01	1.483069e+02
368	1.053536e+01	2.507391e+03	4.218637e+02	3.012175e+02	7.745476e+01	4.121772e+01	1.473315e+02
369	1.056399e+01	2.483097e+03	4.214772e+02	3.011202e+02	7.756577e+01	4.075996e+01	1.470529e+02
370	1.059261e+01	2.492212e+03	4.214771e+02	3.012144e+02	7.735846e+01	4.101921e+01	1.463537e+02
371	1.062124e+01	2.485630e+03	4.213152e+02	3.010371e+02	7.738737e+01	4.089559e+01	1.461179e+02
372	1.064987e+01	2.503480e+03	4.211940e+02	3.010938e+02	7.730766e+01	4.123175e+01	1.458845e+02
373	1.067850e+01	2.483818e+03	4.209369e+02	3.010337e+02	7.735047e+01	4.088528e+01	1.456236e+02
374	1.070713e+01	2.469495e+03	4.208864e+02	3.008499e+02	7.639789e+01	4.115636e+01	1.449451e+02
375	1.073576e+01	2.472940e+03	4.205097e+02	3.006248e+02	7.680679e+01	4.099435e+01	1.449606e+02
376	1.076439e+01	2.477705e+03	4.206263e+02	3.007659e+02	7.674255e+01	4.110773e+01	1.436486e+02
377	1.079301e+01	2.486834e+03	4.204323e+02	3.008112e+02	7.685446e+01	4.119910e+01	1.443486e+02
378	1.082164e+01	2.479615e+03	4.202134e+02	3.006825e+02	7.669568e+01	4.116456e+01	1.439016e+02
379	1.085027e+01	2.484898e+03	4.200542e+02	3.006984e+02	7.670041e+01	4.124971e+01	1.432832e+02
380	1.087890e+01	2.479297e+03	4.197370e+02	3.005330e+02	7.726592e+01	4.085551e+01	1.432048e+02
381	1.090753e+01	2.485774e+03	4.197801e+02	3.006783e+02	7.670957e+01	4.125933e+01	1.422672e+02
382	1.093616e+01	2.465308e+03	4.194433e+02	3.004713e+02	7.582847e+01	4.139510e+01	1.420430e+02
383	1.096479e+01	2.484897e+03	4.194747e+02	3.004687e+02	7.635622e+01	4.143565e+01	1.422797e+02
384	1.099342e+01	2.454703e+03	4.191468e+02	3.005356e+02	7.608455e+01	4.107830e+01	1.409073e+02
385	1.102204e+01	2.498102e+03	4.192438e+02	3.005942e+02	7.674405e+01	4.144533e+01	1.411793e+02
386	1.105067e+01	2.494805e+03	4.191885e+02	3.005167e+02	7.635665e+01	4.160063e+01	1.398047e+02
387	1.107930e+01	2.489117e+03	4.189950e+02	3.005466e+02	7.624437e+01	4.156689e+01	1.397496e+02
388	1.110793e+01	2.499251e+03	4.188066e+02	3.004123e+02	7.729588e+01	4.116837e+01	1.393566e+02
389	1.113656e+01	2.489730e+03	4.187159e+02	3.005172e+02	7.627618e+01	4.155980e+01	1.386093e+02
390	1.116519e+01	2.486337e+03	4.186011e+02	3.005670e+02	7.653375e+01	4.136349e+01	1.384284e+02
391	1.119382e+01	2.494627e+03	4.184095e+02	3.006662e+02	7.720032e+01	4.114307e+01	1.386275e+02
392	1.122244e+01	2.473571e+03	4.179236e+02	3.003495e+02	7.641057e+01	4.121744e+01	1.379004e+02
393	1.125107e+01	2.507522e+03	4.182183e+02	3.005168e+02	7.710722e+01	4.140567e+01	1.374075e+02
394	1.127970e+01	2.511051e+03	4.177463e+02	3.002152e+02	7.664301e+01	4.171509e+01	1.371669e+02
395	1.130833e+01	2.493949e+03	4.177000e+02	3.002765e+02	7.710125e+01	4.118474e+01	1.367915e+02
396	1.133696e+01	2.482899e+03	4.174467e+02	3.003227e+02	7.638912e+01	4.138449e+01	1.365182e+02
397	1.136559e+01	2.508765e+03	4.174721e+02	3.004704e+02	7.642482e+01	4.179609e+01	1.356786e+02
398	1.139422e+01	2.492043e+03	4.170877e+02	3.001940e+02	7.655331e+01	4.144783e+01	1.363132e+02
399	1.142285e+01	2.500383e+03	4.171479e+02	3.004835e+02	7.709283e+01	4.129550e+01	1.354902e+02
400	1.145147e+01	2.497968e+03	4.171734e+02	3.005572e+02	7.660586e+01	4.151786e+01	1.344573e+02
401	1.148010e+01	2.524300e+03	4.168598e+02	3.002602e+02	7.705963e+01	4.170846e+01	1.345332e+02
402	1.150873e+01	2.496967e+03	4.169157e+02	3.005735e+02	7.658710e+01	4.151140e+01	1.338045e+02
403	1.153736e+01	2.474062e+03	4.163726e+02	3.003356e+02	7.625980e+01	4.130713e+01	1.338169e+02
404	1.156599e+01	2.489859e+03	4.164020e+02	3.004558e+02	7.669502e+01	4.133498e+01	1.333542e+02
405	1.159462e+01	2.481749e+03	4.163800e+02	3.003798e+02	7.606842e+01	4.153972e+01	1.318967e+02
406	1.162325e+01	2.496157e+03	4.163206e+02	3.005486e+02	7.657398e+01	4.150503e+01	1.321819e+02
407	1.165188e+01	2.456170e+03	4.158652e+02	3.001355e+02	7.593646e+01	4.118301e+01	1.311351e+02
408	1.168050e+01	2.471157e+03	4.157630e+02	3.003355e+02	7.634898e+01	4.121043e+01	1.312496e+02
409	1.170913e+01	2.467386e+03	4.154869e+02	3.002334e+02	7.583848e+01	4.142453e+01	1.297199e+02
410	1.173776e+01	2.473672e+03	4.153602e+02	3.001915e+02	7.615319e+01	4.135844e+01	1.294723e+02
411	1.176639e+01	2.465529e+03	4.150832e+02	3.002325e+02	7.597060e+01	4.132136e+01	1.299373e+02
412	1.179502e+01	2.477761e+03	4.151289e+02	3.004239e+02	7.632376e+01	4.133421e+01	1.296544e+02
413	1.182365e+01	2.479866e+03	4.151251e+02	3.006584e+02	7.656110e+01	4.124109e+01	1.288609e+02
414	1.185228e+01	2.479394e+03	4.148325e+02	3.004263e+02	7.636150e+01	4.134102e+01	1.277163e+02
415	1.188090e+01	2.489754e+03	4.146482e+02	3.004704e+02	7.630312e+01	4.154553e+01	1.272341e+02
416	1.190953e+01	2.480997e+03	4.145377e+02	3.005547e+02	7.662541e+01	4.122528e+01	1.278851e+02
417	1.193816e+01	2.486912e+03	4.142280e+02	3.003007e+02	7.677681e+01	4.124207e+01	1.271835e+02
418	1.196679e+01	2.491690e+03	4.140080e+02	3.003355e+02	7.662796e+01	4.140157e+01	1.267072e+02
419	1.199542e+01	2.503567e+03	4.139487e+02	3.003567e+02	7.669415e+01	4.156303e+01	1.261958e+02
420	1.202405e+01	2.500672e+03	4.136130e+02	3.003632e+02	7.661285e+01	4.155902e+01	1.259587e+02
421	1.205268e+01	2.491700e+03	4.136942e+02	3.004285e+02	7.618652e+01	4.164164e+01	1.248701e+02
422	1.208131e+01	2.495753e+03	4.134515e+02	3.005294e+02	7.669087e+01	4.143506e+01	1.247030e+02
423	1.210993e+01	2.483754e+03	4.133650e+02	3.006540e+02	7.612614e+01	4.154176e+01	1.242656e+02
424	1.213856e+01	2.482273e+03	4.130542e+02	3.006066e+02	7.608753e+01	4.153805e+01	1.238857e+02
425	1.216719e+01	2.494515e+03	4.132146e+02	3.006544e+02	7.626520e+01	4.164567e+01	1.228190e+02
426	1.219582e+01	2.490296e+03	4.127401e+02	3.005854e+02	7.634236e+01	4.153321e+01	1.232660e+02
427	1.222445e+01	2.510453e+03	4.126765e+02	3.007602e+02	7.648667e+01	4.179040e+01	1.221533e+02
428	1.225308e+01	2.509000e+03	4.124988e+02	3.008244e+02	7.677990e+01	4.160670e+01	1.216966e+02
429	1.228171e+01	2.480816e+03	4.123236e+02	3.007774e+02	7.637036e+01	4.135994e+01	1.212014e+02
430	1.231033e+01	2.494047e+03	4.121444e+02	3.008525e+02	7.694736e+01	4.126873e+01	1.211597e+02
431	1.233896e+01	2.511657e+03	4.121881e+02	3.009703e+02	7.657795e+01	4.176059e+01	1.203369e+02
432	1.236759e+01	2.503563e+03	4.119379e+02	3.010006e+02	7.713428e+01	4.132579e+01	1.206913e+02
433	1.239622e+01	2.495166e+03	4.115865e+02	3.009319e+02	7.635889e+01	4.160543e+01	1.199646e+02
434	1.242485e+01	2.510377e+03	4.117711e+02	3.011311e+02	7.703443e+01	4.149199e+01	1.195276e+02
435	1.245348e+01	2.524159e+03	4.113784e+02	3.011362e+02	7.734145e+01	4.155415e+01	1.196561e+02
436	1.248211e+01	2.510245e+03	4.115659e+02	3.014456e+02	7.668428e+01	4.167925e+01	1.185254e+02
437	1.251074e+01	2.503174e+03	4.115535e+02	3.014990e+02	7.682693e+01	4.148467e+01	1.178496e+02
438	1.253936e+01	2.527263e+03	4.110570e+02	3.012471e+02	7.720597e+01	4.167827e+01	1.181017e+02
439	1.256799e+01	2.498169e+03	4.107784e+02	3.012517e+02	7.679346e+01	4.141977e+01	1.172055e+02
440	1.259662e+01	2.530246e+03	4.108221e+02	3.015030e+02	7.752750e+01	4.155440e+01	1.170453e+02
441	1.262525e+01	2.530293e+03	4.107709e+02	3.017029e+02	7.749203e+01	4.157419e+01	1.172696e+02
442	1.265388e+01	2.494587e+03	4.105239e+02	3.017303e+02	7.675917e+01	4.137886e+01	1.162070e+02
443	1.268251e+01	2.513261e+03	4.102868e+02	3.017121e+02	7.747318e+01	4.130441e+01	1.155089e+02
444	1.271114e+01	2.531290e+03	4.102410e+02	3.017997e+02	7.763632e+01	4.151329e+01	1.152750e+02
445	1.273977e+01	2.506769e+03	4.099265e+02	3.016573e+02	7.739272e+01	4.124055e+01	1.147763e+02
446	1.276839e+01	2.504957e+03	4.097872e+02	3.019828e+02	7.733797e+01	4.123991e+01	1.147309e+02
447	1.279702e+01	2.512892e+03	4.096794e+02	3.019675e+02	7.778897e+01	4.113069e+01	1.144148e+02
448	1.282565e+01	2.516145e+03	4.096400e+02	3.021492e+02	7.810529e+01	4.101713e+01	1.133409e+02
449	1.285428e+01	2.495733e+03	4.092557e+02	3.021099e+02	7.768058e+01	4.090683e+01	1.133098e+02
450	1.288291e+01	2.510910e+03	4.092606e+02	3.023683e+02	7.752662e+01	4.123732e+01	1.133631e+02
451	1.291154e+01	2.519639e+03	4.092277e+02	3.024044e+02	7.786295e+01	4.120193e+01	1.121362e+02
452	1.294017e+01	2.522660e+03	4.090731e+02	3.025094e+02	7.788443e+01	4.123996e+01	1.121614e+02
453	1.296879e+01	2.529069e+03	4.087719e+02	3.024411e+02	7.782278e+01	4.137749e+01	1.115066e+02
454	1.299742e+01	2.496920e+03	4.085002e+02	3.023229e+02	7.749600e+01	4.102377e+01	1.107268e+02
455	1.302605e+01	2.520481e+03	4.086173e+02	3.026257e+02	7.807494e+01	4.110379e+01	1.106703e+02
456	1.305468e+01	2.504050e+03	4.083345e+02	3.027424e+02	7.770042e+01	4.103268e+01	1.100975e+02
457	1.308331e+01	2.520674e+03	4.082837e+02	3.027378e+02	7.824760e+01	4.101624e+01	1.093626e+02
458	1.311194e+01	2.494338e+03	4.080482e+02	3.028428e+02	7.757281e+01	4.094075e+01	1.091603e+02
459	1.314057e+01	2.506502e+03	4.078596e+02	3.028762e+02	7.758614e+01	4.113334e+01	1.086941e+02
460	1.316920e+01	2.505901e+03	4.075977e+02	3.029695e+02	7.792510e+01	4.094461e+01	1.082103e+02
461	1.319782e+01	2.493430e+03	4.074720e+02	3.029035e+02	7.742973e+01	4.100148e+01	1.074385e+02
462	1.322645e+01	2.486170e+03	4.073168e+02	3.028853e+02	7.774545e+01	4.071608e+01	1.068117e+02
463	1.325508e+01	2.493160e+03	4.072332e+02	3.032796e+02	7.756161e+01	4.092733e+01	1.069660e+02
464	1.328371e+01	2.480003e+03	4.071665e+02	3.032232e+02	7.740673e+01	4.079282e+01	1.059491e+02
465	1.331234e+01	2.489330e+03	4.068299e+02	3.033691e+02	7.754374e+01	4.087389e+01	1.059150e+02
466	1.334097e+01	2.508259e+03	4.068197e+02	3.034824e+02	7.825190e+01	4.081198e+01	1.052279e+02
467	1.336960e+01	2.527270e+03	4.069420e+02	3.035716e+02	7.874727e+01	4.086263e+01	1.049442e+02
468	1.339823e+01	2.497177e+03	4.064228e+02	3.036602e+02	7.769331e+01	4.092378e+01	1.049562e+02
469	1.342685e+01	2.504993e+03	4.064534e+02	3.037664e+02	7.788216e+01	4.095233e+01	1.041035e+02
470	1.345548e+01	2.481481e+03	4.060721e+02	3.037443e+02	7.735965e+01	4.084195e+01	1.033099e+02
471	1.348411e+01	2.487259e+03	4.059980e+02	3.038539e+02	7.760445e+01	4.080792e+01	1.027940e+02
472	1.351274e+01	2.477414e+03	4.055641e+02	3.039302e+02	7.731535e+01	4.079839e+01	1.026942e+02
473	1.354137e+01	2.488839e+03	4.057430e+02	3.042691e+02	7.790002e+01	4.067891e+01	1.023921e+02
474	1.357000e+01	2.478550e+03	4.052596e+02	3.042420e+02	7.765584e+01	4.063813e+01	1.019160e+02
475	1.359863e+01	2.493085e+03	4.053776e+02	3.042942e+02	7.817218e+01	4.060644e+01	1.012250e+02
476	1.362725e+01	2.484496e+03	4.052109e+02	3.045041e+02	7.809001e+01	4.050914e+01	1.008270e+02
477	1.365588e+01	2.478585e+03	4.052229e+02	3.045181e+02	7.836572e+01	4.027058e+01	1.006441e+02
478	1.368451e+01	2.454726e+03	4.049628e+02	3.045570e+02	7.756205e+01	4.029618e+01	1.000108e+02
479	1.371314e+01	2.473539e+03	4.048810e+02	3.047115e+02	7.781286e+01	4.047413e+01	9.971481e+01
480	1.374177e+01	2.473935e+03	4.047954e+02	3.048394e+02	7.771463e+01	4.053178e+01	9.896162e+01
481	1.377040e+01	2.486672e+03	4.046481e+02	3.048065e+02	7.815272e+01	4.051208e+01	9.844893e+01
482	1.379903e+01	2.470903e+03	4.043363e+02	3.049969e+02	7.800764e+01	4.033004e+01	9.787953e+01
483	1.382766e+01	2.449365e+03	4.039984e+02	3.051812e+02	7.773475e+01	4.011885e+01	9.827217e+01
484	1.385628e+01	2.462428e+03	4.041890e+02	3.052328e+02	7.813515e+01	4.012613e+01	9.731169e+01
485	1.388491e+01	2.476930e+03	4.042005e+02	3.054158e+02	7.816199e+01	4.034859e+01	9.673329e+01
486	1.391354e+01	2.479808e+03	4.039444e+02	3.054531e+02	7.811076e+01	4.042196e+01	9.632251e+01
487	1.394217e+01	2.469527e+03	4.037442e+02	3.056405e+02	7.777367e+01	4.042885e+01	9.633969e+01
488	1.397080e+01	2.465414e+03	4.034092e+02	3.056337e+02	7.808046e+01	4.020292e+01	9.610371e+01
489	1.399943e+01	2.483411e+03	4.034615e+02	3.056430e+02	7.844212e+01	4.030968e+01	9.554369e+01
490	1.402806e+01	2.461872e+03	4.030831e+02	3.058655e+02	7.783843e+01	4.026998e+01	9.512206e+01
491	1.405668e+01	2.474717e+03	4.030871e+02	3.060529e+02	7.808414e+01	4.035271e+01	9.465482e+01
492	1.408531e+01	2.488050e+03	4.032800e+02	3.062411e+02	7.818773e+01	4.051638e+01	9.417093e+01
493	1.411394e+01	2.453025e+03	4.028890e+02	3.062209e+02	7.841669e+01	3.982938e+01	9.376316e+01
494	1.414257e+01	2.471926e+03	4.026695e+02	3.062551e+02	7.790417e+01	4.040033e+01	9.335680e+01
495	1.417120e+01	2.480190e+03	4.027079e+02	3.066628e+02	7.866588e+01	4.014290e+01	9.314712e+01
496	1.419983e+01	2.466157e+03	4.025019e+02	3.066848e+02	7.829974e+01	4.010242e+01	9.249946e+01
497	1.422846e+01	2.480386e+03	4.024331e+02	3.068503e+02	7.883236e+01	4.006129e+01	9.256582e+01
498	1.425709e+01	2.456705e+03	4.023386e+02	3.069550e+02	7.812645e+01	4.003732e+01	9.171342e+01
499	1.428571e+01	2.472106e+03	4.021882e+02	3.070391e+02	7.822523e+01	4.023744e+01	9.174194e+01
500	1.431434e+01	2.471713e+03	4.020977e+02	3.071633e+02	7.812243e+01	4.028399e+01	9.116287e+01
501	1.434297e+01	2.462297e+03	4.020652e+02	3.072576e+02	7.820729e+01	4.008698e+01	9.099500e+01
502	1.437160e+01	2.468018e+03	4.018037e+02	3.073333e+02	7.852564e+01	4.001722e+01	9.033831e+01
503	1.440023e+01	2.481496e+03	4.017670e+02	3.075525e+02	7.876503e+01	4.011347e+01	8.989593e+01
504	1.442886e+01	2.479238e+03	4.017466e+02	3.077120e+02	7.861565e+01	4.015312e+01	8.931985e+01
505	1.445749e+01	2.491216e+03	4.019207e+02	3.077686e+02	7.909265e+01	4.010378e+01	8.885547e+01
506	1.448612e+01	2.496169e+03	4.015683e+02	3.079098e+02	7.909928e+01	4.018016e+01	8.867137e+01
507	1.451474e+01	2.473008e+03	4.010967e+02	3.080171e+02	7.830981e+01	4.020864e+01	8.767552e+01
508	1.454337e+01	2.490533e+03	4.012943e+02	3.082354e+02	7.827953e+01	4.050926e+01	8.756924e+01
509	1.457200e+01	2.467875e+03	4.013053e+02	3.083361e+02	7.852578e+01	4.001484e+01	8.699818e+01
510	1.460063e+01	2.479806e+03	4.010584e+02	3.085211e+02	7.837947e+01	4.028334e+01	8.687785e+01
511	1.462926e+01	2.463722e+03	4.008582e+02	3.086004e+02	7.826534e+01	4.008043e+01	8.651659e+01
512	1.465789e+01	2.463515e+03	4.006156e+02	3.089102e+02	7.819317e+01	4.011405e+01	8.648175e+01
513	1.468652e+01	2.468003e+03	4.007174e+02	3.089101e+02	7.862301e+01	3.996743e+01	8.601024e+01
514	1.471514e+01	2.474681e+03	4.004441e+02	3.090373e+02	7.863342e+01	4.007027e+01	8.523717e+01
515	1.474377e+01	2.461005e+03	4.002927e+02	3.091749e+02	7.833297e+01	4.000167e+01	8.435561e+01
516	1.477240e+01	2.472718e+03	4.002953e+02	3.094311e+02	7.829164e+01	4.021326e+01	8.492268e+01
517	1.480103e+01	2.472835e+03	4.001027e+02	3.094778e+02	7.829137e+01	4.021529e+01	8.414332e+01
518	1.482966e+01	2.469476e+03	4.000638e+02	3.096064e+02	7.871978e+01	3.994211e+01	8.360438e+01
519	1.485829e+01	2.467820e+03	3.999076e+02	3.098568e+02	7.830575e+01	4.012638e+01	8.384602e+01
520	1.488692e+01	2.443144e+03	3.995787e+02	3.099459e+02	7.781091e+01	3.997778e+01	8.325471e+01
521	1.491555e+01	2.470494e+03	3.998444e+02	3.100409e+02	7.864453e+01	3.999682e+01	8.280766e+01
522	1.494417e+01	2.485227e+03	3.999091e+02	3.102019e+02	7.918822e+01	3.995909e+01	8.244453e+01
523	1.497280e+01	2.497479e+03	4.000855e+02	3.103430e+02	7.901054e+01	4.024638e+01	8.236163e+01
524	1.500143e+01	2.478529e+03	3.996084e+02	3.105026e+02	7.902840e+01	3.993199e+01	8.182957e+01
525	1.503006e+01	2.490500e+03	3.995469e+02	3.105792e+02	7.910480e+01	4.008609e+01	8.095079e+01
526	1.505869e+01	2.464638e+03	3.992443e+02	3.107501e+02	7.838615e+01	4.003353e+01	8.038258e+01
527	1.508732e+01	2.487902e+03	3.993427e+02	3.108353e+02	7.914130e+01	4.002581e+01	7.986629e+01
528	1.511595e+01	2.488234e+03	3.993377e+02	3.111738e+02	7.892278e+01	4.014199e+01	8.012628e+01
529	1.514457e+01	2.475324e+03	3.990218e+02	3.112989e+02	7.880378e+01	3.999403e+01	7.971340e+01
530	1.517320e+01	2.471398e+03	3.986956e+02	3.113466e+02	7.843505e+01	4.011831e+01	7.821127e+01
531	1.520183e+01	2.482861e+03	3.987195e+02	3.116689e+02	7.862200e+01	4.020856e+01	7.882228e+01
532	1.523046e+01	2.472865e+03	3.986131e+02	3.118092e+02	7.841568e+01	4.015204e+01	7.823435e+01
533	1.525909e+01	2.448639e+03	3.985097e+02	3.119950e+02	7.807313e+01	3.993312e+01	7.783314e+01
534	1.528772e+01	2.475281e+03	3.985268e+02	3.122051e+02	7.830725e+01	4.024691e+01	7.754873e+01
535	1.531635e+01	2.471318e+03	3.984579e+02	3.123889e+02	7.851077e+01	4.007832e+01	7.713068e+01
536	1.534498e+01	2.476099e+03	3.986631e+02	3.124777e+02	7.876592e+01	4.002578e+01	7.684196e+01
537	1.537360e+01	2.485908e+03	3.983464e+02	3.126765e+02	7.840498e+01	4.036932e+01	7.569124e+01
538	1.540223e+01	2.474947e+03	3.982018e+02	3.128902e+02	7.831506e+01	4.023748e+01	7.546579e+01
539	1.543086e+01	2.492207e+03	3.982671e+02	3.130161e+02	7.857937e+01	4.038180e+01	7.556175e+01
540	1.545949e+01	2.463191e+03	3.979738e+02	3.132493e+02	7.793636e+01	4.024094e+01	7.479617e+01
541	1.548812e+01	2.481113e+03	3.980649e+02	3.134045e+02	7.827030e+01	4.036080e+01	7.492467e+01
542	1.551675e+01	2.473212e+03	3.978846e+02	3.135408e+02	7.827583e+01	4.022942e+01	7.364108e+01
543	1.554538e+01	2.472877e+03	3.977566e+02	3.140017e+02	7.809586e+01	4.031667e+01	7.428116e+01
544	1.557401e+01	2.472874e+03	3.977725e+02	3.139461e+02	7.845303e+01	4.013307e+01	7.322030e+01
545	1.560263e+01	2.464724e+03	3.977581e+02	3.140674e+02	7.829627e+01	4.008089e+01	7.226406e+01
546	1.563126e+01	2.473118e+03	3.974939e+02	3.142536e+02	7.833758e+01	4.019619e+01	7.191093e+01
547	1.565989e+01	2.489958e+03	3.974564e+02	3.144312e+02	7.888566e+01	4.018871e+01	7.140926e+01
548	1.568852e+01	2.492408e+03	3.977363e+02	3.146103e+02	7.861795e+01	4.036523e+01	7.139835e+01
549	1.571715e+01	2.466542e+03	3.973878e+02	3.147188e+02	7.845415e+01	4.002974e+01	7.051494e+01
550	1.574578e+01	2.482613e+03	3.974953e+02	3.150190e+02	7.832166e+01	4.035872e+01	7.073801e+01
551	1.577441e+01	2.471602e+03	3.972030e+02	3.152500e+02	7.809689e+01	4.029535e+01	6.908759e+01
552	1.580303e+01	2.449244e+03	3.970972e+02	3.154597e+02	7.805074e+01	3.995446e+01	6.956151e+01
553	1.583166e+01	2.495886e+03	3.973205e+02	3.157282e+02	7.750143e+01	4.100389e+01	6.936795e+01
554	1.586029e+01	2.484435e+03	3.971128e+02	3.157896e+02	7.822465e+01	4.043842e+01	6.818980e+01
555	1.588892e+01	2.481237e+03	3.969938e+02	3.159978e+02	7.831618e+01	4.033916e+01	6.752366e+01
556	1.591755e+01	2.490144e+03	3.970030e+02	3.161906e+02	7.817488e+01	4.055715e+01	6.768504e+01
557	1.594618e+01	2.463077e+03	3.967185e+02	3.163186e+02	7.720805e+01	4.061866e+01	6.680513e+01
558	1.597481e+01	2.490198e+03	3.969317e+02	3.165024e+02	7.801849e+01	4.063933e+01	6.654771e+01
559	1.600344e+01	2.502801e+03	3.969915e+02	3.166462e+02	7.800608e+01	4.085149e+01	6.626254e+01
560	1.603206e+01	2.482802e+03	3.965717e+02	3.169139e+02	7.773409e+01	4.066687e+01	6.556906e+01
561	1.606069e+01	2.483703e+03	3.965501e+02	3.172107e+02	7.785452e+01	4.061869e+01	6.501075e+01
562	1.608932e+01	2.473376e+03	3.963907e+02	3.173621e+02	7.748743e+01	4.064143e+01	6.462803e+01
563	1.611795e+01	2.448419e+03	3.962733e+02	3.175228e+02	7.690953e+01	4.053365e+01	6.406151e+01
564	1.614658e+01	2.465565e+03	3.963336e+02	3.176974e+02	7.762083e+01	4.044345e+01	6.393539e+01
565	1.617521e+01	2.473593e+03	3.965390e+02	3.177544e+02	7.719337e+01	4.079984e+01	6.358340e+01
566	1.620384e+01	2.475932e+03	3.964894e+02	3.179073e+02	7.744968e+01	4.070326e+01	6.348982e+01
567	1.623246e+01	2.488301e+03	3.964527e+02	3.182342e+02	7.800472e+01	4.061554e+01	6.301999e+01
568	1.626109e+01	2.472117e+03	3.963380e+02	3.182884e+02	7.784169e+01	4.043589e+01	6.219831e+01
569	1.628972e+01	2.493946e+03	3.965009e+02	3.185404e+02	7.778365e+01	4.082337e+01	6.227137e+01
570	1.631835e+01	2.474730e+03	3.961187e+02	3.187456e+02	7.753285e+01	4.063986e+01	6.185849e+01
571	1.634698e+01	2.483264e+03	3.960225e+02	3.190105e+02	7.737330e+01	4.086410e+01	6.101410e+01
572	1.637561e+01	2.482565e+03	3.959789e+02	3.192856e+02	7.732835e+01	4.087633e+01	6.008622e+01
573	1.640424e+01	2.476990e+03	3.960105e+02	3.193052e+02	7.727888e+01	4.081065e+01	5.960147e+01
574	1.643287e+01	2.465657e+03	3.960335e+02	3.193981e+02	7.748085e+01	4.051804e+01	5.960229e+01
575	1.646149e+01	2.479610e+03	3.958771e+02	3.197914e+02	7.729613e+01	4.084470e+01	5.908238e+01
576	1.649012e+01	2.486241e+03	3.959183e+02	3.200936e+02	7.753284e+01	4.082890e+01	5.909902e+01
577	1.651875e+01	2.462992e+03	3.958196e+02	3.200625e+02	7.756139e+01	4.043222e+01	5.793417e+01
578	1.654738e+01	2.484309e+03	3.959355e+02	3.203446e+02	7.698437e+01	4.108783e+01	5.845340e+01
579	1.657601e+01	2.472531e+03	3.958598e+02	3.205769e+02	7.709778e+01	4.083288e+01	5.821469e+01
580	1.660464e+01	2.483660e+03	3.958364e+02	3.206442e+02	7.749244e+01	4.080777e+01	5.712857e+01
581	1.663327e+01	2.503609e+03	3.959797e+02	3.207068e+02	7.755330e+01	4.110327e+01	5.723862e+01
582	1.666190e+01	2.479429e+03	3.957183e+02	3.210608e+02	7.766150e+01	4.064957e+01	5.632872e+01
583	1.669052e+01	2.484440e+03	3.956555e+02	3.211416e+02	7.740551e+01	4.086644e+01	5.576761e+01
584	1.671915e+01	2.494220e+03	3.959088e+02	3.212858e+02	7.799231e+01	4.071863e+01	5.564951e+01
585	1.674778e+01	2.476634e+03	3.956772e+02	3.217760e+02	7.701353e+01	4.094538e+01	5.549866e+01
586	1.677641e+01	2.500643e+03	3.958145e+02	3.216606e+02	7.770241e+01	4.097580e+01	5.462552e+01
587	1.680504e+01	2.476753e+03	3.957443e+02	3.220178e+02	7.686356e+01	4.102724e+01	5.433981e+01
588	1.683367e+01	2.464510e+03	3.954743e+02	3.224583e+02	7.674854e+01	4.088562e+01	5.344309e+01
589	1.686230e+01	2.474204e+03	3.956147e+02	3.223206e+02	7.693956e+01	4.094453e+01	5.325589e+01
590	1.689092e+01	2.469027e+03	3.955598e+02	3.227133e+02	7.669047e+01	4.099157e+01	5.298267e+01
591	1.691955e+01	2.467773e+03	3.955143e+02	3.227912e+02	7.694595e+01	4.083472e+01	5.236624e+01
592	1.694818e+01	2.481226e+03	3.956455e+02	3.229282e+02	7.668381e+01	4.119768e+01	5.245958e+01
593	1.697681e+01	2.481586e+03	3.955230e+02	3.230794e+02	7.697065e+01	4.105010e+01	5.132089e+01
594	1.700544e+01	2.467424e+03	3.953058e+02	3.233780e+02	7.656897e+01	4.102996e+01	5.165624e+01
595	1.703407e+01	2.488401e+03	3.955448e+02	3.236209e+02	7.694080e+01	4.117881e+01	5.145507e+01
596	1.706270e+01	2.473827e+03	3.955856e+02	3.237047e+02	7.648013e+01	4.118422e+01	5.075064e+01
597	1.709133e+01	2.469935e+03	3.955823e+02	3.238723e+02	7.614690e+01	4.129936e+01	5.044772e+01
598	1.711995e+01	2.499948e+03	3.955812e+02	3.241245e+02	7.714443e+01	4.126070e+01	4.943797e+01
599	1.714858e+01	2.482203e+03	3.955814e+02	3.243099e+02	7.662820e+01	4.124381e+01	4.945343e+01
600	1.717721e+01	2.485882e+03	3.954776e+02	3.245174e+02	7.633309e+01	4.146462e+01	4.907526e+01
601	1.720584e+01	2.487508e+03	3.956606e+02	3.245535e+02	7.681207e+01	4.123302e+01	4.909341e+01
602	1.723447e+01	2.495826e+03	3.955473e+02	3.248234e+02	7.688644e+01	4.133088e+01	4.858405e+01
603	1.726310e+01	2.502310e+03	3.956160e+02	3.250397e+02	7.678231e+01	4.149445e+01	4.765145e+01
604	1.729173e+01	2.487591e+03	3.955461e+02	3.250615e+02	7.679947e+01	4.124116e+01	4.729222e+01
605	1.732035e+01	2.500594e+03	3.956097e+02	3.253221e+02	7.720181e+01	4.124068e+01	4.696033e+01
606	1.734898e+01	2.503765e+03	3.957144e+02	3.255133e+02	7.700343e+01	4.139935e+01	4.653095e+01
607	1.737761e+01	2.502385e+03	3.956328e+02	3.257245e+02	7.690118e+01	4.143155e+01	4.665915e+01
608	1.740624e+01	2.496672e+03	3.955904e+02	3.257510e+02	7.686745e+01	4.135510e+01	4.597726e+01
609	1.743487e+01	2.514247e+03	3.956592e+02	3.261710e+02	7.719544e+01	4.146926e+01	4.505852e+01
610	1.746350e+01	2.530075e+03	3.957673e+02	3.261543e+02	7.741069e+01	4.161430e+01	4.508482e+01
611	1.749213e+01	2.519301e+03	3.956261e+02	3.265200e+02	7.734568e+01	4.147192e+01	4.433898e+01
612	1.752076e+01	2.524715e+03	3.956173e+02	3.266766e+02	7.743163e+01	4.151491e+01	4.412754e+01
613	1.754938e+01	2.514603e+03	3.957128e+02	3.269162e+02	7.691366e+01	4.162709e+01	4.398495e+01
614	1.757801e+01	2.514940e+03	3.955123e+02	3.270974e+02	7.711658e+01	4.152312e+01	4.265725e+01
615	1.760664e+01	2.508695e+03	3.956042e+02	3.273380e+02	7.686884e+01	4.155351e+01	4.261678e+01
616	1.763527e+01	2.500440e+03	3.957453e+02	3.275374e+02	7.634576e+01	4.170055e+01	4.279865e+01
617	1.766390e+01	2.516260e+03	3.958083e+02	3.275815e+02	7.701783e+01	4.159819e+01	4.215972e+01
618	1.769253e+01	2.496125e+03	3.955332e+02	3.280692e+02	7.646565e+01	4.156330e+01	4.133291e+01
619	1.772116e+01	2.502982e+03	3.957006e+02	3.280972e+02	7.688163e+01	4.145198e+01	4.116241e+01
620	1.774979e+01	2.502605e+03	3.955646e+02	3.284756e+02	7.633209e+01	4.174411e+01	4.046094e+01
621	1.777841e+01	2.491605e+03	3.955512e+02	3.286758e+02	7.615402e+01	4.165781e+01	3.984636e+01
622	1.780704e+01	2.481703e+03	3.956593e+02	3.286627e+02	7.635835e+01	4.138124e+01	3.952477e+01
623	1.783567e+01	2.510420e+03	3.958786e+02	3.288575e+02	7.659940e+01	4.172835e+01	3.883533e+01
624	1.786430e+01	2.499779e+03	3.958276e+02	3.290985e+02	7.657822e+01	4.156295e+01	3.847417e+01
625	1.789293e+01	2.511988e+03	3.959897e+02	3.290734e+02	7.667624e+01	4.171256e+01	3.810796e+01
626	1.792156e+01	2.516740e+03	3.957167e+02	3.295408e+02	7.708227e+01	4.157134e+01	3.722492e+01
627	1.795019e+01	2.530861e+03	3.959455e+02	3.296345e+02	7.702942e+01	4.183326e+01	3.731078e+01
628	1.797881e+01	2.502628e+03	3.958703e+02	3.298665e+02	7.667116e+01	4.155990e+01	3.633150e+01
629	1.800744e+01	2.516475e+03	3.960814e+02	3.299870e+02	7.675629e+01	4.174348e+01	3.618449e+01
630	1.803607e+01	2.533141e+03	3.961748e+02	3.299888e+02	7.718840e+01	4.178472e+01	3.602464e+01
631	1.806470e+01	2.517780e+03	3.959210e+02	3.305271e+02	7.702418e+01	4.161989e+01	3.500266e+01
632	1.809333e+01	2.514226e+03	3.958628e+02	3.309954e+02	7.621020e+01	4.200504e+01	3.437066e+01
633	1.812196e+01	2.526653e+03	3.959665e+02	3.310919e+02	7.691447e+01	4.182613e+01	3.357122e+01
634	1.815059e+01	2.527427e+03	3.963007e+02	3.310000e+02	7.688895e+01	4.185283e+01	3.357089e+01
635	1.817922e+01	2.529923e+03	3.961263e+02	3.313710e+02	7.682735e+01	4.192775e+01	3.272321e+01
636	1.820784e+01	2.556079e+03	3.961690e+02	3.314968e+02	7.676605e+01	4.239505e+01	3.285611e+01
637	1.823647e+01	2.527122e+03	3.962916e+02	3.316838e+02	7.694630e+01	4.181658e+01	3.229133e+01
638	1.826510e+01	2.519761e+03	3.963608e+02	3.319313e+02	7.681985e+01	4.176342e+01	3.174741e+01
639	1.829373e+01	2.523169e+03	3.964412e+02	3.320473e+02	7.685908e+01	4.179855e+01	3.124106e+01
640	1.832236e+01	2.544571e+03	3.964973e+02	3.323178e+02	7.709158e+01	4.202596e+01	3.045497e+01
641	1.835099e+01	2.518527e+03	3.964297e+02	3.326487e+02	7.649033e+01	4.192280e+01	3.032709e+01
642	1.837962e+01	2.546689e+03	3.965459e+02	3.327414e+02	7.689534e+01	4.216829e+01	2.962737e+01
643	1.840825e+01	2.523045e+03	3.965441e+02	3.329927e+02	7.680402e+01	4.182647e+01	2.893565e+01
644	1.843687e+01	2.535730e+03	3.968105e+02	3.330321e+02	7.667743e+01	4.210615e+01	2.875366e+01
645	1.846550e+01	2.527386e+03	3.966976e+02	3.332053e+02	7.682508e+01	4.188694e+01	2.834822e+01
646	1.849413e+01	2.516740e+03	3.966784e+02	3.334950e+02	7.655598e+01	4.185712e+01	2.755245e+01
647	1.852276e+01	2.525563e+03	3.967238e+02	3.336708e+02	7.666930e+01	4.194177e+01	2.694950e+01
648	1.855139e+01	2.516356e+03	3.968506e+02	3.338982e+02	7.711565e+01	4.154699e+01	2.642255e+01
649	1.858002e+01	2.526629e+03	3.970621e+02	3.340512e+02	7.688828e+01	4.183998e+01	2.606481e+01
650	1.860865e+01	2.519281e+03	3.970385e+02	3.342054e+02	7.669592e+01	4.182293e+01	2.498711e+01
651	1.863727e+01	2.533581e+03	3.973671e+02	3.341422e+02	7.687328e+01	4.196328e+01	2.516480e+01
652	1.866590e+01	2.519930e+03	3.972818e+02	3.344412e+02	7.681941e+01	4.176645e+01	2.452399e+01
653	1.869453e+01	2.545798e+03	3.974288e+02	3.347986e+02	7.704415e+01	4.207211e+01	2.400699e+01
654	1.872316e+01	2.555853e+03	3.977617e+02	3.345452e+02	7.760354e+01	4.193382e+01	2.435407e+01
655	1.875179e+01	2.529905e+03	3.975900e+02	3.350801e+02	7.703603e+01	4.181387e+01	2.280021e+01
656	1.878042e+01	2.497299e+03	3.973687e+02	3.354897e+02	7.692175e+01	4.133630e+01	2.184492e+01
657	1.880905e+01	2.532854e+03	3.976711e+02	3.353269e+02	7.692905e+01	4.192084e+01	2.199610e+01
658	1.883768e+01	2.553576e+03	3.979055e+02	3.355611e+02	7.771402e+01	4.183691e+01	2.165724e+01
659	1.886630e+01	2.531619e+03	3.978206e+02	3.360013e+02	7.712937e+01	4.179158e+01	2.073540e+01
660	1.889493e+01	2.535585e+03	3.978556e+02	3.361248e+02	7.735920e+01	4.173269e+01	2.052662e+01
661	1.892356e+01	2.520332e+03	3.980049e+02	3.363403e+02	7.680101e+01	4.178313e+01	1.934879e+01
662	1.895219e+01	2.547220e+03	3.981845e+02	3.365470e+02	7.745060e+01	4.187470e+01	1.905081e+01
663	1.898082e+01	2.520865e+03	3.981209e+02	3.365277e+02	7.762597e+01	4.134782e+01	1.844690e+01
664	1.900945e+01	2.534664e+03	3.983623e+02	3.365949e+02	7.710147e+01	4.185697e+01	1.824245e+01
665	1.903808e+01	2.551187e+03	3.983400e+02	3.368218e+02	7.758469e+01	4.186745e+01	1.791142e+01
666	1.906670e+01	2.523379e+03	3.984315e+02	3.372013e+02	7.725614e+01	4.158719e+01	1.625213e+01
667	1.909533e+01	2.518258e+03	3.984976e+02	3.372224e+02	7.736771e+01	4.144294e+01	1.611669e+01
668	1.912396e+01	2.514879e+03	3.985859e+02	3.373152e+02	7.721539e+01	4.146897e+01	1.601079e+01
669	1.915259e+01	2.527036e+03	3.987061e+02	3.375380e+02	7.719656e+01	4.167960e+01	1.587330e+01
670	1.918122e+01	2.517327e+03	3.987550e+02	3.377078e+02	7.695448e+01	4.165009e+01	1.469435e+01
671	1.920985e+01	2.533095e+03	3.988216e+02	3.378758e+02	7.758026e+01	4.157291e+01	1.436363e+01
672	1.923848e+01	2.520093e+03	3.988278e+02	3.381899e+02	7.701140e+01	4.166503e+01	1.363490e+01
673	1.926711e+01	2.527864e+03	3.990181e+02	3.381906e+02	7.743585e+01	4.156443e+01	1.330673e+01
674	1.929573e+01	2.520209e+03	3.990624e+02	3.384350e+02	7.725114e+01	4.153764e+01	1.267941e+01
675	1.932436e+01	2.540473e+03	3.992283e+02	3.384583e+02	7.743397e+01	4.177276e+01	1.248395e+01
676	1.935299e+01	2.547840e+03	3.994265e+02	3.386845e+02	7.749374e+01	4.186158e+01	1.198261e+01
677	1.938162e+01	2.543090e+03	3.995624e+02	3.387425e+02	7.780442e+01	4.161669e+01	1.119519e+01
678	1.941025e+01	2.543586e+03	3.997288e+02	3.385703e+02	7.767972e+01	4.169164e+01	1.154841e+01
679	1.943888e+01	2.542663e+03	3.997002e+02	3.391704e+02	7.762047e+01	4.170831e+01	1.044023e+01
680	1.946751e+01	2.553222e+03	3.998065e+02	3.390038e+02	7.806973e+01	4.164051e+01	1.057813e+01
681	1.949614e+01	2.570753e+03	4.000839e+02	3.391851e+02	7.798139e+01	4.197392e+01	1.011430e+01
682	1.952476e+01	2.525608e+03	3.999445e+02	3.397249e+02	7.763369e+01	4.142150e+01	8.629484e+00
683	1.955339e+01	2.520676e+03	4.000135e+02	3.396167e+02	7.753459e+01	4.139346e+01	8.338427e+00
684	1.958202e+01	2.529950e+03	4.001136e+02	3.397431e+02	7.774322e+01	4.143425e+01	7.883367e+00
685	1.961065e+01	2.525839e+03	4.002609e+02	3.398895e+02	7.741963e+01	4.153983e+01	7.638467e+00
686	1.963928e+01	2.527514e+03	4.003616e+02	3.401562e+02	7.735219e+01	4.160361e+01	6.852256e+00
687	1.966791e+01	2.545882e+03	4.003481e+02	3.404027e+02	7.759776e+01	4.177335e+01	6.346123e+00
688	1.969654e+01	2.510919e+03	4.005605e+02	3.402997e+02	7.744515e+01	4.128084e+01	6.241123e+00
689	1.972516e+01	2.528340e+03	4.006704e+02	3.405663e+02	7.771431e+01	4.142328e+01	5.334636e+00
690	1.975379e+01	2.522562e+03	4.007566e+02	3.406086e+02	7.766700e+01	4.135380e+01	5.074420e+00
691	1.978242e+01	2.522771e+03	4.007836e+02	3.409001e+02	7.758276e+01	4.140213e+01	4.616302e+00
692	1.981105e+01	2.524205e+03	4.008300e+02	3.410682e+02	7.750838e+01	4.146543e+01	3.851210e+00
693	1.983968e+01	2.532081e+03	4.010930e+02	3.411413e+02	7.778455e+01	4.144712e+01	3.932248e+00
694	1.986831e+01	2.507610e+03	4.010313e+02	3.412000e+02	7.801801e+01	4.092373e+01	3.402238e+00
695	1.989694e+01	2.504665e+03	4.011408e+02	3.411553e+02	7.834021e+01	4.070755e+01	3.831279e+00
696	1.992557e+01	2.539035e+03	4.015294e+02	3.414106e+02	7.789086e+01	4.150423e+01	3.057849e+00
697	1.995419e+01	2.544689e+03	4.016614e+02	3.414975e+02	7.802343e+01	4.152597e+01	2.666871e+00
698	1.998282e+01	2.519415e+03	4.014612e+02	3.417133e+02	7.825354e+01	4.099264e+01	2.064989e+00
699	2.001145e+01	2.531521e+03	4.016730e+02	3.419711e+02	7.828242e+01	4.117442e+01	1.777615e+00
700	2.004008e+01	2.505622e+03	4.015567e+02	3.422512e+02	7.813230e+01	4.083147e+01	1.064792e+00
701	2.006871e+01	2.509241e+03	4.017995e+02	3.423456e+02	7.812749e+01	4.089296e+01	9.136745e-01
702	2.009734e+01	2.537795e+03	4.020562e+02	3.421662e+02	7.824793e+01	4.129465e+01	1.128256e+00
703	2.012597e+01	2.518681e+03	4.021582e+02	3.424671e+02	7.810247e+01	4.105995e+01	1.797814e+02
704	2.015459e+01	2.538106e+03	4.023295e+02	3.424375e+02	7.808968e+01	4.138341e+01	1.796775e+02
705	2.018322e+01	2.538643e+03	4.025651e+02	3.426621e+02	7.794269e+01	4.147022e+01	1.788367e+02
706	2.021185e+01	2.534577e+03	4.025636e+02	3.426842e+02	7.800464e+01	4.137092e+01	1.785759e+02
707	2.024048e+01	2.544463e+03	4.026998e+02	3.429794e+02	7.807033e+01	4.149733e+01	1.777774e+02
708	2.026911e+01	2.536416e+03	4.028336e+02	3.430428e+02	7.780021e+01	4.150972e+01	1.773461e+02
709	2.029774e+01	2.533581e+03	4.029449e+02	3.430896e+02	7.802509e+01	4.134383e+01	1.768974e+02
710	2.032637e+01	2.505005e+03	4.028928e+02	3.430888e+02	7.835444e+01	4.070568e+01	1.769881e+02
711	2.035500e+01	2.531507e+03	4.032935e+02	3.433471e+02	7.825066e+01	4.119090e+01	1.763466e+02
712	2.038362e+01	2.508151e+03	4.033491e+02	3.435940e+02	7.813526e+01	4.087114e+01	1.753747e+02
713	2.041225e+01	2.515454e+03	4.033350e+02	3.435601e+02	7.854293e+01	4.077739e+01	1.754713e+02
714	2.044088e+01	2.480396e+03	4.032545e+02	3.439354e+02	7.833352e+01	4.031656e+01	1.743199e+02
715	2.046951e+01	2.485470e+03	4.034178e+02	3.439594e+02	7.883270e+01	4.014322e+01	1.740981e+02
716	2.049814e+01	2.514223e+03	4.036478e+02	3.436800e+02	7.796547e+01	4.105930e+01	1.738197e+02
717	2.052677e+01	2.523572e+03	4.038246e+02	3.439519e+02	7.873438e+01	4.080951e+01	1.734782e+02
718	2.055540e+01	2.507781e+03	4.039509e+02	3.438004e+02	7.816981e+01	4.084705e+01	1.733279e+02
719	2.058403e+01	2.504329e+03	4.040347e+02	3.441128e+02	7.879281e+01	4.046830e+01	1.730052e+02
720	2.061265e+01	2.507713e+03	4.042783e+02	3.445953e+02	7.791511e+01	4.097946e+01	1.711105e+02
721	2.064128e+01	2.528507e+03	4.044934e+02	3.445539e+02	7.835534e+01	4.108712e+01	1.713973e+02
722	2.066991e+01	2.518726e+03	4.047420e+02	3.446977e+02	7.791816e+01	4.115782e+01	1.711909e+02
723	2.069854e+01	2.515768e+03	4.048632e+02	3.448107e+02	7.801992e+01	4.105586e+01	1.705486e+02
724	2.072717e+01	2.518867e+03	4.049800e+02	3.447810e+02	7.823930e+01	4.099118e+01	1.701462e+02
725	2.075580e+01	2.499696e+03	4.048241e+02	3.446723e+02	7.851574e+01	4.053598e+01	1.704930e+02
726	2.078443e+01	2.528405e+03	4.050164e+02	3.447242e+02	7.857028e+01	4.097306e+01	1.693019e+02
727	2.081305e+01	2.505101e+03	4.050472e+02	3.448121e+02	7.865823e+01	4.055003e+01	1.700053e+02
728	2.084168e+01	2.530295e+03	4.055219e+02	3.451932e+02	7.800572e+01	4.130046e+01	1.681536e+02
729	2.087031e+01	2.536411e+03	4.056096e+02	3.452412e+02	7.810418e+01	4.134809e+01	1.682500e+02
730	2.089894e+01	2.562830e+03	4.057460e+02	3.453241e+02	7.878571e+01	4.141737e+01	1.667367e+02
731	2.092757e+01	2.525113e+03	4.060053e+02	3.456424e+02	7.840423e+01	4.100639e+01	1.668105e+02
732	2.095620e+01	2.539589e+03	4.060959e+02	3.454573e+02	7.816979e+01	4.136514e+01	1.670180e+02
733	2.098483e+01	2.523037e+03	4.061409e+02	3.454524e+02	7.833952e+01	4.100651e+01	1.665474e+02
734	2.101346e+01	2.526401e+03	4.062941e+02	3.457570e+02	7.817427e+01	4.114799e+01	1.661526e+02
735	2.104208e+01	2.527549e+03	4.065100e+02	3.457049e+02	7.822002e+01	4.114260e+01	1.661166e+02
736	2.107071e+01	2.538688e+03	4.067787e+02	3.458513e+02	7.816912e+01	4.135083e+01	1.646445e+02
737	2.109934e+01	2.496018e+03	4.067317e+02	3.459944e+02	7.797260e+01	4.075828e+01	1.651999e+02
738	2.112797e+01	2.526438e+03	4.071182e+02	3.460502e+02	7.805170e+01	4.121320e+01	1.643640e+02
739	2.115660e+01	2.504100e+03	4.069720e+02	3.462045e+02	7.822669e+01	4.075744e+01	1.635068e+02
740	2.118523e+01	2.500008e+03	4.071035e+02	3.462029e+02	7.840203e+01	4.059983e+01	1.639228e+02
741	2.121386e+01	2.533687e+03	4.073541e+02	3.462624e+02	7.898206e+01	4.084460e+01	1.634482e+02
742	2.124248e+01	2.494115e+03	4.073119e+02	3.467335e+02	7.908472e+01	4.015447e+01	1.622711e+02
743	2.127111e+01	2.518183e+03	4.078036e+02	3.467513e+02	7.768761e+01	4.127106e+01	1.617638e+02
744	2.129974e+01	2.519293e+03	4.079279e+02	3.466514e+02	7.829118e+01	4.097095e+01	1.613754e+02
745	2.132837e+01	2.509439e+03	4.079154e+02	3.466858e+02	7.801335e+01	4.095603e+01	1.616995e+02
746	2.135700e+01	2.529388e+03	4.081457e+02	3.468916e+02	7.828225e+01	4.113980e+01	1.607072e+02
747	2.138563e+01	2.539243e+03	4.082886e+02	3.466678e+02	7.834180e+01	4.126870e+01	1.607492e+02
748	2.141426e+01	2.527656e+03	4.082417e+02	3.468680e+02	7.827209e+01	4.111697e+01	1.605624e+02
749	2.144289e+01	2.502786e+03	4.083617e+02	3.469991e+02	7.840272e+01	4.064460e+01	1.601849e+02
750	2.147151e+01	2.517733e+03	4.086117e+02	3.467932e+02	7.848557e+01	4.084416e+01	1.601770e+02
751	2.150014e+01	2.506702e+03	4.088433e+02	3.473265e+02	7.777601e+01	4.103620e+01	1.592497e+02
752	2.152877e+01	2.512406e+03	4.088387e+02	3.471809e+02	7.871320e+01	4.063987e+01	1.588422e+02
753	2.155740e+01	2.518167e+03	4.089496e+02	3.473572e+02	7.820896e+01	4.099568e+01	1.584711e+02
754	2.158603e+01	2.512727e+03	4.091570e+02	3.474839e+02	7.852452e+01	4.074273e+01	1.584652e+02
755	2.161466e+01	2.472668e+03	4.090984e+02	3.476707e+02	7.850908e+01	4.010108e+01	1.575320e+02
756	2.164329e+01	2.503991e+03	4.095202e+02	3.477040e+02	7.792696e+01	4.091241e+01	1.570556e+02
757	2.167192e+01	2.514279e+03	4.096515e+02	3.476299e+02	7.828009e+01	4.089519e+01	1.571216e+02
758	2.170054e+01	2.517096e+03	4.097404e+02	3.477305e+02	7.841689e+01	4.086959e+01	1.568963e+02
759	2.172917e+01	2.522923e+03	4.100190e+02	3.478086e+02	7.849995e+01	4.092086e+01	1.558580e+02
760	2.175780e+01	2.497932e+03	4.100676e+02	3.478410e+02	7.782121e+01	4.086889e+01	1.561529e+02
761	2.178643e+01	2.520496e+03	4.101316e+02	3.476541e+02	7.810704e+01	4.108715e+01	1.556266e+02
762	2.181506e+01	2.506301e+03	4.104817e+02	3.479764e+02	7.806772e+01	4.087632e+01	1.551153e+02
763	2.184369e+01	2.514860e+03	4.105964e+02	3.481064e+02	7.823736e+01	4.092699e+01	1.546326e+02
764	2.187232e+01	2.508899e+03	4.106423e+02	3.482794e+02	7.852153e+01	4.068222e+01	1.538438e+02
765	2.190094e+01	2.527322e+03	4.108757e+02	3.480891e+02	7.820004e+01	4.114941e+01	1.535759e+02
766	2.192957e+01	2.516155e+03	4.110960e+02	3.483744e+02	7.827451e+01	4.092862e+01	1.530852e+02
767	2.195820e+01	2.503714e+03	4.112167e+02	3.484005e+02	7.809444e+01	4.082017e+01	1.524583e+02
768	2.198683e+01	2.504597e+03	4.113464e+02	3.484386e+02	7.821477e+01	4.077174e+01	1.520861e+02
769	2.201546e+01	2.513656e+03	4.115837e+02	3.486273e+02	7.858170e+01	4.072813e+01	1.512841e+02
770	2.204409e+01	2.500438e+03	4.116319e+02	3.485331e+02	7.820026e+01	4.071158e+01	1.511930e+02
771	2.207272e+01	2.503497e+03	4.116686e+02	3.483942e+02	7.840536e+01	4.065475e+01	1.514497e+02
772	2.210135e+01	2.522555e+03	4.120969e+02	3.487400e+02	7.835651e+01	4.098978e+01	1.504110e+02
773	2.212997e+01	2.515753e+03	4.123236e+02	3.488188e+02	7.831043e+01	4.090331e+01	1.494788e+02
774	2.215860e+01	2.498849e+03	4.122870e+02	3.488366e+02	7.808733e+01	4.074455e+01	1.492831e+02
775	2.218723e+01	2.520061e+03	4.124270e+02	3.486721e+02	7.874978e+01	4.074476e+01	1.493206e+02
776	2.221586e+01	2.509028e+03	4.125667e+02	3.488707e+02	7.880457e+01	4.053817e+01	1.486987e+02
777	2.224449e+01	2.527278e+03	4.127994e+02	3.486669e+02	7.848073e+01	4.100153e+01	1.483394e+02
778	2.227312e+01	2.502002e+03	4.129647e+02	3.488588e+02	7.821303e+01	4.073041e+01	1.476378e+02
779	2.230175e+01	2.500583e+03	4.129126e+02	3.489137e+02	7.864143e+01	4.048555e+01	1.474098e+02
780	2.233038e+01	2.537404e+03	4.133408e+02	3.488394e+02	7.858147e+01	4.111304e+01	1.471140e+02
781	2.235900e+01	2.511249e+03	4.132778e+02	3.489706e+02	7.890699e+01	4.052140e+01	1.467507e+02
782	2.238763e+01	2.517944e+03	4.136780e+02	3.491434e+02	7.837991e+01	4.090265e+01	1.461105e+02
783	2.241626e+01	2.517587e+03	4.136328e+02	3.489861e+02	7.874480e+01	4.070734e+01	1.455618e+02
784	2.244489e+01	2.503567e+03	4.138648e+02	3.491068e+02	7.829945e+01	4.071089e+01	1.450277e+02
785	2.247352e+01	2.513213e+03	4.141286e+02	3.491731e+02	7.847115e+01	4.077834e+01	1.447258e+02
786	2.250215e+01	2.524931e+03	4.143012e+02	3.491420e+02	7.850406e+01	4.095129e+01	1.440641e+02
787	2.253078e+01	2.498703e+03	4.142646e+02	3.492132e+02	7.835021e+01	4.060548e+01	1.434922e+02
788	2.255940e+01	2.522642e+03	4.146471e+02	3.491977e+02	7.843927e+01	4.094795e+01	1.429159e+02
789	2.258803e+01	2.502602e+03	4.147173e+02	3.492949e+02	7.868896e+01	4.049376e+01	1.423251e+02
790	2.261666e+01	2.500568e+03	4.148554e+02	3.492462e+02	7.838780e+01	4.061629e+01	1.418347e+02
791	2.264529e+01	2.512194e+03	4.151897e+02	3.493340e+02	7.796104e+01	4.102850e+01	1.417173e+02
792	2.267392e+01	2.532258e+03	4.152860e+02	3.491347e+02	7.837106e+01	4.113982e+01	1.413583e+02
793	2.270255e+01	2.517364e+03	4.155573e+02	3.493409e+02	7.831708e+01	4.092603e+01	1.405004e+02
794	2.273118e+01	2.527837e+03	4.156447e+02	3.491685e+02	7.851025e+01	4.099518e+01	1.403406e+02
795	2.275981e+01	2.548393e+03	4.159374e+02	3.491699e+02	7.893710e+01	4.110507e+01	1.396145e+02
796	2.278843e+01	2.520056e+03	4.159855e+02	3.493232e+02	7.850907e+01	4.086961e+01	1.389048e+02
797	2.281706e+01	2.525468e+03	4.161494e+02	3.492986e+02	7.855373e+01	4.093409e+01	1.387926e+02
798	2.284569e+01	2.546940e+03	4.164054e+02	3.492665e+02	7.887799e+01	4.111242e+01	1.381005e+02
799	2.287432e+01	2.544965e+03	4.165618e+02	3.492274e+02	7.868011e+01	4.118385e+01	1.379132e+02
