1	2.867795e-02	2.623674e+03	4.400437e+02	4.013221e+02	7.996204e+01	4.177689e+01	9.345216e+01
2	5.735589e-02	2.630724e+03	4.398365e+02	4.007967e+02	7.991153e+01	4.191562e+01	9.455550e+01
3	8.603384e-02	2.614746e+03	4.397713e+02	4.002400e+02	7.985311e+01	4.169153e+01	9.571540e+01
4	1.147118e-01	2.620779e+03	4.395428e+02	3.997838e+02	7.986646e+01	4.178074e+01	9.696770e+01
5	1.433897e-01	2.622627e+03	4.393618e+02	3.991769e+02	7.984064e+01	4.182372e+01	9.780929e+01
6	1.720677e-01	2.613506e+03	4.393902e+02	3.986378e+02	7.959606e+01	4.180632e+01	9.866821e+01
7	2.007456e-01	2.627479e+03	4.391773e+02	3.980142e+02	8.000144e+01	4.181687e+01	1.002425e+02
8	2.294236e-01	2.615171e+03	4.392661e+02	3.975630e+02	7.946116e+01	4.190398e+01	1.011774e+02
9	2.581015e-01	2.612347e+03	4.390989e+02	3.969668e+02	7.945370e+01	4.186267e+01	1.023126e+02
10	2.867795e-01	2.615163e+03	4.388868e+02	3.963698e+02	7.918501e+01	4.205000e+01	1.035266e+02
11	3.154574e-01	2.636145e+03	4.387694e+02	3.958099e+02	7.950848e+01	4.221492e+01	1.052728e+02
12	3.441354e-01	2.629573e+03	4.387077e+02	3.952208e+02	7.926981e+01	4.223646e+01	1.057607e+02
13	3.728133e-01	2.633344e+03	4.387325e+02	3.947219e+02	7.949976e+01	4.217469e+01	1.073033e+02
14	4.014913e-01	2.628166e+03	4.387158e+02	3.941991e+02	7.946934e+01	4.210788e+01	1.083710e+02
15	4.301692e-01	2.629906e+03	4.386520e+02	3.935730e+02	7.934132e+01	4.220374e+01	1.095698e+02
16	4.588471e-01	2.628090e+03	4.386762e+02	3.928967e+02	7.895403e+01	4.238147e+01	1.108870e+02
17	4.875251e-01	2.625979e+03	4.387222e+02	3.924696e+02	7.871928e+01	4.247372e+01	1.120365e+02
18	5.162030e-01	2.632249e+03	4.388295e+02	3.918882e+02	7.894517e+01	4.245330e+01	1.133192e+02
19	5.448810e-01	2.626692e+03	4.386902e+02	3.912727e+02	7.872636e+01	4.248143e+01	1.144848e+02
20	5.735589e-01	2.638181e+03	4.388698e+02	3.907700e+02	7.868240e+01	4.269108e+01	1.159315e+02
21	6.022369e-01	2.635375e+03	4.388579e+02	3.901169e+02	7.904727e+01	4.244883e+01	1.168568e+02
22	6.309148e-01	2.655056e+03	4.387507e+02	3.896119e+02	7.905039e+01	4.276414e+01	1.177331e+02
23	6.595928e-01	2.633781e+03	4.387870e+02	3.889785e+02	7.885273e+01	4.252781e+01	1.195306e+02
24	6.882707e-01	2.634128e+03	4.389941e+02	3.884373e+02	7.865667e+01	4.263943e+01	1.207031e+02
25	7.169487e-01	2.627899e+03	4.391810e+02	3.879472e+02	7.846619e+01	4.264187e+01	1.218245e+02
26	7.456266e-01	2.626802e+03	4.392040e+02	3.872961e+02	7.869982e+01	4.249753e+01	1.226871e+02
27	7.743046e-01	2.644661e+03	4.393190e+02	3.867114e+02	7.878192e+01	4.274188e+01	1.238619e+02
28	8.029825e-01	2.653877e+03	4.394765e+02	3.862771e+02	7.883336e+01	4.286283e+01	1.255366e+02
29	8.316605e-01	2.647024e+03	4.394683e+02	3.856833e+02	7.903101e+01	4.264523e+01	1.266369e+02
30	8.603384e-01	2.641622e+03	4.397397e+02	3.851886e+02	7.882923e+01	4.266713e+01	1.279082e+02
31	8.890163e-01	2.637064e+03	4.398644e+02	3.845461e+02	7.846043e+01	4.279373e+01	1.290893e+02
32	9.176943e-01	2.651193e+03	4.400204e+02	3.841030e+02	7.837150e+01	4.307182e+01	1.300079e+02
33	9.463722e-01	2.651122e+03	4.404411e+02	3.836460e+02	7.852837e+01	4.298464e+01	1.320363e+02
34	9.750502e-01	2.630139e+03	4.407039e+02	3.830696e+02	7.809096e+01	4.288329e+01	1.328822e+02
35	1.003728e+00	2.642295e+03	4.409065e+02	3.825529e+02	7.843320e+01	4.289349e+01	1.342106e+02
36	1.032406e+00	2.644118e+03	4.411500e+02	3.821125e+02	7.847887e+01	4.289811e+01	1.352373e+02
37	1.061084e+00	2.645169e+03	4.412901e+02	3.814967e+02	7.821204e+01	4.306158e+01	1.367793e+02
38	1.089762e+00	2.634807e+03	4.416029e+02	3.809472e+02	7.806983e+01	4.297102e+01	1.382829e+02
39	1.118440e+00	2.644610e+03	4.417545e+02	3.803134e+02	7.821914e+01	4.304856e+01	1.392957e+02
40	1.147118e+00	2.642486e+03	4.420783e+02	3.798804e+02	7.837005e+01	4.293117e+01	1.405019e+02
41	1.175796e+00	2.646530e+03	4.423333e+02	3.794831e+02	7.812933e+01	4.312934e+01	1.417399e+02
42	1.204474e+00	2.651683e+03	4.425248e+02	3.790060e+02	7.842664e+01	4.304950e+01	1.429720e+02
43	1.233152e+00	2.659384e+03	4.428669e+02	3.785068e+02	7.834899e+01	4.321732e+01	1.442584e+02
44	1.261830e+00	2.652629e+03	4.431414e+02	3.780059e+02	7.840504e+01	4.307672e+01	1.452896e+02
45	1.290508e+00	2.644997e+03	4.433539e+02	3.774166e+02	7.820453e+01	4.306292e+01	1.468433e+02
46	1.319186e+00	2.631333e+03	4.437332e+02	3.770180e+02	7.788803e+01	4.301453e+01	1.477166e+02
47	1.347863e+00	2.648801e+03	4.440494e+02	3.765475e+02	7.802624e+01	4.322338e+01	1.495546e+02
48	1.376541e+00	2.652868e+03	4.444129e+02	3.761115e+02	7.800531e+01	4.330136e+01	1.507128e+02
49	1.405219e+00	2.662054e+03	4.447374e+02	3.755163e+02	7.811855e+01	4.338832e+01	1.518012e+02
50	1.433897e+00	2.659240e+03	4.451121e+02	3.752568e+02	7.829931e+01	4.324239e+01	1.534315e+02
51	1.462575e+00	2.649791e+03	4.455502e+02	3.748692e+02	7.816838e+01	4.316091e+01	1.546726e+02
52	1.491253e+00	2.647688e+03	4.459714e+02	3.745356e+02	7.809171e+01	4.316900e+01	1.556700e+02
53	1.519931e+00	2.716915e+03	4.458146e+02	3.740226e+02	7.748418e+01	4.464503e+01	1.566281e+02
54	1.548609e+00	2.650452e+03	4.466755e+02	3.735959e+02	7.817139e+01	4.317001e+01	1.585096e+02
55	1.577287e+00	2.649295e+03	4.470635e+02	3.731805e+02	7.795026e+01	4.327357e+01	1.596549e+02
56	1.605965e+00	2.664681e+03	4.475236e+02	3.729124e+02	7.817720e+01	4.339855e+01	1.611227e+02
57	1.634643e+00	2.655556e+03	4.480327e+02	3.726092e+02	7.795907e+01	4.337095e+01	1.623508e+02
58	1.663321e+00	2.681149e+03	4.482760e+02	3.720447e+02	7.851128e+01	4.348095e+01	1.634091e+02
59	1.691999e+00	2.671520e+03	4.487522e+02	3.717632e+02	7.805469e+01	4.357822e+01	1.648854e+02
60	1.720677e+00	2.647906e+03	4.493025e+02	3.712519e+02	7.820777e+01	4.310848e+01	1.661760e+02
61	1.749355e+00	2.664164e+03	4.496309e+02	3.708956e+02	7.777186e+01	4.361628e+01	1.669866e+02
62	1.778033e+00	2.659008e+03	4.501417e+02	3.706187e+02	7.802125e+01	4.339272e+01	1.688622e+02
63	1.806711e+00	2.648806e+03	4.505992e+02	3.704237e+02	7.832924e+01	4.305626e+01	1.702394e+02
64	1.835389e+00	2.648104e+03	4.511122e+02	3.701718e+02	7.819056e+01	4.312119e+01	1.719248e+02
65	1.864067e+00	2.667863e+03	4.517048e+02	3.697315e+02	7.820955e+01	4.343241e+01	1.733607e+02
66	1.892744e+00	2.661503e+03	4.520933e+02	3.694601e+02	7.824673e+01	4.330827e+01	1.742991e+02
67	1.921422e+00	2.680092e+03	4.524149e+02	3.691769e+02	7.874619e+01	4.333415e+01	1.750606e+02
68	1.950100e+00	2.650829e+03	4.532199e+02	3.693827e+02	7.789072e+01	4.333173e+01	1.775345e+02
69	1.978778e+00	2.657611e+03	4.537024e+02	3.691273e+02	7.829810e+01	4.321658e+01	1.792926e+02
70	2.007456e+00	2.648886e+03	4.543005e+02	3.687966e+02	7.808590e+01	4.319175e+01	4.635836e-01
71	2.036134e+00	2.637913e+03	4.547485e+02	3.688393e+02	7.754839e+01	4.331096e+01	1.646934e+00
72	2.064812e+00	2.680550e+03	4.551635e+02	3.683528e+02	7.835207e+01	4.355956e+01	3.204138e+00
73	2.093490e+00	2.700003e+03	4.555833e+02	3.684422e+02	7.866656e+01	4.370029e+01	5.535464e+00
74	2.122168e+00	2.674577e+03	4.562605e+02	3.681832e+02	7.824496e+01	4.352200e+01	6.325544e+00
75	2.150846e+00	2.676006e+03	4.568872e+02	3.678928e+02	7.826842e+01	4.353220e+01	7.927454e+00
76	2.179524e+00	2.669403e+03	4.574777e+02	3.678658e+02	7.830470e+01	4.340467e+01	9.308491e+00
77	2.208202e+00	2.678325e+03	4.580739e+02	3.675493e+02	7.869920e+01	4.333143e+01	1.081354e+01
78	2.236880e+00	2.664822e+03	4.585495e+02	3.676375e+02	7.824020e+01	4.336590e+01	1.256095e+01
79	2.265558e+00	2.676110e+03	4.591355e+02	3.674027e+02	7.872519e+01	4.328131e+01	1.399629e+01
80	2.294236e+00	2.652501e+03	4.596460e+02	3.675405e+02	7.801511e+01	4.328994e+01	1.535186e+01
81	2.322914e+00	2.646109e+03	4.602738e+02	3.676255e+02	7.799112e+01	4.319891e+01	1.705599e+01
82	2.351592e+00	2.664704e+03	4.608506e+02	3.673745e+02	7.865502e+01	4.313527e+01	1.833092e+01
83	2.380270e+00	2.656270e+03	4.613063e+02	3.672780e+02	7.804861e+01	4.333284e+01	1.965600e+01
84	2.408948e+00	2.670467e+03	4.618734e+02	3.671983e+02	7.854857e+01	4.328716e+01	2.132376e+01
85	2.437625e+00	2.650215e+03	4.623831e+02	3.673886e+02	7.803870e+01	4.323954e+01	2.299602e+01
86	2.466303e+00	2.653465e+03	4.629454e+02	3.674016e+02	7.817732e+01	4.321581e+01	2.422915e+01
87	2.494981e+00	2.658076e+03	4.635357e+02	3.673937e+02	7.830563e+01	4.321998e+01	2.540750e+01
88	2.523659e+00	2.665502e+03	4.641043e+02	3.673446e+02	7.847872e+01	4.324512e+01	2.678968e+01
89	2.552337e+00	2.681084e+03	4.645124e+02	3.673359e+02	7.844019e+01	4.351930e+01	2.843034e+01
90	2.581015e+00	2.663316e+03	4.653093e+02	3.674407e+02	7.859904e+01	4.314351e+01	2.993188e+01
91	2.609693e+00	2.655794e+03	4.659851e+02	3.673404e+02	7.836133e+01	4.315218e+01	3.080615e+01
92	2.638371e+00	2.661382e+03	4.663988e+02	3.675331e+02	7.828803e+01	4.328345e+01	3.252956e+01
93	2.667049e+00	2.665237e+03	4.670190e+02	3.675044e+02	7.829349e+01	4.334314e+01	3.384175e+01
94	2.695727e+00	2.651200e+03	4.676558e+02	3.676633e+02	7.826768e+01	4.312907e+01	3.506395e+01
95	2.724405e+00	2.662259e+03	4.680570e+02	3.678235e+02	7.873589e+01	4.305143e+01	3.659441e+01
96	2.753083e+00	2.655798e+03	4.686060e+02	3.679200e+02	7.826983e+01	4.320269e+01	3.798077e+01
97	2.781761e+00	2.637503e+03	4.692065e+02	3.680411e+02	7.794768e+01	4.308239e+01	3.919057e+01
98	2.810439e+00	2.646571e+03	4.697821e+02	3.681928e+02	7.826350e+01	4.305608e+01	4.092336e+01
99	2.839117e+00	2.661721e+03	4.703918e+02	3.683125e+02	7.850558e+01	4.316901e+01	4.176666e+01
100	2.867795e+00	2.654212e+03	4.709313e+02	3.684134e+02	7.839661e+01	4.310706e+01	4.305565e+01
101	2.896473e+00	2.661516e+03	4.714657e+02	3.686481e+02	7.861481e+01	4.310570e+01	4.510914e+01
102	2.925151e+00	2.658426e+03	4.721196e+02	3.687527e+02	7.876558e+01	4.297326e+01	4.600143e+01
103	2.953829e+00	2.661120e+03	4.727312e+02	3.689070e+02	7.887318e+01	4.295812e+01	4.731921e+01
104	2.982506e+00	2.653497e+03	4.731117e+02	3.692376e+02	7.903279e+01	4.274855e+01	4.896686e+01
105	3.011184e+00	2.643783e+03	4.737695e+02	3.694076e+02	7.884212e+01	4.269506e+01	5.064890e+01
106	3.039862e+00	2.632294e+03	4.741643e+02	3.697485e+02	7.841994e+01	4.273838e+01	5.230521e+01
107	3.068540e+00	2.621722e+03	4.745436e+02	3.701933e+02	7.821603e+01	4.267770e+01	5.387415e+01
108	3.097218e+00	2.632425e+03	4.752214e+02	3.703062e+02	7.880393e+01	4.253224e+01	5.491741e+01
109	3.125896e+00	2.632072e+03	4.756102e+02	3.707738e+02	7.880846e+01	4.252409e+01	5.662659e+01
110	3.154574e+00	2.633333e+03	4.762152e+02	3.709828e+02	7.871982e+01	4.259237e+01	5.762818e+01
111	3.183252e+00	2.625525e+03	4.766211e+02	3.714470e+02	7.890151e+01	4.236830e+01	5.932109e+01
112	3.211930e+00	2.630016e+03	4.772405e+02	3.716671e+02	7.897219e+01	4.240277e+01	6.056964e+01
113	3.240608e+00	2.641344e+03	4.777719e+02	3.719081e+02	7.948185e+01	4.231234e+01	6.165575e+01
114	3.269286e+00	2.623639e+03	4.782000e+02	3.723755e+02	7.913071e+01	4.221523e+01	6.351956e+01
115	3.297964e+00	2.644904e+03	4.786868e+02	3.725084e+02	7.897436e+01	4.264164e+01	6.426463e+01
116	3.326642e+00	2.616452e+03	4.790037e+02	3.731142e+02	7.888985e+01	4.222812e+01	6.597143e+01
117	3.355320e+00	2.643627e+03	4.798313e+02	3.732672e+02	7.956957e+01	4.230223e+01	6.636973e+01
118	3.383998e+00	2.617687e+03	4.805104e+02	3.742318e+02	7.951368e+01	4.191660e+01	6.957549e+01
119	3.412676e+00	2.636342e+03	4.810469e+02	3.745398e+02	7.985327e+01	4.203579e+01	7.027724e+01
120	3.441354e+00	2.615732e+03	4.813726e+02	3.750140e+02	7.960650e+01	4.183645e+01	7.203503e+01
121	3.470032e+00	2.625122e+03	4.817374e+02	3.753911e+02	7.981368e+01	4.187765e+01	7.298911e+01
122	3.498709e+00	2.613474e+03	4.822452e+02	3.758416e+02	7.982090e+01	4.168806e+01	7.416465e+01
123	3.527387e+00	2.622806e+03	4.827082e+02	3.762404e+02	8.016240e+01	4.165868e+01	7.550889e+01
124	3.556065e+00	2.622950e+03	4.829957e+02	3.767314e+02	7.997556e+01	4.175830e+01	7.678067e+01
125	3.584743e+00	2.619456e+03	4.835425e+02	3.770183e+02	7.986882e+01	4.175841e+01	7.735731e+01
126	3.613421e+00	2.606075e+03	4.839101e+02	3.775815e+02	7.989217e+01	4.153296e+01	7.897869e+01
127	3.642099e+00	2.617845e+03	4.842408e+02	3.780435e+02	8.004108e+01	4.164292e+01	8.037965e+01
128	3.670777e+00	2.613417e+03	4.846834e+02	3.785514e+02	8.022755e+01	4.147585e+01	8.081819e+01
129	3.699455e+00	2.617012e+03	4.851753e+02	3.790331e+02	8.015739e+01	4.156926e+01	8.204032e+01
130	3.728133e+00	2.606571e+03	4.853067e+02	3.797123e+02	7.982716e+01	4.157468e+01	8.363568e+01
131	3.756811e+00	2.604016e+03	4.858672e+02	3.801430e+02	8.028242e+01	4.129840e+01	8.429723e+01
132	3.785489e+00	2.609687e+03	4.861826e+02	3.806878e+02	8.052175e+01	4.126534e+01	8.541174e+01
133	3.814167e+00	2.618866e+03	4.866529e+02	3.810792e+02	8.058303e+01	4.137899e+01	8.618180e+01
134	3.842845e+00	2.602570e+03	4.870174e+02	3.816901e+02	8.024412e+01	4.129517e+01	8.740986e+01
135	3.871523e+00	2.605646e+03	4.873067e+02	3.821327e+02	8.039928e+01	4.126419e+01	8.826212e+01
136	3.900201e+00	2.593543e+03	4.874451e+02	3.827891e+02	8.050549e+01	4.101834e+01	9.030868e+01
137	3.928879e+00	2.599088e+03	4.876719e+02	3.833750e+02	8.012957e+01	4.129888e+01	9.103908e+01
138	3.957557e+00	2.593051e+03	4.881721e+02	3.838628e+02	8.073195e+01	4.089551e+01	9.182645e+01
139	3.986235e+00	2.606890e+03	4.885077e+02	3.844586e+02	8.081744e+01	4.107029e+01	9.268152e+01
140	4.014913e+00	2.603180e+03	4.887557e+02	3.850119e+02	8.073045e+01	4.105603e+01	9.397768e+01
141	4.043590e+00	2.607187e+03	4.891628e+02	3.854871e+02	8.038737e+01	4.129472e+01	9.432777e+01
142	4.072268e+00	2.607981e+03	4.896545e+02	3.860259e+02	8.015452e+01	4.142729e+01	9.500757e+01
143	4.100946e+00	2.610216e+03	4.898957e+02	3.867016e+02	8.066540e+01	4.120020e+01	9.633691e+01
144	4.129624e+00	2.607005e+03	4.900411e+02	3.871896e+02	8.040339e+01	4.128360e+01	9.708366e+01
145	4.158302e+00	2.601066e+03	4.904432e+02	3.878388e+02	8.051198e+01	4.113401e+01	9.805729e+01
146	4.186980e+00	2.618970e+03	4.907926e+02	3.883151e+02	8.044522e+01	4.145151e+01	9.926612e+01
147	4.215658e+00	2.629650e+03	4.907993e+02	3.889194e+02	8.034386e+01	4.167305e+01	1.002984e+02
148	4.244336e+00	2.614691e+03	4.910357e+02	3.895152e+02	8.014823e+01	4.153713e+01	1.009341e+02
149	4.273014e+00	2.621938e+03	4.911269e+02	3.900869e+02	8.011773e+01	4.166813e+01	1.025305e+02
150	4.301692e+00	2.604823e+03	4.912307e+02	3.908210e+02	7.996976e+01	4.147272e+01	1.033509e+02
151	4.330370e+00	2.591424e+03	4.916148e+02	3.914429e+02	7.955783e+01	4.147303e+01	1.044363e+02
152	4.359048e+00	2.624367e+03	4.917221e+02	3.919223e+02	7.995151e+01	4.179343e+01	1.058662e+02
153	4.387726e+00	2.606807e+03	4.918229e+02	3.926321e+02	7.954648e+01	4.172517e+01	1.067397e+02
154	4.416404e+00	2.600624e+03	4.918302e+02	3.933561e+02	7.953371e+01	4.163287e+01	1.075749e+02
155	4.445082e+00	2.618200e+03	4.918557e+02	3.939012e+02	7.984490e+01	4.175089e+01	1.093360e+02
156	4.473760e+00	2.619902e+03	4.920027e+02	3.944718e+02	7.959407e+01	4.190969e+01	1.104522e+02
157	4.502438e+00	2.613114e+03	4.921680e+02	3.952189e+02	7.948673e+01	4.185755e+01	1.111478e+02
158	4.531116e+00	2.600281e+03	4.922708e+02	3.959393e+02	7.917739e+01	4.181472e+01	1.121923e+02
159	4.559794e+00	2.617170e+03	4.922066e+02	3.964915e+02	7.976308e+01	4.177728e+01	1.134432e+02
160	4.588471e+00	2.612735e+03	4.923226e+02	3.972516e+02	7.966759e+01	4.175647e+01	1.145107e+02
161	4.617149e+00	2.600956e+03	4.923717e+02	3.979882e+02	7.912985e+01	4.185071e+01	1.152313e+02
162	4.645827e+00	2.608941e+03	4.923614e+02	3.985801e+02	7.901447e+01	4.204049e+01	1.166400e+02
163	4.674505e+00	2.615119e+03	4.924012e+02	3.992372e+02	7.951725e+01	4.187360e+01	1.180706e+02
164	4.703183e+00	2.609513e+03	4.922972e+02	3.998157e+02	7.871690e+01	4.220866e+01	1.189491e+02
165	4.731861e+00	2.619874e+03	4.923680e+02	4.005772e+02	7.880011e+01	4.233151e+01	1.195384e+02
166	4.760539e+00	2.621389e+03	4.921845e+02	4.009482e+02	7.878138e+01	4.236605e+01	1.213971e+02
167	4.789217e+00	2.634989e+03	4.920072e+02	4.016982e+02	7.931609e+01	4.229876e+01	1.225923e+02
168	4.817895e+00	2.635934e+03	4.921237e+02	4.025077e+02	7.920364e+01	4.237402e+01	1.235478e+02
169	4.846573e+00	2.626220e+03	4.921508e+02	4.033191e+02	7.900856e+01	4.232209e+01	1.238992e+02
170	4.875251e+00	2.598351e+03	4.920137e+02	4.039756e+02	7.839469e+01	4.220086e+01	1.253811e+02
171	4.903929e+00	2.612415e+03	4.919092e+02	4.046288e+02	7.833595e+01	4.246110e+01	1.264884e+02
172	4.932607e+00	2.598106e+03	4.916507e+02	4.051235e+02	7.828241e+01	4.225740e+01	1.279071e+02
173	4.961285e+00	2.608382e+03	4.915732e+02	4.056719e+02	7.870167e+01	4.219854e+01	1.290597e+02
174	4.989963e+00	2.620966e+03	4.913861e+02	4.063151e+02	7.867695e+01	4.241544e+01	1.300056e+02
175	5.018641e+00	2.611821e+03	4.912898e+02	4.071357e+02	7.840201e+01	4.241568e+01	1.307414e+02
176	5.047319e+00	2.620953e+03	4.910655e+02	4.077401e+02	7.834290e+01	4.259608e+01	1.321105e+02
177	5.075997e+00	2.637748e+03	4.909229e+02	4.081935e+02	7.879116e+01	4.262515e+01	1.338786e+02
178	5.104675e+00	2.616429e+03	4.905721e+02	4.088395e+02	7.829090e+01	4.255080e+01	1.348379e+02
179	5.133352e+00	2.621643e+03	4.904774e+02	4.095203e+02	7.863284e+01	4.245019e+01	1.357630e+02
180	5.162030e+00	2.607350e+03	4.902682e+02	4.102646e+02	7.825269e+01	4.242385e+01	1.367321e+02
181	5.190708e+00	2.624491e+03	4.900220e+02	4.107252e+02	7.844262e+01	4.259937e+01	1.387920e+02
182	5.219386e+00	2.625852e+03	4.897305e+02	4.114741e+02	7.839408e+01	4.264785e+01	1.393041e+02
183	5.248064e+00	2.608124e+03	4.895037e+02	4.122343e+02	7.836381e+01	4.237627e+01	1.404252e+02
184	5.276742e+00	2.621870e+03	4.893000e+02	4.129102e+02	7.855193e+01	4.249760e+01	1.418318e+02
185	5.305420e+00	2.637770e+03	4.888499e+02	4.132537e+02	7.877553e+01	4.263396e+01	1.431454e+02
186	5.334098e+00	2.617962e+03	4.886747e+02	4.141664e+02	7.818913e+01	4.263116e+01	1.438968e+02
187	5.362776e+00	2.633888e+03	4.883805e+02	4.146844e+02	7.873238e+01	4.259455e+01	1.450786e+02
188	5.391454e+00	2.684517e+03	4.877393e+02	4.153652e+02	7.793973e+01	4.385483e+01	1.456286e+02
189	5.420132e+00	2.630985e+03	4.878531e+02	4.159401e+02	7.851314e+01	4.266642e+01	1.471368e+02
190	5.448810e+00	2.654003e+03	4.874917e+02	4.162023e+02	7.904980e+01	4.274751e+01	1.485517e+02
191	5.477488e+00	2.634886e+03	4.872095e+02	4.169826e+02	7.858372e+01	4.269130e+01	1.498838e+02
192	5.506166e+00	2.636992e+03	4.867340e+02	4.175724e+02	7.891690e+01	4.254504e+01	1.506577e+02
193	5.534844e+00	2.621971e+03	4.864787e+02	4.181505e+02	7.838362e+01	4.259050e+01	1.520627e+02
194	5.563522e+00	2.639865e+03	4.860797e+02	4.186416e+02	7.855416e+01	4.278807e+01	1.538259e+02
195	5.592200e+00	2.618076e+03	4.857615e+02	4.192800e+02	7.835332e+01	4.254367e+01	1.551712e+02
196	5.620878e+00	2.640543e+03	4.853483e+02	4.196942e+02	7.848269e+01	4.283802e+01	1.558034e+02
197	5.649555e+00	2.635091e+03	4.851158e+02	4.204208e+02	7.845761e+01	4.276324e+01	1.577941e+02
198	5.678233e+00	2.650568e+03	4.844950e+02	4.207576e+02	7.884122e+01	4.280513e+01	1.590193e+02
199	5.706911e+00	2.636135e+03	4.840737e+02	4.214477e+02	7.871742e+01	4.263900e+01	1.599935e+02
200	5.735589e+00	2.630327e+03	4.836243e+02	4.219062e+02	7.831981e+01	4.276104e+01	1.610367e+02
201	5.764267e+00	2.618625e+03	4.831834e+02	4.224368e+02	7.833737e+01	4.256126e+01	1.622426e+02
202	5.792945e+00	2.634959e+03	4.828629e+02	4.228112e+02	7.837650e+01	4.280536e+01	1.640102e+02
203	5.821623e+00	2.617542e+03	4.822829e+02	4.233036e+02	7.851434e+01	4.244777e+01	1.648713e+02
204	5.850301e+00	2.642602e+03	4.816573e+02	4.237161e+02	7.861230e+01	4.280074e+01	1.658552e+02
205	5.878979e+00	2.629415e+03	4.812793e+02	4.241477e+02	7.827983e+01	4.276804e+01	1.674876e+02
206	5.907657e+00	2.657649e+03	4.808150e+02	4.244987e+02	7.845820e+01	4.312901e+01	1.691605e+02
207	5.936335e+00	2.623590e+03	4.802192e+02	4.251363e+02	7.831624e+01	4.265345e+01	1.701326e+02
208	5.965013e+00	2.638596e+03	4.797553e+02	4.256437e+02	7.818308e+01	4.297047e+01	1.713202e+02
209	5.993691e+00	2.686513e+03	4.788425e+02	4.260459e+02	7.793031e+01	4.389274e+01	1.727839e+02
210	6.022369e+00	2.642056e+03	4.786050e+02	4.263481e+02	7.839214e+01	4.291209e+01	1.737548e+02
211	6.051047e+00	2.627245e+03	4.781340e+02	4.267832e+02	7.797298e+01	4.290091e+01	1.751422e+02
212	6.079725e+00	2.622280e+03	4.775821e+02	4.271818e+02	7.834322e+01	4.261748e+01	1.762657e+02
213	6.108403e+00	2.621476e+03	4.770249e+02	4.276737e+02	7.772706e+01	4.294215e+01	1.773762e+02
214	6.137081e+00	2.659043e+03	4.762674e+02	4.276042e+02	7.853460e+01	4.310965e+01	1.776068e+02
215	6.165759e+00	2.633047e+03	4.758196e+02	4.281704e+02	7.785120e+01	4.306291e+01	3.514340e-01
216	6.194436e+00	2.648048e+03	4.752372e+02	4.287421e+02	7.811575e+01	4.316159e+01	2.206620e+00
217	6.223114e+00	2.627144e+03	4.748421e+02	4.288322e+02	7.781908e+01	4.298411e+01	2.619956e+00
218	6.251792e+00	2.630617e+03	4.742483e+02	4.290722e+02	7.816182e+01	4.285219e+01	4.455406e+00
219	6.280470e+00	2.632165e+03	4.736305e+02	4.293428e+02	7.761847e+01	4.317757e+01	5.679743e+00
220	6.309148e+00	2.636469e+03	4.729766e+02	4.296304e+02	7.779732e+01	4.314874e+01	7.128496e+00
221	6.337826e+00	2.643927e+03	4.724736e+02	4.297747e+02	7.805657e+01	4.312709e+01	8.658732e+00
222	6.366504e+00	2.644267e+03	4.719483e+02	4.301128e+02	7.789452e+01	4.322237e+01	9.593078e+00
223	6.395182e+00	2.637047e+03	4.713688e+02	4.300690e+02	7.794998e+01	4.307367e+01	1.143124e+01
224	6.423860e+00	2.641135e+03	4.706918e+02	4.303232e+02	7.830855e+01	4.294292e+01	1.232199e+01
225	6.452538e+00	2.667941e+03	4.699970e+02	4.304888e+02	7.829417e+01	4.338673e+01	1.374627e+01
226	6.481216e+00	2.644124e+03	4.695448e+02	4.306757e+02	7.836341e+01	4.296143e+01	1.534605e+01
227	6.509894e+00	2.660357e+03	4.687507e+02	4.309530e+02	7.862852e+01	4.307943e+01	1.601176e+01
228	6.538572e+00	2.645180e+03	4.681389e+02	4.311873e+02	7.838352e+01	4.296754e+01	1.769399e+01
229	6.567250e+00	2.666886e+03	4.677087e+02	4.310616e+02	7.869193e+01	4.315036e+01	1.864501e+01
230	6.595928e+00	2.640738e+03	4.668734e+02	4.315066e+02	7.831250e+01	4.293429e+01	1.956829e+01
231	6.624606e+00	2.641466e+03	4.663314e+02	4.316050e+02	7.823395e+01	4.298925e+01	2.103311e+01
232	6.653284e+00	2.647194e+03	4.655898e+02	4.318497e+02	7.815941e+01	4.312357e+01	2.279542e+01
233	6.681962e+00	2.645336e+03	4.650988e+02	4.318331e+02	7.843287e+01	4.294305e+01	2.372059e+01
234	6.710640e+00	2.662568e+03	4.642599e+02	4.319120e+02	7.854697e+01	4.316000e+01	2.532042e+01
235	6.739317e+00	2.653129e+03	4.637961e+02	4.317787e+02	7.854019e+01	4.301070e+01	2.591504e+01
236	6.767995e+00	2.668872e+03	4.632711e+02	4.317965e+02	7.902463e+01	4.300069e+01	2.732881e+01
237	6.796673e+00	2.653397e+03	4.623622e+02	4.319953e+02	7.893153e+01	4.280178e+01	2.910757e+01
238	6.825351e+00	2.656855e+03	4.619546e+02	4.317970e+02	7.875322e+01	4.295460e+01	3.031958e+01
239	6.854029e+00	2.654502e+03	4.613495e+02	4.318956e+02	7.907846e+01	4.274005e+01	3.162887e+01
240	6.882707e+00	2.645412e+03	4.606655e+02	4.318604e+02	7.860349e+01	4.285107e+01	3.240300e+01
241	6.911385e+00	2.673157e+03	4.599951e+02	4.318750e+02	7.902474e+01	4.306967e+01	3.379784e+01
242	6.940063e+00	2.669055e+03	4.593958e+02	4.318465e+02	7.907070e+01	4.297858e+01	3.522242e+01
243	6.968741e+00	2.646489e+03	4.588055e+02	4.317408e+02	7.876602e+01	4.278005e+01	3.659586e+01
244	6.997419e+00	2.655978e+03	4.583200e+02	4.315222e+02	7.903133e+01	4.278932e+01	3.825725e+01
245	7.026097e+00	2.657664e+03	4.576866e+02	4.314431e+02	7.914243e+01	4.275638e+01	3.919198e+01
246	7.054775e+00	2.657263e+03	4.569348e+02	4.314055e+02	7.902568e+01	4.281307e+01	4.004324e+01
247	7.083453e+00	2.653705e+03	4.564212e+02	4.312296e+02	7.885648e+01	4.284749e+01	4.170418e+01
248	7.112131e+00	2.652425e+03	4.556983e+02	4.312111e+02	7.892432e+01	4.279000e+01	4.307568e+01
249	7.140809e+00	2.651409e+03	4.551729e+02	4.310592e+02	7.916319e+01	4.264455e+01	4.457450e+01
250	7.169487e+00	2.649396e+03	4.546378e+02	4.307535e+02	7.907648e+01	4.265890e+01	4.538527e+01
251	7.198165e+00	2.649881e+03	4.539979e+02	4.306323e+02	7.919061e+01	4.260522e+01	4.698664e+01
252	7.226843e+00	2.642656e+03	4.533833e+02	4.304161e+02	7.882062e+01	4.268851e+01	4.847127e+01
253	7.255521e+00	2.658393e+03	4.528846e+02	4.301410e+02	7.924728e+01	4.271151e+01	4.969741e+01
254	7.284198e+00	2.646752e+03	4.523194e+02	4.299915e+02	7.925270e+01	4.252157e+01	5.102411e+01
255	7.312876e+00	2.642485e+03	4.517740e+02	4.297649e+02	7.936101e+01	4.239508e+01	5.209419e+01
256	7.341554e+00	2.654542e+03	4.511691e+02	4.295942e+02	7.939574e+01	4.256988e+01	5.304988e+01
257	7.370232e+00	2.656071e+03	4.505358e+02	4.293362e+02	7.952265e+01	4.252644e+01	5.469049e+01
258	7.398910e+00	2.652471e+03	4.500647e+02	4.290359e+02	7.954174e+01	4.245860e+01	5.590321e+01
259	7.427588e+00	2.643084e+03	4.494117e+02	4.287754e+02	7.960720e+01	4.227356e+01	5.726094e+01
260	7.456266e+00	2.646683e+03	4.488585e+02	4.285510e+02	7.939985e+01	4.244167e+01	5.817392e+01
261	7.484944e+00	2.633817e+03	4.484922e+02	4.281858e+02	7.932694e+01	4.227416e+01	5.973862e+01
262	7.513622e+00	2.645180e+03	4.476984e+02	4.280429e+02	7.971663e+01	4.224900e+01	6.077913e+01
263	7.542300e+00	2.651964e+03	4.472328e+02	4.276339e+02	7.953244e+01	4.245545e+01	6.187418e+01
264	7.570978e+00	2.646796e+03	4.468492e+02	4.272261e+02	7.977512e+01	4.224382e+01	6.335749e+01
265	7.599656e+00	2.628597e+03	4.462961e+02	4.270024e+02	7.979322e+01	4.194383e+01	6.405627e+01
266	7.628334e+00	2.636397e+03	4.458114e+02	4.266165e+02	7.980677e+01	4.206115e+01	6.492482e+01
267	7.657012e+00	2.636012e+03	4.452422e+02	4.263404e+02	7.996597e+01	4.197129e+01	6.604443e+01
268	7.685690e+00	2.638814e+03	4.448514e+02	4.258379e+02	7.987733e+01	4.206253e+01	6.735272e+01
269	7.714368e+00	2.636723e+03	4.441907e+02	4.255208e+02	7.997218e+01	4.197935e+01	6.840372e+01
270	7.743046e+00	2.630630e+03	4.438249e+02	4.251541e+02	7.965343e+01	4.204993e+01	6.973380e+01
271	7.771724e+00	2.629202e+03	4.432578e+02	4.247635e+02	7.975693e+01	4.197258e+01	7.076135e+01
272	7.800401e+00	2.637544e+03	4.428286e+02	4.242866e+02	8.020958e+01	4.186814e+01	7.181917e+01
273	7.829079e+00	2.623925e+03	4.422804e+02	4.240364e+02	7.998082e+01	4.177108e+01	7.317480e+01
274	7.857757e+00	2.635083e+03	4.419077e+02	4.234084e+02	8.015150e+01	4.185938e+01	7.454124e+01
275	7.886435e+00	2.626726e+03	4.416179e+02	4.229080e+02	7.989168e+01	4.186233e+01	7.576049e+01
276	7.915113e+00	2.636410e+03	4.410428e+02	4.225924e+02	8.027669e+01	4.181514e+01	7.683240e+01
277	7.943791e+00	2.623979e+03	4.408202e+02	4.221616e+02	8.022128e+01	4.164673e+01	7.784286e+01
278	7.972469e+00	2.621881e+03	4.403768e+02	4.216507e+02	8.041265e+01	4.151440e+01	7.904923e+01
279	8.001147e+00	2.623066e+03	4.399898e+02	4.211611e+02	8.053544e+01	4.146983e+01	8.006215e+01
280	8.029825e+00	2.621598e+03	4.395653e+02	4.207520e+02	8.016219e+01	4.163961e+01	8.117717e+01
281	8.058503e+00	2.599792e+03	4.392699e+02	4.201906e+02	8.009605e+01	4.132736e+01	8.221449e+01
282	8.087181e+00	2.611830e+03	4.388175e+02	4.197493e+02	8.026237e+01	4.143269e+01	8.359575e+01
283	8.115859e+00	2.608369e+03	4.384345e+02	4.192986e+02	8.084097e+01	4.108163e+01	8.451510e+01
284	8.144537e+00	2.621470e+03	4.379820e+02	4.186678e+02	8.026815e+01	4.158261e+01	8.542276e+01
285	8.173215e+00	2.627320e+03	4.378818e+02	4.180848e+02	8.014656e+01	4.173862e+01	8.670008e+01
286	8.201893e+00	2.618539e+03	4.374901e+02	4.175429e+02	8.004110e+01	4.165395e+01	8.791039e+01
287	8.230571e+00	2.611847e+03	4.370899e+02	4.171248e+02	8.054688e+01	4.128660e+01	8.948170e+01
288	8.259249e+00	2.611876e+03	4.369587e+02	4.165219e+02	8.026239e+01	4.143341e+01	9.032773e+01
289	8.287927e+00	2.612144e+03	4.366490e+02	4.159338e+02	8.001752e+01	4.156446e+01	9.168645e+01
290	8.316605e+00	2.629024e+03	4.363859e+02	4.153934e+02	8.035231e+01	4.165876e+01	9.272584e+01
291	8.345282e+00	2.625836e+03	4.361477e+02	4.147094e+02	8.017969e+01	4.169783e+01	9.397591e+01
292	8.373960e+00	2.621542e+03	4.360843e+02	4.141674e+02	7.994965e+01	4.174942e+01	9.517149e+01
293	8.402638e+00	2.620016e+03	4.359025e+02	4.135463e+02	7.985350e+01	4.177535e+01	9.614487e+01
294	8.431316e+00	2.627222e+03	4.356648e+02	4.129685e+02	8.005799e+01	4.178326e+01	9.779618e+01
295	8.459994e+00	2.632123e+03	4.354808e+02	4.124055e+02	7.984431e+01	4.197322e+01	9.894530e+01
296	8.488672e+00	2.634492e+03	4.353105e+02	4.118313e+02	7.984678e+01	4.200970e+01	1.000156e+02
297	8.517350e+00	2.636386e+03	4.350588e+02	4.111764e+02	7.980973e+01	4.205942e+01	1.009485e+02
298	8.546028e+00	2.633414e+03	4.350655e+02	4.107178e+02	7.963507e+01	4.210415e+01	1.016043e+02
299	8.574706e+00	2.634910e+03	4.349743e+02	4.102478e+02	7.953130e+01	4.218303e+01	1.026857e+02
300	8.603384e+00	2.626160e+03	4.348531e+02	4.095247e+02	7.951382e+01	4.205220e+01	1.036218e+02
301	8.632062e+00	2.621344e+03	4.347226e+02	4.090558e+02	7.919684e+01	4.214309e+01	1.047408e+02
302	8.660740e+00	2.642274e+03	4.345750e+02	4.082806e+02	7.967844e+01	4.222281e+01	1.063182e+02
303	8.689418e+00	2.631694e+03	4.343408e+02	4.077136e+02	7.907689e+01	4.237365e+01	1.071362e+02
304	8.718096e+00	2.623944e+03	4.344286e+02	4.071905e+02	7.906330e+01	4.225613e+01	1.083160e+02
305	8.746774e+00	2.631241e+03	4.342035e+02	4.065126e+02	7.907230e+01	4.236882e+01	1.092300e+02
306	8.775452e+00	2.644589e+03	4.341353e+02	4.058902e+02	7.935648e+01	4.243126e+01	1.103058e+02
307	8.804130e+00	2.628661e+03	4.340714e+02	4.052878e+02	7.883529e+01	4.245453e+01	1.117503e+02
308	8.832808e+00	2.645653e+03	4.340239e+02	4.047184e+02	7.931647e+01	4.246974e+01	1.123967e+02
309	8.861486e+00	2.620960e+03	4.341878e+02	4.041293e+02	7.903886e+01	4.222113e+01	1.138369e+02
310	8.890163e+00	2.631306e+03	4.340404e+02	4.034901e+02	7.883428e+01	4.249780e+01	1.146128e+02
311	8.918841e+00	2.642064e+03	4.339554e+02	4.029094e+02	7.881625e+01	4.268130e+01	1.159696e+02
312	8.947519e+00	2.644108e+03	4.339340e+02	4.022314e+02	7.891475e+01	4.266100e+01	1.168931e+02
313	8.976197e+00	2.654546e+03	4.339615e+02	4.017064e+02	7.907818e+01	4.274090e+01	1.180424e+02
314	9.004875e+00	2.647264e+03	4.340087e+02	4.011246e+02	7.913084e+01	4.259529e+01	1.192115e+02
315	9.033553e+00	2.648526e+03	4.338667e+02	4.003603e+02	7.885520e+01	4.276455e+01	1.204414e+02
316	9.062231e+00	2.653211e+03	4.339856e+02	3.998563e+02	7.903594e+01	4.274223e+01	1.214735e+02
317	9.090909e+00	2.656490e+03	4.341390e+02	3.993241e+02	7.895603e+01	4.283837e+01	1.227111e+02
318	9.119587e+00	2.653077e+03	4.342931e+02	3.987187e+02	7.890939e+01	4.280863e+01	1.237589e+02
319	9.148265e+00	2.658842e+03	4.344102e+02	3.981463e+02	7.880984e+01	4.295583e+01	1.250235e+02
320	9.176943e+00	2.649927e+03	4.345130e+02	3.973908e+02	7.858138e+01	4.293627e+01	1.260276e+02
321	9.205621e+00	2.653646e+03	4.347267e+02	3.967468e+02	7.850880e+01	4.303629e+01	1.271416e+02
322	9.234299e+00	2.632590e+03	4.347186e+02	3.961493e+02	7.845598e+01	4.272354e+01	1.283403e+02
323	9.262977e+00	2.652114e+03	4.349301e+02	3.956614e+02	7.860497e+01	4.295881e+01	1.297326e+02
324	9.291655e+00	2.650976e+03	4.349525e+02	3.949158e+02	7.868883e+01	4.289462e+01	1.306745e+02
325	9.320333e+00	2.651952e+03	4.352556e+02	3.944373e+02	7.861765e+01	4.294926e+01	1.319850e+02
326	9.349011e+00	2.659883e+03	4.353694e+02	3.938125e+02	7.873838e+01	4.301166e+01	1.331701e+02
327	9.377689e+00	2.642693e+03	4.356545e+02	3.933418e+02	7.822538e+01	4.301393e+01	1.346491e+02
328	9.406367e+00	2.658907e+03	4.357841e+02	3.926764e+02	7.867106e+01	4.303266e+01	1.356450e+02
329	9.435044e+00	2.653640e+03	4.361888e+02	3.922677e+02	7.849597e+01	4.304321e+01	1.370387e+02
330	9.463722e+00	2.643576e+03	4.364425e+02	3.916929e+02	7.801256e+01	4.314568e+01	1.378808e+02
331	9.492400e+00	2.650714e+03	4.366204e+02	3.911339e+02	7.811981e+01	4.320280e+01	1.394434e+02
332	9.521078e+00	2.651776e+03	4.369189e+02	3.906229e+02	7.830327e+01	4.311885e+01	1.406707e+02
333	9.549756e+00	2.658524e+03	4.372222e+02	3.901255e+02	7.837861e+01	4.318702e+01	1.421603e+02
334	9.578434e+00	2.661303e+03	4.374890e+02	3.895036e+02	7.866724e+01	4.307353e+01	1.431065e+02
335	9.607112e+00	2.658855e+03	4.377078e+02	3.889167e+02	7.870860e+01	4.301131e+01	1.444124e+02
336	9.635790e+00	2.655769e+03	4.380611e+02	3.884497e+02	7.838441e+01	4.313906e+01	1.459731e+02
337	9.664468e+00	2.684202e+03	4.381567e+02	3.879720e+02	7.796082e+01	4.383782e+01	1.471126e+02
338	9.693146e+00	2.653038e+03	4.386488e+02	3.873860e+02	7.830624e+01	4.313773e+01	1.480351e+02
339	9.721824e+00	2.649927e+03	4.389520e+02	3.869021e+02	7.815578e+01	4.317009e+01	1.493206e+02
340	9.750502e+00	2.648661e+03	4.393751e+02	3.863650e+02	7.780707e+01	4.334285e+01	1.504467e+02
341	9.779180e+00	2.662067e+03	4.395698e+02	3.857095e+02	7.792927e+01	4.349391e+01	1.516523e+02
342	9.807858e+00	2.653151e+03	4.399292e+02	3.851615e+02	7.804519e+01	4.328386e+01	1.521721e+02
343	9.836536e+00	2.644176e+03	4.403944e+02	3.847141e+02	7.808816e+01	4.311370e+01	1.541101e+02
344	9.865214e+00	2.653056e+03	4.407906e+02	3.841171e+02	7.833329e+01	4.312313e+01	1.556423e+02
345	9.893892e+00	2.655643e+03	4.411708e+02	3.837794e+02	7.800957e+01	4.334430e+01	1.560569e+02
346	9.922570e+00	2.659043e+03	4.415805e+02	3.831836e+02	7.841502e+01	4.317539e+01	1.579200e+02
347	9.951247e+00	2.654982e+03	4.420794e+02	3.828853e+02	7.827760e+01	4.318513e+01	1.587621e+02
348	9.979925e+00	2.660428e+03	4.426485e+02	3.825770e+02	7.829450e+01	4.326437e+01	1.603692e+02
349	1.000860e+01	2.663198e+03	4.429878e+02	3.819702e+02	7.815080e+01	4.338904e+01	1.615509e+02
350	1.003728e+01	2.667325e+03	4.434825e+02	3.817384e+02	7.827187e+01	4.338908e+01	1.629208e+02
351	1.006596e+01	2.664338e+03	4.440019e+02	3.812100e+02	7.838579e+01	4.327749e+01	1.648102e+02
352	1.009464e+01	2.644991e+03	4.444777e+02	3.809238e+02	7.801530e+01	4.316727e+01	1.655803e+02
353	1.012332e+01	2.666155e+03	4.451790e+02	3.805617e+02	7.835303e+01	4.332512e+01	1.673856e+02
354	1.015199e+01	2.655332e+03	4.456066e+02	3.800107e+02	7.839893e+01	4.312398e+01	1.688444e+02
355	1.018067e+01	2.660652e+03	4.460003e+02	3.797466e+02	7.832368e+01	4.325188e+01	1.700705e+02
356	1.020935e+01	2.664615e+03	4.464902e+02	3.795220e+02	7.775121e+01	4.363525e+01	1.709179e+02
357	1.023803e+01	2.669499e+03	4.469877e+02	3.789846e+02	7.823057e+01	4.344736e+01	1.725119e+02
358	1.026670e+01	2.662213e+03	4.476304e+02	3.788960e+02	7.787978e+01	4.352394e+01	1.739760e+02
359	1.029538e+01	2.670727e+03	4.481139e+02	3.785703e+02	7.801613e+01	4.358682e+01	1.754164e+02
360	1.032406e+01	2.652140e+03	4.486203e+02	3.782291e+02	7.796438e+01	4.331221e+01	1.764375e+02
361	1.035274e+01	2.660220e+03	4.491813e+02	3.779960e+02	7.794832e+01	4.345311e+01	1.780790e+02
362	1.038142e+01	2.654098e+03	4.497020e+02	3.776661e+02	7.820042e+01	4.321336e+01	1.794717e+02
363	1.041009e+01	2.710289e+03	4.500332e+02	3.767706e+02	7.930380e+01	4.351427e+01	1.787221e+02
364	1.043877e+01	2.643584e+03	4.508825e+02	3.773983e+02	7.717869e+01	4.361199e+01	2.674588e+00
365	1.046745e+01	2.670685e+03	4.514217e+02	3.768776e+02	7.852620e+01	4.330303e+01	4.143741e+00
366	1.049613e+01	2.664101e+03	4.521181e+02	3.766677e+02	7.820878e+01	4.337159e+01	5.565768e+00
367	1.052481e+01	2.664443e+03	4.526850e+02	3.765057e+02	7.822576e+01	4.336774e+01	6.730507e+00
368	1.055348e+01	2.667202e+03	4.532397e+02	3.763105e+02	7.824549e+01	4.340170e+01	8.406103e+00
369	1.058216e+01	2.653662e+03	4.538646e+02	3.760663e+02	7.837454e+01	4.311026e+01	9.454131e+00
370	1.061084e+01	2.666626e+03	4.543747e+02	3.759438e+02	7.807916e+01	4.348476e+01	1.091341e+01
371	1.063952e+01	2.664453e+03	4.549263e+02	3.758446e+02	7.789097e+01	4.355431e+01	1.267943e+01
372	1.066820e+01	2.678762e+03	4.556407e+02	3.755505e+02	7.834900e+01	4.353222e+01	1.445767e+01
373	1.069687e+01	2.662606e+03	4.562094e+02	3.756081e+02	7.814714e+01	4.338144e+01	1.555628e+01
374	1.072555e+01	2.666038e+03	4.568832e+02	3.753988e+02	7.806737e+01	4.348175e+01	1.743457e+01
375	1.075423e+01	2.674978e+03	4.574556e+02	3.753700e+02	7.835220e+01	4.346895e+01	1.877012e+01
376	1.078291e+01	2.663456e+03	4.581389e+02	3.752871e+02	7.833889e+01	4.328907e+01	1.984146e+01
377	1.081159e+01	2.683739e+03	4.588013e+02	3.751878e+02	7.864989e+01	4.344626e+01	2.152415e+01
378	1.084026e+01	2.666164e+03	4.594092e+02	3.752244e+02	7.841238e+01	4.329247e+01	2.275982e+01
379	1.086894e+01	2.689780e+03	4.600972e+02	3.750820e+02	7.863182e+01	4.355404e+01	2.450514e+01
380	1.089762e+01	2.660763e+03	4.606868e+02	3.752768e+02	7.810938e+01	4.337236e+01	2.538971e+01
381	1.092630e+01	2.685969e+03	4.613855e+02	3.751050e+02	7.901663e+01	4.328053e+01	2.713412e+01
382	1.095498e+01	2.665880e+03	4.619155e+02	3.753530e+02	7.839915e+01	4.329515e+01	2.871157e+01
383	1.098365e+01	2.677991e+03	4.625513e+02	3.753149e+02	7.868546e+01	4.333361e+01	2.984902e+01
384	1.101233e+01	2.671814e+03	4.632961e+02	3.752239e+02	7.881953e+01	4.316010e+01	3.125883e+01
385	1.104101e+01	2.660084e+03	4.637471e+02	3.755208e+02	7.831351e+01	4.324827e+01	3.285040e+01
386	1.106969e+01	2.666096e+03	4.642797e+02	3.755311e+02	7.834380e+01	4.332927e+01	3.419584e+01
387	1.109837e+01	2.675192e+03	4.649705e+02	3.755369e+02	7.901662e+01	4.310688e+01	3.545528e+01
388	1.112704e+01	2.665007e+03	4.656402e+02	3.755276e+02	7.864158e+01	4.314757e+01	3.662682e+01
389	1.115572e+01	2.677369e+03	4.661754e+02	3.755547e+02	7.861853e+01	4.336041e+01	3.792759e+01
390	1.118440e+01	2.661541e+03	4.668084e+02	3.757322e+02	7.818018e+01	4.334575e+01	3.938243e+01
391	1.121308e+01	2.657166e+03	4.674051e+02	3.758930e+02	7.862599e+01	4.302913e+01	4.088744e+01
392	1.124176e+01	2.665607e+03	4.679010e+02	3.759494e+02	7.859241e+01	4.318428e+01	4.183734e+01
393	1.127043e+01	2.662765e+03	4.687174e+02	3.761112e+02	7.871574e+01	4.307065e+01	4.323811e+01
394	1.129911e+01	2.660169e+03	4.692103e+02	3.761471e+02	7.863956e+01	4.307033e+01	4.476510e+01
395	1.132779e+01	2.649022e+03	4.697072e+02	3.764764e+02	7.866698e+01	4.287491e+01	4.601202e+01
396	1.135647e+01	2.668768e+03	4.703510e+02	3.766144e+02	7.908350e+01	4.296701e+01	4.713213e+01
397	1.138514e+01	2.662074e+03	4.707334e+02	3.769283e+02	7.870619e+01	4.306470e+01	4.830165e+01
398	1.141382e+01	2.657837e+03	4.715018e+02	3.769628e+02	7.878447e+01	4.295344e+01	4.928119e+01
399	1.144250e+01	2.650033e+03	4.721193e+02	3.772105e+02	7.844962e+01	4.301011e+01	5.052107e+01
400	1.147118e+01	2.653528e+03	4.726555e+02	3.776057e+02	7.891106e+01	4.281499e+01	5.195124e+01
401	1.149986e+01	2.650622e+03	4.730970e+02	3.779333e+02	7.884148e+01	4.280585e+01	5.339684e+01
402	1.152853e+01	2.658650e+03	4.737950e+02	3.781500e+02	7.916569e+01	4.275966e+01	5.443996e+01
403	1.155721e+01	2.644540e+03	4.743268e+02	3.784378e+02	7.922759e+01	4.249949e+01	5.595509e+01
404	1.158589e+01	2.655522e+03	4.749672e+02	3.786750e+02	7.951269e+01	4.252297e+01	5.705376e+01
405	1.161457e+01	2.658643e+03	4.754538e+02	3.789655e+02	7.943250e+01	4.261592e+01	5.837355e+01
406	1.164325e+01	2.645085e+03	4.759889e+02	3.793179e+02	7.932298e+01	4.245714e+01	5.985490e+01
407	1.167192e+01	2.650559e+03	4.764937e+02	3.796153e+02	7.946642e+01	4.246822e+01	6.092152e+01
408	1.170060e+01	2.633597e+03	4.769926e+02	3.800047e+02	7.912569e+01	4.237813e+01	6.240041e+01
409	1.172928e+01	2.653573e+03	4.776716e+02	3.801060e+02	7.957899e+01	4.245636e+01	6.288687e+01
410	1.175796e+01	2.645602e+03	4.783467e+02	3.804791e+02	7.959764e+01	4.231891e+01	6.414594e+01
411	1.178664e+01	2.644818e+03	4.787533e+02	3.809253e+02	7.997160e+01	4.210854e+01	6.535425e+01
412	1.181531e+01	2.643479e+03	4.792871e+02	3.814065e+02	7.976119e+01	4.219824e+01	6.678687e+01
413	1.184399e+01	2.633527e+03	4.796501e+02	3.819227e+02	7.959868e+01	4.212521e+01	6.814425e+01
414	1.187267e+01	2.640004e+03	4.802820e+02	3.822014e+02	7.962828e+01	4.221310e+01	6.920499e+01
415	1.190135e+01	2.629822e+03	4.806912e+02	3.827833e+02	7.984405e+01	4.193667e+01	7.096170e+01
416	1.193003e+01	2.618624e+03	4.810855e+02	3.832326e+02	7.961633e+01	4.187754e+01	7.206297e+01
417	1.195870e+01	2.626041e+03	4.814363e+02	3.836462e+02	7.998855e+01	4.180073e+01	7.315216e+01
418	1.198738e+01	2.620236e+03	4.819774e+02	3.840594e+02	8.002576e+01	4.168892e+01	7.444139e+01
419	1.201606e+01	2.604699e+03	4.824626e+02	3.845701e+02	8.003643e+01	4.143621e+01	7.571169e+01
420	1.204474e+01	2.600417e+03	4.830690e+02	3.849580e+02	7.976168e+01	4.151057e+01	7.671448e+01
421	1.207342e+01	2.599229e+03	4.834032e+02	3.854486e+02	7.977317e+01	4.148565e+01	7.789066e+01
422	1.210209e+01	2.604197e+03	4.837480e+02	3.860000e+02	7.991599e+01	4.149065e+01	7.910171e+01
423	1.213077e+01	2.611853e+03	4.843163e+02	3.864576e+02	8.020964e+01	4.146028e+01	8.011494e+01
424	1.215945e+01	2.623606e+03	4.848276e+02	3.867638e+02	8.009035e+01	4.170889e+01	8.079306e+01
425	1.218813e+01	2.610784e+03	4.851239e+02	3.874697e+02	8.034537e+01	4.137331e+01	8.190100e+01
426	1.221681e+01	2.605446e+03	4.856394e+02	3.879731e+02	8.064570e+01	4.113495e+01	8.309244e+01
427	1.224548e+01	2.618494e+03	4.862014e+02	3.882683e+02	8.030817e+01	4.151471e+01	8.361622e+01
428	1.227416e+01	2.637460e+03	4.867589e+02	3.888048e+02	8.072689e+01	4.159851e+01	8.434810e+01
429	1.230284e+01	2.636158e+03	4.872251e+02	3.892277e+02	8.043453e+01	4.172910e+01	8.538719e+01
430	1.233152e+01	2.637901e+03	4.873463e+02	3.898678e+02	8.019922e+01	4.187922e+01	8.653220e+01
431	1.236020e+01	2.613363e+03	4.879985e+02	3.905112e+02	8.057236e+01	4.129750e+01	8.747735e+01
432	1.238887e+01	2.612714e+03	4.880835e+02	3.911888e+02	8.085213e+01	4.114439e+01	8.872223e+01
433	1.241755e+01	2.618976e+03	4.884035e+02	3.915972e+02	8.047780e+01	4.143482e+01	9.017891e+01
434	1.244623e+01	2.648274e+03	4.888483e+02	3.921920e+02	8.088810e+01	4.168583e+01	9.104284e+01
435	1.247491e+01	2.610909e+03	4.890103e+02	3.929164e+02	8.045778e+01	4.131747e+01	9.228401e+01
436	1.250358e+01	2.605056e+03	4.894367e+02	3.935257e+02	8.075820e+01	4.107150e+01	9.291865e+01
437	1.253226e+01	2.623359e+03	4.897781e+02	3.941921e+02	8.066460e+01	4.140806e+01	9.429280e+01
438	1.256094e+01	2.622903e+03	4.900906e+02	3.945964e+02	8.046062e+01	4.150581e+01	9.565658e+01
439	1.258962e+01	2.601794e+03	4.904161e+02	3.953929e+02	8.053108e+01	4.113575e+01	9.612859e+01
440	1.261830e+01	2.589436e+03	4.906109e+02	3.960203e+02	8.003532e+01	4.119397e+01	9.712041e+01
441	1.264697e+01	2.615564e+03	4.906533e+02	3.965981e+02	7.988953e+01	4.168555e+01	9.855016e+01
442	1.267565e+01	2.607855e+03	4.912498e+02	3.972498e+02	7.976465e+01	4.162776e+01	9.940006e+01
443	1.270433e+01	2.628122e+03	4.913341e+02	3.978038e+02	8.028406e+01	4.167987e+01	1.006121e+02
444	1.273301e+01	2.629386e+03	4.917029e+02	3.983883e+02	8.048046e+01	4.159816e+01	1.018737e+02
445	1.276169e+01	2.619743e+03	4.918681e+02	3.990347e+02	8.010790e+01	4.163834e+01	1.027109e+02
446	1.279036e+01	2.608098e+03	4.920579e+02	3.998207e+02	8.008252e+01	4.146640e+01	1.035874e+02
447	1.281904e+01	2.589978e+03	4.923984e+02	4.006227e+02	7.958213e+01	4.143721e+01	1.045959e+02
448	1.284772e+01	2.624493e+03	4.923838e+02	4.011473e+02	8.007720e+01	4.172983e+01	1.063115e+02
449	1.287640e+01	2.604877e+03	4.925852e+02	4.018882e+02	7.978660e+01	4.156878e+01	1.070256e+02
450	1.290508e+01	2.613973e+03	4.927860e+02	4.025630e+02	7.989203e+01	4.165889e+01	1.081679e+02
451	1.293375e+01	2.621891e+03	4.930340e+02	4.033012e+02	8.030126e+01	4.157213e+01	1.090771e+02
452	1.296243e+01	2.604911e+03	4.929465e+02	4.038880e+02	7.954088e+01	4.169775e+01	1.104002e+02
453	1.299111e+01	2.614431e+03	4.931844e+02	4.046258e+02	7.953055e+01	4.185558e+01	1.112281e+02
454	1.301979e+01	2.620311e+03	4.932376e+02	4.053732e+02	7.933388e+01	4.205371e+01	1.127846e+02
455	1.304847e+01	2.618747e+03	4.932230e+02	4.060304e+02	7.987638e+01	4.174316e+01	1.134452e+02
456	1.307714e+01	2.639903e+03	4.932092e+02	4.065423e+02	8.015587e+01	4.193366e+01	1.143793e+02
457	1.310582e+01	2.632812e+03	4.934901e+02	4.075044e+02	7.967359e+01	4.207417e+01	1.138001e+02
458	1.313450e+01	2.611530e+03	4.938636e+02	4.080877e+02	7.851664e+01	4.234903e+01	1.160730e+02
459	1.316318e+01	2.628496e+03	4.936550e+02	4.089742e+02	7.882607e+01	4.245683e+01	1.161724e+02
460	1.319186e+01	2.593698e+03	4.939099e+02	4.097405e+02	7.852914e+01	4.205317e+01	1.176608e+02
461	1.322053e+01	2.634669e+03	4.937968e+02	4.102624e+02	7.882628e+01	4.255643e+01	1.190013e+02
462	1.324921e+01	2.617632e+03	4.940840e+02	4.111614e+02	7.893257e+01	4.222430e+01	1.200417e+02
463	1.327789e+01	2.614259e+03	4.939758e+02	4.116819e+02	7.874401e+01	4.227088e+01	1.211571e+02
464	1.330657e+01	2.628750e+03	4.937680e+02	4.122836e+02	7.906892e+01	4.233053e+01	1.223666e+02
465	1.333525e+01	2.607833e+03	4.939709e+02	4.132880e+02	7.867106e+01	4.220607e+01	1.230314e+02
466	1.336392e+01	2.602556e+03	4.938162e+02	4.139242e+02	7.803038e+01	4.246651e+01	1.244224e+02
467	1.339260e+01	2.616779e+03	4.938251e+02	4.146215e+02	7.838686e+01	4.250439e+01	1.250990e+02
468	1.342128e+01	2.607456e+03	4.936112e+02	4.152541e+02	7.821223e+01	4.244753e+01	1.267942e+02
469	1.344996e+01	2.628958e+03	4.935996e+02	4.158148e+02	7.876727e+01	4.249598e+01	1.281642e+02
470	1.347863e+01	2.633045e+03	4.935501e+02	4.166858e+02	7.864165e+01	4.263005e+01	1.288163e+02
471	1.350731e+01	2.624171e+03	4.932940e+02	4.173307e+02	7.868054e+01	4.246537e+01	1.300661e+02
472	1.353599e+01	2.639644e+03	4.931829e+02	4.180326e+02	7.890045e+01	4.259670e+01	1.310031e+02
473	1.356467e+01	2.637066e+03	4.930650e+02	4.186167e+02	7.870276e+01	4.266200e+01	1.321557e+02
474	1.359335e+01	2.640402e+03	4.930249e+02	4.194043e+02	7.856882e+01	4.278878e+01	1.333852e+02
475	1.362202e+01	2.654274e+03	4.927008e+02	4.201153e+02	7.880524e+01	4.288454e+01	1.338961e+02
476	1.365070e+01	2.643016e+03	4.926010e+02	4.208183e+02	7.890962e+01	4.264616e+01	1.357393e+02
477	1.367938e+01	2.619283e+03	4.923849e+02	4.215214e+02	7.845786e+01	4.250658e+01	1.366498e+02
478	1.370806e+01	2.620475e+03	4.923301e+02	4.224333e+02	7.851282e+01	4.249615e+01	1.373928e+02
479	1.373674e+01	2.624559e+03	4.920286e+02	4.230527e+02	7.827534e+01	4.269151e+01	1.384847e+02
480	1.376541e+01	2.627291e+03	4.918865e+02	4.237062e+02	7.838425e+01	4.267657e+01	1.398027e+02
481	1.379409e+01	2.617984e+03	4.915140e+02	4.242192e+02	7.825159e+01	4.259747e+01	1.411205e+02
482	1.382277e+01	2.627631e+03	4.913775e+02	4.250810e+02	7.848822e+01	4.262556e+01	1.419605e+02
483	1.385145e+01	2.618642e+03	4.910787e+02	4.256441e+02	7.828871e+01	4.258799e+01	1.430819e+02
484	1.388013e+01	2.630363e+03	4.907874e+02	4.262894e+02	7.846461e+01	4.268270e+01	1.443120e+02
485	1.390880e+01	2.640892e+03	4.905499e+02	4.271833e+02	7.869157e+01	4.272997e+01	1.451738e+02
486	1.393748e+01	2.611445e+03	4.903344e+02	4.278572e+02	7.833016e+01	4.244847e+01	1.459682e+02
487	1.396616e+01	2.633219e+03	4.899530e+02	4.284364e+02	7.866612e+01	4.261959e+01	1.472393e+02
488	1.399484e+01	2.655280e+03	4.896216e+02	4.289731e+02	7.897044e+01	4.281105e+01	1.487232e+02
489	1.402352e+01	2.638238e+03	4.892458e+02	4.296853e+02	7.865376e+01	4.270755e+01	1.496623e+02
490	1.405219e+01	2.617058e+03	4.889137e+02	4.302407e+02	7.813625e+01	4.264527e+01	1.511590e+02
491	1.408087e+01	2.646527e+03	4.885544e+02	4.308860e+02	7.894483e+01	4.268376e+01	1.521465e+02
492	1.410955e+01	2.652783e+03	4.881143e+02	4.313798e+02	7.893761e+01	4.278858e+01	1.533881e+02
493	1.413823e+01	2.689102e+03	4.873572e+02	4.317502e+02	7.858260e+01	4.357035e+01	1.538677e+02
494	1.416691e+01	2.647270e+03	4.874140e+02	4.326425e+02	7.868129e+01	4.283876e+01	1.559083e+02
495	1.419558e+01	2.652901e+03	4.870188e+02	4.331370e+02	7.866900e+01	4.293658e+01	1.572596e+02
496	1.422426e+01	2.656254e+03	4.865420e+02	4.337916e+02	7.895472e+01	4.283528e+01	1.580973e+02
497	1.425294e+01	2.640323e+03	4.861365e+02	4.342305e+02	7.866610e+01	4.273459e+01	1.597511e+02
498	1.428162e+01	2.651172e+03	4.857311e+02	4.348967e+02	7.880801e+01	4.283292e+01	1.604234e+02
499	1.431030e+01	2.643059e+03	4.854282e+02	4.355573e+02	7.885648e+01	4.267560e+01	1.618216e+02
500	1.433897e+01	2.640848e+03	4.849817e+02	4.362202e+02	7.878701e+01	4.267749e+01	1.625766e+02
501	1.436765e+01	2.647125e+03	4.845182e+02	4.367925e+02	7.853120e+01	4.291829e+01	1.642660e+02
502	1.439633e+01	2.638268e+03	4.839696e+02	4.373940e+02	7.831897e+01	4.289060e+01	1.648582e+02
503	1.442501e+01	2.649731e+03	4.834427e+02	4.378263e+02	7.857121e+01	4.293867e+01	1.663535e+02
504	1.445369e+01	2.659886e+03	4.831115e+02	4.384064e+02	7.868220e+01	4.304242e+01	1.673168e+02
505	1.448236e+01	2.645582e+03	4.826912e+02	4.387709e+02	7.847791e+01	4.292239e+01	1.688482e+02
506	1.451104e+01	2.645125e+03	4.820641e+02	4.393119e+02	7.821384e+01	4.305987e+01	1.702160e+02
507	1.453972e+01	2.649131e+03	4.815055e+02	4.397312e+02	7.896529e+01	4.271469e+01	1.714726e+02
508	1.456840e+01	2.638530e+03	4.810843e+02	4.402344e+02	7.840305e+01	4.284886e+01	1.723429e+02
509	1.459707e+01	2.638179e+03	4.804562e+02	4.405718e+02	7.818880e+01	4.296055e+01	1.739190e+02
510	1.462575e+01	2.640604e+03	4.800073e+02	4.409586e+02	7.838923e+01	4.289009e+01	1.755119e+02
511	1.465443e+01	2.653635e+03	4.793829e+02	4.413862e+02	7.844028e+01	4.307369e+01	1.766549e+02
512	1.468311e+01	2.711347e+03	4.785818e+02	4.415566e+02	7.885786e+01	4.377742e+01	1.775315e+02
513	1.471179e+01	2.636638e+03	4.781967e+02	4.421903e+02	7.804710e+01	4.301341e+01	1.789435e+02
514	1.474046e+01	2.635128e+03	4.775365e+02	4.424966e+02	7.780240e+01	4.312398e+01	1.799114e+02
515	1.476914e+01	2.636693e+03	4.771079e+02	4.428071e+02	7.793388e+01	4.307679e+01	1.505644e+00
516	1.479782e+01	2.635732e+03	4.764070e+02	4.433293e+02	7.772614e+01	4.317619e+01	2.800141e+00
517	1.482650e+01	2.660131e+03	4.757691e+02	4.434688e+02	7.838311e+01	4.321064e+01	4.491574e+00
518	1.485518e+01	2.629114e+03	4.752678e+02	4.437378e+02	7.785095e+01	4.299872e+01	5.503377e+00
519	1.488385e+01	2.647274e+03	4.746570e+02	4.439522e+02	7.820009e+01	4.310242e+01	7.213073e+00
520	1.491253e+01	2.656105e+03	4.740069e+02	4.443320e+02	7.853938e+01	4.305940e+01	8.640333e+00
521	1.494121e+01	2.671365e+03	4.733685e+02	4.444304e+02	7.871217e+01	4.321172e+01	1.013582e+01
522	1.496989e+01	2.659058e+03	4.729105e+02	4.445901e+02	7.895879e+01	4.287829e+01	1.044737e+01
523	1.499857e+01	2.647734e+03	4.723084e+02	4.448560e+02	7.847455e+01	4.295915e+01	1.215918e+01
524	1.502724e+01	2.640760e+03	4.716774e+02	4.450921e+02	7.831958e+01	4.293078e+01	1.322691e+01
525	1.505592e+01	2.650719e+03	4.709333e+02	4.453036e+02	7.848899e+01	4.299966e+01	1.473366e+01
526	1.508460e+01	2.674590e+03	4.703458e+02	4.454692e+02	7.891967e+01	4.315012e+01	1.644680e+01
527	1.511328e+01	2.670616e+03	4.695756e+02	4.456167e+02	7.893413e+01	4.307813e+01	1.707511e+01
528	1.514196e+01	2.657714e+03	4.689899e+02	4.457426e+02	7.855504e+01	4.307688e+01	1.838457e+01
529	1.517063e+01	2.654384e+03	4.683068e+02	4.458936e+02	7.839144e+01	4.311270e+01	2.050155e+01
530	1.519931e+01	2.676113e+03	4.677108e+02	4.458665e+02	7.912270e+01	4.306391e+01	2.212063e+01
531	1.522799e+01	2.672236e+03	4.669837e+02	4.461120e+02	7.892617e+01	4.310859e+01	2.320381e+01
532	1.525667e+01	2.676940e+03	4.661650e+02	4.463606e+02	7.922665e+01	4.302071e+01	2.493242e+01
533	1.528535e+01	2.660101e+03	4.654082e+02	4.464917e+02	7.887225e+01	4.294217e+01	2.556647e+01
534	1.531402e+01	2.667574e+03	4.648228e+02	4.465131e+02	7.887747e+01	4.305996e+01	2.704675e+01
535	1.534270e+01	2.686736e+03	4.641115e+02	4.465514e+02	7.923140e+01	4.317554e+01	2.878917e+01
536	1.537138e+01	2.678079e+03	4.633670e+02	4.465779e+02	7.903831e+01	4.314156e+01	3.002803e+01
537	1.540006e+01	2.659830e+03	4.626698e+02	4.466598e+02	7.912162e+01	4.280247e+01	3.116475e+01
538	1.542874e+01	2.644867e+03	4.619627e+02	4.466499e+02	7.851466e+01	4.289071e+01	3.244156e+01
539	1.545741e+01	2.670296e+03	4.613423e+02	4.464803e+02	7.919724e+01	4.292986e+01	3.382795e+01
540	1.548609e+01	2.669218e+03	4.607279e+02	4.464676e+02	7.924040e+01	4.288916e+01	3.532907e+01
541	1.551477e+01	2.654440e+03	4.599594e+02	4.464113e+02	7.858936e+01	4.300503e+01	3.640820e+01
542	1.554345e+01	2.679263e+03	4.595089e+02	4.460065e+02	7.893649e+01	4.321630e+01	3.789962e+01
543	1.557213e+01	2.658038e+03	4.587303e+02	4.460756e+02	7.906859e+01	4.280233e+01	3.910829e+01
544	1.560080e+01	2.657929e+03	4.579365e+02	4.461346e+02	7.909395e+01	4.278685e+01	4.110494e+01
545	1.562948e+01	2.652648e+03	4.574114e+02	4.458380e+02	7.902692e+01	4.273804e+01	4.198161e+01
546	1.565816e+01	2.664027e+03	4.567910e+02	4.456693e+02	7.912215e+01	4.286972e+01	4.324278e+01
547	1.568684e+01	2.656910e+03	4.560974e+02	4.456405e+02	7.895930e+01	4.284337e+01	4.464207e+01
548	1.571551e+01	2.640886e+03	4.554586e+02	4.454742e+02	7.869702e+01	4.272691e+01	4.593729e+01
549	1.574419e+01	2.652962e+03	4.548252e+02	4.452449e+02	7.935305e+01	4.256744e+01	4.742888e+01
550	1.577287e+01	2.650328e+03	4.542572e+02	4.450276e+02	7.914350e+01	4.263778e+01	4.876205e+01
551	1.580155e+01	2.646406e+03	4.535612e+02	4.448284e+02	7.905963e+01	4.261985e+01	4.991862e+01
552	1.583023e+01	2.654865e+03	4.529725e+02	4.446377e+02	7.922163e+01	4.266864e+01	5.140791e+01
553	1.585890e+01	2.667058e+03	4.523244e+02	4.443723e+02	7.968836e+01	4.261355e+01	5.249478e+01
554	1.588758e+01	2.664009e+03	4.517224e+02	4.440678e+02	7.924572e+01	4.280259e+01	5.416056e+01
555	1.591626e+01	2.670404e+03	4.512447e+02	4.439128e+02	8.018224e+01	4.240421e+01	5.503111e+01
556	1.594494e+01	2.665992e+03	4.506278e+02	4.435628e+02	7.979655e+01	4.253876e+01	5.590070e+01
557	1.597362e+01	2.648906e+03	4.500769e+02	4.433067e+02	7.947456e+01	4.243738e+01	5.717378e+01
558	1.600229e+01	2.648812e+03	4.495435e+02	4.429825e+02	7.957570e+01	4.238194e+01	5.871796e+01
559	1.603097e+01	2.645851e+03	4.489637e+02	4.426755e+02	7.977263e+01	4.223005e+01	6.008694e+01
560	1.605965e+01	2.661175e+03	4.483638e+02	4.423762e+02	7.958212e+01	4.257631e+01	6.113232e+01
561	1.608833e+01	2.638735e+03	4.480012e+02	4.418987e+02	7.956785e+01	4.222487e+01	6.212375e+01
562	1.611701e+01	2.646625e+03	4.472239e+02	4.416947e+02	7.984902e+01	4.220199e+01	6.344910e+01
563	1.614568e+01	2.644675e+03	4.469863e+02	4.411914e+02	7.992715e+01	4.212967e+01	6.466434e+01
564	1.617436e+01	2.650886e+03	4.461922e+02	4.408559e+02	8.026811e+01	4.204924e+01	6.582800e+01
565	1.620304e+01	2.632210e+03	4.455645e+02	4.406515e+02	7.952485e+01	4.214323e+01	6.690421e+01
566	1.623172e+01	2.653663e+03	4.452057e+02	4.402217e+02	7.998275e+01	4.224347e+01	6.789586e+01
567	1.626040e+01	2.640427e+03	4.446666e+02	4.397137e+02	7.993139e+01	4.205978e+01	6.902988e+01
568	1.628907e+01	2.653161e+03	4.441204e+02	4.393388e+02	8.028584e+01	4.207603e+01	7.028803e+01
569	1.631775e+01	2.636129e+03	4.436768e+02	4.389402e+02	8.013026e+01	4.188710e+01	7.134258e+01
570	1.634643e+01	2.629763e+03	4.431269e+02	4.386003e+02	8.013112e+01	4.178548e+01	7.246793e+01
571	1.637511e+01	2.620116e+03	4.425714e+02	4.381379e+02	8.000626e+01	4.169719e+01	7.347068e+01
572	1.640379e+01	2.619948e+03	4.421248e+02	4.376175e+02	8.015569e+01	4.161678e+01	7.477812e+01
573	1.643246e+01	2.639607e+03	4.418470e+02	4.371778e+02	8.020516e+01	4.190319e+01	7.577074e+01
574	1.646114e+01	2.634276e+03	4.413299e+02	4.367400e+02	8.010700e+01	4.186980e+01	7.687042e+01
575	1.648982e+01	2.624079e+03	4.409166e+02	4.363636e+02	7.996161e+01	4.178357e+01	7.791695e+01
576	1.651850e+01	2.621491e+03	4.404450e+02	4.358756e+02	8.030345e+01	4.156466e+01	7.890412e+01
577	1.654718e+01	2.632867e+03	4.398345e+02	4.354713e+02	8.046232e+01	4.166261e+01	8.008353e+01
578	1.657585e+01	2.641325e+03	4.394496e+02	4.349172e+02	8.120725e+01	4.141304e+01	8.103984e+01
579	1.660453e+01	2.625239e+03	4.392881e+02	4.344136e+02	8.022963e+01	4.166239e+01	8.203458e+01
580	1.663321e+01	2.639484e+03	4.387863e+02	4.338301e+02	8.054860e+01	4.172257e+01	8.305660e+01
581	1.666189e+01	2.638601e+03	4.384980e+02	4.332598e+02	8.026014e+01	4.185852e+01	8.445275e+01
582	1.669056e+01	2.633261e+03	4.380121e+02	4.328118e+02	8.028626e+01	4.176023e+01	8.511857e+01
583	1.671924e+01	2.627719e+03	4.377430e+02	4.321831e+02	8.014279e+01	4.174694e+01	8.599889e+01
584	1.674792e+01	2.629001e+03	4.374362e+02	4.317306e+02	8.046699e+01	4.159901e+01	8.724120e+01
585	1.677660e+01	2.632189e+03	4.369886e+02	4.312372e+02	8.030197e+01	4.173506e+01	8.798007e+01
586	1.680528e+01	2.635624e+03	4.365133e+02	4.306616e+02	8.035794e+01	4.176041e+01	8.905037e+01
587	1.683395e+01	2.635899e+03	4.362107e+02	4.302030e+02	8.047017e+01	4.170652e+01	9.013484e+01
588	1.686263e+01	2.626789e+03	4.359001e+02	4.295184e+02	8.015411e+01	4.172627e+01	9.075533e+01
589	1.689131e+01	2.631835e+03	4.353781e+02	4.291298e+02	8.028101e+01	4.174034e+01	9.161912e+01
590	1.691999e+01	2.638911e+03	4.348894e+02	4.285948e+02	8.017208e+01	4.190942e+01	9.251028e+01
591	1.694867e+01	2.630941e+03	4.347668e+02	4.280218e+02	7.994199e+01	4.190311e+01	9.355292e+01
592	1.697734e+01	2.635568e+03	4.344842e+02	4.275667e+02	8.033652e+01	4.177065e+01	9.444122e+01
593	1.700602e+01	2.631912e+03	4.339805e+02	4.269203e+02	8.011267e+01	4.182927e+01	9.545823e+01
594	1.703470e+01	2.635771e+03	4.337214e+02	4.261738e+02	8.024361e+01	4.182225e+01	9.651887e+01
595	1.706338e+01	2.637309e+03	4.336034e+02	4.257103e+02	7.996913e+01	4.199027e+01	9.779691e+01
596	1.709206e+01	2.632301e+03	4.333449e+02	4.252589e+02	7.992444e+01	4.193398e+01	9.864130e+01
597	1.712073e+01	2.623041e+03	4.331368e+02	4.246014e+02	7.981695e+01	4.184274e+01	9.963401e+01
598	1.714941e+01	2.634579e+03	4.330674e+02	4.240045e+02	7.982799e+01	4.202098e+01	1.003307e+02
599	1.717809e+01	2.639485e+03	4.328707e+02	4.232971e+02	8.000512e+01	4.200602e+01	1.013381e+02
600	1.720677e+01	2.629660e+03	4.327065e+02	4.227293e+02	7.947180e+01	4.213050e+01	1.024981e+02
601	1.723545e+01	2.634681e+03	4.326291e+02	4.222135e+02	7.966227e+01	4.211003e+01	1.035820e+02
602	1.726412e+01	2.643319e+03	4.323085e+02	4.214830e+02	7.954398e+01	4.231091e+01	1.043044e+02
603	1.729280e+01	2.636144e+03	4.320734e+02	4.208540e+02	7.947369e+01	4.223338e+01	1.054761e+02
604	1.732148e+01	2.629585e+03	4.319867e+02	4.202420e+02	7.938943e+01	4.217301e+01	1.062825e+02
605	1.735016e+01	2.634435e+03	4.317890e+02	4.195707e+02	7.936948e+01	4.226143e+01	1.073985e+02
606	1.737884e+01	2.639558e+03	4.317227e+02	4.190533e+02	7.920436e+01	4.243187e+01	1.081032e+02
607	1.740751e+01	2.642140e+03	4.314347e+02	4.183323e+02	7.929614e+01	4.242422e+01	1.092785e+02
608	1.743619e+01	2.632701e+03	4.314706e+02	4.177517e+02	7.920420e+01	4.232174e+01	1.099941e+02
609	1.746487e+01	2.650764e+03	4.314409e+02	4.171383e+02	7.940818e+01	4.250264e+01	1.116363e+02
610	1.749355e+01	2.662377e+03	4.310599e+02	4.163297e+02	7.950364e+01	4.263759e+01	1.121644e+02
611	1.752223e+01	2.647602e+03	4.312755e+02	4.157590e+02	7.874772e+01	4.280799e+01	1.136822e+02
612	1.755090e+01	2.642023e+03	4.311828e+02	4.152140e+02	7.873852e+01	4.272278e+01	1.145831e+02
613	1.757958e+01	2.645053e+03	4.311544e+02	4.146189e+02	7.876355e+01	4.275818e+01	1.157414e+02
614	1.760826e+01	2.647887e+03	4.311104e+02	4.139586e+02	7.846223e+01	4.296838e+01	1.167697e+02
615	1.763694e+01	2.665883e+03	4.310734e+02	4.132694e+02	7.900872e+01	4.296117e+01	1.178065e+02
616	1.766562e+01	2.652423e+03	4.310861e+02	4.126123e+02	7.881795e+01	4.284772e+01	1.190292e+02
617	1.769429e+01	2.656977e+03	4.310484e+02	4.119650e+02	7.891560e+01	4.286819e+01	1.198056e+02
618	1.772297e+01	2.661422e+03	4.312061e+02	4.113922e+02	7.896957e+01	4.291055e+01	1.211517e+02
619	1.775165e+01	2.663730e+03	4.310637e+02	4.106371e+02	7.877151e+01	4.305574e+01	1.220817e+02
620	1.778033e+01	2.649129e+03	4.311936e+02	4.100260e+02	7.881281e+01	4.279731e+01	1.230912e+02
621	1.780900e+01	2.675560e+03	4.310734e+02	4.092733e+02	7.938631e+01	4.291203e+01	1.243792e+02
622	1.783768e+01	2.665899e+03	4.311951e+02	4.086670e+02	7.889650e+01	4.302253e+01	1.252553e+02
623	1.786636e+01	2.661578e+03	4.312747e+02	4.079899e+02	7.849216e+01	4.317408e+01	1.262417e+02
624	1.789504e+01	2.664318e+03	4.313920e+02	4.074422e+02	7.859315e+01	4.316299e+01	1.272529e+02
625	1.792372e+01	2.666698e+03	4.314814e+02	4.066857e+02	7.859527e+01	4.320038e+01	1.283626e+02
626	1.795239e+01	2.703040e+03	4.311850e+02	4.059091e+02	7.908660e+01	4.351707e+01	1.286806e+02
627	1.798107e+01	2.664465e+03	4.317738e+02	4.052849e+02	7.870858e+01	4.310207e+01	1.308831e+02
628	1.800975e+01	2.657856e+03	4.320459e+02	4.046797e+02	7.845457e+01	4.313435e+01	1.322426e+02
629	1.803843e+01	2.665951e+03	4.321098e+02	4.040590e+02	7.852063e+01	4.322932e+01	1.335526e+02
630	1.806711e+01	2.660707e+03	4.323087e+02	4.034998e+02	7.860330e+01	4.309892e+01	1.345313e+02
631	1.809578e+01	2.655014e+03	4.324682e+02	4.028996e+02	7.828232e+01	4.318304e+01	1.355394e+02
632	1.812446e+01	2.678339e+03	4.326048e+02	4.021954e+02	7.864797e+01	4.335989e+01	1.367127e+02
633	1.815314e+01	2.656984e+03	4.329218e+02	4.015957e+02	7.846761e+01	4.311304e+01	1.377169e+02
634	1.818182e+01	2.659751e+03	4.332418e+02	4.010626e+02	7.835464e+01	4.322015e+01	1.392341e+02
635	1.821050e+01	2.664702e+03	4.333686e+02	4.003738e+02	7.827869e+01	4.334262e+01	1.401673e+02
636	1.823917e+01	2.657472e+03	4.337613e+02	3.999200e+02	7.808884e+01	4.333010e+01	1.418831e+02
637	1.826785e+01	2.658829e+03	4.339589e+02	3.991470e+02	7.813924e+01	4.332428e+01	1.427556e+02
638	1.829653e+01	2.649361e+03	4.342373e+02	3.985662e+02	7.832713e+01	4.306645e+01	1.435438e+02
639	1.832521e+01	2.655339e+03	4.345102e+02	3.979848e+02	7.824925e+01	4.320658e+01	1.446827e+02
640	1.835389e+01	2.658322e+03	4.347675e+02	3.973648e+02	7.817318e+01	4.329722e+01	1.456326e+02
641	1.838256e+01	2.650830e+03	4.352089e+02	3.969611e+02	7.808199e+01	4.322561e+01	1.468399e+02
642	1.841124e+01	2.663270e+03	4.354382e+02	3.963286e+02	7.837061e+01	4.326853e+01	1.480274e+02
643	1.843992e+01	2.667505e+03	4.357978e+02	3.958173e+02	7.837129e+01	4.333696e+01	1.498865e+02
644	1.846860e+01	2.670241e+03	4.361259e+02	3.952725e+02	7.840396e+01	4.336332e+01	1.508560e+02
645	1.849728e+01	2.670961e+03	4.365790e+02	3.946255e+02	7.841438e+01	4.336926e+01	1.523444e+02
646	1.852595e+01	2.665242e+03	4.369792e+02	3.943055e+02	7.851329e+01	4.322188e+01	1.535058e+02
647	1.855463e+01	2.642165e+03	4.373623e+02	3.939481e+02	7.789956e+01	4.318520e+01	1.547756e+02
648	1.858331e+01	2.658376e+03	4.377655e+02	3.934327e+02	7.808511e+01	4.334692e+01	1.560510e+02
649	1.861199e+01	2.662419e+03	4.380089e+02	3.927585e+02	7.817033e+01	4.336553e+01	1.570940e+02
650	1.864067e+01	2.651954e+03	4.383228e+02	3.923467e+02	7.839484e+01	4.307137e+01	1.579237e+02
651	1.866934e+01	2.659215e+03	4.387411e+02	3.919374e+02	7.816191e+01	4.331800e+01	1.590784e+02
652	1.869802e+01	2.644069e+03	4.393290e+02	3.912700e+02	7.791706e+01	4.320663e+01	1.609202e+02
653	1.872670e+01	2.667077e+03	4.396701e+02	3.907668e+02	7.825086e+01	4.339669e+01	1.621083e+02
654	1.875538e+01	2.658908e+03	4.400682e+02	3.903983e+02	7.811626e+01	4.333831e+01	1.632293e+02
655	1.878406e+01	2.659071e+03	4.406364e+02	3.899326e+02	7.803745e+01	4.338474e+01	1.643689e+02
656	1.881273e+01	2.655744e+03	4.410518e+02	3.895552e+02	7.793830e+01	4.338558e+01	1.656517e+02
657	1.884141e+01	2.677691e+03	4.414693e+02	3.889826e+02	7.839174e+01	4.349109e+01	1.671728e+02
658	1.887009e+01	2.687230e+03	4.420571e+02	3.887607e+02	7.866878e+01	4.349232e+01	1.685527e+02
659	1.889877e+01	2.672609e+03	4.424871e+02	3.883657e+02	7.830023e+01	4.345929e+01	1.696750e+02
660	1.892744e+01	2.659811e+03	4.430130e+02	3.880031e+02	7.817504e+01	4.332042e+01	1.711754e+02
661	1.895612e+01	2.676753e+03	4.436429e+02	3.878023e+02	7.843893e+01	4.344970e+01	1.722078e+02
662	1.898480e+01	2.672690e+03	4.441039e+02	3.873676e+02	7.800545e+01	4.362483e+01	1.738694e+02
663	1.901348e+01	2.663937e+03	4.446376e+02	3.870732e+02	7.804198e+01	4.346161e+01	1.752317e+02
664	1.904216e+01	2.667216e+03	4.452842e+02	3.868464e+02	7.796343e+01	4.355895e+01	1.766431e+02
665	1.907083e+01	2.678069e+03	4.457181e+02	3.863239e+02	7.809387e+01	4.366314e+01	1.778400e+02
666	1.909951e+01	2.662941e+03	4.463332e+02	3.859371e+02	7.796369e+01	4.348898e+01	1.785745e+02
667	1.912819e+01	2.680709e+03	4.468035e+02	3.857431e+02	7.776566e+01	4.389064e+01	2.449162e-01
668	1.915687e+01	2.666960e+03	4.474058e+02	3.855097e+02	7.806781e+01	4.349653e+01	1.474553e+00
669	1.918555e+01	2.674968e+03	4.479437e+02	3.853835e+02	7.806638e+01	4.362794e+01	3.509686e+00
670	1.921422e+01	2.646798e+03	4.485660e+02	3.850934e+02	7.780435e+01	4.331387e+01	4.215085e+00
671	1.924290e+01	2.654366e+03	4.492523e+02	3.848314e+02	7.805075e+01	4.330060e+01	5.826485e+00
672	1.927158e+01	2.683372e+03	4.499998e+02	3.843706e+02	7.866190e+01	4.343367e+01	7.504597e+00
673	1.930026e+01	2.651862e+03	4.504953e+02	3.845359e+02	7.787051e+01	4.335987e+01	8.624381e+00
674	1.932894e+01	2.650881e+03	4.510192e+02	3.841241e+02	7.824094e+01	4.313863e+01	9.497835e+00
675	1.935761e+01	2.668562e+03	4.516985e+02	3.840085e+02	7.779140e+01	4.367730e+01	1.163135e+01
676	1.938629e+01	2.660339e+03	4.524317e+02	3.837765e+02	7.830045e+01	4.325963e+01	1.267089e+01
677	1.941497e+01	2.653995e+03	4.530085e+02	3.839175e+02	7.786903e+01	4.339557e+01	1.443353e+01
678	1.944365e+01	2.669549e+03	4.536127e+02	3.836670e+02	7.810200e+01	4.351970e+01	1.576906e+01
679	1.947233e+01	2.665815e+03	4.543170e+02	3.835022e+02	7.815601e+01	4.342879e+01	1.694437e+01
680	1.950100e+01	2.674880e+03	4.548412e+02	3.835630e+02	7.813092e+01	4.359047e+01	1.857493e+01
681	1.952968e+01	2.661163e+03	4.553958e+02	3.835012e+02	7.776526e+01	4.357085e+01	2.012839e+01
682	1.955836e+01	2.662442e+03	4.560982e+02	3.833451e+02	7.813435e+01	4.338587e+01	2.170598e+01
683	1.958704e+01	2.677897e+03	4.568613e+02	3.831467e+02	7.858173e+01	4.338927e+01	2.311415e+01
684	1.961572e+01	2.676494e+03	4.574250e+02	3.830984e+02	7.850310e+01	4.340998e+01	2.441222e+01
685	1.964439e+01	2.671162e+03	4.579424e+02	3.833467e+02	7.818820e+01	4.349799e+01	2.631809e+01
686	1.967307e+01	2.662636e+03	4.587524e+02	3.830904e+02	7.806589e+01	4.342707e+01	2.667718e+01
687	1.970175e+01	2.671732e+03	4.593302e+02	3.831292e+02	7.807892e+01	4.356815e+01	2.829881e+01
688	1.973043e+01	2.678791e+03	4.599942e+02	3.830407e+02	7.849583e+01	4.345126e+01	2.946225e+01
689	1.975911e+01	2.672978e+03	4.605951e+02	3.832826e+02	7.845274e+01	4.338078e+01	3.123978e+01
690	1.978778e+01	2.662588e+03	4.613879e+02	3.832860e+02	7.818825e+01	4.335833e+01	3.244555e+01
691	1.981646e+01	2.689970e+03	4.618481e+02	3.832912e+02	7.878651e+01	4.347161e+01	3.374891e+01
692	1.984514e+01	2.677958e+03	4.625438e+02	3.834253e+02	7.848237e+01	4.344520e+01	3.498307e+01
693	1.987382e+01	2.668535e+03	4.630826e+02	3.835551e+02	7.834967e+01	4.336564e+01	3.696718e+01
694	1.990249e+01	2.670467e+03	4.636903e+02	3.836527e+02	7.844017e+01	4.334697e+01	3.817800e+01
695	1.993117e+01	2.672781e+03	4.643664e+02	3.836724e+02	7.871545e+01	4.323282e+01	3.933286e+01
696	1.995985e+01	2.673179e+03	4.649565e+02	3.838428e+02	7.877567e+01	4.320621e+01	4.061958e+01
697	1.998853e+01	2.661893e+03	4.655563e+02	3.840193e+02	7.831880e+01	4.327475e+01	4.164784e+01
698	2.001721e+01	2.685290e+03	4.663327e+02	3.840021e+02	7.894444e+01	4.330917e+01	4.314532e+01
699	2.004588e+01	2.673922e+03	4.668460e+02	3.842951e+02	7.881433e+01	4.319701e+01	4.460067e+01
700	2.007456e+01	2.668418e+03	4.675697e+02	3.843985e+02	7.878994e+01	4.312143e+01	4.600962e+01
701	2.010324e+01	2.661706e+03	4.682084e+02	3.845686e+02	7.891299e+01	4.294590e+01	4.716730e+01
702	2.013192e+01	2.675333e+03	4.686515e+02	3.847260e+02	7.890411e+01	4.317062e+01	4.915227e+01
703	2.016060e+01	2.658015e+03	4.692816e+02	3.850782e+02	7.896261e+01	4.285940e+01	4.959803e+01
704	2.018927e+01	2.670566e+03	4.698344e+02	3.853124e+02	7.902451e+01	4.302804e+01	5.105426e+01
705	2.021795e+01	2.641761e+03	4.703225e+02	3.857655e+02	7.863200e+01	4.277640e+01	5.264481e+01
706	2.024663e+01	2.654942e+03	4.709187e+02	3.859009e+02	7.860626e+01	4.300392e+01	5.400635e+01
707	2.027531e+01	2.654109e+03	4.716401e+02	3.861512e+02	7.909621e+01	4.272413e+01	5.534140e+01
708	2.030399e+01	2.650916e+03	4.723233e+02	3.863413e+02	7.887924e+01	4.279010e+01	5.636517e+01
709	2.033266e+01	2.634494e+03	4.727330e+02	3.868422e+02	7.853566e+01	4.271107e+01	5.797611e+01
710	2.036134e+01	2.635552e+03	4.732402e+02	3.871923e+02	7.879309e+01	4.258863e+01	5.906123e+01
711	2.039002e+01	2.628839e+03	4.738857e+02	3.875927e+02	7.907458e+01	4.232893e+01	6.058195e+01
712	2.041870e+01	2.642058e+03	4.746811e+02	3.876396e+02	7.945995e+01	4.233545e+01	6.125659e+01
713	2.044738e+01	2.641967e+03	4.751273e+02	3.881044e+02	7.942241e+01	4.235401e+01	6.289007e+01
714	2.047605e+01	2.636704e+03	4.757970e+02	3.883008e+02	7.935650e+01	4.230473e+01	6.378453e+01
715	2.050473e+01	2.621113e+03	4.761080e+02	3.887963e+02	7.896758e+01	4.226171e+01	6.523801e+01
716	2.053341e+01	2.637415e+03	4.767676e+02	3.890598e+02	7.911150e+01	4.244719e+01	6.629820e+01
717	2.056209e+01	2.640693e+03	4.773097e+02	3.894962e+02	8.009787e+01	4.197658e+01	6.742128e+01
718	2.059077e+01	2.626295e+03	4.777638e+02	3.899610e+02	7.979929e+01	4.190392e+01	6.852629e+01
719	2.061944e+01	2.622259e+03	4.782876e+02	3.903479e+02	7.968241e+01	4.190089e+01	6.949947e+01
720	2.064812e+01	2.629878e+03	4.786666e+02	3.908411e+02	7.985529e+01	4.193166e+01	7.086633e+01
721	2.067680e+01	2.626746e+03	4.792047e+02	3.912963e+02	7.996679e+01	4.182332e+01	7.213947e+01
722	2.070548e+01	2.630091e+03	4.797941e+02	3.916517e+02	8.000312e+01	4.185757e+01	7.339150e+01
723	2.073416e+01	2.622351e+03	4.802640e+02	3.921305e+02	7.973522e+01	4.187461e+01	7.430504e+01
724	2.076283e+01	2.637626e+03	4.808887e+02	3.924500e+02	8.053640e+01	4.169952e+01	7.508377e+01
725	2.079151e+01	2.620130e+03	4.813933e+02	3.929372e+02	8.018979e+01	4.160197e+01	7.618598e+01
726	2.082019e+01	2.623681e+03	4.817535e+02	3.934842e+02	8.037822e+01	4.156070e+01	7.762532e+01
727	2.084887e+01	2.636825e+03	4.821867e+02	3.940245e+02	8.061803e+01	4.164466e+01	7.859982e+01
728	2.087755e+01	2.624830e+03	4.825874e+02	3.944833e+02	8.053583e+01	4.149752e+01	7.988139e+01
729	2.090622e+01	2.640150e+03	4.831970e+02	3.948535e+02	8.052802e+01	4.174377e+01	8.068234e+01
730	2.093490e+01	2.637459e+03	4.838420e+02	3.953820e+02	8.071079e+01	4.160679e+01	8.167699e+01
731	2.096358e+01	2.620926e+03	4.842596e+02	3.959819e+02	8.033092e+01	4.154150e+01	8.307604e+01
732	2.099226e+01	2.616720e+03	4.845830e+02	3.964590e+02	8.069231e+01	4.128909e+01	8.380038e+01
733	2.102093e+01	2.621963e+03	4.851670e+02	3.969192e+02	8.037133e+01	4.153703e+01	8.470222e+01
734	2.104961e+01	2.628734e+03	4.856934e+02	3.973486e+02	8.034894e+01	4.165591e+01	8.538434e+01
735	2.107829e+01	2.624684e+03	4.860532e+02	3.981058e+02	8.087347e+01	4.132198e+01	8.689347e+01
736	2.110697e+01	2.622527e+03	4.863347e+02	3.986862e+02	8.061413e+01	4.142084e+01	8.790186e+01
737	2.113565e+01	2.626404e+03	4.869824e+02	3.991791e+02	8.072990e+01	4.142259e+01	8.814840e+01
738	2.116432e+01	2.614883e+03	4.870362e+02	3.998407e+02	8.044044e+01	4.138928e+01	9.025213e+01
739	2.119300e+01	2.612137e+03	4.877278e+02	4.003780e+02	8.058148e+01	4.127345e+01	9.041067e+01
740	2.122168e+01	2.614465e+03	4.878589e+02	4.009883e+02	8.054096e+01	4.133102e+01	9.190099e+01
741	2.125036e+01	2.613935e+03	4.882985e+02	4.014998e+02	8.041714e+01	4.138627e+01	9.261852e+01
742	2.127904e+01	2.633068e+03	4.886904e+02	4.020454e+02	8.066045e+01	4.156345e+01	9.357141e+01
743	2.130771e+01	2.625838e+03	4.890759e+02	4.026442e+02	8.060969e+01	4.147542e+01	9.427630e+01
744	2.133639e+01	2.602275e+03	4.893966e+02	4.033806e+02	8.030331e+01	4.126006e+01	9.547516e+01
745	2.136507e+01	2.628548e+03	4.896002e+02	4.039094e+02	8.039413e+01	4.162954e+01	9.684698e+01
746	2.139375e+01	2.621481e+03	4.899087e+02	4.045691e+02	8.009606e+01	4.167213e+01	9.748955e+01
747	2.142243e+01	2.619564e+03	4.902099e+02	4.051243e+02	8.029141e+01	4.154034e+01	9.881855e+01
748	2.145110e+01	2.598573e+03	4.905456e+02	4.058819e+02	8.028334e+01	4.121162e+01	9.964174e+01
749	2.147978e+01	2.622033e+03	4.905711e+02	4.064541e+02	8.043777e+01	4.150383e+01	1.010596e+02
750	2.150846e+01	2.604055e+03	4.909525e+02	4.071670e+02	7.997297e+01	4.145882e+01	1.015274e+02
751	2.153714e+01	2.625902e+03	4.912213e+02	4.076560e+02	7.982803e+01	4.188256e+01	1.025946e+02
752	2.156582e+01	2.637366e+03	4.915315e+02	4.083100e+02	8.032092e+01	4.180727e+01	1.032130e+02
753	2.159449e+01	2.608132e+03	4.921363e+02	4.091894e+02	8.001077e+01	4.150413e+01	1.032098e+02
754	2.162317e+01	2.617733e+03	4.921441e+02	4.096638e+02	8.010560e+01	4.160759e+01	1.043058e+02
755	2.165185e+01	2.636413e+03	4.921684e+02	4.103761e+02	8.049108e+01	4.170382e+01	1.049823e+02
756	2.168053e+01	2.608186e+03	4.926472e+02	4.111746e+02	7.965620e+01	4.168973e+01	1.063422e+02
757	2.170921e+01	2.590664e+03	4.928061e+02	4.119346e+02	7.982944e+01	4.131979e+01	1.068703e+02
758	2.173788e+01	2.584592e+03	4.931850e+02	4.126649e+02	7.901587e+01	4.164739e+01	1.076642e+02
759	2.176656e+01	2.578709e+03	4.932758e+02	4.134047e+02	7.898928e+01	4.156657e+01	1.085881e+02
760	2.179524e+01	2.585938e+03	4.933835e+02	4.141057e+02	7.921774e+01	4.156290e+01	1.097256e+02
761	2.182392e+01	2.611636e+03	4.932004e+02	4.145315e+02	7.949133e+01	4.183146e+01	1.113322e+02
762	2.185260e+01	2.591314e+03	4.934882e+02	4.154331e+02	7.909196e+01	4.171554e+01	1.124051e+02
763	2.188127e+01	2.612964e+03	4.933175e+02	4.158520e+02	7.921936e+01	4.199641e+01	1.139585e+02
764	2.190995e+01	2.602257e+03	4.935951e+02	4.167779e+02	7.894863e+01	4.196775e+01	1.140854e+02
765	2.193863e+01	2.590039e+03	4.937085e+02	4.175779e+02	7.870872e+01	4.189803e+01	1.151055e+02
766	2.196731e+01	2.616476e+03	4.935914e+02	4.180232e+02	7.902852e+01	4.215441e+01	1.167190e+02
767	2.199599e+01	2.615336e+03	4.937384e+02	4.188191e+02	7.890194e+01	4.220365e+01	1.173803e+02
768	2.202466e+01	2.630523e+03	4.934770e+02	4.192504e+02	7.957571e+01	4.208930e+01	1.192464e+02
769	2.205334e+01	2.627941e+03	4.936610e+02	4.199820e+02	7.924754e+01	4.222212e+01	1.202123e+02
770	2.208202e+01	2.646795e+03	4.934995e+02	4.206093e+02	7.901612e+01	4.264957e+01	1.211023e+02
771	2.211070e+01	2.633329e+03	4.934896e+02	4.214266e+02	7.930616e+01	4.227740e+01	1.220815e+02
772	2.213937e+01	2.647206e+03	4.932456e+02	4.219342e+02	7.965028e+01	4.231657e+01	1.235867e+02
773	2.216805e+01	2.632018e+03	4.935601e+02	4.229195e+02	7.888084e+01	4.248420e+01	1.235683e+02
774	2.219673e+01	2.616720e+03	4.935826e+02	4.238651e+02	7.869150e+01	4.233889e+01	1.242972e+02
775	2.222541e+01	2.616401e+03	4.935945e+02	4.245030e+02	7.837926e+01	4.250238e+01	1.255181e+02
776	2.225409e+01	2.629012e+03	4.934120e+02	4.251011e+02	7.874963e+01	4.250638e+01	1.270020e+02
777	2.228276e+01	2.624269e+03	4.932768e+02	4.258221e+02	7.861153e+01	4.250424e+01	1.276894e+02
778	2.231144e+01	2.630916e+03	4.931844e+02	4.264635e+02	7.886580e+01	4.247451e+01	1.287871e+02
779	2.234012e+01	2.635746e+03	4.930326e+02	4.270501e+02	7.889973e+01	4.253419e+01	1.298670e+02
780	2.236880e+01	2.624333e+03	4.930518e+02	4.279220e+02	7.877270e+01	4.241830e+01	1.302892e+02
781	2.239748e+01	2.620547e+03	4.929384e+02	4.286017e+02	7.852182e+01	4.249245e+01	1.314960e+02
782	2.242615e+01	2.651371e+03	4.927043e+02	4.290885e+02	7.889894e+01	4.278677e+01	1.326903e+02
783	2.245483e+01	2.646559e+03	4.928355e+02	4.299446e+02	7.850894e+01	4.292126e+01	1.339818e+02
784	2.248351e+01	2.646508e+03	4.924588e+02	4.304283e+02	7.884067e+01	4.273985e+01	1.352793e+02
785	2.251219e+01	2.624189e+03	4.924659e+02	4.316359e+02	7.849934e+01	4.256368e+01	1.352517e+02
786	2.254087e+01	2.633730e+03	4.922745e+02	4.321724e+02	7.888241e+01	4.251099e+01	1.364440e+02
787	2.256954e+01	2.640844e+03	4.920470e+02	4.328236e+02	7.902654e+01	4.254808e+01	1.373863e+02
788	2.259822e+01	2.626642e+03	4.918467e+02	4.334900e+02	7.840504e+01	4.265471e+01	1.385720e+02
789	2.262690e+01	2.639994e+03	4.916729e+02	4.342852e+02	7.880618e+01	4.265331e+01	1.395652e+02
790	2.265558e+01	2.644492e+03	4.916929e+02	4.351655e+02	7.856748e+01	4.285579e+01	1.404302e+02
791	2.268426e+01	2.656995e+03	4.913961e+02	4.356641e+02	7.883118e+01	4.291438e+01	1.415375e+02
792	2.271293e+01	2.666778e+03	4.911563e+02	4.367223e+02	7.876022e+01	4.311120e+01	1.417645e+02
793	2.274161e+01	2.654669e+03	4.910798e+02	4.372589e+02	7.873495e+01	4.292921e+01	1.437545e+02
794	2.277029e+01	2.643577e+03	4.907084e+02	4.379181e+02	7.879037e+01	4.271977e+01	1.449835e+02
795	2.279897e+01	2.655390e+03	4.905790e+02	4.386147e+02	7.906580e+01	4.276118e+01	1.459266e+02
796	2.282765e+01	2.646659e+03	4.903311e+02	4.395358e+02	7.881933e+01	4.275387e+01	1.466504e+02
797	2.285632e+01	2.649700e+03	4.899941e+02	4.401746e+02	7.883295e+01	4.279560e+01	1.476511e+02
798	2.288500e+01	2.643788e+03	4.896902e+02	4.408129e+02	7.854696e+01	4.285558e+01	1.490194e+02
799	2.291368e+01	2.638932e+03	4.893679e+02	4.415397e+02	7.874380e+01	4.266993e+01	1.506051e+02
