1	2.864509e-02	2.606529e+03	3.912890e+02	4.065682e+02	7.932493e+01	4.183723e+01	1.159610e+02
2	5.729017e-02	2.621678e+03	3.925414e+02	4.063180e+02	7.916414e+01	4.216586e+01	1.122363e+02
3	8.593526e-02	2.621630e+03	3.936870e+02	4.057393e+02	7.928880e+01	4.209879e+01	1.090219e+02
4	1.145803e-01	2.610652e+03	3.946342e+02	4.052846e+02	7.919043e+01	4.197459e+01	1.064494e+02
5	1.432254e-01	2.612854e+03	3.957565e+02	4.047603e+02	7.955937e+01	4.181518e+01	1.031610e+02
6	1.718705e-01	2.617575e+03	3.965435e+02	4.040691e+02	7.958973e+01	4.187475e+01	1.005222e+02
7	2.005156e-01	2.616047e+03	3.976287e+02	4.034150e+02	7.972019e+01	4.178182e+01	9.755214e+01
8	2.291607e-01	2.597775e+03	3.984288e+02	4.026041e+02	7.929181e+01	4.171414e+01	9.443119e+01
9	2.578058e-01	2.624385e+03	3.992898e+02	4.018407e+02	7.961926e+01	4.196812e+01	9.138124e+01
10	2.864509e-01	2.624925e+03	4.002148e+02	4.010497e+02	7.949227e+01	4.204382e+01	8.845654e+01
11	3.150960e-01	2.613643e+03	4.010234e+02	4.001366e+02	7.959161e+01	4.181087e+01	8.508146e+01
12	3.437410e-01	2.601558e+03	4.016711e+02	3.993252e+02	7.922512e+01	4.181006e+01	8.232153e+01
13	3.723861e-01	2.606047e+03	4.022673e+02	3.984572e+02	7.911028e+01	4.194299e+01	8.003174e+01
14	4.010312e-01	2.598851e+03	4.027595e+02	3.974276e+02	7.881090e+01	4.198607e+01	7.649153e+01
15	4.296763e-01	2.621695e+03	4.036334e+02	3.963168e+02	7.902525e+01	4.224025e+01	7.314840e+01
16	4.583214e-01	2.605425e+03	4.040167e+02	3.954086e+02	7.881367e+01	4.209079e+01	7.076631e+01
17	4.869665e-01	2.611034e+03	4.046028e+02	3.943174e+02	7.868364e+01	4.225111e+01	6.722646e+01
18	5.156116e-01	2.615037e+03	4.049130e+02	3.933038e+02	7.842406e+01	4.245597e+01	6.431891e+01
19	5.442567e-01	2.639870e+03	4.051243e+02	3.923183e+02	7.883420e+01	4.263615e+01	6.165831e+01
20	5.729017e-01	2.606042e+03	4.054750e+02	3.912733e+02	7.803091e+01	4.252309e+01	5.809490e+01
21	6.015468e-01	2.602413e+03	4.055746e+02	3.900751e+02	7.721541e+01	4.291236e+01	5.461143e+01
22	6.301919e-01	2.619474e+03	4.058934e+02	3.888152e+02	7.747256e+01	4.305032e+01	5.114968e+01
23	6.588370e-01	2.600900e+03	4.058737e+02	3.879643e+02	7.710896e+01	4.294662e+01	4.798576e+01
24	6.874821e-01	2.614217e+03	4.057676e+02	3.868107e+02	7.730480e+01	4.305715e+01	4.451106e+01
25	7.161272e-01	2.605203e+03	4.058032e+02	3.856780e+02	7.676852e+01	4.320842e+01	4.097009e+01
26	7.447723e-01	2.606629e+03	4.058192e+02	3.846805e+02	7.683425e+01	4.319509e+01	3.791963e+01
27	7.734174e-01	2.619341e+03	4.057263e+02	3.835745e+02	7.722020e+01	4.318882e+01	3.470992e+01
28	8.020624e-01	2.579076e+03	4.052689e+02	3.825842e+02	7.579950e+01	4.332193e+01	3.107464e+01
29	8.307075e-01	2.598726e+03	4.051700e+02	3.814849e+02	7.654884e+01	4.322470e+01	2.842986e+01
30	8.593526e-01	2.621095e+03	4.049314e+02	3.801404e+02	7.698999e+01	4.334696e+01	2.474633e+01
31	8.879977e-01	2.599176e+03	4.045020e+02	3.792338e+02	7.678091e+01	4.310152e+01	2.175825e+01
32	9.166428e-01	2.592377e+03	4.039487e+02	3.783233e+02	7.620879e+01	4.331149e+01	1.836042e+01
33	9.452879e-01	2.630896e+03	4.034637e+02	3.770211e+02	7.704286e+01	4.347919e+01	1.530132e+01
34	9.739330e-01	2.638144e+03	4.030040e+02	3.758511e+02	7.718260e+01	4.352004e+01	1.211787e+01
35	1.002578e+00	2.619738e+03	4.022349e+02	3.750002e+02	7.745193e+01	4.306611e+01	8.366619e+00
36	1.031223e+00	2.614187e+03	4.015162e+02	3.739951e+02	7.773048e+01	4.282087e+01	4.904944e+00
37	1.059868e+00	2.651363e+03	4.009627e+02	3.727451e+02	7.773413e+01	4.342778e+01	2.284705e+00
38	1.088513e+00	2.637460e+03	4.002130e+02	3.721673e+02	7.798571e+01	4.306069e+01	1.788083e+02
39	1.117158e+00	2.654197e+03	3.994019e+02	3.712003e+02	7.845599e+01	4.307419e+01	1.757811e+02
40	1.145803e+00	2.609035e+03	3.983782e+02	3.706837e+02	7.815922e+01	4.250204e+01	1.717584e+02
41	1.174449e+00	2.621551e+03	3.975068e+02	3.701632e+02	7.837131e+01	4.259037e+01	1.687841e+02
42	1.203094e+00	2.612463e+03	3.964927e+02	3.693066e+02	7.834090e+01	4.245919e+01	1.648624e+02
43	1.231739e+00	2.630884e+03	3.954254e+02	3.688525e+02	7.845329e+01	4.269733e+01	1.621622e+02
44	1.260384e+00	2.623610e+03	3.945616e+02	3.681411e+02	7.844200e+01	4.258540e+01	1.586064e+02
45	1.289029e+00	2.628141e+03	3.934736e+02	3.676608e+02	7.860074e+01	4.257280e+01	1.551407e+02
46	1.317674e+00	2.626571e+03	3.923560e+02	3.671794e+02	7.863589e+01	4.252834e+01	1.517337e+02
47	1.346319e+00	2.592576e+03	3.914732e+02	3.670300e+02	7.847031e+01	4.206649e+01	1.488489e+02
48	1.374964e+00	2.582014e+03	3.902169e+02	3.666678e+02	7.893947e+01	4.164611e+01	1.456263e+02
49	1.403609e+00	2.606549e+03	3.891523e+02	3.662760e+02	7.872512e+01	4.215632e+01	1.427782e+02
50	1.432254e+00	2.576692e+03	3.878352e+02	3.660416e+02	7.870122e+01	4.168609e+01	1.393583e+02
51	1.460899e+00	2.583143e+03	3.867570e+02	3.660838e+02	7.846562e+01	4.191593e+01	1.362840e+02
52	1.489545e+00	2.591013e+03	3.857896e+02	3.661275e+02	7.851289e+01	4.201832e+01	1.330969e+02
53	1.518190e+00	2.602553e+03	3.845196e+02	3.660276e+02	7.889630e+01	4.200036e+01	1.298610e+02
54	1.546835e+00	2.583479e+03	3.833848e+02	3.662249e+02	7.847593e+01	4.191589e+01	1.263255e+02
55	1.575480e+00	2.589991e+03	3.820922e+02	3.663376e+02	7.858289e+01	4.196434e+01	1.231518e+02
56	1.604125e+00	2.599964e+03	3.809302e+02	3.664590e+02	7.852538e+01	4.215677e+01	1.202094e+02
57	1.632770e+00	2.570309e+03	3.796959e+02	3.666983e+02	7.804504e+01	4.193245e+01	1.171033e+02
58	1.661415e+00	2.565474e+03	3.784726e+02	3.671836e+02	7.788213e+01	4.194111e+01	1.134856e+02
59	1.690060e+00	2.564446e+03	3.772379e+02	3.676472e+02	7.816542e+01	4.177235e+01	1.114108e+02
60	1.718705e+00	2.574975e+03	3.763659e+02	3.681542e+02	7.879539e+01	4.160853e+01	1.074325e+02
61	1.747350e+00	2.550593e+03	3.748723e+02	3.687061e+02	7.846381e+01	4.138871e+01	1.046327e+02
62	1.775995e+00	2.582764e+03	3.740509e+02	3.694685e+02	7.946288e+01	4.138382e+01	1.016706e+02
63	1.804641e+00	2.560912e+03	3.729136e+02	3.703296e+02	7.912991e+01	4.120635e+01	9.817419e+01
64	1.833286e+00	2.559676e+03	3.719844e+02	3.709052e+02	7.873683e+01	4.139207e+01	9.470898e+01
65	1.861931e+00	2.523120e+03	3.705516e+02	3.718078e+02	7.792448e+01	4.122628e+01	9.201974e+01
66	1.890576e+00	2.553046e+03	3.701172e+02	3.726989e+02	7.836499e+01	4.148076e+01	8.918731e+01
67	1.919221e+00	2.507538e+03	3.688549e+02	3.736489e+02	7.668893e+01	4.163178e+01	8.604424e+01
68	1.947866e+00	2.531237e+03	3.682632e+02	3.745914e+02	7.757425e+01	4.154563e+01	8.217878e+01
69	1.976511e+00	2.513303e+03	3.676607e+02	3.756405e+02	7.707990e+01	4.151584e+01	7.970213e+01
70	2.005156e+00	2.512868e+03	3.667314e+02	3.766616e+02	7.666448e+01	4.173357e+01	7.632558e+01
71	2.033801e+00	2.547384e+03	3.664171e+02	3.776883e+02	7.751366e+01	4.184335e+01	7.389070e+01
72	2.062446e+00	2.502854e+03	3.654193e+02	3.788643e+02	7.618549e+01	4.182861e+01	7.082728e+01
73	2.091091e+00	2.524808e+03	3.653316e+02	3.798559e+02	7.686451e+01	4.182275e+01	6.723840e+01
74	2.119736e+00	2.558421e+03	3.652183e+02	3.810877e+02	7.732289e+01	4.212830e+01	6.508582e+01
75	2.148382e+00	2.550936e+03	3.645383e+02	3.823139e+02	7.728013e+01	4.202830e+01	6.127451e+01
76	2.177027e+00	2.557006e+03	3.645926e+02	3.833904e+02	7.759292e+01	4.195848e+01	5.881921e+01
77	2.205672e+00	2.535939e+03	3.640051e+02	3.849342e+02	7.609940e+01	4.242949e+01	5.522835e+01
78	2.234317e+00	2.577738e+03	3.641476e+02	3.859729e+02	7.734767e+01	4.243280e+01	5.296834e+01
79	2.262962e+00	2.581756e+03	3.643043e+02	3.870379e+02	7.757204e+01	4.237601e+01	4.952806e+01
80	2.291607e+00	2.573897e+03	3.641066e+02	3.882411e+02	7.751444e+01	4.227842e+01	4.547972e+01
81	2.320252e+00	2.591523e+03	3.644009e+02	3.894060e+02	7.789919e+01	4.235769e+01	4.322249e+01
82	2.348897e+00	2.592816e+03	3.644174e+02	3.905213e+02	7.815264e+01	4.224138e+01	3.897147e+01
83	2.377542e+00	2.606500e+03	3.644188e+02	3.918814e+02	7.781554e+01	4.264829e+01	3.585548e+01
84	2.406187e+00	2.606030e+03	3.646948e+02	3.929966e+02	7.804128e+01	4.251725e+01	3.308520e+01
85	2.434832e+00	2.591516e+03	3.648099e+02	3.942538e+02	7.778166e+01	4.242157e+01	2.957695e+01
86	2.463478e+00	2.625179e+03	3.652510e+02	3.953027e+02	7.842196e+01	4.262175e+01	2.704543e+01
87	2.492123e+00	2.616449e+03	3.655461e+02	3.964765e+02	7.854841e+01	4.241163e+01	2.367183e+01
88	2.520768e+00	2.619188e+03	3.660436e+02	3.976335e+02	7.856300e+01	4.244815e+01	2.048208e+01
89	2.549413e+00	2.605261e+03	3.664488e+02	3.988174e+02	7.831028e+01	4.235870e+01	1.728848e+01
90	2.578058e+00	2.635060e+03	3.669856e+02	3.998133e+02	7.920187e+01	4.236090e+01	1.468621e+01
91	2.606703e+00	2.608301e+03	3.674505e+02	4.012716e+02	7.857292e+01	4.226636e+01	1.112971e+01
92	2.635348e+00	2.606414e+03	3.681363e+02	4.022738e+02	7.824855e+01	4.241087e+01	7.672782e+00
93	2.663993e+00	2.617319e+03	3.690153e+02	4.031315e+02	7.880400e+01	4.228813e+01	4.291044e+00
94	2.692638e+00	2.612448e+03	3.694421e+02	4.042045e+02	7.881101e+01	4.220568e+01	1.258086e+00
95	2.721283e+00	2.612456e+03	3.703972e+02	4.049997e+02	7.874481e+01	4.224129e+01	1.782714e+02
96	2.749928e+00	2.610798e+03	3.708270e+02	4.061267e+02	7.885828e+01	4.215374e+01	1.756599e+02
97	2.778573e+00	2.594546e+03	3.718185e+02	4.067267e+02	7.861974e+01	4.201843e+01	1.719879e+02
98	2.807219e+00	2.593064e+03	3.726601e+02	4.074663e+02	7.868723e+01	4.195841e+01	1.691090e+02
99	2.835864e+00	2.568419e+03	3.735817e+02	4.082533e+02	7.892483e+01	4.143452e+01	1.661723e+02
100	2.864509e+00	2.577110e+03	3.744709e+02	4.089731e+02	7.920959e+01	4.142527e+01	1.626142e+02
101	2.893154e+00	2.571996e+03	3.756184e+02	4.097203e+02	7.871939e+01	4.160051e+01	1.593572e+02
102	2.921799e+00	2.530972e+03	3.764005e+02	4.098596e+02	7.866589e+01	4.096481e+01	1.566720e+02
103	2.950444e+00	2.609225e+03	3.778364e+02	4.101322e+02	7.954904e+01	4.176252e+01	1.541089e+02
104	2.979089e+00	2.602784e+03	3.788394e+02	4.105247e+02	7.943084e+01	4.172142e+01	1.506420e+02
105	3.007734e+00	2.568408e+03	3.798760e+02	4.107865e+02	7.964829e+01	4.105799e+01	1.482594e+02
106	3.036379e+00	2.574833e+03	3.809225e+02	4.108022e+02	7.956767e+01	4.120240e+01	1.454169e+02
107	3.065024e+00	2.586339e+03	3.821867e+02	4.110247e+02	7.931290e+01	4.151946e+01	1.424484e+02
108	3.093669e+00	2.599889e+03	3.832791e+02	4.110022e+02	7.972542e+01	4.152103e+01	1.392945e+02
109	3.122315e+00	2.599962e+03	3.844369e+02	4.111529e+02	7.972537e+01	4.152223e+01	1.359339e+02
110	3.150960e+00	2.579168e+03	3.856921e+02	4.113985e+02	7.961124e+01	4.124918e+01	1.326487e+02
111	3.179605e+00	2.600581e+03	3.868434e+02	4.109796e+02	7.947922e+01	4.166073e+01	1.297933e+02
112	3.208250e+00	2.611497e+03	3.880139e+02	4.108229e+02	7.927625e+01	4.194272e+01	1.265054e+02
113	3.236895e+00	2.608952e+03	3.891878e+02	4.106475e+02	7.989812e+01	4.157571e+01	1.235911e+02
114	3.265540e+00	2.607428e+03	3.903785e+02	4.103034e+02	7.950509e+01	4.175684e+01	1.207175e+02
115	3.294185e+00	2.596692e+03	3.915234e+02	4.102018e+02	7.953574e+01	4.156887e+01	1.176790e+02
116	3.322830e+00	2.616434e+03	3.928772e+02	4.097776e+02	7.961585e+01	4.184277e+01	1.144293e+02
117	3.351475e+00	2.592412e+03	3.937395e+02	4.093971e+02	7.905936e+01	4.175042e+01	1.114093e+02
118	3.380120e+00	2.610618e+03	3.949714e+02	4.088770e+02	7.957650e+01	4.177040e+01	1.083044e+02
119	3.408765e+00	2.612103e+03	3.958290e+02	4.084170e+02	7.948025e+01	4.184476e+01	1.050786e+02
120	3.437410e+00	2.631757e+03	3.968806e+02	4.078417e+02	7.969391e+01	4.204660e+01	1.021095e+02
121	3.466056e+00	2.617282e+03	3.978520e+02	4.071843e+02	7.963350e+01	4.184705e+01	9.910741e+01
122	3.494701e+00	2.608581e+03	3.986154e+02	4.064935e+02	7.929874e+01	4.188400e+01	9.679933e+01
123	3.523346e+00	2.620516e+03	3.995483e+02	4.057248e+02	7.924396e+01	4.210471e+01	9.335722e+01
124	3.551991e+00	2.608975e+03	4.005322e+02	4.050341e+02	7.948615e+01	4.179156e+01	9.005695e+01
125	3.580636e+00	2.610956e+03	4.010841e+02	4.041800e+02	7.935036e+01	4.189487e+01	8.745055e+01
126	3.609281e+00	2.619063e+03	4.018605e+02	4.032782e+02	7.933846e+01	4.203125e+01	8.409724e+01
127	3.637926e+00	2.611599e+03	4.025770e+02	4.023156e+02	7.896442e+01	4.211000e+01	8.092643e+01
128	3.666571e+00	2.603935e+03	4.030337e+02	4.014424e+02	7.884805e+01	4.204839e+01	7.821735e+01
129	3.695216e+00	2.618560e+03	4.038121e+02	4.003769e+02	7.944841e+01	4.196502e+01	7.492046e+01
130	3.723861e+00	2.610089e+03	4.045225e+02	3.993586e+02	7.869894e+01	4.222762e+01	7.135455e+01
131	3.752506e+00	2.598619e+03	4.047718e+02	3.983327e+02	7.847560e+01	4.216169e+01	6.833841e+01
132	3.781152e+00	2.621006e+03	4.052572e+02	3.971593e+02	7.846880e+01	4.252860e+01	6.468670e+01
133	3.809797e+00	2.619399e+03	4.055908e+02	3.962962e+02	7.852163e+01	4.247393e+01	6.165528e+01
134	3.838442e+00	2.593903e+03	4.056227e+02	3.953908e+02	7.786510e+01	4.241515e+01	5.868227e+01
135	3.867087e+00	2.621759e+03	4.058966e+02	3.942536e+02	7.797914e+01	4.280795e+01	5.525379e+01
136	3.895732e+00	2.627120e+03	4.060955e+02	3.931611e+02	7.774696e+01	4.302359e+01	5.182552e+01
137	3.924377e+00	2.628887e+03	4.062061e+02	3.921095e+02	7.767335e+01	4.309333e+01	4.860448e+01
138	3.953022e+00	2.619656e+03	4.061718e+02	3.910455e+02	7.748519e+01	4.304629e+01	4.506181e+01
139	3.981667e+00	2.609773e+03	4.059908e+02	3.901335e+02	7.684439e+01	4.324150e+01	4.164230e+01
140	4.010312e+00	2.595943e+03	4.056422e+02	3.892409e+02	7.663071e+01	4.313229e+01	3.883707e+01
141	4.038957e+00	2.606626e+03	4.055414e+02	3.880509e+02	7.702892e+01	4.308590e+01	3.489507e+01
142	4.067602e+00	2.588017e+03	4.051258e+02	3.871282e+02	7.632360e+01	4.317361e+01	3.132680e+01
143	4.096247e+00	2.672274e+03	4.042442e+02	3.863248e+02	7.722036e+01	4.406150e+01	3.046406e+01
144	4.124893e+00	2.602232e+03	4.045557e+02	3.848779e+02	7.659522e+01	4.325681e+01	2.486782e+01
145	4.153538e+00	2.614762e+03	4.042579e+02	3.835046e+02	7.718506e+01	4.313293e+01	2.145538e+01
146	4.182183e+00	2.614149e+03	4.036834e+02	3.824629e+02	7.694464e+01	4.325757e+01	1.792072e+01
147	4.210828e+00	2.606360e+03	4.031575e+02	3.815900e+02	7.676234e+01	4.323111e+01	1.456987e+01
148	4.239473e+00	2.620885e+03	4.024585e+02	3.806581e+02	7.721795e+01	4.321552e+01	1.117223e+01
149	4.268118e+00	2.642838e+03	4.019119e+02	3.794062e+02	7.768384e+01	4.331617e+01	7.802160e+00
150	4.296763e+00	2.647721e+03	4.011006e+02	3.785505e+02	7.776338e+01	4.335181e+01	4.513649e+00
151	4.325408e+00	2.619213e+03	4.004306e+02	3.775520e+02	7.746768e+01	4.304873e+01	9.349077e-01
152	4.354053e+00	2.642636e+03	3.997133e+02	3.768648e+02	7.818127e+01	4.303727e+01	1.776389e+02
153	4.382698e+00	2.638283e+03	3.988107e+02	3.760759e+02	7.820703e+01	4.295222e+01	1.741243e+02
154	4.411343e+00	2.635088e+03	3.978619e+02	3.753560e+02	7.794210e+01	4.304604e+01	1.708987e+02
155	4.439989e+00	2.633400e+03	3.969163e+02	3.747782e+02	7.811550e+01	4.292297e+01	1.674839e+02
156	4.468634e+00	2.624480e+03	3.959707e+02	3.739189e+02	7.800600e+01	4.283763e+01	1.645218e+02
157	4.497279e+00	2.613821e+03	3.950536e+02	3.735229e+02	7.828690e+01	4.251057e+01	1.611364e+02
158	4.525924e+00	2.612565e+03	3.939750e+02	3.731801e+02	7.842646e+01	4.241453e+01	1.579376e+02
159	4.554569e+00	2.600366e+03	3.928414e+02	3.725491e+02	7.862176e+01	4.211162e+01	1.550202e+02
160	4.583214e+00	2.616980e+03	3.918570e+02	3.720727e+02	7.829647e+01	4.255673e+01	1.520490e+02
161	4.611859e+00	2.598696e+03	3.906876e+02	3.719457e+02	7.880927e+01	4.198443e+01	1.480638e+02
162	4.640504e+00	2.613122e+03	3.895585e+02	3.714880e+02	7.868232e+01	4.228562e+01	1.451413e+02
163	4.669149e+00	2.610687e+03	3.883825e+02	3.713275e+02	7.863884e+01	4.226957e+01	1.416781e+02
164	4.697794e+00	2.609779e+03	3.871158e+02	3.710667e+02	7.841778e+01	4.237399e+01	1.388203e+02
165	4.726439e+00	2.613039e+03	3.861022e+02	3.709749e+02	7.874049e+01	4.225303e+01	1.352713e+02
166	4.755085e+00	2.591352e+03	3.848888e+02	3.710071e+02	7.816639e+01	4.221011e+01	1.323588e+02
167	4.783730e+00	2.592264e+03	3.837125e+02	3.710824e+02	7.825648e+01	4.217636e+01	1.296122e+02
168	4.812375e+00	2.615715e+03	3.823386e+02	3.710490e+02	7.898917e+01	4.216315e+01	1.260152e+02
169	4.841020e+00	2.582593e+03	3.812761e+02	3.713857e+02	7.841333e+01	4.193496e+01	1.230686e+02
170	4.869665e+00	2.598474e+03	3.800916e+02	3.714916e+02	7.862231e+01	4.208067e+01	1.198933e+02
171	4.898310e+00	2.594208e+03	3.790133e+02	3.718293e+02	7.848270e+01	4.208632e+01	1.161450e+02
172	4.926955e+00	2.594375e+03	3.777570e+02	3.722027e+02	7.850240e+01	4.207848e+01	1.135912e+02
173	4.955600e+00	2.586450e+03	3.765486e+02	3.727633e+02	7.905486e+01	4.165676e+01	1.103045e+02
174	4.984245e+00	2.568336e+03	3.752463e+02	3.732383e+02	7.838269e+01	4.171976e+01	1.065980e+02
175	5.012890e+00	2.589750e+03	3.742151e+02	3.738567e+02	7.892702e+01	4.177747e+01	1.038762e+02
176	5.041535e+00	2.531824e+03	3.730849e+02	3.745496e+02	7.817812e+01	4.123428e+01	1.007394e+02
177	5.070180e+00	2.532672e+03	3.720245e+02	3.752808e+02	7.822064e+01	4.122567e+01	9.772190e+01
178	5.098826e+00	2.584667e+03	3.712311e+02	3.760167e+02	7.903532e+01	4.163834e+01	9.461742e+01
179	5.127471e+00	2.561832e+03	3.702240e+02	3.768301e+02	7.855857e+01	4.152095e+01	9.180197e+01
180	5.156116e+00	2.556357e+03	3.693484e+02	3.777985e+02	7.829878e+01	4.156968e+01	8.853665e+01
181	5.184761e+00	2.535274e+03	3.684423e+02	3.786981e+02	7.758495e+01	4.160616e+01	8.511976e+01
182	5.213406e+00	2.525465e+03	3.674153e+02	3.796996e+02	7.691722e+01	4.180497e+01	8.127882e+01
183	5.242051e+00	2.580234e+03	3.673265e+02	3.807556e+02	7.876266e+01	4.171083e+01	7.899627e+01
184	5.270696e+00	2.533423e+03	3.662279e+02	3.817695e+02	7.728797e+01	4.173553e+01	7.472948e+01
185	5.299341e+00	2.522633e+03	3.657373e+02	3.829815e+02	7.699542e+01	4.171567e+01	7.186373e+01
186	5.327986e+00	2.574183e+03	3.655995e+02	3.838093e+02	7.810710e+01	4.196228e+01	6.941341e+01
187	5.356631e+00	2.528769e+03	3.648037e+02	3.853524e+02	7.646523e+01	4.210709e+01	6.632019e+01
188	5.385276e+00	2.558680e+03	3.647426e+02	3.862940e+02	7.734660e+01	4.211967e+01	6.232015e+01
189	5.413922e+00	2.550356e+03	3.645023e+02	3.874287e+02	7.752972e+01	4.188347e+01	5.885206e+01
190	5.442567e+00	2.535876e+03	3.639040e+02	3.888784e+02	7.658810e+01	4.215770e+01	5.632920e+01
191	5.471212e+00	2.570740e+03	3.641166e+02	3.899193e+02	7.702962e+01	4.249232e+01	5.346761e+01
192	5.499857e+00	2.574396e+03	3.640309e+02	3.912272e+02	7.712978e+01	4.249750e+01	5.022548e+01
193	5.528502e+00	2.576805e+03	3.639657e+02	3.926475e+02	7.686804e+01	4.268211e+01	4.735359e+01
194	5.557147e+00	2.587682e+03	3.640696e+02	3.937004e+02	7.736905e+01	4.258471e+01	4.392332e+01
195	5.585792e+00	2.590571e+03	3.640791e+02	3.949969e+02	7.770857e+01	4.244599e+01	4.063849e+01
196	5.614437e+00	2.608947e+03	3.641550e+02	3.961796e+02	7.802261e+01	4.257502e+01	3.787006e+01
197	5.643082e+00	2.617720e+03	3.644268e+02	3.973938e+02	7.855000e+01	4.243137e+01	3.441360e+01
198	5.671727e+00	2.610740e+03	3.646605e+02	3.987212e+02	7.783856e+01	4.270502e+01	3.142299e+01
199	5.700372e+00	2.612140e+03	3.650940e+02	3.996632e+02	7.824742e+01	4.250466e+01	2.842507e+01
200	5.729017e+00	2.617533e+03	3.654371e+02	4.009542e+02	7.852271e+01	4.244309e+01	2.535028e+01
201	5.757663e+00	2.620413e+03	3.657585e+02	4.021176e+02	7.843416e+01	4.253777e+01	2.221689e+01
202	5.786308e+00	2.628568e+03	3.662681e+02	4.032278e+02	7.863115e+01	4.256324e+01	1.922623e+01
203	5.814953e+00	2.609178e+03	3.666800e+02	4.043051e+02	7.869034e+01	4.221749e+01	1.529032e+01
204	5.843598e+00	2.619337e+03	3.670290e+02	4.053820e+02	7.817010e+01	4.266392e+01	1.268765e+01
205	5.872243e+00	2.618805e+03	3.677881e+02	4.063782e+02	7.836707e+01	4.254804e+01	8.834274e+00
206	5.900888e+00	2.595662e+03	3.685093e+02	4.073121e+02	7.808313e+01	4.232539e+01	5.388760e+00
207	5.929533e+00	2.596850e+03	3.690901e+02	4.083383e+02	7.831829e+01	4.221763e+01	2.235686e+00
208	5.958178e+00	2.596475e+03	3.697543e+02	4.089608e+02	7.885870e+01	4.192225e+01	1.793306e+02
209	5.986823e+00	2.603502e+03	3.705291e+02	4.098349e+02	7.885572e+01	4.203730e+01	1.763392e+02
210	6.015468e+00	2.595959e+03	3.713316e+02	4.108108e+02	7.849892e+01	4.210602e+01	1.733262e+02
211	6.044113e+00	2.593429e+03	3.722256e+02	4.116698e+02	7.829961e+01	4.217206e+01	1.698247e+02
212	6.072759e+00	2.609487e+03	3.733489e+02	4.121476e+02	7.861054e+01	4.226535e+01	1.672813e+02
213	6.101404e+00	2.597524e+03	3.742911e+02	4.129655e+02	7.879053e+01	4.197548e+01	1.648114e+02
214	6.130049e+00	2.577913e+03	3.753941e+02	4.139114e+02	7.828391e+01	4.192816e+01	1.603604e+02
215	6.158694e+00	2.560173e+03	3.761496e+02	4.139918e+02	7.860419e+01	4.146997e+01	1.578647e+02
216	6.187339e+00	2.579685e+03	3.773246e+02	4.145189e+02	7.937325e+01	4.138116e+01	1.551975e+02
217	6.215984e+00	2.578250e+03	3.780389e+02	4.144582e+02	7.995724e+01	4.105606e+01	1.538111e+02
218	6.244629e+00	2.589706e+03	3.792603e+02	4.149431e+02	8.025293e+01	4.108656e+01	1.501618e+02
219	6.273274e+00	2.613344e+03	3.806334e+02	4.151340e+02	7.991897e+01	4.163483e+01	1.469970e+02
220	6.301919e+00	2.597205e+03	3.816870e+02	4.153646e+02	7.947263e+01	4.161010e+01	1.437471e+02
221	6.330564e+00	2.578228e+03	3.826912e+02	4.154525e+02	7.934513e+01	4.137244e+01	1.408044e+02
222	6.359209e+00	2.601348e+03	3.838414e+02	4.153949e+02	7.936152e+01	4.173483e+01	1.374061e+02
223	6.387854e+00	2.595399e+03	3.851680e+02	4.154758e+02	7.935279e+01	4.164397e+01	1.347342e+02
224	6.416500e+00	2.596689e+03	3.863244e+02	4.155538e+02	7.963838e+01	4.151525e+01	1.313602e+02
225	6.445145e+00	2.588734e+03	3.872265e+02	4.153779e+02	7.983294e+01	4.128720e+01	1.283494e+02
226	6.473790e+00	2.604297e+03	3.884698e+02	4.151878e+02	7.967953e+01	4.161538e+01	1.250280e+02
227	6.502435e+00	2.598018e+03	3.897228e+02	4.150588e+02	7.967836e+01	4.151566e+01	1.218915e+02
228	6.531080e+00	2.601589e+03	3.907190e+02	4.145416e+02	7.946994e+01	4.168176e+01	1.189112e+02
229	6.559725e+00	2.599025e+03	3.920345e+02	4.143648e+02	8.021710e+01	4.125282e+01	1.149781e+02
230	6.588370e+00	2.612261e+03	3.929949e+02	4.137812e+02	7.940957e+01	4.188455e+01	1.118977e+02
231	6.617015e+00	2.588186e+03	3.939200e+02	4.134926e+02	7.922965e+01	4.159277e+01	1.090646e+02
232	6.645660e+00	2.614843e+03	3.949969e+02	4.130414e+02	7.946613e+01	4.189611e+01	1.056750e+02
233	6.674305e+00	2.616987e+03	3.959952e+02	4.124193e+02	8.003372e+01	4.163309e+01	1.030637e+02
234	6.702950e+00	2.622901e+03	3.969498e+02	4.118525e+02	8.023686e+01	4.162153e+01	9.969055e+01
235	6.731596e+00	2.592396e+03	3.979755e+02	4.112968e+02	7.916856e+01	4.169258e+01	9.705396e+01
236	6.760241e+00	2.605229e+03	3.988276e+02	4.104807e+02	7.930704e+01	4.182580e+01	9.393751e+01
237	6.788886e+00	2.612166e+03	3.997063e+02	4.098076e+02	7.910161e+01	4.204609e+01	9.082218e+01
238	6.817531e+00	2.609702e+03	4.003891e+02	4.089946e+02	7.947672e+01	4.180817e+01	8.769005e+01
239	6.846176e+00	2.620310e+03	4.012156e+02	4.080951e+02	7.946245e+01	4.198564e+01	8.457134e+01
240	6.874821e+00	2.616693e+03	4.019738e+02	4.072073e+02	7.933209e+01	4.199659e+01	8.144870e+01
241	6.903466e+00	2.607674e+03	4.026437e+02	4.064637e+02	7.929952e+01	4.186902e+01	7.853491e+01
242	6.932111e+00	2.615383e+03	4.031190e+02	4.053494e+02	7.909507e+01	4.210135e+01	7.544561e+01
243	6.960756e+00	2.613436e+03	4.037828e+02	4.043595e+02	7.852747e+01	4.237409e+01	7.195662e+01
244	6.989401e+00	2.602958e+03	4.040982e+02	4.034066e+02	7.824567e+01	4.235620e+01	6.916853e+01
245	7.018046e+00	2.636899e+03	4.046633e+02	4.020276e+02	7.897048e+01	4.251468e+01	6.579521e+01
246	7.046691e+00	2.613935e+03	4.048148e+02	4.010401e+02	7.789474e+01	4.272645e+01	6.234338e+01
247	7.075337e+00	2.627869e+03	4.050548e+02	3.999447e+02	7.828614e+01	4.273946e+01	5.956556e+01
248	7.103982e+00	2.634286e+03	4.052925e+02	3.987977e+02	7.814583e+01	4.292075e+01	5.607002e+01
249	7.132627e+00	2.657182e+03	4.055247e+02	3.976357e+02	7.847144e+01	4.311415e+01	5.284938e+01
250	7.161272e+00	2.637635e+03	4.056011e+02	3.966592e+02	7.799796e+01	4.305678e+01	4.922045e+01
251	7.189917e+00	2.637459e+03	4.056501e+02	3.954239e+02	7.770222e+01	4.321777e+01	4.620406e+01
252	7.218562e+00	2.614516e+03	4.053520e+02	3.945501e+02	7.686396e+01	4.330906e+01	4.257561e+01
253	7.247207e+00	2.602828e+03	4.052247e+02	3.934734e+02	7.678160e+01	4.316169e+01	3.918365e+01
254	7.275852e+00	2.612994e+03	4.051305e+02	3.923171e+02	7.661000e+01	4.342733e+01	3.617428e+01
255	7.304497e+00	2.630396e+03	4.048713e+02	3.911222e+02	7.717445e+01	4.339680e+01	3.291520e+01
256	7.333142e+00	2.617041e+03	4.047686e+02	3.899525e+02	7.663733e+01	4.347907e+01	2.933435e+01
257	7.361787e+00	2.617087e+03	4.043680e+02	3.888922e+02	7.702078e+01	4.326337e+01	2.555760e+01
258	7.390433e+00	2.606965e+03	4.039144e+02	3.879133e+02	7.661916e+01	4.332195e+01	2.298474e+01
259	7.419078e+00	2.629038e+03	4.034382e+02	3.865800e+02	7.689182e+01	4.353382e+01	1.899512e+01
260	7.447723e+00	2.616906e+03	4.030114e+02	3.857182e+02	7.673917e+01	4.341912e+01	1.586087e+01
261	7.476368e+00	2.594186e+03	4.023618e+02	3.847103e+02	7.678014e+01	4.301920e+01	1.219929e+01
262	7.505013e+00	2.622347e+03	4.018517e+02	3.834817e+02	7.749196e+01	4.308673e+01	8.967736e+00
263	7.533658e+00	2.635125e+03	4.010540e+02	3.826706e+02	7.748749e+01	4.329919e+01	5.473147e+00
264	7.562303e+00	2.624683e+03	4.002835e+02	3.818065e+02	7.790808e+01	4.289479e+01	1.942300e+00
265	7.590948e+00	2.636141e+03	3.995029e+02	3.807843e+02	7.819541e+01	4.292374e+01	1.786337e+02
266	7.619593e+00	2.621218e+03	3.987499e+02	3.801631e+02	7.782362e+01	4.288464e+01	1.749666e+02
267	7.648238e+00	2.652819e+03	3.977566e+02	3.790317e+02	7.805891e+01	4.327083e+01	1.715510e+02
268	7.676883e+00	2.628043e+03	3.967970e+02	3.784683e+02	7.774430e+01	4.304017e+01	1.684081e+02
269	7.705529e+00	2.622607e+03	3.958474e+02	3.777661e+02	7.834909e+01	4.261960e+01	1.646081e+02
270	7.734174e+00	2.643569e+03	3.948381e+02	3.772172e+02	7.870071e+01	4.276831e+01	1.617285e+02
271	7.762819e+00	2.635771e+03	3.937441e+02	3.766766e+02	7.890527e+01	4.253160e+01	1.581769e+02
272	7.791464e+00	2.618116e+03	3.928924e+02	3.763651e+02	7.810533e+01	4.267941e+01	1.555855e+02
273	7.820109e+00	2.609524e+03	3.917677e+02	3.759420e+02	7.832310e+01	4.242107e+01	1.521547e+02
274	7.848754e+00	2.627592e+03	3.906039e+02	3.755045e+02	7.867258e+01	4.252504e+01	1.486654e+02
275	7.877399e+00	2.631270e+03	3.894196e+02	3.751328e+02	7.868707e+01	4.257672e+01	1.453230e+02
276	7.906044e+00	2.606458e+03	3.881729e+02	3.749809e+02	7.905611e+01	4.197834e+01	1.419592e+02
277	7.934689e+00	2.619683e+03	3.871325e+02	3.749411e+02	7.866354e+01	4.240191e+01	1.389751e+02
278	7.963334e+00	2.594755e+03	3.859780e+02	3.747587e+02	7.848754e+01	4.209259e+01	1.358139e+02
279	7.991979e+00	2.595705e+03	3.848670e+02	3.748860e+02	7.804654e+01	4.234594e+01	1.325993e+02
280	8.020624e+00	2.600106e+03	3.835182e+02	3.748188e+02	7.893298e+01	4.194137e+01	1.290902e+02
281	8.049270e+00	2.595078e+03	3.822376e+02	3.750934e+02	7.865884e+01	4.200616e+01	1.257515e+02
282	8.077915e+00	2.581890e+03	3.812762e+02	3.752734e+02	7.835587e+01	4.195428e+01	1.230259e+02
283	8.106560e+00	2.593545e+03	3.799995e+02	3.754898e+02	7.898679e+01	4.180705e+01	1.193241e+02
284	8.135205e+00	2.603808e+03	3.787445e+02	3.758286e+02	7.875537e+01	4.209582e+01	1.164455e+02
285	8.163850e+00	2.595371e+03	3.776893e+02	3.762251e+02	7.867052e+01	4.200467e+01	1.131786e+02
286	8.192495e+00	2.599497e+03	3.765412e+02	3.766716e+02	7.915443e+01	4.181425e+01	1.101034e+02
287	8.221140e+00	2.575573e+03	3.751288e+02	3.772123e+02	7.847974e+01	4.178558e+01	1.070647e+02
288	8.249785e+00	2.603034e+03	3.741726e+02	3.777229e+02	7.913036e+01	4.188387e+01	1.040957e+02
289	8.278430e+00	2.525326e+03	3.727755e+02	3.784638e+02	7.818865e+01	4.112291e+01	1.017721e+02
290	8.307075e+00	2.559261e+03	3.720252e+02	3.791597e+02	7.848828e+01	4.151642e+01	9.802489e+01
291	8.335720e+00	2.548484e+03	3.708972e+02	3.799623e+02	7.843441e+01	4.136998e+01	9.493295e+01
292	8.364366e+00	2.563388e+03	3.702645e+02	3.806704e+02	7.905958e+01	4.128288e+01	9.164980e+01
293	8.393011e+00	2.551777e+03	3.693649e+02	3.814468e+02	7.820126e+01	4.154694e+01	8.878064e+01
294	8.421656e+00	2.544277e+03	3.686274e+02	3.823074e+02	7.807745e+01	4.149052e+01	8.540362e+01
295	8.450301e+00	2.566819e+03	3.679873e+02	3.833037e+02	7.830244e+01	4.173785e+01	8.139999e+01
296	8.478946e+00	2.561730e+03	3.672725e+02	3.843175e+02	7.833896e+01	4.163568e+01	7.865611e+01
297	8.507591e+00	2.503000e+03	3.661422e+02	3.855098e+02	7.656820e+01	4.162196e+01	7.549409e+01
298	8.536236e+00	2.556417e+03	3.661169e+02	3.866750e+02	7.792060e+01	4.177241e+01	7.195924e+01
299	8.564881e+00	2.539418e+03	3.653837e+02	3.877907e+02	7.755481e+01	4.169035e+01	6.896964e+01
300	8.593526e+00	2.514291e+03	3.646849e+02	3.891233e+02	7.579243e+01	4.223766e+01	6.577054e+01
301	8.622171e+00	2.552547e+03	3.647213e+02	3.900898e+02	7.744341e+01	4.196618e+01	6.266408e+01
302	8.650816e+00	2.584018e+03	3.647309e+02	3.912314e+02	7.815360e+01	4.209754e+01	5.991270e+01
303	8.679461e+00	2.576979e+03	3.645070e+02	3.923078e+02	7.832817e+01	4.188929e+01	5.701453e+01
304	8.708107e+00	2.601974e+03	3.644253e+02	3.935980e+02	7.882873e+01	4.202701e+01	5.417366e+01
305	8.736752e+00	2.577112e+03	3.639300e+02	3.949744e+02	7.792455e+01	4.210844e+01	5.092072e+01
306	8.765397e+00	2.573050e+03	3.637986e+02	3.962244e+02	7.745918e+01	4.229465e+01	4.756657e+01
307	8.794042e+00	2.584488e+03	3.637747e+02	3.975007e+02	7.745302e+01	4.248605e+01	4.445602e+01
308	8.822687e+00	2.582028e+03	3.638182e+02	3.987221e+02	7.749136e+01	4.242460e+01	4.157442e+01
309	8.851332e+00	2.610231e+03	3.640579e+02	3.998319e+02	7.812219e+01	4.254169e+01	3.848076e+01
310	8.879977e+00	2.611124e+03	3.642331e+02	4.008987e+02	7.837793e+01	4.241738e+01	3.503600e+01
311	8.908622e+00	2.618263e+03	3.643116e+02	4.020358e+02	7.840899e+01	4.251650e+01	3.214777e+01
312	8.937267e+00	2.610628e+03	3.645242e+02	4.032393e+02	7.838050e+01	4.240792e+01	2.879990e+01
313	8.965912e+00	2.621573e+03	3.648077e+02	4.044863e+02	7.855949e+01	4.248870e+01	2.562721e+01
314	8.994557e+00	2.629349e+03	3.652216e+02	4.055782e+02	7.866277e+01	4.255878e+01	2.292559e+01
315	9.023203e+00	2.611421e+03	3.656531e+02	4.067513e+02	7.808480e+01	4.258146e+01	1.913580e+01
316	9.051848e+00	2.620408e+03	3.662952e+02	4.077527e+02	7.841905e+01	4.254588e+01	1.605268e+01
317	9.080493e+00	2.627500e+03	3.667896e+02	4.088454e+02	7.843674e+01	4.265139e+01	1.332633e+01
318	9.109138e+00	2.618350e+03	3.672686e+02	4.100184e+02	7.818255e+01	4.264106e+01	9.821591e+00
319	9.137783e+00	2.605979e+03	3.677937e+02	4.110267e+02	7.834198e+01	4.235322e+01	7.356836e+00
320	9.166428e+00	2.599510e+03	3.683548e+02	4.119329e+02	7.861774e+01	4.209989e+01	3.954992e+00
321	9.195073e+00	2.607899e+03	3.691330e+02	4.128987e+02	7.848560e+01	4.230688e+01	1.081722e+00
322	9.223718e+00	2.594863e+03	3.697949e+02	4.137206e+02	7.854990e+01	4.206094e+01	1.780042e+02
323	9.252363e+00	2.580718e+03	3.706485e+02	4.148501e+02	7.862864e+01	4.178977e+01	1.742927e+02
324	9.281008e+00	2.579515e+03	3.714736e+02	4.154899e+02	7.848490e+01	4.184679e+01	1.714728e+02
325	9.309653e+00	2.593378e+03	3.725343e+02	4.162432e+02	7.845859e+01	4.208579e+01	1.682543e+02
326	9.338298e+00	2.609359e+03	3.734539e+02	4.164347e+02	7.919798e+01	4.194981e+01	1.661035e+02
327	9.366944e+00	2.612534e+03	3.745526e+02	4.173377e+02	7.931283e+01	4.194002e+01	1.626805e+02
328	9.395589e+00	2.607560e+03	3.755739e+02	4.177967e+02	7.934068e+01	4.184549e+01	1.596127e+02
329	9.424234e+00	2.610592e+03	3.764677e+02	4.182587e+02	7.996037e+01	4.156946e+01	1.563571e+02
330	9.452879e+00	2.600886e+03	3.774284e+02	4.186988e+02	7.977760e+01	4.150978e+01	1.535801e+02
331	9.481524e+00	2.608728e+03	3.786515e+02	4.189390e+02	8.004568e+01	4.149551e+01	1.505103e+02
332	9.510169e+00	2.594044e+03	3.796520e+02	4.189631e+02	7.937407e+01	4.161106e+01	1.480367e+02
333	9.538814e+00	2.589046e+03	3.805794e+02	4.192395e+02	7.995610e+01	4.122857e+01	1.451509e+02
334	9.567459e+00	2.593948e+03	3.819640e+02	4.193470e+02	7.962057e+01	4.148070e+01	1.420480e+02
335	9.596104e+00	2.579507e+03	3.831023e+02	4.195347e+02	7.948129e+01	4.132206e+01	1.385161e+02
336	9.624749e+00	2.582835e+03	3.841800e+02	4.195876e+02	7.934776e+01	4.144500e+01	1.356099e+02
337	9.653394e+00	2.595217e+03	3.853166e+02	4.194697e+02	7.949337e+01	4.156741e+01	1.325528e+02
338	9.682040e+00	2.623497e+03	3.864397e+02	4.192933e+02	7.987942e+01	4.181728e+01	1.289068e+02
339	9.710685e+00	2.607031e+03	3.876567e+02	4.192698e+02	7.932166e+01	4.184702e+01	1.259238e+02
340	9.739330e+00	2.616617e+03	3.886451e+02	4.189975e+02	7.956834e+01	4.187067e+01	1.227222e+02
341	9.767975e+00	2.609361e+03	3.897483e+02	4.188441e+02	8.014848e+01	4.145234e+01	1.193243e+02
342	9.796620e+00	2.608300e+03	3.908051e+02	4.183919e+02	7.983547e+01	4.159793e+01	1.166005e+02
343	9.825265e+00	2.627990e+03	3.920327e+02	4.180489e+02	7.975681e+01	4.195329e+01	1.132306e+02
344	9.853910e+00	2.604048e+03	3.929499e+02	4.174576e+02	7.927333e+01	4.182463e+01	1.100214e+02
345	9.882555e+00	2.592656e+03	3.938697e+02	4.170147e+02	7.898864e+01	4.179173e+01	1.070864e+02
346	9.911200e+00	2.589997e+03	3.949347e+02	4.164131e+02	7.907275e+01	4.170446e+01	1.037219e+02
347	9.939845e+00	2.610313e+03	3.961508e+02	4.158341e+02	8.003216e+01	4.152773e+01	1.003449e+02
348	9.968490e+00	2.600851e+03	3.967935e+02	4.152208e+02	7.972012e+01	4.153915e+01	9.741174e+01
349	9.997135e+00	2.606512e+03	3.975770e+02	4.145832e+02	7.950303e+01	4.174324e+01	9.474731e+01
350	1.002578e+01	2.591370e+03	3.984897e+02	4.139942e+02	7.934142e+01	4.158529e+01	9.152433e+01
351	1.005443e+01	2.595953e+03	3.993338e+02	4.130734e+02	7.927892e+01	4.169166e+01	8.847264e+01
352	1.008307e+01	2.621398e+03	4.001895e+02	4.121746e+02	7.987936e+01	4.178386e+01	8.521489e+01
353	1.011172e+01	2.596770e+03	4.008063e+02	4.115559e+02	7.906698e+01	4.181658e+01	8.284502e+01
354	1.014036e+01	2.595251e+03	4.013884e+02	4.106544e+02	7.921344e+01	4.171484e+01	7.962134e+01
355	1.016901e+01	2.612516e+03	4.019859e+02	4.096200e+02	7.881495e+01	4.220467e+01	7.640715e+01
356	1.019765e+01	2.626896e+03	4.026971e+02	4.086777e+02	7.915466e+01	4.225484e+01	7.340573e+01
357	1.022630e+01	2.612362e+03	4.032340e+02	4.076263e+02	7.904025e+01	4.208187e+01	6.972368e+01
358	1.025494e+01	2.602548e+03	4.037312e+02	4.064452e+02	7.846451e+01	4.223141e+01	6.713947e+01
359	1.028359e+01	2.623023e+03	4.040639e+02	4.054024e+02	7.886191e+01	4.234917e+01	6.349524e+01
360	1.031223e+01	2.621696e+03	4.043826e+02	4.044048e+02	7.834433e+01	4.260739e+01	6.030873e+01
361	1.034088e+01	2.628079e+03	4.044361e+02	4.035367e+02	7.813825e+01	4.282377e+01	5.693420e+01
362	1.036952e+01	2.624562e+03	4.047268e+02	4.023768e+02	7.825465e+01	4.270284e+01	5.417087e+01
363	1.039817e+01	2.629674e+03	4.048876e+02	4.013267e+02	7.812815e+01	4.285529e+01	5.073221e+01
364	1.042681e+01	2.630338e+03	4.050274e+02	4.001567e+02	7.761410e+01	4.315002e+01	4.718566e+01
365	1.045546e+01	2.617104e+03	4.049385e+02	3.993448e+02	7.714514e+01	4.319391e+01	4.394993e+01
366	1.048410e+01	2.618588e+03	4.047304e+02	3.982802e+02	7.701484e+01	4.329152e+01	4.102363e+01
367	1.051275e+01	2.616811e+03	4.046981e+02	3.971281e+02	7.690334e+01	4.332486e+01	3.807452e+01
368	1.054139e+01	2.611687e+03	4.044143e+02	3.961239e+02	7.656714e+01	4.342990e+01	3.445242e+01
369	1.057004e+01	2.611705e+03	4.042201e+02	3.949216e+02	7.639054e+01	4.353061e+01	3.110794e+01
370	1.059868e+01	2.627835e+03	4.041778e+02	3.937417e+02	7.711340e+01	4.338887e+01	2.801156e+01
371	1.062733e+01	2.619007e+03	4.036543e+02	3.927294e+02	7.676753e+01	4.343794e+01	2.428707e+01
372	1.065597e+01	2.589884e+03	4.033266e+02	3.919539e+02	7.619334e+01	4.327862e+01	2.182364e+01
373	1.068462e+01	2.630190e+03	4.029357e+02	3.905478e+02	7.714712e+01	4.340878e+01	1.862376e+01
374	1.071326e+01	2.625559e+03	4.023435e+02	3.895466e+02	7.689867e+01	4.347235e+01	1.534837e+01
375	1.074191e+01	2.637104e+03	4.018801e+02	3.884963e+02	7.735262e+01	4.340725e+01	1.176906e+01
376	1.077055e+01	2.637326e+03	4.014140e+02	3.873674e+02	7.735843e+01	4.340765e+01	8.475616e+00
377	1.079920e+01	2.642922e+03	4.006377e+02	3.864763e+02	7.754976e+01	4.339244e+01	4.725263e+00
378	1.082784e+01	2.631041e+03	3.998897e+02	3.857421e+02	7.718475e+01	4.340164e+01	1.737185e+00
379	1.085649e+01	2.633346e+03	3.991377e+02	3.848008e+02	7.782168e+01	4.308413e+01	1.782564e+02
380	1.088513e+01	2.624074e+03	3.982261e+02	3.840566e+02	7.784405e+01	4.292010e+01	1.748895e+02
381	1.091378e+01	2.640683e+03	3.973710e+02	3.831545e+02	7.824273e+01	4.297169e+01	1.716223e+02
382	1.094242e+01	2.634010e+03	3.961863e+02	3.825867e+02	7.801608e+01	4.298763e+01	1.678447e+02
383	1.097107e+01	2.629931e+03	3.953171e+02	3.819323e+02	7.827696e+01	4.277801e+01	1.654520e+02
384	1.099971e+01	2.629995e+03	3.943286e+02	3.812656e+02	7.826006e+01	4.278828e+01	1.616236e+02
385	1.102836e+01	2.624575e+03	3.934098e+02	3.809737e+02	7.828711e+01	4.268534e+01	1.583293e+02
386	1.105700e+01	2.633166e+03	3.924143e+02	3.804584e+02	7.806623e+01	4.294624e+01	1.556288e+02
387	1.108565e+01	2.617483e+03	3.912176e+02	3.801791e+02	7.849645e+01	4.245648e+01	1.518616e+02
388	1.111429e+01	2.616066e+03	3.900580e+02	3.796774e+02	7.866464e+01	4.234276e+01	1.488243e+02
389	1.114294e+01	2.604708e+03	3.889272e+02	3.795603e+02	7.847769e+01	4.225937e+01	1.454979e+02
390	1.117158e+01	2.627767e+03	3.877469e+02	3.791053e+02	7.887937e+01	4.241637e+01	1.420634e+02
391	1.120023e+01	2.625844e+03	3.866672e+02	3.788951e+02	7.865369e+01	4.250695e+01	1.390434e+02
392	1.122887e+01	2.608885e+03	3.854833e+02	3.789428e+02	7.866383e+01	4.222697e+01	1.355521e+02
393	1.125752e+01	2.629053e+03	3.843966e+02	3.789418e+02	7.882614e+01	4.246579e+01	1.326990e+02
394	1.128616e+01	2.608476e+03	3.830713e+02	3.790829e+02	7.872096e+01	4.218971e+01	1.294458e+02
395	1.131481e+01	2.605535e+03	3.818734e+02	3.790745e+02	7.902927e+01	4.197774e+01	1.260313e+02
396	1.134345e+01	2.595305e+03	3.806536e+02	3.793754e+02	7.862579e+01	4.202749e+01	1.228989e+02
397	1.137210e+01	2.617144e+03	3.794880e+02	3.796285e+02	7.927522e+01	4.203396e+01	1.201326e+02
398	1.140074e+01	2.612993e+03	3.782749e+02	3.800488e+02	7.843941e+01	4.241448e+01	1.170559e+02
399	1.142939e+01	2.594060e+03	3.768357e+02	3.804532e+02	7.861821e+01	4.201138e+01	1.139800e+02
400	1.145803e+01	2.577434e+03	3.758340e+02	3.809218e+02	7.863234e+01	4.173462e+01	1.105714e+02
401	1.148668e+01	2.596179e+03	3.748806e+02	3.816137e+02	7.875225e+01	4.197413e+01	1.073149e+02
402	1.151533e+01	2.578137e+03	3.737579e+02	3.822580e+02	7.855828e+01	4.178535e+01	1.047313e+02
403	1.154397e+01	2.586639e+03	3.725774e+02	3.827769e+02	7.900733e+01	4.168489e+01	1.018341e+02
404	1.157262e+01	2.574965e+03	3.717179e+02	3.836246e+02	7.893170e+01	4.153651e+01	9.859093e+01
405	1.160126e+01	2.559970e+03	3.702227e+02	3.844690e+02	7.924148e+01	4.113320e+01	9.628009e+01
406	1.162991e+01	2.577760e+03	3.696321e+02	3.852718e+02	7.877360e+01	4.166505e+01	9.330212e+01
407	1.165855e+01	2.565296e+03	3.686517e+02	3.861846e+02	7.867474e+01	4.151569e+01	9.004713e+01
408	1.168720e+01	2.547287e+03	3.676303e+02	3.871767e+02	7.866360e+01	4.123007e+01	8.716909e+01
409	1.171584e+01	2.555354e+03	3.667387e+02	3.881041e+02	7.849386e+01	4.145010e+01	8.328069e+01
410	1.174449e+01	2.535692e+03	3.659764e+02	3.891219e+02	7.727377e+01	4.178059e+01	8.009373e+01
411	1.177313e+01	2.562481e+03	3.655343e+02	3.902018e+02	7.784982e+01	4.190956e+01	7.693591e+01
412	1.180178e+01	2.551980e+03	3.649389e+02	3.913036e+02	7.743059e+01	4.196381e+01	7.412162e+01
413	1.183042e+01	2.543551e+03	3.642423e+02	3.923884e+02	7.703971e+01	4.203740e+01	7.133236e+01
414	1.185907e+01	2.565709e+03	3.639452e+02	3.936018e+02	7.795428e+01	4.190613e+01	6.773460e+01
415	1.188771e+01	2.564795e+03	3.635009e+02	3.947698e+02	7.811257e+01	4.180631e+01	6.461420e+01
416	1.191636e+01	2.589149e+03	3.632688e+02	3.958694e+02	7.857854e+01	4.195301e+01	6.189491e+01
417	1.194500e+01	2.549196e+03	3.625651e+02	3.971233e+02	7.729219e+01	4.199307e+01	5.913970e+01
418	1.197365e+01	2.585346e+03	3.625721e+02	3.978908e+02	7.803410e+01	4.218366e+01	5.624752e+01
419	1.200229e+01	2.531266e+03	3.618956e+02	3.994664e+02	7.616058e+01	4.231728e+01	5.348768e+01
420	1.203094e+01	2.560345e+03	3.621501e+02	4.005067e+02	7.670559e+01	4.249929e+01	5.015860e+01
421	1.205958e+01	2.556101e+03	3.620391e+02	4.016766e+02	7.690529e+01	4.231866e+01	4.691217e+01
422	1.208823e+01	2.575420e+03	3.619152e+02	4.026431e+02	7.714781e+01	4.250446e+01	4.362080e+01
423	1.211687e+01	2.579435e+03	3.619443e+02	4.038996e+02	7.727208e+01	4.250227e+01	4.046008e+01
424	1.214552e+01	2.587082e+03	3.621243e+02	4.050192e+02	7.762446e+01	4.243476e+01	3.710649e+01
425	1.217416e+01	2.584075e+03	3.624533e+02	4.060635e+02	7.739571e+01	4.251072e+01	3.365263e+01
426	1.220281e+01	2.617246e+03	3.628936e+02	4.070987e+02	7.821815e+01	4.260367e+01	3.115271e+01
427	1.223145e+01	2.602287e+03	3.629594e+02	4.085287e+02	7.764410e+01	4.267336e+01	2.769631e+01
428	1.226010e+01	2.603249e+03	3.633210e+02	4.097418e+02	7.792342e+01	4.253612e+01	2.400226e+01
429	1.228874e+01	2.605582e+03	3.636770e+02	4.108513e+02	7.792194e+01	4.257504e+01	2.133268e+01
430	1.231739e+01	2.623011e+03	3.641471e+02	4.118297e+02	7.813085e+01	4.274523e+01	1.816485e+01
431	1.234603e+01	2.619133e+03	3.646241e+02	4.128924e+02	7.831483e+01	4.258176e+01	1.473304e+01
432	1.237468e+01	2.619492e+03	3.651170e+02	4.139541e+02	7.810152e+01	4.270391e+01	1.189775e+01
433	1.240332e+01	2.620510e+03	3.657708e+02	4.148482e+02	7.844525e+01	4.253333e+01	8.321453e+00
434	1.243197e+01	2.636368e+03	3.664699e+02	4.158244e+02	7.857379e+01	4.272071e+01	4.954003e+00
435	1.246061e+01	2.604506e+03	3.671322e+02	4.167223e+02	7.870983e+01	4.213145e+01	1.650196e+00
436	1.248926e+01	2.613326e+03	3.679606e+02	4.175017e+02	7.878496e+01	4.223382e+01	1.790294e+02
437	1.251790e+01	2.617632e+03	3.688673e+02	4.181769e+02	7.906687e+01	4.215258e+01	1.761649e+02
438	1.254655e+01	2.618740e+03	3.696715e+02	4.194005e+02	7.849772e+01	4.247618e+01	1.718523e+02
439	1.257519e+01	2.602629e+03	3.705840e+02	4.200083e+02	7.892899e+01	4.198419e+01	1.688252e+02
440	1.260384e+01	2.588985e+03	3.714685e+02	4.206947e+02	7.928947e+01	4.157422e+01	1.660313e+02
441	1.263248e+01	2.621534e+03	3.727490e+02	4.212628e+02	7.919407e+01	4.214761e+01	1.629037e+02
442	1.266113e+01	2.613631e+03	3.736662e+02	4.217515e+02	7.945847e+01	4.188072e+01	1.598312e+02
443	1.268977e+01	2.612699e+03	3.747812e+02	4.221465e+02	7.928938e+01	4.195507e+01	1.567621e+02
444	1.271842e+01	2.616961e+03	3.759529e+02	4.227203e+02	7.973512e+01	4.178860e+01	1.529383e+02
445	1.274706e+01	2.610188e+03	3.769512e+02	4.228323e+02	7.973343e+01	4.168132e+01	1.505514e+02
446	1.277571e+01	2.604822e+03	3.781704e+02	4.231746e+02	7.940765e+01	4.176628e+01	1.479369e+02
447	1.280435e+01	2.611045e+03	3.792987e+02	4.233250e+02	7.909695e+01	4.203052e+01	1.447415e+02
448	1.283300e+01	2.606336e+03	3.803112e+02	4.235603e+02	7.971048e+01	4.163179e+01	1.417223e+02
449	1.286164e+01	2.602727e+03	3.814643e+02	4.237569e+02	7.971386e+01	4.157238e+01	1.381190e+02
450	1.289029e+01	2.614628e+03	3.826843e+02	4.237515e+02	7.958825e+01	4.182839e+01	1.350819e+02
451	1.291893e+01	2.597437e+03	3.837134e+02	4.238486e+02	7.965578e+01	4.151813e+01	1.324234e+02
452	1.294758e+01	2.607904e+03	3.848326e+02	4.234938e+02	7.911813e+01	4.196872e+01	1.295025e+02
453	1.297622e+01	2.618135e+03	3.859995e+02	4.234424e+02	7.925294e+01	4.206169e+01	1.261545e+02
454	1.300487e+01	2.635667e+03	3.871603e+02	4.233162e+02	7.987214e+01	4.201509e+01	1.226239e+02
455	1.303351e+01	2.630513e+03	3.883634e+02	4.229529e+02	7.971995e+01	4.201298e+01	1.198183e+02
456	1.306216e+01	2.634592e+03	3.893574e+02	4.226562e+02	8.004990e+01	4.190470e+01	1.168048e+02
457	1.309080e+01	2.618873e+03	3.904481e+02	4.223109e+02	7.975153e+01	4.181052e+01	1.134252e+02
458	1.311945e+01	2.607704e+03	3.914562e+02	4.219186e+02	7.929671e+01	4.187098e+01	1.107138e+02
459	1.314810e+01	2.631378e+03	3.926978e+02	4.213972e+02	8.000750e+01	4.187576e+01	1.069391e+02
460	1.317674e+01	2.609108e+03	3.934826e+02	4.206400e+02	7.891523e+01	4.209605e+01	1.045982e+02
461	1.320539e+01	2.590683e+03	3.942651e+02	4.201550e+02	7.894618e+01	4.178239e+01	1.015022e+02
462	1.323403e+01	2.599717e+03	3.952816e+02	4.195677e+02	7.902448e+01	4.188655e+01	9.834124e+01
463	1.326268e+01	2.597739e+03	3.964628e+02	4.187892e+02	7.951358e+01	4.159722e+01	9.500091e+01
464	1.329132e+01	2.615681e+03	3.974003e+02	4.179424e+02	8.003085e+01	4.161381e+01	9.204932e+01
465	1.331997e+01	2.614942e+03	3.982182e+02	4.171723e+02	7.970197e+01	4.177372e+01	8.893005e+01
466	1.334861e+01	2.605603e+03	3.987961e+02	4.163689e+02	7.974882e+01	4.160007e+01	8.645091e+01
467	1.337726e+01	2.619840e+03	3.995805e+02	4.154939e+02	7.945922e+01	4.197982e+01	8.296342e+01
468	1.340590e+01	2.607509e+03	4.000875e+02	4.147190e+02	7.915288e+01	4.194394e+01	8.035941e+01
469	1.343455e+01	2.598643e+03	4.008163e+02	4.139836e+02	7.917939e+01	4.178733e+01	7.784205e+01
470	1.346319e+01	2.606229e+03	4.012644e+02	4.130654e+02	7.864275e+01	4.219529e+01	7.464902e+01
471	1.349184e+01	2.612798e+03	4.018809e+02	4.120706e+02	7.882162e+01	4.220565e+01	7.088953e+01
472	1.352048e+01	2.615518e+03	4.024509e+02	4.110432e+02	7.906951e+01	4.211713e+01	6.794936e+01
473	1.354913e+01	2.619214e+03	4.027506e+02	4.098910e+02	7.874990e+01	4.234782e+01	6.453085e+01
474	1.357777e+01	2.620435e+03	4.030608e+02	4.087289e+02	7.826554e+01	4.262976e+01	6.147633e+01
475	1.360642e+01	2.625591e+03	4.034894e+02	4.074574e+02	7.816612e+01	4.276797e+01	5.800932e+01
476	1.363506e+01	2.622928e+03	4.036682e+02	4.064699e+02	7.805925e+01	4.278309e+01	5.463995e+01
477	1.366371e+01	2.630244e+03	4.037448e+02	4.054917e+02	7.805615e+01	4.290412e+01	5.114927e+01
478	1.369235e+01	2.622936e+03	4.038255e+02	4.043969e+02	7.779759e+01	4.292711e+01	4.787557e+01
479	1.372100e+01	2.661305e+03	4.035583e+02	4.035021e+02	7.773312e+01	4.359118e+01	4.574797e+01
480	1.374964e+01	2.631723e+03	4.035491e+02	4.024022e+02	7.738595e+01	4.330002e+01	4.108517e+01
481	1.377829e+01	2.626994e+03	4.034591e+02	4.013540e+02	7.729330e+01	4.327403e+01	3.786645e+01
482	1.380693e+01	2.592877e+03	4.031557e+02	4.005428e+02	7.670132e+01	4.304168e+01	3.408255e+01
483	1.383558e+01	2.635772e+03	4.030080e+02	3.991790e+02	7.741705e+01	4.334923e+01	3.090997e+01
484	1.386422e+01	2.616520e+03	4.024891e+02	3.984787e+02	7.666051e+01	4.345728e+01	2.744147e+01
485	1.389287e+01	2.629232e+03	4.022318e+02	3.972613e+02	7.686392e+01	4.355285e+01	2.386012e+01
486	1.392151e+01	2.619494e+03	4.019324e+02	3.961176e+02	7.693868e+01	4.334937e+01	2.068849e+01
487	1.395016e+01	2.666870e+03	4.011652e+02	3.950764e+02	7.734693e+01	4.390043e+01	1.767257e+01
488	1.397880e+01	2.626222e+03	4.009523e+02	3.939703e+02	7.728141e+01	4.326797e+01	1.408268e+01
489	1.400745e+01	2.639691e+03	4.004380e+02	3.928478e+02	7.735709e+01	4.344734e+01	1.091082e+01
490	1.403609e+01	2.636782e+03	3.996812e+02	3.921947e+02	7.783817e+01	4.313122e+01	7.014298e+00
491	1.406474e+01	2.648195e+03	3.990518e+02	3.911251e+02	7.781618e+01	4.333015e+01	4.061308e+00
492	1.409338e+01	2.646339e+03	3.982331e+02	3.904086e+02	7.813511e+01	4.312304e+01	8.599618e-01
493	1.412203e+01	2.637478e+03	3.973168e+02	3.894442e+02	7.808602e+01	4.300567e+01	1.770068e+02
494	1.415067e+01	2.629515e+03	3.965797e+02	3.885895e+02	7.812019e+01	4.285707e+01	1.739384e+02
495	1.417932e+01	2.625644e+03	3.956371e+02	3.880025e+02	7.795868e+01	4.288263e+01	1.703601e+02
496	1.420796e+01	2.629994e+03	3.946477e+02	3.873759e+02	7.792816e+01	4.297050e+01	1.674618e+02
497	1.423661e+01	2.634054e+03	3.937534e+02	3.866200e+02	7.832419e+01	4.281924e+01	1.640007e+02
498	1.426525e+01	2.633159e+03	3.926920e+02	3.862733e+02	7.844957e+01	4.273627e+01	1.602270e+02
499	1.429390e+01	2.633445e+03	3.916920e+02	3.856402e+02	7.837210e+01	4.278316e+01	1.568863e+02
500	1.432254e+01	2.622133e+03	3.906765e+02	3.853334e+02	7.849930e+01	4.253036e+01	1.537741e+02
501	1.435119e+01	2.623135e+03	3.895633e+02	3.848546e+02	7.828755e+01	4.266169e+01	1.507359e+02
502	1.437983e+01	2.634055e+03	3.884884e+02	3.843528e+02	7.860511e+01	4.266621e+01	1.481705e+02
503	1.440848e+01	2.634146e+03	3.872512e+02	3.840988e+02	7.846429e+01	4.274427e+01	1.444131e+02
504	1.443712e+01	2.630802e+03	3.861548e+02	3.839603e+02	7.879077e+01	4.251311e+01	1.418499e+02
505	1.446577e+01	2.624392e+03	3.849674e+02	3.836986e+02	7.818340e+01	4.273899e+01	1.384703e+02
506	1.449441e+01	2.601850e+03	3.837921e+02	3.837440e+02	7.845779e+01	4.222370e+01	1.344179e+02
507	1.452306e+01	2.620493e+03	3.826355e+02	3.838006e+02	7.904230e+01	4.221177e+01	1.314369e+02
508	1.455170e+01	2.622107e+03	3.815503e+02	3.837800e+02	7.898482e+01	4.226850e+01	1.285655e+02
509	1.458035e+01	2.617614e+03	3.804323e+02	3.839997e+02	7.897231e+01	4.220276e+01	1.255063e+02
510	1.460899e+01	2.615004e+03	3.789336e+02	3.840569e+02	7.885580e+01	4.222298e+01	1.219263e+02
511	1.463764e+01	2.628726e+03	3.777939e+02	3.842571e+02	7.931139e+01	4.220073e+01	1.196271e+02
512	1.466628e+01	2.617099e+03	3.767662e+02	3.846957e+02	7.908906e+01	4.213217e+01	1.166378e+02
513	1.469493e+01	2.605457e+03	3.755803e+02	3.851017e+02	7.883171e+01	4.208168e+01	1.132163e+02
514	1.472357e+01	2.604054e+03	3.745141e+02	3.857277e+02	7.862627e+01	4.216891e+01	1.110126e+02
515	1.475222e+01	2.579958e+03	3.732437e+02	3.862014e+02	7.843630e+01	4.187991e+01	1.072778e+02
516	1.478087e+01	2.579021e+03	3.719880e+02	3.867713e+02	7.903922e+01	4.154534e+01	1.042471e+02
517	1.480951e+01	2.579871e+03	3.709098e+02	3.875056e+02	7.951877e+01	4.130841e+01	1.018203e+02
518	1.483816e+01	2.595236e+03	3.699875e+02	3.881176e+02	7.909182e+01	4.177874e+01	9.782514e+01
519	1.486680e+01	2.571557e+03	3.687949e+02	3.890939e+02	7.904749e+01	4.142077e+01	9.559367e+01
520	1.489545e+01	2.567613e+03	3.677176e+02	3.898997e+02	7.927271e+01	4.123974e+01	9.291344e+01
521	1.492409e+01	2.555520e+03	3.667555e+02	3.906987e+02	7.917888e+01	4.109416e+01	8.964930e+01
522	1.495274e+01	2.528264e+03	3.657694e+02	3.917156e+02	7.814484e+01	4.119383e+01	8.656136e+01
523	1.498138e+01	2.538368e+03	3.648676e+02	3.925569e+02	7.747527e+01	4.171589e+01	8.316541e+01
524	1.501003e+01	2.559478e+03	3.642682e+02	3.935110e+02	7.841774e+01	4.155728e+01	7.966525e+01
525	1.503867e+01	2.554899e+03	3.636125e+02	3.945020e+02	7.803136e+01	4.168835e+01	7.654491e+01
526	1.506732e+01	2.516370e+03	3.626085e+02	3.955406e+02	7.678094e+01	4.172834e+01	7.367694e+01
527	1.509596e+01	2.524617e+03	3.622364e+02	3.965140e+02	7.676174e+01	4.187558e+01	7.004002e+01
528	1.512461e+01	2.545628e+03	3.620234e+02	3.978018e+02	7.724215e+01	4.196147e+01	6.750066e+01
529	1.515325e+01	2.567301e+03	3.618723e+02	3.989174e+02	7.814577e+01	4.182938e+01	6.476855e+01
530	1.518190e+01	2.568143e+03	3.614113e+02	4.001576e+02	7.752375e+01	4.217883e+01	6.181367e+01
531	1.521054e+01	2.551503e+03	3.608371e+02	4.015013e+02	7.717352e+01	4.209571e+01	5.889948e+01
532	1.523919e+01	2.569874e+03	3.608093e+02	4.025031e+02	7.764876e+01	4.213932e+01	5.521017e+01
533	1.526783e+01	2.543032e+03	3.604054e+02	4.039568e+02	7.598115e+01	4.261438e+01	5.249802e+01
534	1.529648e+01	2.564898e+03	3.605859e+02	4.050047e+02	7.703780e+01	4.239125e+01	4.872615e+01
535	1.532512e+01	2.570963e+03	3.604636e+02	4.059727e+02	7.694628e+01	4.254204e+01	4.513090e+01
536	1.535377e+01	2.542688e+03	3.600712e+02	4.074484e+02	7.601740e+01	4.258828e+01	4.311825e+01
537	1.538241e+01	2.588102e+03	3.604943e+02	4.079542e+02	7.711362e+01	4.273270e+01	3.973650e+01
538	1.541106e+01	2.585275e+03	3.604403e+02	4.090993e+02	7.709811e+01	4.269461e+01	3.591913e+01
539	1.543970e+01	2.615816e+03	3.607396e+02	4.099666e+02	7.819692e+01	4.259197e+01	3.317055e+01
540	1.546835e+01	2.612882e+03	3.608936e+02	4.111949e+02	7.778485e+01	4.276957e+01	2.990206e+01
541	1.549699e+01	2.596423e+03	3.613012e+02	4.122950e+02	7.758286e+01	4.261081e+01	2.609185e+01
542	1.552564e+01	2.622774e+03	3.615310e+02	4.132280e+02	7.828056e+01	4.265962e+01	2.327224e+01
543	1.555428e+01	2.621961e+03	3.619092e+02	4.142293e+02	7.793049e+01	4.283798e+01	2.109280e+01
544	1.558293e+01	2.624490e+03	3.621001e+02	4.152803e+02	7.785373e+01	4.292157e+01	1.768601e+01
545	1.561157e+01	2.619707e+03	3.626891e+02	4.162495e+02	7.835257e+01	4.257058e+01	1.443846e+01
546	1.564022e+01	2.616422e+03	3.634298e+02	4.171731e+02	7.841898e+01	4.248120e+01	1.173678e+01
547	1.566886e+01	2.617114e+03	3.638370e+02	4.182660e+02	7.872303e+01	4.232832e+01	8.294574e+00
548	1.569751e+01	2.611762e+03	3.646400e+02	4.193907e+02	7.839136e+01	4.242048e+01	5.174901e+00
549	1.572615e+01	2.627614e+03	3.652950e+02	4.203530e+02	7.819376e+01	4.278580e+01	1.581083e+00
550	1.575480e+01	2.623172e+03	3.661231e+02	4.211972e+02	7.860045e+01	4.249246e+01	1.784004e+02
551	1.578344e+01	2.604734e+03	3.666791e+02	4.220873e+02	7.829259e+01	4.235969e+01	1.752303e+02
552	1.581209e+01	2.616320e+03	3.676742e+02	4.226318e+02	7.891930e+01	4.221024e+01	1.723523e+02
553	1.584073e+01	2.633454e+03	3.687867e+02	4.230767e+02	7.916151e+01	4.235667e+01	1.699570e+02
554	1.586938e+01	2.624295e+03	3.695355e+02	4.238458e+02	7.940130e+01	4.208189e+01	1.664282e+02
555	1.589802e+01	2.619535e+03	3.704448e+02	4.242834e+02	7.942175e+01	4.199474e+01	1.631184e+02
556	1.592667e+01	2.614005e+03	3.714474e+02	4.249161e+02	7.961096e+01	4.180648e+01	1.603213e+02
557	1.595531e+01	2.628406e+03	3.726445e+02	4.252630e+02	7.952007e+01	4.208485e+01	1.570117e+02
558	1.598396e+01	2.596756e+03	3.736578e+02	4.258881e+02	7.950510e+01	4.158593e+01	1.534233e+02
559	1.601260e+01	2.571194e+03	3.749178e+02	4.266227e+02	7.924680e+01	4.131077e+01	1.500430e+02
560	1.604125e+01	2.605857e+03	3.759455e+02	4.263260e+02	7.927891e+01	4.185073e+01	1.482962e+02
561	1.606989e+01	2.627210e+03	3.771396e+02	4.265464e+02	7.991846e+01	4.185601e+01	1.447818e+02
562	1.609854e+01	2.599264e+03	3.780643e+02	4.266698e+02	7.957241e+01	4.159087e+01	1.420598e+02
563	1.612718e+01	2.618236e+03	3.795862e+02	4.269051e+02	7.968667e+01	4.183437e+01	1.382116e+02
564	1.615583e+01	2.589586e+03	3.805036e+02	4.269444e+02	7.967412e+01	4.138311e+01	1.355715e+02
565	1.618447e+01	2.587206e+03	3.816654e+02	4.269075e+02	7.949400e+01	4.143877e+01	1.325004e+02
566	1.621312e+01	2.613374e+03	3.829460e+02	4.266675e+02	7.968615e+01	4.175695e+01	1.290389e+02
567	1.624176e+01	2.608949e+03	3.839749e+02	4.265473e+02	8.047945e+01	4.127534e+01	1.261976e+02
568	1.627041e+01	2.596172e+03	3.851201e+02	4.263544e+02	8.008430e+01	4.127586e+01	1.231234e+02
569	1.629905e+01	2.611363e+03	3.864005e+02	4.259760e+02	7.955804e+01	4.179201e+01	1.198653e+02
570	1.632770e+01	2.598332e+03	3.875001e+02	4.256688e+02	7.931347e+01	4.171170e+01	1.171175e+02
571	1.635634e+01	2.610552e+03	3.888737e+02	4.252328e+02	7.968109e+01	4.171451e+01	1.136538e+02
572	1.638499e+01	2.629980e+03	3.900672e+02	4.247509e+02	7.959604e+01	4.206986e+01	1.108016e+02
573	1.641364e+01	2.604507e+03	3.910690e+02	4.243809e+02	7.967354e+01	4.162187e+01	1.077822e+02
574	1.644228e+01	2.617676e+03	3.922276e+02	4.237149e+02	7.978677e+01	4.177294e+01	1.049010e+02
575	1.647093e+01	2.600039e+03	3.930491e+02	4.231710e+02	7.943639e+01	4.167451e+01	1.019464e+02
576	1.649957e+01	2.601695e+03	3.938269e+02	4.224710e+02	7.919222e+01	4.182963e+01	9.928851e+01
577	1.652822e+01	2.593100e+03	3.949408e+02	4.217946e+02	7.922127e+01	4.167615e+01	9.626781e+01
578	1.655686e+01	2.602955e+03	3.957288e+02	4.210296e+02	7.940516e+01	4.173766e+01	9.281838e+01
579	1.658551e+01	2.607960e+03	3.966955e+02	4.201790e+02	7.961973e+01	4.170521e+01	9.012076e+01
580	1.661415e+01	2.615890e+03	3.976656e+02	4.193524e+02	7.976054e+01	4.175817e+01	8.693672e+01
581	1.664280e+01	2.608754e+03	3.982398e+02	4.185190e+02	7.941224e+01	4.182692e+01	8.351379e+01
582	1.667144e+01	2.607907e+03	3.987217e+02	4.176158e+02	7.937315e+01	4.183393e+01	8.130028e+01
583	1.670009e+01	2.587412e+03	3.994630e+02	4.167230e+02	7.874708e+01	4.183514e+01	7.816748e+01
584	1.672873e+01	2.600861e+03	4.000266e+02	4.158922e+02	7.900420e+01	4.191574e+01	7.510124e+01
585	1.675738e+01	2.603681e+03	4.005695e+02	4.147189e+02	7.857306e+01	4.219143e+01	7.185304e+01
586	1.678602e+01	2.610214e+03	4.010394e+02	4.137679e+02	7.872649e+01	4.221486e+01	6.854879e+01
587	1.681467e+01	2.617421e+03	4.016687e+02	4.127864e+02	7.845705e+01	4.247680e+01	6.535229e+01
588	1.684331e+01	2.614780e+03	4.019561e+02	4.119171e+02	7.870627e+01	4.229957e+01	6.237036e+01
589	1.687196e+01	2.620526e+03	4.023474e+02	4.107094e+02	7.810554e+01	4.271858e+01	5.900816e+01
590	1.690060e+01	2.614761e+03	4.025643e+02	4.097595e+02	7.794996e+01	4.270966e+01	5.567051e+01
591	1.692925e+01	2.645202e+03	4.027776e+02	4.087014e+02	7.830141e+01	4.301297e+01	5.258171e+01
592	1.695789e+01	2.643087e+03	4.026980e+02	4.077503e+02	7.797112e+01	4.316063e+01	4.952203e+01
593	1.698654e+01	2.630038e+03	4.026852e+02	4.065655e+02	7.779702e+01	4.304366e+01	4.585352e+01
594	1.701518e+01	2.611087e+03	4.025914e+02	4.054905e+02	7.710224e+01	4.311858e+01	4.267421e+01
595	1.704383e+01	2.617965e+03	4.024417e+02	4.044518e+02	7.679535e+01	4.340493e+01	3.916136e+01
596	1.707247e+01	2.618337e+03	4.023655e+02	4.033458e+02	7.686485e+01	4.337184e+01	3.600329e+01
597	1.710112e+01	2.613006e+03	4.021498e+02	4.023138e+02	7.671918e+01	4.336572e+01	3.285171e+01
598	1.712976e+01	2.623895e+03	4.019801e+02	4.012855e+02	7.683805e+01	4.347908e+01	2.972731e+01
599	1.715841e+01	2.619617e+03	4.016194e+02	4.002893e+02	7.665329e+01	4.351281e+01	2.643145e+01
600	1.718705e+01	2.632940e+03	4.012948e+02	3.990305e+02	7.681808e+01	4.364029e+01	2.241104e+01
601	1.721570e+01	2.634527e+03	4.009243e+02	3.980836e+02	7.716360e+01	4.347106e+01	1.969113e+01
602	1.724434e+01	2.621596e+03	4.002375e+02	3.971267e+02	7.684890e+01	4.343484e+01	1.619780e+01
603	1.727299e+01	2.654148e+03	3.998376e+02	3.958462e+02	7.794544e+01	4.335553e+01	1.317124e+01
604	1.730163e+01	2.648946e+03	3.991451e+02	3.950009e+02	7.806625e+01	4.320360e+01	9.222945e+00
605	1.733028e+01	2.648687e+03	3.985635e+02	3.939431e+02	7.787011e+01	4.330818e+01	6.128002e+00
606	1.735892e+01	2.658450e+03	3.977205e+02	3.930785e+02	7.778758e+01	4.351393e+01	2.950617e+00
607	1.738757e+01	2.642730e+03	3.969329e+02	3.924013e+02	7.793449e+01	4.317509e+01	1.793612e+02
608	1.741621e+01	2.650922e+03	3.960607e+02	3.914446e+02	7.804963e+01	4.324504e+01	1.759456e+02
609	1.744486e+01	2.648078e+03	3.952872e+02	3.907288e+02	7.857217e+01	4.291135e+01	1.729280e+02
610	1.747350e+01	2.644299e+03	3.943260e+02	3.901386e+02	7.811514e+01	4.310082e+01	1.695278e+02
611	1.750215e+01	2.632421e+03	3.932953e+02	3.894547e+02	7.849979e+01	4.269695e+01	1.663560e+02
612	1.753079e+01	2.626350e+03	3.924062e+02	3.890031e+02	7.824662e+01	4.273632e+01	1.634325e+02
613	1.755944e+01	2.645037e+03	3.914095e+02	3.882522e+02	7.842445e+01	4.294281e+01	1.602810e+02
614	1.758808e+01	2.632831e+03	3.902694e+02	3.878016e+02	7.832021e+01	4.280154e+01	1.571619e+02
615	1.761673e+01	2.639001e+03	3.892554e+02	3.874246e+02	7.830011e+01	4.291284e+01	1.537877e+02
616	1.764537e+01	2.620052e+03	3.880145e+02	3.872785e+02	7.860571e+01	4.243908e+01	1.499628e+02
617	1.767402e+01	2.640391e+03	3.868912e+02	3.867834e+02	7.889553e+01	4.261142e+01	1.466705e+02
618	1.770266e+01	2.653303e+03	3.857622e+02	3.864178e+02	7.862730e+01	4.296586e+01	1.438896e+02
619	1.773131e+01	2.623815e+03	3.845794e+02	3.864042e+02	7.884785e+01	4.236950e+01	1.402669e+02
620	1.775995e+01	2.620464e+03	3.831559e+02	3.862221e+02	7.883549e+01	4.232203e+01	1.374447e+02
621	1.778860e+01	2.613998e+03	3.820975e+02	3.864563e+02	7.882040e+01	4.222569e+01	1.343503e+02
622	1.781724e+01	2.621254e+03	3.810763e+02	3.863850e+02	7.889978e+01	4.230030e+01	1.311774e+02
623	1.784589e+01	2.605798e+03	3.798122e+02	3.866089e+02	7.832986e+01	4.235683e+01	1.280241e+02
624	1.787453e+01	2.616230e+03	3.785446e+02	3.867310e+02	7.918970e+01	4.206465e+01	1.245203e+02
625	1.790318e+01	2.602027e+03	3.772445e+02	3.868648e+02	7.887370e+01	4.200391e+01	1.212968e+02
626	1.793182e+01	2.610544e+03	3.760324e+02	3.870683e+02	7.936093e+01	4.188268e+01	1.185876e+02
627	1.796047e+01	2.607720e+03	3.748901e+02	3.875046e+02	7.887445e+01	4.209541e+01	1.150255e+02
628	1.798911e+01	2.602211e+03	3.738314e+02	3.878304e+02	7.913395e+01	4.186873e+01	1.116549e+02
629	1.801776e+01	2.592163e+03	3.726998e+02	3.883590e+02	7.916429e+01	4.169108e+01	1.086715e+02
630	1.804641e+01	2.582292e+03	3.715876e+02	3.889616e+02	7.883338e+01	4.170665e+01	1.060290e+02
631	1.807505e+01	2.589409e+03	3.703756e+02	3.894748e+02	7.934720e+01	4.155079e+01	1.029819e+02
632	1.810370e+01	2.574319e+03	3.692767e+02	3.902734e+02	7.946060e+01	4.124969e+01	9.981257e+01
633	1.813234e+01	2.585543e+03	3.684207e+02	3.910126e+02	7.983681e+01	4.123430e+01	9.684592e+01
634	1.816099e+01	2.569474e+03	3.672615e+02	3.919026e+02	7.978280e+01	4.100578e+01	9.358129e+01
635	1.818963e+01	2.548364e+03	3.662774e+02	3.927878e+02	7.938560e+01	4.087238e+01	9.147762e+01
636	1.821828e+01	2.507158e+03	3.647868e+02	3.934889e+02	7.705393e+01	4.142830e+01	8.749001e+01
637	1.824692e+01	2.559738e+03	3.645907e+02	3.944329e+02	7.874382e+01	4.138940e+01	8.449625e+01
638	1.827557e+01	2.553599e+03	3.639054e+02	3.955788e+02	7.823381e+01	4.155931e+01	8.169844e+01
639	1.830421e+01	2.535999e+03	3.628524e+02	3.966292e+02	7.737967e+01	4.172845e+01	7.789880e+01
640	1.833286e+01	2.530335e+03	3.622155e+02	3.976509e+02	7.713625e+01	4.176665e+01	7.448270e+01
641	1.836150e+01	2.537361e+03	3.617596e+02	3.988644e+02	7.691640e+01	4.200233e+01	7.190441e+01
642	1.839015e+01	2.554469e+03	3.614889e+02	3.998904e+02	7.736647e+01	4.203954e+01	6.828259e+01
643	1.841879e+01	2.536743e+03	3.609507e+02	4.012161e+02	7.626134e+01	4.235281e+01	6.495535e+01
644	1.844744e+01	2.533721e+03	3.606808e+02	4.023216e+02	7.679148e+01	4.201030e+01	6.143340e+01
645	1.847608e+01	2.552311e+03	3.604962e+02	4.035955e+02	7.667096e+01	4.238506e+01	5.917173e+01
646	1.850473e+01	2.563642e+03	3.604141e+02	4.046392e+02	7.733817e+01	4.220595e+01	5.525238e+01
647	1.853337e+01	2.544738e+03	3.601947e+02	4.059089e+02	7.631657e+01	4.245554e+01	5.218207e+01
648	1.856202e+01	2.562250e+03	3.601388e+02	4.069730e+02	7.672702e+01	4.251902e+01	4.846465e+01
649	1.859066e+01	2.586796e+03	3.604367e+02	4.078983e+02	7.731322e+01	4.260088e+01	4.530655e+01
650	1.861931e+01	2.581151e+03	3.603625e+02	4.092207e+02	7.716786e+01	4.258798e+01	4.174424e+01
651	1.864795e+01	2.613537e+03	3.607117e+02	4.100602e+02	7.800992e+01	4.265687e+01	3.843859e+01
652	1.867660e+01	2.604914e+03	3.609311e+02	4.111862e+02	7.785207e+01	4.260233e+01	3.550512e+01
653	1.870524e+01	2.608749e+03	3.609823e+02	4.124286e+02	7.758898e+01	4.280971e+01	3.220034e+01
654	1.873389e+01	2.614260e+03	3.612836e+02	4.134313e+02	7.802843e+01	4.265855e+01	2.850815e+01
655	1.876253e+01	2.618425e+03	3.617127e+02	4.145218e+02	7.784489e+01	4.282724e+01	2.575760e+01
656	1.879118e+01	2.627977e+03	3.619969e+02	4.157221e+02	7.811327e+01	4.283580e+01	2.216892e+01
657	1.881982e+01	2.621716e+03	3.624466e+02	4.167233e+02	7.847784e+01	4.253522e+01	1.864026e+01
658	1.884847e+01	2.609189e+03	3.630853e+02	4.177540e+02	7.782408e+01	4.268759e+01	1.541443e+01
659	1.887711e+01	2.620730e+03	3.636560e+02	4.188329e+02	7.802160e+01	4.276787e+01	1.229532e+01
660	1.890576e+01	2.620068e+03	3.641097e+02	4.199246e+02	7.845930e+01	4.251852e+01	8.998149e+00
661	1.893440e+01	2.615081e+03	3.650827e+02	4.207513e+02	7.846683e+01	4.243353e+01	5.961462e+00
662	1.896305e+01	2.628226e+03	3.655445e+02	4.216301e+02	7.843889e+01	4.266203e+01	2.579382e+00
663	1.899169e+01	2.591348e+03	3.663119e+02	4.227876e+02	7.852783e+01	4.201576e+01	1.791099e+02
664	1.902034e+01	2.607637e+03	3.672382e+02	4.235399e+02	7.847612e+01	4.230773e+01	1.759024e+02
665	1.904898e+01	2.624594e+03	3.681207e+02	4.240441e+02	7.927835e+01	4.215194e+01	1.734087e+02
666	1.907763e+01	2.616744e+03	3.689020e+02	4.249389e+02	7.905205e+01	4.214619e+01	1.697982e+02
667	1.910627e+01	2.624034e+03	3.699119e+02	4.258401e+02	7.912531e+01	4.222447e+01	1.663963e+02
668	1.913492e+01	2.626482e+03	3.707433e+02	4.261405e+02	7.940791e+01	4.211345e+01	1.633998e+02
669	1.916356e+01	2.592039e+03	3.716992e+02	4.269526e+02	7.885238e+01	4.185398e+01	1.596002e+02
670	1.919221e+01	2.602296e+03	3.727449e+02	4.270458e+02	7.951978e+01	4.166694e+01	1.579912e+02
671	1.922085e+01	2.592625e+03	3.737967e+02	4.274469e+02	7.936131e+01	4.159500e+01	1.552182e+02
672	1.924950e+01	2.591967e+03	3.749895e+02	4.282995e+02	7.965371e+01	4.143178e+01	1.513224e+02
673	1.927814e+01	2.626566e+03	3.759811e+02	4.281877e+02	8.004578e+01	4.177919e+01	1.489533e+02
674	1.930679e+01	2.619416e+03	3.770041e+02	4.282598e+02	7.993504e+01	4.172318e+01	1.462525e+02
675	1.933543e+01	2.592372e+03	3.781645e+02	4.285043e+02	7.993616e+01	4.129184e+01	1.433978e+02
676	1.936408e+01	2.590123e+03	3.795477e+02	4.286788e+02	7.912347e+01	4.167976e+01	1.401578e+02
677	1.939272e+01	2.604004e+03	3.806466e+02	4.286895e+02	7.944878e+01	4.173155e+01	1.371366e+02
678	1.942137e+01	2.600838e+03	3.819510e+02	4.287724e+02	7.954095e+01	4.163251e+01	1.344728e+02
679	1.945001e+01	2.615718e+03	3.831094e+02	4.285944e+02	7.953748e+01	4.187253e+01	1.314578e+02
680	1.947866e+01	2.590272e+03	3.842246e+02	4.286027e+02	7.973313e+01	4.136345e+01	1.280128e+02
681	1.950730e+01	2.603993e+03	3.855045e+02	4.284136e+02	7.950181e+01	4.170353e+01	1.242668e+02
682	1.953595e+01	2.621304e+03	3.868157e+02	4.281155e+02	7.978889e+01	4.182973e+01	1.213682e+02
683	1.956459e+01	2.623831e+03	3.878236e+02	4.277928e+02	7.982565e+01	4.185077e+01	1.181725e+02
684	1.959324e+01	2.620316e+03	3.887875e+02	4.274052e+02	7.987496e+01	4.176891e+01	1.153295e+02
685	1.962188e+01	2.646774e+03	3.898830e+02	4.270135e+02	8.031042e+01	4.196189e+01	1.114201e+02
686	1.965053e+01	2.619233e+03	3.910757e+02	4.265673e+02	7.983152e+01	4.177436e+01	1.085249e+02
687	1.967918e+01	2.610401e+03	3.919551e+02	4.259692e+02	7.906436e+01	4.203747e+01	1.051333e+02
688	1.970782e+01	2.638682e+03	3.929834e+02	4.253969e+02	7.987619e+01	4.206103e+01	1.021416e+02
689	1.973647e+01	2.595509e+03	3.936273e+02	4.248732e+02	7.901741e+01	4.182249e+01	9.968716e+01
690	1.976511e+01	2.616285e+03	3.947905e+02	4.241777e+02	7.972866e+01	4.178118e+01	9.621478e+01
691	1.979376e+01	2.597219e+03	3.955080e+02	4.234346e+02	7.897730e+01	4.187130e+01	9.336211e+01
692	1.982240e+01	2.627192e+03	3.967093e+02	4.225703e+02	8.000108e+01	4.181249e+01	8.975943e+01
693	1.985105e+01	2.606238e+03	3.973695e+02	4.218056e+02	7.954718e+01	4.171569e+01	8.706308e+01
694	1.987969e+01	2.611860e+03	3.981826e+02	4.209667e+02	7.937969e+01	4.189388e+01	8.439091e+01
695	1.990834e+01	2.619697e+03	3.987064e+02	4.201363e+02	7.952658e+01	4.194198e+01	8.146070e+01
696	1.993698e+01	2.601156e+03	3.991328e+02	4.191349e+02	7.888268e+01	4.198507e+01	7.833729e+01
697	1.996563e+01	2.603991e+03	3.998062e+02	4.182850e+02	7.910754e+01	4.191136e+01	7.492748e+01
698	1.999427e+01	2.606419e+03	4.003741e+02	4.173271e+02	7.891243e+01	4.205415e+01	7.177476e+01
699	2.002292e+01	2.608598e+03	4.008938e+02	4.161991e+02	7.898629e+01	4.204995e+01	6.911176e+01
700	2.005156e+01	2.610707e+03	4.013408e+02	4.151662e+02	7.854617e+01	4.231977e+01	6.540411e+01
701	2.008021e+01	2.621788e+03	4.017648e+02	4.141452e+02	7.856592e+01	4.248870e+01	6.228575e+01
702	2.010885e+01	2.618420e+03	4.020460e+02	4.131619e+02	7.830051e+01	4.257796e+01	5.928888e+01
703	2.013750e+01	2.624520e+03	4.022154e+02	4.120922e+02	7.806043e+01	4.280840e+01	5.583102e+01
704	2.016614e+01	2.635259e+03	4.024265e+02	4.108658e+02	7.818028e+01	4.291768e+01	5.217948e+01
705	2.019479e+01	2.635310e+03	4.025141e+02	4.096868e+02	7.805271e+01	4.298866e+01	4.884420e+01
706	2.022343e+01	2.628072e+03	4.023936e+02	4.088217e+02	7.765069e+01	4.309254e+01	4.563472e+01
707	2.025208e+01	2.622515e+03	4.023915e+02	4.076008e+02	7.766784e+01	4.299192e+01	4.190691e+01
708	2.028072e+01	2.620770e+03	4.022746e+02	4.066729e+02	7.755724e+01	4.302458e+01	3.891959e+01
709	2.030937e+01	2.637386e+03	4.021408e+02	4.053680e+02	7.783001e+01	4.314563e+01	3.555823e+01
710	2.033801e+01	2.621787e+03	4.017153e+02	4.046140e+02	7.683768e+01	4.344435e+01	3.253875e+01
711	2.036666e+01	2.596954e+03	4.013342e+02	4.035402e+02	7.597332e+01	4.352245e+01	2.819150e+01
712	2.039530e+01	2.639823e+03	4.013534e+02	4.020979e+02	7.743142e+01	4.340779e+01	2.506201e+01
713	2.042395e+01	2.633485e+03	4.007966e+02	4.012111e+02	7.713893e+01	4.346777e+01	2.184690e+01
714	2.045259e+01	2.629798e+03	4.002015e+02	4.003609e+02	7.674897e+01	4.362746e+01	1.831830e+01
715	2.048124e+01	2.625860e+03	3.997229e+02	3.993774e+02	7.682953e+01	4.351646e+01	1.556568e+01
716	2.050988e+01	2.665116e+03	3.990984e+02	3.982113e+02	7.797425e+01	4.351860e+01	1.233318e+01
717	2.053853e+01	2.633596e+03	3.986586e+02	3.973420e+02	7.751612e+01	4.325807e+01	8.726360e+00
718	2.056717e+01	2.656811e+03	3.978608e+02	3.962998e+02	7.782435e+01	4.346656e+01	5.146132e+00
719	2.059582e+01	2.653662e+03	3.970995e+02	3.954305e+02	7.792058e+01	4.336142e+01	1.764627e+00
720	2.062446e+01	2.648504e+03	3.963961e+02	3.947084e+02	7.838294e+01	4.302185e+01	1.785426e+02
721	2.065311e+01	2.640929e+03	3.954906e+02	3.939397e+02	7.823994e+01	4.297722e+01	1.751183e+02
722	2.068175e+01	2.632589e+03	3.946255e+02	3.932597e+02	7.795989e+01	4.299540e+01	1.711831e+02
723	2.071040e+01	2.640549e+03	3.936211e+02	3.925241e+02	7.810982e+01	4.304263e+01	1.681527e+02
724	2.073904e+01	2.651747e+03	3.926526e+02	3.918270e+02	7.829533e+01	4.312273e+01	1.652817e+02
725	2.076769e+01	2.645040e+03	3.914726e+02	3.913815e+02	7.846397e+01	4.292122e+01	1.617059e+02
726	2.079633e+01	2.651111e+03	3.903940e+02	3.908117e+02	7.891805e+01	4.277221e+01	1.586493e+02
727	2.082498e+01	2.644476e+03	3.894164e+02	3.903899e+02	7.839458e+01	4.295005e+01	1.553131e+02
728	2.085362e+01	2.653552e+03	3.883284e+02	3.898803e+02	7.848635e+01	4.304707e+01	1.519857e+02
729	2.088227e+01	2.624375e+03	3.872303e+02	3.897715e+02	7.851402e+01	4.255874e+01	1.479262e+02
730	2.091091e+01	2.647815e+03	3.860506e+02	3.892536e+02	7.862905e+01	4.287605e+01	1.459701e+02
731	2.093956e+01	2.622057e+03	3.850052e+02	3.893419e+02	7.873427e+01	4.240220e+01	1.419602e+02
732	2.096820e+01	2.625170e+03	3.838030e+02	3.892285e+02	7.885617e+01	4.238692e+01	1.386092e+02
733	2.099685e+01	2.624622e+03	3.826057e+02	3.890150e+02	7.867406e+01	4.247617e+01	1.356562e+02
734	2.102549e+01	2.619897e+03	3.813959e+02	3.890500e+02	7.897993e+01	4.223550e+01	1.320155e+02
735	2.105414e+01	2.623808e+03	3.801906e+02	3.890569e+02	7.899103e+01	4.229259e+01	1.292442e+02
736	2.108278e+01	2.610494e+03	3.789575e+02	3.891056e+02	7.902816e+01	4.205823e+01	1.259713e+02
737	2.111143e+01	2.613229e+03	3.779580e+02	3.893697e+02	7.917701e+01	4.202314e+01	1.229326e+02
738	2.114007e+01	2.628487e+03	3.768018e+02	3.896184e+02	7.896109e+01	4.238408e+01	1.193126e+02
739	2.116872e+01	2.614519e+03	3.755249e+02	3.897985e+02	7.906783e+01	4.210193e+01	1.164863e+02
740	2.119736e+01	2.590881e+03	3.741573e+02	3.901195e+02	7.884441e+01	4.183953e+01	1.132587e+02
741	2.122601e+01	2.592877e+03	3.730174e+02	3.907179e+02	7.931947e+01	4.162097e+01	1.103330e+02
742	2.125465e+01	2.575726e+03	3.720139e+02	3.914002e+02	7.933465e+01	4.133775e+01	1.070154e+02
743	2.128330e+01	2.572497e+03	3.707942e+02	3.919608e+02	7.978044e+01	4.105524e+01	1.044597e+02
744	2.131195e+01	2.552829e+03	3.696880e+02	3.925628e+02	7.926077e+01	4.100846e+01	1.008434e+02
745	2.134059e+01	2.553344e+03	3.686000e+02	3.933687e+02	7.970873e+01	4.078623e+01	9.791387e+01
746	2.136924e+01	2.548398e+03	3.673164e+02	3.941009e+02	7.958380e+01	4.077113e+01	9.536810e+01
747	2.139788e+01	2.530952e+03	3.664435e+02	3.950381e+02	7.957487e+01	4.049656e+01	9.203158e+01
748	2.142653e+01	2.539905e+03	3.652384e+02	3.958102e+02	7.810618e+01	4.140399e+01	8.843523e+01
749	2.145517e+01	2.514843e+03	3.647237e+02	3.968983e+02	7.743755e+01	4.134942e+01	8.573221e+01
750	2.148382e+01	2.551726e+03	3.642577e+02	3.976896e+02	7.846175e+01	4.140819e+01	8.189578e+01
751	2.151246e+01	2.531079e+03	3.630698e+02	3.987380e+02	7.737743e+01	4.164871e+01	7.890764e+01
752	2.154111e+01	2.549362e+03	3.626160e+02	3.997332e+02	7.743256e+01	4.191969e+01	7.538614e+01
753	2.156975e+01	2.521744e+03	3.618511e+02	4.009175e+02	7.656780e+01	4.193386e+01	7.217712e+01
754	2.159840e+01	2.560003e+03	3.617285e+02	4.019398e+02	7.777062e+01	4.191168e+01	6.863146e+01
755	2.162704e+01	2.535479e+03	3.609523e+02	4.032577e+02	7.654626e+01	4.217413e+01	6.559151e+01
756	2.165569e+01	2.539171e+03	3.607826e+02	4.043286e+02	7.655739e+01	4.222941e+01	6.204475e+01
757	2.168433e+01	2.550597e+03	3.604808e+02	4.054409e+02	7.694944e+01	4.220332e+01	5.838226e+01
758	2.171298e+01	2.556387e+03	3.602816e+02	4.067259e+02	7.644323e+01	4.257922e+01	5.587741e+01
759	2.174162e+01	2.573905e+03	3.603913e+02	4.074463e+02	7.726068e+01	4.241741e+01	5.257403e+01
760	2.177027e+01	2.581485e+03	3.602973e+02	4.085134e+02	7.726073e+01	4.254230e+01	4.934897e+01
761	2.179891e+01	2.565562e+03	3.602533e+02	4.097797e+02	7.680731e+01	4.252948e+01	4.609948e+01
762	2.182756e+01	2.591899e+03	3.603307e+02	4.108944e+02	7.730711e+01	4.268829e+01	4.228028e+01
763	2.185620e+01	2.613909e+03	3.606216e+02	4.118296e+02	7.816138e+01	4.258027e+01	3.885659e+01
764	2.188485e+01	2.610991e+03	3.606367e+02	4.130952e+02	7.802435e+01	4.260742e+01	3.531147e+01
765	2.191349e+01	2.605356e+03	3.609141e+02	4.139624e+02	7.794934e+01	4.255639e+01	3.202126e+01
766	2.194214e+01	2.616993e+03	3.611169e+02	4.152616e+02	7.788510e+01	4.278172e+01	2.951372e+01
767	2.197078e+01	2.628719e+03	3.615533e+02	4.161127e+02	7.817477e+01	4.281418e+01	2.552394e+01
768	2.199943e+01	2.613880e+03	3.618909e+02	4.172784e+02	7.823220e+01	4.254124e+01	2.236440e+01
769	2.202807e+01	2.630054e+03	3.623803e+02	4.182137e+02	7.845744e+01	4.268159e+01	1.936335e+01
770	2.205672e+01	2.625253e+03	3.629406e+02	4.191908e+02	7.832543e+01	4.267549e+01	1.583775e+01
771	2.208536e+01	2.639921e+03	3.634001e+02	4.202377e+02	7.852921e+01	4.280256e+01	1.317664e+01
772	2.211401e+01	2.627740e+03	3.640393e+02	4.211938e+02	7.853373e+01	4.260262e+01	9.171382e+00
773	2.214265e+01	2.627603e+03	3.646178e+02	4.222035e+02	7.878727e+01	4.246330e+01	6.113286e+00
774	2.217130e+01	2.641233e+03	3.653094e+02	4.230342e+02	7.852265e+01	4.282742e+01	3.050447e+00
775	2.219994e+01	2.627854e+03	3.660702e+02	4.239332e+02	7.870031e+01	4.251429e+01	1.494689e-02
776	2.222859e+01	2.608177e+03	3.668859e+02	4.251707e+02	7.865289e+01	4.222139e+01	1.754437e+02
777	2.225723e+01	2.634080e+03	3.677620e+02	4.256381e+02	7.916661e+01	4.236400e+01	1.733472e+02
778	2.228588e+01	2.608910e+03	3.688334e+02	4.266829e+02	7.887236e+01	4.211573e+01	1.692892e+02
779	2.231452e+01	2.626611e+03	3.699155e+02	4.275131e+02	7.887424e+01	4.240047e+01	1.662590e+02
780	2.234317e+01	2.603356e+03	3.706070e+02	4.277777e+02	7.897041e+01	4.197390e+01	1.627788e+02
781	2.237181e+01	2.619294e+03	3.717299e+02	4.280854e+02	7.908877e+01	4.216767e+01	1.607614e+02
782	2.240046e+01	2.607512e+03	3.726755e+02	4.287025e+02	7.936577e+01	4.183147e+01	1.570372e+02
783	2.242910e+01	2.613702e+03	3.739290e+02	4.290193e+02	7.933170e+01	4.194878e+01	1.544135e+02
784	2.245775e+01	2.643785e+03	3.750563e+02	4.295227e+02	7.932337e+01	4.243607e+01	1.509802e+02
785	2.248639e+01	2.619043e+03	3.760887e+02	4.296700e+02	7.945493e+01	4.196933e+01	1.486651e+02
786	2.251504e+01	2.624128e+03	3.772480e+02	4.298402e+02	7.978474e+01	4.187698e+01	1.451098e+02
787	2.254368e+01	2.619809e+03	3.783787e+02	4.298878e+02	7.942841e+01	4.199562e+01	1.425821e+02
788	2.257233e+01	2.595649e+03	3.792994e+02	4.301666e+02	7.967838e+01	4.147779e+01	1.398847e+02
789	2.260097e+01	2.598720e+03	3.805099e+02	4.301776e+02	7.965171e+01	4.154076e+01	1.363246e+02
790	2.262962e+01	2.582104e+03	3.814312e+02	4.301284e+02	7.929793e+01	4.145931e+01	1.337307e+02
791	2.265826e+01	2.600518e+03	3.827229e+02	4.301504e+02	7.994709e+01	4.141592e+01	1.303440e+02
792	2.268691e+01	2.613834e+03	3.838337e+02	4.300860e+02	8.036246e+01	4.141283e+01	1.270671e+02
793	2.271555e+01	2.614575e+03	3.852156e+02	4.297974e+02	7.961446e+01	4.181376e+01	1.233899e+02
794	2.274420e+01	2.620404e+03	3.861755e+02	4.295159e+02	8.016967e+01	4.161676e+01	1.205259e+02
795	2.277284e+01	2.600318e+03	3.872927e+02	4.292664e+02	7.977752e+01	4.150076e+01	1.178492e+02
796	2.280149e+01	2.604876e+03	3.883451e+02	4.290579e+02	8.026401e+01	4.132152e+01	1.145729e+02
797	2.283013e+01	2.611156e+03	3.894755e+02	4.286153e+02	7.990814e+01	4.160560e+01	1.116926e+02
798	2.285878e+01	2.622065e+03	3.906405e+02	4.279906e+02	7.996067e+01	4.175198e+01	1.080668e+02
799	2.288742e+01	2.626134e+03	3.916148e+02	4.274597e+02	7.983533e+01	4.188243e+01	1.050889e+02
