1	2.866972e-02	2.542031e+03	4.146298e+02	3.370616e+02	7.783903e+01	4.158086e+01	1.159433e+02
2	5.733945e-02	2.554689e+03	4.150152e+02	3.369405e+02	7.834081e+01	4.152027e+01	1.155590e+02
3	8.600917e-02	2.545519e+03	4.152085e+02	3.368972e+02	7.860842e+01	4.123038e+01	1.144241e+02
4	1.146789e-01	2.561378e+03	4.155719e+02	3.367060e+02	7.853251e+01	4.152736e+01	1.136950e+02
5	1.433486e-01	2.556429e+03	4.158136e+02	3.366293e+02	7.855137e+01	4.143716e+01	1.129962e+02
6	1.720183e-01	2.537739e+03	4.159623e+02	3.365272e+02	7.852379e+01	4.114867e+01	1.124043e+02
7	2.006881e-01	2.580050e+03	4.165391e+02	3.362622e+02	7.906185e+01	4.155002e+01	1.108797e+02
8	2.293578e-01	2.545932e+03	4.166192e+02	3.360753e+02	7.789688e+01	4.161375e+01	1.103248e+02
9	2.580275e-01	2.559078e+03	4.169826e+02	3.361093e+02	7.855544e+01	4.147795e+01	1.097548e+02
10	2.866972e-01	2.532048e+03	4.168085e+02	3.357953e+02	7.768819e+01	4.149799e+01	1.083861e+02
11	3.153670e-01	2.553952e+03	4.174265e+02	3.358093e+02	7.838068e+01	4.148717e+01	1.076619e+02
12	3.440367e-01	2.565219e+03	4.175439e+02	3.356191e+02	7.865540e+01	4.152466e+01	1.073433e+02
13	3.727064e-01	2.555197e+03	4.178102e+02	3.355342e+02	7.831886e+01	4.154016e+01	1.063887e+02
14	4.013761e-01	2.571434e+03	4.180661e+02	3.352922e+02	7.852148e+01	4.169626e+01	1.053814e+02
15	4.300459e-01	2.551057e+03	4.182329e+02	3.353053e+02	7.809756e+01	4.159037e+01	1.052518e+02
16	4.587156e-01	2.560057e+03	4.186306e+02	3.350763e+02	7.873628e+01	4.139853e+01	1.041132e+02
17	4.873853e-01	2.565667e+03	4.187660e+02	3.348917e+02	7.853580e+01	4.159515e+01	1.035659e+02
18	5.160550e-01	2.544363e+03	4.188593e+02	3.347448e+02	7.816969e+01	4.144296e+01	1.031416e+02
19	5.447248e-01	2.542110e+03	4.192854e+02	3.346742e+02	7.851763e+01	4.122277e+01	1.024331e+02
20	5.733945e-01	2.556444e+03	4.195247e+02	3.345852e+02	7.872878e+01	4.134404e+01	1.017852e+02
21	6.020642e-01	2.539482e+03	4.196447e+02	3.344186e+02	7.844852e+01	4.121645e+01	1.008162e+02
22	6.307339e-01	2.530265e+03	4.195992e+02	3.340861e+02	7.808195e+01	4.125964e+01	9.999831e+01
23	6.594037e-01	2.524321e+03	4.198755e+02	3.340810e+02	7.850612e+01	4.094031e+01	9.985813e+01
24	6.880734e-01	2.556757e+03	4.204887e+02	3.338122e+02	7.896793e+01	4.122388e+01	9.867036e+01
25	7.167431e-01	2.546086e+03	4.205735e+02	3.337092e+02	7.887135e+01	4.110209e+01	9.850358e+01
26	7.454128e-01	2.511564e+03	4.205195e+02	3.334942e+02	7.818826e+01	4.089901e+01	9.740040e+01
27	7.740826e-01	2.540481e+03	4.209563e+02	3.333300e+02	7.874305e+01	4.107842e+01	9.702283e+01
28	8.027523e-01	2.522689e+03	4.210945e+02	3.332430e+02	7.851171e+01	4.091093e+01	9.612251e+01
29	8.314220e-01	2.548315e+03	4.214826e+02	3.329397e+02	7.866747e+01	4.124469e+01	9.517747e+01
30	8.600917e-01	2.539237e+03	4.215703e+02	3.327287e+02	7.890270e+01	4.097524e+01	9.430119e+01
31	8.887615e-01	2.538711e+03	4.218216e+02	3.326124e+02	7.946552e+01	4.067660e+01	9.336555e+01
32	9.174312e-01	2.509312e+03	4.220828e+02	3.324493e+02	7.877856e+01	4.055616e+01	9.296930e+01
33	9.461009e-01	2.520636e+03	4.222513e+02	3.321968e+02	7.908694e+01	4.058031e+01	9.241531e+01
34	9.747706e-01	2.503393e+03	4.220907e+02	3.318220e+02	7.820638e+01	4.075650e+01	9.108984e+01
35	1.003440e+00	2.520186e+03	4.225360e+02	3.317986e+02	7.876757e+01	4.073759e+01	9.065144e+01
36	1.032110e+00	2.511176e+03	4.225231e+02	3.314684e+02	7.836439e+01	4.080079e+01	8.922231e+01
37	1.060780e+00	2.521477e+03	4.229356e+02	3.312795e+02	7.842215e+01	4.093797e+01	8.890823e+01
38	1.089450e+00	2.509523e+03	4.229861e+02	3.311010e+02	7.825728e+01	4.082974e+01	8.800002e+01
39	1.118119e+00	2.517960e+03	4.232944e+02	3.309542e+02	7.853201e+01	4.082369e+01	8.742580e+01
40	1.146789e+00	2.521604e+03	4.234997e+02	3.307062e+02	7.849554e+01	4.090176e+01	8.688774e+01
41	1.175459e+00	2.521751e+03	4.238007e+02	3.304040e+02	7.823224e+01	4.104182e+01	8.592136e+01
42	1.204128e+00	2.526815e+03	4.239415e+02	3.302342e+02	7.845703e+01	4.100640e+01	8.522427e+01
43	1.232798e+00	2.505765e+03	4.239848e+02	3.299850e+02	7.834234e+01	4.072432e+01	8.430391e+01
44	1.261468e+00	2.510680e+03	4.240865e+02	3.296378e+02	7.817176e+01	4.089324e+01	8.297519e+01
45	1.290138e+00	2.509641e+03	4.244128e+02	3.294847e+02	7.842442e+01	4.074463e+01	8.292386e+01
46	1.318807e+00	2.516727e+03	4.247376e+02	3.291611e+02	7.852000e+01	4.080994e+01	8.192396e+01
47	1.347477e+00	2.492320e+03	4.246425e+02	3.290163e+02	7.806230e+01	4.065113e+01	8.124304e+01
48	1.376147e+00	2.509841e+03	4.249336e+02	3.286688e+02	7.817649e+01	4.087711e+01	8.034389e+01
49	1.404817e+00	2.513494e+03	4.249616e+02	3.285215e+02	7.847504e+01	4.078086e+01	7.997208e+01
50	1.433486e+00	2.523741e+03	4.254274e+02	3.282724e+02	7.875024e+01	4.080403e+01	7.904791e+01
51	1.462156e+00	2.509218e+03	4.250667e+02	3.281600e+02	7.847553e+01	4.071123e+01	7.865819e+01
52	1.490826e+00	2.509015e+03	4.252881e+02	3.277325e+02	7.783785e+01	4.104144e+01	7.725224e+01
53	1.519495e+00	2.505082e+03	4.255908e+02	3.274713e+02	7.831781e+01	4.072599e+01	7.705149e+01
54	1.548165e+00	2.520202e+03	4.256028e+02	3.271496e+02	7.814561e+01	4.106208e+01	7.598731e+01
55	1.576835e+00	2.515881e+03	4.256683e+02	3.270146e+02	7.834942e+01	4.088503e+01	7.549402e+01
56	1.605505e+00	2.490193e+03	4.255672e+02	3.268657e+02	7.757118e+01	4.087359e+01	7.465302e+01
57	1.634174e+00	2.512452e+03	4.261091e+02	3.264927e+02	7.782779e+01	4.110298e+01	7.427471e+01
58	1.662844e+00	2.515089e+03	4.261749e+02	3.262432e+02	7.808004e+01	4.101319e+01	7.376971e+01
59	1.691514e+00	2.507770e+03	4.263234e+02	3.260433e+02	7.799998e+01	4.093581e+01	7.241125e+01
60	1.720183e+00	2.513554e+03	4.266524e+02	3.256425e+02	7.809585e+01	4.097985e+01	7.155134e+01
61	1.748853e+00	2.520732e+03	4.265946e+02	3.253549e+02	7.800384e+01	4.114535e+01	7.038530e+01
62	1.777523e+00	2.497451e+03	4.265564e+02	3.252738e+02	7.797346e+01	4.078123e+01	7.014215e+01
63	1.806193e+00	2.504747e+03	4.267177e+02	3.249362e+02	7.767498e+01	4.105753e+01	6.926569e+01
64	1.834862e+00	2.493499e+03	4.268445e+02	3.246039e+02	7.759357e+01	4.091605e+01	6.817021e+01
65	1.863532e+00	2.501448e+03	4.271229e+02	3.242901e+02	7.768694e+01	4.099714e+01	6.775339e+01
66	1.892202e+00	2.504442e+03	4.272635e+02	3.239582e+02	7.721303e+01	4.129814e+01	6.672549e+01
67	1.920872e+00	2.496556e+03	4.272646e+02	3.238524e+02	7.699777e+01	4.128319e+01	6.622458e+01
68	1.949541e+00	2.499126e+03	4.273364e+02	3.234763e+02	7.714154e+01	4.124867e+01	6.534135e+01
69	1.978211e+00	2.511845e+03	4.274782e+02	3.231134e+02	7.737099e+01	4.133564e+01	6.443704e+01
70	2.006881e+00	2.524313e+03	4.277043e+02	3.227232e+02	7.757174e+01	4.143333e+01	6.319734e+01
71	2.035550e+00	2.481610e+03	4.273738e+02	3.226976e+02	7.686855e+01	4.110504e+01	6.259696e+01
72	2.064220e+00	2.488302e+03	4.276817e+02	3.224124e+02	7.698409e+01	4.115402e+01	6.187080e+01
73	2.092890e+00	2.517383e+03	4.278256e+02	3.220167e+02	7.737402e+01	4.142517e+01	6.087508e+01
74	2.121560e+00	2.517148e+03	4.277578e+02	3.216234e+02	7.726845e+01	4.147790e+01	5.954825e+01
75	2.150229e+00	2.521444e+03	4.280125e+02	3.213755e+02	7.724416e+01	4.156174e+01	5.928564e+01
76	2.178899e+00	2.502122e+03	4.278419e+02	3.212140e+02	7.681928e+01	4.147136e+01	5.837654e+01
77	2.207569e+00	2.503975e+03	4.280149e+02	3.208753e+02	7.639417e+01	4.173303e+01	5.839898e+01
78	2.236239e+00	2.515327e+03	4.280868e+02	3.205758e+02	7.715401e+01	4.150937e+01	5.715151e+01
79	2.264908e+00	2.538253e+03	4.282230e+02	3.202178e+02	7.781921e+01	4.152964e+01	5.651418e+01
80	2.293578e+00	2.531990e+03	4.281002e+02	3.199320e+02	7.719941e+01	4.175978e+01	5.558957e+01
81	2.322248e+00	2.514176e+03	4.282145e+02	3.197425e+02	7.678411e+01	4.169025e+01	5.524154e+01
82	2.350917e+00	2.524647e+03	4.283225e+02	3.192561e+02	7.698255e+01	4.175596e+01	5.380946e+01
83	2.379587e+00	2.521975e+03	4.283019e+02	3.191356e+02	7.742410e+01	4.147388e+01	5.333422e+01
84	2.408257e+00	2.524111e+03	4.283294e+02	3.188035e+02	7.706612e+01	4.170183e+01	5.268692e+01
85	2.436927e+00	2.520880e+03	4.283955e+02	3.184316e+02	7.699681e+01	4.168593e+01	5.188314e+01
86	2.465596e+00	2.531851e+03	4.282223e+02	3.181479e+02	7.674962e+01	4.200220e+01	5.095559e+01
87	2.494266e+00	2.529405e+03	4.282695e+02	3.178585e+02	7.642998e+01	4.213710e+01	5.011312e+01
88	2.522936e+00	2.519979e+03	4.282030e+02	3.176461e+02	7.643642e+01	4.197655e+01	4.931537e+01
89	2.551606e+00	2.533626e+03	4.282565e+02	3.172564e+02	7.700640e+01	4.189149e+01	4.840601e+01
90	2.580275e+00	2.532807e+03	4.283983e+02	3.169194e+02	7.683218e+01	4.197290e+01	4.807939e+01
91	2.608945e+00	2.528204e+03	4.283946e+02	3.166914e+02	7.682278e+01	4.190175e+01	4.723418e+01
92	2.637615e+00	2.536963e+03	4.283885e+02	3.162773e+02	7.696304e+01	4.197030e+01	4.609478e+01
93	2.666284e+00	2.519628e+03	4.283210e+02	3.160456e+02	7.685243e+01	4.174351e+01	4.562645e+01
94	2.694954e+00	2.528497e+03	4.282902e+02	3.158195e+02	7.656032e+01	4.205027e+01	4.428505e+01
95	2.723624e+00	2.531298e+03	4.281656e+02	3.155931e+02	7.663186e+01	4.205755e+01	4.368749e+01
96	2.752294e+00	2.522052e+03	4.283065e+02	3.151257e+02	7.627176e+01	4.210177e+01	4.295532e+01
97	2.780963e+00	2.532284e+03	4.281712e+02	3.149600e+02	7.621613e+01	4.230344e+01	4.245681e+01
98	2.809633e+00	2.516323e+03	4.280780e+02	3.146722e+02	7.603794e+01	4.213531e+01	4.124484e+01
99	2.838303e+00	2.514239e+03	4.281288e+02	3.144299e+02	7.591447e+01	4.216888e+01	4.059296e+01
100	2.866972e+00	2.523391e+03	4.280658e+02	3.140172e+02	7.617958e+01	4.217510e+01	3.958517e+01
101	2.895642e+00	2.525151e+03	4.280111e+02	3.136385e+02	7.627303e+01	4.215280e+01	3.835276e+01
102	2.924312e+00	2.527727e+03	4.278520e+02	3.135372e+02	7.641581e+01	4.211697e+01	3.787644e+01
103	2.952982e+00	2.526688e+03	4.277952e+02	3.132902e+02	7.591553e+01	4.237708e+01	3.752098e+01
104	2.981651e+00	2.531632e+03	4.279008e+02	3.126837e+02	7.623280e+01	4.228330e+01	3.608110e+01
105	3.010321e+00	2.553495e+03	4.278131e+02	3.123892e+02	7.697710e+01	4.223608e+01	3.504506e+01
106	3.038991e+00	2.563378e+03	4.278628e+02	3.120422e+02	7.722318e+01	4.226443e+01	3.427676e+01
107	3.067661e+00	2.537069e+03	4.276930e+02	3.119782e+02	7.638785e+01	4.228810e+01	3.414583e+01
108	3.096330e+00	2.539944e+03	4.275359e+02	3.118827e+02	7.661096e+01	4.221273e+01	3.348908e+01
109	3.125000e+00	2.524198e+03	4.275492e+02	3.114562e+02	7.607657e+01	4.224572e+01	3.279090e+01
110	3.153670e+00	2.551305e+03	4.274624e+02	3.110071e+02	7.691856e+01	4.223197e+01	3.156502e+01
111	3.182339e+00	2.535814e+03	4.273222e+02	3.108379e+02	7.647128e+01	4.222105e+01	3.066208e+01
112	3.211009e+00	2.541086e+03	4.272534e+02	3.107116e+02	7.674013e+01	4.216061e+01	3.005497e+01
113	3.239679e+00	2.538985e+03	4.271454e+02	3.104607e+02	7.640282e+01	4.231173e+01	2.951652e+01
114	3.268349e+00	2.531618e+03	4.269746e+02	3.102640e+02	7.630003e+01	4.224580e+01	2.866827e+01
115	3.297018e+00	2.523918e+03	4.269668e+02	3.100508e+02	7.625910e+01	4.213991e+01	2.839896e+01
116	3.325688e+00	2.548985e+03	4.268378e+02	3.095416e+02	7.694713e+01	4.217790e+01	2.706767e+01
117	3.354358e+00	2.540184e+03	4.270599e+02	3.091389e+02	7.678436e+01	4.212138e+01	2.599296e+01
118	3.383028e+00	2.531176e+03	4.266322e+02	3.093709e+02	7.656480e+01	4.209237e+01	2.569864e+01
119	3.411697e+00	2.550701e+03	4.267651e+02	3.085692e+02	7.679095e+01	4.229214e+01	2.417842e+01
120	3.440367e+00	2.510077e+03	4.264211e+02	3.087556e+02	7.546964e+01	4.234723e+01	2.390908e+01
121	3.469037e+00	2.490624e+03	4.262768e+02	3.084885e+02	7.538213e+01	4.206781e+01	2.308729e+01
122	3.497706e+00	2.519241e+03	4.263114e+02	3.081038e+02	7.605266e+01	4.217600e+01	2.217622e+01
123	3.526376e+00	2.509566e+03	4.261741e+02	3.076973e+02	7.580566e+01	4.215093e+01	2.114576e+01
124	3.555046e+00	2.509044e+03	4.259710e+02	3.079037e+02	7.583553e+01	4.212556e+01	2.090301e+01
125	3.583716e+00	2.536500e+03	4.259597e+02	3.071316e+02	7.647683e+01	4.222941e+01	1.940804e+01
126	3.612385e+00	2.524239e+03	4.257867e+02	3.069842e+02	7.622382e+01	4.216479e+01	1.864596e+01
127	3.641055e+00	2.536896e+03	4.255963e+02	3.068578e+02	7.631047e+01	4.232809e+01	1.808938e+01
128	3.669725e+00	2.518003e+03	4.254539e+02	3.065076e+02	7.598656e+01	4.219195e+01	1.714367e+01
129	3.698394e+00	2.526103e+03	4.253997e+02	3.063875e+02	7.606772e+01	4.228251e+01	1.652443e+01
130	3.727064e+00	2.548508e+03	4.253246e+02	3.058979e+02	7.696523e+01	4.216009e+01	1.539849e+01
131	3.755734e+00	2.529370e+03	4.250894e+02	3.058081e+02	7.618066e+01	4.227442e+01	1.488034e+01
132	3.784404e+00	2.536063e+03	4.250105e+02	3.055532e+02	7.641633e+01	4.225557e+01	1.411180e+01
133	3.813073e+00	2.512940e+03	4.248345e+02	3.054536e+02	7.611866e+01	4.203403e+01	1.284877e+01
134	3.841743e+00	2.524523e+03	4.246667e+02	3.052372e+02	7.624332e+01	4.215873e+01	1.271900e+01
135	3.870413e+00	2.522694e+03	4.244940e+02	3.051245e+02	7.621281e+01	4.214507e+01	1.206786e+01
136	3.899083e+00	2.545753e+03	4.244671e+02	3.046704e+02	7.670878e+01	4.225531e+01	1.140925e+01
137	3.927752e+00	2.528467e+03	4.242700e+02	3.045892e+02	7.633250e+01	4.217528e+01	1.039336e+01
138	3.956422e+00	2.525525e+03	4.242526e+02	3.042201e+02	7.622244e+01	4.218702e+01	9.319314e+00
139	3.985092e+00	2.514253e+03	4.238489e+02	3.041760e+02	7.618028e+01	4.202198e+01	8.516756e+00
140	4.013761e+00	2.545039e+03	4.237672e+02	3.037563e+02	7.665764e+01	4.227165e+01	8.131644e+00
141	4.042431e+00	2.529266e+03	4.234709e+02	3.037878e+02	7.652598e+01	4.208194e+01	6.870388e+00
142	4.071101e+00	2.555969e+03	4.233648e+02	3.033687e+02	7.681878e+01	4.236413e+01	6.863378e+00
143	4.099771e+00	2.548865e+03	4.232199e+02	3.031991e+02	7.666660e+01	4.233023e+01	6.098028e+00
144	4.128440e+00	2.531533e+03	4.229701e+02	3.029624e+02	7.682771e+01	4.195424e+01	5.036453e+00
145	4.157110e+00	2.552376e+03	4.229095e+02	3.027498e+02	7.694962e+01	4.223264e+01	4.518341e+00
146	4.185780e+00	2.545577e+03	4.226897e+02	3.026309e+02	7.711597e+01	4.202928e+01	3.823641e+00
147	4.214450e+00	2.523734e+03	4.225256e+02	3.025053e+02	7.671250e+01	4.188781e+01	2.646980e+00
148	4.243119e+00	2.527435e+03	4.222537e+02	3.022642e+02	7.723734e+01	4.166417e+01	2.033645e+00
149	4.271789e+00	2.537954e+03	4.219983e+02	3.019732e+02	7.723332e+01	4.183975e+01	1.433215e+00
150	4.300459e+00	2.527693e+03	4.219469e+02	3.015631e+02	7.695759e+01	4.181990e+01	1.012211e+00
151	4.329128e+00	2.515093e+03	4.217233e+02	3.013878e+02	7.676224e+01	4.171733e+01	3.278996e-02
152	4.357798e+00	2.539229e+03	4.215893e+02	3.014194e+02	7.695938e+01	4.200977e+01	1.795784e+02
153	4.386468e+00	2.519650e+03	4.214421e+02	3.009300e+02	7.679341e+01	4.177596e+01	1.782883e+02
154	4.415138e+00	2.517024e+03	4.211063e+02	3.009261e+02	7.678156e+01	4.173886e+01	1.770418e+02
155	4.443807e+00	2.534112e+03	4.209332e+02	3.007375e+02	7.662386e+01	4.210870e+01	1.765101e+02
156	4.472477e+00	2.542875e+03	4.207858e+02	3.008206e+02	7.680607e+01	4.215407e+01	1.760990e+02
157	4.501147e+00	2.523814e+03	4.205363e+02	3.003802e+02	7.646156e+01	4.202661e+01	1.754935e+02
158	4.529817e+00	2.519524e+03	4.202434e+02	3.003642e+02	7.706422e+01	4.162707e+01	1.746295e+02
159	4.558486e+00	2.516845e+03	4.199154e+02	3.003156e+02	7.723533e+01	4.149068e+01	1.735422e+02
160	4.587156e+00	2.507455e+03	4.197018e+02	3.001706e+02	7.762712e+01	4.112726e+01	1.733245e+02
161	4.615826e+00	2.504049e+03	4.194370e+02	3.001296e+02	7.721313e+01	4.129160e+01	1.728713e+02
162	4.644495e+00	2.511954e+03	4.192412e+02	2.999330e+02	7.705196e+01	4.150861e+01	1.713214e+02
163	4.673165e+00	2.515015e+03	4.190135e+02	2.998360e+02	7.769476e+01	4.121535e+01	1.711397e+02
164	4.701835e+00	2.527132e+03	4.188769e+02	2.995315e+02	7.784402e+01	4.133450e+01	1.708524e+02
165	4.730505e+00	2.540645e+03	4.187813e+02	2.993137e+02	7.734158e+01	4.182549e+01	1.698507e+02
166	4.759174e+00	2.525986e+03	4.184064e+02	2.992581e+02	7.755132e+01	4.147171e+01	1.693073e+02
167	4.787844e+00	2.497208e+03	4.181662e+02	2.990786e+02	7.784495e+01	4.084458e+01	1.686631e+02
168	4.816514e+00	2.518746e+03	4.178982e+02	2.987828e+02	7.735094e+01	4.145996e+01	1.679091e+02
169	4.845183e+00	2.506075e+03	4.176137e+02	2.985991e+02	7.741395e+01	4.121782e+01	1.666974e+02
170	4.873853e+00	2.518036e+03	4.176147e+02	2.985166e+02	7.704823e+01	4.161112e+01	1.667616e+02
171	4.902523e+00	2.523521e+03	4.172938e+02	2.984003e+02	7.795637e+01	4.121597e+01	1.655321e+02
172	4.931193e+00	2.521818e+03	4.170731e+02	2.982170e+02	7.737383e+01	4.149825e+01	1.650017e+02
173	4.959862e+00	2.520415e+03	4.168884e+02	2.980804e+02	7.700924e+01	4.167152e+01	1.640321e+02
174	4.988532e+00	2.529246e+03	4.166936e+02	2.979257e+02	7.753398e+01	4.153451e+01	1.637935e+02
175	5.017202e+00	2.517142e+03	4.164837e+02	2.978910e+02	7.762256e+01	4.128858e+01	1.628752e+02
176	5.045872e+00	2.524770e+03	4.161088e+02	2.973282e+02	7.678600e+01	4.186489e+01	1.623528e+02
177	5.074541e+00	2.539100e+03	4.159843e+02	2.974239e+02	7.722375e+01	4.186385e+01	1.619947e+02
178	5.103211e+00	2.514016e+03	4.154853e+02	2.972143e+02	7.761510e+01	4.124126e+01	1.607325e+02
179	5.131881e+00	2.534427e+03	4.153083e+02	2.973929e+02	7.777660e+01	4.148977e+01	1.604567e+02
180	5.160550e+00	2.511992e+03	4.151959e+02	2.972416e+02	7.746361e+01	4.128864e+01	1.595426e+02
181	5.189220e+00	2.519228e+03	4.149505e+02	2.971234e+02	7.776930e+01	4.124481e+01	1.590002e+02
182	5.217890e+00	2.495447e+03	4.146537e+02	2.970787e+02	7.770370e+01	4.088997e+01	1.581100e+02
183	5.246560e+00	2.512646e+03	4.144637e+02	2.970427e+02	7.762433e+01	4.121389e+01	1.570488e+02
184	5.275229e+00	2.528704e+03	4.142856e+02	2.967004e+02	7.744482e+01	4.157341e+01	1.563865e+02
185	5.303899e+00	2.516298e+03	4.139045e+02	2.966498e+02	7.777216e+01	4.119534e+01	1.555861e+02
186	5.332569e+00	2.530333e+03	4.135608e+02	2.966001e+02	7.786596e+01	4.137520e+01	1.552766e+02
187	5.361239e+00	2.491591e+03	4.133418e+02	2.965883e+02	7.743219e+01	4.096995e+01	1.544260e+02
188	5.389908e+00	2.523335e+03	4.131564e+02	2.964680e+02	7.738052e+01	4.151962e+01	1.533688e+02
189	5.418578e+00	2.527692e+03	4.128527e+02	2.962758e+02	7.760770e+01	4.146956e+01	1.528678e+02
190	5.447248e+00	2.530185e+03	4.126176e+02	2.961656e+02	7.753803e+01	4.154776e+01	1.521974e+02
191	5.475917e+00	2.497463e+03	4.122527e+02	2.962866e+02	7.777088e+01	4.088766e+01	1.513078e+02
192	5.504587e+00	2.478142e+03	4.117399e+02	2.960099e+02	7.769167e+01	4.061270e+01	1.508959e+02
193	5.533257e+00	2.500810e+03	4.116123e+02	2.958524e+02	7.718916e+01	4.125100e+01	1.502812e+02
194	5.561927e+00	2.502403e+03	4.113540e+02	2.960926e+02	7.741940e+01	4.115453e+01	1.490464e+02
195	5.590596e+00	2.497434e+03	4.109738e+02	2.957389e+02	7.728161e+01	4.114603e+01	1.490937e+02
196	5.619266e+00	2.508256e+03	4.109684e+02	2.959698e+02	7.775366e+01	4.107345e+01	1.476440e+02
197	5.647936e+00	2.509749e+03	4.105089e+02	2.954209e+02	7.730259e+01	4.133770e+01	1.470635e+02
198	5.676606e+00	2.498004e+03	4.103278e+02	2.955563e+02	7.708131e+01	4.126236e+01	1.463961e+02
199	5.705275e+00	2.476751e+03	4.098685e+02	2.954712e+02	7.666653e+01	4.113265e+01	1.463248e+02
200	5.733945e+00	2.489390e+03	4.095810e+02	2.952327e+02	7.705100e+01	4.113626e+01	1.448996e+02
201	5.762615e+00	2.479497e+03	4.093165e+02	2.954636e+02	7.712937e+01	4.093114e+01	1.448686e+02
202	5.791284e+00	2.499215e+03	4.092459e+02	2.951839e+02	7.683163e+01	4.141653e+01	1.436017e+02
203	5.819954e+00	2.468596e+03	4.087704e+02	2.952898e+02	7.668458e+01	4.098756e+01	1.428100e+02
204	5.848624e+00	2.498640e+03	4.086685e+02	2.953107e+02	7.728510e+01	4.116404e+01	1.421392e+02
205	5.877294e+00	2.507859e+03	4.084231e+02	2.952983e+02	7.714462e+01	4.139116e+01	1.418200e+02
206	5.905963e+00	2.508575e+03	4.081462e+02	2.952799e+02	7.709602e+01	4.142908e+01	1.411243e+02
207	5.934633e+00	2.494168e+03	4.079416e+02	2.953927e+02	7.687742e+01	4.130828e+01	1.403170e+02
208	5.963303e+00	2.481681e+03	4.074756e+02	2.951511e+02	7.689250e+01	4.109341e+01	1.391280e+02
209	5.991972e+00	2.505418e+03	4.071814e+02	2.952309e+02	7.718686e+01	4.132825e+01	1.384858e+02
210	6.020642e+00	2.518770e+03	4.068716e+02	2.952618e+02	7.738902e+01	4.143995e+01	1.379438e+02
211	6.049312e+00	2.531594e+03	4.066461e+02	2.951032e+02	7.751601e+01	4.158270e+01	1.371856e+02
212	6.077982e+00	2.514185e+03	4.062682e+02	2.952061e+02	7.759836e+01	4.125294e+01	1.368179e+02
213	6.106651e+00	2.488315e+03	4.061811e+02	2.954516e+02	7.679254e+01	4.125689e+01	1.356682e+02
214	6.135321e+00	2.516080e+03	4.057802e+02	2.951759e+02	7.755648e+01	4.130631e+01	1.352745e+02
215	6.163991e+00	2.521271e+03	4.053611e+02	2.950714e+02	7.758504e+01	4.137630e+01	1.349962e+02
216	6.192661e+00	2.503615e+03	4.054336e+02	2.955018e+02	7.693679e+01	4.143274e+01	1.331316e+02
217	6.221330e+00	2.510568e+03	4.048550e+02	2.953702e+02	7.677700e+01	4.163428e+01	1.329450e+02
218	6.250000e+00	2.515473e+03	4.046895e+02	2.956257e+02	7.733461e+01	4.141484e+01	1.320616e+02
219	6.278670e+00	2.528725e+03	4.044164e+02	2.952419e+02	7.739325e+01	4.160146e+01	1.310956e+02
220	6.307339e+00	2.521932e+03	4.039533e+02	2.956052e+02	7.726296e+01	4.155968e+01	1.312043e+02
221	6.336009e+00	2.529074e+03	4.038499e+02	2.956320e+02	7.769434e+01	4.144596e+01	1.306401e+02
222	6.364679e+00	2.528636e+03	4.034598e+02	2.956151e+02	7.742099e+01	4.158510e+01	1.296427e+02
223	6.393349e+00	2.514611e+03	4.034597e+02	2.959615e+02	7.703554e+01	4.156137e+01	1.282681e+02
224	6.422018e+00	2.510817e+03	4.031259e+02	2.958216e+02	7.724718e+01	4.138496e+01	1.275649e+02
225	6.450688e+00	2.543655e+03	4.026940e+02	2.956736e+02	7.761819e+01	4.172581e+01	1.271557e+02
226	6.479358e+00	2.542388e+03	4.025328e+02	2.958224e+02	7.759717e+01	4.171633e+01	1.261866e+02
227	6.508028e+00	2.529201e+03	4.020248e+02	2.956555e+02	7.741531e+01	4.159744e+01	1.252689e+02
228	6.536697e+00	2.526324e+03	4.017418e+02	2.958695e+02	7.699174e+01	4.177871e+01	1.243103e+02
229	6.565367e+00	2.525448e+03	4.014744e+02	2.958828e+02	7.725137e+01	4.162385e+01	1.233143e+02
230	6.594037e+00	2.512258e+03	4.010721e+02	2.958347e+02	7.692030e+01	4.158468e+01	1.219809e+02
231	6.622706e+00	2.528211e+03	4.008088e+02	2.960510e+02	7.725458e+01	4.166768e+01	1.215970e+02
232	6.651376e+00	2.510514e+03	4.005576e+02	2.959981e+02	7.728593e+01	4.135922e+01	1.206550e+02
233	6.680046e+00	2.536509e+03	4.003326e+02	2.963472e+02	7.778584e+01	4.151891e+01	1.204452e+02
234	6.708716e+00	2.526749e+03	3.998195e+02	2.962130e+02	7.732001e+01	4.160833e+01	1.189051e+02
235	6.737385e+00	2.504568e+03	3.995752e+02	2.963405e+02	7.698593e+01	4.142205e+01	1.178831e+02
236	6.766055e+00	2.496821e+03	3.990771e+02	2.963444e+02	7.688367e+01	4.134884e+01	1.177390e+02
237	6.794725e+00	2.507254e+03	3.989975e+02	2.966693e+02	7.681571e+01	4.155836e+01	1.164086e+02
238	6.823394e+00	2.521168e+03	3.986504e+02	2.967768e+02	7.723832e+01	4.156034e+01	1.160575e+02
239	6.852064e+00	2.517620e+03	3.985219e+02	2.970521e+02	7.762088e+01	4.129730e+01	1.157309e+02
240	6.880734e+00	2.509872e+03	3.980841e+02	2.970414e+02	7.729573e+01	4.134340e+01	1.143855e+02
241	6.909404e+00	2.481451e+03	3.978047e+02	2.970433e+02	7.674146e+01	4.117046e+01	1.128705e+02
242	6.938073e+00	2.502695e+03	3.975387e+02	2.972531e+02	7.712242e+01	4.131781e+01	1.123949e+02
243	6.966743e+00	2.506959e+03	3.973322e+02	2.974183e+02	7.733904e+01	4.127230e+01	1.109510e+02
244	6.995413e+00	2.509920e+03	3.970196e+02	2.975913e+02	7.725522e+01	4.136587e+01	1.103763e+02
245	7.024083e+00	2.501433e+03	3.966797e+02	2.976415e+02	7.732999e+01	4.118613e+01	1.097619e+02
246	7.052752e+00	2.495325e+03	3.963091e+02	2.976305e+02	7.744237e+01	4.102594e+01	1.085781e+02
247	7.081422e+00	2.485417e+03	3.960604e+02	2.979302e+02	7.727174e+01	4.095329e+01	1.082132e+02
248	7.110092e+00	2.498975e+03	3.958556e+02	2.981772e+02	7.743903e+01	4.108773e+01	1.072860e+02
249	7.138761e+00	2.482760e+03	3.955137e+02	2.982735e+02	7.730372e+01	4.089257e+01	1.061914e+02
250	7.167431e+00	2.486572e+03	3.951770e+02	2.983420e+02	7.784010e+01	4.067314e+01	1.051660e+02
251	7.196101e+00	2.508326e+03	3.950634e+02	2.985464e+02	7.788741e+01	4.100405e+01	1.049571e+02
252	7.224771e+00	2.466256e+03	3.946551e+02	2.986457e+02	7.733394e+01	4.060487e+01	1.037911e+02
253	7.253440e+00	2.484929e+03	3.945723e+02	2.988909e+02	7.795833e+01	4.058463e+01	1.037277e+02
254	7.282110e+00	2.495265e+03	3.943470e+02	2.991386e+02	7.807957e+01	4.069016e+01	1.026840e+02
255	7.310780e+00	2.501606e+03	3.941032e+02	2.991855e+02	7.818655e+01	4.073774e+01	1.015787e+02
256	7.339450e+00	2.482743e+03	3.938698e+02	2.993717e+02	7.789558e+01	4.058159e+01	1.007736e+02
257	7.368119e+00	2.510692e+03	3.937051e+02	2.995822e+02	7.826794e+01	4.084318e+01	1.001230e+02
258	7.396789e+00	2.487943e+03	3.932032e+02	2.998440e+02	7.760320e+01	4.081981e+01	9.946067e+01
259	7.425459e+00	2.479395e+03	3.929142e+02	3.000835e+02	7.739614e+01	4.078839e+01	9.855565e+01
260	7.454128e+00	2.479909e+03	3.926349e+02	3.004743e+02	7.809959e+01	4.042938e+01	9.774247e+01
261	7.482798e+00	2.472206e+03	3.923654e+02	3.005945e+02	7.779065e+01	4.046386e+01	9.708069e+01
262	7.511468e+00	2.497776e+03	3.922242e+02	3.006390e+02	7.785042e+01	4.085099e+01	9.589974e+01
263	7.540138e+00	2.462523e+03	3.916931e+02	3.009470e+02	7.719093e+01	4.061852e+01	9.537951e+01
264	7.568807e+00	2.488200e+03	3.916566e+02	3.012239e+02	7.836790e+01	4.042566e+01	9.483627e+01
265	7.597477e+00	2.486398e+03	3.912570e+02	3.013916e+02	7.800539e+01	4.058412e+01	9.355325e+01
266	7.626147e+00	2.485308e+03	3.912477e+02	3.016620e+02	7.826598e+01	4.043127e+01	9.260947e+01
267	7.654817e+00	2.480981e+03	3.909655e+02	3.018173e+02	7.828677e+01	4.035016e+01	9.182343e+01
268	7.683486e+00	2.496874e+03	3.909222e+02	3.021049e+02	7.862542e+01	4.043373e+01	9.101869e+01
269	7.712156e+00	2.491883e+03	3.904553e+02	3.023689e+02	7.800781e+01	4.067239e+01	9.033765e+01
270	7.740826e+00	2.495744e+03	3.903105e+02	3.026049e+02	7.848193e+01	4.048932e+01	8.949098e+01
271	7.769495e+00	2.481809e+03	3.900004e+02	3.029389e+02	7.773135e+01	4.065203e+01	8.831268e+01
272	7.798165e+00	2.493771e+03	3.900309e+02	3.032352e+02	7.853707e+01	4.042891e+01	8.784127e+01
273	7.826835e+00	2.483467e+03	3.897694e+02	3.035685e+02	7.785826e+01	4.061288e+01	8.743098e+01
274	7.855505e+00	2.496823e+03	3.896066e+02	3.036750e+02	7.825629e+01	4.062362e+01	8.630132e+01
275	7.884174e+00	2.469722e+03	3.891143e+02	3.039108e+02	7.763420e+01	4.050466e+01	8.543714e+01
276	7.912844e+00	2.483303e+03	3.890524e+02	3.042604e+02	7.837355e+01	4.034320e+01	8.460211e+01
277	7.941514e+00	2.490085e+03	3.889198e+02	3.044658e+02	7.824157e+01	4.052161e+01	8.382155e+01
278	7.970183e+00	2.470961e+03	3.886042e+02	3.048321e+02	7.736510e+01	4.066594e+01	8.305611e+01
279	7.998853e+00	2.499217e+03	3.885273e+02	3.050775e+02	7.839554e+01	4.059034e+01	8.220067e+01
280	8.027523e+00	2.470725e+03	3.881668e+02	3.053442e+02	7.756541e+01	4.055706e+01	8.211749e+01
281	8.056193e+00	2.490343e+03	3.880999e+02	3.056173e+02	7.822874e+01	4.053245e+01	8.068170e+01
282	8.084862e+00	2.489884e+03	3.881122e+02	3.058235e+02	7.824393e+01	4.051713e+01	8.022504e+01
283	8.113532e+00	2.496452e+03	3.881411e+02	3.061433e+02	7.812877e+01	4.068389e+01	7.947096e+01
284	8.142202e+00	2.499596e+03	3.878532e+02	3.064092e+02	7.802647e+01	4.078852e+01	7.820697e+01
285	8.170872e+00	2.502403e+03	3.876230e+02	3.067435e+02	7.813492e+01	4.077765e+01	7.785969e+01
286	8.199541e+00	2.485537e+03	3.873391e+02	3.070240e+02	7.768170e+01	4.073912e+01	7.684928e+01
287	8.228211e+00	2.474029e+03	3.873942e+02	3.073629e+02	7.753326e+01	4.062814e+01	7.651303e+01
288	8.256881e+00	2.484785e+03	3.871672e+02	3.075976e+02	7.745513e+01	4.084592e+01	7.565031e+01
289	8.285550e+00	2.494502e+03	3.873720e+02	3.079069e+02	7.808213e+01	4.067638e+01	7.563047e+01
290	8.314220e+00	2.525048e+03	3.871941e+02	3.081689e+02	7.891463e+01	4.074011e+01	7.497689e+01
291	8.342890e+00	2.487351e+03	3.870231e+02	3.084574e+02	7.798920e+01	4.060811e+01	7.402477e+01
292	8.371560e+00	2.487479e+03	3.867658e+02	3.087662e+02	7.784942e+01	4.068312e+01	7.281652e+01
293	8.400229e+00	2.496531e+03	3.868119e+02	3.090800e+02	7.791179e+01	4.079848e+01	7.259330e+01
294	8.428899e+00	2.486982e+03	3.864845e+02	3.093891e+02	7.758315e+01	4.081457e+01	7.126924e+01
295	8.457569e+00	2.484692e+03	3.864111e+02	3.097462e+02	7.774253e+01	4.069340e+01	7.071519e+01
296	8.486239e+00	2.479075e+03	3.861731e+02	3.100691e+02	7.714800e+01	4.091430e+01	6.984865e+01
297	8.514908e+00	2.487699e+03	3.861949e+02	3.103147e+02	7.758727e+01	4.082418e+01	6.953068e+01
298	8.543578e+00	2.477320e+03	3.860161e+02	3.105448e+02	7.767220e+01	4.060941e+01	6.778423e+01
299	8.572248e+00	2.482769e+03	3.859803e+02	3.108449e+02	7.752389e+01	4.077658e+01	6.756518e+01
300	8.600917e+00	2.455637e+03	3.856801e+02	3.111740e+02	7.679416e+01	4.071422e+01	6.644602e+01
301	8.629587e+00	2.466917e+03	3.856516e+02	3.114109e+02	7.718044e+01	4.069653e+01	6.564884e+01
302	8.658257e+00	2.493226e+03	3.857292e+02	3.116898e+02	7.776862e+01	4.081946e+01	6.513110e+01
303	8.686927e+00	2.501269e+03	3.857378e+02	3.120596e+02	7.800053e+01	4.082939e+01	6.470917e+01
304	8.715596e+00	2.485518e+03	3.853046e+02	3.124933e+02	7.763696e+01	4.076228e+01	6.272928e+01
305	8.744266e+00	2.467974e+03	3.852734e+02	3.127439e+02	7.723631e+01	4.068452e+01	6.239900e+01
306	8.772936e+00	2.523246e+03	3.856937e+02	3.129990e+02	7.825663e+01	4.105335e+01	6.267904e+01
307	8.801606e+00	2.488519e+03	3.854752e+02	3.133224e+02	7.796686e+01	4.063882e+01	6.185057e+01
308	8.830275e+00	2.475722e+03	3.851282e+02	3.137765e+02	7.756950e+01	4.063694e+01	6.058017e+01
309	8.858945e+00	2.493228e+03	3.853552e+02	3.138842e+02	7.786632e+01	4.076829e+01	6.010229e+01
310	8.887615e+00	2.485534e+03	3.851297e+02	3.143394e+02	7.770060e+01	4.072916e+01	5.944798e+01
311	8.916284e+00	2.500921e+03	3.852289e+02	3.147288e+02	7.739861e+01	4.114119e+01	5.853388e+01
312	8.944954e+00	2.482189e+03	3.849607e+02	3.150652e+02	7.740524e+01	4.082955e+01	5.701759e+01
313	8.973624e+00	2.495977e+03	3.850239e+02	3.154144e+02	7.794427e+01	4.077241e+01	5.673676e+01
314	9.002294e+00	2.491565e+03	3.850168e+02	3.156659e+02	7.795394e+01	4.069530e+01	5.569040e+01
315	9.030963e+00	2.530064e+03	3.852998e+02	3.161353e+02	7.762428e+01	4.149962e+01	5.568885e+01
316	9.059633e+00	2.495944e+03	3.851067e+02	3.164183e+02	7.753047e+01	4.098949e+01	5.385510e+01
317	9.088303e+00	2.516461e+03	3.850640e+02	3.168189e+02	7.774623e+01	4.121175e+01	5.301771e+01
318	9.116972e+00	2.517594e+03	3.850389e+02	3.171759e+02	7.796304e+01	4.111563e+01	5.213568e+01
319	9.145642e+00	2.532472e+03	3.850916e+02	3.175464e+02	7.814703e+01	4.126123e+01	5.150358e+01
320	9.174312e+00	2.535655e+03	3.853421e+02	3.176631e+02	7.827556e+01	4.124527e+01	5.095562e+01
321	9.202982e+00	2.524990e+03	3.850820e+02	3.181817e+02	7.801803e+01	4.120737e+01	4.954463e+01
322	9.231651e+00	2.534681e+03	3.850979e+02	3.186380e+02	7.819110e+01	4.127396e+01	4.880856e+01
323	9.260321e+00	2.507864e+03	3.848297e+02	3.189094e+02	7.778920e+01	4.104827e+01	4.740992e+01
324	9.288991e+00	2.506228e+03	3.849995e+02	3.192467e+02	7.718479e+01	4.134270e+01	4.690855e+01
325	9.317661e+00	2.524538e+03	3.851124e+02	3.197465e+02	7.709979e+01	4.169067e+01	4.614396e+01
326	9.346330e+00	2.501499e+03	3.850238e+02	3.199832e+02	7.693197e+01	4.140032e+01	4.505529e+01
327	9.375000e+00	2.494482e+03	3.851147e+02	3.203473e+02	7.710138e+01	4.119346e+01	4.381165e+01
328	9.403670e+00	2.497952e+03	3.850142e+02	3.207864e+02	7.696457e+01	4.132410e+01	4.258476e+01
329	9.432339e+00	2.506205e+03	3.852714e+02	3.211247e+02	7.659139e+01	4.166264e+01	4.185405e+01
330	9.461009e+00	2.521585e+03	3.852222e+02	3.215334e+02	7.727312e+01	4.154849e+01	4.078350e+01
331	9.489679e+00	2.524106e+03	3.852635e+02	3.218792e+02	7.735654e+01	4.154518e+01	4.032073e+01
332	9.518349e+00	2.511142e+03	3.853225e+02	3.221160e+02	7.680299e+01	4.162969e+01	3.949785e+01
333	9.547018e+00	2.522158e+03	3.853754e+02	3.224769e+02	7.710049e+01	4.165099e+01	3.827884e+01
334	9.575688e+00	2.497295e+03	3.851657e+02	3.227861e+02	7.734201e+01	4.111161e+01	3.727316e+01
335	9.604358e+00	2.525487e+03	3.853405e+02	3.234010e+02	7.742418e+01	4.153160e+01	3.685078e+01
336	9.633028e+00	2.512817e+03	3.853813e+02	3.234764e+02	7.735780e+01	4.135870e+01	3.683592e+01
337	9.661697e+00	2.501400e+03	3.853901e+02	3.238142e+02	7.707480e+01	4.132196e+01	3.536176e+01
338	9.690367e+00	2.514384e+03	3.854176e+02	3.241583e+02	7.739028e+01	4.136712e+01	3.475768e+01
339	9.719037e+00	2.544736e+03	3.856428e+02	3.245165e+02	7.770054e+01	4.169931e+01	3.412417e+01
340	9.747706e+00	2.510227e+03	3.858198e+02	3.245260e+02	7.739611e+01	4.129561e+01	3.296888e+01
341	9.776376e+00	2.524070e+03	3.857216e+02	3.249772e+02	7.771365e+01	4.135368e+01	3.245716e+01
342	9.805046e+00	2.528643e+03	3.857470e+02	3.254739e+02	7.770456e+01	4.143345e+01	3.095945e+01
343	9.833716e+00	2.516827e+03	3.859265e+02	3.256520e+02	7.750909e+01	4.134385e+01	2.998658e+01
344	9.862385e+00	2.523268e+03	3.859845e+02	3.260610e+02	7.759100e+01	4.140589e+01	2.964389e+01
345	9.891055e+00	2.510543e+03	3.859572e+02	3.262912e+02	7.742238e+01	4.128681e+01	2.869632e+01
346	9.919725e+00	2.491254e+03	3.860362e+02	3.266241e+02	7.724567e+01	4.106331e+01	2.741808e+01
347	9.948394e+00	2.504701e+03	3.862866e+02	3.268423e+02	7.694168e+01	4.144807e+01	2.737918e+01
348	9.977064e+00	2.493935e+03	3.861513e+02	3.271792e+02	7.751710e+01	4.096357e+01	2.651342e+01
349	1.000573e+01	2.531204e+03	3.867019e+02	3.272664e+02	7.798840e+01	4.132446e+01	2.591983e+01
350	1.003440e+01	2.519098e+03	3.866059e+02	3.279423e+02	7.729053e+01	4.149817e+01	2.442858e+01
351	1.006307e+01	2.519142e+03	3.868100e+02	3.281591e+02	7.758220e+01	4.134287e+01	2.369819e+01
352	1.009174e+01	2.531157e+03	3.869395e+02	3.285847e+02	7.725291e+01	4.171712e+01	2.295542e+01
353	1.012041e+01	2.479525e+03	3.869360e+02	3.286717e+02	7.649023e+01	4.127362e+01	2.229037e+01
354	1.014908e+01	2.519861e+03	3.870952e+02	3.290655e+02	7.758962e+01	4.135071e+01	2.147281e+01
355	1.017775e+01	2.555642e+03	3.875608e+02	3.292439e+02	7.748720e+01	4.199331e+01	2.219202e+01
356	1.020642e+01	2.521320e+03	3.872308e+02	3.297185e+02	7.771175e+01	4.130963e+01	2.041407e+01
357	1.023509e+01	2.516638e+03	3.874310e+02	3.301104e+02	7.725469e+01	4.147687e+01	1.892928e+01
358	1.026376e+01	2.547452e+03	3.877283e+02	3.301618e+02	7.787666e+01	4.164940e+01	1.890917e+01
359	1.029243e+01	2.529171e+03	3.877712e+02	3.308643e+02	7.762484e+01	4.148466e+01	1.782329e+01
360	1.032110e+01	2.510824e+03	3.877689e+02	3.312489e+02	7.770956e+01	4.113882e+01	1.631829e+01
361	1.034977e+01	2.508856e+03	3.879654e+02	3.312116e+02	7.785291e+01	4.103090e+01	1.599280e+01
362	1.037844e+01	2.496258e+03	3.880388e+02	3.315950e+02	7.740392e+01	4.106167e+01	1.488841e+01
363	1.040711e+01	2.530496e+03	3.883697e+02	3.319221e+02	7.770361e+01	4.146432e+01	1.413494e+01
364	1.043578e+01	2.518959e+03	3.883615e+02	3.319136e+02	7.697012e+01	4.166862e+01	1.291788e+01
365	1.046445e+01	2.522641e+03	3.885807e+02	3.323671e+02	7.675534e+01	4.184628e+01	1.200777e+01
366	1.049312e+01	2.525149e+03	3.888238e+02	3.328509e+02	7.743275e+01	4.152144e+01	1.142774e+01
367	1.052179e+01	2.502076e+03	3.889899e+02	3.330060e+02	7.713561e+01	4.130054e+01	1.045763e+01
368	1.055046e+01	2.522716e+03	3.892907e+02	3.333150e+02	7.754455e+01	4.142163e+01	9.809762e+00
369	1.057913e+01	2.497524e+03	3.893488e+02	3.332820e+02	7.734706e+01	4.111269e+01	1.012654e+01
370	1.060780e+01	2.506754e+03	3.895184e+02	3.339246e+02	7.707275e+01	4.141151e+01	8.439736e+00
371	1.063647e+01	2.517797e+03	3.898906e+02	3.337949e+02	7.808656e+01	4.105391e+01	8.393776e+00
372	1.066514e+01	2.508289e+03	3.900288e+02	3.341493e+02	7.815573e+01	4.086269e+01	7.042550e+00
373	1.069381e+01	2.519703e+03	3.903656e+02	3.342451e+02	7.853651e+01	4.084960e+01	6.362117e+00
374	1.072248e+01	2.529488e+03	3.904498e+02	3.345544e+02	7.801857e+01	4.128049e+01	5.851720e+00
375	1.075115e+01	2.481475e+03	3.903661e+02	3.352576e+02	7.799328e+01	4.051006e+01	3.830662e+00
376	1.077982e+01	2.533879e+03	3.909931e+02	3.352288e+02	7.822842e+01	4.124121e+01	3.552267e+00
377	1.080849e+01	2.512889e+03	3.912920e+02	3.355057e+02	7.771588e+01	4.116932e+01	2.585252e+00
378	1.083716e+01	2.522727e+03	3.913514e+02	3.356753e+02	7.855559e+01	4.088870e+01	2.277444e+00
379	1.086583e+01	2.538059e+03	3.916012e+02	3.359050e+02	7.880054e+01	4.100933e+01	1.555895e+00
380	1.089450e+01	2.535346e+03	3.919341e+02	3.361349e+02	7.811176e+01	4.132671e+01	6.145952e-01
381	1.092317e+01	2.529333e+03	3.921762e+02	3.362839e+02	7.841530e+01	4.106911e+01	2.838868e-01
382	1.095183e+01	2.527710e+03	3.923531e+02	3.362987e+02	7.813817e+01	4.118832e+01	1.797926e+02
383	1.098050e+01	2.531322e+03	3.925332e+02	3.366572e+02	7.853745e+01	4.103748e+01	1.785813e+02
384	1.100917e+01	2.525986e+03	3.926811e+02	3.368709e+02	7.879207e+01	4.081864e+01	1.775465e+02
385	1.103784e+01	2.538968e+03	3.930941e+02	3.369994e+02	7.857532e+01	4.114160e+01	1.770199e+02
386	1.106651e+01	2.542277e+03	3.933666e+02	3.374302e+02	7.859201e+01	4.118646e+01	1.760273e+02
387	1.109518e+01	2.551763e+03	3.937209e+02	3.373556e+02	7.799522e+01	4.165647e+01	1.755729e+02
388	1.112385e+01	2.554158e+03	3.939413e+02	3.375977e+02	7.846929e+01	4.144366e+01	1.742458e+02
389	1.115252e+01	2.552344e+03	3.941667e+02	3.377860e+02	7.824072e+01	4.153521e+01	1.736649e+02
390	1.118119e+01	2.549711e+03	3.942464e+02	3.380258e+02	7.853891e+01	4.133483e+01	1.725480e+02
391	1.120986e+01	2.530717e+03	3.945332e+02	3.381384e+02	7.849829e+01	4.104815e+01	1.724786e+02
392	1.123853e+01	2.532925e+03	3.947028e+02	3.383622e+02	7.805423e+01	4.131769e+01	1.716889e+02
393	1.126720e+01	2.500053e+03	3.948561e+02	3.386462e+02	7.839941e+01	4.060192e+01	1.712783e+02
394	1.129587e+01	2.541494e+03	3.952264e+02	3.386040e+02	7.858987e+01	4.117491e+01	1.706850e+02
395	1.132454e+01	2.524011e+03	3.953807e+02	3.387353e+02	7.871282e+01	4.082779e+01	1.700463e+02
396	1.135321e+01	2.548017e+03	3.958562e+02	3.388735e+02	7.815973e+01	4.150778e+01	1.685665e+02
397	1.138188e+01	2.525049e+03	3.959275e+02	3.392848e+02	7.843913e+01	4.098709e+01	1.684065e+02
398	1.141055e+01	2.553382e+03	3.963252e+02	3.393218e+02	7.855280e+01	4.138702e+01	1.674860e+02
399	1.143922e+01	2.557050e+03	3.966411e+02	3.395115e+02	7.826467e+01	4.159907e+01	1.662628e+02
400	1.146789e+01	2.522215e+03	3.968208e+02	3.396856e+02	7.820802e+01	4.106207e+01	1.661880e+02
401	1.149656e+01	2.521905e+03	3.969209e+02	3.398699e+02	7.807221e+01	4.112845e+01	1.653906e+02
402	1.152523e+01	2.515296e+03	3.972316e+02	3.399360e+02	7.821220e+01	4.094725e+01	1.648887e+02
403	1.155390e+01	2.527499e+03	3.974266e+02	3.399236e+02	7.821682e+01	4.114347e+01	1.641123e+02
404	1.158257e+01	2.535291e+03	3.977852e+02	3.401542e+02	7.857467e+01	4.108236e+01	1.633991e+02
405	1.161124e+01	2.538157e+03	3.982273e+02	3.404192e+02	7.822112e+01	4.131470e+01	1.625573e+02
406	1.163991e+01	2.531954e+03	3.984476e+02	3.404789e+02	7.818797e+01	4.123120e+01	1.619044e+02
407	1.166858e+01	2.539878e+03	3.987553e+02	3.406337e+02	7.834751e+01	4.127602e+01	1.609640e+02
408	1.169725e+01	2.531920e+03	3.989456e+02	3.408174e+02	7.840670e+01	4.111563e+01	1.602718e+02
409	1.172592e+01	2.550434e+03	3.995350e+02	3.409774e+02	7.810871e+01	4.157429e+01	1.590675e+02
410	1.175459e+01	2.528136e+03	3.994083e+02	3.410394e+02	7.836083e+01	4.107820e+01	1.582144e+02
411	1.178326e+01	2.526283e+03	3.997783e+02	3.413018e+02	7.857954e+01	4.093385e+01	1.579772e+02
412	1.181193e+01	2.538416e+03	4.000280e+02	3.412399e+02	7.865529e+01	4.109084e+01	1.569203e+02
413	1.184060e+01	2.536957e+03	4.003709e+02	3.411863e+02	7.866359e+01	4.106289e+01	1.568400e+02
414	1.186927e+01	2.513282e+03	4.006807e+02	3.413299e+02	7.786076e+01	4.109914e+01	1.557871e+02
415	1.189794e+01	2.528879e+03	4.009304e+02	3.414214e+02	7.847296e+01	4.103157e+01	1.551066e+02
416	1.192661e+01	2.509031e+03	4.012318e+02	3.414906e+02	7.757832e+01	4.117900e+01	1.546776e+02
417	1.195528e+01	2.529844e+03	4.013957e+02	3.415756e+02	7.903121e+01	4.075727e+01	1.535949e+02
418	1.198394e+01	2.526489e+03	4.017028e+02	3.416083e+02	7.838400e+01	4.103931e+01	1.532674e+02
419	1.201261e+01	2.540232e+03	4.021329e+02	3.416823e+02	7.828612e+01	4.131414e+01	1.521346e+02
420	1.204128e+01	2.532339e+03	4.024760e+02	3.419344e+02	7.816745e+01	4.124830e+01	1.512890e+02
421	1.206995e+01	2.522552e+03	4.026518e+02	3.418943e+02	7.848822e+01	4.092095e+01	1.506869e+02
422	1.209862e+01	2.522328e+03	4.031067e+02	3.421852e+02	7.843749e+01	4.094379e+01	1.498286e+02
423	1.212729e+01	2.555329e+03	4.032651e+02	3.419163e+02	7.886813e+01	4.125299e+01	1.493160e+02
424	1.215596e+01	2.531007e+03	4.037162e+02	3.422523e+02	7.847364e+01	4.106574e+01	1.484736e+02
425	1.218463e+01	2.535689e+03	4.039033e+02	3.421032e+02	7.826208e+01	4.125292e+01	1.480806e+02
426	1.221330e+01	2.545242e+03	4.041971e+02	3.421592e+02	7.826114e+01	4.140884e+01	1.469488e+02
427	1.224197e+01	2.542926e+03	4.044441e+02	3.423124e+02	7.853529e+01	4.122674e+01	1.461288e+02
428	1.227064e+01	2.534483e+03	4.048163e+02	3.422200e+02	7.800690e+01	4.136819e+01	1.459183e+02
429	1.229931e+01	2.556859e+03	4.052478e+02	3.425362e+02	7.859375e+01	4.142179e+01	1.449314e+02
430	1.232798e+01	2.545693e+03	4.053751e+02	3.425250e+02	7.849938e+01	4.129048e+01	1.446844e+02
431	1.235665e+01	2.573579e+03	4.056018e+02	3.424344e+02	7.887719e+01	4.154284e+01	1.429841e+02
432	1.238532e+01	2.542870e+03	4.059496e+02	3.424728e+02	7.859811e+01	4.119288e+01	1.429672e+02
433	1.241399e+01	2.556581e+03	4.064107e+02	3.425408e+02	7.846969e+01	4.148276e+01	1.418059e+02
434	1.244266e+01	2.537005e+03	4.065553e+02	3.427036e+02	7.872808e+01	4.103002e+01	1.416549e+02
435	1.247133e+01	2.555205e+03	4.069691e+02	3.425984e+02	7.859753e+01	4.139301e+01	1.403609e+02
436	1.250000e+01	2.546172e+03	4.075699e+02	3.429714e+02	7.787777e+01	4.162788e+01	1.393286e+02
437	1.252867e+01	2.535895e+03	4.075853e+02	3.428065e+02	7.809512e+01	4.134448e+01	1.390270e+02
438	1.255734e+01	2.539261e+03	4.078544e+02	3.428366e+02	7.831247e+01	4.128445e+01	1.380668e+02
439	1.258601e+01	2.542293e+03	4.082484e+02	3.428954e+02	7.826456e+01	4.135905e+01	1.377666e+02
440	1.261468e+01	2.538906e+03	4.085611e+02	3.427650e+02	7.768639e+01	4.161134e+01	1.368618e+02
441	1.264335e+01	2.535027e+03	4.086111e+02	3.428592e+02	7.822901e+01	4.125959e+01	1.363510e+02
442	1.267202e+01	2.537585e+03	4.088508e+02	3.426840e+02	7.833721e+01	4.124417e+01	1.351832e+02
443	1.270069e+01	2.544428e+03	4.092083e+02	3.427516e+02	7.860789e+01	4.121299e+01	1.346844e+02
444	1.272936e+01	2.535147e+03	4.094880e+02	3.427783e+02	7.794511e+01	4.141183e+01	1.335123e+02
445	1.275803e+01	2.535688e+03	4.098942e+02	3.428294e+02	7.831767e+01	4.122363e+01	1.331188e+02
446	1.278670e+01	2.567007e+03	4.100259e+02	3.425796e+02	7.865648e+01	4.155303e+01	1.325594e+02
447	1.281537e+01	2.547178e+03	4.103208e+02	3.425665e+02	7.800381e+01	4.157703e+01	1.319734e+02
448	1.284404e+01	2.562466e+03	4.106365e+02	3.425185e+02	7.885126e+01	4.137706e+01	1.309768e+02
449	1.287271e+01	2.566082e+03	4.110027e+02	3.425717e+02	7.852132e+01	4.160955e+01	1.300757e+02
450	1.290138e+01	2.544657e+03	4.110511e+02	3.424462e+02	7.873911e+01	4.114801e+01	1.295061e+02
451	1.293005e+01	2.557347e+03	4.115446e+02	3.423890e+02	7.827499e+01	4.159842e+01	1.281921e+02
452	1.295872e+01	2.558360e+03	4.117948e+02	3.423481e+02	7.848309e+01	4.150455e+01	1.279349e+02
453	1.298739e+01	2.564155e+03	4.120449e+02	3.422241e+02	7.842665e+01	4.162850e+01	1.272546e+02
454	1.301606e+01	2.543649e+03	4.122566e+02	3.421863e+02	7.841586e+01	4.130127e+01	1.268692e+02
455	1.304472e+01	2.542453e+03	4.127097e+02	3.423277e+02	7.785291e+01	4.158036e+01	1.256394e+02
456	1.307339e+01	2.541441e+03	4.128898e+02	3.420414e+02	7.790305e+01	4.153705e+01	1.247264e+02
457	1.310206e+01	2.519632e+03	4.130553e+02	3.421815e+02	7.838870e+01	4.092547e+01	1.240155e+02
458	1.313073e+01	2.558818e+03	4.135795e+02	3.419878e+02	7.867172e+01	4.141244e+01	1.228964e+02
459	1.315940e+01	2.569697e+03	4.139154e+02	3.419419e+02	7.892310e+01	4.145605e+01	1.222717e+02
460	1.318807e+01	2.560223e+03	4.142383e+02	3.419497e+02	7.847509e+01	4.153900e+01	1.215357e+02
461	1.321674e+01	2.567597e+03	4.145990e+02	3.417249e+02	7.871913e+01	4.152949e+01	1.202660e+02
462	1.324541e+01	2.562961e+03	4.147372e+02	3.417117e+02	7.843908e+01	4.160251e+01	1.199846e+02
463	1.327408e+01	2.563949e+03	4.149099e+02	3.415909e+02	7.839355e+01	4.164273e+01	1.188279e+02
464	1.330275e+01	2.552797e+03	4.152803e+02	3.414686e+02	7.832420e+01	4.149831e+01	1.183799e+02
465	1.333142e+01	2.555356e+03	4.153570e+02	3.413751e+02	7.853391e+01	4.142899e+01	1.174858e+02
466	1.336009e+01	2.549372e+03	4.156304e+02	3.412061e+02	7.817408e+01	4.152222e+01	1.161804e+02
467	1.338876e+01	2.550421e+03	4.161391e+02	3.412826e+02	7.885772e+01	4.117919e+01	1.160117e+02
468	1.341743e+01	2.558255e+03	4.164093e+02	3.410142e+02	7.863097e+01	4.142479e+01	1.152249e+02
469	1.344610e+01	2.559705e+03	4.167087e+02	3.408705e+02	7.824879e+01	4.165071e+01	1.141996e+02
470	1.347477e+01	2.542391e+03	4.166842e+02	3.407598e+02	7.838588e+01	4.129663e+01	1.134849e+02
471	1.350344e+01	2.543862e+03	4.170536e+02	3.406565e+02	7.872278e+01	4.114368e+01	1.126641e+02
472	1.353211e+01	2.541944e+03	4.172752e+02	3.404808e+02	7.846538e+01	4.124754e+01	1.119499e+02
473	1.356078e+01	2.552830e+03	4.176846e+02	3.404500e+02	7.872392e+01	4.128814e+01	1.107557e+02
474	1.358945e+01	2.552198e+03	4.180281e+02	3.402715e+02	7.847517e+01	4.140875e+01	1.099815e+02
475	1.361812e+01	2.567201e+03	4.186028e+02	3.401928e+02	7.892105e+01	4.141685e+01	1.083536e+02
476	1.364679e+01	2.541556e+03	4.185482e+02	3.400779e+02	7.862199e+01	4.115910e+01	1.081358e+02
477	1.367546e+01	2.536247e+03	4.186092e+02	3.398826e+02	7.880498e+01	4.097774e+01	1.075937e+02
478	1.370413e+01	2.548937e+03	4.191512e+02	3.397879e+02	7.848193e+01	4.135229e+01	1.064428e+02
479	1.373280e+01	2.557807e+03	4.195094e+02	3.396140e+02	7.881805e+01	4.131924e+01	1.057003e+02
480	1.376147e+01	2.550707e+03	4.196234e+02	3.394653e+02	7.859704e+01	4.132040e+01	1.051431e+02
481	1.379014e+01	2.563963e+03	4.195845e+02	3.393570e+02	7.897060e+01	4.133866e+01	1.045288e+02
482	1.381881e+01	2.545027e+03	4.199662e+02	3.391223e+02	7.842725e+01	4.131764e+01	1.037193e+02
483	1.384748e+01	2.564067e+03	4.203710e+02	3.390585e+02	7.859564e+01	4.153756e+01	1.029513e+02
484	1.387615e+01	2.560436e+03	4.206421e+02	3.388546e+02	7.909531e+01	4.121671e+01	1.022577e+02
485	1.390482e+01	2.528504e+03	4.205263e+02	3.386951e+02	7.846310e+01	4.103065e+01	1.016799e+02
486	1.393349e+01	2.532615e+03	4.209164e+02	3.386110e+02	7.845353e+01	4.110236e+01	1.012750e+02
487	1.396216e+01	2.532253e+03	4.211139e+02	3.383118e+02	7.802857e+01	4.132030e+01	1.001220e+02
488	1.399083e+01	2.525995e+03	4.212552e+02	3.381577e+02	7.855381e+01	4.094259e+01	9.989147e+01
489	1.401950e+01	2.536315e+03	4.215801e+02	3.379871e+02	7.868092e+01	4.104345e+01	9.904252e+01
490	1.404817e+01	2.537636e+03	4.217280e+02	3.378529e+02	7.860023e+01	4.110698e+01	9.847197e+01
491	1.407683e+01	2.545031e+03	4.220452e+02	3.377659e+02	7.932347e+01	4.085089e+01	9.772869e+01
492	1.410550e+01	2.534492e+03	4.223156e+02	3.376062e+02	7.883365e+01	4.093449e+01	9.702179e+01
493	1.413417e+01	2.551584e+03	4.224697e+02	3.372921e+02	7.908561e+01	4.107926e+01	9.597964e+01
494	1.416284e+01	2.544507e+03	4.225808e+02	3.371909e+02	7.903207e+01	4.099307e+01	9.540774e+01
495	1.419151e+01	2.548550e+03	4.231018e+02	3.370485e+02	7.917519e+01	4.098399e+01	9.461588e+01
496	1.422018e+01	2.544808e+03	4.233555e+02	3.368504e+02	7.882494e+01	4.110564e+01	9.386987e+01
497	1.424885e+01	2.527575e+03	4.232410e+02	3.365205e+02	7.858984e+01	4.094942e+01	9.311231e+01
498	1.427752e+01	2.532053e+03	4.235207e+02	3.365427e+02	7.891057e+01	4.085523e+01	9.272718e+01
499	1.430619e+01	2.538388e+03	4.237068e+02	3.362640e+02	7.889632e+01	4.096485e+01	9.208256e+01
500	1.433486e+01	2.525138e+03	4.237588e+02	3.360125e+02	7.850826e+01	4.095245e+01	9.117123e+01
501	1.436353e+01	2.518515e+03	4.238494e+02	3.359421e+02	7.821919e+01	4.099599e+01	9.075366e+01
502	1.439220e+01	2.546949e+03	4.241602e+02	3.356919e+02	7.887372e+01	4.111479e+01	9.020385e+01
503	1.442087e+01	2.507991e+03	4.239841e+02	3.354232e+02	7.794158e+01	4.097008e+01	8.861014e+01
504	1.444954e+01	2.536043e+03	4.242015e+02	3.353042e+02	7.855415e+01	4.110527e+01	8.834056e+01
505	1.447821e+01	2.533379e+03	4.245946e+02	3.350357e+02	7.892052e+01	4.087148e+01	8.770963e+01
506	1.450688e+01	2.518606e+03	4.246182e+02	3.348213e+02	7.881073e+01	4.068975e+01	8.690257e+01
507	1.453555e+01	2.552911e+03	4.251544e+02	3.343935e+02	7.863293e+01	4.133723e+01	8.576117e+01
508	1.456422e+01	2.534580e+03	4.252664e+02	3.344331e+02	7.890189e+01	4.090051e+01	8.564678e+01
509	1.459289e+01	2.533966e+03	4.255087e+02	3.341645e+02	7.878486e+01	4.095134e+01	8.488126e+01
510	1.462156e+01	2.516671e+03	4.253049e+02	3.340721e+02	7.865395e+01	4.073953e+01	8.410701e+01
511	1.465023e+01	2.543817e+03	4.256831e+02	3.337393e+02	7.884483e+01	4.107928e+01	8.302767e+01
512	1.467890e+01	2.542475e+03	4.258239e+02	3.334305e+02	7.898059e+01	4.098703e+01	8.196282e+01
513	1.470757e+01	2.518046e+03	4.258275e+02	3.333492e+02	7.875394e+01	4.071004e+01	8.198833e+01
514	1.473624e+01	2.512312e+03	4.260238e+02	3.331549e+02	7.855635e+01	4.071949e+01	8.125705e+01
515	1.476491e+01	2.535555e+03	4.262912e+02	3.328401e+02	7.868739e+01	4.102778e+01	8.047971e+01
516	1.479358e+01	2.519046e+03	4.263261e+02	3.326739e+02	7.886816e+01	4.066723e+01	7.954269e+01
517	1.482225e+01	2.519219e+03	4.264262e+02	3.324587e+02	7.858655e+01	4.081576e+01	7.887180e+01
518	1.485092e+01	2.516619e+03	4.265453e+02	3.322355e+02	7.857453e+01	4.077987e+01	7.795982e+01
519	1.487959e+01	2.523219e+03	4.268921e+02	3.318966e+02	7.849882e+01	4.092626e+01	7.673342e+01
520	1.490826e+01	2.525853e+03	4.269305e+02	3.317451e+02	7.849342e+01	4.097179e+01	7.626884e+01
521	1.493693e+01	2.527171e+03	4.270504e+02	3.313942e+02	7.835679e+01	4.106466e+01	7.527183e+01
522	1.496560e+01	2.516492e+03	4.272426e+02	3.310524e+02	7.801029e+01	4.107275e+01	7.431794e+01
523	1.499427e+01	2.515130e+03	4.273662e+02	3.308435e+02	7.802666e+01	4.104192e+01	7.412098e+01
524	1.502294e+01	2.523538e+03	4.274823e+02	3.306608e+02	7.834653e+01	4.101097e+01	7.350594e+01
525	1.505161e+01	2.506159e+03	4.275826e+02	3.304093e+02	7.794646e+01	4.093759e+01	7.284765e+01
526	1.508028e+01	2.506645e+03	4.275794e+02	3.302508e+02	7.783208e+01	4.100571e+01	7.222449e+01
527	1.510894e+01	2.535050e+03	4.278807e+02	3.298125e+02	7.847246e+01	4.113195e+01	7.098077e+01
528	1.513761e+01	2.521500e+03	4.279566e+02	3.295570e+02	7.808681e+01	4.111415e+01	7.041369e+01
529	1.516628e+01	2.516862e+03	4.279473e+02	3.294793e+02	7.808152e+01	4.104131e+01	6.970562e+01
530	1.519495e+01	2.522357e+03	4.279815e+02	3.291246e+02	7.813034e+01	4.110521e+01	6.884483e+01
531	1.522362e+01	2.529255e+03	4.282159e+02	3.287011e+02	7.794609e+01	4.131507e+01	6.745566e+01
532	1.525229e+01	2.523605e+03	4.281243e+02	3.286562e+02	7.796877e+01	4.121077e+01	6.703942e+01
533	1.528096e+01	2.532482e+03	4.286302e+02	3.280680e+02	7.806498e+01	4.130478e+01	6.589214e+01
534	1.530963e+01	2.539518e+03	4.284780e+02	3.278783e+02	7.791228e+01	4.150071e+01	6.534747e+01
535	1.533830e+01	2.514814e+03	4.283852e+02	3.279279e+02	7.771021e+01	4.120385e+01	6.482111e+01
536	1.536697e+01	2.535359e+03	4.286800e+02	3.273757e+02	7.814903e+01	4.130722e+01	6.392307e+01
537	1.539564e+01	2.529802e+03	4.287341e+02	3.271146e+02	7.736496e+01	4.163441e+01	6.300268e+01
538	1.542431e+01	2.528147e+03	4.286801e+02	3.268405e+02	7.757072e+01	4.149680e+01	6.228251e+01
539	1.545298e+01	2.527808e+03	4.289034e+02	3.266547e+02	7.777309e+01	4.138327e+01	6.175541e+01
540	1.548165e+01	2.543315e+03	4.289135e+02	3.263228e+02	7.774356e+01	4.165297e+01	6.063942e+01
541	1.551032e+01	2.528704e+03	4.287528e+02	3.260362e+02	7.731031e+01	4.164574e+01	5.995354e+01
542	1.553899e+01	2.532723e+03	4.289324e+02	3.256702e+02	7.741531e+01	4.165536e+01	5.880476e+01
543	1.556766e+01	2.525514e+03	4.289272e+02	3.254135e+02	7.737840e+01	4.155662e+01	5.843097e+01
544	1.559633e+01	2.515366e+03	4.290714e+02	3.252025e+02	7.721848e+01	4.147535e+01	5.773601e+01
545	1.562500e+01	2.522626e+03	4.292402e+02	3.246188e+02	7.704385e+01	4.168935e+01	5.672167e+01
546	1.565367e+01	2.505540e+03	4.291454e+02	3.246153e+02	7.635307e+01	4.178159e+01	5.653039e+01
547	1.568234e+01	2.509083e+03	4.290821e+02	3.242379e+02	7.653376e+01	4.174190e+01	5.520523e+01
548	1.571101e+01	2.538773e+03	4.294153e+02	3.237378e+02	7.725723e+01	4.184031e+01	5.464332e+01
549	1.573968e+01	2.535864e+03	4.292902e+02	3.236483e+02	7.724418e+01	4.179943e+01	5.362642e+01
550	1.576835e+01	2.515170e+03	4.293407e+02	3.232758e+02	7.645699e+01	4.188518e+01	5.272149e+01
551	1.579702e+01	2.525352e+03	4.292354e+02	3.231185e+02	7.666301e+01	4.194172e+01	5.197298e+01
552	1.582569e+01	2.528888e+03	4.293311e+02	3.227824e+02	7.634444e+01	4.217571e+01	5.107648e+01
553	1.585436e+01	2.511161e+03	4.293253e+02	3.226201e+02	7.606586e+01	4.203344e+01	5.042962e+01
554	1.588303e+01	2.528808e+03	4.293363e+02	3.222661e+02	7.669103e+01	4.198376e+01	4.976344e+01
555	1.591170e+01	2.528338e+03	4.294631e+02	3.216758e+02	7.636694e+01	4.215409e+01	4.845765e+01
556	1.594037e+01	2.517387e+03	4.291945e+02	3.216536e+02	7.606467e+01	4.213831e+01	4.771800e+01
557	1.596904e+01	2.538727e+03	4.294607e+02	3.211047e+02	7.695941e+01	4.200145e+01	4.694841e+01
558	1.599771e+01	2.542316e+03	4.293969e+02	3.208220e+02	7.643485e+01	4.234949e+01	4.593301e+01
559	1.602638e+01	2.547497e+03	4.294370e+02	3.204983e+02	7.720578e+01	4.201205e+01	4.528765e+01
560	1.605505e+01	2.537458e+03	4.293356e+02	3.202828e+02	7.623592e+01	4.237887e+01	4.413844e+01
561	1.608372e+01	2.544146e+03	4.294816e+02	3.199812e+02	7.717657e+01	4.197268e+01	4.360458e+01
562	1.611239e+01	2.539499e+03	4.293021e+02	3.198930e+02	7.640048e+01	4.232161e+01	4.305158e+01
563	1.614106e+01	2.549782e+03	4.294650e+02	3.194414e+02	7.670741e+01	4.232295e+01	4.225561e+01
564	1.616972e+01	2.550601e+03	4.295653e+02	3.189718e+02	7.713065e+01	4.210423e+01	4.186403e+01
565	1.619839e+01	2.558835e+03	4.295563e+02	3.186925e+02	7.706173e+01	4.227792e+01	4.087200e+01
566	1.622706e+01	2.541166e+03	4.293768e+02	3.185904e+02	7.682333e+01	4.211627e+01	3.971654e+01
567	1.625573e+01	2.540379e+03	4.293694e+02	3.184355e+02	7.681093e+01	4.211004e+01	3.929149e+01
568	1.628440e+01	2.506783e+03	4.289532e+02	3.184004e+02	7.574440e+01	4.213823e+01	3.818318e+01
569	1.631307e+01	2.538132e+03	4.291448e+02	3.178137e+02	7.696877e+01	4.198651e+01	3.756462e+01
570	1.634174e+01	2.542893e+03	4.291093e+02	3.175172e+02	7.645161e+01	4.234982e+01	3.663638e+01
571	1.637041e+01	2.541944e+03	4.292092e+02	3.171577e+02	7.680814e+01	4.213751e+01	3.605680e+01
572	1.639908e+01	2.527865e+03	4.289066e+02	3.170535e+02	7.620826e+01	4.223398e+01	3.465390e+01
573	1.642775e+01	2.528459e+03	4.288838e+02	3.168226e+02	7.582048e+01	4.245995e+01	3.419881e+01
574	1.645642e+01	2.522861e+03	4.288172e+02	3.165936e+02	7.594276e+01	4.229773e+01	3.395523e+01
575	1.648509e+01	2.557256e+03	4.287831e+02	3.161329e+02	7.681126e+01	4.238961e+01	3.264325e+01
576	1.651376e+01	2.547158e+03	4.288440e+02	3.157635e+02	7.666084e+01	4.230507e+01	3.196043e+01
577	1.654243e+01	2.529971e+03	4.285107e+02	3.156541e+02	7.609117e+01	4.233420e+01	3.107525e+01
578	1.657110e+01	2.515177e+03	4.284807e+02	3.154590e+02	7.571310e+01	4.229681e+01	3.070938e+01
579	1.659977e+01	2.532235e+03	4.285172e+02	3.149753e+02	7.614593e+01	4.234161e+01	2.986129e+01
580	1.662844e+01	2.539754e+03	4.284972e+02	3.147382e+02	7.620407e+01	4.243494e+01	2.922157e+01
581	1.665711e+01	2.536855e+03	4.282293e+02	3.146431e+02	7.617954e+01	4.240015e+01	2.838390e+01
582	1.668578e+01	2.523285e+03	4.281636e+02	3.144647e+02	7.574236e+01	4.241677e+01	2.754297e+01
583	1.671445e+01	2.527056e+03	4.282096e+02	3.138393e+02	7.592305e+01	4.237906e+01	2.598355e+01
584	1.674312e+01	2.533629e+03	4.280763e+02	3.136516e+02	7.621300e+01	4.232764e+01	2.566836e+01
585	1.677179e+01	2.548975e+03	4.280013e+02	3.133475e+02	7.694387e+01	4.217953e+01	2.448810e+01
586	1.680046e+01	2.538376e+03	4.278712e+02	3.130317e+02	7.678651e+01	4.209021e+01	2.369181e+01
587	1.682913e+01	2.542442e+03	4.277259e+02	3.128004e+02	7.672591e+01	4.219093e+01	2.280581e+01
588	1.685780e+01	2.528148e+03	4.275374e+02	3.128530e+02	7.611697e+01	4.228936e+01	2.271950e+01
589	1.688647e+01	2.552558e+03	4.275189e+02	3.123116e+02	7.687753e+01	4.227526e+01	2.194080e+01
590	1.691514e+01	2.532241e+03	4.274600e+02	3.121513e+02	7.616068e+01	4.233352e+01	2.129265e+01
591	1.694381e+01	2.561587e+03	4.273491e+02	3.115866e+02	7.719496e+01	4.225035e+01	2.018395e+01
592	1.697248e+01	2.536519e+03	4.271928e+02	3.114803e+02	7.668735e+01	4.211382e+01	1.933328e+01
593	1.700115e+01	2.544959e+03	4.271096e+02	3.111623e+02	7.735294e+01	4.189036e+01	1.854962e+01
594	1.702982e+01	2.548297e+03	4.269644e+02	3.110527e+02	7.719029e+01	4.203369e+01	1.786928e+01
595	1.705849e+01	2.562490e+03	4.267232e+02	3.108014e+02	7.689949e+01	4.242764e+01	1.729013e+01
596	1.708716e+01	2.555280e+03	4.267145e+02	3.104167e+02	7.662147e+01	4.246178e+01	1.704823e+01
597	1.711583e+01	2.528023e+03	4.265821e+02	3.102572e+02	7.644731e+01	4.210454e+01	1.602963e+01
598	1.714450e+01	2.541158e+03	4.263904e+02	3.099615e+02	7.673916e+01	4.216234e+01	1.487273e+01
599	1.717317e+01	2.524390e+03	4.262969e+02	3.096523e+02	7.690958e+01	4.179132e+01	1.411951e+01
600	1.720183e+01	2.540729e+03	4.261543e+02	3.093664e+02	7.683070e+01	4.210500e+01	1.348613e+01
601	1.723050e+01	2.527199e+03	4.259091e+02	3.092913e+02	7.644400e+01	4.209264e+01	1.286690e+01
602	1.725917e+01	2.553576e+03	4.258469e+02	3.088311e+02	7.676096e+01	4.235635e+01	1.283594e+01
603	1.728784e+01	2.515405e+03	4.257954e+02	3.087398e+02	7.601227e+01	4.213416e+01	1.192270e+01
604	1.731651e+01	2.552748e+03	4.255934e+02	3.084676e+02	7.668269e+01	4.238583e+01	1.119865e+01
605	1.734518e+01	2.536034e+03	4.254439e+02	3.083389e+02	7.665005e+01	4.212625e+01	1.050645e+01
606	1.737385e+01	2.524880e+03	4.253704e+02	3.077491e+02	7.607404e+01	4.225853e+01	9.744600e+00
607	1.740252e+01	2.525268e+03	4.251328e+02	3.078780e+02	7.606268e+01	4.227133e+01	8.962833e+00
608	1.743119e+01	2.516225e+03	4.251693e+02	3.074417e+02	7.607255e+01	4.211449e+01	8.507710e+00
609	1.745986e+01	2.546166e+03	4.247769e+02	3.072733e+02	7.680829e+01	4.220741e+01	7.719988e+00
610	1.748853e+01	2.537046e+03	4.246852e+02	3.071216e+02	7.649583e+01	4.222802e+01	7.152989e+00
611	1.751720e+01	2.530668e+03	4.244669e+02	3.070334e+02	7.584769e+01	4.248180e+01	6.663424e+00
612	1.754587e+01	2.534894e+03	4.241971e+02	3.066259e+02	7.651923e+01	4.217929e+01	5.772423e+00
613	1.757454e+01	2.543253e+03	4.240805e+02	3.063985e+02	7.681139e+01	4.215742e+01	4.898555e+00
614	1.760321e+01	2.547629e+03	4.239323e+02	3.060810e+02	7.669555e+01	4.229375e+01	4.589025e+00
615	1.763188e+01	2.532502e+03	4.237382e+02	3.060398e+02	7.627812e+01	4.227269e+01	3.271565e+00
616	1.766055e+01	2.513087e+03	4.234360e+02	3.061031e+02	7.643780e+01	4.186099e+01	2.590344e+00
617	1.768922e+01	2.528254e+03	4.232410e+02	3.056920e+02	7.636357e+01	4.215456e+01	2.192393e+00
618	1.771789e+01	2.526861e+03	4.231325e+02	3.055481e+02	7.608942e+01	4.228313e+01	1.563580e+00
619	1.774656e+01	2.548138e+03	4.229144e+02	3.051188e+02	7.671594e+01	4.229095e+01	7.831177e-01
620	1.777523e+01	2.535093e+03	4.228140e+02	3.049428e+02	7.625546e+01	4.232853e+01	1.798192e+02
621	1.780390e+01	2.511735e+03	4.223549e+02	3.051298e+02	7.736388e+01	4.133765e+01	1.789207e+02
622	1.783257e+01	2.524827e+03	4.223222e+02	3.048890e+02	7.671828e+01	4.190278e+01	1.783257e+02
623	1.786124e+01	2.543794e+03	4.220928e+02	3.045510e+02	7.731346e+01	4.189256e+01	1.779198e+02
624	1.788991e+01	2.528542e+03	4.218963e+02	3.046042e+02	7.703686e+01	4.179090e+01	1.769191e+02
625	1.791858e+01	2.541928e+03	4.218344e+02	3.043974e+02	7.715076e+01	4.195010e+01	1.766367e+02
626	1.794725e+01	2.524770e+03	4.215243e+02	3.040606e+02	7.698818e+01	4.175494e+01	1.752241e+02
627	1.797592e+01	2.520447e+03	4.210732e+02	3.039921e+02	7.723927e+01	4.154795e+01	1.743641e+02
628	1.800459e+01	2.531657e+03	4.209036e+02	3.039471e+02	7.759892e+01	4.153931e+01	1.739963e+02
629	1.803326e+01	2.535187e+03	4.206118e+02	3.036305e+02	7.790410e+01	4.143428e+01	1.729817e+02
630	1.806193e+01	2.535372e+03	4.205501e+02	3.036562e+02	7.792522e+01	4.142608e+01	1.727478e+02
631	1.809060e+01	2.533448e+03	4.202037e+02	3.033402e+02	7.783662e+01	4.144175e+01	1.718712e+02
632	1.811927e+01	2.509151e+03	4.199313e+02	3.032858e+02	7.725726e+01	4.135211e+01	1.705508e+02
633	1.814794e+01	2.504526e+03	4.196567e+02	3.030824e+02	7.732941e+01	4.123737e+01	1.700344e+02
634	1.817661e+01	2.528968e+03	4.194238e+02	3.030069e+02	7.818829e+01	4.118241e+01	1.693713e+02
635	1.820528e+01	2.509528e+03	4.191707e+02	3.026335e+02	7.749237e+01	4.123283e+01	1.686957e+02
636	1.823394e+01	2.529507e+03	4.188610e+02	3.024444e+02	7.794979e+01	4.131722e+01	1.680552e+02
637	1.826261e+01	2.512396e+03	4.186512e+02	3.022056e+02	7.725871e+01	4.140481e+01	1.675586e+02
638	1.829128e+01	2.533041e+03	4.186374e+02	3.022182e+02	7.734159e+01	4.170030e+01	1.667897e+02
639	1.831995e+01	2.507036e+03	4.182791e+02	3.019239e+02	7.731143e+01	4.128830e+01	1.661780e+02
640	1.834862e+01	2.540390e+03	4.181200e+02	3.018949e+02	7.735078e+01	4.181632e+01	1.655866e+02
641	1.837729e+01	2.529790e+03	4.180150e+02	3.018810e+02	7.672436e+01	4.198182e+01	1.649603e+02
642	1.840596e+01	2.513504e+03	4.176010e+02	3.017990e+02	7.766186e+01	4.120804e+01	1.639206e+02
643	1.843463e+01	2.499848e+03	4.173082e+02	3.015221e+02	7.721239e+01	4.122272e+01	1.631817e+02
644	1.846330e+01	2.521624e+03	4.170368e+02	3.015001e+02	7.757120e+01	4.138948e+01	1.625007e+02
645	1.849197e+01	2.518927e+03	4.169020e+02	3.013451e+02	7.738646e+01	4.144391e+01	1.620372e+02
646	1.852064e+01	2.526119e+03	4.167021e+02	3.014625e+02	7.751489e+01	4.149338e+01	1.610732e+02
647	1.854931e+01	2.500991e+03	4.163315e+02	3.013828e+02	7.745796e+01	4.111082e+01	1.599223e+02
648	1.857798e+01	2.524367e+03	4.162506e+02	3.011404e+02	7.732475e+01	4.156656e+01	1.598755e+02
649	1.860665e+01	2.511697e+03	4.158385e+02	3.009544e+02	7.771389e+01	4.115085e+01	1.584965e+02
650	1.863532e+01	2.541071e+03	4.157150e+02	3.007505e+02	7.802850e+01	4.146423e+01	1.588246e+02
651	1.866399e+01	2.537047e+03	4.154710e+02	3.008777e+02	7.766109e+01	4.159443e+01	1.575380e+02
652	1.869266e+01	2.520845e+03	4.152170e+02	3.006545e+02	7.751690e+01	4.140567e+01	1.565298e+02
653	1.872133e+01	2.514571e+03	4.148227e+02	3.004223e+02	7.706144e+01	4.154673e+01	1.557962e+02
654	1.875000e+01	2.511608e+03	4.146790e+02	3.004969e+02	7.711765e+01	4.146753e+01	1.550540e+02
655	1.877867e+01	2.520212e+03	4.143584e+02	3.002809e+02	7.762810e+01	4.133598e+01	1.545735e+02
656	1.880734e+01	2.523666e+03	4.140746e+02	3.000987e+02	7.751343e+01	4.145387e+01	1.539312e+02
657	1.883601e+01	2.541466e+03	4.136881e+02	3.005452e+02	7.658402e+01	4.225288e+01	1.529604e+02
658	1.886468e+01	2.527253e+03	4.134661e+02	3.000089e+02	7.782182e+01	4.134827e+01	1.534597e+02
659	1.889335e+01	2.495377e+03	4.131850e+02	3.002014e+02	7.744001e+01	4.102805e+01	1.520748e+02
660	1.892202e+01	2.520426e+03	4.127568e+02	3.001640e+02	7.697823e+01	4.168848e+01	1.511198e+02
661	1.895069e+01	2.506609e+03	4.125929e+02	2.999055e+02	7.714771e+01	4.136887e+01	1.507291e+02
662	1.897936e+01	2.501297e+03	4.123777e+02	2.995783e+02	7.687591e+01	4.142716e+01	1.500702e+02
663	1.900803e+01	2.503057e+03	4.121250e+02	3.000119e+02	7.777873e+01	4.097510e+01	1.493354e+02
664	1.903670e+01	2.496081e+03	4.117797e+02	2.996733e+02	7.702590e+01	4.126027e+01	1.484557e+02
665	1.906537e+01	2.495051e+03	4.116289e+02	2.997792e+02	7.697621e+01	4.126986e+01	1.477562e+02
666	1.909404e+01	2.502150e+03	4.114089e+02	2.995684e+02	7.701241e+01	4.136782e+01	1.469818e+02
667	1.912271e+01	2.520023e+03	4.110280e+02	2.996100e+02	7.726939e+01	4.152477e+01	1.463807e+02
668	1.915138e+01	2.504653e+03	4.108142e+02	2.993564e+02	7.718555e+01	4.131632e+01	1.450007e+02
669	1.918005e+01	2.501112e+03	4.104101e+02	2.994723e+02	7.739167e+01	4.114803e+01	1.446572e+02
670	1.920872e+01	2.503449e+03	4.102294e+02	2.994620e+02	7.747466e+01	4.114236e+01	1.438692e+02
671	1.923739e+01	2.492340e+03	4.099175e+02	2.993376e+02	7.646244e+01	4.150201e+01	1.433699e+02
672	1.926606e+01	2.502847e+03	4.097006e+02	2.992459e+02	7.693504e+01	4.142096e+01	1.423838e+02
673	1.929472e+01	2.512271e+03	4.093354e+02	2.990864e+02	7.703147e+01	4.152489e+01	1.421838e+02
674	1.932339e+01	2.496800e+03	4.091542e+02	2.992467e+02	7.708920e+01	4.123826e+01	1.407907e+02
675	1.935206e+01	2.492843e+03	4.087998e+02	2.992236e+02	7.695931e+01	4.124240e+01	1.402288e+02
676	1.938073e+01	2.494456e+03	4.085788e+02	2.993159e+02	7.686237e+01	4.132112e+01	1.390381e+02
677	1.940940e+01	2.506708e+03	4.081731e+02	2.991890e+02	7.686697e+01	4.152160e+01	1.379685e+02
678	1.943807e+01	2.502962e+03	4.078247e+02	2.991985e+02	7.720615e+01	4.127742e+01	1.376268e+02
679	1.946674e+01	2.498374e+03	4.076465e+02	2.992867e+02	7.664884e+01	4.150133e+01	1.359873e+02
680	1.949541e+01	2.504784e+03	4.069739e+02	2.989184e+02	7.722989e+01	4.129477e+01	1.357177e+02
681	1.952408e+01	2.507695e+03	4.068679e+02	2.990979e+02	7.706125e+01	4.143323e+01	1.347105e+02
682	1.955275e+01	2.503753e+03	4.065577e+02	2.991405e+02	7.731586e+01	4.123186e+01	1.341695e+02
683	1.958142e+01	2.527902e+03	4.062424e+02	2.991875e+02	7.738113e+01	4.159443e+01	1.330182e+02
684	1.961009e+01	2.506035e+03	4.057935e+02	2.989311e+02	7.701588e+01	4.143020e+01	1.321214e+02
685	1.963876e+01	2.536009e+03	4.056022e+02	2.989456e+02	7.756459e+01	4.162914e+01	1.318804e+02
686	1.966743e+01	2.527725e+03	4.051779e+02	2.988469e+02	7.734200e+01	4.161257e+01	1.309377e+02
687	1.969610e+01	2.489679e+03	4.047596e+02	2.987852e+02	7.638895e+01	4.149760e+01	1.298179e+02
688	1.972477e+01	2.502977e+03	4.046168e+02	2.990692e+02	7.661001e+01	4.159885e+01	1.277456e+02
689	1.975344e+01	2.488207e+03	4.040388e+02	2.990093e+02	7.654082e+01	4.139077e+01	1.275674e+02
690	1.978211e+01	2.483702e+03	4.036712e+02	2.990070e+02	7.630836e+01	4.144169e+01	1.265138e+02
691	1.981078e+01	2.515171e+03	4.034115e+02	2.991777e+02	7.718580e+01	4.148969e+01	1.260936e+02
692	1.983945e+01	2.511517e+03	4.032683e+02	2.993343e+02	7.677788e+01	4.164952e+01	1.251007e+02
693	1.986812e+01	2.524493e+03	4.029319e+02	2.994635e+02	7.729379e+01	4.158529e+01	1.240201e+02
694	1.989679e+01	2.514143e+03	4.028784e+02	2.995834e+02	7.708790e+01	4.152541e+01	1.227687e+02
695	1.992546e+01	2.512385e+03	4.022279e+02	2.995010e+02	7.690913e+01	4.159282e+01	1.216515e+02
696	1.995413e+01	2.528346e+03	4.017645e+02	2.996197e+02	7.722917e+01	4.168360e+01	1.216537e+02
697	1.998280e+01	2.525056e+03	4.016464e+02	2.997100e+02	7.748429e+01	4.149229e+01	1.208631e+02
698	2.001147e+01	2.502898e+03	4.012648e+02	2.998104e+02	7.698392e+01	4.139550e+01	1.199857e+02
699	2.004014e+01	2.520170e+03	4.010428e+02	2.997621e+02	7.732504e+01	4.149729e+01	1.189072e+02
700	2.006881e+01	2.532708e+03	4.008123e+02	2.999290e+02	7.751424e+01	4.160196e+01	1.183367e+02
701	2.009748e+01	2.492623e+03	4.003031e+02	2.998299e+02	7.680259e+01	4.132291e+01	1.166284e+02
702	2.012615e+01	2.532457e+03	3.999450e+02	3.001361e+02	7.787585e+01	4.140467e+01	1.169128e+02
703	2.015482e+01	2.519162e+03	3.997285e+02	3.002337e+02	7.769721e+01	4.128200e+01	1.158198e+02
704	2.018349e+01	2.514588e+03	3.995254e+02	3.003568e+02	7.769872e+01	4.120625e+01	1.152924e+02
705	2.021216e+01	2.530595e+03	3.991450e+02	3.005250e+02	7.803802e+01	4.128826e+01	1.143209e+02
706	2.024083e+01	2.485716e+03	3.988617e+02	3.005159e+02	7.739836e+01	4.089119e+01	1.131669e+02
707	2.026950e+01	2.516483e+03	3.985701e+02	3.007490e+02	7.760535e+01	4.128692e+01	1.130993e+02
708	2.029817e+01	2.495505e+03	3.982072e+02	3.007450e+02	7.757033e+01	4.096122e+01	1.115854e+02
709	2.032683e+01	2.520761e+03	3.978943e+02	3.010560e+02	7.789266e+01	4.120455e+01	1.118525e+02
710	2.035550e+01	2.513360e+03	3.977773e+02	3.010725e+02	7.759606e+01	4.124062e+01	1.105559e+02
711	2.038417e+01	2.530043e+03	3.975432e+02	3.012112e+02	7.834300e+01	4.111855e+01	1.092371e+02
712	2.041284e+01	2.502264e+03	3.970707e+02	3.014382e+02	7.799275e+01	4.084972e+01	1.090462e+02
713	2.044151e+01	2.488454e+03	3.966165e+02	3.013641e+02	7.739093e+01	4.094017e+01	1.077042e+02
714	2.047018e+01	2.512047e+03	3.963343e+02	3.015819e+02	7.784885e+01	4.108522e+01	1.070722e+02
715	2.049885e+01	2.516806e+03	3.965406e+02	3.019239e+02	7.827028e+01	4.094143e+01	1.054599e+02
716	2.052752e+01	2.496049e+03	3.957554e+02	3.019121e+02	7.801183e+01	4.073829e+01	1.049170e+02
717	2.055619e+01	2.490940e+03	3.956135e+02	3.020455e+02	7.780656e+01	4.076216e+01	1.037976e+02
718	2.058486e+01	2.503392e+03	3.955569e+02	3.022270e+02	7.826926e+01	4.072376e+01	1.028066e+02
719	2.061353e+01	2.475328e+03	3.947746e+02	3.023687e+02	7.756511e+01	4.063278e+01	1.027121e+02
720	2.064220e+01	2.495196e+03	3.947097e+02	3.026051e+02	7.814967e+01	4.065254e+01	1.013198e+02
721	2.067087e+01	2.472848e+03	3.943416e+02	3.028764e+02	7.769344e+01	4.052501e+01	1.006961e+02
722	2.069954e+01	2.480764e+03	3.940692e+02	3.031169e+02	7.780366e+01	4.059715e+01	1.000078e+02
723	2.072821e+01	2.484265e+03	3.938551e+02	3.032186e+02	7.792281e+01	4.059228e+01	9.879765e+01
724	2.075688e+01	2.489361e+03	3.936483e+02	3.035294e+02	7.792249e+01	4.067572e+01	9.814423e+01
725	2.078555e+01	2.490824e+03	3.934972e+02	3.036729e+02	7.846062e+01	4.042048e+01	9.718452e+01
726	2.081422e+01	2.486666e+03	3.929133e+02	3.039019e+02	7.788882e+01	4.064924e+01	9.586138e+01
727	2.084289e+01	2.494541e+03	3.928584e+02	3.041608e+02	7.803741e+01	4.070033e+01	9.524973e+01
728	2.087156e+01	2.494598e+03	3.926281e+02	3.043797e+02	7.820277e+01	4.061519e+01	9.402670e+01
729	2.090023e+01	2.494285e+03	3.923016e+02	3.046259e+02	7.815264e+01	4.063614e+01	9.289105e+01
730	2.092890e+01	2.495598e+03	3.922029e+02	3.048696e+02	7.831322e+01	4.057417e+01	9.243407e+01
731	2.095757e+01	2.484146e+03	3.918679e+02	3.050962e+02	7.829556e+01	4.039709e+01	9.159476e+01
732	2.098624e+01	2.483814e+03	3.914663e+02	3.053594e+02	7.771976e+01	4.069094e+01	9.037090e+01
733	2.101491e+01	2.487315e+03	3.912501e+02	3.056320e+02	7.802377e+01	4.058952e+01	8.976939e+01
734	2.104358e+01	2.490114e+03	3.912210e+02	3.058828e+02	7.830937e+01	4.048700e+01	8.919564e+01
735	2.107225e+01	2.492385e+03	3.906344e+02	3.061194e+02	7.820120e+01	4.057998e+01	8.796236e+01
736	2.110092e+01	2.489895e+03	3.906794e+02	3.064395e+02	7.817437e+01	4.055334e+01	8.731136e+01
737	2.112959e+01	2.493061e+03	3.905161e+02	3.068021e+02	7.861375e+01	4.037798e+01	8.624975e+01
738	2.115826e+01	2.472006e+03	3.899539e+02	3.070899e+02	7.737590e+01	4.067747e+01	8.599822e+01
739	2.118693e+01	2.495048e+03	3.902168e+02	3.072372e+02	7.817181e+01	4.063861e+01	8.496239e+01
740	2.121560e+01	2.487356e+03	3.900302e+02	3.074335e+02	7.790028e+01	4.065455e+01	8.391167e+01
741	2.124427e+01	2.496297e+03	3.896618e+02	3.078420e+02	7.836880e+01	4.055675e+01	8.324415e+01
742	2.127294e+01	2.480708e+03	3.893699e+02	3.081830e+02	7.756914e+01	4.071898e+01	8.310271e+01
743	2.130161e+01	2.493542e+03	3.891781e+02	3.084950e+02	7.793662e+01	4.073664e+01	8.186210e+01
744	2.133028e+01	2.481143e+03	3.890964e+02	3.088057e+02	7.792566e+01	4.053979e+01	8.094518e+01
745	2.135894e+01	2.493836e+03	3.890623e+02	3.089490e+02	7.806191e+01	4.067605e+01	7.971447e+01
746	2.138761e+01	2.489323e+03	3.887709e+02	3.094447e+02	7.784966e+01	4.071315e+01	7.910574e+01
747	2.141628e+01	2.493831e+03	3.885933e+02	3.095814e+02	7.815703e+01	4.062646e+01	7.798512e+01
748	2.144495e+01	2.483790e+03	3.885373e+02	3.098351e+02	7.760496e+01	4.075075e+01	7.700575e+01
749	2.147362e+01	2.496944e+03	3.883400e+02	3.100965e+02	7.782162e+01	4.085250e+01	7.634187e+01
750	2.150229e+01	2.502956e+03	3.881178e+02	3.106812e+02	7.833653e+01	4.068169e+01	7.613901e+01
751	2.153096e+01	2.487307e+03	3.879181e+02	3.107238e+02	7.826453e+01	4.046454e+01	7.437566e+01
752	2.155963e+01	2.482380e+03	3.876414e+02	3.110860e+02	7.793615e+01	4.055453e+01	7.320869e+01
753	2.158830e+01	2.487418e+03	3.876930e+02	3.114404e+02	7.805715e+01	4.057384e+01	7.327014e+01
754	2.161697e+01	2.489981e+03	3.875608e+02	3.118439e+02	7.790712e+01	4.069387e+01	7.218854e+01
755	2.164564e+01	2.469387e+03	3.871389e+02	3.121691e+02	7.761583e+01	4.050875e+01	7.105351e+01
756	2.167431e+01	2.477713e+03	3.873037e+02	3.124856e+02	7.727566e+01	4.082428e+01	7.055148e+01
757	2.170298e+01	2.466436e+03	3.869646e+02	3.127370e+02	7.754827e+01	4.049560e+01	6.903735e+01
758	2.173165e+01	2.478757e+03	3.871688e+02	3.128772e+02	7.765489e+01	4.064201e+01	6.848557e+01
759	2.176032e+01	2.493977e+03	3.867965e+02	3.133192e+02	7.832552e+01	4.054145e+01	6.772438e+01
760	2.178899e+01	2.489794e+03	3.867729e+02	3.137720e+02	7.811180e+01	4.058419e+01	6.672423e+01
761	2.181766e+01	2.495906e+03	3.869004e+02	3.139365e+02	7.835427e+01	4.055791e+01	6.618246e+01
762	2.184633e+01	2.487982e+03	3.866636e+02	3.143769e+02	7.790656e+01	4.066149e+01	6.483402e+01
763	2.187500e+01	2.492842e+03	3.865928e+02	3.146841e+02	7.811431e+01	4.063257e+01	6.407695e+01
764	2.190367e+01	2.481419e+03	3.864113e+02	3.151566e+02	7.789409e+01	4.056072e+01	6.289037e+01
765	2.193234e+01	2.499459e+03	3.865093e+02	3.154547e+02	7.835396e+01	4.061582e+01	6.208673e+01
766	2.196101e+01	2.500629e+03	3.864759e+02	3.157742e+02	7.823798e+01	4.069506e+01	6.095517e+01
767	2.198968e+01	2.520067e+03	3.864449e+02	3.160816e+02	7.857262e+01	4.083673e+01	6.018935e+01
768	2.201835e+01	2.498174e+03	3.863600e+02	3.165385e+02	7.748135e+01	4.105212e+01	5.924837e+01
769	2.204702e+01	2.508752e+03	3.862613e+02	3.168981e+02	7.760946e+01	4.115791e+01	5.832515e+01
770	2.207569e+01	2.523652e+03	3.864234e+02	3.172417e+02	7.801176e+01	4.118883e+01	5.749181e+01
771	2.210436e+01	2.507747e+03	3.860834e+02	3.178804e+02	7.713046e+01	4.139692e+01	5.687650e+01
772	2.213303e+01	2.494829e+03	3.857960e+02	3.181688e+02	7.778103e+01	4.083920e+01	5.504744e+01
773	2.216170e+01	2.501973e+03	3.856867e+02	3.185495e+02	7.768173e+01	4.100850e+01	5.393713e+01
774	2.219037e+01	2.514482e+03	3.858968e+02	3.188512e+02	7.745734e+01	4.133292e+01	5.313676e+01
775	2.221904e+01	2.526711e+03	3.859693e+02	3.191992e+02	7.796200e+01	4.126509e+01	5.237821e+01
776	2.224771e+01	2.481582e+03	3.856593e+02	3.196170e+02	7.706483e+01	4.099986e+01	5.073328e+01
777	2.227638e+01	2.506844e+03	3.858203e+02	3.200588e+02	7.737222e+01	4.125270e+01	5.000035e+01
778	2.230505e+01	2.507347e+03	3.858112e+02	3.203747e+02	7.765135e+01	4.111266e+01	4.913368e+01
779	2.233372e+01	2.481140e+03	3.857579e+02	3.206261e+02	7.709300e+01	4.097759e+01	4.793000e+01
780	2.236239e+01	2.517695e+03	3.858066e+02	3.210722e+02	7.783408e+01	4.118541e+01	4.719878e+01
781	2.239106e+01	2.513350e+03	3.860451e+02	3.212769e+02	7.761790e+01	4.122886e+01	4.630102e+01
782	2.241972e+01	2.512207e+03	3.858619e+02	3.217728e+02	7.725110e+01	4.140577e+01	4.562195e+01
783	2.244839e+01	2.504686e+03	3.859130e+02	3.220278e+02	7.738046e+01	4.121281e+01	4.435314e+01
784	2.247706e+01	2.535642e+03	3.859675e+02	3.225160e+02	7.762560e+01	4.159039e+01	4.389847e+01
785	2.250573e+01	2.517739e+03	3.859187e+02	3.228657e+02	7.727231e+01	4.148555e+01	4.210525e+01
786	2.253440e+01	2.504064e+03	3.859659e+02	3.233828e+02	7.700465e+01	4.140365e+01	4.128808e+01
787	2.256307e+01	2.496623e+03	3.859748e+02	3.235100e+02	7.699152e+01	4.128765e+01	4.022405e+01
788	2.259174e+01	2.510945e+03	3.861393e+02	3.238657e+02	7.672368e+01	4.166946e+01	4.003395e+01
789	2.262041e+01	2.528943e+03	3.862478e+02	3.240966e+02	7.779525e+01	4.139006e+01	3.900257e+01
790	2.264908e+01	2.487185e+03	3.861424e+02	3.245683e+02	7.687462e+01	4.119412e+01	3.803206e+01
791	2.267775e+01	2.505856e+03	3.862715e+02	3.250175e+02	7.701231e+01	4.142915e+01	3.730434e+01
792	2.270642e+01	2.533917e+03	3.863947e+02	3.251713e+02	7.767153e+01	4.153753e+01	3.658856e+01
793	2.273509e+01	2.530236e+03	3.865346e+02	3.254305e+02	7.725477e+01	4.170094e+01	3.667719e+01
794	2.276376e+01	2.524684e+03	3.865005e+02	3.258054e+02	7.726453e+01	4.160419e+01	3.545094e+01
795	2.279243e+01	2.537510e+03	3.866884e+02	3.261536e+02	7.776769e+01	4.154499e+01	3.426730e+01
796	2.282110e+01	2.509401e+03	3.865755e+02	3.263964e+02	7.707310e+01	4.145504e+01	3.353946e+01
797	2.284977e+01	2.534901e+03	3.868419e+02	3.266466e+02	7.721912e+01	4.179712e+01	3.301458e+01
798	2.287844e+01	2.535515e+03	3.867808e+02	3.270521e+02	7.713218e+01	4.185435e+01	3.228535e+01
799	2.290711e+01	2.527485e+03	3.869039e+02	3.274431e+02	7.697601e+01	4.180646e+01	3.199467e+01
