1	2.862869e-02	2.589423e+03	3.688008e+02	3.761086e+02	7.837458e+01	4.206665e+01	1.539361e+01
2	5.725737e-02	2.585926e+03	3.692162e+02	3.769204e+02	7.810060e+01	4.215720e+01	1.364570e+01
3	8.588606e-02	2.593397e+03	3.696592e+02	3.777876e+02	7.819865e+01	4.222599e+01	1.123822e+01
4	1.145147e-01	2.571178e+03	3.701599e+02	3.784741e+02	7.828722e+01	4.181686e+01	8.370868e+00
5	1.431434e-01	2.588768e+03	3.709056e+02	3.789555e+02	7.876025e+01	4.185007e+01	5.901873e+00
6	1.717721e-01	2.586487e+03	3.711867e+02	3.797147e+02	7.872290e+01	4.183303e+01	3.854275e+00
7	2.004008e-01	2.566140e+03	3.718694e+02	3.801057e+02	7.876189e+01	4.148340e+01	1.502295e+00
8	2.290295e-01	2.572793e+03	3.725688e+02	3.809219e+02	7.836526e+01	4.180145e+01	1.788580e+02
9	2.576582e-01	2.578204e+03	3.729739e+02	3.814791e+02	7.898471e+01	4.156084e+01	1.763692e+02
10	2.862869e-01	2.566282e+03	3.735107e+02	3.820889e+02	7.991808e+01	4.088551e+01	1.747787e+02
11	3.149155e-01	2.557335e+03	3.741114e+02	3.824031e+02	7.953473e+01	4.093935e+01	1.725842e+02
12	3.435442e-01	2.530981e+03	3.748121e+02	3.828675e+02	7.947485e+01	4.054799e+01	1.702620e+02
13	3.721729e-01	2.594324e+03	3.756342e+02	3.838618e+02	7.954433e+01	4.152647e+01	1.674399e+02
14	4.008016e-01	2.584074e+03	3.766472e+02	3.839366e+02	7.909283e+01	4.159852e+01	1.643023e+02
15	4.294303e-01	2.524115e+03	3.769669e+02	3.842161e+02	7.916057e+01	4.059853e+01	1.628013e+02
16	4.580590e-01	2.529703e+03	3.779365e+02	3.846160e+02	7.910931e+01	4.071478e+01	1.606095e+02
17	4.866877e-01	2.549812e+03	3.787423e+02	3.848103e+02	7.956770e+01	4.080200e+01	1.582397e+02
18	5.153163e-01	2.579028e+03	3.796619e+02	3.851204e+02	7.960855e+01	4.124833e+01	1.555736e+02
19	5.439450e-01	2.575318e+03	3.804408e+02	3.853760e+02	7.973162e+01	4.112543e+01	1.533465e+02
20	5.725737e-01	2.561001e+03	3.813120e+02	3.857220e+02	7.969411e+01	4.091605e+01	1.507220e+02
21	6.012024e-01	2.571291e+03	3.822359e+02	3.859480e+02	7.937059e+01	4.124788e+01	1.481145e+02
22	6.298311e-01	2.622738e+03	3.825544e+02	3.859245e+02	7.928495e+01	4.211863e+01	1.449905e+02
23	6.584598e-01	2.588991e+03	3.839194e+02	3.862044e+02	7.978322e+01	4.131702e+01	1.437208e+02
24	6.870885e-01	2.589584e+03	3.847011e+02	3.859354e+02	7.912970e+01	4.166781e+01	1.414943e+02
25	7.157171e-01	2.604133e+03	3.855929e+02	3.861761e+02	7.962888e+01	4.163922e+01	1.388208e+02
26	7.443458e-01	2.588032e+03	3.866075e+02	3.861851e+02	7.954130e+01	4.142735e+01	1.365199e+02
27	7.729745e-01	2.619404e+03	3.874044e+02	3.858733e+02	7.898577e+01	4.222443e+01	1.340182e+02
28	8.016032e-01	2.594163e+03	3.879189e+02	3.857979e+02	7.919469e+01	4.170723e+01	1.321155e+02
29	8.302319e-01	2.606828e+03	3.891227e+02	3.859225e+02	7.951198e+01	4.174361e+01	1.293298e+02
30	8.588606e-01	2.608295e+03	3.900025e+02	3.856635e+02	7.870265e+01	4.219660e+01	1.267056e+02
31	8.874893e-01	2.602274e+03	3.907485e+02	3.855482e+02	7.916138e+01	4.185524e+01	1.248990e+02
32	9.161180e-01	2.603801e+03	3.917050e+02	3.854206e+02	7.900761e+01	4.196131e+01	1.218073e+02
33	9.447466e-01	2.621635e+03	3.926589e+02	3.851182e+02	7.963923e+01	4.191363e+01	1.190542e+02
34	9.733753e-01	2.615606e+03	3.933563e+02	3.847862e+02	7.961266e+01	4.183120e+01	1.166187e+02
35	1.002004e+00	2.605678e+03	3.940156e+02	3.844931e+02	7.906610e+01	4.196049e+01	1.147611e+02
36	1.030633e+00	2.599931e+03	3.949637e+02	3.841932e+02	7.902464e+01	4.188992e+01	1.121905e+02
37	1.059261e+00	2.603902e+03	3.956140e+02	3.838416e+02	7.908526e+01	4.192174e+01	1.098680e+02
38	1.087890e+00	2.625576e+03	3.966396e+02	3.833283e+02	7.933378e+01	4.213825e+01	1.068683e+02
39	1.116519e+00	2.608833e+03	3.973584e+02	3.829071e+02	7.945824e+01	4.180397e+01	1.045569e+02
40	1.145147e+00	2.588439e+03	3.979059e+02	3.824605e+02	7.917657e+01	4.162473e+01	1.022328e+02
41	1.173776e+00	2.596751e+03	3.985876e+02	3.820674e+02	7.946402e+01	4.160733e+01	1.004177e+02
42	1.202405e+00	2.595712e+03	3.992897e+02	3.815469e+02	7.932687e+01	4.166260e+01	9.794567e+01
43	1.231033e+00	2.599434e+03	3.999888e+02	3.810252e+02	7.927861e+01	4.174773e+01	9.565648e+01
44	1.259662e+00	2.586120e+03	4.006595e+02	3.805011e+02	7.911111e+01	4.162184e+01	9.303829e+01
45	1.288291e+00	2.599709e+03	4.012375e+02	3.798929e+02	7.956196e+01	4.160345e+01	9.095834e+01
46	1.316920e+00	2.592837e+03	4.017698e+02	3.792257e+02	7.926559e+01	4.164861e+01	8.859404e+01
47	1.345548e+00	2.590022e+03	4.022636e+02	3.786233e+02	7.916959e+01	4.165385e+01	8.597730e+01
48	1.374177e+00	2.602041e+03	4.028253e+02	3.779718e+02	7.936736e+01	4.174287e+01	8.378526e+01
49	1.402806e+00	2.572059e+03	4.033207e+02	3.773858e+02	7.885548e+01	4.152974e+01	8.189186e+01
50	1.431434e+00	2.586897e+03	4.037970e+02	3.766520e+02	7.866402e+01	4.187098e+01	7.927084e+01
51	1.460063e+00	2.585563e+03	4.041487e+02	3.759377e+02	7.884906e+01	4.175117e+01	7.688482e+01
52	1.488692e+00	2.603562e+03	4.047101e+02	3.750890e+02	7.896040e+01	4.198255e+01	7.441187e+01
53	1.517320e+00	2.587256e+03	4.050542e+02	3.743415e+02	7.877929e+01	4.181552e+01	7.212460e+01
54	1.545949e+00	2.569677e+03	4.052561e+02	3.735442e+02	7.773890e+01	4.208723e+01	6.944167e+01
55	1.574578e+00	2.593336e+03	4.055967e+02	3.729212e+02	7.900935e+01	4.179174e+01	6.752884e+01
56	1.603206e+00	2.620057e+03	4.060462e+02	3.718055e+02	7.871108e+01	4.238234e+01	6.458482e+01
57	1.631835e+00	2.586490e+03	4.061443e+02	3.711782e+02	7.804273e+01	4.219767e+01	6.267288e+01
58	1.660464e+00	2.601943e+03	4.063289e+02	3.703573e+02	7.830885e+01	4.230552e+01	6.003138e+01
59	1.689092e+00	2.599198e+03	4.064338e+02	3.695955e+02	7.806033e+01	4.239543e+01	5.750740e+01
60	1.717721e+00	2.587142e+03	4.065867e+02	3.687581e+02	7.769514e+01	4.239713e+01	5.512737e+01
61	1.746350e+00	2.599329e+03	4.067800e+02	3.678499e+02	7.781523e+01	4.253111e+01	5.234515e+01
62	1.774979e+00	2.605644e+03	4.067521e+02	3.669854e+02	7.767548e+01	4.271114e+01	4.985277e+01
63	1.803607e+00	2.588437e+03	4.067705e+02	3.662392e+02	7.703580e+01	4.278141e+01	4.698964e+01
64	1.832236e+00	2.602083e+03	4.067220e+02	3.653652e+02	7.739546e+01	4.280709e+01	4.476923e+01
65	1.860865e+00	2.586054e+03	4.066605e+02	3.646335e+02	7.681369e+01	4.286562e+01	4.218286e+01
66	1.889493e+00	2.604158e+03	4.065156e+02	3.637485e+02	7.714771e+01	4.297881e+01	3.971153e+01
67	1.918122e+00	2.580590e+03	4.064773e+02	3.630505e+02	7.644619e+01	4.298069e+01	3.727166e+01
68	1.946751e+00	2.587186e+03	4.062917e+02	3.622758e+02	7.664743e+01	4.297741e+01	3.516008e+01
69	1.975379e+00	2.578933e+03	4.060831e+02	3.615383e+02	7.646817e+01	4.294073e+01	3.236109e+01
70	2.004008e+00	2.586706e+03	4.058972e+02	3.607522e+02	7.674961e+01	4.291222e+01	3.030769e+01
71	2.032637e+00	2.596442e+03	4.058378e+02	3.596823e+02	7.694197e+01	4.296605e+01	2.751311e+01
72	2.061265e+00	2.589412e+03	4.054764e+02	3.591795e+02	7.627396e+01	4.322499e+01	2.504843e+01
73	2.089894e+00	2.607335e+03	4.053089e+02	3.578713e+02	7.769789e+01	4.272654e+01	2.201748e+01
74	2.118523e+00	2.608279e+03	4.047707e+02	3.573750e+02	7.708748e+01	4.308046e+01	2.003674e+01
75	2.147151e+00	2.604702e+03	4.044422e+02	3.565607e+02	7.699603e+01	4.307248e+01	1.698242e+01
76	2.175780e+00	2.590827e+03	4.040197e+02	3.559833e+02	7.675539e+01	4.297736e+01	1.504117e+01
77	2.204409e+00	2.601400e+03	4.036399e+02	3.549952e+02	7.709853e+01	4.296068e+01	1.226896e+01
78	2.233038e+00	2.600950e+03	4.030595e+02	3.544397e+02	7.739054e+01	4.279118e+01	9.421794e+00
79	2.261666e+00	2.604611e+03	4.025682e+02	3.537702e+02	7.746786e+01	4.280863e+01	6.927372e+00
80	2.290295e+00	2.606459e+03	4.021295e+02	3.531525e+02	7.763102e+01	4.274897e+01	4.941522e+00
81	2.318924e+00	2.610386e+03	4.015405e+02	3.524132e+02	7.744765e+01	4.291475e+01	2.189463e+00
82	2.347552e+00	2.627576e+03	4.009365e+02	3.516262e+02	7.846152e+01	4.263916e+01	2.016011e-01
83	2.376181e+00	2.599751e+03	4.002886e+02	3.513159e+02	7.795176e+01	4.246352e+01	1.772406e+02
84	2.404810e+00	2.614285e+03	3.997084e+02	3.505006e+02	7.809686e+01	4.262158e+01	1.753037e+02
85	2.433438e+00	2.594567e+03	3.989552e+02	3.501369e+02	7.734073e+01	4.271366e+01	1.720018e+02
86	2.462067e+00	2.585972e+03	3.983242e+02	3.496437e+02	7.777384e+01	4.233508e+01	1.701993e+02
87	2.490696e+00	2.595978e+03	3.976595e+02	3.492365e+02	7.840177e+01	4.215851e+01	1.672136e+02
88	2.519324e+00	2.622290e+03	3.970177e+02	3.485000e+02	7.820560e+01	4.269264e+01	1.652440e+02
89	2.547953e+00	2.613165e+03	3.962304e+02	3.481361e+02	7.816664e+01	4.256529e+01	1.623099e+02
90	2.576582e+00	2.589127e+03	3.954570e+02	3.480256e+02	7.852907e+01	4.197910e+01	1.598336e+02
91	2.605210e+00	2.583361e+03	3.944796e+02	3.473870e+02	7.846678e+01	4.191885e+01	1.576766e+02
92	2.633839e+00	2.562327e+03	3.937542e+02	3.472472e+02	7.857979e+01	4.151776e+01	1.552831e+02
93	2.662468e+00	2.570379e+03	3.931094e+02	3.469117e+02	7.811189e+01	4.189770e+01	1.534570e+02
94	2.691096e+00	2.579686e+03	3.923661e+02	3.465824e+02	7.819809e+01	4.200304e+01	1.505721e+02
95	2.719725e+00	2.571483e+03	3.913762e+02	3.463520e+02	7.827083e+01	4.183058e+01	1.481086e+02
96	2.748354e+00	2.569131e+03	3.907348e+02	3.462605e+02	7.812254e+01	4.187165e+01	1.458047e+02
97	2.776983e+00	2.564615e+03	3.897883e+02	3.460035e+02	7.835451e+01	4.167429e+01	1.435616e+02
98	2.805611e+00	2.564989e+03	3.890317e+02	3.460201e+02	7.841341e+01	4.164907e+01	1.411786e+02
99	2.834240e+00	2.575583e+03	3.882959e+02	3.457094e+02	7.836965e+01	4.184443e+01	1.389098e+02
100	2.862869e+00	2.565851e+03	3.874268e+02	3.456902e+02	7.806441e+01	4.184932e+01	1.366804e+02
101	2.891497e+00	2.558627e+03	3.864597e+02	3.457689e+02	7.833606e+01	4.158680e+01	1.342107e+02
102	2.920126e+00	2.561667e+03	3.854648e+02	3.456391e+02	7.809686e+01	4.176373e+01	1.318593e+02
103	2.948755e+00	2.555436e+03	3.846100e+02	3.456070e+02	7.822481e+01	4.159399e+01	1.297981e+02
104	2.977383e+00	2.554259e+03	3.838145e+02	3.457320e+02	7.793874e+01	4.172743e+01	1.273894e+02
105	3.006012e+00	2.578133e+03	3.830298e+02	3.457927e+02	7.839041e+01	4.187478e+01	1.251048e+02
106	3.034641e+00	2.547962e+03	3.821327e+02	3.460616e+02	7.801128e+01	4.158585e+01	1.226451e+02
107	3.063269e+00	2.567012e+03	3.813691e+02	3.461443e+02	7.788519e+01	4.196460e+01	1.199677e+02
108	3.091898e+00	2.556605e+03	3.801645e+02	3.462866e+02	7.798067e+01	4.174330e+01	1.176381e+02
109	3.120527e+00	2.557450e+03	3.794741e+02	3.466367e+02	7.810069e+01	4.169293e+01	1.154999e+02
110	3.149155e+00	2.545854e+03	3.784497e+02	3.468516e+02	7.741402e+01	4.187202e+01	1.130416e+02
111	3.177784e+00	2.535044e+03	3.775469e+02	3.471975e+02	7.764564e+01	4.156986e+01	1.106019e+02
112	3.206413e+00	2.549762e+03	3.766455e+02	3.475583e+02	7.844229e+01	4.138657e+01	1.076857e+02
113	3.235042e+00	2.527843e+03	3.756707e+02	3.479184e+02	7.765687e+01	4.144578e+01	1.051333e+02
114	3.263670e+00	2.553300e+03	3.750966e+02	3.483817e+02	7.845427e+01	4.143768e+01	1.025420e+02
115	3.292299e+00	2.507543e+03	3.739279e+02	3.488385e+02	7.750267e+01	4.119475e+01	1.005887e+02
116	3.320928e+00	2.500555e+03	3.732050e+02	3.493389e+02	7.740284e+01	4.113292e+01	9.777016e+01
117	3.349556e+00	2.526994e+03	3.727460e+02	3.500184e+02	7.815793e+01	4.116624e+01	9.552461e+01
118	3.378185e+00	2.525085e+03	3.721837e+02	3.505156e+02	7.828797e+01	4.106681e+01	9.251743e+01
119	3.406814e+00	2.518081e+03	3.713305e+02	3.512655e+02	7.806585e+01	4.106944e+01	9.005518e+01
120	3.435442e+00	2.499945e+03	3.704133e+02	3.519003e+02	7.731122e+01	4.117162e+01	8.781533e+01
121	3.464071e+00	2.483890e+03	3.698182e+02	3.526407e+02	7.744305e+01	4.083759e+01	8.564323e+01
122	3.492700e+00	2.504563e+03	3.694973e+02	3.534393e+02	7.725261e+01	4.127897e+01	8.318803e+01
123	3.521328e+00	2.522582e+03	3.690808e+02	3.541521e+02	7.754910e+01	4.141700e+01	8.071334e+01
124	3.549957e+00	2.510382e+03	3.684353e+02	3.548967e+02	7.748478e+01	4.125092e+01	7.861461e+01
125	3.578586e+00	2.520471e+03	3.679587e+02	3.558653e+02	7.804280e+01	4.112055e+01	7.598278e+01
126	3.607214e+00	2.528768e+03	3.676738e+02	3.565226e+02	7.827221e+01	4.113501e+01	7.337983e+01
127	3.635843e+00	2.522948e+03	3.669600e+02	3.574816e+02	7.797527e+01	4.119661e+01	7.056385e+01
128	3.664472e+00	2.538443e+03	3.667941e+02	3.583744e+02	7.801904e+01	4.142637e+01	6.809722e+01
129	3.693100e+00	2.552560e+03	3.667129e+02	3.592141e+02	7.835844e+01	4.147632e+01	6.580375e+01
130	3.721729e+00	2.552290e+03	3.665040e+02	3.600135e+02	7.808933e+01	4.161486e+01	6.280795e+01
131	3.750358e+00	2.564374e+03	3.662902e+02	3.609632e+02	7.862966e+01	4.152457e+01	6.081393e+01
132	3.778987e+00	2.548123e+03	3.660247e+02	3.618567e+02	7.788895e+01	4.165380e+01	5.801335e+01
133	3.807615e+00	2.533619e+03	3.656153e+02	3.627043e+02	7.782724e+01	4.144954e+01	5.477375e+01
134	3.836244e+00	2.552808e+03	3.658663e+02	3.636453e+02	7.802916e+01	4.165541e+01	5.314278e+01
135	3.864873e+00	2.566912e+03	3.657643e+02	3.645005e+02	7.803471e+01	4.188256e+01	5.066474e+01
136	3.893501e+00	2.546492e+03	3.656824e+02	3.654866e+02	7.756060e+01	4.180336e+01	4.750182e+01
137	3.922130e+00	2.566323e+03	3.658878e+02	3.662416e+02	7.829697e+01	4.173270e+01	4.537382e+01
138	3.950759e+00	2.560799e+03	3.658102e+02	3.674958e+02	7.743787e+01	4.210485e+01	4.240769e+01
139	3.979387e+00	2.570854e+03	3.658945e+02	3.682526e+02	7.788975e+01	4.202495e+01	3.980442e+01
140	4.008016e+00	2.567900e+03	3.658784e+02	3.693223e+02	7.778979e+01	4.203059e+01	3.676967e+01
141	4.036645e+00	2.586355e+03	3.660779e+02	3.701302e+02	7.787290e+01	4.228749e+01	3.404251e+01
142	4.065273e+00	2.565793e+03	3.664045e+02	3.710767e+02	7.769922e+01	4.204506e+01	3.171511e+01
143	4.093902e+00	2.601754e+03	3.667019e+02	3.718086e+02	7.834892e+01	4.228082e+01	2.937065e+01
144	4.122531e+00	2.588397e+03	3.669567e+02	3.728204e+02	7.815662e+01	4.216725e+01	2.665652e+01
145	4.151159e+00	2.584510e+03	3.671604e+02	3.736107e+02	7.844555e+01	4.194884e+01	2.398496e+01
146	4.179788e+00	2.582900e+03	3.676295e+02	3.744068e+02	7.828144e+01	4.201060e+01	2.159241e+01
147	4.208417e+00	2.585032e+03	3.679198e+02	3.752922e+02	7.839393e+01	4.198495e+01	1.894960e+01
148	4.237046e+00	2.577778e+03	3.683295e+02	3.763029e+02	7.793240e+01	4.211507e+01	1.642402e+01
149	4.265674e+00	2.587586e+03	3.688624e+02	3.771887e+02	7.808170e+01	4.219448e+01	1.375785e+01
150	4.294303e+00	2.596615e+03	3.694560e+02	3.776086e+02	7.813758e+01	4.231144e+01	1.204752e+01
151	4.322932e+00	2.600532e+03	3.699251e+02	3.782030e+02	7.863675e+01	4.210627e+01	9.145734e+00
152	4.351560e+00	2.589683e+03	3.704986e+02	3.791347e+02	7.914422e+01	4.166175e+01	6.302339e+00
153	4.380189e+00	2.590467e+03	3.711290e+02	3.798546e+02	7.838482e+01	4.207811e+01	3.921798e+00
154	4.408818e+00	2.578571e+03	3.716726e+02	3.802943e+02	7.876196e+01	4.168432e+01	1.866835e+00
155	4.437446e+00	2.570959e+03	3.721821e+02	3.811898e+02	7.897326e+01	4.145007e+01	1.787932e+02
156	4.466075e+00	2.582707e+03	3.728043e+02	3.817550e+02	7.871655e+01	4.177526e+01	1.766603e+02
157	4.494704e+00	2.565641e+03	3.735026e+02	3.823818e+02	7.875764e+01	4.147757e+01	1.737465e+02
158	4.523332e+00	2.592462e+03	3.743427e+02	3.828834e+02	7.936620e+01	4.158981e+01	1.716250e+02
159	4.551961e+00	2.552506e+03	3.749361e+02	3.833801e+02	7.929984e+01	4.098309e+01	1.691770e+02
160	4.580590e+00	2.565518e+03	3.756977e+02	3.837163e+02	7.902247e+01	4.133659e+01	1.670496e+02
161	4.609218e+00	2.544436e+03	3.765014e+02	3.843726e+02	7.848920e+01	4.127545e+01	1.636441e+02
162	4.637847e+00	2.527460e+03	3.769069e+02	3.843758e+02	7.939397e+01	4.053282e+01	1.624820e+02
163	4.666476e+00	2.551092e+03	3.778589e+02	3.846897e+02	7.943633e+01	4.089000e+01	1.602652e+02
164	4.695104e+00	2.545559e+03	3.786922e+02	3.850084e+02	7.979104e+01	4.061993e+01	1.579364e+02
165	4.723733e+00	2.549986e+03	3.795719e+02	3.854427e+02	7.950267e+01	4.083817e+01	1.551554e+02
166	4.752362e+00	2.576258e+03	3.804745e+02	3.855422e+02	7.997311e+01	4.101621e+01	1.527981e+02
167	4.780991e+00	2.564757e+03	3.813301e+02	3.858986e+02	7.949264e+01	4.107990e+01	1.504327e+02
168	4.809619e+00	2.565053e+03	3.822990e+02	3.863358e+02	7.937694e+01	4.114453e+01	1.476844e+02
169	4.838248e+00	2.576099e+03	3.830576e+02	3.862422e+02	7.928651e+01	4.136884e+01	1.456566e+02
170	4.866877e+00	2.562651e+03	3.839327e+02	3.864479e+02	7.938597e+01	4.110132e+01	1.427198e+02
171	4.895505e+00	2.602819e+03	3.849086e+02	3.862930e+02	7.938627e+01	4.174541e+01	1.407147e+02
172	4.924134e+00	2.574397e+03	3.856393e+02	3.864265e+02	7.930909e+01	4.132973e+01	1.379696e+02
173	4.952763e+00	2.595523e+03	3.865714e+02	3.863321e+02	7.935268e+01	4.164600e+01	1.357779e+02
174	4.981391e+00	2.594274e+03	3.874061e+02	3.863600e+02	7.953681e+01	4.152960e+01	1.336072e+02
175	5.010020e+00	2.600037e+03	3.883704e+02	3.862021e+02	7.895837e+01	4.192678e+01	1.312151e+02
176	5.038649e+00	2.619720e+03	3.892545e+02	3.860952e+02	7.931408e+01	4.205471e+01	1.282622e+02
177	5.067277e+00	2.603651e+03	3.900121e+02	3.858158e+02	7.950975e+01	4.169389e+01	1.258888e+02
178	5.095906e+00	2.608066e+03	3.909062e+02	3.857561e+02	7.936752e+01	4.183944e+01	1.235878e+02
179	5.124535e+00	2.597100e+03	3.916490e+02	3.854897e+02	7.905701e+01	4.182716e+01	1.212797e+02
180	5.153163e+00	2.600083e+03	3.926668e+02	3.852962e+02	7.926908e+01	4.176317e+01	1.182410e+02
181	5.181792e+00	2.602684e+03	3.934035e+02	3.849532e+02	7.942231e+01	4.172429e+01	1.161825e+02
182	5.210421e+00	2.578732e+03	3.941089e+02	3.846800e+02	7.917240e+01	4.147080e+01	1.136299e+02
183	5.239050e+00	2.595603e+03	3.950027e+02	3.843734e+02	7.958247e+01	4.152704e+01	1.113101e+02
184	5.267678e+00	2.604873e+03	3.957819e+02	3.839734e+02	7.978659e+01	4.156873e+01	1.085596e+02
185	5.296307e+00	2.618506e+03	3.966715e+02	3.834881e+02	7.937415e+01	4.200341e+01	1.058751e+02
186	5.324936e+00	2.611068e+03	3.973719e+02	3.830300e+02	7.930647e+01	4.191984e+01	1.036351e+02
187	5.353564e+00	2.600897e+03	3.981796e+02	3.825565e+02	7.927374e+01	4.177380e+01	1.012664e+02
188	5.382193e+00	2.603214e+03	3.988152e+02	3.819960e+02	7.925452e+01	4.182116e+01	9.855918e+01
189	5.410822e+00	2.589247e+03	3.992892e+02	3.816023e+02	7.905908e+01	4.169959e+01	9.652369e+01
190	5.439450e+00	2.588563e+03	3.999551e+02	3.810873e+02	7.933988e+01	4.154103e+01	9.428570e+01
191	5.468079e+00	2.589137e+03	4.006811e+02	3.803813e+02	7.900719e+01	4.172521e+01	9.167361e+01
192	5.496708e+00	2.603522e+03	4.013299e+02	3.798032e+02	7.935883e+01	4.177113e+01	8.945457e+01
193	5.525336e+00	2.570294e+03	4.017605e+02	3.791887e+02	7.898064e+01	4.143547e+01	8.718661e+01
194	5.553965e+00	2.600742e+03	4.022605e+02	3.784924e+02	7.940529e+01	4.170210e+01	8.472040e+01
195	5.582594e+00	2.579209e+03	4.029594e+02	3.777813e+02	7.927984e+01	4.142227e+01	8.237045e+01
196	5.611222e+00	2.585307e+03	4.034070e+02	3.771333e+02	7.888686e+01	4.172704e+01	8.012560e+01
197	5.639851e+00	2.593754e+03	4.038418e+02	3.763847e+02	7.864381e+01	4.199276e+01	7.747035e+01
198	5.668480e+00	2.608436e+03	4.042909e+02	3.755976e+02	7.920723e+01	4.193006e+01	7.513406e+01
199	5.697109e+00	2.598087e+03	4.047121e+02	3.748026e+02	7.890464e+01	4.192386e+01	7.253037e+01
200	5.725737e+00	2.590733e+03	4.049996e+02	3.740984e+02	7.867737e+01	4.192596e+01	7.000542e+01
201	5.754366e+00	2.586862e+03	4.051024e+02	3.733804e+02	7.839557e+01	4.201380e+01	6.804030e+01
202	5.782995e+00	2.591061e+03	4.055442e+02	3.724432e+02	7.779108e+01	4.240900e+01	6.531213e+01
203	5.811623e+00	2.600585e+03	4.058775e+02	3.716131e+02	7.836246e+01	4.225452e+01	6.238920e+01
204	5.840252e+00	2.592002e+03	4.061248e+02	3.706839e+02	7.811605e+01	4.224791e+01	6.017196e+01
205	5.868881e+00	2.605203e+03	4.063145e+02	3.699569e+02	7.807211e+01	4.248697e+01	5.773635e+01
206	5.897509e+00	2.604075e+03	4.064843e+02	3.689628e+02	7.811479e+01	4.244538e+01	5.480846e+01
207	5.926138e+00	2.608406e+03	4.065306e+02	3.681542e+02	7.783421e+01	4.266923e+01	5.260763e+01
208	5.954767e+00	2.602135e+03	4.066287e+02	3.673746e+02	7.758852e+01	4.270144e+01	5.019601e+01
209	5.983395e+00	2.596976e+03	4.064400e+02	3.664741e+02	7.717007e+01	4.284787e+01	4.722766e+01
210	6.012024e+00	2.587900e+03	4.063217e+02	3.657509e+02	7.690651e+01	4.284444e+01	4.443563e+01
211	6.040653e+00	2.598622e+03	4.063636e+02	3.648244e+02	7.711999e+01	4.290286e+01	4.187082e+01
212	6.069281e+00	2.596057e+03	4.063499e+02	3.639218e+02	7.714907e+01	4.284436e+01	3.935599e+01
213	6.097910e+00	2.597679e+03	4.062134e+02	3.631108e+02	7.724290e+01	4.281905e+01	3.672159e+01
214	6.126539e+00	2.588050e+03	4.060467e+02	3.624484e+02	7.650941e+01	4.306931e+01	3.438365e+01
215	6.155167e+00	2.588759e+03	4.059304e+02	3.614574e+02	7.674931e+01	4.294645e+01	3.212355e+01
216	6.183796e+00	2.584326e+03	4.056521e+02	3.608043e+02	7.660603e+01	4.295310e+01	2.960133e+01
217	6.212425e+00	2.593673e+03	4.053522e+02	3.600188e+02	7.670546e+01	4.305256e+01	2.683822e+01
218	6.241054e+00	2.586841e+03	4.051322e+02	3.591840e+02	7.642923e+01	4.309435e+01	2.485500e+01
219	6.269682e+00	2.602854e+03	4.048681e+02	3.582306e+02	7.687759e+01	4.310822e+01	2.143467e+01
220	6.298311e+00	2.622078e+03	4.045859e+02	3.573437e+02	7.752157e+01	4.306587e+01	1.972451e+01
221	6.326940e+00	2.603554e+03	4.042240e+02	3.565725e+02	7.683605e+01	4.314314e+01	1.663973e+01
222	6.355568e+00	2.601178e+03	4.038007e+02	3.559396e+02	7.716906e+01	4.291776e+01	1.426722e+01
223	6.384197e+00	2.607055e+03	4.032990e+02	3.550745e+02	7.718690e+01	4.300478e+01	1.150745e+01
224	6.412826e+00	2.577955e+03	4.027026e+02	3.546113e+02	7.669564e+01	4.279714e+01	8.605031e+00
225	6.441454e+00	2.599709e+03	4.022560e+02	3.536173e+02	7.722364e+01	4.286320e+01	5.861771e+00
226	6.470083e+00	2.614353e+03	4.017726e+02	3.529786e+02	7.778088e+01	4.279583e+01	3.686261e+00
227	6.498712e+00	2.632217e+03	4.011518e+02	3.520925e+02	7.815587e+01	4.288153e+01	1.471121e+00
228	6.527340e+00	2.595208e+03	4.003384e+02	3.519399e+02	7.782221e+01	4.245988e+01	1.783184e+02
229	6.555969e+00	2.613339e+03	3.998716e+02	3.512514e+02	7.805618e+01	4.262835e+01	1.759507e+02
230	6.584598e+00	2.604488e+03	3.992596e+02	3.507767e+02	7.811298e+01	4.245309e+01	1.735677e+02
231	6.613226e+00	2.598505e+03	3.985490e+02	3.501776e+02	7.791336e+01	4.246409e+01	1.710735e+02
232	6.641855e+00	2.586647e+03	3.977965e+02	3.497385e+02	7.792210e+01	4.226556e+01	1.683865e+02
233	6.670484e+00	2.601571e+03	3.970630e+02	3.490463e+02	7.823247e+01	4.234077e+01	1.663294e+02
234	6.699113e+00	2.591248e+03	3.962325e+02	3.488307e+02	7.812529e+01	4.223063e+01	1.627246e+02
235	6.727741e+00	2.593519e+03	3.956274e+02	3.483336e+02	7.829002e+01	4.217869e+01	1.614116e+02
236	6.756370e+00	2.581573e+03	3.948758e+02	3.480483e+02	7.811337e+01	4.207937e+01	1.588975e+02
237	6.784999e+00	2.570319e+03	3.939326e+02	3.478177e+02	7.862579e+01	4.162289e+01	1.560036e+02
238	6.813627e+00	2.587369e+03	3.930030e+02	3.471225e+02	7.831356e+01	4.206603e+01	1.539431e+02
239	6.842256e+00	2.567622e+03	3.922141e+02	3.469525e+02	7.809160e+01	4.186363e+01	1.513815e+02
240	6.870885e+00	2.585085e+03	3.914712e+02	3.467005e+02	7.855844e+01	4.189788e+01	1.490607e+02
241	6.899513e+00	2.574576e+03	3.907361e+02	3.465579e+02	7.808175e+01	4.198230e+01	1.465338e+02
242	6.928142e+00	2.576300e+03	3.898351e+02	3.463325e+02	7.869009e+01	4.168564e+01	1.440645e+02
243	6.956771e+00	2.573318e+03	3.889457e+02	3.461347e+02	7.819141e+01	4.190294e+01	1.422424e+02
244	6.985399e+00	2.573088e+03	3.881239e+02	3.460598e+02	7.834633e+01	4.181635e+01	1.398476e+02
245	7.014028e+00	2.561013e+03	3.872570e+02	3.462137e+02	7.865182e+01	4.145845e+01	1.372643e+02
246	7.042657e+00	2.548272e+03	3.863178e+02	3.461135e+02	7.793042e+01	4.163406e+01	1.348442e+02
247	7.071285e+00	2.564018e+03	3.853653e+02	3.458815e+02	7.774471e+01	4.199139e+01	1.318922e+02
248	7.099914e+00	2.552880e+03	3.845913e+02	3.460120e+02	7.766656e+01	4.185106e+01	1.301644e+02
249	7.128543e+00	2.559497e+03	3.835984e+02	3.460720e+02	7.834617e+01	4.159557e+01	1.277562e+02
250	7.157171e+00	2.544527e+03	3.827910e+02	3.462191e+02	7.765477e+01	4.172045e+01	1.253571e+02
251	7.185800e+00	2.558399e+03	3.819847e+02	3.465520e+02	7.794301e+01	4.179279e+01	1.227221e+02
252	7.214429e+00	2.608706e+03	3.802812e+02	3.463709e+02	7.934184e+01	4.186325e+01	1.190509e+02
253	7.243058e+00	2.556896e+03	3.799025e+02	3.466601e+02	7.796817e+01	4.175474e+01	1.186096e+02
254	7.271686e+00	2.544415e+03	3.790062e+02	3.468348e+02	7.743961e+01	4.183453e+01	1.154350e+02
255	7.300315e+00	2.571729e+03	3.783975e+02	3.473375e+02	7.829392e+01	4.182224e+01	1.128365e+02
256	7.328944e+00	2.545423e+03	3.773415e+02	3.474763e+02	7.821471e+01	4.143636e+01	1.101771e+02
257	7.357572e+00	2.526682e+03	3.762248e+02	3.478343e+02	7.768860e+01	4.140984e+01	1.079025e+02
258	7.386201e+00	2.546612e+03	3.756686e+02	3.483636e+02	7.831367e+01	4.140334e+01	1.055322e+02
259	7.414830e+00	2.551425e+03	3.747631e+02	3.487419e+02	7.819686e+01	4.154355e+01	1.025188e+02
260	7.443458e+00	2.514663e+03	3.738898e+02	3.490576e+02	7.817597e+01	4.095591e+01	9.945998e+01
261	7.472087e+00	2.517517e+03	3.731041e+02	3.498224e+02	7.793559e+01	4.112886e+01	9.820904e+01
262	7.500716e+00	2.488875e+03	3.720160e+02	3.503377e+02	7.685181e+01	4.123435e+01	9.599625e+01
263	7.529344e+00	2.495126e+03	3.717975e+02	3.508765e+02	7.722542e+01	4.113792e+01	9.227860e+01
264	7.557973e+00	2.503055e+03	3.710565e+02	3.515973e+02	7.784116e+01	4.094221e+01	9.025468e+01
265	7.586602e+00	2.502771e+03	3.701600e+02	3.523781e+02	7.775700e+01	4.098187e+01	8.715833e+01
266	7.615230e+00	2.501376e+03	3.695214e+02	3.530955e+02	7.736395e+01	4.116711e+01	8.515334e+01
267	7.643859e+00	2.500594e+03	3.689211e+02	3.538652e+02	7.712373e+01	4.128243e+01	8.258384e+01
268	7.672488e+00	2.505385e+03	3.682815e+02	3.546078e+02	7.688203e+01	4.149156e+01	7.984011e+01
269	7.701117e+00	2.513897e+03	3.680746e+02	3.555307e+02	7.748760e+01	4.130716e+01	7.798228e+01
270	7.729745e+00	2.513707e+03	3.674499e+02	3.562794e+02	7.775322e+01	4.116294e+01	7.481936e+01
271	7.758374e+00	2.516789e+03	3.671656e+02	3.571683e+02	7.800316e+01	4.108136e+01	7.255128e+01
272	7.787003e+00	2.536733e+03	3.668701e+02	3.580251e+02	7.807228e+01	4.137023e+01	6.994215e+01
273	7.815631e+00	2.532361e+03	3.666023e+02	3.587190e+02	7.827451e+01	4.119224e+01	6.761010e+01
274	7.844260e+00	2.536824e+03	3.664530e+02	3.596447e+02	7.818166e+01	4.131384e+01	6.541746e+01
275	7.872889e+00	2.539407e+03	3.660283e+02	3.604683e+02	7.823814e+01	4.132606e+01	6.243529e+01
276	7.901517e+00	2.524657e+03	3.655950e+02	3.614481e+02	7.752484e+01	4.146404e+01	5.977241e+01
277	7.930146e+00	2.530502e+03	3.655472e+02	3.624711e+02	7.751903e+01	4.156316e+01	5.746901e+01
278	7.958775e+00	2.537262e+03	3.655384e+02	3.631634e+02	7.776473e+01	4.154251e+01	5.495534e+01
279	7.987403e+00	2.533366e+03	3.653275e+02	3.643258e+02	7.750351e+01	4.161852e+01	5.265001e+01
280	8.016032e+00	2.545587e+03	3.653502e+02	3.652286e+02	7.705965e+01	4.206017e+01	4.966669e+01
281	8.044661e+00	2.559822e+03	3.655121e+02	3.658965e+02	7.781492e+01	4.188486e+01	4.720060e+01
282	8.073289e+00	2.568893e+03	3.655027e+02	3.669492e+02	7.816811e+01	4.184336e+01	4.489548e+01
283	8.101918e+00	2.540964e+03	3.656648e+02	3.678554e+02	7.697681e+01	4.202897e+01	4.166288e+01
284	8.130547e+00	2.565937e+03	3.658194e+02	3.689011e+02	7.793856e+01	4.191831e+01	3.944032e+01
285	8.159175e+00	2.578593e+03	3.658982e+02	3.697411e+02	7.808192e+01	4.204773e+01	3.654662e+01
286	8.187804e+00	2.576821e+03	3.660790e+02	3.707463e+02	7.793846e+01	4.209616e+01	3.442129e+01
287	8.216433e+00	2.586070e+03	3.662247e+02	3.715703e+02	7.817382e+01	4.212006e+01	3.160378e+01
288	8.245062e+00	2.600916e+03	3.666594e+02	3.723688e+02	7.879858e+01	4.202601e+01	2.915969e+01
289	8.273690e+00	2.584431e+03	3.669246e+02	3.732919e+02	7.792948e+01	4.222536e+01	2.641222e+01
290	8.302319e+00	2.587118e+03	3.671920e+02	3.741983e+02	7.849081e+01	4.196697e+01	2.368342e+01
291	8.330948e+00	2.582089e+03	3.675364e+02	3.750414e+02	7.806532e+01	4.211369e+01	2.117588e+01
292	8.359576e+00	2.599300e+03	3.679311e+02	3.759076e+02	7.815280e+01	4.234693e+01	1.859490e+01
293	8.388205e+00	2.571805e+03	3.683062e+02	3.767565e+02	7.764421e+01	4.217344e+01	1.604742e+01
294	8.416834e+00	2.589000e+03	3.688527e+02	3.775324e+02	7.783035e+01	4.235388e+01	1.358186e+01
295	8.445462e+00	2.597531e+03	3.693274e+02	3.784046e+02	7.829366e+01	4.224199e+01	1.110561e+01
296	8.474091e+00	2.582534e+03	3.697771e+02	3.791052e+02	7.816920e+01	4.206496e+01	8.582861e+00
297	8.502720e+00	2.585566e+03	3.702930e+02	3.798626e+02	7.867861e+01	4.184168e+01	5.949343e+00
298	8.531348e+00	2.586842e+03	3.710254e+02	3.803992e+02	7.858762e+01	4.191080e+01	3.527323e+00
299	8.559977e+00	2.579894e+03	3.716876e+02	3.810880e+02	7.820863e+01	4.200078e+01	9.011716e-01
300	8.588606e+00	2.571611e+03	3.722994e+02	3.816657e+02	7.906349e+01	4.141325e+01	1.782898e+02
301	8.617234e+00	2.573406e+03	3.729358e+02	3.823093e+02	7.898727e+01	4.148215e+01	1.759926e+02
302	8.645863e+00	2.548472e+03	3.734995e+02	3.830312e+02	7.935020e+01	4.089234e+01	1.734323e+02
303	8.674492e+00	2.548044e+03	3.741004e+02	3.833290e+02	7.958894e+01	4.076283e+01	1.711878e+02
304	8.703121e+00	2.547911e+03	3.750021e+02	3.838773e+02	7.909138e+01	4.101712e+01	1.681752e+02
305	8.731749e+00	2.529702e+03	3.755872e+02	3.843943e+02	7.896787e+01	4.078768e+01	1.661718e+02
306	8.760378e+00	2.559625e+03	3.764530e+02	3.846779e+02	7.956763e+01	4.095907e+01	1.638312e+02
307	8.789007e+00	2.573105e+03	3.775045e+02	3.851298e+02	7.921976e+01	4.135558e+01	1.610817e+02
308	8.817635e+00	2.550241e+03	3.779839e+02	3.853800e+02	7.940170e+01	4.089419e+01	1.586564e+02
309	8.846264e+00	2.564959e+03	3.789734e+02	3.856495e+02	7.959083e+01	4.103245e+01	1.563204e+02
310	8.874893e+00	2.584015e+03	3.798150e+02	3.859370e+02	7.964545e+01	4.130895e+01	1.540412e+02
311	8.903521e+00	2.546479e+03	3.806660e+02	3.863982e+02	7.916325e+01	4.095686e+01	1.516219e+02
312	8.932150e+00	2.562276e+03	3.817005e+02	3.865534e+02	7.903664e+01	4.127694e+01	1.487296e+02
313	8.960779e+00	2.606584e+03	3.825650e+02	3.867396e+02	7.972127e+01	4.163012e+01	1.462983e+02
314	8.989407e+00	2.565851e+03	3.835151e+02	3.867351e+02	7.923896e+01	4.122899e+01	1.437045e+02
315	9.018036e+00	2.582548e+03	3.843030e+02	3.868488e+02	7.933038e+01	4.144947e+01	1.415899e+02
316	9.046665e+00	2.577831e+03	3.851154e+02	3.868333e+02	7.957571e+01	4.124620e+01	1.390740e+02
317	9.075293e+00	2.566379e+03	3.860453e+02	3.868633e+02	7.919565e+01	4.126003e+01	1.361736e+02
318	9.103922e+00	2.599251e+03	3.870560e+02	3.867874e+02	7.920385e+01	4.178419e+01	1.338800e+02
319	9.132551e+00	2.607966e+03	3.879403e+02	3.866057e+02	7.909342e+01	4.198283e+01	1.312783e+02
320	9.161180e+00	2.616238e+03	3.888261e+02	3.864883e+02	7.890907e+01	4.221438e+01	1.292260e+02
321	9.189808e+00	2.656923e+03	3.892946e+02	3.864101e+02	7.928384e+01	4.266821e+01	1.251604e+02
322	9.218437e+00	2.601992e+03	3.904860e+02	3.862344e+02	7.884175e+01	4.202036e+01	1.238564e+02
323	9.247066e+00	2.605118e+03	3.914188e+02	3.860603e+02	7.896578e+01	4.200477e+01	1.215919e+02
324	9.275694e+00	2.602440e+03	3.922738e+02	3.858009e+02	7.899538e+01	4.194586e+01	1.191692e+02
325	9.304323e+00	2.623552e+03	3.932175e+02	3.855929e+02	8.003469e+01	4.173703e+01	1.162455e+02
326	9.332952e+00	2.605538e+03	3.940248e+02	3.852267e+02	7.912091e+01	4.192916e+01	1.139729e+02
327	9.361580e+00	2.592015e+03	3.945865e+02	3.848745e+02	7.942135e+01	4.155377e+01	1.117150e+02
328	9.390209e+00	2.594832e+03	3.952498e+02	3.845268e+02	7.939943e+01	4.161041e+01	1.093939e+02
329	9.418838e+00	2.615189e+03	3.961590e+02	3.839577e+02	7.927900e+01	4.200055e+01	1.065750e+02
330	9.447466e+00	2.605724e+03	3.970121e+02	3.835605e+02	7.938214e+01	4.179418e+01	1.043893e+02
331	9.476095e+00	2.611897e+03	3.977694e+02	3.831345e+02	7.945366e+01	4.185548e+01	1.017768e+02
332	9.504724e+00	2.584673e+03	3.984038e+02	3.826502e+02	7.890374e+01	4.170789e+01	9.972493e+01
333	9.533352e+00	2.580580e+03	3.988869e+02	3.821883e+02	7.893704e+01	4.162427e+01	9.731551e+01
334	9.561981e+00	2.602450e+03	3.997121e+02	3.815398e+02	7.926680e+01	4.180240e+01	9.476838e+01
335	9.590610e+00	2.597258e+03	4.004062e+02	3.810573e+02	7.932079e+01	4.169061e+01	9.246021e+01
336	9.619238e+00	2.606875e+03	4.010544e+02	3.803375e+02	7.929329e+01	4.185949e+01	8.974104e+01
337	9.647867e+00	2.576739e+03	4.016390e+02	3.798714e+02	7.886502e+01	4.160027e+01	8.778158e+01
338	9.676496e+00	2.591387e+03	4.020872e+02	3.791418e+02	7.920316e+01	4.165814e+01	8.541098e+01
339	9.705125e+00	2.576108e+03	4.025515e+02	3.785569e+02	7.889265e+01	4.157551e+01	8.313630e+01
340	9.733753e+00	2.587084e+03	4.031725e+02	3.777911e+02	7.901239e+01	4.168938e+01	8.074976e+01
341	9.762382e+00	2.587273e+03	4.036150e+02	3.770651e+02	7.884199e+01	4.178254e+01	7.812730e+01
342	9.791011e+00	2.584031e+03	4.040266e+02	3.763669e+02	7.907126e+01	4.160918e+01	7.566750e+01
343	9.819639e+00	2.596785e+03	4.045110e+02	3.755016e+02	7.872350e+01	4.199928e+01	7.326532e+01
344	9.848268e+00	2.593474e+03	4.049996e+02	3.746567e+02	7.884885e+01	4.187903e+01	7.027479e+01
345	9.876897e+00	2.593232e+03	4.052944e+02	3.738287e+02	7.828284e+01	4.217790e+01	6.814076e+01
346	9.905525e+00	2.611101e+03	4.054595e+02	3.729571e+02	7.852516e+01	4.233747e+01	6.526788e+01
347	9.934154e+00	2.599965e+03	4.058606e+02	3.721502e+02	7.855800e+01	4.213929e+01	6.303712e+01
348	9.962783e+00	2.600640e+03	4.059515e+02	3.713603e+02	7.805584e+01	4.242139e+01	6.043252e+01
349	9.991411e+00	2.570656e+03	4.059315e+02	3.706244e+02	7.713416e+01	4.243334e+01	5.798608e+01
350	1.002004e+01	2.575671e+03	4.060648e+02	3.696911e+02	7.716032e+01	4.250171e+01	5.521199e+01
351	1.004867e+01	2.598674e+03	4.062876e+02	3.688519e+02	7.740937e+01	4.274332e+01	5.248322e+01
352	1.007730e+01	2.607245e+03	4.065858e+02	3.679539e+02	7.776431e+01	4.268858e+01	4.973680e+01
353	1.010593e+01	2.605074e+03	4.065847e+02	3.669583e+02	7.727455e+01	4.292337e+01	4.692515e+01
354	1.013455e+01	2.608816e+03	4.064587e+02	3.661309e+02	7.736020e+01	4.293743e+01	4.406028e+01
355	1.016318e+01	2.571024e+03	4.062908e+02	3.655686e+02	7.634434e+01	4.287848e+01	4.224504e+01
356	1.019181e+01	2.583962e+03	4.063290e+02	3.645469e+02	7.685175e+01	4.280973e+01	3.944789e+01
357	1.022044e+01	2.590705e+03	4.060545e+02	3.638305e+02	7.680367e+01	4.294832e+01	3.670290e+01
358	1.024907e+01	2.573292e+03	4.058915e+02	3.630152e+02	7.629864e+01	4.294201e+01	3.451520e+01
359	1.027770e+01	2.581579e+03	4.057091e+02	3.621928e+02	7.658594e+01	4.291870e+01	3.133265e+01
360	1.030633e+01	2.588240e+03	4.056211e+02	3.611812e+02	7.695027e+01	4.282571e+01	2.922814e+01
361	1.033496e+01	2.589752e+03	4.054002e+02	3.604873e+02	7.661675e+01	4.303725e+01	2.692575e+01
362	1.036358e+01	2.585347e+03	4.050662e+02	3.596077e+02	7.659876e+01	4.297414e+01	2.428316e+01
363	1.039221e+01	2.604505e+03	4.047931e+02	3.587310e+02	7.698071e+01	4.307779e+01	2.139459e+01
364	1.042084e+01	2.588053e+03	4.043613e+02	3.581411e+02	7.660178e+01	4.301743e+01	1.870529e+01
365	1.044947e+01	2.596538e+03	4.040255e+02	3.569679e+02	7.725180e+01	4.279531e+01	1.555833e+01
366	1.047810e+01	2.601937e+03	4.035619e+02	3.564421e+02	7.715842e+01	4.293619e+01	1.348436e+01
367	1.050673e+01	2.597574e+03	4.030128e+02	3.555565e+02	7.730431e+01	4.278330e+01	1.039312e+01
368	1.053536e+01	2.591330e+03	4.024419e+02	3.547913e+02	7.747464e+01	4.258664e+01	7.323347e+00
369	1.056399e+01	2.617004e+03	4.020951e+02	3.541040e+02	7.795387e+01	4.274416e+01	5.556637e+00
370	1.059261e+01	2.606272e+03	4.014579e+02	3.535130e+02	7.727486e+01	4.294292e+01	2.694664e+00
371	1.062124e+01	2.605486e+03	4.006179e+02	3.529152e+02	7.789992e+01	4.258551e+01	1.799495e+02
372	1.064987e+01	2.613691e+03	4.002737e+02	3.522256e+02	7.774209e+01	4.280634e+01	1.776916e+02
373	1.067850e+01	2.592292e+03	3.994757e+02	3.515772e+02	7.769978e+01	4.247900e+01	1.749996e+02
374	1.070713e+01	2.610921e+03	3.988098e+02	3.510990e+02	7.840999e+01	4.239674e+01	1.724763e+02
375	1.073576e+01	2.596734e+03	3.982053e+02	3.505646e+02	7.840691e+01	4.216801e+01	1.704577e+02
376	1.076439e+01	2.594449e+03	3.975179e+02	3.499994e+02	7.831491e+01	4.218041e+01	1.677861e+02
377	1.079301e+01	2.611880e+03	3.967166e+02	3.495056e+02	7.826192e+01	4.249256e+01	1.651732e+02
378	1.082164e+01	2.590586e+03	3.960408e+02	3.494588e+02	7.801430e+01	4.227990e+01	1.619095e+02
379	1.085027e+01	2.570466e+03	3.951395e+02	3.488309e+02	7.807179e+01	4.192063e+01	1.599463e+02
380	1.087890e+01	2.597586e+03	3.944065e+02	3.484909e+02	7.860818e+01	4.207385e+01	1.577561e+02
381	1.090753e+01	2.580054e+03	3.934128e+02	3.481541e+02	7.869115e+01	4.174582e+01	1.547721e+02
382	1.093616e+01	2.587446e+03	3.928204e+02	3.477281e+02	7.854002e+01	4.194599e+01	1.533279e+02
383	1.096479e+01	2.562990e+03	3.918787e+02	3.475451e+02	7.806928e+01	4.180006e+01	1.502526e+02
384	1.099342e+01	2.566865e+03	3.910263e+02	3.472692e+02	7.814231e+01	4.182412e+01	1.478392e+02
385	1.102204e+01	2.576581e+03	3.902734e+02	3.471150e+02	7.826228e+01	4.191808e+01	1.453445e+02
386	1.105067e+01	2.587700e+03	3.893784e+02	3.469198e+02	7.869038e+01	4.186995e+01	1.432241e+02
387	1.107930e+01	2.579630e+03	3.885099e+02	3.468474e+02	7.850756e+01	4.183657e+01	1.410469e+02
388	1.110793e+01	2.558593e+03	3.874899e+02	3.466532e+02	7.848442e+01	4.150763e+01	1.380723e+02
389	1.113656e+01	2.556708e+03	3.866683e+02	3.465822e+02	7.816837e+01	4.164474e+01	1.358655e+02
390	1.116519e+01	2.562535e+03	3.858098e+02	3.467101e+02	7.765316e+01	4.201659e+01	1.330744e+02
391	1.119382e+01	2.557767e+03	3.850015e+02	3.466251e+02	7.793892e+01	4.178464e+01	1.308020e+02
392	1.122244e+01	2.546773e+03	3.840478e+02	3.465777e+02	7.792498e+01	4.161249e+01	1.288001e+02
393	1.125107e+01	2.544790e+03	3.830940e+02	3.468446e+02	7.815903e+01	4.145558e+01	1.258331e+02
394	1.127970e+01	2.547381e+03	3.823499e+02	3.470344e+02	7.790182e+01	4.163479e+01	1.235668e+02
395	1.130833e+01	2.555188e+03	3.811533e+02	3.468895e+02	7.808971e+01	4.166192e+01	1.215722e+02
396	1.133696e+01	2.561047e+03	3.803642e+02	3.471332e+02	7.747719e+01	4.208756e+01	1.182183e+02
397	1.136559e+01	2.564257e+03	3.797127e+02	3.475442e+02	7.808654e+01	4.181147e+01	1.160970e+02
398	1.139422e+01	2.550492e+03	3.786029e+02	3.476829e+02	7.796375e+01	4.165253e+01	1.138437e+02
399	1.142285e+01	2.549608e+03	3.778114e+02	3.480894e+02	7.772977e+01	4.176343e+01	1.111339e+02
400	1.145147e+01	2.537278e+03	3.769969e+02	3.485321e+02	7.823542e+01	4.129284e+01	1.091933e+02
401	1.148010e+01	2.546804e+03	3.758622e+02	3.485782e+02	7.805133e+01	4.154562e+01	1.058638e+02
402	1.150873e+01	2.534229e+03	3.749181e+02	3.490125e+02	7.813757e+01	4.129487e+01	1.034483e+02
403	1.153736e+01	2.537355e+03	3.744420e+02	3.495736e+02	7.836748e+01	4.122451e+01	1.008767e+02
404	1.156599e+01	2.491447e+03	3.730120e+02	3.499339e+02	7.691339e+01	4.124391e+01	9.807739e+01
405	1.159462e+01	2.526317e+03	3.727344e+02	3.505499e+02	7.842076e+01	4.101728e+01	9.624126e+01
406	1.162325e+01	2.511754e+03	3.719434e+02	3.512292e+02	7.768327e+01	4.116800e+01	9.334441e+01
407	1.165188e+01	2.515395e+03	3.713154e+02	3.518226e+02	7.785014e+01	4.113930e+01	9.101662e+01
408	1.168050e+01	2.500421e+03	3.703765e+02	3.525387e+02	7.797456e+01	4.082915e+01	8.834403e+01
409	1.170913e+01	2.476359e+03	3.695960e+02	3.532701e+02	7.672474e+01	4.109493e+01	8.608019e+01
410	1.173776e+01	2.526096e+03	3.694367e+02	3.539749e+02	7.760981e+01	4.144225e+01	8.348670e+01
411	1.176639e+01	2.524177e+03	3.688226e+02	3.548662e+02	7.781165e+01	4.130335e+01	8.116055e+01
412	1.179502e+01	2.523497e+03	3.680414e+02	3.556815e+02	7.762614e+01	4.139090e+01	7.808618e+01
413	1.182365e+01	2.496957e+03	3.674300e+02	3.565964e+02	7.731795e+01	4.111885e+01	7.614011e+01
414	1.185228e+01	2.509576e+03	3.671683e+02	3.573611e+02	7.773650e+01	4.110414e+01	7.346966e+01
415	1.188090e+01	2.526979e+03	3.670521e+02	3.581728e+02	7.813151e+01	4.117993e+01	7.106617e+01
416	1.190953e+01	2.527416e+03	3.666573e+02	3.590234e+02	7.792633e+01	4.129550e+01	6.868317e+01
417	1.193816e+01	2.542876e+03	3.664836e+02	3.599831e+02	7.831447e+01	4.134217e+01	6.689294e+01
418	1.196679e+01	2.550670e+03	3.662707e+02	3.607319e+02	7.839536e+01	4.142611e+01	6.357938e+01
419	1.199542e+01	2.544234e+03	3.659787e+02	3.617625e+02	7.815105e+01	4.145076e+01	6.080449e+01
420	1.202405e+01	2.534817e+03	3.657530e+02	3.625271e+02	7.771830e+01	4.152728e+01	5.824064e+01
421	1.205268e+01	2.542706e+03	3.655071e+02	3.635420e+02	7.767177e+01	4.168147e+01	5.584199e+01
422	1.208131e+01	2.561400e+03	3.654939e+02	3.644441e+02	7.856905e+01	4.150841e+01	5.303554e+01
423	1.210993e+01	2.570672e+03	3.654961e+02	3.654561e+02	7.805556e+01	4.193271e+01	5.067105e+01
424	1.213856e+01	2.555492e+03	3.656127e+02	3.662274e+02	7.805051e+01	4.168780e+01	4.781203e+01
425	1.216719e+01	2.579543e+03	3.656631e+02	3.671287e+02	7.832748e+01	4.193135e+01	4.552106e+01
426	1.219582e+01	2.564290e+03	3.654783e+02	3.682908e+02	7.777753e+01	4.197812e+01	4.253682e+01
427	1.222445e+01	2.563068e+03	3.656421e+02	3.691904e+02	7.807659e+01	4.179742e+01	4.006403e+01
428	1.225308e+01	2.567581e+03	3.658694e+02	3.700338e+02	7.798060e+01	4.192255e+01	3.775698e+01
429	1.228171e+01	2.568126e+03	3.659070e+02	3.709487e+02	7.804202e+01	4.189845e+01	3.482528e+01
430	1.231033e+01	2.584342e+03	3.661397e+02	3.718066e+02	7.810807e+01	4.212736e+01	3.214557e+01
431	1.233896e+01	2.593273e+03	3.665464e+02	3.726848e+02	7.838369e+01	4.212429e+01	2.962029e+01
432	1.236759e+01	2.589439e+03	3.667741e+02	3.736121e+02	7.832103e+01	4.209566e+01	2.723098e+01
433	1.239622e+01	2.590523e+03	3.670966e+02	3.744328e+02	7.847298e+01	4.203175e+01	2.480465e+01
434	1.242485e+01	2.600643e+03	3.673012e+02	3.753213e+02	7.842155e+01	4.222363e+01	2.224690e+01
435	1.245348e+01	2.566147e+03	3.676763e+02	3.761732e+02	7.807652e+01	4.184766e+01	1.892616e+01
436	1.248211e+01	2.575095e+03	3.681633e+02	3.771078e+02	7.794835e+01	4.206264e+01	1.681446e+01
437	1.251074e+01	2.582945e+03	3.686476e+02	3.779612e+02	7.771834e+01	4.231573e+01	1.440703e+01
438	1.253936e+01	2.592081e+03	3.691289e+02	3.787103e+02	7.825546e+01	4.217393e+01	1.182958e+01
439	1.256799e+01	2.573719e+03	3.695666e+02	3.794726e+02	7.807340e+01	4.197281e+01	9.334246e+00
440	1.259662e+01	2.590524e+03	3.701732e+02	3.799955e+02	7.861105e+01	4.195794e+01	6.698358e+00
441	1.262525e+01	2.579177e+03	3.707434e+02	3.807083e+02	7.893226e+01	4.160416e+01	4.073165e+00
442	1.265388e+01	2.582349e+03	3.713097e+02	3.813696e+02	7.839569e+01	4.194044e+01	1.909403e+00
443	1.268251e+01	2.574873e+03	3.720155e+02	3.822079e+02	7.854843e+01	4.173769e+01	1.789311e+02
444	1.271114e+01	2.566571e+03	3.726049e+02	3.828600e+02	7.903931e+01	4.134474e+01	1.762125e+02
445	1.273977e+01	2.568394e+03	3.732285e+02	3.832819e+02	7.858184e+01	4.161497e+01	1.741907e+02
446	1.276839e+01	2.539782e+03	3.738453e+02	3.838351e+02	7.903332e+01	4.091629e+01	1.718145e+02
447	1.279702e+01	2.561550e+03	3.745944e+02	3.844148e+02	7.926721e+01	4.114523e+01	1.688385e+02
448	1.282565e+01	2.525837e+03	3.753476e+02	3.848452e+02	7.910201e+01	4.065630e+01	1.667296e+02
449	1.285428e+01	2.543477e+03	3.760162e+02	3.851243e+02	7.941497e+01	4.077891e+01	1.645343e+02
450	1.288291e+01	2.522464e+03	3.767745e+02	3.855466e+02	7.933002e+01	4.048532e+01	1.619356e+02
451	1.291154e+01	2.555568e+03	3.777990e+02	3.859452e+02	7.942088e+01	4.096970e+01	1.592842e+02
452	1.294017e+01	2.559588e+03	3.786801e+02	3.863889e+02	7.966679e+01	4.090749e+01	1.565272e+02
453	1.296879e+01	2.547124e+03	3.794043e+02	3.866056e+02	7.944610e+01	4.082138e+01	1.543234e+02
454	1.299742e+01	2.577172e+03	3.804467e+02	3.867644e+02	7.931618e+01	4.137059e+01	1.523867e+02
455	1.302605e+01	2.574867e+03	3.813554e+02	3.871179e+02	7.948286e+01	4.124691e+01	1.497511e+02
456	1.305468e+01	2.585428e+03	3.822640e+02	3.872927e+02	7.947458e+01	4.142041e+01	1.472778e+02
457	1.308331e+01	2.575971e+03	3.831766e+02	3.874261e+02	7.956512e+01	4.122193e+01	1.442460e+02
458	1.311194e+01	2.566227e+03	3.839219e+02	3.873958e+02	7.956917e+01	4.106392e+01	1.422768e+02
459	1.314057e+01	2.571315e+03	3.847571e+02	3.874843e+02	7.961937e+01	4.111940e+01	1.400061e+02
460	1.316920e+01	2.587585e+03	3.856671e+02	3.874438e+02	7.942844e+01	4.147904e+01	1.371032e+02
461	1.319782e+01	2.604905e+03	3.865498e+02	3.873690e+02	7.933559e+01	4.180554e+01	1.352751e+02
462	1.322645e+01	2.616736e+03	3.874439e+02	3.872341e+02	7.943661e+01	4.194201e+01	1.325792e+02
463	1.325508e+01	2.604588e+03	3.885150e+02	3.871994e+02	7.931137e+01	4.181323e+01	1.300045e+02
464	1.328371e+01	2.607804e+03	3.892802e+02	3.870418e+02	7.900565e+01	4.202686e+01	1.277246e+02
465	1.331234e+01	2.611496e+03	3.903392e+02	3.870876e+02	7.963115e+01	4.175578e+01	1.245394e+02
466	1.334097e+01	2.608676e+03	3.909254e+02	3.866917e+02	7.913622e+01	4.197155e+01	1.224578e+02
467	1.336960e+01	2.614296e+03	3.920481e+02	3.864795e+02	7.915347e+01	4.205280e+01	1.198043e+02
468	1.339823e+01	2.610694e+03	3.927790e+02	3.862366e+02	7.936177e+01	4.188464e+01	1.173878e+02
469	1.342685e+01	2.607864e+03	3.933690e+02	3.858551e+02	7.938841e+01	4.182519e+01	1.151412e+02
470	1.345548e+01	2.600655e+03	3.942966e+02	3.856440e+02	7.905524e+01	4.188536e+01	1.124428e+02
471	1.348411e+01	2.603844e+03	3.950718e+02	3.852481e+02	7.948719e+01	4.170882e+01	1.096035e+02
472	1.351274e+01	2.615393e+03	3.959951e+02	3.847816e+02	7.936288e+01	4.195943e+01	1.072384e+02
473	1.354137e+01	2.609109e+03	3.968655e+02	3.843138e+02	7.892329e+01	4.209177e+01	1.047122e+02
474	1.357000e+01	2.617737e+03	3.975990e+02	3.839020e+02	7.931004e+01	4.202503e+01	1.023408e+02
475	1.359863e+01	2.605154e+03	3.982748e+02	3.834421e+02	7.947495e+01	4.173624e+01	9.998665e+01
476	1.362725e+01	2.598379e+03	3.987633e+02	3.828348e+02	7.915224e+01	4.179742e+01	9.762402e+01
477	1.365588e+01	2.603554e+03	3.995705e+02	3.823201e+02	7.963532e+01	4.162661e+01	9.491985e+01
478	1.368451e+01	2.592574e+03	4.001803e+02	3.818587e+02	7.932177e+01	4.161491e+01	9.293665e+01
479	1.371314e+01	2.596366e+03	4.007299e+02	3.810964e+02	7.891101e+01	4.189270e+01	9.073532e+01
480	1.374177e+01	2.591696e+03	4.013525e+02	3.804599e+02	7.925907e+01	4.163372e+01	8.784647e+01
481	1.377040e+01	2.592915e+03	4.018445e+02	3.799163e+02	7.909242e+01	4.174107e+01	8.570262e+01
482	1.379903e+01	2.591321e+03	4.022365e+02	3.791488e+02	7.945015e+01	4.152758e+01	8.352171e+01
483	1.382766e+01	2.590640e+03	4.030244e+02	3.784447e+02	7.913946e+01	4.167966e+01	8.122387e+01
484	1.385628e+01	2.569163e+03	4.034062e+02	3.777386e+02	7.909854e+01	4.135551e+01	7.878220e+01
485	1.388491e+01	2.585182e+03	4.038239e+02	3.770021e+02	7.916492e+01	4.157847e+01	7.648237e+01
486	1.391354e+01	2.599548e+03	4.041874e+02	3.762018e+02	7.858608e+01	4.211748e+01	7.396468e+01
487	1.394217e+01	2.606626e+03	4.046617e+02	3.753914e+02	7.923112e+01	4.188832e+01	7.084933e+01
488	1.397080e+01	2.597196e+03	4.051119e+02	3.746555e+02	7.869157e+01	4.202296e+01	6.879126e+01
489	1.399943e+01	2.582891e+03	4.051098e+02	3.738409e+02	7.801105e+01	4.215607e+01	6.632502e+01
490	1.402806e+01	2.600159e+03	4.053990e+02	3.730121e+02	7.842071e+01	4.221621e+01	6.370638e+01
491	1.405668e+01	2.590543e+03	4.058005e+02	3.720699e+02	7.798715e+01	4.229391e+01	6.066422e+01
492	1.408531e+01	2.582341e+03	4.057177e+02	3.713944e+02	7.772777e+01	4.230070e+01	5.893967e+01
493	1.411394e+01	2.562692e+03	4.057538e+02	3.706332e+02	7.661063e+01	4.259097e+01	5.580314e+01
494	1.414257e+01	2.595202e+03	4.061712e+02	3.696233e+02	7.760153e+01	4.258052e+01	5.373854e+01
495	1.417120e+01	2.595915e+03	4.062797e+02	3.687306e+02	7.763339e+01	4.257475e+01	5.106578e+01
496	1.419983e+01	2.584121e+03	4.061894e+02	3.678822e+02	7.703365e+01	4.271126e+01	4.784490e+01
497	1.422846e+01	2.620462e+03	4.063117e+02	3.667563e+02	7.778904e+01	4.289134e+01	4.493085e+01
498	1.425709e+01	2.599689e+03	4.062293e+02	3.661276e+02	7.700285e+01	4.298577e+01	4.280043e+01
499	1.428571e+01	2.578064e+03	4.060605e+02	3.654536e+02	7.654066e+01	4.288560e+01	4.009347e+01
500	1.431434e+01	2.601098e+03	4.060703e+02	3.643207e+02	7.705189e+01	4.298169e+01	3.789574e+01
501	1.434297e+01	2.585319e+03	4.057815e+02	3.638602e+02	7.668398e+01	4.292592e+01	3.534344e+01
502	1.437160e+01	2.595309e+03	4.056613e+02	3.629501e+02	7.662211e+01	4.312659e+01	3.348058e+01
503	1.440023e+01	2.591563e+03	4.053310e+02	3.621697e+02	7.673190e+01	4.300272e+01	3.027992e+01
504	1.442886e+01	2.600875e+03	4.051960e+02	3.612407e+02	7.714804e+01	4.292445e+01	2.783740e+01
505	1.445749e+01	2.608022e+03	4.050670e+02	3.602890e+02	7.687821e+01	4.319346e+01	2.471312e+01
506	1.448612e+01	2.606084e+03	4.047373e+02	3.594130e+02	7.731956e+01	4.291500e+01	2.276092e+01
507	1.451474e+01	2.608863e+03	4.042810e+02	3.586253e+02	7.709975e+01	4.308324e+01	1.972952e+01
508	1.454337e+01	2.627717e+03	4.040019e+02	3.577643e+02	7.748527e+01	4.317870e+01	1.736544e+01
509	1.457200e+01	2.623454e+03	4.036937e+02	3.570268e+02	7.773550e+01	4.296988e+01	1.484309e+01
510	1.460063e+01	2.613622e+03	4.031859e+02	3.561842e+02	7.741616e+01	4.298544e+01	1.183474e+01
511	1.462926e+01	2.594973e+03	4.025541e+02	3.557314e+02	7.728211e+01	4.275274e+01	8.776111e+00
512	1.465789e+01	2.611688e+03	4.020378e+02	3.548830e+02	7.741454e+01	4.295451e+01	7.120132e+00
513	1.468652e+01	2.599914e+03	4.013903e+02	3.542868e+02	7.790142e+01	4.249362e+01	4.046472e+00
514	1.471514e+01	2.614585e+03	4.009424e+02	3.535882e+02	7.759761e+01	4.290071e+01	1.485568e+00
515	1.474377e+01	2.602738e+03	4.003302e+02	3.530861e+02	7.771685e+01	4.264080e+01	1.789609e+02
516	1.477240e+01	2.591195e+03	3.996096e+02	3.525204e+02	7.789891e+01	4.235248e+01	1.764607e+02
517	1.480103e+01	2.609304e+03	3.991520e+02	3.519890e+02	7.788242e+01	4.265749e+01	1.741199e+02
518	1.482966e+01	2.589977e+03	3.983445e+02	3.514427e+02	7.761255e+01	4.248877e+01	1.715392e+02
519	1.485829e+01	2.595350e+03	3.976652e+02	3.508245e+02	7.791122e+01	4.241368e+01	1.688107e+02
520	1.488692e+01	2.588896e+03	3.970324e+02	3.504944e+02	7.820433e+01	4.214964e+01	1.664679e+02
521	1.491555e+01	2.615839e+03	3.962541e+02	3.497650e+02	7.833145e+01	4.251919e+01	1.649554e+02
522	1.494417e+01	2.607861e+03	3.954283e+02	3.493551e+02	7.811293e+01	4.250809e+01	1.619363e+02
523	1.497280e+01	2.576139e+03	3.946430e+02	3.491725e+02	7.832855e+01	4.187543e+01	1.592975e+02
524	1.500143e+01	2.582073e+03	3.940558e+02	3.488765e+02	7.841971e+01	4.192310e+01	1.572003e+02
525	1.503006e+01	2.585590e+03	3.932033e+02	3.485126e+02	7.856046e+01	4.190499e+01	1.545574e+02
526	1.505869e+01	2.586331e+03	3.924123e+02	3.483367e+02	7.878472e+01	4.179769e+01	1.517208e+02
527	1.508732e+01	2.575624e+03	3.915802e+02	3.480631e+02	7.821343e+01	4.192869e+01	1.498716e+02
528	1.511595e+01	2.578588e+03	3.905007e+02	3.475052e+02	7.811987e+01	4.202721e+01	1.474162e+02
529	1.514457e+01	2.595944e+03	3.897201e+02	3.474918e+02	7.883803e+01	4.192467e+01	1.448199e+02
530	1.517320e+01	2.575464e+03	3.888685e+02	3.472159e+02	7.873626e+01	4.164767e+01	1.432039e+02
531	1.520183e+01	2.568956e+03	3.879372e+02	3.471364e+02	7.859045e+01	4.161951e+01	1.403736e+02
532	1.523046e+01	2.559311e+03	3.871286e+02	3.472165e+02	7.836665e+01	4.158167e+01	1.378311e+02
533	1.525909e+01	2.555773e+03	3.861643e+02	3.472409e+02	7.821987e+01	4.160211e+01	1.349241e+02
534	1.528772e+01	2.565755e+03	3.854242e+02	3.469723e+02	7.784972e+01	4.196317e+01	1.326808e+02
535	1.531635e+01	2.541721e+03	3.843125e+02	3.469392e+02	7.775835e+01	4.161893e+01	1.306873e+02
536	1.534498e+01	2.551419e+03	3.834900e+02	3.470376e+02	7.773695e+01	4.178924e+01	1.276492e+02
537	1.537360e+01	2.540346e+03	3.824591e+02	3.470824e+02	7.786909e+01	4.153726e+01	1.254194e+02
538	1.540223e+01	2.562211e+03	3.817226e+02	3.472924e+02	7.796741e+01	4.184195e+01	1.229256e+02
539	1.543086e+01	2.551978e+03	3.807028e+02	3.474818e+02	7.760886e+01	4.186738e+01	1.206279e+02
540	1.545949e+01	2.552557e+03	3.800865e+02	3.476892e+02	7.784834e+01	4.174805e+01	1.178479e+02
541	1.548812e+01	2.537920e+03	3.791513e+02	3.479883e+02	7.741443e+01	4.174131e+01	1.152283e+02
542	1.551675e+01	2.546785e+03	3.781203e+02	3.481876e+02	7.711554e+01	4.204948e+01	1.128451e+02
543	1.554538e+01	2.534190e+03	3.772157e+02	3.485914e+02	7.768899e+01	4.153266e+01	1.104423e+02
544	1.557401e+01	2.556648e+03	3.763397e+02	3.487911e+02	7.833937e+01	4.155286e+01	1.080090e+02
545	1.560263e+01	2.537742e+03	3.752888e+02	3.492361e+02	7.738465e+01	4.175445e+01	1.054855e+02
546	1.563126e+01	2.553956e+03	3.747660e+02	3.497356e+02	7.841875e+01	4.146709e+01	1.027237e+02
547	1.565989e+01	2.511346e+03	3.735818e+02	3.501017e+02	7.730635e+01	4.136200e+01	1.001972e+02
548	1.568852e+01	2.518058e+03	3.728949e+02	3.507188e+02	7.838266e+01	4.090306e+01	9.778304e+01
549	1.571715e+01	2.500805e+03	3.718270e+02	3.512703e+02	7.681835e+01	4.145005e+01	9.533776e+01
550	1.574578e+01	2.527617e+03	3.716960e+02	3.518788e+02	7.832099e+01	4.109068e+01	9.227804e+01
551	1.577441e+01	2.499150e+03	3.704955e+02	3.525612e+02	7.732137e+01	4.115313e+01	9.011462e+01
552	1.580303e+01	2.496696e+03	3.700961e+02	3.531723e+02	7.787246e+01	4.082177e+01	8.795684e+01
553	1.583166e+01	2.505820e+03	3.694139e+02	3.540272e+02	7.685552e+01	4.151308e+01	8.626937e+01
554	1.586029e+01	2.505194e+03	3.687524e+02	3.547010e+02	7.718813e+01	4.132388e+01	8.289566e+01
555	1.588892e+01	2.498649e+03	3.680722e+02	3.554942e+02	7.651835e+01	4.157668e+01	8.035724e+01
556	1.591755e+01	2.517289e+03	3.678512e+02	3.562394e+02	7.769362e+01	4.125321e+01	7.787016e+01
557	1.594618e+01	2.507854e+03	3.673258e+02	3.570487e+02	7.749951e+01	4.120153e+01	7.531959e+01
558	1.597481e+01	2.521970e+03	3.668769e+02	3.578730e+02	7.782735e+01	4.125891e+01	7.293353e+01
559	1.600344e+01	2.537460e+03	3.669452e+02	3.586298e+02	7.820618e+01	4.131124e+01	7.052043e+01
560	1.603206e+01	2.533973e+03	3.663603e+02	3.595965e+02	7.792883e+01	4.140129e+01	6.828307e+01
561	1.606069e+01	2.529155e+03	3.659470e+02	3.605559e+02	7.760346e+01	4.149583e+01	6.551971e+01
562	1.608932e+01	2.538018e+03	3.656365e+02	3.616069e+02	7.783460e+01	4.151758e+01	6.355564e+01
563	1.611795e+01	2.537831e+03	3.655130e+02	3.623845e+02	7.781332e+01	4.152588e+01	6.069864e+01
564	1.614658e+01	2.546195e+03	3.652607e+02	3.632394e+02	7.757483e+01	4.179083e+01	5.742867e+01
565	1.617521e+01	2.560355e+03	3.652826e+02	3.640725e+02	7.813885e+01	4.171990e+01	5.533903e+01
566	1.620384e+01	2.560912e+03	3.651323e+02	3.650457e+02	7.774487e+01	4.194044e+01	5.240473e+01
567	1.623246e+01	2.577909e+03	3.651422e+02	3.659756e+02	7.834238e+01	4.189681e+01	5.032556e+01
568	1.626109e+01	2.549633e+03	3.650466e+02	3.668709e+02	7.732166e+01	4.198427e+01	4.712638e+01
569	1.628972e+01	2.569497e+03	3.651986e+02	3.678126e+02	7.811544e+01	4.188141e+01	4.465441e+01
570	1.631835e+01	2.570253e+03	3.653480e+02	3.687382e+02	7.807542e+01	4.191522e+01	4.203911e+01
571	1.634698e+01	2.565128e+03	3.653823e+02	3.697266e+02	7.771120e+01	4.202770e+01	3.910066e+01
572	1.637561e+01	2.561799e+03	3.654509e+02	3.708617e+02	7.733115e+01	4.217943e+01	3.684598e+01
573	1.640424e+01	2.582038e+03	3.657358e+02	3.715959e+02	7.783704e+01	4.223635e+01	3.422503e+01
574	1.643287e+01	2.585113e+03	3.660341e+02	3.724423e+02	7.806905e+01	4.216099e+01	3.192048e+01
575	1.646149e+01	2.588023e+03	3.662626e+02	3.733160e+02	7.830158e+01	4.208311e+01	2.912789e+01
576	1.649012e+01	2.590364e+03	3.664716e+02	3.742522e+02	7.843732e+01	4.204827e+01	2.613844e+01
577	1.651875e+01	2.596113e+03	3.668377e+02	3.750798e+02	7.844291e+01	4.213860e+01	2.382377e+01
578	1.654738e+01	2.587351e+03	3.670648e+02	3.760936e+02	7.804997e+01	4.220780e+01	2.112900e+01
579	1.657601e+01	2.580415e+03	3.676484e+02	3.768721e+02	7.748490e+01	4.240163e+01	1.847392e+01
580	1.660464e+01	2.580729e+03	3.679359e+02	3.777157e+02	7.791009e+01	4.217537e+01	1.578908e+01
581	1.663327e+01	2.598349e+03	3.685603e+02	3.783583e+02	7.843900e+01	4.217699e+01	1.290644e+01
582	1.666190e+01	2.581311e+03	3.689685e+02	3.793378e+02	7.816959e+01	4.204482e+01	1.066806e+01
583	1.669052e+01	2.586636e+03	3.696403e+02	3.800728e+02	7.842010e+01	4.199698e+01	8.105914e+00
584	1.671915e+01	2.588013e+03	3.700889e+02	3.808968e+02	7.846095e+01	4.199746e+01	5.542578e+00
585	1.674778e+01	2.583955e+03	3.706498e+02	3.814399e+02	7.863741e+01	4.183751e+01	3.615968e+00
586	1.677641e+01	2.580829e+03	3.712053e+02	3.820467e+02	7.897609e+01	4.160769e+01	6.003011e-01
587	1.680504e+01	2.585215e+03	3.719172e+02	3.826167e+02	7.871285e+01	4.181779e+01	1.782977e+02
588	1.683367e+01	2.572794e+03	3.725391e+02	3.832428e+02	7.903403e+01	4.144775e+01	1.757235e+02
589	1.686230e+01	2.566114e+03	3.732229e+02	3.838549e+02	7.871557e+01	4.150739e+01	1.729153e+02
590	1.689092e+01	2.558587e+03	3.738590e+02	3.845262e+02	7.867715e+01	4.140584e+01	1.705145e+02
591	1.691955e+01	2.534416e+03	3.744197e+02	3.847657e+02	7.893808e+01	4.087912e+01	1.687885e+02
592	1.694818e+01	2.542220e+03	3.752820e+02	3.850467e+02	7.911187e+01	4.091490e+01	1.667086e+02
593	1.697681e+01	2.603855e+03	3.764508e+02	3.857087e+02	7.935313e+01	4.177946e+01	1.636774e+02
594	1.700544e+01	2.525571e+03	3.767158e+02	3.863119e+02	7.901210e+01	4.069828e+01	1.607320e+02
595	1.703407e+01	2.541099e+03	3.776729e+02	3.864788e+02	7.922968e+01	4.083606e+01	1.585091e+02
596	1.706270e+01	2.577477e+03	3.785421e+02	3.865730e+02	7.955819e+01	4.124962e+01	1.565143e+02
597	1.709133e+01	2.575440e+03	3.793459e+02	3.867557e+02	7.951906e+01	4.123731e+01	1.547176e+02
598	1.711995e+01	2.575789e+03	3.802187e+02	3.870121e+02	7.948460e+01	4.126077e+01	1.519904e+02
599	1.714858e+01	2.583457e+03	3.812084e+02	3.874524e+02	7.967097e+01	4.128680e+01	1.490556e+02
600	1.717721e+01	2.574704e+03	3.820488e+02	3.875611e+02	7.939249e+01	4.129124e+01	1.466083e+02
601	1.720584e+01	2.604337e+03	3.830462e+02	3.876771e+02	7.956923e+01	4.167371e+01	1.440859e+02
602	1.723447e+01	2.585029e+03	3.839246e+02	3.875447e+02	7.907072e+01	4.162554e+01	1.422134e+02
603	1.726310e+01	2.580430e+03	3.847144e+02	3.877141e+02	7.934400e+01	4.140837e+01	1.394743e+02
604	1.729173e+01	2.594645e+03	3.856221e+02	3.877503e+02	7.923124e+01	4.169573e+01	1.370421e+02
605	1.732035e+01	2.601439e+03	3.863813e+02	3.876983e+02	7.967735e+01	4.157085e+01	1.346768e+02
606	1.734898e+01	2.615566e+03	3.873109e+02	3.875572e+02	7.947585e+01	4.190257e+01	1.324388e+02
607	1.737761e+01	2.616224e+03	3.882940e+02	3.875434e+02	7.951701e+01	4.189141e+01	1.296518e+02
608	1.740624e+01	2.608326e+03	3.891019e+02	3.873077e+02	7.907702e+01	4.199733e+01	1.274458e+02
609	1.743487e+01	2.597340e+03	3.899096e+02	3.872228e+02	7.921133e+01	4.174953e+01	1.247678e+02
610	1.746350e+01	2.625185e+03	3.908719e+02	3.869192e+02	7.926040e+01	4.217100e+01	1.222526e+02
611	1.749213e+01	2.607288e+03	3.915173e+02	3.866158e+02	7.903832e+01	4.200117e+01	1.197460e+02
612	1.752076e+01	2.618627e+03	3.926385e+02	3.864908e+02	7.909645e+01	4.215284e+01	1.172584e+02
613	1.754938e+01	2.619334e+03	3.933960e+02	3.861457e+02	7.970099e+01	4.184439e+01	1.146501e+02
614	1.757801e+01	2.604079e+03	3.941090e+02	3.858445e+02	7.942200e+01	4.174682e+01	1.123550e+02
615	1.760664e+01	2.592617e+03	3.947629e+02	3.854920e+02	7.939388e+01	4.157779e+01	1.102371e+02
616	1.763527e+01	2.604457e+03	3.955026e+02	3.850728e+02	7.927388e+01	4.183090e+01	1.076881e+02
617	1.766390e+01	2.612900e+03	3.963914e+02	3.845895e+02	7.945448e+01	4.187112e+01	1.049521e+02
618	1.769253e+01	2.614228e+03	3.972739e+02	3.841874e+02	7.938075e+01	4.193131e+01	1.027050e+02
619	1.772116e+01	2.620617e+03	3.978628e+02	3.836931e+02	7.992430e+01	4.174791e+01	1.001533e+02
620	1.774979e+01	2.591666e+03	3.986100e+02	3.831812e+02	7.908408e+01	4.172536e+01	9.768845e+01
621	1.777841e+01	2.581632e+03	3.991612e+02	3.825922e+02	7.873338e+01	4.174895e+01	9.574150e+01
622	1.780704e+01	2.596060e+03	3.997646e+02	3.819802e+02	7.928385e+01	4.169078e+01	9.305421e+01
623	1.783567e+01	2.569753e+03	4.004034e+02	3.814550e+02	7.869195e+01	4.157873e+01	9.077989e+01
624	1.786430e+01	2.605799e+03	4.011220e+02	3.807794e+02	7.934132e+01	4.181688e+01	8.822628e+01
625	1.789293e+01	2.593871e+03	4.015270e+02	3.801391e+02	7.918208e+01	4.170918e+01	8.614024e+01
626	1.792156e+01	2.599393e+03	4.021429e+02	3.793135e+02	7.922397e+01	4.177587e+01	8.350308e+01
627	1.795019e+01	2.587684e+03	4.025859e+02	3.787366e+02	7.895311e+01	4.173036e+01	8.110667e+01
628	1.797881e+01	2.587396e+03	4.030996e+02	3.780177e+02	7.889632e+01	4.175575e+01	7.868049e+01
629	1.800744e+01	2.593559e+03	4.035663e+02	3.772484e+02	7.918478e+01	4.170274e+01	7.684916e+01
630	1.803607e+01	2.575506e+03	4.039597e+02	3.765684e+02	7.879539e+01	4.161711e+01	7.432703e+01
631	1.806470e+01	2.595504e+03	4.043526e+02	3.757314e+02	7.907838e+01	4.179016e+01	7.165446e+01
632	1.809333e+01	2.597300e+03	4.047170e+02	3.749223e+02	7.869373e+01	4.202349e+01	6.944085e+01
633	1.812196e+01	2.615257e+03	4.050613e+02	3.739975e+02	7.879337e+01	4.226051e+01	6.639608e+01
634	1.815059e+01	2.612577e+03	4.053162e+02	3.731728e+02	7.862882e+01	4.230556e+01	6.420280e+01
635	1.817922e+01	2.594427e+03	4.053872e+02	3.724405e+02	7.801705e+01	4.234110e+01	6.140059e+01
636	1.820784e+01	2.599828e+03	4.055381e+02	3.715886e+02	7.778289e+01	4.255696e+01	5.881235e+01
637	1.823647e+01	2.579767e+03	4.056076e+02	3.708665e+02	7.745770e+01	4.240587e+01	5.674331e+01
638	1.826510e+01	2.591210e+03	4.058539e+02	3.699466e+02	7.760804e+01	4.251146e+01	5.385721e+01
639	1.829373e+01	2.579561e+03	4.057804e+02	3.691841e+02	7.731422e+01	4.248118e+01	5.167364e+01
640	1.832236e+01	2.597819e+03	4.059462e+02	3.682627e+02	7.761917e+01	4.261377e+01	4.896006e+01
641	1.835099e+01	2.601391e+03	4.060085e+02	3.674337e+02	7.733121e+01	4.283126e+01	4.616795e+01
642	1.837962e+01	2.594504e+03	4.058838e+02	3.665596e+02	7.682935e+01	4.299692e+01	4.359250e+01
643	1.840825e+01	2.570664e+03	4.057784e+02	3.658995e+02	7.652148e+01	4.277323e+01	4.098404e+01
644	1.843687e+01	2.579159e+03	4.056056e+02	3.650164e+02	7.647725e+01	4.293940e+01	3.827597e+01
645	1.846550e+01	2.596942e+03	4.057088e+02	3.641072e+02	7.694773e+01	4.297111e+01	3.621751e+01
646	1.849413e+01	2.598234e+03	4.054789e+02	3.632477e+02	7.691901e+01	4.300854e+01	3.371762e+01
647	1.852276e+01	2.584470e+03	4.051660e+02	3.626606e+02	7.656503e+01	4.297849e+01	3.110597e+01
648	1.855139e+01	2.579523e+03	4.049503e+02	3.617796e+02	7.643460e+01	4.296942e+01	2.831653e+01
649	1.858002e+01	2.595198e+03	4.047151e+02	3.607643e+02	7.680368e+01	4.302280e+01	2.566342e+01
650	1.860865e+01	2.612523e+03	4.044456e+02	3.599298e+02	7.724338e+01	4.306346e+01	2.359006e+01
651	1.863727e+01	2.596841e+03	4.041891e+02	3.591959e+02	7.689629e+01	4.299818e+01	2.030280e+01
652	1.866590e+01	2.585140e+03	4.037634e+02	3.586341e+02	7.662106e+01	4.295819e+01	1.833782e+01
653	1.869453e+01	2.603528e+03	4.033352e+02	3.575396e+02	7.718486e+01	4.294773e+01	1.494363e+01
654	1.872316e+01	2.630395e+03	4.030039e+02	3.565050e+02	7.794254e+01	4.296913e+01	1.263715e+01
655	1.875179e+01	2.592086e+03	4.024709e+02	3.561086e+02	7.697064e+01	4.287799e+01	9.970426e+00
656	1.878042e+01	2.628572e+03	4.020015e+02	3.552250e+02	7.765558e+01	4.309803e+01	7.731005e+00
657	1.880905e+01	2.591384e+03	4.014010e+02	3.546760e+02	7.747705e+01	4.258619e+01	4.504491e+00
658	1.883768e+01	2.598581e+03	4.008756e+02	3.539089e+02	7.768609e+01	4.258955e+01	2.001858e+00
659	1.886630e+01	2.597591e+03	4.001169e+02	3.532740e+02	7.748808e+01	4.268213e+01	1.792978e+02
660	1.889493e+01	2.600381e+03	3.995759e+02	3.525602e+02	7.783512e+01	4.253745e+01	1.768806e+02
661	1.892356e+01	2.614635e+03	3.989012e+02	3.520580e+02	7.775738e+01	4.281339e+01	1.747692e+02
662	1.895219e+01	2.590795e+03	3.981917e+02	3.517394e+02	7.804652e+01	4.226585e+01	1.716390e+02
663	1.898082e+01	2.598887e+03	3.977023e+02	3.510837e+02	7.791602e+01	4.246886e+01	1.696708e+02
664	1.900945e+01	2.580322e+03	3.968258e+02	3.506009e+02	7.798534e+01	4.212801e+01	1.669107e+02
665	1.903808e+01	2.601035e+03	3.961332e+02	3.501769e+02	7.816621e+01	4.236793e+01	1.646963e+02
666	1.906670e+01	2.597648e+03	3.953151e+02	3.499155e+02	7.861052e+01	4.207361e+01	1.617975e+02
667	1.909533e+01	2.592548e+03	3.946732e+02	3.494029e+02	7.866447e+01	4.196221e+01	1.598439e+02
668	1.912396e+01	2.593195e+03	3.939218e+02	3.489605e+02	7.852219e+01	4.204872e+01	1.578356e+02
669	1.915259e+01	2.574754e+03	3.928791e+02	3.487356e+02	7.828151e+01	4.187806e+01	1.546559e+02
670	1.918122e+01	2.592916e+03	3.921781e+02	3.483716e+02	7.879004e+01	4.190128e+01	1.529274e+02
671	1.920985e+01	2.582423e+03	3.913654e+02	3.482505e+02	7.808092e+01	4.211071e+01	1.504753e+02
672	1.923848e+01	2.578534e+03	3.905869e+02	3.480450e+02	7.831518e+01	4.192152e+01	1.477211e+02
673	1.926711e+01	2.579969e+03	3.897109e+02	3.476904e+02	7.822311e+01	4.199422e+01	1.456421e+02
674	1.929573e+01	2.570088e+03	3.887845e+02	3.474623e+02	7.814590e+01	4.187471e+01	1.433148e+02
675	1.932436e+01	2.564295e+03	3.879707e+02	3.473812e+02	7.833923e+01	4.167723e+01	1.410077e+02
676	1.935299e+01	2.550372e+03	3.869810e+02	3.473463e+02	7.820128e+01	4.152406e+01	1.379498e+02
677	1.938162e+01	2.564847e+03	3.860399e+02	3.473302e+02	7.844306e+01	4.163101e+01	1.354560e+02
678	1.941025e+01	2.562570e+03	3.851400e+02	3.471693e+02	7.818558e+01	4.173104e+01	1.331032e+02
679	1.943888e+01	2.558521e+03	3.843407e+02	3.471555e+02	7.794969e+01	4.179118e+01	1.302706e+02
680	1.946751e+01	2.546609e+03	3.832643e+02	3.472478e+02	7.784678e+01	4.165161e+01	1.277948e+02
681	1.949614e+01	2.540224e+03	3.823988e+02	3.473801e+02	7.777660e+01	4.158467e+01	1.251870e+02
682	1.952476e+01	2.542504e+03	3.812629e+02	3.473765e+02	7.722633e+01	4.191855e+01	1.232438e+02
683	1.955339e+01	2.557124e+03	3.805299e+02	3.476138e+02	7.777365e+01	4.186290e+01	1.204918e+02
684	1.958202e+01	2.545439e+03	3.796358e+02	3.478583e+02	7.740393e+01	4.187066e+01	1.174866e+02
685	1.961065e+01	2.556953e+03	3.788685e+02	3.480748e+02	7.757927e+01	4.196500e+01	1.143188e+02
686	1.963928e+01	2.547966e+03	3.776034e+02	3.484163e+02	7.760913e+01	4.180142e+01	1.125474e+02
687	1.966791e+01	2.556881e+03	3.768699e+02	3.486947e+02	7.798012e+01	4.174810e+01	1.099382e+02
688	1.969654e+01	2.509976e+03	3.753913e+02	3.488105e+02	7.690271e+01	4.155642e+01	1.073804e+02
689	1.972516e+01	2.536135e+03	3.748305e+02	3.493212e+02	7.767731e+01	4.157079e+01	1.047526e+02
690	1.975379e+01	2.552258e+03	3.743613e+02	3.500782e+02	7.860873e+01	4.133937e+01	1.024665e+02
691	1.978242e+01	2.535032e+03	3.733902e+02	3.505415e+02	7.819948e+01	4.127524e+01	1.003751e+02
692	1.981105e+01	2.508866e+03	3.722844e+02	3.509621e+02	7.762554e+01	4.115125e+01	9.731094e+01
693	1.983968e+01	2.520217e+03	3.719242e+02	3.514635e+02	7.752782e+01	4.138953e+01	9.437332e+01
694	1.986831e+01	2.513669e+03	3.710854e+02	3.521362e+02	7.753390e+01	4.127876e+01	9.215792e+01
695	1.989694e+01	2.492060e+03	3.701900e+02	3.526740e+02	7.766702e+01	4.085376e+01	8.919193e+01
696	1.992557e+01	2.496517e+03	3.695861e+02	3.534245e+02	7.754974e+01	4.098872e+01	8.691561e+01
697	1.995419e+01	2.529203e+03	3.693076e+02	3.542297e+02	7.824532e+01	4.115621e+01	8.490870e+01
698	1.998282e+01	2.500285e+03	3.682193e+02	3.550646e+02	7.706736e+01	4.130753e+01	8.236571e+01
699	2.001145e+01	2.486167e+03	3.677635e+02	3.558929e+02	7.704418e+01	4.108664e+01	7.985667e+01
700	2.004008e+01	2.519326e+03	3.677493e+02	3.566816e+02	7.785794e+01	4.119947e+01	7.785445e+01
701	2.006871e+01	2.521175e+03	3.670832e+02	3.574727e+02	7.770564e+01	4.131051e+01	7.451929e+01
702	2.009734e+01	2.527688e+03	3.668582e+02	3.582749e+02	7.770242e+01	4.141895e+01	7.223443e+01
703	2.012597e+01	2.535008e+03	3.662001e+02	3.591628e+02	7.825603e+01	4.124503e+01	6.965237e+01
704	2.015459e+01	2.520879e+03	3.658731e+02	3.600432e+02	7.768360e+01	4.131738e+01	6.683452e+01
705	2.018322e+01	2.496075e+03	3.653041e+02	3.612413e+02	7.675331e+01	4.140670e+01	6.460924e+01
706	2.021185e+01	2.531319e+03	3.652684e+02	3.620205e+02	7.778184e+01	4.143608e+01	6.194779e+01
707	2.024048e+01	2.549062e+03	3.653365e+02	3.627872e+02	7.804758e+01	4.158446e+01	5.949234e+01
708	2.026911e+01	2.549024e+03	3.652267e+02	3.636709e+02	7.817292e+01	4.151716e+01	5.641663e+01
709	2.029774e+01	2.557461e+03	3.648914e+02	3.647461e+02	7.798009e+01	4.175759e+01	5.376722e+01
710	2.032637e+01	2.540373e+03	3.647814e+02	3.657570e+02	7.757146e+01	4.169708e+01	5.078054e+01
711	2.035500e+01	2.550579e+03	3.648967e+02	3.667055e+02	7.789883e+01	4.168866e+01	4.826941e+01
712	2.038362e+01	2.555715e+03	3.649581e+02	3.675337e+02	7.810075e+01	4.166462e+01	4.574928e+01
713	2.041225e+01	2.575150e+03	3.651169e+02	3.685219e+02	7.809036e+01	4.198703e+01	4.350867e+01
714	2.044088e+01	2.546290e+03	3.651714e+02	3.695835e+02	7.705499e+01	4.207433e+01	4.005262e+01
715	2.046951e+01	2.579805e+03	3.654117e+02	3.703296e+02	7.852982e+01	4.182755e+01	3.788937e+01
716	2.049814e+01	2.567869e+03	3.654437e+02	3.714419e+02	7.787173e+01	4.198587e+01	3.492833e+01
717	2.052677e+01	2.585979e+03	3.657118e+02	3.724750e+02	7.809753e+01	4.215973e+01	3.250219e+01
718	2.055540e+01	2.588088e+03	3.660966e+02	3.732259e+02	7.804101e+01	4.222468e+01	2.919968e+01
719	2.058403e+01	2.594954e+03	3.662570e+02	3.742222e+02	7.825764e+01	4.221949e+01	2.688133e+01
720	2.061265e+01	2.599323e+03	3.666064e+02	3.751663e+02	7.833398e+01	4.224937e+01	2.446567e+01
721	2.064128e+01	2.597038e+03	3.669303e+02	3.760223e+02	7.810270e+01	4.233722e+01	2.151364e+01
722	2.066991e+01	2.576286e+03	3.674496e+02	3.769098e+02	7.797436e+01	4.206805e+01	1.861059e+01
723	2.069854e+01	2.565173e+03	3.678516e+02	3.775721e+02	7.843736e+01	4.163934e+01	1.621210e+01
724	2.072717e+01	2.588792e+03	3.683897e+02	3.787490e+02	7.826141e+01	4.211721e+01	1.363587e+01
725	2.075580e+01	2.599654e+03	3.689157e+02	3.794464e+02	7.821922e+01	4.231675e+01	1.111790e+01
726	2.078443e+01	2.594753e+03	3.695043e+02	3.801912e+02	7.832053e+01	4.218233e+01	8.445099e+00
727	2.081305e+01	2.586970e+03	3.700257e+02	3.809446e+02	7.854382e+01	4.193624e+01	5.706394e+00
728	2.084168e+01	2.556065e+03	3.706173e+02	3.815421e+02	7.844466e+01	4.148764e+01	3.257072e+00
729	2.087031e+01	2.590152e+03	3.710971e+02	3.822312e+02	7.925617e+01	4.161044e+01	7.501878e-01
730	2.089894e+01	2.571320e+03	3.718810e+02	3.828798e+02	7.866217e+01	4.161982e+01	1.778983e+02
731	2.092757e+01	2.549867e+03	3.724946e+02	3.833870e+02	7.910369e+01	4.104222e+01	1.756503e+02
732	2.095620e+01	2.586617e+03	3.730551e+02	3.839653e+02	7.935474e+01	4.150203e+01	1.730636e+02
733	2.098483e+01	2.576881e+03	3.740244e+02	3.846235e+02	7.872777e+01	4.167509e+01	1.700077e+02
734	2.101346e+01	2.568527e+03	3.747549e+02	3.852512e+02	7.895798e+01	4.141886e+01	1.671594e+02
735	2.104208e+01	2.568182e+03	3.755671e+02	3.854251e+02	7.987237e+01	4.093920e+01	1.660730e+02
736	2.107071e+01	2.573326e+03	3.765023e+02	3.859830e+02	7.905556e+01	4.144504e+01	1.630659e+02
737	2.109934e+01	2.560521e+03	3.770915e+02	3.861270e+02	7.961623e+01	4.094839e+01	1.609632e+02
738	2.112797e+01	2.561632e+03	3.778525e+02	3.863302e+02	7.955355e+01	4.099843e+01	1.586400e+02
739	2.115660e+01	2.583824e+03	3.789638e+02	3.867770e+02	7.959213e+01	4.133357e+01	1.556386e+02
740	2.118523e+01	2.588067e+03	3.798924e+02	3.872325e+02	7.995641e+01	4.121283e+01	1.525091e+02
741	2.121386e+01	2.565322e+03	3.805272e+02	3.871755e+02	7.933714e+01	4.116949e+01	1.508384e+02
742	2.124248e+01	2.589367e+03	3.816306e+02	3.876075e+02	8.000642e+01	4.120775e+01	1.478318e+02
743	2.127111e+01	2.585257e+03	3.824810e+02	3.876769e+02	7.980385e+01	4.124677e+01	1.454365e+02
744	2.129974e+01	2.583081e+03	3.832890e+02	3.877887e+02	7.955617e+01	4.134036e+01	1.427256e+02
745	2.132837e+01	2.580078e+03	3.842014e+02	3.879404e+02	7.966945e+01	4.123360e+01	1.403909e+02
746	2.135700e+01	2.573828e+03	3.851273e+02	3.880543e+02	7.938496e+01	4.128111e+01	1.377921e+02
747	2.138563e+01	2.608050e+03	3.862593e+02	3.878497e+02	7.926052e+01	4.189566e+01	1.350362e+02
748	2.141426e+01	2.606072e+03	3.870883e+02	3.877605e+02	7.954469e+01	4.171434e+01	1.327543e+02
749	2.144289e+01	2.608122e+03	3.879978e+02	3.877031e+02	7.942929e+01	4.180780e+01	1.299290e+02
750	2.147151e+01	2.618804e+03	3.889796e+02	3.874988e+02	7.933222e+01	4.203040e+01	1.272318e+02
751	2.150014e+01	2.623675e+03	3.898966e+02	3.873508e+02	7.942332e+01	4.206028e+01	1.242051e+02
752	2.152877e+01	2.601504e+03	3.906731e+02	3.871742e+02	7.924709e+01	4.179759e+01	1.220063e+02
753	2.155740e+01	2.622688e+03	3.917570e+02	3.867293e+02	7.900854e+01	4.226518e+01	1.187943e+02
754	2.158603e+01	2.612571e+03	3.926015e+02	3.866123e+02	7.937014e+01	4.191032e+01	1.167521e+02
755	2.161466e+01	2.611677e+03	3.935523e+02	3.863352e+02	7.968360e+01	4.173117e+01	1.140043e+02
756	2.164329e+01	2.603704e+03	3.942328e+02	3.860062e+02	7.939375e+01	4.175566e+01	1.119705e+02
757	2.167192e+01	2.609566e+03	3.950767e+02	3.855678e+02	7.918217e+01	4.196149e+01	1.088945e+02
758	2.170054e+01	2.606270e+03	3.956659e+02	3.851031e+02	7.928885e+01	4.185212e+01	1.068266e+02
759	2.172917e+01	2.609408e+03	3.966505e+02	3.846848e+02	7.913042e+01	4.198640e+01	1.042977e+02
760	2.175780e+01	2.614698e+03	3.975482e+02	3.841320e+02	7.920014e+01	4.203448e+01	1.015460e+02
761	2.178643e+01	2.599272e+03	3.982378e+02	3.836328e+02	7.910140e+01	4.183865e+01	9.931483e+01
762	2.181506e+01	2.589180e+03	3.987078e+02	3.830504e+02	7.915886e+01	4.164596e+01	9.656698e+01
763	2.184369e+01	2.611244e+03	3.996462e+02	3.824279e+02	7.940895e+01	4.186857e+01	9.386536e+01
764	2.187232e+01	2.601742e+03	4.001286e+02	3.818188e+02	7.927965e+01	4.178425e+01	9.136208e+01
765	2.190094e+01	2.586859e+03	4.008291e+02	3.812512e+02	7.930582e+01	4.153152e+01	8.855373e+01
766	2.192957e+01	2.589100e+03	4.013073e+02	3.805226e+02	7.962485e+01	4.140095e+01	8.631900e+01
767	2.195820e+01	2.599520e+03	4.018334e+02	3.797932e+02	7.894537e+01	4.192534e+01	8.421081e+01
768	2.198683e+01	2.581568e+03	4.024883e+02	3.790582e+02	7.924207e+01	4.147992e+01	8.156329e+01
769	2.201546e+01	2.588294e+03	4.031712e+02	3.783100e+02	7.908076e+01	4.167282e+01	7.912168e+01
770	2.204409e+01	2.603319e+03	4.034739e+02	3.775199e+02	7.928578e+01	4.180635e+01	7.622733e+01
771	2.207272e+01	2.569979e+03	4.038163e+02	3.768750e+02	7.879301e+01	4.152905e+01	7.444190e+01
772	2.210135e+01	2.599739e+03	4.044209e+02	3.758711e+02	7.892889e+01	4.193763e+01	7.161275e+01
773	2.212997e+01	2.606418e+03	4.048839e+02	3.749816e+02	7.893067e+01	4.204441e+01	6.887656e+01
774	2.215860e+01	2.592860e+03	4.050068e+02	3.742005e+02	7.832853e+01	4.214725e+01	6.619425e+01
775	2.218723e+01	2.574700e+03	4.052025e+02	3.733398e+02	7.772120e+01	4.217910e+01	6.321600e+01
776	2.221586e+01	2.596429e+03	4.054856e+02	3.723187e+02	7.812736e+01	4.231394e+01	6.035006e+01
777	2.224449e+01	2.588875e+03	4.056384e+02	3.715766e+02	7.771510e+01	4.241464e+01	5.773271e+01
778	2.227312e+01	2.580494e+03	4.056048e+02	3.707449e+02	7.705550e+01	4.263923e+01	5.492387e+01
779	2.230175e+01	2.595122e+03	4.059349e+02	3.697458e+02	7.734688e+01	4.271939e+01	5.250998e+01
780	2.233038e+01	2.594419e+03	4.060888e+02	3.687302e+02	7.728114e+01	4.274416e+01	4.972533e+01
781	2.235900e+01	2.591025e+03	4.059416e+02	3.679741e+02	7.682168e+01	4.294355e+01	4.663729e+01
782	2.238763e+01	2.610771e+03	4.060208e+02	3.669330e+02	7.738477e+01	4.295596e+01	4.409549e+01
783	2.241626e+01	2.582570e+03	4.058143e+02	3.662403e+02	7.684044e+01	4.279296e+01	4.112280e+01
784	2.244489e+01	2.600398e+03	4.057843e+02	3.653669e+02	7.702164e+01	4.298701e+01	3.900066e+01
785	2.247352e+01	2.581472e+03	4.055354e+02	3.646130e+02	7.661124e+01	4.290274e+01	3.558043e+01
786	2.250215e+01	2.592924e+03	4.056022e+02	3.634513e+02	7.674215e+01	4.301956e+01	3.310890e+01
787	2.253078e+01	2.606246e+03	4.052190e+02	3.626603e+02	7.710855e+01	4.303511e+01	3.075035e+01
788	2.255940e+01	2.581000e+03	4.049466e+02	3.620323e+02	7.660571e+01	4.289799e+01	2.817999e+01
789	2.258803e+01	2.609914e+03	4.047080e+02	3.610724e+02	7.702199e+01	4.314412e+01	2.540578e+01
790	2.261666e+01	2.600333e+03	4.044396e+02	3.601912e+02	7.684389e+01	4.308535e+01	2.225632e+01
791	2.264529e+01	2.603322e+03	4.040928e+02	3.593704e+02	7.657832e+01	4.328448e+01	1.998372e+01
792	2.267392e+01	2.575634e+03	4.035068e+02	3.587423e+02	7.644296e+01	4.289994e+01	1.692117e+01
793	2.270255e+01	2.610234e+03	4.032820e+02	3.574741e+02	7.738629e+01	4.294627e+01	1.407457e+01
794	2.273118e+01	2.604419e+03	4.026952e+02	3.567101e+02	7.764867e+01	4.270581e+01	1.081062e+01
795	2.275981e+01	2.601593e+03	4.021388e+02	3.559977e+02	7.747723e+01	4.275388e+01	8.207352e+00
796	2.278843e+01	2.633667e+03	4.018169e+02	3.550840e+02	7.769741e+01	4.315831e+01	6.011305e+00
797	2.281706e+01	2.627269e+03	4.012030e+02	3.542620e+02	7.804073e+01	4.286406e+01	3.053238e+00
798	2.284569e+01	2.597233e+03	4.004031e+02	3.536699e+02	7.757238e+01	4.262986e+01	1.794955e+02
799	2.287432e+01	2.591736e+03	3.997124e+02	3.531578e+02	7.802071e+01	4.229520e+01	1.771221e+02
