1	2.864509e-02	2.503127e+03	4.363552e+02	3.091815e+02	7.705552e+01	4.136083e+01	1.520756e+02
2	5.729017e-02	2.495486e+03	4.362715e+02	3.085430e+02	7.670043e+01	4.142548e+01	1.527305e+02
3	8.593526e-02	2.510547e+03	4.363975e+02	3.084322e+02	7.769801e+01	4.114041e+01	1.536627e+02
4	1.145803e-01	2.504709e+03	4.366287e+02	3.083466e+02	7.735667e+01	4.122585e+01	1.546583e+02
5	1.432254e-01	2.515309e+03	4.366239e+02	3.081945e+02	7.782711e+01	4.115007e+01	1.550385e+02
6	1.718705e-01	2.510818e+03	4.367894e+02	3.078703e+02	7.734048e+01	4.133505e+01	1.557167e+02
7	2.005156e-01	2.502451e+03	4.369076e+02	3.077933e+02	7.811662e+01	4.078798e+01	1.565437e+02
8	2.291607e-01	2.487438e+03	4.369964e+02	3.069779e+02	7.664438e+01	4.132207e+01	1.575503e+02
9	2.578058e-01	2.510397e+03	4.371565e+02	3.071735e+02	7.793166e+01	4.101461e+01	1.586847e+02
10	2.864509e-01	2.506378e+03	4.373143e+02	3.071868e+02	7.769815e+01	4.107201e+01	1.590579e+02
11	3.150960e-01	2.486432e+03	4.373597e+02	3.064495e+02	7.646703e+01	4.140115e+01	1.595232e+02
12	3.437410e-01	2.524605e+03	4.376419e+02	3.065761e+02	7.749892e+01	4.147705e+01	1.599579e+02
13	3.723861e-01	2.515369e+03	4.376023e+02	3.061387e+02	7.781720e+01	4.115629e+01	1.610547e+02
14	4.010312e-01	2.501014e+03	4.377286e+02	3.058481e+02	7.741108e+01	4.113610e+01	1.622935e+02
15	4.296763e-01	2.512169e+03	4.380291e+02	3.057873e+02	7.737294e+01	4.133994e+01	1.630782e+02
16	4.583214e-01	2.516893e+03	4.380991e+02	3.055864e+02	7.746553e+01	4.136817e+01	1.633626e+02
17	4.869665e-01	2.513396e+03	4.382628e+02	3.052611e+02	7.774104e+01	4.116430e+01	1.644150e+02
18	5.156116e-01	2.514521e+03	4.382340e+02	3.050320e+02	7.741125e+01	4.135818e+01	1.649270e+02
19	5.442567e-01	2.514760e+03	4.383851e+02	3.046197e+02	7.764006e+01	4.124020e+01	1.658430e+02
20	5.729017e-01	2.516977e+03	4.385832e+02	3.047028e+02	7.749062e+01	4.135617e+01	1.660665e+02
21	6.015468e-01	2.516760e+03	4.385681e+02	3.041332e+02	7.770618e+01	4.123787e+01	1.675622e+02
22	6.301919e-01	2.524596e+03	4.390173e+02	3.040399e+02	7.777286e+01	4.133081e+01	1.683117e+02
23	6.588370e-01	2.522736e+03	4.391617e+02	3.041870e+02	7.778371e+01	4.129460e+01	1.689441e+02
24	6.874821e-01	2.518644e+03	4.392599e+02	3.038676e+02	7.761943e+01	4.131488e+01	1.694756e+02
25	7.161272e-01	2.517951e+03	4.394257e+02	3.038469e+02	7.758249e+01	4.132318e+01	1.703093e+02
26	7.447723e-01	2.506021e+03	4.396282e+02	3.033603e+02	7.755839e+01	4.114017e+01	1.714281e+02
27	7.734174e-01	2.503506e+03	4.397703e+02	3.033110e+02	7.789591e+01	4.092080e+01	1.721828e+02
28	8.020624e-01	2.518135e+03	4.400715e+02	3.031223e+02	7.669449e+01	4.180469e+01	1.724920e+02
29	8.307075e-01	2.510855e+03	4.402685e+02	3.030077e+02	7.715012e+01	4.143765e+01	1.732926e+02
30	8.593526e-01	2.512310e+03	4.403972e+02	3.027755e+02	7.744391e+01	4.130438e+01	1.741877e+02
31	8.879977e-01	2.543993e+03	4.407243e+02	3.023904e+02	7.756941e+01	4.175760e+01	1.752712e+02
32	9.166428e-01	2.538061e+03	4.409478e+02	3.023206e+02	7.715636e+01	4.188326e+01	1.759804e+02
33	9.452879e-01	2.526415e+03	4.409716e+02	3.022194e+02	7.778624e+01	4.135348e+01	1.765679e+02
34	9.739330e-01	2.528492e+03	4.411629e+02	3.018721e+02	7.730831e+01	4.164334e+01	1.774963e+02
35	1.002578e+00	2.505461e+03	4.413685e+02	3.018608e+02	7.687526e+01	4.149647e+01	1.784188e+02
36	1.031223e+00	2.527285e+03	4.416211e+02	3.016806e+02	7.721980e+01	4.167117e+01	1.793684e+02
37	1.059868e+00	2.520946e+03	4.417178e+02	3.016376e+02	7.754432e+01	4.139269e+01	1.217135e-01
38	1.088513e+00	2.537303e+03	4.421172e+02	3.011956e+02	7.674649e+01	4.209437e+01	9.304316e-01
39	1.117158e+00	2.539295e+03	4.423353e+02	3.009520e+02	7.699503e+01	4.199143e+01	1.817709e+00
40	1.145803e+00	2.550649e+03	4.425742e+02	3.008956e+02	7.780222e+01	4.174157e+01	2.538173e+00
41	1.174449e+00	2.552441e+03	4.428769e+02	3.005809e+02	7.714106e+01	4.212891e+01	3.474813e+00
42	1.203094e+00	2.546566e+03	4.429536e+02	3.004732e+02	7.724390e+01	4.197598e+01	3.932441e+00
43	1.231739e+00	2.554862e+03	4.431573e+02	3.004253e+02	7.762026e+01	4.190854e+01	4.893854e+00
44	1.260384e+00	2.563005e+03	4.434581e+02	3.001046e+02	7.768810e+01	4.200539e+01	5.859507e+00
45	1.289029e+00	2.553545e+03	4.437086e+02	3.000530e+02	7.719994e+01	4.211498e+01	6.380383e+00
46	1.317674e+00	2.532019e+03	4.438007e+02	3.000350e+02	7.697663e+01	4.188111e+01	7.117235e+00
47	1.346319e+00	2.557892e+03	4.441491e+02	2.996711e+02	7.745103e+01	4.204991e+01	7.931168e+00
48	1.374964e+00	2.551115e+03	4.442299e+02	2.996289e+02	7.719853e+01	4.207567e+01	8.666852e+00
49	1.403609e+00	2.547363e+03	4.444898e+02	2.994952e+02	7.706789e+01	4.208502e+01	9.282877e+00
50	1.432254e+00	2.546656e+03	4.447633e+02	2.991989e+02	7.738031e+01	4.190347e+01	1.017676e+01
51	1.460899e+00	2.536267e+03	4.449503e+02	2.992373e+02	7.693237e+01	4.197552e+01	1.110237e+01
52	1.489545e+00	2.537180e+03	4.451584e+02	2.991167e+02	7.696305e+01	4.197389e+01	1.166263e+01
53	1.518190e+00	2.543864e+03	4.453651e+02	2.989504e+02	7.684890e+01	4.214697e+01	1.269360e+01
54	1.546835e+00	2.532568e+03	4.456943e+02	2.988822e+02	7.675177e+01	4.201291e+01	1.308182e+01
55	1.575480e+00	2.537892e+03	4.459707e+02	2.987168e+02	7.667512e+01	4.214332e+01	1.398033e+01
56	1.604125e+00	2.538925e+03	4.461797e+02	2.986614e+02	7.674422e+01	4.212252e+01	1.487134e+01
57	1.632770e+00	2.542156e+03	4.463787e+02	2.985179e+02	7.634653e+01	4.239581e+01	1.590121e+01
58	1.661415e+00	2.543866e+03	4.467372e+02	2.983221e+02	7.689944e+01	4.211931e+01	1.661969e+01
59	1.690060e+00	2.524351e+03	4.468031e+02	2.983569e+02	7.681369e+01	4.184285e+01	1.697915e+01
60	1.718705e+00	2.531662e+03	4.471475e+02	2.981182e+02	7.684756e+01	4.194553e+01	1.831732e+01
61	1.747350e+00	2.534193e+03	4.474344e+02	2.980884e+02	7.656352e+01	4.214323e+01	1.947402e+01
62	1.775995e+00	2.550990e+03	4.475819e+02	2.979992e+02	7.742491e+01	4.195060e+01	1.979255e+01
63	1.804641e+00	2.534439e+03	4.477828e+02	2.979132e+02	7.693470e+01	4.194398e+01	1.997325e+01
64	1.833286e+00	2.546554e+03	4.481037e+02	2.977932e+02	7.728717e+01	4.195228e+01	2.117687e+01
65	1.861931e+00	2.546377e+03	4.482271e+02	2.977300e+02	7.688156e+01	4.217068e+01	2.224711e+01
66	1.890576e+00	2.533895e+03	4.485244e+02	2.976687e+02	7.660009e+01	4.211817e+01	2.267158e+01
67	1.919221e+00	2.548325e+03	4.487979e+02	2.975323e+02	7.680701e+01	4.224391e+01	2.389491e+01
68	1.947866e+00	2.550261e+03	4.491432e+02	2.973781e+02	7.672521e+01	4.232107e+01	2.465946e+01
69	1.976511e+00	2.543149e+03	4.493194e+02	2.974061e+02	7.695522e+01	4.207692e+01	2.569625e+01
70	2.005156e+00	2.564861e+03	4.495399e+02	2.973877e+02	7.726460e+01	4.226622e+01	2.627632e+01
71	2.033801e+00	2.559807e+03	4.498622e+02	2.973174e+02	7.720828e+01	4.221370e+01	2.739685e+01
72	2.062446e+00	2.545077e+03	4.500083e+02	2.974287e+02	7.674493e+01	4.222419e+01	2.784918e+01
73	2.091091e+00	2.538253e+03	4.503749e+02	2.973800e+02	7.659809e+01	4.219171e+01	2.922750e+01
74	2.119736e+00	2.541725e+03	4.505803e+02	2.972561e+02	7.670569e+01	4.219015e+01	2.967616e+01
75	2.148382e+00	2.534271e+03	4.509075e+02	2.969340e+02	7.676623e+01	4.203325e+01	3.058037e+01
76	2.177027e+00	2.535746e+03	4.510271e+02	2.971804e+02	7.661871e+01	4.213869e+01	3.129136e+01
77	2.205672e+00	2.531661e+03	4.513781e+02	2.970167e+02	7.635806e+01	4.221442e+01	3.209651e+01
78	2.234317e+00	2.539141e+03	4.516257e+02	2.970132e+02	7.667074e+01	4.216647e+01	3.276233e+01
79	2.262962e+00	2.540454e+03	4.519342e+02	2.967460e+02	7.674480e+01	4.214756e+01	3.354631e+01
80	2.291607e+00	2.533516e+03	4.521516e+02	2.969977e+02	7.689668e+01	4.194943e+01	3.501055e+01
81	2.320252e+00	2.523891e+03	4.523958e+02	2.970134e+02	7.643093e+01	4.204473e+01	3.550037e+01
82	2.348897e+00	2.527022e+03	4.525823e+02	2.969798e+02	7.693758e+01	4.181966e+01	3.599425e+01
83	2.377542e+00	2.532133e+03	4.529270e+02	2.967421e+02	7.707973e+01	4.182697e+01	3.721165e+01
84	2.406187e+00	2.539752e+03	4.532217e+02	2.967777e+02	7.699328e+01	4.199993e+01	3.770851e+01
85	2.434832e+00	2.561536e+03	4.534847e+02	2.968540e+02	7.743961e+01	4.211603e+01	3.849649e+01
86	2.463478e+00	2.544787e+03	4.536295e+02	2.968876e+02	7.714633e+01	4.199971e+01	3.923117e+01
87	2.492123e+00	2.542411e+03	4.541364e+02	2.967086e+02	7.732507e+01	4.186351e+01	4.030434e+01
88	2.520768e+00	2.547407e+03	4.544034e+02	2.966356e+02	7.727240e+01	4.197436e+01	4.101031e+01
89	2.549413e+00	2.542284e+03	4.544896e+02	2.968292e+02	7.719650e+01	4.193114e+01	4.164561e+01
90	2.578058e+00	2.528424e+03	4.547285e+02	2.968102e+02	7.676373e+01	4.193765e+01	4.252507e+01
91	2.606703e+00	2.536412e+03	4.550764e+02	2.966577e+02	7.709747e+01	4.188801e+01	4.294659e+01
92	2.635348e+00	2.535636e+03	4.552754e+02	2.967686e+02	7.690571e+01	4.197961e+01	4.384907e+01
93	2.663993e+00	2.541510e+03	4.554828e+02	2.968988e+02	7.706629e+01	4.198919e+01	4.479207e+01
94	2.692638e+00	2.551639e+03	4.557139e+02	2.969077e+02	7.749820e+01	4.192159e+01	4.564496e+01
95	2.721283e+00	2.534355e+03	4.559008e+02	2.969837e+02	7.702504e+01	4.189341e+01	4.610838e+01
96	2.749928e+00	2.530448e+03	4.562773e+02	2.969154e+02	7.749554e+01	4.157486e+01	4.677628e+01
97	2.778573e+00	2.546193e+03	4.564100e+02	2.969568e+02	7.759332e+01	4.178084e+01	4.763342e+01
98	2.807219e+00	2.536158e+03	4.568947e+02	2.968187e+02	7.761362e+01	4.160529e+01	4.819313e+01
99	2.835864e+00	2.607938e+03	4.574709e+02	2.972132e+02	7.684855e+01	4.320876e+01	4.937857e+01
100	2.864509e+00	2.546041e+03	4.573328e+02	2.968646e+02	7.794479e+01	4.158996e+01	4.987133e+01
101	2.893154e+00	2.553046e+03	4.577491e+02	2.968196e+02	7.809227e+01	4.162562e+01	5.075875e+01
102	2.921799e+00	2.593910e+03	4.582163e+02	2.971519e+02	7.741606e+01	4.266129e+01	5.150039e+01
103	2.950444e+00	2.543808e+03	4.582684e+02	2.969828e+02	7.815241e+01	4.144308e+01	5.214238e+01
104	2.979089e+00	2.552029e+03	4.583072e+02	2.971270e+02	7.832911e+01	4.148323e+01	5.289119e+01
105	3.007734e+00	2.548483e+03	4.587709e+02	2.971733e+02	7.828152e+01	4.145077e+01	5.393505e+01
106	3.036379e+00	2.545955e+03	4.588799e+02	2.972741e+02	7.831371e+01	4.139264e+01	5.450248e+01
107	3.065024e+00	2.551324e+03	4.591982e+02	2.971415e+02	7.839948e+01	4.143455e+01	5.545449e+01
108	3.093669e+00	2.543589e+03	4.595143e+02	2.972964e+02	7.837514e+01	4.132175e+01	5.620066e+01
109	3.122315e+00	2.527809e+03	4.597445e+02	2.974251e+02	7.793460e+01	4.129753e+01	5.663175e+01
110	3.150960e+00	2.555362e+03	4.600419e+02	2.974752e+02	7.897019e+01	4.120020e+01	5.740799e+01
111	3.179605e+00	2.545660e+03	4.601870e+02	2.975179e+02	7.867043e+01	4.120016e+01	5.799379e+01
112	3.208250e+00	2.549446e+03	4.604835e+02	2.974986e+02	7.847849e+01	4.136236e+01	5.887309e+01
113	3.236895e+00	2.540105e+03	4.607494e+02	2.976769e+02	7.829147e+01	4.130925e+01	5.951973e+01
114	3.265540e+00	2.530083e+03	4.608781e+02	2.977852e+02	7.784333e+01	4.138314e+01	6.024924e+01
115	3.294185e+00	2.526497e+03	4.611979e+02	2.978512e+02	7.823824e+01	4.111591e+01	6.102048e+01
116	3.322830e+00	2.527620e+03	4.613149e+02	2.979913e+02	7.816424e+01	4.117313e+01	6.185376e+01
117	3.351475e+00	2.531617e+03	4.616358e+02	2.980385e+02	7.837679e+01	4.112639e+01	6.271956e+01
118	3.380120e+00	2.537933e+03	4.619463e+02	2.980846e+02	7.891006e+01	4.095038e+01	6.320683e+01
119	3.408765e+00	2.530542e+03	4.621928e+02	2.980536e+02	7.875655e+01	4.091071e+01	6.418045e+01
120	3.437410e+00	2.529825e+03	4.624143e+02	2.981536e+02	7.889154e+01	4.082913e+01	6.485382e+01
121	3.466056e+00	2.539010e+03	4.626738e+02	2.982324e+02	7.884167e+01	4.100329e+01	6.570748e+01
122	3.494701e+00	2.530470e+03	4.628361e+02	2.983660e+02	7.916738e+01	4.069725e+01	6.646857e+01
123	3.523346e+00	2.530262e+03	4.630505e+02	2.985350e+02	7.892006e+01	4.082143e+01	6.709856e+01
124	3.551991e+00	2.532870e+03	4.633125e+02	2.986114e+02	7.874045e+01	4.095671e+01	6.774780e+01
125	3.580636e+00	2.546097e+03	4.635462e+02	2.987770e+02	7.930146e+01	4.087934e+01	6.837422e+01
126	3.609281e+00	2.536279e+03	4.638873e+02	2.989096e+02	7.903438e+01	4.085931e+01	6.911763e+01
127	3.637926e+00	2.519837e+03	4.639748e+02	2.990851e+02	7.907593e+01	4.057310e+01	7.027529e+01
128	3.666571e+00	2.540572e+03	4.643384e+02	2.990292e+02	7.928622e+01	4.079848e+01	7.072585e+01
129	3.695216e+00	2.514539e+03	4.644880e+02	2.993357e+02	7.893850e+01	4.055829e+01	7.196252e+01
130	3.723861e+00	2.528764e+03	4.647679e+02	2.994192e+02	7.914541e+01	4.068110e+01	7.240017e+01
131	3.752506e+00	2.528033e+03	4.649456e+02	2.994962e+02	7.921983e+01	4.063113e+01	7.283665e+01
132	3.781152e+00	2.537949e+03	4.651683e+02	2.996624e+02	7.971902e+01	4.053508e+01	7.377988e+01
133	3.809797e+00	2.538131e+03	4.655261e+02	2.997517e+02	7.976510e+01	4.051456e+01	7.417475e+01
134	3.838442e+00	2.528835e+03	4.655095e+02	3.000268e+02	7.927620e+01	4.061512e+01	7.471523e+01
135	3.867087e+00	2.515499e+03	4.658593e+02	3.000678e+02	7.948586e+01	4.029438e+01	7.573862e+01
136	3.895732e+00	2.518993e+03	4.661904e+02	3.001420e+02	7.957442e+01	4.030544e+01	7.592281e+01
137	3.924377e+00	2.499653e+03	4.662678e+02	3.003655e+02	7.912954e+01	4.022085e+01	7.724641e+01
138	3.953022e+00	2.509792e+03	4.665512e+02	3.004044e+02	7.923684e+01	4.032930e+01	7.742886e+01
139	3.981667e+00	2.491755e+03	4.665825e+02	3.009334e+02	7.891151e+01	4.020454e+01	7.879288e+01
140	4.010312e+00	2.506100e+03	4.668608e+02	3.008079e+02	7.903703e+01	4.037178e+01	7.915379e+01
141	4.038957e+00	2.502362e+03	4.672400e+02	3.009677e+02	7.905190e+01	4.030398e+01	7.990648e+01
142	4.067602e+00	2.535100e+03	4.675931e+02	3.009184e+02	7.931285e+01	4.069694e+01	8.041542e+01
143	4.096247e+00	2.504360e+03	4.674191e+02	3.011660e+02	7.897521e+01	4.037532e+01	8.116656e+01
144	4.124893e+00	2.542360e+03	4.679848e+02	3.012124e+02	7.941145e+01	4.076281e+01	8.137571e+01
145	4.153538e+00	2.513747e+03	4.679498e+02	3.014041e+02	7.937939e+01	4.032032e+01	8.252879e+01
146	4.182183e+00	2.501661e+03	4.680416e+02	3.017205e+02	7.899971e+01	4.031931e+01	8.312428e+01
147	4.210828e+00	2.528277e+03	4.684800e+02	3.018342e+02	7.921032e+01	4.063993e+01	8.358300e+01
148	4.239473e+00	2.516489e+03	4.686641e+02	3.019622e+02	7.931453e+01	4.039731e+01	8.426104e+01
149	4.268118e+00	2.533296e+03	4.687921e+02	3.022646e+02	7.963677e+01	4.050255e+01	8.532310e+01
150	4.296763e+00	2.515596e+03	4.690062e+02	3.025103e+02	7.913458e+01	4.047479e+01	8.617337e+01
151	4.325408e+00	2.520520e+03	4.692119e+02	3.025255e+02	7.911816e+01	4.056244e+01	8.666064e+01
152	4.354053e+00	2.517390e+03	4.691600e+02	3.026852e+02	7.920710e+01	4.046659e+01	8.751562e+01
153	4.382698e+00	2.515271e+03	4.695723e+02	3.030683e+02	7.973670e+01	4.016397e+01	8.822688e+01
154	4.411343e+00	2.531245e+03	4.697636e+02	3.031209e+02	7.985927e+01	4.035700e+01	8.888782e+01
155	4.439989e+00	2.516064e+03	4.698995e+02	3.032686e+02	7.934901e+01	4.037293e+01	8.911776e+01
156	4.468634e+00	2.530659e+03	4.701388e+02	3.035067e+02	7.960544e+01	4.047632e+01	9.021288e+01
157	4.497279e+00	2.523078e+03	4.703347e+02	3.036444e+02	7.971024e+01	4.030200e+01	9.078884e+01
158	4.525924e+00	2.526354e+03	4.706536e+02	3.038865e+02	7.970040e+01	4.035931e+01	9.143950e+01
159	4.554569e+00	2.531650e+03	4.708552e+02	3.041031e+02	7.955827e+01	4.051617e+01	9.194627e+01
160	4.583214e+00	2.506918e+03	4.708098e+02	3.043313e+02	7.955338e+01	4.012283e+01	9.318013e+01
161	4.611859e+00	2.510728e+03	4.708798e+02	3.045150e+02	7.922894e+01	4.034837e+01	9.373964e+01
162	4.640504e+00	2.520008e+03	4.710005e+02	3.046935e+02	7.946001e+01	4.037974e+01	9.443303e+01
163	4.669149e+00	2.510197e+03	4.711636e+02	3.049108e+02	7.916565e+01	4.037207e+01	9.524899e+01
164	4.697794e+00	2.538786e+03	4.712339e+02	3.051251e+02	7.950879e+01	4.065566e+01	9.612041e+01
165	4.726439e+00	2.520589e+03	4.714400e+02	3.053114e+02	7.923978e+01	4.050129e+01	9.628766e+01
166	4.755085e+00	2.515332e+03	4.717556e+02	3.057779e+02	7.900812e+01	4.053534e+01	9.732063e+01
167	4.783730e+00	2.519723e+03	4.720117e+02	3.059512e+02	7.907070e+01	4.057396e+01	9.782349e+01
168	4.812375e+00	2.509118e+03	4.718482e+02	3.060503e+02	7.815189e+01	4.087820e+01	9.827174e+01
169	4.841020e+00	2.524776e+03	4.720018e+02	3.062528e+02	7.886900e+01	4.075930e+01	9.947946e+01
170	4.869665e+00	2.500988e+03	4.721899e+02	3.065274e+02	7.808774e+01	4.077922e+01	9.978404e+01
171	4.898310e+00	2.524069e+03	4.720788e+02	3.066457e+02	7.847565e+01	4.095212e+01	1.009688e+02
172	4.926955e+00	2.515145e+03	4.725334e+02	3.070092e+02	7.845655e+01	4.081728e+01	1.018498e+02
173	4.955600e+00	2.513251e+03	4.725848e+02	3.072587e+02	7.799894e+01	4.102582e+01	1.020149e+02
174	4.984245e+00	2.515992e+03	4.725297e+02	3.073515e+02	7.816742e+01	4.098205e+01	1.027484e+02
175	5.012890e+00	2.544290e+03	4.726774e+02	3.077997e+02	7.873689e+01	4.114323e+01	1.039257e+02
176	5.041535e+00	2.518226e+03	4.728449e+02	3.079473e+02	7.819211e+01	4.100547e+01	1.044058e+02
177	5.070180e+00	2.503594e+03	4.729649e+02	3.081576e+02	7.757345e+01	4.109234e+01	1.049982e+02
178	5.098826e+00	2.504679e+03	4.730345e+02	3.082484e+02	7.780007e+01	4.099041e+01	1.054338e+02
179	5.127471e+00	2.500248e+03	4.733379e+02	3.087723e+02	7.827328e+01	4.067052e+01	1.060322e+02
180	5.156116e+00	2.520734e+03	4.733965e+02	3.088674e+02	7.841632e+01	4.092896e+01	1.069138e+02
181	5.184761e+00	2.520019e+03	4.731417e+02	3.090844e+02	7.776417e+01	4.126049e+01	1.077920e+02
182	5.213406e+00	2.529478e+03	4.737774e+02	3.094471e+02	7.827666e+01	4.114421e+01	1.084113e+02
183	5.242051e+00	2.505427e+03	4.734364e+02	3.096084e+02	7.802477e+01	4.088457e+01	1.093271e+02
184	5.270696e+00	2.512032e+03	4.735304e+02	3.098708e+02	7.779300e+01	4.111448e+01	1.104234e+02
185	5.299341e+00	2.507671e+03	4.739868e+02	3.101260e+02	7.751288e+01	4.119143e+01	1.099181e+02
186	5.327986e+00	2.484534e+03	4.738820e+02	3.104442e+02	7.701225e+01	4.107668e+01	1.110452e+02
187	5.356631e+00	2.489569e+03	4.740168e+02	3.106459e+02	7.726375e+01	4.102594e+01	1.114763e+02
188	5.385276e+00	2.495061e+03	4.737345e+02	3.106734e+02	7.725983e+01	4.111853e+01	1.126521e+02
189	5.413922e+00	2.513410e+03	4.738265e+02	3.109478e+02	7.763697e+01	4.121971e+01	1.132855e+02
190	5.442567e+00	2.517822e+03	4.738992e+02	3.112015e+02	7.764472e+01	4.128794e+01	1.138146e+02
191	5.471212e+00	2.509496e+03	4.739254e+02	3.114109e+02	7.778885e+01	4.107515e+01	1.150914e+02
192	5.499857e+00	2.511952e+03	4.739380e+02	3.116146e+02	7.730324e+01	4.137364e+01	1.156540e+02
193	5.528502e+00	2.535000e+03	4.741075e+02	3.119619e+02	7.792777e+01	4.141864e+01	1.169461e+02
194	5.557147e+00	2.501943e+03	4.744060e+02	3.125021e+02	7.728742e+01	4.121723e+01	1.167306e+02
195	5.585792e+00	2.527354e+03	4.743396e+02	3.126755e+02	7.759334e+01	4.147169e+01	1.184117e+02
196	5.614437e+00	2.503909e+03	4.743867e+02	3.127947e+02	7.688421e+01	4.146594e+01	1.187829e+02
197	5.643082e+00	2.472364e+03	4.745121e+02	3.133157e+02	7.645629e+01	4.117270e+01	1.189446e+02
198	5.671727e+00	2.525714e+03	4.746331e+02	3.134937e+02	7.763107e+01	4.142464e+01	1.203524e+02
199	5.700372e+00	2.505630e+03	4.746603e+02	3.139504e+02	7.706158e+01	4.139894e+01	1.203917e+02
200	5.729017e+00	2.511066e+03	4.746805e+02	3.139712e+02	7.720722e+01	4.141049e+01	1.215039e+02
201	5.757663e+00	2.519415e+03	4.746077e+02	3.141661e+02	7.740334e+01	4.144290e+01	1.224793e+02
202	5.786308e+00	2.518377e+03	4.748615e+02	3.146558e+02	7.718536e+01	4.154282e+01	1.228801e+02
203	5.814953e+00	2.508896e+03	4.747867e+02	3.148592e+02	7.680723e+01	4.159016e+01	1.234871e+02
204	5.843598e+00	2.505199e+03	4.747112e+02	3.152210e+02	7.682890e+01	4.151717e+01	1.242500e+02
205	5.872243e+00	2.500114e+03	4.747906e+02	3.154327e+02	7.711827e+01	4.127743e+01	1.250514e+02
206	5.900888e+00	2.498246e+03	4.748739e+02	3.157109e+02	7.681996e+01	4.140675e+01	1.256215e+02
207	5.929533e+00	2.521758e+03	4.747320e+02	3.158168e+02	7.710346e+01	4.164277e+01	1.266458e+02
208	5.958178e+00	2.519762e+03	4.748669e+02	3.161789e+02	7.702672e+01	4.165126e+01	1.280133e+02
209	5.986823e+00	2.507401e+03	4.748651e+02	3.165495e+02	7.665839e+01	4.164608e+01	1.281602e+02
210	6.015468e+00	2.507044e+03	4.747688e+02	3.167769e+02	7.675722e+01	4.158654e+01	1.295214e+02
211	6.044113e+00	2.512530e+03	4.747964e+02	3.170237e+02	7.678574e+01	4.166206e+01	1.299838e+02
212	6.072759e+00	2.488059e+03	4.749793e+02	3.174088e+02	7.629502e+01	4.152165e+01	1.303824e+02
213	6.101404e+00	2.503355e+03	4.750296e+02	3.176289e+02	7.689743e+01	4.144964e+01	1.312097e+02
214	6.130049e+00	2.506586e+03	4.749293e+02	3.178477e+02	7.711587e+01	4.138557e+01	1.316507e+02
215	6.158694e+00	2.518483e+03	4.748425e+02	3.180881e+02	7.761771e+01	4.131315e+01	1.333937e+02
216	6.187339e+00	2.522419e+03	4.750420e+02	3.186893e+02	7.764842e+01	4.136135e+01	1.336325e+02
217	6.215984e+00	2.542633e+03	4.748114e+02	3.185404e+02	7.734176e+01	4.185812e+01	1.350526e+02
218	6.244629e+00	2.530915e+03	4.748818e+02	3.189149e+02	7.693780e+01	4.188397e+01	1.359497e+02
219	6.273274e+00	2.540647e+03	4.746879e+02	3.191530e+02	7.787681e+01	4.153807e+01	1.372958e+02
220	6.301919e+00	2.523192e+03	4.746855e+02	3.194368e+02	7.712701e+01	4.165372e+01	1.377507e+02
221	6.330564e+00	2.533458e+03	4.745459e+02	3.195112e+02	7.774364e+01	4.149148e+01	1.386165e+02
222	6.359209e+00	2.518221e+03	4.745692e+02	3.198181e+02	7.707819e+01	4.159800e+01	1.393305e+02
223	6.387854e+00	2.541685e+03	4.744930e+02	3.200013e+02	7.755252e+01	4.172880e+01	1.402848e+02
224	6.416500e+00	2.544364e+03	4.745604e+02	3.204713e+02	7.773734e+01	4.167347e+01	1.409928e+02
225	6.445145e+00	2.545922e+03	4.743441e+02	3.204991e+02	7.751469e+01	4.181876e+01	1.421440e+02
226	6.473790e+00	2.535809e+03	4.743610e+02	3.210314e+02	7.765684e+01	4.157641e+01	1.423257e+02
227	6.502435e+00	2.548563e+03	4.744607e+02	3.212865e+02	7.744384e+01	4.190044e+01	1.431239e+02
228	6.531080e+00	2.553054e+03	4.743691e+02	3.215197e+02	7.764085e+01	4.186777e+01	1.442181e+02
229	6.559725e+00	2.540320e+03	4.743822e+02	3.218531e+02	7.768290e+01	4.163639e+01	1.447843e+02
230	6.588370e+00	2.560390e+03	4.743092e+02	3.219905e+02	7.797726e+01	4.180693e+01	1.455295e+02
231	6.617015e+00	2.561634e+03	4.740770e+02	3.221400e+02	7.825224e+01	4.168026e+01	1.465432e+02
232	6.645660e+00	2.553016e+03	4.740850e+02	3.225326e+02	7.811371e+01	4.161370e+01	1.470351e+02
233	6.674305e+00	2.559581e+03	4.739499e+02	3.228313e+02	7.841850e+01	4.155856e+01	1.477133e+02
234	6.702950e+00	2.567036e+03	4.739550e+02	3.231083e+02	7.817161e+01	4.181123e+01	1.486561e+02
235	6.731596e+00	2.551488e+03	4.739283e+02	3.234495e+02	7.802960e+01	4.163364e+01	1.489195e+02
236	6.760241e+00	2.545944e+03	4.736127e+02	3.235243e+02	7.805975e+01	4.152712e+01	1.501686e+02
237	6.788886e+00	2.562780e+03	4.736473e+02	3.236725e+02	7.829173e+01	4.167787e+01	1.508421e+02
238	6.817531e+00	2.565765e+03	4.735577e+02	3.239604e+02	7.819305e+01	4.177907e+01	1.516904e+02
239	6.846176e+00	2.556305e+03	4.734700e+02	3.243017e+02	7.809499e+01	4.167730e+01	1.529034e+02
240	6.874821e+00	2.562257e+03	4.733779e+02	3.245439e+02	7.806863e+01	4.178846e+01	1.534202e+02
241	6.903466e+00	2.568469e+03	4.732524e+02	3.246007e+02	7.850823e+01	4.165520e+01	1.542296e+02
242	6.932111e+00	2.546242e+03	4.730405e+02	3.250121e+02	7.834417e+01	4.138121e+01	1.551690e+02
243	6.960756e+00	2.590264e+03	4.732242e+02	3.250491e+02	7.776774e+01	4.240867e+01	1.560135e+02
244	6.989401e+00	2.549397e+03	4.728149e+02	3.254455e+02	7.844592e+01	4.137874e+01	1.566785e+02
245	7.018046e+00	2.557898e+03	4.727363e+02	3.257562e+02	7.833746e+01	4.157419e+01	1.576256e+02
246	7.046691e+00	2.572109e+03	4.725988e+02	3.258938e+02	7.839834e+01	4.177270e+01	1.579806e+02
247	7.075337e+00	2.544568e+03	4.723969e+02	3.261414e+02	7.857967e+01	4.123005e+01	1.590160e+02
248	7.103982e+00	2.558468e+03	4.723002e+02	3.265818e+02	7.845415e+01	4.152161e+01	1.595416e+02
249	7.132627e+00	2.572754e+03	4.723605e+02	3.267132e+02	7.817648e+01	4.190176e+01	1.603114e+02
250	7.161272e+00	2.568395e+03	4.720946e+02	3.268423e+02	7.871812e+01	4.154294e+01	1.611621e+02
251	7.189917e+00	2.557096e+03	4.719229e+02	3.270123e+02	7.829948e+01	4.158131e+01	1.622104e+02
252	7.218562e+00	2.564774e+03	4.718796e+02	3.274007e+02	7.843376e+01	4.163476e+01	1.626747e+02
253	7.247207e+00	2.566203e+03	4.717310e+02	3.275075e+02	7.823058e+01	4.176617e+01	1.636054e+02
254	7.275852e+00	2.573245e+03	4.716037e+02	3.277500e+02	7.846294e+01	4.175675e+01	1.642638e+02
255	7.304497e+00	2.568453e+03	4.713743e+02	3.280106e+02	7.878626e+01	4.150795e+01	1.649707e+02
256	7.333142e+00	2.561549e+03	4.713242e+02	3.283723e+02	7.819601e+01	4.170884e+01	1.652842e+02
257	7.361787e+00	2.566439e+03	4.711249e+02	3.283706e+02	7.828793e+01	4.173941e+01	1.668303e+02
258	7.390433e+00	2.582272e+03	4.709859e+02	3.285557e+02	7.899775e+01	4.161954e+01	1.674733e+02
259	7.419078e+00	2.581226e+03	4.708826e+02	3.288977e+02	7.859501e+01	4.181587e+01	1.680264e+02
260	7.447723e+00	2.558047e+03	4.707725e+02	3.291219e+02	7.767019e+01	4.193380e+01	1.686233e+02
261	7.476368e+00	2.570949e+03	4.704301e+02	3.292890e+02	7.827549e+01	4.181939e+01	1.694111e+02
262	7.505013e+00	2.562279e+03	4.703172e+02	3.295370e+02	7.808151e+01	4.178191e+01	1.703597e+02
263	7.533658e+00	2.582400e+03	4.702004e+02	3.296360e+02	7.837473e+01	4.195248e+01	1.712074e+02
264	7.562303e+00	2.569912e+03	4.698714e+02	3.299433e+02	7.850916e+01	4.167811e+01	1.718291e+02
265	7.590948e+00	2.568793e+03	4.697905e+02	3.299919e+02	7.873126e+01	4.154244e+01	1.727234e+02
266	7.619593e+00	2.574591e+03	4.695824e+02	3.302376e+02	7.816395e+01	4.193841e+01	1.732561e+02
267	7.648238e+00	2.583447e+03	4.693652e+02	3.303866e+02	7.839600e+01	4.195809e+01	1.742119e+02
268	7.676883e+00	2.581472e+03	4.692490e+02	3.306541e+02	7.859383e+01	4.182048e+01	1.753224e+02
269	7.705529e+00	2.569223e+03	4.689168e+02	3.308293e+02	7.814207e+01	4.186267e+01	1.757693e+02
270	7.734174e+00	2.580579e+03	4.688190e+02	3.308863e+02	7.851959e+01	4.184555e+01	1.767883e+02
271	7.762819e+00	2.590788e+03	4.686870e+02	3.310375e+02	7.846739e+01	4.203904e+01	1.776569e+02
272	7.791464e+00	2.580773e+03	4.685243e+02	3.313457e+02	7.855754e+01	4.182848e+01	1.784026e+02
273	7.820109e+00	2.553481e+03	4.682970e+02	3.315189e+02	7.795602e+01	4.170547e+01	1.791720e+02
274	7.848754e+00	2.571504e+03	4.680502e+02	3.315359e+02	7.778798e+01	4.209058e+01	9.174174e-02
275	7.877399e+00	2.574309e+03	4.678558e+02	3.317468e+02	7.789920e+01	4.207632e+01	8.711032e-01
276	7.906044e+00	2.578624e+03	4.676764e+02	3.318589e+02	7.834161e+01	4.190884e+01	1.725368e+00
277	7.934689e+00	2.573507e+03	4.675566e+02	3.322619e+02	7.796017e+01	4.203032e+01	2.289617e+00
278	7.963334e+00	2.589363e+03	4.672462e+02	3.322475e+02	7.820618e+01	4.215625e+01	2.949594e+00
279	7.991979e+00	2.574610e+03	4.670459e+02	3.325685e+02	7.786609e+01	4.209914e+01	3.804902e+00
280	8.020624e+00	2.583352e+03	4.669237e+02	3.326602e+02	7.801949e+01	4.215902e+01	4.719917e+00
281	8.049270e+00	2.578278e+03	4.665931e+02	3.327500e+02	7.769785e+01	4.225041e+01	5.595851e+00
282	8.077915e+00	2.578503e+03	4.664003e+02	3.329752e+02	7.770907e+01	4.224799e+01	6.172176e+00
283	8.106560e+00	2.578485e+03	4.663018e+02	3.329568e+02	7.766057e+01	4.227407e+01	7.069808e+00
284	8.135205e+00	2.567764e+03	4.658663e+02	3.333436e+02	7.733997e+01	4.227282e+01	7.667253e+00
285	8.163850e+00	2.564450e+03	4.656725e+02	3.334768e+02	7.731994e+01	4.222919e+01	8.559301e+00
286	8.192495e+00	2.580109e+03	4.655169e+02	3.334088e+02	7.792812e+01	4.215548e+01	9.506615e+00
287	8.221140e+00	2.578720e+03	4.653258e+02	3.337668e+02	7.757140e+01	4.232652e+01	1.021392e+01
288	8.249785e+00	2.581578e+03	4.651376e+02	3.338606e+02	7.771589e+01	4.229465e+01	1.133650e+01
289	8.278430e+00	2.580320e+03	4.649226e+02	3.338975e+02	7.769987e+01	4.228276e+01	1.172667e+01
290	8.307075e+00	2.580421e+03	4.647407e+02	3.339933e+02	7.775587e+01	4.225397e+01	1.239495e+01
291	8.335720e+00	2.573400e+03	4.644386e+02	3.340551e+02	7.766354e+01	4.218909e+01	1.343531e+01
292	8.364366e+00	2.573605e+03	4.642319e+02	3.341526e+02	7.742257e+01	4.232377e+01	1.401044e+01
293	8.393011e+00	2.599960e+03	4.639035e+02	3.343233e+02	7.825241e+01	4.230376e+01	1.508967e+01
294	8.421656e+00	2.575410e+03	4.637098e+02	3.344722e+02	7.719724e+01	4.247708e+01	1.554277e+01
295	8.450301e+00	2.591965e+03	4.634315e+02	3.345499e+02	7.737814e+01	4.265018e+01	1.690864e+01
296	8.478946e+00	2.585273e+03	4.632835e+02	3.346638e+02	7.745993e+01	4.249516e+01	1.762371e+01
297	8.507591e+00	2.579552e+03	4.630031e+02	3.348937e+02	7.751792e+01	4.236940e+01	1.824334e+01
298	8.536236e+00	2.583841e+03	4.627859e+02	3.347857e+02	7.764281e+01	4.237158e+01	1.947722e+01
299	8.564881e+00	2.580833e+03	4.626807e+02	3.348982e+02	7.755373e+01	4.237087e+01	1.969184e+01
300	8.593526e+00	2.591373e+03	4.621496e+02	3.354246e+02	7.774519e+01	4.243913e+01	2.052299e+01
301	8.622171e+00	2.576540e+03	4.620458e+02	3.353551e+02	7.736826e+01	4.240179e+01	2.152302e+01
302	8.650816e+00	2.581568e+03	4.617777e+02	3.353575e+02	7.734637e+01	4.249656e+01	2.262550e+01
303	8.679461e+00	2.565492e+03	4.613495e+02	3.355871e+02	7.715234e+01	4.233813e+01	2.272251e+01
304	8.708107e+00	2.566158e+03	4.613455e+02	3.355569e+02	7.703362e+01	4.241439e+01	2.348074e+01
305	8.736752e+00	2.562972e+03	4.609315e+02	3.356690e+02	7.669781e+01	4.254720e+01	2.437791e+01
306	8.765397e+00	2.561932e+03	4.608114e+02	3.356621e+02	7.685324e+01	4.244392e+01	2.524086e+01
307	8.794042e+00	2.557278e+03	4.603300e+02	3.358857e+02	7.698716e+01	4.229313e+01	2.598405e+01
308	8.822687e+00	2.556954e+03	4.603236e+02	3.358853e+02	7.662063e+01	4.249005e+01	2.707375e+01
309	8.851332e+00	2.566443e+03	4.600446e+02	3.358442e+02	7.733105e+01	4.225594e+01	2.731207e+01
310	8.879977e+00	2.565641e+03	4.597850e+02	3.358430e+02	7.723331e+01	4.229619e+01	2.816007e+01
311	8.908622e+00	2.561884e+03	4.593824e+02	3.362090e+02	7.721823e+01	4.224251e+01	2.928458e+01
312	8.937267e+00	2.553621e+03	4.591816e+02	3.360966e+02	7.684229e+01	4.231226e+01	2.992710e+01
313	8.965912e+00	2.564969e+03	4.589743e+02	3.361908e+02	7.686631e+01	4.248702e+01	3.055401e+01
314	8.994557e+00	2.586840e+03	4.588009e+02	3.361408e+02	7.792989e+01	4.226449e+01	3.139411e+01
315	9.023203e+00	2.565554e+03	4.584742e+02	3.361425e+02	7.742920e+01	4.218777e+01	3.232081e+01
316	9.051848e+00	2.570234e+03	4.581089e+02	3.364007e+02	7.728209e+01	4.234518e+01	3.287574e+01
317	9.080493e+00	2.578056e+03	4.579822e+02	3.362616e+02	7.777171e+01	4.220664e+01	3.379724e+01
318	9.109138e+00	2.546859e+03	4.575321e+02	3.365178e+02	7.677504e+01	4.223719e+01	3.449700e+01
319	9.137783e+00	2.543294e+03	4.574189e+02	3.365434e+02	7.661118e+01	4.226827e+01	3.522480e+01
320	9.166428e+00	2.559350e+03	4.571943e+02	3.363668e+02	7.735140e+01	4.212808e+01	3.624846e+01
321	9.195073e+00	2.551888e+03	4.568358e+02	3.365132e+02	7.714841e+01	4.211577e+01	3.678512e+01
322	9.223718e+00	2.547491e+03	4.565498e+02	3.364892e+02	7.693071e+01	4.216218e+01	3.780114e+01
323	9.252363e+00	2.567552e+03	4.562867e+02	3.365607e+02	7.750594e+01	4.217883e+01	3.815316e+01
324	9.281008e+00	2.552804e+03	4.561503e+02	3.364044e+02	7.722252e+01	4.209045e+01	3.942659e+01
325	9.309653e+00	2.555447e+03	4.558974e+02	3.365390e+02	7.758911e+01	4.193496e+01	3.975630e+01
326	9.338298e+00	2.537658e+03	4.555622e+02	3.365348e+02	7.657839e+01	4.219267e+01	4.095289e+01
327	9.366944e+00	2.530385e+03	4.551858e+02	3.366208e+02	7.644375e+01	4.214584e+01	4.166646e+01
328	9.395589e+00	2.543940e+03	4.551876e+02	3.363404e+02	7.719894e+01	4.195712e+01	4.238628e+01
329	9.424234e+00	2.535256e+03	4.547259e+02	3.365474e+02	7.675145e+01	4.205768e+01	4.265985e+01
330	9.452879e+00	2.535434e+03	4.545359e+02	3.363929e+02	7.716293e+01	4.183634e+01	4.392636e+01
331	9.481524e+00	2.534542e+03	4.543748e+02	3.364967e+02	7.691702e+01	4.195533e+01	4.393875e+01
332	9.510169e+00	2.562216e+03	4.540601e+02	3.365286e+02	7.746187e+01	4.211510e+01	4.493945e+01
333	9.538814e+00	2.542615e+03	4.537192e+02	3.364556e+02	7.729655e+01	4.188231e+01	4.583928e+01
334	9.567459e+00	2.546647e+03	4.535485e+02	3.363131e+02	7.745808e+01	4.186124e+01	4.660267e+01
335	9.596104e+00	2.539391e+03	4.532750e+02	3.363442e+02	7.725298e+01	4.185280e+01	4.700385e+01
336	9.624749e+00	2.545093e+03	4.529826e+02	3.363756e+02	7.724200e+01	4.195274e+01	4.793299e+01
337	9.653394e+00	2.545349e+03	4.528136e+02	3.363185e+02	7.741064e+01	4.186554e+01	4.870683e+01
338	9.682040e+00	2.539285e+03	4.525186e+02	3.363214e+02	7.739146e+01	4.177616e+01	4.951274e+01
339	9.710685e+00	2.542388e+03	4.523675e+02	3.362072e+02	7.803695e+01	4.148123e+01	5.053015e+01
340	9.739330e+00	2.528049e+03	4.520208e+02	3.362581e+02	7.737229e+01	4.160161e+01	5.108034e+01
341	9.767975e+00	2.547056e+03	4.518375e+02	3.362624e+02	7.772428e+01	4.172457e+01	5.178032e+01
342	9.796620e+00	2.533760e+03	4.514194e+02	3.362242e+02	7.741752e+01	4.167123e+01	5.220850e+01
343	9.825265e+00	2.532097e+03	4.511589e+02	3.362560e+02	7.718751e+01	4.176797e+01	5.307102e+01
344	9.853910e+00	2.535686e+03	4.509698e+02	3.361203e+02	7.739268e+01	4.171629e+01	5.361588e+01
345	9.882555e+00	2.535183e+03	4.504871e+02	3.362449e+02	7.737679e+01	4.171658e+01	5.423949e+01
346	9.911200e+00	2.524393e+03	4.503708e+02	3.360003e+02	7.737728e+01	4.153876e+01	5.552990e+01
347	9.939845e+00	2.533884e+03	4.503488e+02	3.358514e+02	7.796745e+01	4.137933e+01	5.627858e+01
348	9.968490e+00	2.538649e+03	4.502054e+02	3.357469e+02	7.805576e+01	4.141025e+01	5.704739e+01
349	9.997135e+00	2.532697e+03	4.496945e+02	3.357511e+02	7.742194e+01	4.165138e+01	5.749876e+01
350	1.002578e+01	2.523764e+03	4.493800e+02	3.357558e+02	7.736752e+01	4.153365e+01	5.837082e+01
351	1.005443e+01	2.543109e+03	4.495906e+02	3.355259e+02	7.823505e+01	4.138793e+01	5.920712e+01
352	1.008307e+01	2.534651e+03	4.492021e+02	3.354586e+02	7.819948e+01	4.126905e+01	6.015246e+01
353	1.011172e+01	2.532066e+03	4.490858e+02	3.354229e+02	7.826134e+01	4.119437e+01	6.050019e+01
354	1.014036e+01	2.555011e+03	4.488902e+02	3.352633e+02	7.882102e+01	4.127250e+01	6.123610e+01
355	1.016901e+01	2.558910e+03	4.487639e+02	3.351237e+02	7.915779e+01	4.115963e+01	6.195073e+01
356	1.019765e+01	2.561293e+03	4.482202e+02	3.352593e+02	7.880864e+01	4.138049e+01	6.226841e+01
357	1.022630e+01	2.534667e+03	4.480893e+02	3.349623e+02	7.860044e+01	4.105878e+01	6.356371e+01
358	1.025494e+01	2.544394e+03	4.477639e+02	3.350335e+02	7.866647e+01	4.118176e+01	6.431323e+01
359	1.028359e+01	2.529800e+03	4.476892e+02	3.347829e+02	7.877874e+01	4.088719e+01	6.522470e+01
360	1.031223e+01	2.520389e+03	4.474013e+02	3.348159e+02	7.821832e+01	4.102694e+01	6.556494e+01
361	1.034088e+01	2.540316e+03	4.472108e+02	3.346177e+02	7.869930e+01	4.109859e+01	6.646815e+01
362	1.036952e+01	2.545978e+03	4.467421e+02	3.345818e+02	7.865332e+01	4.121428e+01	6.630489e+01
363	1.039817e+01	2.535548e+03	4.466012e+02	3.345100e+02	7.860049e+01	4.107302e+01	6.724391e+01
364	1.042681e+01	2.540206e+03	4.463383e+02	3.344488e+02	7.840916e+01	4.124889e+01	6.809486e+01
365	1.045546e+01	2.550825e+03	4.460493e+02	3.343001e+02	7.873974e+01	4.124742e+01	6.896186e+01
366	1.048410e+01	2.545454e+03	4.459922e+02	3.341544e+02	7.864165e+01	4.121191e+01	6.934666e+01
367	1.051275e+01	2.537319e+03	4.457220e+02	3.340899e+02	7.903511e+01	4.087570e+01	7.054362e+01
368	1.054139e+01	2.547512e+03	4.455621e+02	3.340537e+02	7.898725e+01	4.106477e+01	7.074230e+01
369	1.057004e+01	2.536383e+03	4.452499e+02	3.339573e+02	7.854221e+01	4.111705e+01	7.161407e+01
370	1.059868e+01	2.534387e+03	4.451246e+02	3.338773e+02	7.898239e+01	4.085571e+01	7.198420e+01
371	1.062733e+01	2.536894e+03	4.447701e+02	3.337205e+02	7.878794e+01	4.099706e+01	7.296790e+01
372	1.065597e+01	2.534030e+03	4.447914e+02	3.335120e+02	7.884892e+01	4.091910e+01	7.376751e+01
373	1.068462e+01	2.535119e+03	4.445339e+02	3.334072e+02	7.895824e+01	4.088002e+01	7.450055e+01
374	1.071326e+01	2.514826e+03	4.442065e+02	3.332099e+02	7.863245e+01	4.072079e+01	7.526043e+01
375	1.074191e+01	2.519860e+03	4.440363e+02	3.331227e+02	7.894215e+01	4.064224e+01	7.544770e+01
376	1.077055e+01	2.515974e+03	4.436613e+02	3.328751e+02	7.885663e+01	4.062357e+01	7.622202e+01
377	1.079920e+01	2.516702e+03	4.434765e+02	3.327946e+02	7.864204e+01	4.074621e+01	7.692134e+01
378	1.082784e+01	2.522308e+03	4.432476e+02	3.327283e+02	7.898235e+01	4.066100e+01	7.753238e+01
379	1.085649e+01	2.539964e+03	4.430004e+02	3.326396e+02	7.908765e+01	4.089112e+01	7.818041e+01
380	1.088513e+01	2.534674e+03	4.428717e+02	3.323901e+02	7.909510e+01	4.080212e+01	7.894108e+01
381	1.091378e+01	2.517073e+03	4.428094e+02	3.321482e+02	7.918731e+01	4.047160e+01	7.964442e+01
382	1.094242e+01	2.515991e+03	4.425551e+02	3.319947e+02	7.897902e+01	4.056089e+01	8.046851e+01
383	1.097107e+01	2.520581e+03	4.421488e+02	3.320054e+02	7.860207e+01	4.082977e+01	8.099116e+01
384	1.099971e+01	2.526982e+03	4.422526e+02	3.317529e+02	7.940514e+01	4.051947e+01	8.173879e+01
385	1.102836e+01	2.519030e+03	4.419714e+02	3.316163e+02	7.897918e+01	4.060980e+01	8.238825e+01
386	1.105700e+01	2.537567e+03	4.418235e+02	3.314015e+02	7.927162e+01	4.075772e+01	8.293496e+01
387	1.108565e+01	2.521393e+03	4.414930e+02	3.312957e+02	7.874155e+01	4.077057e+01	8.369306e+01
388	1.111429e+01	2.518212e+03	4.413222e+02	3.311822e+02	7.922300e+01	4.047166e+01	8.422469e+01
389	1.114294e+01	2.518077e+03	4.410496e+02	3.309408e+02	7.912126e+01	4.052155e+01	8.516608e+01
390	1.117158e+01	2.512503e+03	4.408987e+02	3.308246e+02	7.911036e+01	4.043741e+01	8.591761e+01
391	1.120023e+01	2.519088e+03	4.408334e+02	3.305197e+02	7.926603e+01	4.046377e+01	8.654934e+01
392	1.122887e+01	2.499428e+03	4.405526e+02	3.304265e+02	7.887843e+01	4.034525e+01	8.726977e+01
393	1.125752e+01	2.521686e+03	4.403792e+02	3.302278e+02	7.929722e+01	4.048958e+01	8.808087e+01
394	1.128616e+01	2.517372e+03	4.402478e+02	3.300692e+02	7.917860e+01	4.048085e+01	8.889062e+01
395	1.131481e+01	2.512776e+03	4.399282e+02	3.298850e+02	7.922458e+01	4.038350e+01	8.952968e+01
396	1.134345e+01	2.503932e+03	4.400703e+02	3.295484e+02	7.855508e+01	4.058433e+01	9.028480e+01
397	1.137210e+01	2.517140e+03	4.396755e+02	3.294304e+02	7.869958e+01	4.072350e+01	9.100179e+01
398	1.140074e+01	2.516821e+03	4.393798e+02	3.292650e+02	7.908636e+01	4.051921e+01	9.169367e+01
399	1.142939e+01	2.522849e+03	4.392556e+02	3.291238e+02	7.884665e+01	4.073973e+01	9.225895e+01
400	1.145803e+01	2.523845e+03	4.390944e+02	3.287832e+02	7.887444e+01	4.074145e+01	9.317183e+01
401	1.148668e+01	2.521772e+03	4.389420e+02	3.285588e+02	7.866260e+01	4.081761e+01	9.401319e+01
402	1.151533e+01	2.532882e+03	4.388905e+02	3.283942e+02	7.890775e+01	4.087008e+01	9.459444e+01
403	1.154397e+01	2.525794e+03	4.386894e+02	3.282318e+02	7.852788e+01	4.095286e+01	9.540783e+01
404	1.157262e+01	2.508071e+03	4.385884e+02	3.279642e+02	7.844261e+01	4.070970e+01	9.586580e+01
405	1.160126e+01	2.509724e+03	4.383141e+02	3.277181e+02	7.829206e+01	4.081486e+01	9.653123e+01
406	1.162991e+01	2.517825e+03	4.384413e+02	3.274463e+02	7.846432e+01	4.085671e+01	9.735001e+01
407	1.165855e+01	2.513573e+03	4.381944e+02	3.272485e+02	7.859273e+01	4.072108e+01	9.794141e+01
408	1.168720e+01	2.521355e+03	4.380307e+02	3.270639e+02	7.840444e+01	4.094525e+01	9.841772e+01
409	1.171584e+01	2.524404e+03	4.381074e+02	3.269362e+02	7.872438e+01	4.082815e+01	9.939199e+01
410	1.174449e+01	2.515304e+03	4.379019e+02	3.266886e+02	7.847768e+01	4.080886e+01	9.993183e+01
411	1.177313e+01	2.516812e+03	4.376435e+02	3.263847e+02	7.867429e+01	4.073129e+01	1.008570e+02
412	1.180178e+01	2.522072e+03	4.374460e+02	3.260928e+02	7.819852e+01	4.106474e+01	1.014835e+02
413	1.183042e+01	2.531617e+03	4.375343e+02	3.260048e+02	7.865656e+01	4.098011e+01	1.020687e+02
414	1.185907e+01	2.529411e+03	4.372555e+02	3.258622e+02	7.868586e+01	4.092915e+01	1.027811e+02
415	1.188771e+01	2.503716e+03	4.373380e+02	3.257568e+02	7.810764e+01	4.081329e+01	1.031056e+02
416	1.191636e+01	2.630042e+03	4.383521e+02	3.253322e+02	8.086925e+01	4.140850e+01	1.017971e+02
417	1.194500e+01	2.531921e+03	4.371185e+02	3.252912e+02	7.833478e+01	4.115340e+01	1.043993e+02
418	1.197365e+01	2.526531e+03	4.368499e+02	3.249927e+02	7.851459e+01	4.097174e+01	1.054757e+02
419	1.200229e+01	2.523476e+03	4.368709e+02	3.248106e+02	7.812223e+01	4.112772e+01	1.058906e+02
420	1.203094e+01	2.513506e+03	4.367469e+02	3.243773e+02	7.787030e+01	4.109777e+01	1.061974e+02
421	1.205958e+01	2.510866e+03	4.366267e+02	3.241431e+02	7.768044e+01	4.115494e+01	1.073083e+02
422	1.208823e+01	2.509127e+03	4.367140e+02	3.240444e+02	7.754135e+01	4.120020e+01	1.075719e+02
423	1.211687e+01	2.518643e+03	4.363307e+02	3.236895e+02	7.741920e+01	4.142171e+01	1.087104e+02
424	1.214552e+01	2.508487e+03	4.363514e+02	3.235573e+02	7.743354e+01	4.124705e+01	1.094060e+02
425	1.217416e+01	2.517745e+03	4.362742e+02	3.232062e+02	7.787460e+01	4.116480e+01	1.099507e+02
426	1.220281e+01	2.512423e+03	4.363044e+02	3.230341e+02	7.759264e+01	4.122706e+01	1.106468e+02
427	1.223145e+01	2.516706e+03	4.362010e+02	3.227498e+02	7.713206e+01	4.154395e+01	1.115014e+02
428	1.226010e+01	2.530072e+03	4.360332e+02	3.225040e+02	7.755213e+01	4.153835e+01	1.121240e+02
429	1.228874e+01	2.521303e+03	4.360958e+02	3.223721e+02	7.773278e+01	4.129819e+01	1.127410e+02
430	1.231739e+01	2.520697e+03	4.361714e+02	3.221404e+02	7.728957e+01	4.152502e+01	1.134832e+02
431	1.234603e+01	2.520244e+03	4.359645e+02	3.217614e+02	7.730004e+01	4.151193e+01	1.143126e+02
432	1.237468e+01	2.519045e+03	4.358040e+02	3.214020e+02	7.708132e+01	4.160993e+01	1.150151e+02
433	1.240332e+01	2.514510e+03	4.359566e+02	3.213327e+02	7.704868e+01	4.155260e+01	1.155598e+02
434	1.243197e+01	2.510828e+03	4.359291e+02	3.211714e+02	7.715552e+01	4.143431e+01	1.166051e+02
435	1.246061e+01	2.512586e+03	4.357370e+02	3.208034e+02	7.698765e+01	4.155373e+01	1.171503e+02
436	1.248926e+01	2.509148e+03	4.356450e+02	3.204888e+02	7.695982e+01	4.151188e+01	1.175094e+02
437	1.251790e+01	2.523745e+03	4.356887e+02	3.202557e+02	7.726405e+01	4.158895e+01	1.185188e+02
438	1.254655e+01	2.520789e+03	4.355996e+02	3.201380e+02	7.726831e+01	4.153796e+01	1.194716e+02
439	1.257519e+01	2.502226e+03	4.355293e+02	3.199474e+02	7.679002e+01	4.148890e+01	1.198878e+02
440	1.260384e+01	2.496446e+03	4.355294e+02	3.195235e+02	7.668180e+01	4.145148e+01	1.207594e+02
441	1.263248e+01	2.515358e+03	4.354825e+02	3.192614e+02	7.727032e+01	4.144739e+01	1.219272e+02
442	1.266113e+01	2.526272e+03	4.354730e+02	3.190836e+02	7.732977e+01	4.159523e+01	1.227310e+02
443	1.268977e+01	2.503608e+03	4.352560e+02	3.187745e+02	7.700352e+01	4.139671e+01	1.231123e+02
444	1.271842e+01	2.521804e+03	4.353563e+02	3.185635e+02	7.699729e+01	4.170095e+01	1.242163e+02
445	1.274706e+01	2.514938e+03	4.353601e+02	3.182552e+02	7.707812e+01	4.154381e+01	1.245735e+02
446	1.277571e+01	2.524040e+03	4.352400e+02	3.179597e+02	7.721096e+01	4.162243e+01	1.254715e+02
447	1.280435e+01	2.506462e+03	4.351015e+02	3.177387e+02	7.681968e+01	4.154309e+01	1.264802e+02
448	1.283300e+01	2.502318e+03	4.351701e+02	3.175582e+02	7.692316e+01	4.141861e+01	1.269319e+02
449	1.286164e+01	2.502034e+03	4.351413e+02	3.173035e+02	7.663284e+01	4.157081e+01	1.273441e+02
450	1.289029e+01	2.510647e+03	4.351308e+02	3.170639e+02	7.660880e+01	4.172700e+01	1.280011e+02
451	1.291893e+01	2.512004e+03	4.350959e+02	3.166145e+02	7.685974e+01	4.161324e+01	1.291136e+02
452	1.294758e+01	2.504250e+03	4.350992e+02	3.165087e+02	7.684875e+01	4.149072e+01	1.298174e+02
453	1.297622e+01	2.526523e+03	4.351081e+02	3.159655e+02	7.587006e+01	4.239972e+01	1.308684e+02
454	1.300487e+01	2.512638e+03	4.351155e+02	3.159345e+02	7.676777e+01	4.167360e+01	1.312643e+02
455	1.303351e+01	2.498841e+03	4.350180e+02	3.157473e+02	7.679787e+01	4.142854e+01	1.325558e+02
456	1.306216e+01	2.507006e+03	4.351635e+02	3.156528e+02	7.705083e+01	4.142745e+01	1.331886e+02
457	1.309080e+01	2.531188e+03	4.353374e+02	3.153189e+02	7.690893e+01	4.190422e+01	1.335337e+02
458	1.311945e+01	2.522112e+03	4.352319e+02	3.151337e+02	7.713509e+01	4.163154e+01	1.342684e+02
459	1.314810e+01	2.515799e+03	4.353178e+02	3.149129e+02	7.709173e+01	4.155070e+01	1.352371e+02
460	1.317674e+01	2.522098e+03	4.352723e+02	3.143580e+02	7.691715e+01	4.174928e+01	1.360135e+02
461	1.320539e+01	2.507199e+03	4.354537e+02	3.142854e+02	7.703231e+01	4.144060e+01	1.369863e+02
462	1.323403e+01	2.509439e+03	4.352982e+02	3.138822e+02	7.695898e+01	4.151714e+01	1.372985e+02
463	1.326268e+01	2.509969e+03	4.353095e+02	3.138303e+02	7.718840e+01	4.140248e+01	1.381450e+02
464	1.329132e+01	2.520174e+03	4.354006e+02	3.137039e+02	7.734943e+01	4.148427e+01	1.392160e+02
465	1.331997e+01	2.494722e+03	4.354894e+02	3.132876e+02	7.703557e+01	4.123263e+01	1.394996e+02
466	1.334861e+01	2.507168e+03	4.355149e+02	3.129835e+02	7.726668e+01	4.131439e+01	1.399867e+02
467	1.337726e+01	2.497920e+03	4.356180e+02	3.129663e+02	7.690796e+01	4.135398e+01	1.414478e+02
468	1.340590e+01	2.504896e+03	4.357030e+02	3.126564e+02	7.733056e+01	4.124286e+01	1.424717e+02
469	1.343455e+01	2.493676e+03	4.357505e+02	3.123427e+02	7.688239e+01	4.129744e+01	1.430024e+02
470	1.346319e+01	2.512224e+03	4.359667e+02	3.120938e+02	7.679806e+01	4.165031e+01	1.435797e+02
471	1.349184e+01	2.507536e+03	4.357659e+02	3.115468e+02	7.691061e+01	4.151174e+01	1.444918e+02
472	1.352048e+01	2.501026e+03	4.358941e+02	3.114909e+02	7.687392e+01	4.142374e+01	1.449142e+02
473	1.354913e+01	2.515006e+03	4.359540e+02	3.113013e+02	7.720611e+01	4.147606e+01	1.460235e+02
474	1.357777e+01	2.504929e+03	4.360631e+02	3.110581e+02	7.695216e+01	4.144620e+01	1.468497e+02
475	1.360642e+01	2.508658e+03	4.362151e+02	3.108630e+02	7.708014e+01	4.143898e+01	1.478987e+02
476	1.363506e+01	2.511787e+03	4.361534e+02	3.105273e+02	7.693444e+01	4.156924e+01	1.484593e+02
477	1.366371e+01	2.491902e+03	4.363264e+02	3.102614e+02	7.675466e+01	4.133675e+01	1.495110e+02
478	1.369235e+01	2.500709e+03	4.364153e+02	3.101385e+02	7.707935e+01	4.130811e+01	1.499499e+02
479	1.372100e+01	2.512084e+03	4.365025e+02	3.099714e+02	7.707063e+01	4.150069e+01	1.506876e+02
480	1.374964e+01	2.507511e+03	4.366435e+02	3.096393e+02	7.682492e+01	4.155763e+01	1.514976e+02
481	1.377829e+01	2.489647e+03	4.366480e+02	3.092999e+02	7.696700e+01	4.118541e+01	1.523792e+02
482	1.380693e+01	2.506676e+03	4.368582e+02	3.091380e+02	7.773067e+01	4.105972e+01	1.533755e+02
483	1.383558e+01	2.518396e+03	4.369324e+02	3.088903e+02	7.754233e+01	4.135188e+01	1.540187e+02
484	1.386422e+01	2.514137e+03	4.371418e+02	3.087003e+02	7.731537e+01	4.140314e+01	1.551075e+02
485	1.389287e+01	2.512788e+03	4.371839e+02	3.082640e+02	7.730374e+01	4.138714e+01	1.559492e+02
486	1.392151e+01	2.536442e+03	4.373580e+02	3.080738e+02	7.809908e+01	4.135130e+01	1.563056e+02
487	1.395016e+01	2.510016e+03	4.372418e+02	3.078039e+02	7.801826e+01	4.096287e+01	1.572653e+02
488	1.397880e+01	2.527126e+03	4.375239e+02	3.075811e+02	7.752396e+01	4.150506e+01	1.582379e+02
489	1.400745e+01	2.508811e+03	4.376060e+02	3.076515e+02	7.796561e+01	4.097085e+01	1.586053e+02
490	1.403609e+01	2.504780e+03	4.376769e+02	3.072381e+02	7.805393e+01	4.085873e+01	1.591982e+02
491	1.406474e+01	2.495910e+03	4.378426e+02	3.068812e+02	7.738929e+01	4.106372e+01	1.604571e+02
492	1.409338e+01	2.510165e+03	4.379865e+02	3.066182e+02	7.734431e+01	4.132226e+01	1.613683e+02
493	1.412203e+01	2.524761e+03	4.383618e+02	3.065108e+02	7.728858e+01	4.159250e+01	1.617784e+02
494	1.415067e+01	2.503194e+03	4.383386e+02	3.064116e+02	7.723933e+01	4.126350e+01	1.626081e+02
495	1.417932e+01	2.512619e+03	4.384267e+02	3.058255e+02	7.722018e+01	4.142915e+01	1.634827e+02
496	1.420796e+01	2.521156e+03	4.385947e+02	3.055408e+02	7.707316e+01	4.164920e+01	1.641951e+02
497	1.423661e+01	2.497521e+03	4.386931e+02	3.055729e+02	7.732739e+01	4.112310e+01	1.649626e+02
498	1.426525e+01	2.521765e+03	4.387965e+02	3.052495e+02	7.756306e+01	4.139613e+01	1.651314e+02
499	1.429390e+01	2.515420e+03	4.388504e+02	3.050222e+02	7.771793e+01	4.120969e+01	1.664360e+02
500	1.432254e+01	2.521496e+03	4.393208e+02	3.049388e+02	7.751853e+01	4.141549e+01	1.673377e+02
501	1.435119e+01	2.515836e+03	4.393109e+02	3.047165e+02	7.713728e+01	4.152676e+01	1.679906e+02
502	1.437983e+01	2.519485e+03	4.394498e+02	3.046431e+02	7.706431e+01	4.162638e+01	1.685779e+02
503	1.440848e+01	2.506740e+03	4.394975e+02	3.043385e+02	7.726726e+01	4.130702e+01	1.696231e+02
504	1.443712e+01	2.531084e+03	4.399796e+02	3.041356e+02	7.748746e+01	4.158965e+01	1.700226e+02
505	1.446577e+01	2.532330e+03	4.400267e+02	3.037999e+02	7.747591e+01	4.161633e+01	1.715750e+02
506	1.449441e+01	2.521492e+03	4.402379e+02	3.038746e+02	7.707171e+01	4.165553e+01	1.715548e+02
507	1.452306e+01	2.522329e+03	4.403151e+02	3.038112e+02	7.751526e+01	4.143093e+01	1.718846e+02
508	1.455170e+01	2.512122e+03	4.405572e+02	3.037116e+02	7.765019e+01	4.119157e+01	1.729451e+02
509	1.458035e+01	2.508007e+03	4.407260e+02	3.032558e+02	7.709535e+01	4.142005e+01	1.743340e+02
510	1.460899e+01	2.523465e+03	4.410895e+02	3.029757e+02	7.668620e+01	4.189770e+01	1.750204e+02
511	1.463764e+01	2.521632e+03	4.410853e+02	3.027995e+02	7.744612e+01	4.145645e+01	1.756022e+02
512	1.466628e+01	2.537706e+03	4.413338e+02	3.023986e+02	7.748437e+01	4.170013e+01	1.767362e+02
513	1.469493e+01	2.541426e+03	4.415703e+02	3.026263e+02	7.757349e+01	4.171327e+01	1.776644e+02
514	1.472357e+01	2.536189e+03	4.418896e+02	3.023588e+02	7.691059e+01	4.198611e+01	1.778536e+02
515	1.475222e+01	2.526327e+03	4.419292e+02	3.021219e+02	7.766545e+01	4.141635e+01	1.788065e+02
516	1.478087e+01	2.522195e+03	4.422700e+02	3.021040e+02	7.729421e+01	4.154720e+01	1.797755e+02
517	1.480951e+01	2.529720e+03	4.423766e+02	3.017417e+02	7.742679e+01	4.159981e+01	7.915823e-01
518	1.483816e+01	2.547164e+03	4.425873e+02	3.016995e+02	7.775210e+01	4.171142e+01	1.477259e+00
519	1.486680e+01	2.554946e+03	4.428806e+02	3.014731e+02	7.730592e+01	4.208033e+01	2.326677e+00
520	1.489545e+01	2.552600e+03	4.430061e+02	3.010924e+02	7.741279e+01	4.198365e+01	3.353581e+00
521	1.492409e+01	2.547132e+03	4.432592e+02	3.010075e+02	7.725720e+01	4.197809e+01	3.964622e+00
522	1.495274e+01	2.562984e+03	4.435463e+02	3.008779e+02	7.749121e+01	4.211179e+01	5.008887e+00
523	1.498138e+01	2.538713e+03	4.436672e+02	3.007469e+02	7.758456e+01	4.166280e+01	5.330009e+00
524	1.501003e+01	2.548334e+03	4.439550e+02	3.003745e+02	7.728817e+01	4.198106e+01	6.438811e+00
525	1.503867e+01	2.542705e+03	4.441873e+02	3.003841e+02	7.702074e+01	4.203379e+01	7.086086e+00
526	1.506732e+01	2.557942e+03	4.444077e+02	3.002151e+02	7.767418e+01	4.192993e+01	8.076804e+00
527	1.509596e+01	2.543588e+03	4.446111e+02	3.001274e+02	7.740270e+01	4.184088e+01	8.831364e+00
528	1.512461e+01	2.544858e+03	4.447982e+02	2.999797e+02	7.723445e+01	4.195296e+01	9.588749e+00
529	1.515325e+01	2.538144e+03	4.451342e+02	2.997492e+02	7.736203e+01	4.177328e+01	1.018337e+01
530	1.518190e+01	2.555514e+03	4.452768e+02	2.997015e+02	7.757893e+01	4.194156e+01	1.109611e+01
531	1.521054e+01	2.541512e+03	4.456062e+02	2.996510e+02	7.690418e+01	4.207773e+01	1.165767e+01
532	1.523919e+01	2.548774e+03	4.456880e+02	2.996442e+02	7.732670e+01	4.196740e+01	1.250682e+01
533	1.526783e+01	2.537046e+03	4.460992e+02	2.993285e+02	7.645464e+01	4.225077e+01	1.336871e+01
534	1.529648e+01	2.528691e+03	4.462399e+02	2.992269e+02	7.597578e+01	4.237705e+01	1.410780e+01
535	1.532512e+01	2.529875e+03	4.466240e+02	2.988460e+02	7.619421e+01	4.227534e+01	1.514211e+01
536	1.535377e+01	2.534729e+03	4.465865e+02	2.989771e+02	7.660725e+01	4.212809e+01	1.572538e+01
537	1.538241e+01	2.553292e+03	4.469779e+02	2.987673e+02	7.729017e+01	4.206165e+01	1.685622e+01
538	1.541106e+01	2.563598e+03	4.472687e+02	2.987295e+02	7.711730e+01	4.232609e+01	1.795702e+01
539	1.543970e+01	2.534572e+03	4.473690e+02	2.988039e+02	7.654344e+01	4.216059e+01	1.822066e+01
540	1.546835e+01	2.551336e+03	4.477254e+02	2.984328e+02	7.680128e+01	4.229697e+01	1.930324e+01
541	1.549699e+01	2.543473e+03	4.480433e+02	2.982500e+02	7.659980e+01	4.227753e+01	2.018173e+01
542	1.552564e+01	2.545820e+03	4.481461e+02	2.983689e+02	7.697788e+01	4.210870e+01	2.088095e+01
543	1.555428e+01	2.544735e+03	4.483892e+02	2.983175e+02	7.670667e+01	4.223958e+01	2.140500e+01
544	1.558293e+01	2.553909e+03	4.486368e+02	2.981462e+02	7.748972e+01	4.196348e+01	2.248091e+01
545	1.561157e+01	2.551600e+03	4.490204e+02	2.980207e+02	7.714508e+01	4.211284e+01	2.333856e+01
546	1.564022e+01	2.565447e+03	4.493241e+02	2.977390e+02	7.717787e+01	4.232339e+01	2.434527e+01
547	1.566886e+01	2.552199e+03	4.494954e+02	2.978524e+02	7.696529e+01	4.222111e+01	2.484609e+01
548	1.569751e+01	2.546676e+03	4.496882e+02	2.978700e+02	7.666295e+01	4.229590e+01	2.562770e+01
549	1.572615e+01	2.555676e+03	4.500225e+02	2.977477e+02	7.714740e+01	4.217883e+01	2.650873e+01
550	1.575480e+01	2.512922e+03	4.503205e+02	2.977651e+02	7.617936e+01	4.200024e+01	2.755836e+01
551	1.578344e+01	2.526432e+03	4.505635e+02	2.978483e+02	7.630061e+01	4.215894e+01	2.855045e+01
552	1.581209e+01	2.534242e+03	4.507432e+02	2.976459e+02	7.657124e+01	4.213981e+01	2.877406e+01
553	1.584073e+01	2.530494e+03	4.509673e+02	2.977380e+02	7.616122e+01	4.230402e+01	3.009934e+01
554	1.586938e+01	2.549615e+03	4.514066e+02	2.974301e+02	7.698858e+01	4.216561e+01	3.058450e+01
555	1.589802e+01	2.518853e+03	4.516619e+02	2.973793e+02	7.596792e+01	4.221655e+01	3.158891e+01
556	1.592667e+01	2.546679e+03	4.517237e+02	2.975536e+02	7.676380e+01	4.224039e+01	3.231446e+01
557	1.595531e+01	2.540730e+03	4.520234e+02	2.973189e+02	7.699072e+01	4.201750e+01	3.301965e+01
558	1.598396e+01	2.529140e+03	4.524569e+02	2.971493e+02	7.654086e+01	4.207167e+01	3.384373e+01
559	1.601260e+01	2.529306e+03	4.525282e+02	2.974579e+02	7.659782e+01	4.204313e+01	3.477903e+01
560	1.604125e+01	2.530514e+03	4.529290e+02	2.971698e+02	7.664693e+01	4.203626e+01	3.585499e+01
561	1.606989e+01	2.598391e+03	4.528471e+02	2.971541e+02	7.686868e+01	4.303930e+01	3.798114e+01
562	1.609854e+01	2.542511e+03	4.535975e+02	2.970643e+02	7.713118e+01	4.197039e+01	3.715062e+01
563	1.612718e+01	2.692730e+03	4.547631e+02	2.976722e+02	7.505397e+01	4.568034e+01	3.862202e+01
564	1.615583e+01	2.565461e+03	4.537715e+02	2.972593e+02	7.749142e+01	4.215237e+01	3.996537e+01
565	1.618447e+01	2.534177e+03	4.542918e+02	2.971054e+02	7.681158e+01	4.200687e+01	3.990727e+01
566	1.621312e+01	2.551510e+03	4.546923e+02	2.970119e+02	7.745879e+01	4.194079e+01	4.063591e+01
567	1.624176e+01	2.541160e+03	4.547782e+02	2.969795e+02	7.733162e+01	4.183936e+01	4.149187e+01
568	1.627041e+01	2.565236e+03	4.552585e+02	2.968456e+02	7.772860e+01	4.202005e+01	4.241601e+01
569	1.629905e+01	2.537428e+03	4.553559e+02	2.971254e+02	7.709445e+01	4.190643e+01	4.318313e+01
570	1.632770e+01	2.557378e+03	4.557892e+02	2.969086e+02	7.761267e+01	4.195391e+01	4.432783e+01
571	1.635634e+01	2.537902e+03	4.558334e+02	2.971485e+02	7.712653e+01	4.189684e+01	4.460284e+01
572	1.638499e+01	2.530926e+03	4.561140e+02	2.972156e+02	7.711749e+01	4.178656e+01	4.528302e+01
573	1.641364e+01	2.543374e+03	4.563503e+02	2.971885e+02	7.754678e+01	4.175962e+01	4.602421e+01
574	1.644228e+01	2.534980e+03	4.565565e+02	2.972428e+02	7.735563e+01	4.172465e+01	4.684481e+01
575	1.647093e+01	2.543909e+03	4.567709e+02	2.972299e+02	7.772993e+01	4.166999e+01	4.766016e+01
576	1.649957e+01	2.547901e+03	4.571176e+02	2.971292e+02	7.782364e+01	4.168512e+01	4.843676e+01
577	1.652822e+01	2.551585e+03	4.575500e+02	2.971745e+02	7.744975e+01	4.194693e+01	4.928930e+01
578	1.655686e+01	2.540111e+03	4.577598e+02	2.971718e+02	7.793143e+01	4.150021e+01	5.022664e+01
579	1.658551e+01	2.532745e+03	4.580180e+02	2.973112e+02	7.769715e+01	4.150462e+01	5.115582e+01
580	1.661415e+01	2.545479e+03	4.583070e+02	2.973151e+02	7.802039e+01	4.154047e+01	5.175177e+01
581	1.664280e+01	2.547263e+03	4.585397e+02	2.973304e+02	7.823260e+01	4.145684e+01	5.225719e+01
582	1.667144e+01	2.547090e+03	4.590491e+02	2.972335e+02	7.828049e+01	4.142866e+01	5.316238e+01
583	1.670009e+01	2.550522e+03	4.592822e+02	2.973776e+02	7.836859e+01	4.143785e+01	5.421990e+01
584	1.672873e+01	2.548176e+03	4.593074e+02	2.974524e+02	7.858351e+01	4.128651e+01	5.481289e+01
585	1.675738e+01	2.541970e+03	4.596676e+02	2.974347e+02	7.876758e+01	4.108971e+01	5.563509e+01
586	1.678602e+01	2.545230e+03	4.600033e+02	2.973787e+02	7.851262e+01	4.127601e+01	5.587724e+01
587	1.681467e+01	2.533880e+03	4.602453e+02	2.975952e+02	7.811787e+01	4.129959e+01	5.657238e+01
588	1.684331e+01	2.528889e+03	4.602880e+02	2.977936e+02	7.803081e+01	4.126423e+01	5.786067e+01
589	1.687196e+01	2.544614e+03	4.606336e+02	2.978433e+02	7.856744e+01	4.123722e+01	5.872565e+01
590	1.690060e+01	2.523677e+03	4.608660e+02	2.980087e+02	7.830961e+01	4.103259e+01	6.008295e+01
591	1.692925e+01	2.533655e+03	4.611382e+02	2.979729e+02	7.857513e+01	4.105560e+01	6.040866e+01
592	1.695789e+01	2.529492e+03	4.614471e+02	2.980030e+02	7.836181e+01	4.109972e+01	6.109687e+01
593	1.698654e+01	2.543768e+03	4.618315e+02	2.981110e+02	7.875638e+01	4.112462e+01	6.183923e+01
594	1.701518e+01	2.539649e+03	4.619326e+02	2.981110e+02	7.848371e+01	4.120066e+01	6.272909e+01
595	1.704383e+01	2.531148e+03	4.621675e+02	2.982598e+02	7.849493e+01	4.105689e+01	6.321060e+01
596	1.707247e+01	2.522291e+03	4.623047e+02	2.983505e+02	7.863866e+01	4.083846e+01	6.426146e+01
597	1.710112e+01	2.514905e+03	4.626148e+02	2.985523e+02	7.819427e+01	4.095027e+01	6.500642e+01
598	1.712976e+01	2.535951e+03	4.630789e+02	2.985355e+02	7.834026e+01	4.121601e+01	6.575918e+01
599	1.715841e+01	2.530146e+03	4.631810e+02	2.987466e+02	7.872372e+01	4.092137e+01	6.635202e+01
600	1.718705e+01	2.533541e+03	4.634424e+02	2.988727e+02	7.882435e+01	4.092397e+01	6.751026e+01
601	1.721570e+01	2.542846e+03	4.638210e+02	2.988727e+02	7.909460e+01	4.093393e+01	6.793301e+01
602	1.724434e+01	2.533897e+03	4.639750e+02	2.990411e+02	7.886649e+01	4.090784e+01	6.877320e+01
603	1.727299e+01	2.543048e+03	4.643097e+02	2.991438e+02	7.916525e+01	4.090064e+01	6.934717e+01
604	1.730163e+01	2.529670e+03	4.644300e+02	2.992617e+02	7.917814e+01	4.067885e+01	6.990323e+01
605	1.733028e+01	2.527440e+03	4.646525e+02	2.994835e+02	7.893909e+01	4.076607e+01	7.095679e+01
606	1.735892e+01	2.536656e+03	4.649993e+02	2.995134e+02	7.936234e+01	4.069652e+01	7.159946e+01
607	1.738757e+01	2.507904e+03	4.649973e+02	2.997740e+02	7.933590e+01	4.024865e+01	7.278155e+01
608	1.741621e+01	2.513995e+03	4.653662e+02	2.998568e+02	7.930163e+01	4.036383e+01	7.291157e+01
609	1.744486e+01	2.538528e+03	4.657952e+02	2.997983e+02	7.934576e+01	4.073506e+01	7.369048e+01
610	1.747350e+01	2.516273e+03	4.658096e+02	3.000430e+02	7.943524e+01	4.033246e+01	7.408772e+01
611	1.750215e+01	2.524451e+03	4.660069e+02	3.001569e+02	7.941948e+01	4.047156e+01	7.505439e+01
612	1.753079e+01	2.518363e+03	4.662045e+02	3.004388e+02	7.927535e+01	4.044738e+01	7.549008e+01
613	1.755944e+01	2.498529e+03	4.664292e+02	3.003878e+02	7.908002e+01	4.022794e+01	7.640800e+01
614	1.758808e+01	2.520267e+03	4.665742e+02	3.007195e+02	7.942691e+01	4.040070e+01	7.709282e+01
615	1.761673e+01	2.512049e+03	4.668624e+02	3.008804e+02	7.928930e+01	4.033886e+01	7.835623e+01
616	1.764537e+01	2.514672e+03	4.672670e+02	3.010839e+02	7.924040e+01	4.040591e+01	7.868700e+01
617	1.767402e+01	2.519967e+03	4.673734e+02	3.012239e+02	7.893981e+01	4.064516e+01	7.979053e+01
618	1.770266e+01	2.528460e+03	4.677785e+02	3.012987e+02	7.934863e+01	4.057203e+01	8.006342e+01
619	1.773131e+01	2.509319e+03	4.679160e+02	3.014141e+02	7.913093e+01	4.037568e+01	8.078492e+01
620	1.775995e+01	2.521204e+03	4.679470e+02	3.016422e+02	7.908837e+01	4.058873e+01	8.134106e+01
621	1.778860e+01	2.529698e+03	4.683732e+02	3.017156e+02	7.908387e+01	4.072780e+01	8.201132e+01
622	1.781724e+01	2.531983e+03	4.684252e+02	3.019231e+02	7.967296e+01	4.046318e+01	8.303603e+01
623	1.784589e+01	2.518559e+03	4.685774e+02	3.020727e+02	7.914106e+01	4.051915e+01	8.340998e+01
624	1.787453e+01	2.519649e+03	4.688748e+02	3.023968e+02	7.919372e+01	4.050974e+01	8.456938e+01
625	1.790318e+01	2.534240e+03	4.691793e+02	3.024055e+02	7.979498e+01	4.043731e+01	8.497014e+01
626	1.793182e+01	2.516262e+03	4.693369e+02	3.026517e+02	7.927618e+01	4.041320e+01	8.606326e+01
627	1.796047e+01	2.518953e+03	4.694579e+02	3.029768e+02	7.945076e+01	4.036753e+01	8.698640e+01
628	1.798911e+01	2.542965e+03	4.696535e+02	3.030403e+02	8.005399e+01	4.044525e+01	8.739950e+01
629	1.801776e+01	2.520167e+03	4.696525e+02	3.032426e+02	7.952441e+01	4.034958e+01	8.807820e+01
630	1.804641e+01	2.527385e+03	4.699312e+02	3.034291e+02	7.971660e+01	4.036759e+01	8.884904e+01
631	1.807505e+01	2.519052e+03	4.701525e+02	3.036046e+02	7.968063e+01	4.025264e+01	8.966888e+01
632	1.810370e+01	2.510100e+03	4.702645e+02	3.039340e+02	7.906561e+01	4.042160e+01	9.021497e+01
633	1.813234e+01	2.518956e+03	4.706291e+02	3.041658e+02	7.975517e+01	4.021350e+01	9.089484e+01
634	1.816099e+01	2.519996e+03	4.707719e+02	3.042751e+02	7.938383e+01	4.041828e+01	9.195697e+01
635	1.818963e+01	2.522876e+03	4.709605e+02	3.045776e+02	7.937124e+01	4.047090e+01	9.247609e+01
636	1.821828e+01	2.516049e+03	4.710890e+02	3.047809e+02	7.913379e+01	4.048249e+01	9.311182e+01
637	1.824692e+01	2.521230e+03	4.712148e+02	3.050025e+02	7.943923e+01	4.040988e+01	9.396521e+01
638	1.827557e+01	2.516325e+03	4.711777e+02	3.051184e+02	7.945773e+01	4.032187e+01	9.450697e+01
639	1.830421e+01	2.530093e+03	4.717042e+02	3.053974e+02	7.910276e+01	4.072443e+01	9.526190e+01
640	1.833286e+01	2.526046e+03	4.716188e+02	3.057267e+02	7.923967e+01	4.058903e+01	9.590083e+01
641	1.836150e+01	2.515308e+03	4.716858e+02	3.060041e+02	7.866177e+01	4.071341e+01	9.668039e+01
642	1.839015e+01	2.514264e+03	4.720840e+02	3.062162e+02	7.870204e+01	4.067569e+01	9.767991e+01
643	1.841879e+01	2.531039e+03	4.720986e+02	3.063568e+02	7.895142e+01	4.081774e+01	9.883235e+01
644	1.844744e+01	2.532351e+03	4.723385e+02	3.065240e+02	7.902473e+01	4.080103e+01	9.914676e+01
645	1.847608e+01	2.516552e+03	4.723607e+02	3.068315e+02	7.852055e+01	4.080682e+01	9.952133e+01
646	1.850473e+01	2.506906e+03	4.724477e+02	3.069787e+02	7.825182e+01	4.079000e+01	1.006027e+02
647	1.853337e+01	2.512220e+03	4.728981e+02	3.074566e+02	7.848817e+01	4.075338e+01	1.011149e+02
648	1.856202e+01	2.503765e+03	4.726543e+02	3.075453e+02	7.840294e+01	4.066037e+01	1.017721e+02
649	1.859066e+01	2.529538e+03	4.726838e+02	3.078141e+02	7.840555e+01	4.107755e+01	1.029474e+02
650	1.861931e+01	2.517573e+03	4.730303e+02	3.081291e+02	7.849245e+01	4.083798e+01	1.032478e+02
651	1.864795e+01	2.486767e+03	4.731121e+02	3.084242e+02	7.787804e+01	4.065652e+01	1.036393e+02
652	1.867660e+01	2.521838e+03	4.732602e+02	3.085749e+02	7.814947e+01	4.108671e+01	1.048446e+02
653	1.870524e+01	2.504306e+03	4.734016e+02	3.089348e+02	7.824697e+01	4.075021e+01	1.056353e+02
654	1.873389e+01	2.526057e+03	4.735748e+02	3.092105e+02	7.831269e+01	4.106966e+01	1.068703e+02
655	1.876253e+01	2.504015e+03	4.739707e+02	3.096550e+02	7.753742e+01	4.111835e+01	1.067498e+02
656	1.879118e+01	2.505398e+03	4.736535e+02	3.096698e+02	7.784563e+01	4.097818e+01	1.079318e+02
657	1.881982e+01	2.522133e+03	4.736523e+02	3.098872e+02	7.853713e+01	4.088868e+01	1.092530e+02
658	1.884847e+01	2.505474e+03	4.739370e+02	3.102435e+02	7.763661e+01	4.108975e+01	1.096931e+02
659	1.887711e+01	2.515639e+03	4.740037e+02	3.103685e+02	7.823202e+01	4.094246e+01	1.101106e+02
660	1.890576e+01	2.495414e+03	4.740848e+02	3.106874e+02	7.768922e+01	4.089705e+01	1.106809e+02
661	1.893440e+01	2.525157e+03	4.739792e+02	3.107690e+02	7.832815e+01	4.104693e+01	1.115084e+02
662	1.896305e+01	2.512603e+03	4.739177e+02	3.109910e+02	7.728913e+01	4.139193e+01	1.123000e+02
663	1.899169e+01	2.511813e+03	4.741390e+02	3.113901e+02	7.786273e+01	4.107408e+01	1.134203e+02
664	1.902034e+01	2.515093e+03	4.740154e+02	3.114878e+02	7.741132e+01	4.136755e+01	1.141553e+02
665	1.904898e+01	2.503944e+03	4.742258e+02	3.119407e+02	7.694006e+01	4.143642e+01	1.143598e+02
666	1.907763e+01	2.503539e+03	4.746137e+02	3.125259e+02	7.692578e+01	4.143740e+01	1.153829e+02
667	1.910627e+01	2.532357e+03	4.745259e+02	3.124560e+02	7.791154e+01	4.138408e+01	1.164977e+02
668	1.913492e+01	2.501392e+03	4.745446e+02	3.127009e+02	7.769173e+01	4.099371e+01	1.167346e+02
669	1.916356e+01	2.529354e+03	4.746317e+02	3.130876e+02	7.787687e+01	4.135339e+01	1.181264e+02
670	1.919221e+01	2.516459e+03	4.746091e+02	3.131688e+02	7.766318e+01	4.125578e+01	1.190072e+02
671	1.922085e+01	2.513360e+03	4.746591e+02	3.136032e+02	7.707153e+01	4.152129e+01	1.196055e+02
672	1.924950e+01	2.492378e+03	4.749792e+02	3.141779e+02	7.630151e+01	4.159019e+01	1.202164e+02
673	1.927814e+01	2.514567e+03	4.747771e+02	3.141689e+02	7.739331e+01	4.136850e+01	1.212272e+02
674	1.930679e+01	2.513616e+03	4.747591e+02	3.143688e+02	7.713970e+01	4.148883e+01	1.221681e+02
675	1.933543e+01	2.517274e+03	4.750170e+02	3.148345e+02	7.712760e+01	4.155572e+01	1.228520e+02
676	1.936408e+01	2.505612e+03	4.751838e+02	3.152124e+02	7.697620e+01	4.144455e+01	1.231787e+02
677	1.939272e+01	2.516153e+03	4.750057e+02	3.154297e+02	7.711996e+01	4.154132e+01	1.242682e+02
678	1.942137e+01	2.513922e+03	4.750286e+02	3.157456e+02	7.727879e+01	4.141919e+01	1.253082e+02
679	1.945001e+01	2.492490e+03	4.750958e+02	3.159934e+02	7.645629e+01	4.150785e+01	1.258609e+02
680	1.947866e+01	2.510495e+03	4.750854e+02	3.162363e+02	7.648022e+01	4.179462e+01	1.271743e+02
681	1.950730e+01	2.519940e+03	4.750097e+02	3.166395e+02	7.719435e+01	4.156376e+01	1.282423e+02
682	1.953595e+01	2.515562e+03	4.748142e+02	3.166341e+02	7.683680e+01	4.168462e+01	1.288624e+02
683	1.956459e+01	2.507555e+03	4.749194e+02	3.170478e+02	7.703812e+01	4.144336e+01	1.291661e+02
684	1.959324e+01	2.509792e+03	4.751824e+02	3.175670e+02	7.713673e+01	4.142730e+01	1.300247e+02
685	1.962188e+01	2.503405e+03	4.751319e+02	3.177859e+02	7.712386e+01	4.132877e+01	1.308848e+02
686	1.965053e+01	2.544478e+03	4.749761e+02	3.178178e+02	7.773646e+01	4.167580e+01	1.321344e+02
687	1.967918e+01	2.520878e+03	4.749584e+02	3.180783e+02	7.758619e+01	4.136924e+01	1.328161e+02
688	1.970782e+01	2.531013e+03	4.752037e+02	3.186240e+02	7.785123e+01	4.139415e+01	1.332132e+02
689	1.973647e+01	2.538196e+03	4.750477e+02	3.187931e+02	7.758043e+01	4.165654e+01	1.349247e+02
690	1.976511e+01	2.534744e+03	4.748864e+02	3.189898e+02	7.749269e+01	4.164698e+01	1.356348e+02
691	1.979376e+01	2.553067e+03	4.750585e+02	3.194319e+02	7.795073e+01	4.170155e+01	1.364770e+02
692	1.982240e+01	2.531495e+03	4.748423e+02	3.196074e+02	7.725319e+01	4.172255e+01	1.371707e+02
693	1.985105e+01	2.554062e+03	4.747894e+02	3.198402e+02	7.795379e+01	4.171616e+01	1.384846e+02
694	1.987969e+01	2.511651e+03	4.747161e+02	3.200134e+02	7.707946e+01	4.148878e+01	1.389605e+02
695	1.990834e+01	2.534202e+03	4.746666e+02	3.202917e+02	7.738640e+01	4.169526e+01	1.398744e+02
696	1.993698e+01	2.538058e+03	4.746632e+02	3.206983e+02	7.772034e+01	4.157928e+01	1.411090e+02
697	1.996563e+01	2.539812e+03	4.746589e+02	3.210876e+02	7.737717e+01	4.179254e+01	1.412109e+02
698	1.999427e+01	2.562192e+03	4.746194e+02	3.212381e+02	7.801765e+01	4.181469e+01	1.422698e+02
699	2.002292e+01	2.530509e+03	4.745650e+02	3.216181e+02	7.696323e+01	4.186343e+01	1.431372e+02
700	2.005156e+01	2.561439e+03	4.745638e+02	3.216909e+02	7.813428e+01	4.174000e+01	1.437572e+02
701	2.008021e+01	2.552095e+03	4.744727e+02	3.221244e+02	7.809180e+01	4.161037e+01	1.446205e+02
702	2.010885e+01	2.560507e+03	4.745021e+02	3.224969e+02	7.802667e+01	4.178236e+01	1.450352e+02
703	2.013750e+01	2.559484e+03	4.743704e+02	3.226736e+02	7.870290e+01	4.140680e+01	1.460533e+02
704	2.016614e+01	2.554536e+03	4.741914e+02	3.228051e+02	7.802714e+01	4.168468e+01	1.470889e+02
705	2.019479e+01	2.564545e+03	4.741586e+02	3.232138e+02	7.835961e+01	4.167045e+01	1.479256e+02
706	2.022343e+01	2.554540e+03	4.739624e+02	3.233474e+02	7.818781e+01	4.159908e+01	1.483366e+02
707	2.025208e+01	2.568365e+03	4.740887e+02	3.237519e+02	7.843723e+01	4.169122e+01	1.490138e+02
708	2.028072e+01	2.548132e+03	4.738910e+02	3.239757e+02	7.812255e+01	4.152940e+01	1.499932e+02
709	2.030937e+01	2.545825e+03	4.738547e+02	3.241697e+02	7.788001e+01	4.162101e+01	1.512057e+02
710	2.033801e+01	2.568041e+03	4.736919e+02	3.245325e+02	7.869677e+01	4.154849e+01	1.516057e+02
711	2.036666e+01	2.552301e+03	4.736013e+02	3.246689e+02	7.797440e+01	4.167639e+01	1.528479e+02
712	2.039530e+01	2.553424e+03	4.734816e+02	3.248056e+02	7.768335e+01	4.185094e+01	1.535831e+02
713	2.042395e+01	2.577786e+03	4.733721e+02	3.251568e+02	7.834954e+01	4.189098e+01	1.544731e+02
714	2.045259e+01	2.567099e+03	4.730700e+02	3.253096e+02	7.892904e+01	4.141102e+01	1.553336e+02
715	2.048124e+01	2.555240e+03	4.729667e+02	3.256068e+02	7.850264e+01	4.144361e+01	1.561290e+02
716	2.050988e+01	2.560752e+03	4.728181e+02	3.257160e+02	7.863648e+01	4.146231e+01	1.571060e+02
717	2.053853e+01	2.567155e+03	4.729062e+02	3.262112e+02	7.877816e+01	4.149123e+01	1.579557e+02
718	2.056717e+01	2.559905e+03	4.726924e+02	3.264246e+02	7.815108e+01	4.170604e+01	1.586372e+02
719	2.059582e+01	2.552951e+03	4.726500e+02	3.267216e+02	7.808806e+01	4.162631e+01	1.594536e+02
720	2.062446e+01	2.554929e+03	4.724652e+02	3.269604e+02	7.831806e+01	4.153622e+01	1.600767e+02
721	2.065311e+01	2.561638e+03	4.724033e+02	3.269787e+02	7.833513e+01	4.163622e+01	1.608441e+02
722	2.068175e+01	2.580200e+03	4.722638e+02	3.273380e+02	7.832378e+01	4.194400e+01	1.616434e+02
723	2.071040e+01	2.560674e+03	4.720805e+02	3.276727e+02	7.830038e+01	4.163902e+01	1.624489e+02
724	2.073904e+01	2.570604e+03	4.719415e+02	3.277770e+02	7.802975e+01	4.194547e+01	1.633899e+02
725	2.076769e+01	2.564392e+03	4.718730e+02	3.280844e+02	7.833376e+01	4.168172e+01	1.637675e+02
726	2.079633e+01	2.574717e+03	4.717920e+02	3.282646e+02	7.793269e+01	4.206490e+01	1.647225e+02
727	2.082498e+01	2.575317e+03	4.714451e+02	3.284572e+02	7.837709e+01	4.183614e+01	1.655406e+02
728	2.085362e+01	2.565383e+03	4.714126e+02	3.286584e+02	7.817722e+01	4.178131e+01	1.661407e+02
729	2.088227e+01	2.554731e+03	4.712040e+02	3.290421e+02	7.779779e+01	4.181076e+01	1.665670e+02
730	2.091091e+01	2.572321e+03	4.710554e+02	3.292901e+02	7.851427e+01	4.171447e+01	1.676301e+02
731	2.093956e+01	2.573820e+03	4.709424e+02	3.294458e+02	7.822520e+01	4.189301e+01	1.682751e+02
732	2.096820e+01	2.584637e+03	4.708471e+02	3.294542e+02	7.846748e+01	4.193919e+01	1.690790e+02
733	2.099685e+01	2.573784e+03	4.705300e+02	3.296932e+02	7.838641e+01	4.180627e+01	1.703468e+02
734	2.102549e+01	2.562989e+03	4.703303e+02	3.301544e+02	7.838325e+01	4.163261e+01	1.707939e+02
735	2.105414e+01	2.573203e+03	4.702007e+02	3.303832e+02	7.815847e+01	4.191872e+01	1.715534e+02
736	2.108278e+01	2.588720e+03	4.701643e+02	3.304127e+02	7.833256e+01	4.207778e+01	1.722607e+02
737	2.111143e+01	2.558314e+03	4.698268e+02	3.306958e+02	7.833453e+01	4.158252e+01	1.731955e+02
738	2.114007e+01	2.557850e+03	4.694925e+02	3.306577e+02	7.771964e+01	4.190390e+01	1.739041e+02
739	2.116872e+01	2.581153e+03	4.693746e+02	3.306892e+02	7.856786e+01	4.182914e+01	1.749999e+02
740	2.119736e+01	2.580787e+03	4.692456e+02	3.310363e+02	7.851690e+01	4.185035e+01	1.758787e+02
741	2.122601e+01	2.571894e+03	4.690554e+02	3.311797e+02	7.822431e+01	4.186214e+01	1.765809e+02
742	2.125465e+01	2.582256e+03	4.688269e+02	3.314661e+02	7.813840e+01	4.207701e+01	1.775579e+02
743	2.128330e+01	2.571561e+03	4.686483e+02	3.315919e+02	7.801820e+01	4.196730e+01	1.786359e+02
744	2.131195e+01	2.568409e+03	4.683832e+02	3.317278e+02	7.854250e+01	4.163605e+01	1.791649e+02
745	2.134059e+01	2.573537e+03	4.681617e+02	3.319194e+02	7.829166e+01	4.185284e+01	2.248452e-01
746	2.136924e+01	2.574962e+03	4.679942e+02	3.321838e+02	7.810233e+01	4.197754e+01	8.237333e-01
747	2.139788e+01	2.575375e+03	4.677260e+02	3.323202e+02	7.818310e+01	4.194090e+01	1.863751e+00
748	2.142653e+01	2.567159e+03	4.676091e+02	3.325312e+02	7.785228e+01	4.198475e+01	2.528747e+00
749	2.145517e+01	2.585165e+03	4.673479e+02	3.328272e+02	7.764997e+01	4.238938e+01	2.920759e+00
750	2.148382e+01	2.576644e+03	4.670378e+02	3.329278e+02	7.779285e+01	4.217207e+01	4.148324e+00
751	2.151246e+01	2.571808e+03	4.669865e+02	3.329849e+02	7.778008e+01	4.209983e+01	4.801368e+00
752	2.154111e+01	2.579838e+03	4.668123e+02	3.331264e+02	7.799512e+01	4.211484e+01	5.484120e+00
753	2.156975e+01	2.572119e+03	4.664624e+02	3.332052e+02	7.772466e+01	4.213494e+01	6.664613e+00
754	2.159840e+01	2.582801e+03	4.663318e+02	3.333821e+02	7.772493e+01	4.230978e+01	7.378334e+00
755	2.162704e+01	2.587576e+03	4.661260e+02	3.335984e+02	7.801914e+01	4.222815e+01	8.050317e+00
756	2.165569e+01	2.564061e+03	4.658558e+02	3.337756e+02	7.755209e+01	4.209640e+01	8.528411e+00
757	2.168433e+01	2.573586e+03	4.656697e+02	3.340461e+02	7.760092e+01	4.222620e+01	9.438487e+00
758	2.171298e+01	2.582080e+03	4.653684e+02	3.339760e+02	7.800292e+01	4.214722e+01	1.063300e+01
759	2.174162e+01	2.585563e+03	4.651822e+02	3.342765e+02	7.779311e+01	4.231789e+01	1.100286e+01
760	2.177027e+01	2.580769e+03	4.650272e+02	3.343273e+02	7.784989e+01	4.220863e+01	1.181791e+01
761	2.179891e+01	2.578601e+03	4.648436e+02	3.343671e+02	7.791312e+01	4.213895e+01	1.293294e+01
762	2.182756e+01	2.571410e+03	4.645698e+02	3.344515e+02	7.761531e+01	4.218266e+01	1.324825e+01
763	2.185620e+01	2.574920e+03	4.643372e+02	3.347099e+02	7.719475e+01	4.247038e+01	1.432410e+01
764	2.188485e+01	2.568694e+03	4.641726e+02	3.345817e+02	7.725231e+01	4.233612e+01	1.552173e+01
765	2.191349e+01	2.574626e+03	4.638244e+02	3.349903e+02	7.724327e+01	4.243885e+01	1.619325e+01
766	2.194214e+01	2.575379e+03	4.635826e+02	3.349993e+02	7.698389e+01	4.259430e+01	1.710157e+01
767	2.197078e+01	2.580850e+03	4.633315e+02	3.350948e+02	7.720219e+01	4.256407e+01	1.779547e+01
768	2.199943e+01	2.575307e+03	4.631425e+02	3.353880e+02	7.701436e+01	4.257624e+01	1.835395e+01
769	2.202807e+01	2.578959e+03	4.629140e+02	3.354575e+02	7.738947e+01	4.242996e+01	1.951782e+01
770	2.205672e+01	2.569093e+03	4.626154e+02	3.356130e+02	7.714581e+01	4.240115e+01	2.016046e+01
771	2.208536e+01	2.590481e+03	4.622879e+02	3.357199e+02	7.758496e+01	4.251213e+01	2.106764e+01
772	2.211401e+01	2.593898e+03	4.622224e+02	3.355995e+02	7.812268e+01	4.227522e+01	2.158716e+01
773	2.214265e+01	2.567715e+03	4.618842e+02	3.357104e+02	7.682783e+01	4.255381e+01	2.286994e+01
774	2.217130e+01	2.565878e+03	4.616085e+02	3.359340e+02	7.686107e+01	4.250497e+01	2.366628e+01
775	2.219994e+01	2.554513e+03	4.614246e+02	3.358918e+02	7.687457e+01	4.230928e+01	2.407624e+01
776	2.222859e+01	2.562503e+03	4.610621e+02	3.360348e+02	7.703940e+01	4.235081e+01	2.491563e+01
777	2.225723e+01	2.563587e+03	4.608241e+02	3.360849e+02	7.689558e+01	4.244796e+01	2.569847e+01
778	2.228588e+01	2.584599e+03	4.607070e+02	3.359106e+02	7.774070e+01	4.233064e+01	2.666735e+01
779	2.231452e+01	2.577052e+03	4.605403e+02	3.359757e+02	7.772112e+01	4.221767e+01	2.752608e+01
780	2.234317e+01	2.562450e+03	4.600327e+02	3.364178e+02	7.714150e+01	4.229387e+01	2.802400e+01
781	2.237181e+01	2.554882e+03	4.597773e+02	3.364645e+02	7.655296e+01	4.249316e+01	2.853703e+01
782	2.240046e+01	2.577108e+03	4.596071e+02	3.363634e+02	7.767946e+01	4.224123e+01	2.972575e+01
783	2.242910e+01	2.553067e+03	4.592556e+02	3.365826e+02	7.686454e+01	4.229084e+01	3.043331e+01
784	2.245775e+01	2.548380e+03	4.591490e+02	3.366262e+02	7.701698e+01	4.212964e+01	3.098800e+01
785	2.248639e+01	2.563592e+03	4.587458e+02	3.367165e+02	7.714740e+01	4.230948e+01	3.192581e+01
786	2.251504e+01	2.571096e+03	4.585635e+02	3.367076e+02	7.778069e+01	4.208784e+01	3.266481e+01
787	2.254368e+01	2.566152e+03	4.582323e+02	3.368951e+02	7.723858e+01	4.230175e+01	3.369342e+01
788	2.257233e+01	2.543685e+03	4.578166e+02	3.369566e+02	7.673531e+01	4.220639e+01	3.433449e+01
789	2.260097e+01	2.561831e+03	4.577311e+02	3.368105e+02	7.731060e+01	4.219116e+01	3.496545e+01
790	2.262962e+01	2.568200e+03	4.573452e+02	3.370957e+02	7.742634e+01	4.223284e+01	3.578593e+01
791	2.265826e+01	2.555028e+03	4.571243e+02	3.370010e+02	7.705099e+01	4.222090e+01	3.651131e+01
792	2.268691e+01	2.570827e+03	4.568981e+02	3.368520e+02	7.768679e+01	4.213431e+01	3.741329e+01
793	2.271555e+01	2.545817e+03	4.566399e+02	3.367796e+02	7.733097e+01	4.191639e+01	3.828968e+01
794	2.274420e+01	2.567367e+03	4.562657e+02	3.369885e+02	7.722065e+01	4.233159e+01	3.903991e+01
795	2.277284e+01	2.557534e+03	4.560554e+02	3.369642e+02	7.721164e+01	4.217438e+01	4.017257e+01
796	2.280149e+01	2.540483e+03	4.557326e+02	3.370015e+02	7.654723e+01	4.225684e+01	4.091754e+01
797	2.283013e+01	2.543717e+03	4.555167e+02	3.369370e+02	7.686459e+01	4.213593e+01	4.128506e+01
798	2.285878e+01	2.530759e+03	4.552806e+02	3.367285e+02	7.675812e+01	4.197943e+01	4.293731e+01
799	2.288742e+01	2.551206e+03	4.549818e+02	3.367603e+02	7.722842e+01	4.206089e+01	4.324842e+01
