1	2.865330e-02	2.600191e+03	4.297964e+02	3.944193e+02	8.005214e+01	4.135638e+01	9.479054e+01
2	5.730659e-02	2.617332e+03	4.298670e+02	3.943134e+02	7.995206e+01	4.168111e+01	9.487190e+01
3	8.595989e-02	2.605587e+03	4.298430e+02	3.944461e+02	8.024148e+01	4.134441e+01	9.482188e+01
4	1.146132e-01	2.602157e+03	4.298651e+02	3.944274e+02	8.009634e+01	4.136480e+01	9.498370e+01
5	1.432665e-01	2.597804e+03	4.299039e+02	3.944797e+02	8.019830e+01	4.124311e+01	9.465372e+01
6	1.719198e-01	2.624078e+03	4.297456e+02	3.942762e+02	7.993548e+01	4.179721e+01	9.478205e+01
7	2.005731e-01	2.601979e+03	4.297318e+02	3.943662e+02	8.013003e+01	4.134459e+01	9.495213e+01
8	2.292264e-01	2.596078e+03	4.298517e+02	3.944311e+02	8.016725e+01	4.123167e+01	9.478904e+01
9	2.578797e-01	2.612089e+03	4.298057e+02	3.943619e+02	8.004012e+01	4.155184e+01	9.520425e+01
10	2.865330e-01	2.608650e+03	4.298015e+02	3.944087e+02	8.011092e+01	4.146047e+01	9.475320e+01
11	3.151862e-01	2.605253e+03	4.297844e+02	3.943796e+02	7.994360e+01	4.149314e+01	9.490719e+01
12	3.438395e-01	2.603529e+03	4.296060e+02	3.943993e+02	8.027628e+01	4.129384e+01	9.500284e+01
13	3.724928e-01	2.592012e+03	4.297795e+02	3.944039e+02	8.003909e+01	4.123301e+01	9.491063e+01
14	4.011461e-01	2.596699e+03	4.297637e+02	3.944576e+02	8.016000e+01	4.124525e+01	9.500282e+01
15	4.297994e-01	2.596482e+03	4.299242e+02	3.944191e+02	8.004459e+01	4.130127e+01	9.475301e+01
16	4.584527e-01	2.596683e+03	4.297211e+02	3.944800e+02	8.045351e+01	4.109453e+01	9.510941e+01
17	4.871060e-01	2.609860e+03	4.297592e+02	3.944244e+02	8.025440e+01	4.140554e+01	9.498429e+01
18	5.157593e-01	2.617693e+03	4.298400e+02	3.943118e+02	8.004430e+01	4.163883e+01	9.488420e+01
19	5.444126e-01	2.603783e+03	4.298255e+02	3.943563e+02	8.006924e+01	4.140466e+01	9.498539e+01
20	5.730659e-01	2.619898e+03	4.298828e+02	3.942148e+02	7.993930e+01	4.172863e+01	9.507706e+01
21	6.017192e-01	2.607733e+03	4.298514e+02	3.944394e+02	7.994756e+01	4.153058e+01	9.517308e+01
22	6.303725e-01	2.621683e+03	4.297484e+02	3.943201e+02	8.027597e+01	4.158194e+01	9.514559e+01
23	6.590258e-01	2.621761e+03	4.296754e+02	3.943140e+02	8.014275e+01	4.165230e+01	9.498809e+01
24	6.876791e-01	2.605383e+03	4.298014e+02	3.944215e+02	7.993014e+01	4.150220e+01	9.518707e+01
25	7.163324e-01	2.600597e+03	4.298276e+02	3.944241e+02	8.022195e+01	4.127528e+01	9.505782e+01
26	7.449857e-01	2.603371e+03	4.298504e+02	3.944178e+02	8.004743e+01	4.140939e+01	9.490508e+01
27	7.736390e-01	2.607900e+03	4.297171e+02	3.944254e+02	8.031874e+01	4.134131e+01	9.506264e+01
28	8.022923e-01	2.598692e+03	4.298839e+02	3.943571e+02	7.963073e+01	4.155127e+01	9.514198e+01
29	8.309456e-01	2.611930e+03	4.297622e+02	3.944499e+02	8.022984e+01	4.145107e+01	9.509174e+01
30	8.595989e-01	2.623070e+03	4.298365e+02	3.943372e+02	8.011581e+01	4.168710e+01	9.489770e+01
31	8.882521e-01	2.600837e+03	4.298646e+02	3.944570e+02	8.021754e+01	4.128136e+01	9.497450e+01
32	9.169054e-01	2.609530e+03	4.298083e+02	3.942838e+02	7.992742e+01	4.156968e+01	9.508050e+01
33	9.455587e-01	2.597658e+03	4.297927e+02	3.944241e+02	8.029966e+01	4.118873e+01	9.513543e+01
34	9.742120e-01	2.608752e+03	4.297616e+02	3.944219e+02	8.017884e+01	4.142697e+01	9.492888e+01
35	1.002865e+00	2.609306e+03	4.299064e+02	3.943045e+02	7.965684e+01	4.170731e+01	9.487109e+01
36	1.031519e+00	2.611574e+03	4.297739e+02	3.943556e+02	7.995683e+01	4.158693e+01	9.508092e+01
37	1.060172e+00	2.603678e+03	4.298738e+02	3.943840e+02	8.005275e+01	4.141152e+01	9.490026e+01
38	1.088825e+00	2.591292e+03	4.298326e+02	3.943717e+02	8.013069e+01	4.117443e+01	9.502494e+01
39	1.117479e+00	2.605300e+03	4.298268e+02	3.943288e+02	7.966181e+01	4.164067e+01	9.491263e+01
40	1.146132e+00	2.599594e+03	4.297310e+02	3.943795e+02	7.999439e+01	4.137673e+01	9.517661e+01
41	1.174785e+00	2.604732e+03	4.298952e+02	3.943048e+02	8.017763e+01	4.136375e+01	9.495477e+01
42	1.203438e+00	2.614917e+03	4.297932e+02	3.944396e+02	8.022444e+01	4.150127e+01	9.504816e+01
43	1.232092e+00	2.605960e+03	4.298791e+02	3.943541e+02	7.965031e+01	4.165723e+01	9.491965e+01
44	1.260745e+00	2.606634e+03	4.297870e+02	3.942782e+02	8.005401e+01	4.145788e+01	9.516216e+01
45	1.289398e+00	2.601137e+03	4.298345e+02	3.944281e+02	8.021500e+01	4.128741e+01	9.519688e+01
46	1.318052e+00	2.606396e+03	4.298396e+02	3.943633e+02	8.016317e+01	4.139765e+01	9.508109e+01
47	1.346705e+00	2.608324e+03	4.297006e+02	3.943486e+02	8.021202e+01	4.140303e+01	9.488231e+01
48	1.375358e+00	2.615780e+03	4.298020e+02	3.943645e+02	7.999240e+01	4.163538e+01	9.502412e+01
49	1.404011e+00	2.606960e+03	4.298384e+02	3.943690e+02	8.007377e+01	4.145284e+01	9.511305e+01
50	1.432665e+00	2.605813e+03	4.298611e+02	3.942719e+02	8.005944e+01	4.144201e+01	9.509696e+01
51	1.461318e+00	2.609862e+03	4.298534e+02	3.943429e+02	8.026478e+01	4.140022e+01	9.511497e+01
52	1.489971e+00	2.596214e+03	4.298842e+02	3.943893e+02	7.964872e+01	4.150226e+01	9.481783e+01
53	1.518625e+00	2.607090e+03	4.298021e+02	3.943626e+02	8.016433e+01	4.140807e+01	9.544976e+01
54	1.547278e+00	2.598257e+03	4.297513e+02	3.944139e+02	8.029250e+01	4.120190e+01	9.517361e+01
55	1.575931e+00	2.622165e+03	4.297921e+02	3.942804e+02	7.997749e+01	4.174479e+01	9.509584e+01
56	1.604585e+00	2.609994e+03	4.297631e+02	3.943801e+02	8.031303e+01	4.137744e+01	9.493120e+01
57	1.633238e+00	2.617015e+03	4.297815e+02	3.942761e+02	7.980261e+01	4.175411e+01	9.525418e+01
58	1.661891e+00	2.605668e+03	4.297577e+02	3.943525e+02	8.029089e+01	4.132026e+01	9.519840e+01
59	1.690544e+00	2.615188e+03	4.298285e+02	3.943115e+02	8.020684e+01	4.151467e+01	9.507013e+01
60	1.719198e+00	2.585967e+03	4.297728e+02	3.944595e+02	8.009301e+01	4.110915e+01	9.510442e+01
61	1.747851e+00	2.608243e+03	4.296865e+02	3.943867e+02	8.031732e+01	4.134747e+01	9.509530e+01
62	1.776504e+00	2.609782e+03	4.298172e+02	3.943434e+02	8.008060e+01	4.149416e+01	9.532310e+01
63	1.805158e+00	2.600873e+03	4.298310e+02	3.943701e+02	7.994958e+01	4.142028e+01	9.515589e+01
64	1.833811e+00	2.620542e+03	4.298087e+02	3.943205e+02	8.016494e+01	4.162141e+01	9.492317e+01
65	1.862464e+00	2.612696e+03	4.298769e+02	3.942924e+02	8.017033e+01	4.149401e+01	9.524784e+01
66	1.891117e+00	2.604063e+03	4.297935e+02	3.943385e+02	8.001405e+01	4.143768e+01	9.535261e+01
67	1.919771e+00	2.610024e+03	4.298234e+02	3.943339e+02	8.018590e+01	4.144352e+01	9.509667e+01
68	1.948424e+00	2.603744e+03	4.297252e+02	3.942255e+02	7.977595e+01	4.155626e+01	9.554621e+01
69	1.977077e+00	2.603591e+03	4.297706e+02	3.942231e+02	7.991431e+01	4.148187e+01	9.491981e+01
70	2.005731e+00	2.605118e+03	4.298452e+02	3.943270e+02	8.008904e+01	4.141565e+01	9.528214e+01
71	2.034384e+00	2.605780e+03	4.298020e+02	3.942968e+02	7.984418e+01	4.155321e+01	9.503473e+01
72	2.063037e+00	2.596950e+03	4.297047e+02	3.943058e+02	8.039169e+01	4.113036e+01	9.526962e+01
73	2.091691e+00	2.604956e+03	4.298576e+02	3.943358e+02	8.007281e+01	4.142146e+01	9.513963e+01
74	2.120344e+00	2.608659e+03	4.299431e+02	3.943348e+02	8.030844e+01	4.135864e+01	9.513023e+01
75	2.148997e+00	2.611343e+03	4.296946e+02	3.942452e+02	8.025040e+01	4.143114e+01	9.550668e+01
76	2.177650e+00	2.605415e+03	4.297071e+02	3.942970e+02	8.027767e+01	4.132304e+01	9.538589e+01
77	2.206304e+00	2.610104e+03	4.297936e+02	3.942776e+02	8.005622e+01	4.151192e+01	9.524156e+01
78	2.234957e+00	2.599076e+03	4.297477e+02	3.942097e+02	7.975182e+01	4.149431e+01	9.523337e+01
79	2.263610e+00	2.611478e+03	4.296957e+02	3.942509e+02	8.020947e+01	4.145443e+01	9.562291e+01
80	2.292264e+00	2.606319e+03	4.298729e+02	3.942436e+02	7.976192e+01	4.160467e+01	9.521619e+01
81	2.320917e+00	2.600201e+03	4.296868e+02	3.943040e+02	8.009323e+01	4.133532e+01	9.575498e+01
82	2.349570e+00	2.618224e+03	4.298004e+02	3.941626e+02	7.999757e+01	4.167160e+01	9.537621e+01
83	2.378223e+00	2.611350e+03	4.297352e+02	3.942072e+02	8.017361e+01	4.147092e+01	9.552690e+01
84	2.406877e+00	2.612717e+03	4.298099e+02	3.941359e+02	7.993042e+01	4.161889e+01	9.543063e+01
85	2.435530e+00	2.600076e+03	4.297550e+02	3.943468e+02	7.997869e+01	4.139251e+01	9.562754e+01
86	2.464183e+00	2.615306e+03	4.298556e+02	3.942687e+02	8.036185e+01	4.143646e+01	9.536228e+01
87	2.492837e+00	2.613922e+03	4.297263e+02	3.942246e+02	8.007430e+01	4.156326e+01	9.568445e+01
88	2.521490e+00	2.611087e+03	4.296964e+02	3.941736e+02	8.005208e+01	4.152970e+01	9.560938e+01
89	2.550143e+00	2.601391e+03	4.297927e+02	3.942555e+02	8.008140e+01	4.136033e+01	9.561926e+01
90	2.578797e+00	2.617427e+03	4.296077e+02	3.941401e+02	7.984073e+01	4.174075e+01	9.565959e+01
91	2.607450e+00	2.609966e+03	4.297595e+02	3.941316e+02	7.998684e+01	4.154574e+01	9.541020e+01
92	2.636103e+00	2.603086e+03	4.295819e+02	3.942004e+02	7.994073e+01	4.146012e+01	9.556397e+01
93	2.664756e+00	2.610812e+03	4.297499e+02	3.941905e+02	7.985420e+01	4.162824e+01	9.528764e+01
94	2.693410e+00	2.607865e+03	4.297041e+02	3.941766e+02	7.997019e+01	4.152092e+01	9.547879e+01
95	2.722063e+00	2.617377e+03	4.296437e+02	3.941578e+02	8.014211e+01	4.158298e+01	9.565729e+01
96	2.750716e+00	2.613746e+03	4.296514e+02	3.941166e+02	8.008318e+01	4.155585e+01	9.557855e+01
97	2.779370e+00	2.607511e+03	4.295935e+02	3.942107e+02	8.014968e+01	4.142233e+01	9.560236e+01
98	2.808023e+00	2.613735e+03	4.297194e+02	3.941477e+02	7.985351e+01	4.167520e+01	9.561829e+01
99	2.836676e+00	2.609218e+03	4.297741e+02	3.941985e+02	7.999025e+01	4.153206e+01	9.550765e+01
100	2.865330e+00	2.625208e+03	4.294350e+02	3.940893e+02	7.988192e+01	4.184325e+01	9.566978e+01
101	2.893983e+00	2.616395e+03	4.296551e+02	3.941805e+02	8.012511e+01	4.157620e+01	9.568409e+01
102	2.922636e+00	2.610149e+03	4.297541e+02	3.941985e+02	7.986025e+01	4.161451e+01	9.557311e+01
103	2.951289e+00	2.606170e+03	4.295505e+02	3.941640e+02	7.998499e+01	4.148627e+01	9.582124e+01
104	2.979943e+00	2.609865e+03	4.298074e+02	3.941950e+02	8.009499e+01	4.148803e+01	9.574263e+01
105	3.008596e+00	2.619938e+03	4.296688e+02	3.941006e+02	7.996095e+01	4.171797e+01	9.564658e+01
106	3.037249e+00	2.615950e+03	4.296652e+02	3.941175e+02	8.003039e+01	4.161832e+01	9.601749e+01
107	3.065903e+00	2.616452e+03	4.295060e+02	3.941312e+02	8.040051e+01	4.143470e+01	9.585327e+01
108	3.094556e+00	2.622889e+03	4.296048e+02	3.940908e+02	8.014562e+01	4.166872e+01	9.591125e+01
109	3.123209e+00	2.609786e+03	4.297439e+02	3.940999e+02	7.980195e+01	4.163912e+01	9.571802e+01
110	3.151862e+00	2.621464e+03	4.295378e+02	3.940810e+02	8.007243e+01	4.168416e+01	9.582090e+01
111	3.180516e+00	2.617814e+03	4.296922e+02	3.941640e+02	7.993565e+01	4.169734e+01	9.563535e+01
112	3.209169e+00	2.622585e+03	4.295428e+02	3.940956e+02	7.999890e+01	4.174031e+01	9.609129e+01
113	3.237822e+00	2.618901e+03	4.296805e+02	3.940561e+02	8.008431e+01	4.163722e+01	9.596537e+01
114	3.266476e+00	2.624686e+03	4.295447e+02	3.940611e+02	8.013839e+01	4.170103e+01	9.570068e+01
115	3.295129e+00	2.607900e+03	4.296366e+02	3.941474e+02	7.974703e+01	4.163768e+01	9.580777e+01
116	3.323782e+00	2.616964e+03	4.295362e+02	3.939940e+02	8.005849e+01	4.161985e+01	9.623624e+01
117	3.352436e+00	2.624562e+03	4.296172e+02	3.940574e+02	7.996681e+01	4.178854e+01	9.594367e+01
118	3.381089e+00	2.607954e+03	4.297245e+02	3.940852e+02	7.989711e+01	4.156033e+01	9.616215e+01
119	3.409742e+00	2.606168e+03	4.296201e+02	3.940368e+02	7.996220e+01	4.149805e+01	9.607355e+01
120	3.438395e+00	2.611206e+03	4.296016e+02	3.940904e+02	8.017985e+01	4.146542e+01	9.599339e+01
121	3.467049e+00	2.613666e+03	4.296982e+02	3.940035e+02	7.984616e+01	4.167794e+01	9.597907e+01
122	3.495702e+00	2.622634e+03	4.297255e+02	3.939733e+02	7.985220e+01	4.181778e+01	9.626936e+01
123	3.524355e+00	2.614298e+03	4.295659e+02	3.940157e+02	8.027635e+01	4.146460e+01	9.629878e+01
124	3.553009e+00	2.611605e+03	4.296297e+02	3.939290e+02	7.987327e+01	4.163093e+01	9.641545e+01
125	3.581662e+00	2.605650e+03	4.295377e+02	3.940745e+02	8.022574e+01	4.135352e+01	9.625142e+01
126	3.610315e+00	2.614255e+03	4.296664e+02	3.939703e+02	7.991573e+01	4.165103e+01	9.619473e+01
127	3.638968e+00	2.614605e+03	4.294561e+02	3.939505e+02	8.019804e+01	4.150998e+01	9.640881e+01
128	3.667622e+00	2.602656e+03	4.295728e+02	3.940096e+02	7.988541e+01	4.148197e+01	9.641052e+01
129	3.696275e+00	2.603643e+03	4.295619e+02	3.939979e+02	7.981177e+01	4.153600e+01	9.633459e+01
130	3.724928e+00	2.609725e+03	4.296190e+02	3.939637e+02	7.989450e+01	4.158991e+01	9.652328e+01
131	3.753582e+00	2.627438e+03	4.296479e+02	3.939646e+02	8.002498e+01	4.180392e+01	9.629932e+01
132	3.782235e+00	2.608808e+03	4.295402e+02	3.939260e+02	7.972807e+01	4.166209e+01	9.648346e+01
133	3.810888e+00	2.599931e+03	4.294592e+02	3.939603e+02	7.957156e+01	4.160198e+01	9.647155e+01
134	3.839542e+00	2.615023e+03	4.296433e+02	3.939715e+02	7.983007e+01	4.170798e+01	9.638199e+01
135	3.868195e+00	2.608312e+03	4.296121e+02	3.939729e+02	7.985914e+01	4.158580e+01	9.657969e+01
136	3.896848e+00	2.612033e+03	4.296521e+02	3.939800e+02	7.999044e+01	4.157676e+01	9.643976e+01
137	3.925501e+00	2.610182e+03	4.295891e+02	3.939057e+02	7.997636e+01	4.155462e+01	9.634071e+01
138	3.954155e+00	2.606380e+03	4.295252e+02	3.940337e+02	8.001019e+01	4.147655e+01	9.625218e+01
139	3.982808e+00	2.611094e+03	4.294781e+02	3.939804e+02	8.017555e+01	4.146586e+01	9.657168e+01
140	4.011461e+00	2.606559e+03	4.295049e+02	3.939655e+02	7.995612e+01	4.150744e+01	9.658475e+01
141	4.040115e+00	2.616605e+03	4.295399e+02	3.939117e+02	8.002344e+01	4.163237e+01	9.665506e+01
142	4.068768e+00	2.612410e+03	4.294770e+02	3.939948e+02	8.017611e+01	4.148647e+01	9.657400e+01
143	4.097421e+00	2.612896e+03	4.295840e+02	3.939290e+02	7.981204e+01	4.168347e+01	9.652102e+01
144	4.126074e+00	2.616392e+03	4.295306e+02	3.939121e+02	8.004353e+01	4.161853e+01	9.660649e+01
145	4.154728e+00	2.616077e+03	4.295986e+02	3.939478e+02	7.978857e+01	4.174648e+01	9.640033e+01
146	4.183381e+00	2.611514e+03	4.295413e+02	3.939093e+02	7.990902e+01	4.161087e+01	9.648415e+01
147	4.212034e+00	2.621621e+03	4.295731e+02	3.938633e+02	7.989658e+01	4.177840e+01	9.659383e+01
148	4.240688e+00	2.615231e+03	4.294510e+02	3.939823e+02	8.019066e+01	4.152374e+01	9.675957e+01
149	4.269341e+00	2.620898e+03	4.294599e+02	3.938287e+02	7.992120e+01	4.175401e+01	9.684982e+01
150	4.297994e+00	2.614791e+03	4.294337e+02	3.938238e+02	7.983974e+01	4.169922e+01	9.655961e+01
151	4.326648e+00	2.612656e+03	4.293990e+02	3.938029e+02	7.967062e+01	4.175361e+01	9.657153e+01
152	4.355301e+00	2.597771e+03	4.294426e+02	3.939622e+02	7.995195e+01	4.136966e+01	9.670853e+01
153	4.383954e+00	2.599533e+03	4.294245e+02	3.938729e+02	8.014655e+01	4.129720e+01	9.666519e+01
154	4.412607e+00	2.601184e+03	4.295461e+02	3.939478e+02	7.993767e+01	4.143141e+01	9.670065e+01
155	4.441261e+00	2.606673e+03	4.294339e+02	3.938931e+02	8.000091e+01	4.148602e+01	9.659792e+01
156	4.469914e+00	2.613803e+03	4.294226e+02	3.938246e+02	7.994801e+01	4.162701e+01	9.696786e+01
157	4.498567e+00	2.615542e+03	4.295683e+02	3.937973e+02	8.002468e+01	4.161480e+01	9.687422e+01
158	4.527221e+00	2.612541e+03	4.294218e+02	3.938300e+02	8.037611e+01	4.138532e+01	9.699015e+01
159	4.555874e+00	2.611686e+03	4.293470e+02	3.937951e+02	7.992276e+01	4.160645e+01	9.673158e+01
160	4.584527e+00	2.608710e+03	4.294330e+02	3.938707e+02	7.980403e+01	4.162087e+01	9.664489e+01
161	4.613181e+00	2.605142e+03	4.295626e+02	3.938669e+02	8.012868e+01	4.139553e+01	9.665219e+01
162	4.641834e+00	2.614734e+03	4.295141e+02	3.937072e+02	7.983251e+01	4.170210e+01	9.693041e+01
163	4.670487e+00	2.623468e+03	4.294491e+02	3.937354e+02	8.008348e+01	4.171027e+01	9.696109e+01
164	4.699140e+00	2.616728e+03	4.293636e+02	3.938036e+02	7.992561e+01	4.168528e+01	9.689950e+01
165	4.727794e+00	2.612231e+03	4.294605e+02	3.938503e+02	7.999984e+01	4.157504e+01	9.678065e+01
166	4.756447e+00	2.614652e+03	4.293441e+02	3.938105e+02	7.973460e+01	4.175199e+01	9.706820e+01
167	4.785100e+00	2.613678e+03	4.294531e+02	3.937191e+02	8.007933e+01	4.155677e+01	9.709892e+01
168	4.813754e+00	2.599400e+03	4.293956e+02	3.937959e+02	7.965547e+01	4.154967e+01	9.683617e+01
169	4.842407e+00	2.612010e+03	4.294059e+02	3.937014e+02	7.984019e+01	4.165464e+01	9.700216e+01
170	4.871060e+00	2.601841e+03	4.293000e+02	3.936881e+02	7.959521e+01	4.162018e+01	9.718002e+01
171	4.899713e+00	2.605462e+03	4.294795e+02	3.937169e+02	7.982290e+01	4.155922e+01	9.707050e+01
172	4.928367e+00	2.614371e+03	4.294157e+02	3.937506e+02	8.005772e+01	4.157900e+01	9.716820e+01
173	4.957020e+00	2.617182e+03	4.294884e+02	3.937415e+02	7.997227e+01	4.166819e+01	9.734834e+01
174	4.985673e+00	2.610606e+03	4.293264e+02	3.937930e+02	7.972872e+01	4.169045e+01	9.728728e+01
175	5.014327e+00	2.612829e+03	4.293745e+02	3.937139e+02	8.023531e+01	4.146252e+01	9.711166e+01
176	5.042980e+00	2.608635e+03	4.293386e+02	3.937698e+02	7.966539e+01	4.169210e+01	9.721146e+01
177	5.071633e+00	2.601512e+03	4.294604e+02	3.938173e+02	7.982166e+01	4.149686e+01	9.718963e+01
178	5.100287e+00	2.607450e+03	4.294115e+02	3.937541e+02	7.991209e+01	4.154451e+01	9.729904e+01
179	5.128940e+00	2.593050e+03	4.294745e+02	3.938554e+02	7.979836e+01	4.137395e+01	9.701727e+01
180	5.157593e+00	2.609190e+03	4.293692e+02	3.937360e+02	7.995071e+01	4.155215e+01	9.689945e+01
181	5.186246e+00	2.612820e+03	4.295255e+02	3.938278e+02	8.008351e+01	4.154095e+01	9.688782e+01
182	5.214900e+00	2.607851e+03	4.293941e+02	3.936271e+02	7.967931e+01	4.167228e+01	9.699429e+01
183	5.243553e+00	2.606126e+03	4.295614e+02	3.937486e+02	7.989001e+01	4.153489e+01	9.739722e+01
184	5.272206e+00	2.614322e+03	4.293641e+02	3.937183e+02	7.986475e+01	4.167869e+01	9.713389e+01
185	5.300860e+00	2.604161e+03	4.292636e+02	3.935944e+02	7.960828e+01	4.165044e+01	9.718972e+01
186	5.329513e+00	2.625869e+03	4.295099e+02	3.937477e+02	7.991386e+01	4.183704e+01	9.721066e+01
187	5.358166e+00	2.593893e+03	4.293206e+02	3.937869e+02	7.988854e+01	4.134069e+01	9.719341e+01
188	5.386819e+00	2.609234e+03	4.293379e+02	3.936955e+02	7.964198e+01	4.171393e+01	9.739410e+01
189	5.415473e+00	2.608210e+03	4.295966e+02	3.936901e+02	7.977026e+01	4.163051e+01	9.712714e+01
190	5.444126e+00	2.618271e+03	4.293095e+02	3.937027e+02	7.963585e+01	4.186163e+01	9.711976e+01
191	5.472779e+00	2.607499e+03	4.293712e+02	3.937726e+02	8.009142e+01	4.145226e+01	9.715427e+01
192	5.501433e+00	2.605676e+03	4.293726e+02	3.938279e+02	8.022197e+01	4.135587e+01	9.715106e+01
193	5.530086e+00	2.613724e+03	4.294009e+02	3.937267e+02	7.983853e+01	4.168284e+01	9.721574e+01
194	5.558739e+00	2.614399e+03	4.294460e+02	3.937281e+02	7.981030e+01	4.170835e+01	9.707341e+01
195	5.587393e+00	2.602406e+03	4.295600e+02	3.937470e+02	7.978374e+01	4.153083e+01	9.713039e+01
196	5.616046e+00	2.602173e+03	4.294085e+02	3.936550e+02	7.964955e+01	4.159708e+01	9.718810e+01
197	5.644699e+00	2.604372e+03	4.293776e+02	3.936444e+02	7.978212e+01	4.156307e+01	9.735947e+01
198	5.673352e+00	2.626488e+03	4.294457e+02	3.936619e+02	7.985050e+01	4.188011e+01	9.731567e+01
199	5.702006e+00	2.606550e+03	4.292404e+02	3.937104e+02	7.961024e+01	4.168763e+01	9.705096e+01
200	5.730659e+00	2.611619e+03	4.294182e+02	3.937155e+02	7.982771e+01	4.165492e+01	9.701418e+01
201	5.759312e+00	2.594154e+03	4.295527e+02	3.937246e+02	7.986452e+01	4.135727e+01	9.722703e+01
202	5.787966e+00	2.609969e+03	4.294239e+02	3.937599e+02	7.982899e+01	4.162792e+01	9.723418e+01
203	5.816619e+00	2.611844e+03	4.292579e+02	3.936948e+02	7.996970e+01	4.158455e+01	9.733316e+01
204	5.845272e+00	2.600050e+03	4.294421e+02	3.938318e+02	8.007744e+01	4.134106e+01	9.719582e+01
205	5.873926e+00	2.621142e+03	4.295310e+02	3.937104e+02	8.006016e+01	4.168542e+01	9.738319e+01
206	5.902579e+00	2.620389e+03	4.294217e+02	3.937458e+02	8.018012e+01	4.161110e+01	9.722367e+01
207	5.931232e+00	2.592307e+03	4.294439e+02	3.937463e+02	7.950686e+01	4.151375e+01	9.710143e+01
208	5.959885e+00	2.619340e+03	4.293293e+02	3.936982e+02	8.004548e+01	4.166440e+01	9.693709e+01
209	5.988539e+00	2.613323e+03	4.294710e+02	3.936772e+02	7.996549e+01	4.161028e+01	9.725435e+01
210	6.017192e+00	2.616020e+03	4.295711e+02	3.937351e+02	8.005649e+01	4.160587e+01	9.706394e+01
211	6.045845e+00	2.612969e+03	4.294591e+02	3.936908e+02	7.982883e+01	4.167587e+01	9.712310e+01
212	6.074499e+00	2.605631e+03	4.294210e+02	3.936957e+02	7.974846e+01	4.160070e+01	9.704979e+01
213	6.103152e+00	2.620638e+03	4.294358e+02	3.936747e+02	8.015359e+01	4.162883e+01	9.730875e+01
214	6.131805e+00	2.608925e+03	4.293010e+02	3.937026e+02	7.945663e+01	4.180629e+01	9.712533e+01
215	6.160458e+00	2.603867e+03	4.293683e+02	3.936589e+02	7.943549e+01	4.173634e+01	9.743068e+01
216	6.189112e+00	2.618408e+03	4.294626e+02	3.936315e+02	7.965726e+01	4.185257e+01	9.738023e+01
217	6.217765e+00	2.610380e+03	4.295266e+02	3.937992e+02	8.003521e+01	4.152721e+01	9.716783e+01
218	6.246418e+00	2.607369e+03	4.294217e+02	3.937500e+02	8.015533e+01	4.141716e+01	9.733863e+01
219	6.275072e+00	2.604849e+03	4.293676e+02	3.936859e+02	7.991207e+01	4.150307e+01	9.741688e+01
220	6.303725e+00	2.617111e+03	4.292744e+02	3.936801e+02	7.979325e+01	4.176054e+01	9.713721e+01
221	6.332378e+00	2.605268e+03	4.294873e+02	3.936763e+02	7.975480e+01	4.159161e+01	9.731287e+01
222	6.361032e+00	2.612311e+03	4.294855e+02	3.936913e+02	7.990198e+01	4.162723e+01	9.721991e+01
223	6.389685e+00	2.609604e+03	4.294461e+02	3.936605e+02	7.966770e+01	4.170638e+01	9.738504e+01
224	6.418338e+00	2.614163e+03	4.293422e+02	3.937694e+02	8.009605e+01	4.155581e+01	9.705204e+01
225	6.446991e+00	2.599399e+03	4.293551e+02	3.935998e+02	7.948936e+01	4.163649e+01	9.700661e+01
226	6.475645e+00	2.603432e+03	4.294131e+02	3.937061e+02	7.955285e+01	4.166780e+01	9.704242e+01
227	6.504298e+00	2.607806e+03	4.294064e+02	3.936705e+02	7.988623e+01	4.156363e+01	9.703207e+01
228	6.532951e+00	2.608719e+03	4.295396e+02	3.936972e+02	7.986516e+01	4.158915e+01	9.726779e+01
229	6.561605e+00	2.616843e+03	4.295042e+02	3.936217e+02	8.006535e+01	4.161435e+01	9.684120e+01
230	6.590258e+00	2.609542e+03	4.294344e+02	3.936792e+02	7.977406e+01	4.164978e+01	9.732426e+01
231	6.618911e+00	2.600044e+03	4.293212e+02	3.936576e+02	7.958292e+01	4.159785e+01	9.732875e+01
232	6.647564e+00	2.605013e+03	4.295124e+02	3.937365e+02	7.988876e+01	4.151780e+01	9.721742e+01
233	6.676218e+00	2.596091e+03	4.294141e+02	3.938156e+02	8.000422e+01	4.131590e+01	9.722865e+01
234	6.704871e+00	2.604504e+03	4.293229e+02	3.936388e+02	7.983382e+01	4.153825e+01	9.710062e+01
235	6.733524e+00	2.614903e+03	4.294977e+02	3.937115e+02	7.992969e+01	4.165408e+01	9.725792e+01
236	6.762178e+00	2.624327e+03	4.293368e+02	3.936117e+02	7.993436e+01	4.180176e+01	9.710628e+01
237	6.790831e+00	2.586076e+03	4.293470e+02	3.937735e+02	7.984865e+01	4.123670e+01	9.723458e+01
238	6.819484e+00	2.617455e+03	4.294205e+02	3.936437e+02	7.977638e+01	4.177486e+01	9.732737e+01
239	6.848138e+00	2.596799e+03	4.294077e+02	3.936808e+02	7.957049e+01	4.155244e+01	9.739249e+01
240	6.876791e+00	2.599441e+03	4.293032e+02	3.936547e+02	7.981449e+01	4.146754e+01	9.733246e+01
241	6.905444e+00	2.602225e+03	4.293629e+02	3.937036e+02	7.947989e+01	4.168673e+01	9.721656e+01
242	6.934097e+00	2.616554e+03	4.293715e+02	3.936689e+02	7.984807e+01	4.172298e+01	9.715970e+01
243	6.962751e+00	2.599792e+03	4.295651e+02	3.937066e+02	7.994984e+01	4.140294e+01	9.723795e+01
244	6.991404e+00	2.603055e+03	4.294328e+02	3.935614e+02	7.967053e+01	4.160022e+01	9.741222e+01
245	7.020057e+00	2.611704e+03	4.293671e+02	3.936884e+02	8.006831e+01	4.153110e+01	9.728721e+01
246	7.048711e+00	2.602858e+03	4.294681e+02	3.937472e+02	7.978394e+01	4.153795e+01	9.738227e+01
247	7.077364e+00	2.607476e+03	4.292832e+02	3.936649e+02	7.964064e+01	4.168652e+01	9.740343e+01
248	7.106017e+00	2.601635e+03	4.293139e+02	3.937112e+02	7.970664e+01	4.155871e+01	9.726518e+01
249	7.134670e+00	2.607292e+03	4.295573e+02	3.936733e+02	7.998058e+01	4.150642e+01	9.734501e+01
250	7.163324e+00	2.612721e+03	4.293600e+02	3.936577e+02	7.944193e+01	4.187486e+01	9.719055e+01
251	7.191977e+00	2.610273e+03	4.295355e+02	3.937181e+02	7.980962e+01	4.164288e+01	9.736873e+01
252	7.220630e+00	2.605560e+03	4.294799e+02	3.937396e+02	8.005439e+01	4.144060e+01	9.736857e+01
253	7.249284e+00	2.603100e+03	4.294429e+02	3.936561e+02	7.949025e+01	4.169529e+01	9.726357e+01
254	7.277937e+00	2.611927e+03	4.294182e+02	3.936127e+02	7.976218e+01	4.169405e+01	9.732433e+01
255	7.306590e+00	2.610368e+03	4.295810e+02	3.936920e+02	7.993751e+01	4.157778e+01	9.728819e+01
256	7.335244e+00	2.610070e+03	4.294458e+02	3.937319e+02	7.991431e+01	4.158509e+01	9.738484e+01
257	7.363897e+00	2.602240e+03	4.293724e+02	3.936672e+02	7.947755e+01	4.168818e+01	9.696839e+01
258	7.392550e+00	2.615629e+03	4.293646e+02	3.936768e+02	7.974944e+01	4.175981e+01	9.740611e+01
259	7.421203e+00	2.613864e+03	4.294507e+02	3.936111e+02	7.976368e+01	4.172419e+01	9.729329e+01
260	7.449857e+00	2.602893e+03	4.295175e+02	3.936766e+02	7.976687e+01	4.154740e+01	9.725612e+01
261	7.478510e+00	2.605904e+03	4.294676e+02	3.936568e+02	7.967033e+01	4.164587e+01	9.705437e+01
262	7.507163e+00	2.606754e+03	4.295429e+02	3.937179e+02	7.954485e+01	4.172516e+01	9.717810e+01
263	7.535817e+00	2.618863e+03	4.294183e+02	3.936583e+02	7.989544e+01	4.173505e+01	9.749057e+01
264	7.564470e+00	2.602213e+03	4.293622e+02	3.936975e+02	8.013167e+01	4.134746e+01	9.726868e+01
265	7.593123e+00	2.611197e+03	4.293824e+02	3.935742e+02	7.922354e+01	4.196581e+01	9.709950e+01
266	7.621777e+00	2.614458e+03	4.294271e+02	3.936000e+02	7.964183e+01	4.179752e+01	9.745236e+01
267	7.650430e+00	2.610485e+03	4.293197e+02	3.936401e+02	7.981784e+01	4.164197e+01	9.726160e+01
268	7.679083e+00	2.604700e+03	4.295971e+02	3.937355e+02	7.965776e+01	4.163319e+01	9.752321e+01
269	7.707736e+00	2.593406e+03	4.293983e+02	3.937052e+02	7.949080e+01	4.153975e+01	9.716344e+01
270	7.736390e+00	2.606595e+03	4.295694e+02	3.937219e+02	7.964296e+01	4.167123e+01	9.730056e+01
271	7.765043e+00	2.599494e+03	4.293167e+02	3.936113e+02	7.990141e+01	4.142329e+01	9.757796e+01
272	7.793696e+00	2.605217e+03	4.294109e+02	3.936809e+02	7.981401e+01	4.155994e+01	9.730828e+01
273	7.822350e+00	2.611282e+03	4.294340e+02	3.936483e+02	7.974596e+01	4.169224e+01	9.715417e+01
274	7.851003e+00	2.615476e+03	4.292766e+02	3.935877e+02	7.971141e+01	4.177730e+01	9.781595e+01
275	7.879656e+00	2.603454e+03	4.294256e+02	3.936527e+02	7.963326e+01	4.162609e+01	9.731932e+01
276	7.908309e+00	2.606416e+03	4.293924e+02	3.936241e+02	7.980086e+01	4.158592e+01	9.740546e+01
277	7.936963e+00	2.615285e+03	4.294777e+02	3.936199e+02	7.985722e+01	4.169798e+01	9.749313e+01
278	7.965616e+00	2.609051e+03	4.293039e+02	3.936874e+02	7.995334e+01	4.154856e+01	9.735317e+01
279	7.994269e+00	2.615736e+03	4.294350e+02	3.936288e+02	7.989440e+01	4.168575e+01	9.735409e+01
280	8.022923e+00	2.612560e+03	4.294796e+02	3.936431e+02	7.979498e+01	4.168702e+01	9.739520e+01
281	8.051576e+00	2.608328e+03	4.294892e+02	3.936421e+02	7.963298e+01	4.170415e+01	9.731891e+01
282	8.080229e+00	2.610980e+03	4.294069e+02	3.936275e+02	7.976032e+01	4.167991e+01	9.733549e+01
283	8.108883e+00	2.619749e+03	4.294924e+02	3.936452e+02	7.985043e+01	4.177270e+01	9.760125e+01
284	8.137536e+00	2.619553e+03	4.294820e+02	3.936405e+02	7.981142e+01	4.179000e+01	9.755853e+01
285	8.166189e+00	2.608481e+03	4.293708e+02	3.936575e+02	7.973064e+01	4.165551e+01	9.725452e+01
286	8.194842e+00	2.606265e+03	4.295312e+02	3.936615e+02	7.973496e+01	4.161788e+01	9.750488e+01
287	8.223496e+00	2.611109e+03	4.295328e+02	3.935822e+02	7.958207e+01	4.177532e+01	9.741340e+01
288	8.252149e+00	2.614303e+03	4.293151e+02	3.935745e+02	8.009593e+01	4.155809e+01	9.748597e+01
289	8.280802e+00	2.587281e+03	4.294298e+02	3.937045e+02	7.939349e+01	4.149243e+01	9.718683e+01
290	8.309456e+00	2.603849e+03	4.294253e+02	3.935865e+02	7.978709e+01	4.155212e+01	9.731384e+01
291	8.338109e+00	2.612718e+03	4.294905e+02	3.936741e+02	7.960519e+01	4.178894e+01	9.733744e+01
292	8.366762e+00	2.603360e+03	4.293016e+02	3.935637e+02	7.965728e+01	4.161202e+01	9.740913e+01
293	8.395415e+00	2.606624e+03	4.294392e+02	3.936425e+02	7.950322e+01	4.174493e+01	9.767434e+01
294	8.424069e+00	2.593868e+03	4.294421e+02	3.937796e+02	8.001025e+01	4.127740e+01	9.734244e+01
295	8.452722e+00	2.593548e+03	4.294182e+02	3.937147e+02	7.955484e+01	4.150857e+01	9.721407e+01
296	8.481375e+00	2.615047e+03	4.294190e+02	3.935959e+02	8.005338e+01	4.159202e+01	9.758664e+01
297	8.510029e+00	2.606671e+03	4.295900e+02	3.936373e+02	7.974364e+01	4.161982e+01	9.723643e+01
298	8.538682e+00	2.600448e+03	4.294211e+02	3.936649e+02	7.959431e+01	4.159837e+01	9.735825e+01
299	8.567335e+00	2.621778e+03	4.293122e+02	3.935786e+02	8.050364e+01	4.146584e+01	9.756738e+01
300	8.595989e+00	2.599085e+03	4.294838e+02	3.937253e+02	8.033420e+01	4.119363e+01	9.734825e+01
301	8.624642e+00	2.603415e+03	4.293270e+02	3.936206e+02	7.946964e+01	4.171117e+01	9.730502e+01
302	8.653295e+00	2.615281e+03	4.294372e+02	3.935692e+02	7.987675e+01	4.168771e+01	9.750258e+01
303	8.681948e+00	2.617292e+03	4.293884e+02	3.935319e+02	7.974933e+01	4.178642e+01	9.748047e+01
304	8.710602e+00	2.614025e+03	4.294193e+02	3.936514e+02	7.978904e+01	4.171350e+01	9.724953e+01
305	8.739255e+00	2.608084e+03	4.293896e+02	3.935797e+02	7.928405e+01	4.188379e+01	9.746120e+01
306	8.767908e+00	2.603027e+03	4.294248e+02	3.936750e+02	7.961511e+01	4.162874e+01	9.744176e+01
307	8.796562e+00	2.604255e+03	4.293251e+02	3.936527e+02	8.002574e+01	4.143467e+01	9.762283e+01
308	8.825215e+00	2.601372e+03	4.294285e+02	3.936901e+02	7.960524e+01	4.160743e+01	9.740837e+01
309	8.853868e+00	2.608279e+03	4.294790e+02	3.937241e+02	8.031587e+01	4.134880e+01	9.757906e+01
310	8.882521e+00	2.605487e+03	4.292997e+02	3.935927e+02	8.002563e+01	4.145432e+01	9.767526e+01
311	8.911175e+00	2.605553e+03	4.294645e+02	3.937338e+02	7.992297e+01	4.150864e+01	9.711070e+01
312	8.939828e+00	2.616894e+03	4.292972e+02	3.935253e+02	7.980722e+01	4.174977e+01	9.761382e+01
313	8.968481e+00	2.609697e+03	4.293277e+02	3.935009e+02	7.962445e+01	4.173052e+01	9.724490e+01
314	8.997135e+00	2.592394e+03	4.294932e+02	3.936741e+02	8.007734e+01	4.121939e+01	9.744045e+01
315	9.025788e+00	2.601346e+03	4.292725e+02	3.935752e+02	7.958960e+01	4.161518e+01	9.755099e+01
316	9.054441e+00	2.613500e+03	4.294293e+02	3.936176e+02	7.963000e+01	4.178841e+01	9.750763e+01
317	9.083095e+00	2.596187e+03	4.294218e+02	3.936139e+02	7.945684e+01	4.160205e+01	9.761080e+01
318	9.111748e+00	2.612159e+03	4.293102e+02	3.934510e+02	7.962234e+01	4.177100e+01	9.778820e+01
319	9.140401e+00	2.617640e+03	4.294316e+02	3.935089e+02	7.991241e+01	4.170670e+01	9.746511e+01
320	9.169054e+00	2.592248e+03	4.293896e+02	3.936584e+02	7.945055e+01	4.154222e+01	9.759451e+01
321	9.197708e+00	2.616987e+03	4.292654e+02	3.935317e+02	8.008761e+01	4.160508e+01	9.787256e+01
322	9.226361e+00	2.601163e+03	4.294566e+02	3.935494e+02	7.982886e+01	4.148755e+01	9.728700e+01
323	9.255014e+00	2.608991e+03	4.292221e+02	3.934954e+02	7.961826e+01	4.172248e+01	9.779703e+01
324	9.283668e+00	2.599637e+03	4.293636e+02	3.935803e+02	7.950303e+01	4.163314e+01	9.757343e+01
325	9.312321e+00	2.611848e+03	4.292634e+02	3.934057e+02	7.954720e+01	4.180547e+01	9.806010e+01
326	9.340974e+00	2.613152e+03	4.294022e+02	3.935121e+02	7.976223e+01	4.171358e+01	9.819852e+01
327	9.369628e+00	2.593651e+03	4.294095e+02	3.936122e+02	7.966907e+01	4.145071e+01	9.801565e+01
328	9.398281e+00	2.592104e+03	4.292308e+02	3.936056e+02	7.944580e+01	4.154240e+01	9.784764e+01
329	9.426934e+00	2.602273e+03	4.293445e+02	3.935835e+02	7.987238e+01	4.148264e+01	9.796712e+01
330	9.455587e+00	2.604684e+03	4.292468e+02	3.934944e+02	7.977428e+01	4.157212e+01	9.797276e+01
331	9.484241e+00	2.614621e+03	4.291982e+02	3.934230e+02	7.974147e+01	4.174790e+01	9.799952e+01
332	9.512894e+00	2.597122e+03	4.291791e+02	3.934460e+02	7.945435e+01	4.161834e+01	9.815285e+01
333	9.541547e+00	2.614606e+03	4.292583e+02	3.934289e+02	7.975533e+01	4.174041e+01	9.820911e+01
334	9.570201e+00	2.604025e+03	4.291407e+02	3.934891e+02	8.006076e+01	4.141290e+01	9.802555e+01
335	9.598854e+00	2.600726e+03	4.292152e+02	3.933810e+02	7.934953e+01	4.173115e+01	9.788290e+01
336	9.627507e+00	2.613236e+03	4.291921e+02	3.932523e+02	7.957202e+01	4.181463e+01	9.850471e+01
337	9.656160e+00	2.608064e+03	4.291671e+02	3.934082e+02	7.954166e+01	4.174782e+01	9.809516e+01
338	9.684814e+00	2.602091e+03	4.292550e+02	3.934225e+02	7.979672e+01	4.151906e+01	9.820547e+01
339	9.713467e+00	2.602808e+03	4.291706e+02	3.933397e+02	7.942184e+01	4.172653e+01	9.827477e+01
340	9.742120e+00	2.603167e+03	4.290810e+02	3.932151e+02	7.950897e+01	4.168656e+01	9.836448e+01
341	9.770774e+00	2.613436e+03	4.290963e+02	3.932979e+02	7.976018e+01	4.171919e+01	9.847646e+01
342	9.799427e+00	2.613764e+03	4.291176e+02	3.933391e+02	7.982288e+01	4.169165e+01	9.862956e+01
343	9.828080e+00	2.616579e+03	4.292094e+02	3.933010e+02	7.986495e+01	4.171457e+01	9.860148e+01
344	9.856734e+00	2.608943e+03	4.291588e+02	3.932393e+02	7.965857e+01	4.170058e+01	9.832641e+01
345	9.885387e+00	2.612835e+03	4.290084e+02	3.931635e+02	7.950374e+01	4.184413e+01	9.867011e+01
346	9.914040e+00	2.611971e+03	4.290945e+02	3.932825e+02	7.957963e+01	4.179041e+01	9.875981e+01
347	9.942693e+00	2.600303e+03	4.290587e+02	3.932296e+02	7.976954e+01	4.150468e+01	9.850703e+01
348	9.971347e+00	2.614098e+03	4.290520e+02	3.931380e+02	7.957918e+01	4.182468e+01	9.880372e+01
349	1.000000e+01	2.608215e+03	4.291355e+02	3.932366e+02	7.963004e+01	4.170389e+01	9.888411e+01
350	1.002865e+01	2.626342e+03	4.289892e+02	3.931599e+02	8.015218e+01	4.172017e+01	9.895756e+01
351	1.005731e+01	2.599696e+03	4.291971e+02	3.933199e+02	7.957411e+01	4.159690e+01	9.843172e+01
352	1.008596e+01	2.606898e+03	4.290833e+02	3.931273e+02	7.949718e+01	4.175249e+01	9.880585e+01
353	1.011461e+01	2.616406e+03	4.289714e+02	3.931389e+02	7.964433e+01	4.182736e+01	9.864957e+01
354	1.014327e+01	2.608242e+03	4.291531e+02	3.931034e+02	7.949181e+01	4.177685e+01	9.860439e+01
355	1.017192e+01	2.608232e+03	4.291226e+02	3.931363e+02	7.964951e+01	4.169396e+01	9.919563e+01
356	1.020057e+01	2.612362e+03	4.290835e+02	3.930728e+02	7.937324e+01	4.190534e+01	9.898431e+01
357	1.022923e+01	2.610236e+03	4.289898e+02	3.931034e+02	7.964365e+01	4.172907e+01	9.897585e+01
358	1.025788e+01	2.605966e+03	4.291098e+02	3.931271e+02	7.920632e+01	4.189083e+01	9.876250e+01
359	1.028653e+01	2.619567e+03	4.290485e+02	3.931498e+02	7.945634e+01	4.197697e+01	9.901109e+01
360	1.031519e+01	2.614595e+03	4.290180e+02	3.931137e+02	7.977445e+01	4.173023e+01	9.916718e+01
361	1.034384e+01	2.619665e+03	4.290705e+02	3.931701e+02	7.995776e+01	4.171528e+01	9.882284e+01
362	1.037249e+01	2.611857e+03	4.291174e+02	3.931672e+02	7.960379e+01	4.177590e+01	9.906742e+01
363	1.040115e+01	2.618620e+03	4.290646e+02	3.930990e+02	7.983757e+01	4.176143e+01	9.939126e+01
364	1.042980e+01	2.614125e+03	4.290295e+02	3.929901e+02	7.977312e+01	4.172342e+01	9.948163e+01
365	1.045845e+01	2.615448e+03	4.290536e+02	3.930586e+02	7.962125e+01	4.182415e+01	9.928551e+01
366	1.048711e+01	2.595568e+03	4.290949e+02	3.930807e+02	7.968874e+01	4.147109e+01	9.924010e+01
367	1.051576e+01	2.614586e+03	4.290782e+02	3.929488e+02	7.950347e+01	4.187231e+01	9.924056e+01
368	1.054441e+01	2.598767e+03	4.289712e+02	3.929213e+02	7.956181e+01	4.158846e+01	9.957674e+01
369	1.057307e+01	2.620778e+03	4.288882e+02	3.928951e+02	7.982536e+01	4.180223e+01	9.970904e+01
370	1.060172e+01	2.613340e+03	4.287372e+02	3.927349e+02	7.918142e+01	4.202259e+01	9.986802e+01
371	1.063037e+01	2.616061e+03	4.288568e+02	3.929604e+02	7.973997e+01	4.177168e+01	9.958762e+01
372	1.065903e+01	2.610267e+03	4.288949e+02	3.929259e+02	7.980886e+01	4.164318e+01	9.969633e+01
373	1.068768e+01	2.615375e+03	4.288879e+02	3.929230e+02	7.976454e+01	4.174786e+01	9.985974e+01
374	1.071633e+01	2.614778e+03	4.288999e+02	3.929021e+02	8.015242e+01	4.153634e+01	9.980080e+01
375	1.074499e+01	2.620512e+03	4.288379e+02	3.929030e+02	7.986326e+01	4.177815e+01	9.971746e+01
376	1.077364e+01	2.619787e+03	4.288430e+02	3.927899e+02	8.002901e+01	4.168009e+01	1.000335e+02
377	1.080229e+01	2.604460e+03	4.288206e+02	3.927856e+02	7.976377e+01	4.157402e+01	1.001691e+02
378	1.083095e+01	2.609728e+03	4.288908e+02	3.927410e+02	7.957187e+01	4.175858e+01	1.001256e+02
379	1.085960e+01	2.614562e+03	4.287704e+02	3.926501e+02	7.984757e+01	4.169147e+01	1.000417e+02
380	1.088825e+01	2.619135e+03	4.288275e+02	3.927056e+02	7.973460e+01	4.182358e+01	1.001553e+02
381	1.091691e+01	2.632081e+03	4.287076e+02	3.927249e+02	7.991557e+01	4.193513e+01	1.002498e+02
382	1.094556e+01	2.612584e+03	4.287648e+02	3.927249e+02	7.926777e+01	4.196466e+01	1.004479e+02
383	1.097421e+01	2.625617e+03	4.287432e+02	3.926924e+02	8.000105e+01	4.178744e+01	1.002413e+02
384	1.100287e+01	2.613104e+03	4.287188e+02	3.927154e+02	7.936945e+01	4.191925e+01	1.003246e+02
385	1.103152e+01	2.614478e+03	4.287545e+02	3.927257e+02	7.991895e+01	4.165291e+01	1.003902e+02
386	1.106017e+01	2.607210e+03	4.287405e+02	3.926996e+02	7.926875e+01	4.187782e+01	1.004344e+02
387	1.108883e+01	2.624642e+03	4.285761e+02	3.925982e+02	7.989017e+01	4.182990e+01	1.003146e+02
388	1.111748e+01	2.618970e+03	4.287211e+02	3.927113e+02	8.008046e+01	4.164032e+01	1.002674e+02
389	1.114613e+01	2.613401e+03	4.286944e+02	3.926223e+02	7.948921e+01	4.186085e+01	1.004210e+02
390	1.117479e+01	2.623514e+03	4.287263e+02	3.925506e+02	7.983624e+01	4.184017e+01	1.005507e+02
391	1.120344e+01	2.598260e+03	4.287288e+02	3.927082e+02	7.961433e+01	4.155291e+01	1.002843e+02
392	1.123209e+01	2.605421e+03	4.287280e+02	3.926252e+02	7.982423e+01	4.155787e+01	1.004781e+02
393	1.126074e+01	2.604664e+03	4.285611e+02	3.926148e+02	7.945395e+01	4.173942e+01	1.004755e+02
394	1.128940e+01	2.613822e+03	4.287139e+02	3.925859e+02	7.938567e+01	4.192220e+01	1.004913e+02
395	1.131805e+01	2.607492e+03	4.287733e+02	3.925484e+02	7.968126e+01	4.166553e+01	1.006533e+02
396	1.134670e+01	2.616272e+03	4.286895e+02	3.924937e+02	7.914738e+01	4.208782e+01	1.007630e+02
397	1.137536e+01	2.616951e+03	4.284802e+02	3.923937e+02	7.976152e+01	4.177460e+01	1.009096e+02
398	1.140401e+01	2.617010e+03	4.286071e+02	3.924635e+02	7.959245e+01	4.186428e+01	1.008843e+02
399	1.143266e+01	2.616587e+03	4.285883e+02	3.925033e+02	7.949318e+01	4.190978e+01	1.006145e+02
400	1.146132e+01	2.626097e+03	4.286804e+02	3.924546e+02	7.994736e+01	4.182314e+01	1.007154e+02
401	1.148997e+01	2.618665e+03	4.285636e+02	3.922953e+02	7.977959e+01	4.179250e+01	1.011243e+02
402	1.151862e+01	2.624777e+03	4.285751e+02	3.923612e+02	7.936975e+01	4.210634e+01	1.011744e+02
403	1.154728e+01	2.613897e+03	4.285228e+02	3.924443e+02	7.952703e+01	4.184888e+01	1.009306e+02
404	1.157593e+01	2.604797e+03	4.285639e+02	3.923552e+02	7.945567e+01	4.174063e+01	1.011871e+02
405	1.160458e+01	2.620241e+03	4.285540e+02	3.923029e+02	7.963750e+01	4.189225e+01	1.014559e+02
406	1.163324e+01	2.620755e+03	4.286797e+02	3.922645e+02	7.971810e+01	4.185811e+01	1.014776e+02
407	1.166189e+01	2.606349e+03	4.284745e+02	3.922516e+02	7.944630e+01	4.177044e+01	1.013105e+02
408	1.169054e+01	2.625419e+03	4.284695e+02	3.922169e+02	7.967125e+01	4.195726e+01	1.019036e+02
409	1.171920e+01	2.613351e+03	4.285893e+02	3.922065e+02	7.958868e+01	4.180773e+01	1.016524e+02
410	1.174785e+01	2.627831e+03	4.284758e+02	3.921722e+02	7.973119e+01	4.196424e+01	1.017674e+02
411	1.177650e+01	2.619440e+03	4.283268e+02	3.921486e+02	7.976044e+01	4.181490e+01	1.016531e+02
412	1.180516e+01	2.624570e+03	4.284733e+02	3.921868e+02	7.994746e+01	4.179878e+01	1.016335e+02
413	1.183381e+01	2.623026e+03	4.284448e+02	3.921210e+02	7.977213e+01	4.186601e+01	1.018658e+02
414	1.186246e+01	2.613554e+03	4.284635e+02	3.921542e+02	7.971435e+01	4.174507e+01	1.016177e+02
415	1.189112e+01	2.624644e+03	4.284944e+02	3.921851e+02	7.980904e+01	4.187245e+01	1.021359e+02
416	1.191977e+01	2.610563e+03	4.284510e+02	3.922225e+02	7.977483e+01	4.166568e+01	1.017515e+02
417	1.194842e+01	2.627160e+03	4.284413e+02	3.921234e+02	7.985957e+01	4.188607e+01	1.022705e+02
418	1.197708e+01	2.608669e+03	4.284805e+02	3.921977e+02	7.947443e+01	4.179282e+01	1.019247e+02
419	1.200573e+01	2.604358e+03	4.285309e+02	3.921789e+02	7.936117e+01	4.178331e+01	1.018182e+02
420	1.203438e+01	2.614797e+03	4.285331e+02	3.921498e+02	7.950868e+01	4.187295e+01	1.018224e+02
421	1.206304e+01	2.606976e+03	4.285594e+02	3.922099e+02	7.960094e+01	4.169932e+01	1.019110e+02
422	1.209169e+01	2.623110e+03	4.285189e+02	3.921356e+02	7.966844e+01	4.192183e+01	1.022290e+02
423	1.212034e+01	2.607409e+03	4.286499e+02	3.922373e+02	7.989426e+01	4.155312e+01	1.018429e+02
424	1.214900e+01	2.611823e+03	4.285225e+02	3.921821e+02	7.954704e+01	4.180516e+01	1.017163e+02
425	1.217765e+01	2.629882e+03	4.284188e+02	3.922223e+02	7.983794e+01	4.194083e+01	1.019701e+02
426	1.220630e+01	2.609811e+03	4.284473e+02	3.921968e+02	7.968081e+01	4.170283e+01	1.019124e+02
427	1.223496e+01	2.606793e+03	4.283055e+02	3.920789e+02	7.998949e+01	4.149386e+01	1.022251e+02
428	1.226361e+01	2.607545e+03	4.283408e+02	3.921637e+02	7.973904e+01	4.163619e+01	1.021329e+02
429	1.229226e+01	2.617073e+03	4.284955e+02	3.921898e+02	7.979788e+01	4.175751e+01	1.018859e+02
430	1.232092e+01	2.605710e+03	4.284443e+02	3.922445e+02	7.974345e+01	4.160457e+01	1.021145e+02
431	1.234957e+01	2.607846e+03	4.284712e+02	3.921560e+02	7.945304e+01	4.179089e+01	1.019556e+02
432	1.237822e+01	2.624804e+03	4.285259e+02	3.921199e+02	7.963250e+01	4.196784e+01	1.021193e+02
433	1.240688e+01	2.596169e+03	4.284658e+02	3.922533e+02	7.981952e+01	4.141274e+01	1.020798e+02
434	1.243553e+01	2.617836e+03	4.284695e+02	3.920717e+02	7.969189e+01	4.182524e+01	1.023036e+02
435	1.246418e+01	2.608456e+03	4.284247e+02	3.920678e+02	7.971590e+01	4.166283e+01	1.022103e+02
436	1.249284e+01	2.603091e+03	4.283872e+02	3.920529e+02	7.961430e+01	4.163018e+01	1.020822e+02
437	1.252149e+01	2.617358e+03	4.284218e+02	3.919952e+02	7.961189e+01	4.185962e+01	1.023007e+02
438	1.255014e+01	2.611057e+03	4.283811e+02	3.919780e+02	7.956485e+01	4.178354e+01	1.021761e+02
439	1.257880e+01	2.606465e+03	4.284279e+02	3.920823e+02	7.971516e+01	4.163141e+01	1.023029e+02
440	1.260745e+01	2.595904e+03	4.284889e+02	3.919940e+02	7.951410e+01	4.156757e+01	1.019733e+02
441	1.263610e+01	2.606554e+03	4.284388e+02	3.920995e+02	7.969641e+01	4.164262e+01	1.022980e+02
442	1.266476e+01	2.605800e+03	4.284003e+02	3.920086e+02	7.972800e+01	4.161409e+01	1.024146e+02
443	1.269341e+01	2.621324e+03	4.284589e+02	3.921020e+02	7.955537e+01	4.195284e+01	1.022857e+02
444	1.272206e+01	2.613127e+03	4.284643e+02	3.919998e+02	7.967169e+01	4.176059e+01	1.022223e+02
445	1.275072e+01	2.600301e+03	4.283806e+02	3.920084e+02	7.954123e+01	4.162378e+01	1.024248e+02
446	1.277937e+01	2.600750e+03	4.283636e+02	3.920701e+02	7.951296e+01	4.164576e+01	1.024588e+02
447	1.280802e+01	2.601150e+03	4.284156e+02	3.920869e+02	7.969592e+01	4.155655e+01	1.023216e+02
448	1.283668e+01	2.602302e+03	4.283463e+02	3.920681e+02	7.984615e+01	4.149672e+01	1.023171e+02
449	1.286533e+01	2.621610e+03	4.282281e+02	3.919515e+02	7.998867e+01	4.173013e+01	1.025358e+02
450	1.289398e+01	2.604085e+03	4.283811e+02	3.920971e+02	7.945913e+01	4.172741e+01	1.026093e+02
451	1.292264e+01	2.604577e+03	4.284867e+02	3.920073e+02	7.940979e+01	4.176123e+01	1.026801e+02
452	1.295129e+01	2.627321e+03	4.282434e+02	3.918943e+02	8.005054e+01	4.178871e+01	1.028435e+02
453	1.297994e+01	2.626170e+03	4.283303e+02	3.919068e+02	8.001203e+01	4.179051e+01	1.025220e+02
454	1.300860e+01	2.626984e+03	4.283128e+02	3.918938e+02	7.980270e+01	4.191312e+01	1.027715e+02
455	1.303725e+01	2.616966e+03	4.282408e+02	3.918589e+02	7.972752e+01	4.179265e+01	1.030224e+02
456	1.306590e+01	2.629360e+03	4.282023e+02	3.918420e+02	7.979056e+01	4.195742e+01	1.030563e+02
457	1.309456e+01	2.620723e+03	4.283835e+02	3.918636e+02	7.946114e+01	4.199296e+01	1.027923e+02
458	1.312321e+01	2.609393e+03	4.283354e+02	3.917867e+02	7.936819e+01	4.186038e+01	1.030488e+02
459	1.315186e+01	2.609829e+03	4.282671e+02	3.918137e+02	7.953769e+01	4.177815e+01	1.032187e+02
460	1.318052e+01	2.614021e+03	4.283163e+02	3.918021e+02	7.975864e+01	4.172934e+01	1.032780e+02
461	1.320917e+01	2.607246e+03	4.283099e+02	3.917794e+02	7.949313e+01	4.176020e+01	1.032320e+02
462	1.323782e+01	2.611363e+03	4.283192e+02	3.917549e+02	7.966309e+01	4.173691e+01	1.034260e+02
463	1.326648e+01	2.620174e+03	4.280545e+02	3.916183e+02	7.954205e+01	4.194145e+01	1.035280e+02
464	1.329513e+01	2.609032e+03	4.282417e+02	3.917440e+02	7.950578e+01	4.178215e+01	1.032562e+02
465	1.332378e+01	2.612574e+03	4.282734e+02	3.916848e+02	7.939877e+01	4.189527e+01	1.032087e+02
466	1.335244e+01	2.615778e+03	4.281559e+02	3.916483e+02	7.960450e+01	4.183824e+01	1.034394e+02
467	1.338109e+01	2.605346e+03	4.283265e+02	3.917423e+02	7.951789e+01	4.171677e+01	1.032505e+02
468	1.340974e+01	2.614262e+03	4.282492e+02	3.917118e+02	7.965906e+01	4.178536e+01	1.034393e+02
469	1.343840e+01	2.612684e+03	4.282908e+02	3.916705e+02	7.959516e+01	4.179366e+01	1.034504e+02
470	1.346705e+01	2.607596e+03	4.282159e+02	3.916529e+02	7.952438e+01	4.174938e+01	1.039620e+02
471	1.349570e+01	2.612042e+03	4.281873e+02	3.915978e+02	7.966982e+01	4.174423e+01	1.039264e+02
472	1.352436e+01	2.614710e+03	4.282092e+02	3.915163e+02	7.973479e+01	4.175282e+01	1.039368e+02
473	1.355301e+01	2.625582e+03	4.282159e+02	3.915579e+02	7.978421e+01	4.190046e+01	1.040935e+02
474	1.358166e+01	2.611397e+03	4.281379e+02	3.914344e+02	7.960529e+01	4.176775e+01	1.039657e+02
475	1.361032e+01	2.620569e+03	4.280921e+02	3.914370e+02	7.986005e+01	4.178074e+01	1.041877e+02
476	1.363897e+01	2.633712e+03	4.281070e+02	3.913688e+02	7.962945e+01	4.211189e+01	1.043717e+02
477	1.366762e+01	2.633701e+03	4.280791e+02	3.913955e+02	7.980273e+01	4.202028e+01	1.044649e+02
478	1.369628e+01	2.622125e+03	4.281518e+02	3.914305e+02	7.982815e+01	4.182225e+01	1.045042e+02
479	1.372493e+01	2.606608e+03	4.281963e+02	3.914796e+02	7.907308e+01	4.197176e+01	1.040632e+02
480	1.375358e+01	2.610629e+03	4.280807e+02	3.914064e+02	7.958077e+01	4.176833e+01	1.042051e+02
481	1.378223e+01	2.619798e+03	4.280005e+02	3.913780e+02	7.946084e+01	4.197830e+01	1.045228e+02
482	1.381089e+01	2.613442e+03	4.281354e+02	3.914743e+02	7.946601e+01	4.187373e+01	1.040841e+02
483	1.383954e+01	2.624957e+03	4.280612e+02	3.913619e+02	7.975772e+01	4.190440e+01	1.044493e+02
484	1.386819e+01	2.610310e+03	4.280396e+02	3.914370e+02	7.991767e+01	4.158717e+01	1.046213e+02
485	1.389685e+01	2.611500e+03	4.280169e+02	3.914677e+02	7.949782e+01	4.182587e+01	1.043377e+02
486	1.392550e+01	2.604554e+03	4.280901e+02	3.913969e+02	7.929085e+01	4.182350e+01	1.043086e+02
487	1.395415e+01	2.610297e+03	4.279486e+02	3.913480e+02	7.940403e+01	4.185598e+01	1.044697e+02
488	1.398281e+01	2.611759e+03	4.278400e+02	3.912594e+02	7.955108e+01	4.180201e+01	1.048145e+02
489	1.401146e+01	2.624816e+03	4.280892e+02	3.913568e+02	7.991393e+01	4.182024e+01	1.046375e+02
490	1.404011e+01	2.606167e+03	4.279935e+02	3.912928e+02	7.963142e+01	4.167042e+01	1.046515e+02
491	1.406877e+01	2.620764e+03	4.281389e+02	3.913421e+02	7.942902e+01	4.201059e+01	1.043963e+02
492	1.409742e+01	2.626157e+03	4.279770e+02	3.912298e+02	7.988586e+01	4.185630e+01	1.048424e+02
493	1.412607e+01	2.603011e+03	4.279526e+02	3.912412e+02	7.933091e+01	4.177761e+01	1.043849e+02
494	1.415473e+01	2.609044e+03	4.280703e+02	3.912438e+02	7.929418e+01	4.189384e+01	1.045786e+02
495	1.418338e+01	2.613948e+03	4.279804e+02	3.912094e+02	7.950591e+01	4.186081e+01	1.051427e+02
496	1.421203e+01	2.623228e+03	4.279988e+02	3.912699e+02	7.941726e+01	4.205631e+01	1.047502e+02
497	1.424069e+01	2.607111e+03	4.280063e+02	3.912601e+02	7.912387e+01	4.195291e+01	1.047211e+02
498	1.426934e+01	2.609317e+03	4.280399e+02	3.913055e+02	7.936692e+01	4.185983e+01	1.046175e+02
499	1.429799e+01	2.622793e+03	4.280135e+02	3.912608e+02	7.967962e+01	4.191090e+01	1.048878e+02
500	1.432665e+01	2.614474e+03	4.279688e+02	3.912774e+02	7.969443e+01	4.177020e+01	1.046890e+02
501	1.435530e+01	2.615002e+03	4.279571e+02	3.912989e+02	7.943713e+01	4.191395e+01	1.048492e+02
502	1.438395e+01	2.618736e+03	4.279465e+02	3.912762e+02	7.950601e+01	4.193743e+01	1.048702e+02
503	1.441261e+01	2.609903e+03	4.280342e+02	3.912649e+02	7.922334e+01	4.194511e+01	1.048561e+02
504	1.444126e+01	2.610414e+03	4.280618e+02	3.912666e+02	7.944411e+01	4.183674e+01	1.049781e+02
505	1.446991e+01	2.613608e+03	4.279961e+02	3.912175e+02	7.945979e+01	4.187966e+01	1.046950e+02
506	1.449857e+01	2.611960e+03	4.279399e+02	3.912106e+02	7.966123e+01	4.174742e+01	1.048876e+02
507	1.452722e+01	2.616295e+03	4.279388e+02	3.911699e+02	7.942718e+01	4.193993e+01	1.053227e+02
508	1.455587e+01	2.608388e+03	4.280046e+02	3.913486e+02	7.953143e+01	4.175837e+01	1.045970e+02
509	1.458453e+01	2.609680e+03	4.280653e+02	3.912512e+02	7.934352e+01	4.187799e+01	1.045208e+02
510	1.461318e+01	2.615792e+03	4.279444e+02	3.911675e+02	7.937711e+01	4.195831e+01	1.047215e+02
511	1.464183e+01	2.621660e+03	4.280744e+02	3.911878e+02	7.954636e+01	4.196296e+01	1.047531e+02
512	1.467049e+01	2.608671e+03	4.280545e+02	3.912442e+02	7.934303e+01	4.186208e+01	1.047491e+02
513	1.469914e+01	2.607687e+03	4.277913e+02	3.910852e+02	7.938005e+01	4.182675e+01	1.053028e+02
514	1.472779e+01	2.598471e+03	4.279478e+02	3.911702e+02	7.914926e+01	4.180046e+01	1.050717e+02
515	1.475645e+01	2.616242e+03	4.279262e+02	3.911946e+02	7.947975e+01	4.191133e+01	1.051304e+02
516	1.478510e+01	2.612458e+03	4.279305e+02	3.911421e+02	7.952394e+01	4.182746e+01	1.051143e+02
517	1.481375e+01	2.606701e+03	4.280523e+02	3.912304e+02	7.911182e+01	4.195271e+01	1.048074e+02
518	1.484241e+01	2.620568e+03	4.279810e+02	3.912027e+02	7.967504e+01	4.187774e+01	1.048452e+02
519	1.487106e+01	2.618138e+03	4.281117e+02	3.912948e+02	7.958585e+01	4.188580e+01	1.046798e+02
520	1.489971e+01	2.603202e+03	4.279694e+02	3.913205e+02	7.919395e+01	4.185295e+01	1.045805e+02
521	1.492837e+01	2.606597e+03	4.280370e+02	3.912536e+02	7.978739e+01	4.159583e+01	1.049436e+02
522	1.495702e+01	2.612196e+03	4.280393e+02	3.911996e+02	7.947659e+01	4.184818e+01	1.049728e+02
523	1.498567e+01	2.620347e+03	4.279822e+02	3.912752e+02	7.956336e+01	4.193299e+01	1.047138e+02
524	1.501433e+01	2.621165e+03	4.279724e+02	3.911899e+02	7.972996e+01	4.185843e+01	1.051367e+02
525	1.504298e+01	2.635686e+03	4.279165e+02	3.912166e+02	7.976086e+01	4.207402e+01	1.050243e+02
526	1.507163e+01	2.624246e+03	4.280954e+02	3.911770e+02	7.983273e+01	4.185368e+01	1.049005e+02
527	1.510029e+01	2.617284e+03	4.279619e+02	3.911769e+02	7.943819e+01	4.194996e+01	1.048311e+02
528	1.512894e+01	2.602633e+03	4.281354e+02	3.912513e+02	7.932886e+01	4.177264e+01	1.048728e+02
529	1.515759e+01	2.612573e+03	4.280443e+02	3.912402e+02	7.963464e+01	4.177116e+01	1.045136e+02
530	1.518625e+01	2.610013e+03	4.278894e+02	3.912834e+02	7.941070e+01	4.184790e+01	1.048052e+02
531	1.521490e+01	2.620187e+03	4.278067e+02	3.911716e+02	7.974878e+01	4.183294e+01	1.052140e+02
532	1.524355e+01	2.627411e+03	4.279207e+02	3.912132e+02	7.967370e+01	4.198780e+01	1.047838e+02
533	1.527221e+01	2.629326e+03	4.280431e+02	3.911982e+02	7.989796e+01	4.190047e+01	1.050537e+02
534	1.530086e+01	2.616095e+03	4.280067e+02	3.912521e+02	7.938175e+01	4.196072e+01	1.047165e+02
535	1.532951e+01	2.616791e+03	4.279552e+02	3.912174e+02	7.953072e+01	4.189326e+01	1.048823e+02
536	1.535817e+01	2.618176e+03	4.277607e+02	3.911253e+02	7.947080e+01	4.194704e+01	1.051330e+02
537	1.538682e+01	2.618236e+03	4.280458e+02	3.912001e+02	7.934636e+01	4.201380e+01	1.049603e+02
538	1.541547e+01	2.613153e+03	4.280427e+02	3.911838e+02	7.929666e+01	4.195851e+01	1.048175e+02
539	1.544413e+01	2.614372e+03	4.278904e+02	3.912297e+02	7.973824e+01	4.174562e+01	1.051644e+02
540	1.547278e+01	2.611350e+03	4.278428e+02	3.911315e+02	7.950095e+01	4.182182e+01	1.053292e+02
541	1.550143e+01	2.624799e+03	4.279321e+02	3.910408e+02	7.954731e+01	4.201270e+01	1.054361e+02
542	1.553009e+01	2.627005e+03	4.279431e+02	3.910869e+02	7.961946e+01	4.200991e+01	1.052932e+02
543	1.555874e+01	2.610507e+03	4.278876e+02	3.910752e+02	7.975851e+01	4.167331e+01	1.053486e+02
544	1.558739e+01	2.628785e+03	4.278691e+02	3.910025e+02	7.949156e+01	4.210601e+01	1.054674e+02
545	1.561605e+01	2.627035e+03	4.278103e+02	3.910047e+02	7.988176e+01	4.187245e+01	1.055874e+02
546	1.564470e+01	2.618945e+03	4.278674e+02	3.910363e+02	7.955094e+01	4.191710e+01	1.054316e+02
547	1.567335e+01	2.599730e+03	4.279089e+02	3.912097e+02	7.982320e+01	4.146763e+01	1.052913e+02
548	1.570201e+01	2.607134e+03	4.278977e+02	3.911479e+02	7.972253e+01	4.163824e+01	1.055706e+02
549	1.573066e+01	2.621700e+03	4.279405e+02	3.910669e+02	7.964375e+01	4.191229e+01	1.054650e+02
550	1.575931e+01	2.617650e+03	4.278682e+02	3.909845e+02	7.931168e+01	4.202275e+01	1.054300e+02
551	1.578797e+01	2.619247e+03	4.279118e+02	3.910323e+02	7.959663e+01	4.189786e+01	1.052180e+02
552	1.581662e+01	2.611013e+03	4.277665e+02	3.910400e+02	7.953011e+01	4.180109e+01	1.055832e+02
553	1.584527e+01	2.613668e+03	4.277594e+02	3.910535e+02	7.946871e+01	4.187592e+01	1.055962e+02
554	1.587393e+01	2.612521e+03	4.279434e+02	3.910136e+02	7.930582e+01	4.194352e+01	1.053708e+02
555	1.590258e+01	2.618791e+03	4.279142e+02	3.910789e+02	7.945397e+01	4.196578e+01	1.057130e+02
556	1.593123e+01	2.610221e+03	4.278947e+02	3.910503e+02	7.969250e+01	4.170325e+01	1.054226e+02
557	1.595989e+01	2.609663e+03	4.278732e+02	3.910110e+02	7.972932e+01	4.167508e+01	1.056293e+02
558	1.598854e+01	2.604185e+03	4.278639e+02	3.911180e+02	7.953601e+01	4.168867e+01	1.053130e+02
559	1.601719e+01	2.607138e+03	4.279793e+02	3.909881e+02	7.955216e+01	4.172748e+01	1.055123e+02
560	1.604585e+01	2.614921e+03	4.277950e+02	3.910295e+02	7.970847e+01	4.176998e+01	1.055089e+02
561	1.607450e+01	2.625153e+03	4.278044e+02	3.908673e+02	7.975048e+01	4.191132e+01	1.058903e+02
562	1.610315e+01	2.613566e+03	4.278934e+02	3.910367e+02	7.959229e+01	4.180926e+01	1.057244e+02
563	1.613181e+01	2.620514e+03	4.277090e+02	3.909037e+02	7.950996e+01	4.196382e+01	1.059395e+02
564	1.616046e+01	2.612161e+03	4.278851e+02	3.910320e+02	7.980337e+01	4.167627e+01	1.057343e+02
565	1.618911e+01	2.622668e+03	4.278777e+02	3.909138e+02	7.950945e+01	4.199859e+01	1.056997e+02
566	1.621777e+01	2.614570e+03	4.279811e+02	3.909215e+02	7.949819e+01	4.187484e+01	1.055688e+02
567	1.624642e+01	2.615552e+03	4.279286e+02	3.910044e+02	7.977242e+01	4.174656e+01	1.055800e+02
568	1.627507e+01	2.605327e+03	4.279764e+02	3.910364e+02	7.970204e+01	4.162008e+01	1.056498e+02
569	1.630372e+01	2.609575e+03	4.278515e+02	3.909524e+02	7.949615e+01	4.179592e+01	1.057385e+02
570	1.633238e+01	2.620502e+03	4.277597e+02	3.908628e+02	7.960941e+01	4.191121e+01	1.057918e+02
571	1.636103e+01	2.606956e+03	4.279168e+02	3.909445e+02	7.943967e+01	4.178365e+01	1.057415e+02
572	1.638968e+01	2.610341e+03	4.278789e+02	3.909398e+02	7.924293e+01	4.194178e+01	1.058299e+02
573	1.641834e+01	2.616016e+03	4.278575e+02	3.908527e+02	7.935050e+01	4.197598e+01	1.058065e+02
574	1.644699e+01	2.610350e+03	4.276809e+02	3.908748e+02	7.945838e+01	4.182820e+01	1.059909e+02
575	1.647564e+01	2.618471e+03	4.278742e+02	3.909007e+02	7.938205e+01	4.199867e+01	1.057039e+02
576	1.650430e+01	2.614184e+03	4.278699e+02	3.909387e+02	7.960581e+01	4.181205e+01	1.056523e+02
577	1.653295e+01	2.609194e+03	4.278403e+02	3.909251e+02	7.960458e+01	4.173288e+01	1.059518e+02
578	1.656160e+01	2.619084e+03	4.278019e+02	3.907426e+02	7.940302e+01	4.199742e+01	1.061921e+02
579	1.659026e+01	2.609338e+03	4.279041e+02	3.908794e+02	7.951925e+01	4.177997e+01	1.059646e+02
580	1.661891e+01	2.604092e+03	4.279018e+02	3.908863e+02	7.931804e+01	4.180175e+01	1.060524e+02
581	1.664756e+01	2.599423e+03	4.278612e+02	3.908220e+02	7.915345e+01	4.181357e+01	1.059264e+02
582	1.667622e+01	2.619961e+03	4.280052e+02	3.908123e+02	7.944949e+01	4.198690e+01	1.061025e+02
583	1.670487e+01	2.609086e+03	4.279295e+02	3.908084e+02	7.939258e+01	4.184260e+01	1.060698e+02
584	1.673352e+01	2.615646e+03	4.279047e+02	3.907898e+02	7.956823e+01	4.185519e+01	1.064137e+02
585	1.676218e+01	2.623363e+03	4.279189e+02	3.908035e+02	7.960565e+01	4.195895e+01	1.063365e+02
586	1.679083e+01	2.619016e+03	4.277026e+02	3.907087e+02	7.937611e+01	4.201056e+01	1.065024e+02
587	1.681948e+01	2.610470e+03	4.278705e+02	3.907605e+02	7.919948e+01	4.196686e+01	1.062816e+02
588	1.684814e+01	2.615297e+03	4.279032e+02	3.906956e+02	7.946297e+01	4.190505e+01	1.063983e+02
589	1.687679e+01	2.606737e+03	4.277760e+02	3.907338e+02	7.936389e+01	4.182004e+01	1.064105e+02
590	1.690544e+01	2.611251e+03	4.278472e+02	3.907029e+02	7.948554e+01	4.182834e+01	1.062899e+02
591	1.693410e+01	2.610722e+03	4.277494e+02	3.906395e+02	7.930161e+01	4.191685e+01	1.066998e+02
592	1.696275e+01	2.621987e+03	4.277143e+02	3.907156e+02	7.948369e+01	4.200129e+01	1.067931e+02
593	1.699140e+01	2.616420e+03	4.277904e+02	3.906839e+02	7.950082e+01	4.190309e+01	1.065914e+02
594	1.702006e+01	2.618015e+03	4.277565e+02	3.906847e+02	7.950476e+01	4.192654e+01	1.066799e+02
595	1.704871e+01	2.616274e+03	4.277884e+02	3.906128e+02	7.959843e+01	4.184937e+01	1.071483e+02
596	1.707736e+01	2.615754e+03	4.277167e+02	3.905458e+02	7.951227e+01	4.188638e+01	1.069380e+02
597	1.710602e+01	2.622698e+03	4.276718e+02	3.906059e+02	7.950214e+01	4.200293e+01	1.067693e+02
598	1.713467e+01	2.618203e+03	4.276309e+02	3.905829e+02	7.941336e+01	4.197782e+01	1.070585e+02
599	1.716332e+01	2.614332e+03	4.277554e+02	3.905944e+02	7.956818e+01	4.183420e+01	1.069040e+02
600	1.719198e+01	2.628269e+03	4.275709e+02	3.905252e+02	7.968867e+01	4.199362e+01	1.068213e+02
601	1.722063e+01	2.622855e+03	4.277159e+02	3.905006e+02	7.966890e+01	4.191752e+01	1.070004e+02
602	1.724928e+01	2.619604e+03	4.277552e+02	3.905611e+02	7.942534e+01	4.199394e+01	1.069775e+02
603	1.727794e+01	2.618726e+03	4.276842e+02	3.905728e+02	7.957201e+01	4.190249e+01	1.070240e+02
604	1.730659e+01	2.613595e+03	4.276202e+02	3.905389e+02	7.933958e+01	4.194290e+01	1.070733e+02
605	1.733524e+01	2.616126e+03	4.276614e+02	3.904927e+02	7.947511e+01	4.191192e+01	1.070298e+02
606	1.736390e+01	2.619175e+03	4.276889e+02	3.905656e+02	7.959927e+01	4.189532e+01	1.072283e+02
607	1.739255e+01	2.605984e+03	4.277278e+02	3.905485e+02	7.937021e+01	4.180462e+01	1.069474e+02
608	1.742120e+01	2.613188e+03	4.275440e+02	3.904570e+02	7.932494e+01	4.194412e+01	1.073189e+02
609	1.744986e+01	2.609344e+03	4.276635e+02	3.905360e+02	7.931844e+01	4.188584e+01	1.068690e+02
610	1.747851e+01	2.611059e+03	4.276526e+02	3.904915e+02	7.931417e+01	4.191563e+01	1.071854e+02
611	1.750716e+01	2.618526e+03	4.276513e+02	3.904776e+02	7.951192e+01	4.193095e+01	1.071993e+02
612	1.753582e+01	2.617663e+03	4.276762e+02	3.904742e+02	7.927390e+01	4.204300e+01	1.073878e+02
613	1.756447e+01	2.612519e+03	4.276092e+02	3.904286e+02	7.936613e+01	4.191161e+01	1.072832e+02
614	1.759312e+01	2.626232e+03	4.276084e+02	3.904676e+02	7.949707e+01	4.206221e+01	1.073754e+02
615	1.762178e+01	2.614789e+03	4.276984e+02	3.904084e+02	7.940354e+01	4.192826e+01	1.073547e+02
616	1.765043e+01	2.618458e+03	4.277446e+02	3.904517e+02	7.945187e+01	4.196156e+01	1.076028e+02
617	1.767908e+01	2.616729e+03	4.276720e+02	3.904380e+02	7.962286e+01	4.184380e+01	1.074981e+02
618	1.770774e+01	2.608695e+03	4.275988e+02	3.903454e+02	7.923206e+01	4.192108e+01	1.074456e+02
619	1.773639e+01	2.617600e+03	4.276575e+02	3.903826e+02	7.922182e+01	4.206962e+01	1.076988e+02
620	1.776504e+01	2.615470e+03	4.276101e+02	3.902850e+02	7.987977e+01	4.168916e+01	1.077660e+02
621	1.779370e+01	2.599651e+03	4.275126e+02	3.903079e+02	7.908817e+01	4.185176e+01	1.078523e+02
622	1.782235e+01	2.604228e+03	4.275622e+02	3.901862e+02	7.925654e+01	4.183638e+01	1.077971e+02
623	1.785100e+01	2.613970e+03	4.275595e+02	3.902389e+02	7.921831e+01	4.201314e+01	1.079441e+02
624	1.787966e+01	2.607900e+03	4.275718e+02	3.903482e+02	7.912475e+01	4.196514e+01	1.078362e+02
625	1.790831e+01	2.625836e+03	4.275156e+02	3.901764e+02	7.957697e+01	4.201364e+01	1.079627e+02
626	1.793696e+01	2.613567e+03	4.275668e+02	3.902126e+02	7.938686e+01	4.191748e+01	1.076855e+02
627	1.796562e+01	2.624065e+03	4.276364e+02	3.902608e+02	7.934513e+01	4.210799e+01	1.082209e+02
628	1.799427e+01	2.628616e+03	4.276151e+02	3.902268e+02	7.961865e+01	4.203611e+01	1.079774e+02
629	1.802292e+01	2.614506e+03	4.274891e+02	3.901749e+02	7.922412e+01	4.201867e+01	1.080481e+02
630	1.805158e+01	2.617398e+03	4.276386e+02	3.901172e+02	7.917593e+01	4.209075e+01	1.079501e+02
631	1.808023e+01	2.615397e+03	4.274870e+02	3.902568e+02	7.931998e+01	4.198219e+01	1.079372e+02
632	1.810888e+01	2.623337e+03	4.276079e+02	3.902174e+02	7.948305e+01	4.202325e+01	1.079243e+02
633	1.813754e+01	2.617160e+03	4.275049e+02	3.901179e+02	7.927722e+01	4.203315e+01	1.084211e+02
634	1.816619e+01	2.610788e+03	4.274316e+02	3.900969e+02	7.929166e+01	4.192317e+01	1.084439e+02
635	1.819484e+01	2.616793e+03	4.274339e+02	3.901841e+02	7.922725e+01	4.205378e+01	1.081262e+02
636	1.822350e+01	2.606808e+03	4.275042e+02	3.901388e+02	7.931197e+01	4.184855e+01	1.082261e+02
637	1.825215e+01	2.617281e+03	4.274594e+02	3.901169e+02	7.949255e+01	4.192123e+01	1.082381e+02
638	1.828080e+01	2.609889e+03	4.274449e+02	3.900795e+02	7.946280e+01	4.181849e+01	1.081923e+02
639	1.830946e+01	2.618307e+03	4.274384e+02	3.900217e+02	7.913855e+01	4.212525e+01	1.085096e+02
640	1.833811e+01	2.623513e+03	4.274744e+02	3.900355e+02	7.943349e+01	4.205230e+01	1.083973e+02
641	1.836676e+01	2.618331e+03	4.274751e+02	3.900489e+02	7.921651e+01	4.208418e+01	1.087597e+02
642	1.839542e+01	2.622002e+03	4.274713e+02	3.900290e+02	7.953590e+01	4.197395e+01	1.088403e+02
643	1.842407e+01	2.607605e+03	4.274715e+02	3.899839e+02	7.908470e+01	4.198165e+01	1.084479e+02
644	1.845272e+01	2.623359e+03	4.275462e+02	3.899903e+02	7.937366e+01	4.208152e+01	1.086278e+02
645	1.848138e+01	2.625158e+03	4.275943e+02	3.900156e+02	7.943957e+01	4.207544e+01	1.086859e+02
646	1.851003e+01	2.617838e+03	4.275321e+02	3.899844e+02	7.921678e+01	4.207613e+01	1.084451e+02
647	1.853868e+01	2.619735e+03	4.274356e+02	3.899646e+02	7.954707e+01	4.193178e+01	1.088440e+02
648	1.856734e+01	2.627256e+03	4.274887e+02	3.898781e+02	7.910124e+01	4.228917e+01	1.090842e+02
649	1.859599e+01	2.620934e+03	4.274959e+02	3.899753e+02	7.940839e+01	4.202424e+01	1.090892e+02
650	1.862464e+01	2.612043e+03	4.274254e+02	3.898643e+02	7.935877e+01	4.190787e+01	1.089386e+02
651	1.865330e+01	2.614102e+03	4.273932e+02	3.899085e+02	7.933158e+01	4.195528e+01	1.092007e+02
652	1.868195e+01	2.609168e+03	4.274105e+02	3.898589e+02	7.912914e+01	4.198321e+01	1.090760e+02
653	1.871060e+01	2.629377e+03	4.274290e+02	3.898622e+02	7.914847e+01	4.229806e+01	1.089053e+02
654	1.873926e+01	2.622785e+03	4.274599e+02	3.898433e+02	7.919946e+01	4.216484e+01	1.092473e+02
655	1.876791e+01	2.616023e+03	4.274738e+02	3.897708e+02	7.943533e+01	4.193127e+01	1.095543e+02
656	1.879656e+01	2.622551e+03	4.274391e+02	3.897421e+02	7.934023e+01	4.208628e+01	1.093527e+02
657	1.882521e+01	2.625497e+03	4.274083e+02	3.897652e+02	7.928684e+01	4.216193e+01	1.093899e+02
658	1.885387e+01	2.630758e+03	4.273200e+02	3.896763e+02	7.930770e+01	4.223530e+01	1.098081e+02
659	1.888252e+01	2.626838e+03	4.273997e+02	3.896158e+02	7.938400e+01	4.213183e+01	1.094980e+02
660	1.891117e+01	2.635175e+03	4.272733e+02	3.895906e+02	7.950444e+01	4.220153e+01	1.096184e+02
661	1.893983e+01	2.626882e+03	4.273067e+02	3.896378e+02	7.924631e+01	4.220576e+01	1.096637e+02
662	1.896848e+01	2.626247e+03	4.273693e+02	3.896734e+02	7.932142e+01	4.215559e+01	1.097881e+02
663	1.899713e+01	2.628937e+03	4.272319e+02	3.896106e+02	7.927293e+01	4.222459e+01	1.096303e+02
664	1.902579e+01	2.615568e+03	4.273310e+02	3.895528e+02	7.923222e+01	4.203144e+01	1.098337e+02
665	1.905444e+01	2.632358e+03	4.272669e+02	3.896160e+02	7.949835e+01	4.215965e+01	1.097528e+02
666	1.908309e+01	2.627055e+03	4.273929e+02	3.896578e+02	7.955874e+01	4.204278e+01	1.097137e+02
667	1.911175e+01	2.621031e+03	4.272685e+02	3.895261e+02	7.930429e+01	4.208095e+01	1.100585e+02
668	1.914040e+01	2.635545e+03	4.273839e+02	3.895914e+02	7.935559e+01	4.228663e+01	1.100601e+02
669	1.916905e+01	2.622940e+03	4.272862e+02	3.894620e+02	7.928677e+01	4.212091e+01	1.100496e+02
670	1.919771e+01	2.624525e+03	4.272984e+02	3.895247e+02	7.914990e+01	4.221925e+01	1.099757e+02
671	1.922636e+01	2.644967e+03	4.272044e+02	3.894649e+02	7.971513e+01	4.224640e+01	1.104609e+02
672	1.925501e+01	2.636921e+03	4.272333e+02	3.894483e+02	7.933001e+01	4.232235e+01	1.102246e+02
673	1.928367e+01	2.607699e+03	4.272269e+02	3.894686e+02	7.895357e+01	4.205289e+01	1.098028e+02
674	1.931232e+01	2.614888e+03	4.272096e+02	3.894423e+02	7.901708e+01	4.213493e+01	1.099231e+02
675	1.934097e+01	2.622151e+03	4.273351e+02	3.894931e+02	7.909583e+01	4.220990e+01	1.101095e+02
676	1.936963e+01	2.621843e+03	4.272458e+02	3.894532e+02	7.927110e+01	4.211162e+01	1.103309e+02
677	1.939828e+01	2.626960e+03	4.272051e+02	3.894662e+02	7.922561e+01	4.221803e+01	1.105028e+02
678	1.942693e+01	2.636567e+03	4.271766e+02	3.894967e+02	7.929797e+01	4.233376e+01	1.104253e+02
679	1.945559e+01	2.627724e+03	4.272723e+02	3.894576e+02	7.948466e+01	4.209269e+01	1.103722e+02
680	1.948424e+01	2.611109e+03	4.272731e+02	3.894217e+02	7.907194e+01	4.204485e+01	1.103554e+02
681	1.951289e+01	2.619831e+03	4.272482e+02	3.894338e+02	7.910547e+01	4.216741e+01	1.102984e+02
682	1.954155e+01	2.620988e+03	4.272188e+02	3.893641e+02	7.936332e+01	4.204896e+01	1.104556e+02
683	1.957020e+01	2.607466e+03	4.271077e+02	3.893240e+02	7.875128e+01	4.215713e+01	1.105951e+02
684	1.959885e+01	2.629469e+03	4.271487e+02	3.893778e+02	7.949837e+01	4.211336e+01	1.105846e+02
685	1.962751e+01	2.607772e+03	4.272279e+02	3.893033e+02	7.890993e+01	4.207732e+01	1.101207e+02
686	1.965616e+01	2.638320e+03	4.271367e+02	3.894496e+02	7.943221e+01	4.229032e+01	1.107218e+02
687	1.968481e+01	2.621047e+03	4.273382e+02	3.894819e+02	7.952956e+01	4.196201e+01	1.106851e+02
688	1.971347e+01	2.625520e+03	4.272587e+02	3.893696e+02	7.960787e+01	4.199228e+01	1.107470e+02
689	1.974212e+01	2.616475e+03	4.272129e+02	3.893625e+02	7.905987e+01	4.213768e+01	1.105774e+02
690	1.977077e+01	2.619627e+03	4.271008e+02	3.894138e+02	7.913687e+01	4.214739e+01	1.106334e+02
691	1.979943e+01	2.637596e+03	4.270379e+02	3.893118e+02	7.942823e+01	4.228083e+01	1.109760e+02
692	1.982808e+01	2.625103e+03	4.271945e+02	3.892984e+02	7.953262e+01	4.202534e+01	1.113014e+02
693	1.985673e+01	2.618428e+03	4.272026e+02	3.892866e+02	7.911795e+01	4.213817e+01	1.111274e+02
694	1.988539e+01	2.625406e+03	4.270967e+02	3.892644e+02	7.900336e+01	4.231175e+01	1.109942e+02
695	1.991404e+01	2.624316e+03	4.271644e+02	3.892411e+02	7.889503e+01	4.235226e+01	1.110545e+02
696	1.994269e+01	2.614975e+03	4.272428e+02	3.891682e+02	7.934139e+01	4.196409e+01	1.109027e+02
697	1.997135e+01	2.622831e+03	4.272321e+02	3.892298e+02	7.924321e+01	4.214232e+01	1.111305e+02
698	2.000000e+01	2.621693e+03	4.271305e+02	3.890625e+02	7.892234e+01	4.229529e+01	1.112548e+02
699	2.002865e+01	2.621615e+03	4.272796e+02	3.890998e+02	7.929330e+01	4.209616e+01	1.115506e+02
700	2.005731e+01	2.605210e+03	4.272767e+02	3.892864e+02	7.876380e+01	4.211398e+01	1.109646e+02
701	2.008596e+01	2.631193e+03	4.272228e+02	3.890988e+02	7.948185e+01	4.214973e+01	1.117832e+02
702	2.011461e+01	2.626987e+03	4.270006e+02	3.890626e+02	7.911945e+01	4.227511e+01	1.113456e+02
703	2.014327e+01	2.634014e+03	4.270070e+02	3.889772e+02	7.924973e+01	4.231851e+01	1.115384e+02
704	2.017192e+01	2.626815e+03	4.269910e+02	3.889149e+02	7.920108e+01	4.222878e+01	1.113604e+02
705	2.020057e+01	2.623562e+03	4.270859e+02	3.890610e+02	7.891684e+01	4.232838e+01	1.113205e+02
706	2.022923e+01	2.625732e+03	4.270266e+02	3.889182e+02	7.897246e+01	4.233357e+01	1.116383e+02
707	2.025788e+01	2.629348e+03	4.270636e+02	3.889275e+02	7.918013e+01	4.228069e+01	1.118632e+02
708	2.028653e+01	2.624880e+03	4.270221e+02	3.889226e+02	7.902165e+01	4.229349e+01	1.120932e+02
709	2.031519e+01	2.613306e+03	4.270732e+02	3.888248e+02	7.890981e+01	4.216667e+01	1.115732e+02
710	2.034384e+01	2.616097e+03	4.271177e+02	3.888297e+02	7.889596e+01	4.221912e+01	1.119031e+02
711	2.037249e+01	2.624591e+03	4.270078e+02	3.887771e+02	7.918990e+01	4.219898e+01	1.119664e+02
712	2.040115e+01	2.615816e+03	4.270257e+02	3.888067e+02	7.916384e+01	4.207174e+01	1.122188e+02
713	2.042980e+01	2.628163e+03	4.271423e+02	3.888259e+02	7.890423e+01	4.240939e+01	1.122300e+02
714	2.045845e+01	2.623951e+03	4.270267e+02	3.886371e+02	7.891693e+01	4.233461e+01	1.124743e+02
715	2.048711e+01	2.625962e+03	4.270119e+02	3.886823e+02	7.913524e+01	4.225018e+01	1.123466e+02
716	2.051576e+01	2.637318e+03	4.269685e+02	3.886848e+02	7.929686e+01	4.234641e+01	1.129346e+02
717	2.054441e+01	2.624345e+03	4.271022e+02	3.887483e+02	7.902102e+01	4.228521e+01	1.128892e+02
718	2.057307e+01	2.626596e+03	4.269834e+02	3.885979e+02	7.895768e+01	4.235542e+01	1.125219e+02
719	2.060172e+01	2.639392e+03	4.269076e+02	3.885685e+02	7.946655e+01	4.228921e+01	1.126124e+02
720	2.063037e+01	2.622933e+03	4.269940e+02	3.886052e+02	7.896024e+01	4.229498e+01	1.124218e+02
721	2.065903e+01	2.617206e+03	4.270250e+02	3.885939e+02	7.865983e+01	4.236381e+01	1.128261e+02
722	2.068768e+01	2.631864e+03	4.268401e+02	3.885700e+02	7.900034e+01	4.241745e+01	1.127170e+02
723	2.071633e+01	2.630728e+03	4.269173e+02	3.885617e+02	7.920473e+01	4.228974e+01	1.124580e+02
724	2.074499e+01	2.628493e+03	4.268988e+02	3.884817e+02	7.908131e+01	4.231975e+01	1.127480e+02
725	2.077364e+01	2.632150e+03	4.270139e+02	3.885339e+02	7.909351e+01	4.237210e+01	1.132066e+02
726	2.080229e+01	2.639617e+03	4.269261e+02	3.884706e+02	7.918020e+01	4.244578e+01	1.131910e+02
727	2.083095e+01	2.631132e+03	4.268766e+02	3.884552e+02	7.897593e+01	4.241876e+01	1.129951e+02
728	2.085960e+01	2.641839e+03	4.267585e+02	3.884380e+02	7.918621e+01	4.247828e+01	1.131529e+02
729	2.088825e+01	2.626859e+03	4.268698e+02	3.884603e+02	7.913700e+01	4.226368e+01	1.129827e+02
730	2.091691e+01	2.634019e+03	4.268585e+02	3.884540e+02	7.925925e+01	4.231351e+01	1.132533e+02
731	2.094556e+01	2.620964e+03	4.267939e+02	3.883825e+02	7.860842e+01	4.245238e+01	1.136309e+02
732	2.097421e+01	2.623365e+03	4.269569e+02	3.883110e+02	7.899162e+01	4.228514e+01	1.135593e+02
733	2.100287e+01	2.625975e+03	4.268596e+02	3.882786e+02	7.904549e+01	4.229837e+01	1.133751e+02
734	2.103152e+01	2.619173e+03	4.269518e+02	3.883504e+02	7.868127e+01	4.238410e+01	1.136457e+02
735	2.106017e+01	2.629931e+03	4.268171e+02	3.881752e+02	7.911934e+01	4.232255e+01	1.134535e+02
736	2.108883e+01	2.622226e+03	4.269014e+02	3.882209e+02	7.898914e+01	4.226811e+01	1.140859e+02
737	2.111748e+01	2.628533e+03	4.267769e+02	3.881476e+02	7.918620e+01	4.226433e+01	1.135171e+02
738	2.114613e+01	2.625952e+03	4.267730e+02	3.881341e+02	7.924617e+01	4.219088e+01	1.138345e+02
739	2.117479e+01	2.634018e+03	4.267502e+02	3.880460e+02	7.915672e+01	4.236831e+01	1.139433e+02
740	2.120344e+01	2.611354e+03	4.268119e+02	3.881341e+02	7.896008e+01	4.210836e+01	1.139146e+02
741	2.123209e+01	2.618730e+03	4.267570e+02	3.881187e+02	7.893658e+01	4.223986e+01	1.141756e+02
742	2.126074e+01	2.614715e+03	4.267887e+02	3.880713e+02	7.861171e+01	4.234940e+01	1.141296e+02
743	2.128940e+01	2.627741e+03	4.267273e+02	3.880732e+02	7.922020e+01	4.223346e+01	1.143117e+02
744	2.131805e+01	2.623931e+03	4.266409e+02	3.879924e+02	7.879816e+01	4.239811e+01	1.139299e+02
745	2.134670e+01	2.624777e+03	4.268409e+02	3.880822e+02	7.908511e+01	4.225789e+01	1.139879e+02
746	2.137536e+01	2.627102e+03	4.268725e+02	3.881493e+02	7.895676e+01	4.236408e+01	1.142235e+02
747	2.140401e+01	2.620540e+03	4.268142e+02	3.881252e+02	7.908508e+01	4.218969e+01	1.139116e+02
748	2.143266e+01	2.630114e+03	4.268217e+02	3.880627e+02	7.909540e+01	4.233830e+01	1.142381e+02
749	2.146132e+01	2.629793e+03	4.268141e+02	3.880988e+02	7.899912e+01	4.238473e+01	1.143209e+02
750	2.148997e+01	2.629726e+03	4.267520e+02	3.880664e+02	7.914797e+01	4.230394e+01	1.142823e+02
751	2.151862e+01	2.627502e+03	4.268952e+02	3.881375e+02	7.895642e+01	4.237070e+01	1.146281e+02
752	2.154728e+01	2.611878e+03	4.268156e+02	3.880324e+02	7.849185e+01	4.236805e+01	1.144100e+02
753	2.157593e+01	2.611370e+03	4.266357e+02	3.880118e+02	7.876000e+01	4.221558e+01	1.140654e+02
754	2.160458e+01	2.619665e+03	4.267012e+02	3.879929e+02	7.885188e+01	4.230033e+01	1.141258e+02
755	2.163324e+01	2.613285e+03	4.267397e+02	3.880482e+02	7.868646e+01	4.228603e+01	1.141563e+02
756	2.166189e+01	2.613003e+03	4.266511e+02	3.880270e+02	7.892730e+01	4.215245e+01	1.142423e+02
757	2.169054e+01	2.621997e+03	4.266901e+02	3.880571e+02	7.908308e+01	4.221421e+01	1.144547e+02
758	2.171920e+01	2.628111e+03	4.268394e+02	3.881068e+02	7.923818e+01	4.222983e+01	1.142537e+02
759	2.174785e+01	2.626015e+03	4.267439e+02	3.880099e+02	7.872237e+01	4.247263e+01	1.142395e+02
760	2.177650e+01	2.628144e+03	4.268175e+02	3.880174e+02	7.908142e+01	4.231407e+01	1.143295e+02
761	2.180516e+01	2.619363e+03	4.267147e+02	3.880814e+02	7.886065e+01	4.229075e+01	1.142907e+02
762	2.183381e+01	2.623131e+03	4.267332e+02	3.880956e+02	7.896613e+01	4.229502e+01	1.146073e+02
763	2.186246e+01	2.620210e+03	4.268272e+02	3.880180e+02	7.892116e+01	4.227200e+01	1.143796e+02
764	2.189112e+01	2.619399e+03	4.267067e+02	3.879861e+02	7.874882e+01	4.235140e+01	1.143250e+02
765	2.191977e+01	2.618179e+03	4.267607e+02	3.880031e+02	7.869508e+01	4.236059e+01	1.144150e+02
766	2.194842e+01	2.621679e+03	4.266906e+02	3.880385e+02	7.904110e+01	4.223152e+01	1.143851e+02
767	2.197708e+01	2.622878e+03	4.267693e+02	3.880250e+02	7.876717e+01	4.239777e+01	1.146468e+02
768	2.200573e+01	2.622078e+03	4.267432e+02	3.879944e+02	7.893615e+01	4.229411e+01	1.143057e+02
769	2.203438e+01	2.618775e+03	4.267264e+02	3.880432e+02	7.903880e+01	4.218596e+01	1.144719e+02
770	2.206304e+01	2.620479e+03	4.268330e+02	3.881594e+02	7.868246e+01	4.240459e+01	1.146416e+02
771	2.209169e+01	2.616710e+03	4.266748e+02	3.879906e+02	7.890610e+01	4.222359e+01	1.145833e+02
772	2.212034e+01	2.615023e+03	4.266282e+02	3.879572e+02	7.872937e+01	4.229109e+01	1.143315e+02
773	2.214900e+01	2.607517e+03	4.267739e+02	3.880492e+02	7.862904e+01	4.222351e+01	1.145371e+02
774	2.217765e+01	2.617736e+03	4.267419e+02	3.880067e+02	7.899805e+01	4.219099e+01	1.142078e+02
775	2.220630e+01	2.614610e+03	4.267036e+02	3.879876e+02	7.874360e+01	4.227678e+01	1.144799e+02
776	2.223496e+01	2.627421e+03	4.268088e+02	3.880729e+02	7.875624e+01	4.247709e+01	1.145627e+02
777	2.226361e+01	2.624517e+03	4.266639e+02	3.879615e+02	7.892645e+01	4.233865e+01	1.142896e+02
778	2.229226e+01	2.624874e+03	4.267133e+02	3.880887e+02	7.907124e+01	4.226687e+01	1.144529e+02
779	2.232092e+01	2.617620e+03	4.268374e+02	3.880828e+02	7.871561e+01	4.234050e+01	1.144787e+02
780	2.234957e+01	2.611267e+03	4.267809e+02	3.880471e+02	7.862436e+01	4.228674e+01	1.145330e+02
781	2.237822e+01	2.614303e+03	4.266987e+02	3.879817e+02	7.879970e+01	4.224171e+01	1.144205e+02
782	2.240688e+01	2.625394e+03	4.266172e+02	3.879763e+02	7.918108e+01	4.221658e+01	1.143951e+02
783	2.243553e+01	2.608328e+03	4.267528e+02	3.880585e+02	7.874823e+01	4.217271e+01	1.147618e+02
784	2.246418e+01	2.618654e+03	4.267948e+02	3.879928e+02	7.867467e+01	4.237926e+01	1.144343e+02
785	2.249284e+01	2.612607e+03	4.267001e+02	3.879755e+02	7.875200e+01	4.223988e+01	1.145696e+02
786	2.252149e+01	2.621188e+03	4.267971e+02	3.880031e+02	7.880532e+01	4.234994e+01	1.145754e+02
787	2.255014e+01	2.631764e+03	4.268759e+02	3.881063e+02	7.914098e+01	4.234046e+01	1.146543e+02
788	2.257880e+01	2.612175e+03	4.267220e+02	3.879626e+02	7.863034e+01	4.229824e+01	1.145121e+02
789	2.260745e+01	2.622240e+03	4.266968e+02	3.879785e+02	7.887147e+01	4.233140e+01	1.146074e+02
790	2.263610e+01	2.624642e+03	4.267428e+02	3.879651e+02	7.886754e+01	4.237228e+01	1.143853e+02
791	2.266476e+01	2.625147e+03	4.266163e+02	3.879074e+02	7.885542e+01	4.238695e+01	1.144588e+02
792	2.269341e+01	2.626394e+03	4.267372e+02	3.878731e+02	7.861084e+01	4.253904e+01	1.148670e+02
793	2.272206e+01	2.616955e+03	4.267915e+02	3.879109e+02	7.865694e+01	4.236130e+01	1.148006e+02
794	2.275072e+01	2.615626e+03	4.267243e+02	3.878407e+02	7.860090e+01	4.236999e+01	1.147380e+02
795	2.277937e+01	2.615559e+03	4.267153e+02	3.878807e+02	7.870673e+01	4.231193e+01	1.145341e+02
796	2.280802e+01	2.621694e+03	4.267563e+02	3.878859e+02	7.868269e+01	4.242412e+01	1.148381e+02
797	2.283668e+01	2.622199e+03	4.268080e+02	3.878760e+02	7.872667e+01	4.240859e+01	1.149087e+02
798	2.286533e+01	2.621739e+03	4.266833e+02	3.877499e+02	7.877142e+01	4.237707e+01	1.150055e+02
799	2.289398e+01	2.621932e+03	4.266488e+02	3.877249e+02	7.897385e+01	4.227155e+01	1.150161e+02
