1	2.858776e-02	2.683214e+03	5.633959e+02	5.821538e+02	8.028056e+01	4.255544e+01	9.769251e+01
2	5.717553e-02	2.694714e+03	5.621434e+02	5.817204e+02	8.046484e+01	4.263994e+01	9.819480e+01
3	8.576329e-02	2.678170e+03	5.612225e+02	5.812614e+02	8.049735e+01	4.236105e+01	9.864542e+01
4	1.143511e-01	2.671678e+03	5.601414e+02	5.806716e+02	8.001563e+01	4.251277e+01	9.903780e+01
5	1.429388e-01	2.680193e+03	5.591305e+02	5.802290e+02	8.036295e+01	4.246394e+01	9.943413e+01
6	1.715266e-01	2.674492e+03	5.582462e+02	5.796284e+02	8.023203e+01	4.244276e+01	9.991942e+01
7	2.001144e-01	2.680294e+03	5.571321e+02	5.791376e+02	8.033701e+01	4.247926e+01	1.001441e+02
8	2.287021e-01	2.672819e+03	5.562501e+02	5.788859e+02	7.979823e+01	4.264680e+01	1.006986e+02
9	2.572899e-01	2.670984e+03	5.552112e+02	5.783613e+02	7.987910e+01	4.257437e+01	1.008497e+02
10	2.858776e-01	2.669246e+03	5.540084e+02	5.778088e+02	8.000803e+01	4.247811e+01	1.015909e+02
11	3.144654e-01	2.668135e+03	5.529801e+02	5.771804e+02	8.018204e+01	4.236827e+01	1.019208e+02
12	3.430532e-01	2.670313e+03	5.521317e+02	5.767281e+02	8.025943e+01	4.236197e+01	1.024847e+02
13	3.716409e-01	2.658343e+03	5.510847e+02	5.762670e+02	7.998300e+01	4.231783e+01	1.030062e+02
14	4.002287e-01	2.667541e+03	5.501146e+02	5.756757e+02	8.013651e+01	4.238292e+01	1.035490e+02
15	4.288165e-01	2.682626e+03	5.490854e+02	5.750024e+02	8.022616e+01	4.257496e+01	1.036791e+02
16	4.574042e-01	2.680922e+03	5.481143e+02	5.744321e+02	8.034827e+01	4.248325e+01	1.041224e+02
17	4.859920e-01	2.692096e+03	5.470631e+02	5.737427e+02	8.034628e+01	4.266138e+01	1.047870e+02
18	5.145798e-01	2.671297e+03	5.461278e+02	5.731569e+02	7.988731e+01	4.257498e+01	1.049104e+02
19	5.431675e-01	2.678397e+03	5.451647e+02	5.725045e+02	8.018159e+01	4.253146e+01	1.056462e+02
20	5.717553e-01	2.665292e+03	5.441558e+02	5.719966e+02	7.980355e+01	4.252386e+01	1.056606e+02
21	6.003431e-01	2.666372e+03	5.432787e+02	5.712282e+02	8.010839e+01	4.237921e+01	1.058241e+02
22	6.289308e-01	2.667421e+03	5.423329e+02	5.706007e+02	7.977921e+01	4.257081e+01	1.060410e+02
23	6.575186e-01	2.673548e+03	5.413028e+02	5.699846e+02	7.999239e+01	4.255489e+01	1.069401e+02
24	6.861063e-01	2.675785e+03	5.402595e+02	5.693055e+02	7.992374e+01	4.262708e+01	1.071447e+02
25	7.146941e-01	2.689587e+03	5.393342e+02	5.688393e+02	8.002941e+01	4.279037e+01	1.078353e+02
26	7.432819e-01	2.693624e+03	5.382122e+02	5.681629e+02	8.035410e+01	4.268144e+01	1.082984e+02
27	7.718696e-01	2.678814e+03	5.373589e+02	5.673717e+02	7.983186e+01	4.272445e+01	1.085732e+02
28	8.004574e-01	2.675898e+03	5.363400e+02	5.667858e+02	7.982534e+01	4.268142e+01	1.093880e+02
29	8.290452e-01	2.676752e+03	5.352839e+02	5.661498e+02	7.985245e+01	4.268055e+01	1.099819e+02
30	8.576329e-01	2.668739e+03	5.343118e+02	5.654677e+02	7.947649e+01	4.275408e+01	1.104249e+02
31	8.862207e-01	2.672823e+03	5.332730e+02	5.647730e+02	7.964838e+01	4.272709e+01	1.108132e+02
32	9.148085e-01	2.681083e+03	5.323528e+02	5.641282e+02	8.009193e+01	4.262178e+01	1.113197e+02
33	9.433962e-01	2.684638e+03	5.314974e+02	5.634146e+02	7.955398e+01	4.296690e+01	1.115065e+02
34	9.719840e-01	2.689357e+03	5.306511e+02	5.626087e+02	7.982174e+01	4.289804e+01	1.125074e+02
35	1.000572e+00	2.686230e+03	5.297382e+02	5.618337e+02	7.992936e+01	4.279046e+01	1.127687e+02
36	1.029160e+00	2.694106e+03	5.286277e+02	5.609986e+02	7.985228e+01	4.295735e+01	1.123558e+02
37	1.057747e+00	2.678298e+03	5.282323e+02	5.602878e+02	7.979008e+01	4.273858e+01	1.132416e+02
38	1.086335e+00	2.672162e+03	5.272888e+02	5.595332e+02	7.932278e+01	4.289187e+01	1.137264e+02
39	1.114923e+00	2.678474e+03	5.264453e+02	5.586132e+02	8.005728e+01	4.259874e+01	1.142304e+02
40	1.143511e+00	2.671263e+03	5.256152e+02	5.578979e+02	7.989431e+01	4.257071e+01	1.140724e+02
41	1.172098e+00	2.684700e+03	5.247167e+02	5.570892e+02	7.964626e+01	4.291810e+01	1.144064e+02
42	1.200686e+00	2.687594e+03	5.237903e+02	5.562922e+02	8.005013e+01	4.274760e+01	1.144639e+02
43	1.229274e+00	2.674404e+03	5.229516e+02	5.554079e+02	7.952586e+01	4.281823e+01	1.146241e+02
44	1.257862e+00	2.675374e+03	5.221799e+02	5.546147e+02	7.953639e+01	4.282809e+01	1.148489e+02
45	1.286449e+00	2.676120e+03	5.213514e+02	5.538655e+02	7.952187e+01	4.284785e+01	1.150947e+02
46	1.315037e+00	2.685026e+03	5.205244e+02	5.532473e+02	7.981752e+01	4.283121e+01	1.149289e+02
47	1.343625e+00	2.690882e+03	5.196322e+02	5.522284e+02	7.980343e+01	4.293221e+01	1.153878e+02
48	1.372213e+00	2.701385e+03	5.187964e+02	5.513594e+02	7.986483e+01	4.306665e+01	1.159396e+02
49	1.400800e+00	2.699156e+03	5.180443e+02	5.505984e+02	8.018311e+01	4.286029e+01	1.162271e+02
50	1.429388e+00	2.682056e+03	5.172011e+02	5.497448e+02	7.985490e+01	4.276381e+01	1.163572e+02
51	1.457976e+00	2.692438e+03	5.163749e+02	5.488672e+02	7.980160e+01	4.295803e+01	1.167285e+02
52	1.486564e+00	2.685477e+03	5.157319e+02	5.481055e+02	7.952991e+01	4.299334e+01	1.175394e+02
53	1.515152e+00	2.678968e+03	5.148738e+02	5.473140e+02	7.971767e+01	4.278810e+01	1.175392e+02
54	1.543739e+00	2.692154e+03	5.139710e+02	5.466003e+02	7.937247e+01	4.318572e+01	1.177064e+02
55	1.572327e+00	2.689123e+03	5.132333e+02	5.456710e+02	7.980866e+01	4.290133e+01	1.178079e+02
56	1.600915e+00	2.707233e+03	5.123489e+02	5.448703e+02	8.002027e+01	4.307603e+01	1.176994e+02
57	1.629503e+00	2.695234e+03	5.114681e+02	5.438229e+02	7.986098e+01	4.297065e+01	1.180475e+02
58	1.658090e+00	2.702497e+03	5.107886e+02	5.430511e+02	8.017531e+01	4.291753e+01	1.187824e+02
59	1.686678e+00	2.691758e+03	5.098380e+02	5.421901e+02	7.954717e+01	4.308453e+01	1.184417e+02
60	1.715266e+00	2.696820e+03	5.092975e+02	5.413809e+02	8.000813e+01	4.291687e+01	1.192175e+02
61	1.743854e+00	2.679605e+03	5.084961e+02	5.404832e+02	7.951041e+01	4.290984e+01	1.193259e+02
62	1.772441e+00	2.682950e+03	5.076692e+02	5.396484e+02	7.928711e+01	4.308440e+01	1.197553e+02
63	1.801029e+00	2.678813e+03	5.069492e+02	5.386907e+02	7.962518e+01	4.283533e+01	1.199107e+02
64	1.829617e+00	2.696521e+03	5.060357e+02	5.377667e+02	7.974004e+01	4.305637e+01	1.200560e+02
65	1.858205e+00	2.677865e+03	5.054032e+02	5.368408e+02	7.919427e+01	4.305316e+01	1.199150e+02
66	1.886792e+00	2.704577e+03	5.047112e+02	5.359366e+02	7.978870e+01	4.315867e+01	1.202270e+02
67	1.915380e+00	2.686169e+03	5.040216e+02	5.349595e+02	7.969251e+01	4.291666e+01	1.203422e+02
68	1.943968e+00	2.705072e+03	5.032289e+02	5.341560e+02	7.968330e+01	4.322366e+01	1.206098e+02
69	1.972556e+00	2.689062e+03	5.025905e+02	5.333262e+02	7.945694e+01	4.309026e+01	1.204471e+02
70	2.001144e+00	2.708071e+03	5.017331e+02	5.321917e+02	7.984047e+01	4.318641e+01	1.209192e+02
71	2.029731e+00	2.690064e+03	5.012303e+02	5.313817e+02	7.934708e+01	4.316600e+01	1.211837e+02
72	2.058319e+00	2.672723e+03	5.004667e+02	5.304901e+02	7.899809e+01	4.307720e+01	1.206844e+02
73	2.086907e+00	2.672155e+03	4.996811e+02	5.295652e+02	7.907013e+01	4.302881e+01	1.207731e+02
74	2.115495e+00	2.687069e+03	4.988857e+02	5.286277e+02	7.963831e+01	4.296026e+01	1.207936e+02
75	2.144082e+00	2.692043e+03	4.981013e+02	5.276983e+02	7.949365e+01	4.311811e+01	1.211514e+02
76	2.172670e+00	2.687580e+03	4.975746e+02	5.268824e+02	7.930527e+01	4.314888e+01	1.214870e+02
77	2.201258e+00	2.685069e+03	4.968118e+02	5.258680e+02	7.926209e+01	4.313204e+01	1.216902e+02
78	2.229846e+00	2.683282e+03	4.962831e+02	5.250498e+02	7.928708e+01	4.308976e+01	1.218529e+02
79	2.258433e+00	2.698539e+03	4.954751e+02	5.240501e+02	7.946108e+01	4.323986e+01	1.221697e+02
80	2.287021e+00	2.693217e+03	4.946711e+02	5.231259e+02	7.927745e+01	4.325455e+01	1.222364e+02
81	2.315609e+00	2.673980e+03	4.941172e+02	5.221990e+02	7.904619e+01	4.307124e+01	1.223265e+02
82	2.344197e+00	2.681704e+03	4.934460e+02	5.213374e+02	7.939256e+01	4.300719e+01	1.224496e+02
83	2.372784e+00	2.680065e+03	4.926861e+02	5.203275e+02	7.934409e+01	4.300718e+01	1.225438e+02
84	2.401372e+00	2.673521e+03	4.919234e+02	5.193695e+02	7.909067e+01	4.303962e+01	1.226946e+02
85	2.429960e+00	2.679658e+03	4.912794e+02	5.184330e+02	7.920151e+01	4.307806e+01	1.233211e+02
86	2.458548e+00	2.688564e+03	4.905688e+02	5.175637e+02	7.918748e+01	4.322887e+01	1.233827e+02
87	2.487136e+00	2.687125e+03	4.898112e+02	5.165609e+02	7.934151e+01	4.312186e+01	1.233384e+02
88	2.515723e+00	2.681599e+03	4.891432e+02	5.155389e+02	7.953787e+01	4.292694e+01	1.235670e+02
89	2.544311e+00	2.679142e+03	4.885847e+02	5.146933e+02	7.900330e+01	4.317782e+01	1.236275e+02
90	2.572899e+00	2.694825e+03	4.878799e+02	5.136689e+02	7.975931e+01	4.301890e+01	1.242317e+02
91	2.601487e+00	2.683785e+03	4.872300e+02	5.127979e+02	7.901901e+01	4.324405e+01	1.246313e+02
92	2.630074e+00	2.679912e+03	4.864876e+02	5.118524e+02	7.898725e+01	4.319900e+01	1.248021e+02
93	2.658662e+00	2.672680e+03	4.858134e+02	5.108876e+02	7.918836e+01	4.297301e+01	1.251578e+02
94	2.687250e+00	2.671969e+03	4.852732e+02	5.099188e+02	7.912506e+01	4.299595e+01	1.251452e+02
95	2.715838e+00	2.678538e+03	4.845226e+02	5.088861e+02	7.913367e+01	4.309697e+01	1.254315e+02
96	2.744425e+00	2.673842e+03	4.838089e+02	5.078333e+02	7.914694e+01	4.301419e+01	1.258926e+02
97	2.773013e+00	2.688393e+03	4.832444e+02	5.069091e+02	7.912170e+01	4.326207e+01	1.256875e+02
98	2.801601e+00	2.681236e+03	4.826793e+02	5.059698e+02	7.915291e+01	4.312989e+01	1.257207e+02
99	2.830189e+00	2.685515e+03	4.820376e+02	5.049691e+02	7.891286e+01	4.333012e+01	1.259806e+02
100	2.858776e+00	2.676180e+03	4.814166e+02	5.038891e+02	7.916183e+01	4.304370e+01	1.262660e+02
101	2.887364e+00	2.689528e+03	4.805984e+02	5.027773e+02	7.937054e+01	4.314464e+01	1.263333e+02
102	2.915952e+00	2.660055e+03	4.800930e+02	5.019391e+02	7.835545e+01	4.322465e+01	1.262790e+02
103	2.944540e+00	2.669289e+03	4.792961e+02	5.008982e+02	7.856574e+01	4.325861e+01	1.266236e+02
104	2.973128e+00	2.672904e+03	4.789151e+02	5.002217e+02	7.871752e+01	4.323367e+01	1.267941e+02
105	3.001715e+00	2.680543e+03	4.780625e+02	4.988864e+02	7.934328e+01	4.301528e+01	1.273781e+02
106	3.030303e+00	2.668095e+03	4.774301e+02	4.979700e+02	7.902680e+01	4.298698e+01	1.273552e+02
107	3.058891e+00	2.686803e+03	4.768484e+02	4.969114e+02	7.908811e+01	4.325484e+01	1.272979e+02
108	3.087479e+00	2.652678e+03	4.764804e+02	4.961839e+02	7.828416e+01	4.314404e+01	1.276102e+02
109	3.116066e+00	2.663208e+03	4.759360e+02	4.951269e+02	7.895325e+01	4.294823e+01	1.276972e+02
110	3.144654e+00	2.671436e+03	4.751747e+02	4.939204e+02	7.886079e+01	4.313142e+01	1.282044e+02
111	3.173242e+00	2.662345e+03	4.746966e+02	4.928546e+02	7.855762e+01	4.315054e+01	1.282981e+02
112	3.201830e+00	2.665629e+03	4.741281e+02	4.919744e+02	7.857398e+01	4.319475e+01	1.284315e+02
113	3.230417e+00	2.666407e+03	4.735768e+02	4.911266e+02	7.860358e+01	4.319109e+01	1.286470e+02
114	3.259005e+00	2.667091e+03	4.727274e+02	4.899927e+02	7.868422e+01	4.315790e+01	1.290383e+02
115	3.287593e+00	2.658989e+03	4.720508e+02	4.890475e+02	7.811623e+01	4.333964e+01	1.288396e+02
116	3.316181e+00	2.660479e+03	4.716731e+02	4.880829e+02	7.818967e+01	4.332321e+01	1.290633e+02
117	3.344768e+00	2.646785e+03	4.711134e+02	4.870007e+02	7.798969e+01	4.321072e+01	1.294955e+02
118	3.373356e+00	2.648690e+03	4.705545e+02	4.860471e+02	7.785947e+01	4.331414e+01	1.296076e+02
119	3.401944e+00	2.659862e+03	4.700190e+02	4.850215e+02	7.822919e+01	4.329128e+01	1.297643e+02
120	3.430532e+00	2.661124e+03	4.694466e+02	4.838423e+02	7.867239e+01	4.306781e+01	1.296040e+02
121	3.459119e+00	2.651531e+03	4.690531e+02	4.829317e+02	7.828842e+01	4.312303e+01	1.296201e+02
122	3.487707e+00	2.667022e+03	4.684072e+02	4.818722e+02	7.875087e+01	4.312026e+01	1.295834e+02
123	3.516295e+00	2.675971e+03	4.678300e+02	4.806611e+02	7.867221e+01	4.330820e+01	1.303819e+02
124	3.544883e+00	2.653966e+03	4.672408e+02	4.795927e+02	7.826207e+01	4.317716e+01	1.303083e+02
125	3.573471e+00	2.693319e+03	4.666338e+02	4.786292e+02	7.934799e+01	4.321774e+01	1.299977e+02
126	3.602058e+00	2.654861e+03	4.662565e+02	4.775559e+02	7.859597e+01	4.300823e+01	1.304378e+02
127	3.630646e+00	2.662311e+03	4.657709e+02	4.764930e+02	7.840258e+01	4.323530e+01	1.309484e+02
128	3.659234e+00	2.670295e+03	4.650992e+02	4.753136e+02	7.876982e+01	4.316280e+01	1.316542e+02
129	3.687822e+00	2.670442e+03	4.646830e+02	4.743176e+02	7.834658e+01	4.339835e+01	1.313208e+02
130	3.716409e+00	2.672330e+03	4.641178e+02	4.732885e+02	7.857635e+01	4.330203e+01	1.315917e+02
131	3.744997e+00	2.659242e+03	4.636136e+02	4.721743e+02	7.830490e+01	4.323934e+01	1.319190e+02
132	3.773585e+00	2.663573e+03	4.631334e+02	4.712119e+02	7.846966e+01	4.321882e+01	1.323115e+02
133	3.802173e+00	2.662575e+03	4.625283e+02	4.699739e+02	7.832437e+01	4.328278e+01	1.322535e+02
134	3.830760e+00	2.656352e+03	4.619714e+02	4.689651e+02	7.826968e+01	4.321178e+01	1.322516e+02
135	3.859348e+00	2.657242e+03	4.615579e+02	4.679198e+02	7.838631e+01	4.316195e+01	1.326695e+02
136	3.887936e+00	2.650995e+03	4.610651e+02	4.669312e+02	7.784208e+01	4.336153e+01	1.332198e+02
137	3.916524e+00	2.651344e+03	4.607358e+02	4.658093e+02	7.807273e+01	4.323911e+01	1.330808e+02
138	3.945111e+00	2.650220e+03	4.601761e+02	4.647656e+02	7.802695e+01	4.324614e+01	1.331266e+02
139	3.973699e+00	2.663310e+03	4.596184e+02	4.635276e+02	7.834727e+01	4.328207e+01	1.336562e+02
140	4.002287e+00	2.649631e+03	4.592622e+02	4.625392e+02	7.805837e+01	4.321912e+01	1.341434e+02
141	4.030875e+00	2.660956e+03	4.587414e+02	4.613298e+02	7.852456e+01	4.314618e+01	1.340487e+02
142	4.059463e+00	2.659411e+03	4.582902e+02	4.602566e+02	7.856535e+01	4.309875e+01	1.341213e+02
143	4.088050e+00	2.666551e+03	4.577314e+02	4.591076e+02	7.836433e+01	4.332531e+01	1.343186e+02
144	4.116638e+00	2.680808e+03	4.571632e+02	4.578863e+02	7.864673e+01	4.340055e+01	1.345369e+02
145	4.145226e+00	2.672736e+03	4.567347e+02	4.568217e+02	7.879184e+01	4.319017e+01	1.345393e+02
146	4.173814e+00	2.654523e+03	4.564271e+02	4.558210e+02	7.809499e+01	4.327862e+01	1.351330e+02
147	4.202401e+00	2.661396e+03	4.558307e+02	4.545805e+02	7.826697e+01	4.329534e+01	1.348472e+02
148	4.230989e+00	2.647730e+03	4.554490e+02	4.535565e+02	7.804989e+01	4.319281e+01	1.349002e+02
149	4.259577e+00	2.658039e+03	4.548414e+02	4.523543e+02	7.798603e+01	4.339649e+01	1.349245e+02
150	4.288165e+00	2.670492e+03	4.545311e+02	4.513405e+02	7.820372e+01	4.347844e+01	1.353850e+02
151	4.316752e+00	2.668879e+03	4.541421e+02	4.501195e+02	7.835035e+01	4.337086e+01	1.355849e+02
152	4.345340e+00	2.666884e+03	4.537054e+02	4.490280e+02	7.843935e+01	4.328927e+01	1.358725e+02
153	4.373928e+00	2.650334e+03	4.532954e+02	4.480428e+02	7.794468e+01	4.329366e+01	1.356058e+02
154	4.402516e+00	2.656272e+03	4.528097e+02	4.467822e+02	7.815875e+01	4.327181e+01	1.359961e+02
155	4.431103e+00	2.651100e+03	4.524517e+02	4.458963e+02	7.795921e+01	4.329810e+01	1.358418e+02
156	4.459691e+00	2.662264e+03	4.519233e+02	4.446854e+02	7.836423e+01	4.325571e+01	1.363856e+02
157	4.488279e+00	2.665143e+03	4.513753e+02	4.435353e+02	7.854520e+01	4.320271e+01	1.362724e+02
158	4.516867e+00	2.660309e+03	4.509697e+02	4.424281e+02	7.843079e+01	4.318726e+01	1.366515e+02
159	4.545455e+00	2.656463e+03	4.506505e+02	4.414003e+02	7.819327e+01	4.325581e+01	1.364008e+02
160	4.574042e+00	2.654710e+03	4.501421e+02	4.402500e+02	7.825591e+01	4.319267e+01	1.364563e+02
161	4.602630e+00	2.647174e+03	4.497070e+02	4.391284e+02	7.810126e+01	4.315535e+01	1.360393e+02
162	4.631218e+00	2.660555e+03	4.493772e+02	4.380555e+02	7.841232e+01	4.320142e+01	1.366413e+02
163	4.659806e+00	2.662522e+03	4.488754e+02	4.367280e+02	7.815752e+01	4.337431e+01	1.370380e+02
164	4.688393e+00	2.679483e+03	4.485712e+02	4.357465e+02	7.858588e+01	4.341267e+01	1.371301e+02
165	4.716981e+00	2.663796e+03	4.481328e+02	4.345159e+02	7.836385e+01	4.328080e+01	1.375576e+02
166	4.745569e+00	2.661453e+03	4.477744e+02	4.333506e+02	7.847857e+01	4.317953e+01	1.372317e+02
167	4.774157e+00	2.649565e+03	4.473888e+02	4.323457e+02	7.782415e+01	4.334813e+01	1.373587e+02
168	4.802744e+00	2.664289e+03	4.468828e+02	4.312173e+02	7.834054e+01	4.330170e+01	1.375582e+02
169	4.831332e+00	2.663790e+03	4.464558e+02	4.300560e+02	7.821622e+01	4.336239e+01	1.377891e+02
170	4.859920e+00	2.655005e+03	4.460443e+02	4.289929e+02	7.831338e+01	4.316578e+01	1.379056e+02
171	4.888508e+00	2.649671e+03	4.455855e+02	4.276497e+02	7.801453e+01	4.324408e+01	1.380312e+02
172	4.917095e+00	2.659993e+03	4.453036e+02	4.265345e+02	7.826635e+01	4.327286e+01	1.380118e+02
173	4.945683e+00	2.667736e+03	4.449580e+02	4.253772e+02	7.868317e+01	4.316891e+01	1.382427e+02
174	4.974271e+00	2.650391e+03	4.445307e+02	4.242906e+02	7.807527e+01	4.322216e+01	1.383467e+02
175	5.002859e+00	2.657761e+03	4.441163e+02	4.232625e+02	7.835926e+01	4.318528e+01	1.376280e+02
176	5.031447e+00	2.644574e+03	4.436502e+02	4.220795e+02	7.812009e+01	4.310256e+01	1.385021e+02
177	5.060034e+00	2.647189e+03	4.432588e+02	4.209528e+02	7.786850e+01	4.328458e+01	1.386803e+02
178	5.088622e+00	2.643690e+03	4.428923e+02	4.197405e+02	7.793089e+01	4.319276e+01	1.381395e+02
179	5.117210e+00	2.652226e+03	4.425052e+02	4.186574e+02	7.804530e+01	4.326870e+01	1.389639e+02
180	5.145798e+00	2.658977e+03	4.421701e+02	4.174893e+02	7.807944e+01	4.335988e+01	1.391795e+02
181	5.174385e+00	2.658237e+03	4.416989e+02	4.163212e+02	7.811570e+01	4.332769e+01	1.391668e+02
182	5.202973e+00	2.652567e+03	4.412480e+02	4.151345e+02	7.785800e+01	4.337837e+01	1.394578e+02
183	5.231561e+00	2.652158e+03	4.409560e+02	4.140669e+02	7.807099e+01	4.325336e+01	1.394411e+02
184	5.260149e+00	2.638401e+03	4.407372e+02	4.130030e+02	7.791283e+01	4.311635e+01	1.396296e+02
185	5.288736e+00	2.650435e+03	4.403260e+02	4.116680e+02	7.827114e+01	4.311473e+01	1.401229e+02
186	5.317324e+00	2.649898e+03	4.400330e+02	4.105972e+02	7.807819e+01	4.321251e+01	1.400712e+02
187	5.345912e+00	2.644270e+03	4.395357e+02	4.095847e+02	7.823077e+01	4.303663e+01	1.397771e+02
188	5.374500e+00	2.651446e+03	4.392059e+02	4.083344e+02	7.814487e+01	4.320086e+01	1.401492e+02
189	5.403087e+00	2.655283e+03	4.389668e+02	4.070595e+02	7.834629e+01	4.315215e+01	1.407093e+02
190	5.431675e+00	2.646060e+03	4.388050e+02	4.059091e+02	7.821681e+01	4.307344e+01	1.406123e+02
191	5.460263e+00	2.636969e+03	4.385053e+02	4.047300e+02	7.777241e+01	4.317075e+01	1.409969e+02
192	5.488851e+00	2.644698e+03	4.381783e+02	4.036790e+02	7.834610e+01	4.298024e+01	1.413720e+02
193	5.517439e+00	2.649230e+03	4.376508e+02	4.023370e+02	7.835731e+01	4.304774e+01	1.412877e+02
194	5.546026e+00	2.633442e+03	4.373149e+02	4.013423e+02	7.798981e+01	4.299284e+01	1.410684e+02
195	5.574614e+00	2.630087e+03	4.371831e+02	3.999831e+02	7.777120e+01	4.305875e+01	1.416107e+02
196	5.603202e+00	2.636237e+03	4.366571e+02	3.989004e+02	7.817633e+01	4.293578e+01	1.416594e+02
197	5.631790e+00	2.645817e+03	4.363721e+02	3.976739e+02	7.814410e+01	4.310958e+01	1.419192e+02
198	5.660377e+00	2.642284e+03	4.359737e+02	3.966596e+02	7.853555e+01	4.283741e+01	1.416917e+02
199	5.688965e+00	2.638908e+03	4.356961e+02	3.954716e+02	7.830185e+01	4.291037e+01	1.420345e+02
200	5.717553e+00	2.647459e+03	4.354114e+02	3.942698e+02	7.840881e+01	4.299070e+01	1.422008e+02
201	5.746141e+00	2.646359e+03	4.352359e+02	3.932047e+02	7.832372e+01	4.301952e+01	1.423066e+02
202	5.774728e+00	2.624413e+03	4.349704e+02	3.920236e+02	7.801729e+01	4.283034e+01	1.425180e+02
203	5.803316e+00	2.633925e+03	4.346561e+02	3.907754e+02	7.831547e+01	4.282190e+01	1.428250e+02
204	5.831904e+00	2.628471e+03	4.342509e+02	3.894910e+02	7.810252e+01	4.284975e+01	1.428293e+02
205	5.860492e+00	2.626726e+03	4.340091e+02	3.884875e+02	7.825711e+01	4.273671e+01	1.424558e+02
206	5.889079e+00	2.632633e+03	4.336760e+02	3.872270e+02	7.825919e+01	4.283167e+01	1.430894e+02
207	5.917667e+00	2.629525e+03	4.334267e+02	3.861018e+02	7.810476e+01	4.286570e+01	1.427725e+02
208	5.946255e+00	2.631829e+03	4.331310e+02	3.848135e+02	7.820615e+01	4.284764e+01	1.432167e+02
209	5.974843e+00	2.631553e+03	4.328373e+02	3.836961e+02	7.835988e+01	4.275909e+01	1.430621e+02
210	6.003431e+00	2.621501e+03	4.325810e+02	3.824406e+02	7.806950e+01	4.275419e+01	1.432513e+02
211	6.032018e+00	2.626365e+03	4.323297e+02	3.813788e+02	7.845554e+01	4.262276e+01	1.427217e+02
212	6.060606e+00	2.620311e+03	4.319899e+02	3.800247e+02	7.824270e+01	4.264020e+01	1.429547e+02
213	6.089194e+00	2.631754e+03	4.317835e+02	3.789132e+02	7.805039e+01	4.293192e+01	1.431114e+02
214	6.117782e+00	2.621799e+03	4.312939e+02	3.776526e+02	7.815343e+01	4.271314e+01	1.426171e+02
215	6.146369e+00	2.611897e+03	4.310975e+02	3.766495e+02	7.796490e+01	4.265472e+01	1.427178e+02
216	6.174957e+00	2.616193e+03	4.307317e+02	3.753069e+02	7.822188e+01	4.258452e+01	1.426215e+02
217	6.203545e+00	2.618006e+03	4.303786e+02	3.742130e+02	7.825924e+01	4.259367e+01	1.427466e+02
218	6.232133e+00	2.631099e+03	4.298717e+02	3.728456e+02	7.861890e+01	4.261087e+01	1.424111e+02
219	6.260720e+00	2.614888e+03	4.297506e+02	3.717674e+02	7.806924e+01	4.264649e+01	1.426239e+02
220	6.289308e+00	2.609849e+03	4.294004e+02	3.705231e+02	7.817632e+01	4.250600e+01	1.424905e+02
221	6.317896e+00	2.600463e+03	4.290925e+02	3.694747e+02	7.762742e+01	4.265261e+01	1.424056e+02
222	6.346484e+00	2.610727e+03	4.288362e+02	3.682292e+02	7.788725e+01	4.267811e+01	1.424375e+02
223	6.375071e+00	2.611116e+03	4.283422e+02	3.667932e+02	7.806689e+01	4.258625e+01	1.423942e+02
224	6.403659e+00	2.584207e+03	4.281541e+02	3.657908e+02	7.747951e+01	4.246690e+01	1.421963e+02
225	6.432247e+00	2.612539e+03	4.277263e+02	3.645783e+02	7.790601e+01	4.269744e+01	1.421082e+02
226	6.460835e+00	2.613593e+03	4.274876e+02	3.633711e+02	7.820535e+01	4.255117e+01	1.422048e+02
227	6.489423e+00	2.606370e+03	4.273770e+02	3.623155e+02	7.789769e+01	4.260117e+01	1.424075e+02
228	6.518010e+00	2.601031e+03	4.271088e+02	3.609199e+02	7.799013e+01	4.246352e+01	1.430062e+02
229	6.546598e+00	2.592978e+03	4.269281e+02	3.598529e+02	7.776234e+01	4.245605e+01	1.432607e+02
230	6.575186e+00	2.592905e+03	4.265765e+02	3.586823e+02	7.754055e+01	4.257629e+01	1.437371e+02
231	6.603774e+00	2.606156e+03	4.262594e+02	3.572826e+02	7.815357e+01	4.245820e+01	1.436995e+02
232	6.632361e+00	2.610050e+03	4.261277e+02	3.559944e+02	7.836928e+01	4.240462e+01	1.439307e+02
233	6.660949e+00	2.601087e+03	4.259030e+02	3.549109e+02	7.790611e+01	4.251023e+01	1.439690e+02
234	6.689537e+00	2.602623e+03	4.255305e+02	3.536472e+02	7.821140e+01	4.236929e+01	1.440017e+02
235	6.718125e+00	2.585635e+03	4.252219e+02	3.524449e+02	7.782330e+01	4.230267e+01	1.442681e+02
236	6.746712e+00	2.599896e+03	4.248509e+02	3.511943e+02	7.815060e+01	4.235784e+01	1.439449e+02
237	6.775300e+00	2.578569e+03	4.245042e+02	3.499937e+02	7.785186e+01	4.217157e+01	1.438835e+02
238	6.803888e+00	2.588482e+03	4.243420e+02	3.487439e+02	7.806553e+01	4.221783e+01	1.447105e+02
239	6.832476e+00	2.560332e+03	4.240753e+02	3.475915e+02	7.726418e+01	4.219181e+01	1.449873e+02
240	6.861063e+00	2.577023e+03	4.238633e+02	3.461437e+02	7.754641e+01	4.231231e+01	1.454142e+02
241	6.889651e+00	2.592758e+03	4.236629e+02	3.450479e+02	7.807720e+01	4.228125e+01	1.455293e+02
242	6.918239e+00	2.579453e+03	4.232208e+02	3.436796e+02	7.796812e+01	4.212314e+01	1.457638e+02
243	6.946827e+00	2.583957e+03	4.229400e+02	3.424991e+02	7.771247e+01	4.233551e+01	1.458617e+02
244	6.975415e+00	2.580852e+03	4.227565e+02	3.412377e+02	7.771928e+01	4.228093e+01	1.460694e+02
245	7.004002e+00	2.569997e+03	4.225897e+02	3.401179e+02	7.755499e+01	4.219228e+01	1.456816e+02
246	7.032590e+00	2.566688e+03	4.222688e+02	3.389473e+02	7.778403e+01	4.201388e+01	1.453117e+02
247	7.061178e+00	2.551329e+03	4.219956e+02	3.378497e+02	7.732841e+01	4.200853e+01	1.454406e+02
248	7.089766e+00	2.562455e+03	4.218244e+02	3.364923e+02	7.739599e+01	4.215488e+01	1.459134e+02
249	7.118353e+00	2.567530e+03	4.214519e+02	3.350016e+02	7.696912e+01	4.247263e+01	1.457967e+02
250	7.146941e+00	2.571249e+03	4.212918e+02	3.339146e+02	7.742211e+01	4.228529e+01	1.463008e+02
251	7.175529e+00	2.548581e+03	4.209980e+02	3.328926e+02	7.745103e+01	4.189686e+01	1.459379e+02
252	7.204117e+00	2.556648e+03	4.208391e+02	3.316447e+02	7.771832e+01	4.188492e+01	1.465671e+02
253	7.232704e+00	2.551718e+03	4.207446e+02	3.303403e+02	7.760371e+01	4.186589e+01	1.462648e+02
254	7.261292e+00	2.539959e+03	4.204067e+02	3.291090e+02	7.761079e+01	4.166916e+01	1.468246e+02
255	7.289880e+00	2.540723e+03	4.202975e+02	3.280790e+02	7.800134e+01	4.147299e+01	1.465308e+02
256	7.318468e+00	2.554513e+03	4.201835e+02	3.266337e+02	7.794370e+01	4.172894e+01	1.468364e+02
257	7.347055e+00	2.535330e+03	4.200848e+02	3.255502e+02	7.740044e+01	4.170625e+01	1.465541e+02
258	7.375643e+00	2.554541e+03	4.197998e+02	3.241780e+02	7.783872e+01	4.178567e+01	1.463668e+02
259	7.404231e+00	2.533822e+03	4.196985e+02	3.229521e+02	7.737081e+01	4.169741e+01	1.471944e+02
260	7.432819e+00	2.538085e+03	4.195383e+02	3.216638e+02	7.756407e+01	4.166350e+01	1.467176e+02
261	7.461407e+00	2.534303e+03	4.193334e+02	3.204091e+02	7.693310e+01	4.194262e+01	1.471368e+02
262	7.489994e+00	2.519732e+03	4.192128e+02	3.192117e+02	7.732900e+01	4.148796e+01	1.473166e+02
263	7.518582e+00	2.518266e+03	4.189819e+02	3.181357e+02	7.728252e+01	4.148877e+01	1.477136e+02
264	7.547170e+00	2.520337e+03	4.186750e+02	3.167478e+02	7.763515e+01	4.133427e+01	1.480030e+02
265	7.575758e+00	2.509669e+03	4.186352e+02	3.155876e+02	7.683862e+01	4.158599e+01	1.475837e+02
266	7.604345e+00	2.516263e+03	4.185006e+02	3.144221e+02	7.675340e+01	4.174155e+01	1.480040e+02
267	7.632933e+00	2.506533e+03	4.181704e+02	3.132112e+02	7.728070e+01	4.129643e+01	1.482407e+02
268	7.661521e+00	2.496924e+03	4.179594e+02	3.118354e+02	7.720496e+01	4.117847e+01	1.479500e+02
269	7.690109e+00	2.518526e+03	4.177465e+02	3.104970e+02	7.707127e+01	4.160678e+01	1.485330e+02
270	7.718696e+00	2.519713e+03	4.177603e+02	3.093756e+02	7.768854e+01	4.129564e+01	1.483699e+02
271	7.747284e+00	2.531706e+03	4.175941e+02	3.082447e+02	7.741748e+01	4.163747e+01	1.489772e+02
272	7.775872e+00	2.513839e+03	4.172301e+02	3.066337e+02	7.669724e+01	4.173187e+01	1.489346e+02
273	7.804460e+00	2.507213e+03	4.169883e+02	3.053466e+02	7.724955e+01	4.132428e+01	1.492399e+02
274	7.833047e+00	2.510513e+03	4.169270e+02	3.041610e+02	7.704166e+01	4.149033e+01	1.492411e+02
275	7.861635e+00	2.531097e+03	4.168274e+02	3.029085e+02	7.767898e+01	4.148732e+01	1.500396e+02
276	7.890223e+00	2.509513e+03	4.166407e+02	3.016270e+02	7.716046e+01	4.140995e+01	1.497456e+02
277	7.918811e+00	2.493489e+03	4.164655e+02	3.006054e+02	7.692482e+01	4.127157e+01	1.496426e+02
278	7.947399e+00	2.459423e+03	4.162054e+02	2.992610e+02	7.597346e+01	4.121749e+01	1.490943e+02
279	7.975986e+00	2.496360e+03	4.160688e+02	2.978936e+02	7.688043e+01	4.134295e+01	1.493409e+02
280	8.004574e+00	2.486249e+03	4.159188e+02	2.967020e+02	7.701014e+01	4.110615e+01	1.497784e+02
281	8.033162e+00	2.485762e+03	4.157581e+02	2.953544e+02	7.688736e+01	4.116373e+01	1.498147e+02
282	8.061750e+00	2.494168e+03	4.157989e+02	2.942312e+02	7.663592e+01	4.143845e+01	1.500759e+02
283	8.090337e+00	2.488055e+03	4.155130e+02	2.927789e+02	7.696334e+01	4.116102e+01	1.502464e+02
284	8.118925e+00	2.474489e+03	4.153411e+02	2.916281e+02	7.728810e+01	4.076459e+01	1.509023e+02
285	8.147513e+00	2.486351e+03	4.152085e+02	2.903064e+02	7.748254e+01	4.085721e+01	1.503672e+02
286	8.176101e+00	2.494011e+03	4.151831e+02	2.888791e+02	7.706087e+01	4.120734e+01	1.499821e+02
287	8.204688e+00	2.488595e+03	4.150337e+02	2.875225e+02	7.674960e+01	4.128462e+01	1.504220e+02
288	8.233276e+00	2.493864e+03	4.150407e+02	2.864814e+02	7.747816e+01	4.098298e+01	1.506852e+02
289	8.261864e+00	2.486165e+03	4.149109e+02	2.854207e+02	7.777940e+01	4.069823e+01	1.506371e+02
290	8.290452e+00	2.497269e+03	4.145979e+02	2.838186e+02	7.770601e+01	4.091861e+01	1.514755e+02
291	8.319039e+00	2.493705e+03	4.147596e+02	2.826420e+02	7.725482e+01	4.109884e+01	1.508477e+02
292	8.347627e+00	2.499053e+03	4.145541e+02	2.811406e+02	7.718999e+01	4.122158e+01	1.516196e+02
293	8.376215e+00	2.494102e+03	4.145175e+02	2.800133e+02	7.733305e+01	4.106380e+01	1.510175e+02
294	8.404803e+00	2.482325e+03	4.143125e+02	2.785647e+02	7.664317e+01	4.123779e+01	1.507806e+02
295	8.433391e+00	2.494664e+03	4.139925e+02	2.771971e+02	7.696578e+01	4.126905e+01	1.504834e+02
296	8.461978e+00	2.496931e+03	4.140978e+02	2.760070e+02	7.712601e+01	4.122074e+01	1.508486e+02
297	8.490566e+00	2.504496e+03	4.138589e+02	2.745298e+02	7.740160e+01	4.119841e+01	1.518193e+02
298	8.519154e+00	2.490642e+03	4.137610e+02	2.733806e+02	7.732352e+01	4.101189e+01	1.511402e+02
299	8.547742e+00	2.462014e+03	4.136118e+02	2.719387e+02	7.677256e+01	4.083143e+01	1.507425e+02
300	8.576329e+00	2.494952e+03	4.135159e+02	2.705279e+02	7.724918e+01	4.112239e+01	1.515244e+02
301	8.604917e+00	2.491730e+03	4.134321e+02	2.693288e+02	7.712080e+01	4.113765e+01	1.513612e+02
302	8.633505e+00	2.540456e+03	4.133796e+02	2.678279e+02	7.754207e+01	4.171426e+01	1.517689e+02
303	8.662093e+00	2.502232e+03	4.130463e+02	2.663056e+02	7.681710e+01	4.147437e+01	1.517145e+02
304	8.690680e+00	2.517814e+03	4.131269e+02	2.653653e+02	7.693680e+01	4.166771e+01	1.512593e+02
305	8.719268e+00	2.504152e+03	4.127262e+02	2.637197e+02	7.691486e+01	4.145343e+01	1.517066e+02
306	8.747856e+00	2.502385e+03	4.127430e+02	2.625757e+02	7.679204e+01	4.149044e+01	1.507102e+02
307	8.776444e+00	2.498109e+03	4.124440e+02	2.613126e+02	7.691898e+01	4.135118e+01	1.519487e+02
308	8.805031e+00	2.509780e+03	4.124264e+02	2.602994e+02	7.699527e+01	4.150321e+01	1.517522e+02
309	8.833619e+00	2.539186e+03	4.123960e+02	2.588981e+02	7.730276e+01	4.182247e+01	1.515681e+02
310	8.862207e+00	2.540573e+03	4.121527e+02	2.573827e+02	7.728326e+01	4.185587e+01	1.519955e+02
311	8.890795e+00	2.532719e+03	4.120970e+02	2.561172e+02	7.747945e+01	4.162082e+01	1.526482e+02
312	8.919383e+00	2.523557e+03	4.119222e+02	2.547885e+02	7.688805e+01	4.178923e+01	1.518345e+02
313	8.947970e+00	2.524753e+03	4.117641e+02	2.532527e+02	7.673772e+01	4.189095e+01	1.519744e+02
314	8.976558e+00	2.509587e+03	4.115545e+02	2.521282e+02	7.664671e+01	4.168874e+01	1.529274e+02
315	9.005146e+00	2.528220e+03	4.116508e+02	2.508798e+02	7.636233e+01	4.215468e+01	1.524110e+02
316	9.033734e+00	2.528912e+03	4.117259e+02	2.499604e+02	7.704719e+01	4.179140e+01	1.517690e+02
317	9.062321e+00	2.493442e+03	4.114833e+02	2.482289e+02	7.580809e+01	4.187877e+01	1.516118e+02
318	9.090909e+00	2.524399e+03	4.113640e+02	2.470132e+02	7.699792e+01	4.174353e+01	1.517094e+02
319	9.119497e+00	2.484776e+03	4.109132e+02	2.454076e+02	7.601995e+01	4.161691e+01	1.524266e+02
320	9.148085e+00	2.514951e+03	4.108278e+02	2.443937e+02	7.641731e+01	4.190326e+01	1.525074e+02
321	9.176672e+00	2.498840e+03	4.106375e+02	2.429341e+02	7.606450e+01	4.182795e+01	1.524200e+02
322	9.205260e+00	2.500464e+03	4.106160e+02	2.417318e+02	7.599220e+01	4.189495e+01	1.517316e+02
323	9.233848e+00	2.521303e+03	4.106226e+02	2.405921e+02	7.699665e+01	4.169302e+01	1.521608e+02
324	9.262436e+00	2.514152e+03	4.104081e+02	2.390740e+02	7.654224e+01	4.182159e+01	1.521618e+02
325	9.291023e+00	2.506524e+03	4.102697e+02	2.379339e+02	7.638697e+01	4.177944e+01	1.528151e+02
326	9.319611e+00	2.542607e+03	4.103614e+02	2.369931e+02	7.720023e+01	4.193442e+01	1.528851e+02
327	9.348199e+00	2.569921e+03	4.098669e+02	2.355561e+02	7.696157e+01	4.251635e+01	1.525518e+02
328	9.376787e+00	2.518679e+03	4.098101e+02	2.339840e+02	7.614912e+01	4.211318e+01	1.525921e+02
329	9.405374e+00	2.529409e+03	4.097706e+02	2.327353e+02	7.663795e+01	4.202283e+01	1.528861e+02
330	9.433962e+00	2.535268e+03	4.096918e+02	2.317761e+02	7.625586e+01	4.233121e+01	1.533322e+02
331	9.462550e+00	2.530959e+03	4.094393e+02	2.304535e+02	7.616527e+01	4.230954e+01	1.535675e+02
332	9.491138e+00	2.533746e+03	4.094877e+02	2.292186e+02	7.677396e+01	4.202031e+01	1.535079e+02
333	9.519726e+00	2.528080e+03	4.092482e+02	2.278369e+02	7.621632e+01	4.223310e+01	1.535266e+02
334	9.548313e+00	2.534105e+03	4.094366e+02	2.266943e+02	7.656421e+01	4.214140e+01	1.530421e+02
335	9.576901e+00	2.530031e+03	4.091611e+02	2.251241e+02	7.619855e+01	4.227554e+01	1.531047e+02
336	9.605489e+00	2.526138e+03	4.090168e+02	2.240216e+02	7.656021e+01	4.201110e+01	1.537976e+02
337	9.634077e+00	2.544036e+03	4.089216e+02	2.228383e+02	7.653598e+01	4.232215e+01	1.536289e+02
338	9.662664e+00	2.520592e+03	4.085463e+02	2.211117e+02	7.560135e+01	4.245053e+01	1.541275e+02
339	9.691252e+00	2.519310e+03	4.085979e+02	2.200906e+02	7.582195e+01	4.230549e+01	1.544534e+02
340	9.719840e+00	2.541570e+03	4.085203e+02	2.189529e+02	7.628900e+01	4.241801e+01	1.542208e+02
341	9.748428e+00	2.524484e+03	4.082686e+02	2.175969e+02	7.621141e+01	4.217575e+01	1.537575e+02
342	9.777015e+00	2.550072e+03	4.082588e+02	2.165879e+02	7.641154e+01	4.249164e+01	1.544657e+02
343	9.805603e+00	2.584704e+03	4.083207e+02	2.155644e+02	7.696648e+01	4.275819e+01	1.535617e+02
344	9.834191e+00	2.560424e+03	4.081188e+02	2.142020e+02	7.676591e+01	4.246719e+01	1.544884e+02
345	9.862779e+00	2.545802e+03	4.079190e+02	2.126128e+02	7.626842e+01	4.250011e+01	1.541963e+02
346	9.891366e+00	2.573225e+03	4.078615e+02	2.117251e+02	7.714905e+01	4.246756e+01	1.541496e+02
347	9.919954e+00	2.564512e+03	4.076454e+02	2.103903e+02	7.645232e+01	4.270947e+01	1.542674e+02
348	9.948542e+00	2.558992e+03	4.076503e+02	2.091558e+02	7.679872e+01	4.242530e+01	1.541906e+02
349	9.977130e+00	2.567669e+03	4.075604e+02	2.080107e+02	7.691386e+01	4.250543e+01	1.546300e+02
350	1.000572e+01	2.569168e+03	4.074448e+02	2.066505e+02	7.667139e+01	4.266475e+01	1.552539e+02
351	1.003431e+01	2.545318e+03	4.073025e+02	2.053203e+02	7.632059e+01	4.246298e+01	1.548141e+02
352	1.006289e+01	2.559332e+03	4.072029e+02	2.040248e+02	7.645007e+01	4.262446e+01	1.557192e+02
353	1.009148e+01	2.562840e+03	4.069785e+02	2.027501e+02	7.619350e+01	4.282661e+01	1.558271e+02
354	1.012007e+01	2.556409e+03	4.069556e+02	2.013476e+02	7.604709e+01	4.280138e+01	1.559261e+02
355	1.014866e+01	2.571795e+03	4.070189e+02	2.002469e+02	7.631222e+01	4.290939e+01	1.549628e+02
356	1.017724e+01	2.572027e+03	4.070597e+02	1.992292e+02	7.632915e+01	4.290375e+01	1.546145e+02
357	1.020583e+01	2.578104e+03	4.067951e+02	1.978300e+02	7.663161e+01	4.283538e+01	1.552250e+02
358	1.023442e+01	2.578627e+03	4.066794e+02	1.967553e+02	7.653200e+01	4.289983e+01	1.553320e+02
359	1.026301e+01	2.563398e+03	4.065056e+02	1.951480e+02	7.622708e+01	4.281707e+01	1.549296e+02
360	1.029160e+01	2.561071e+03	4.066033e+02	1.940278e+02	7.646786e+01	4.264350e+01	1.545600e+02
361	1.032018e+01	2.576815e+03	4.064802e+02	1.930118e+02	7.660148e+01	4.283081e+01	1.552372e+02
362	1.034877e+01	2.579238e+03	4.063103e+02	1.915961e+02	7.663391e+01	4.285294e+01	1.551929e+02
363	1.037736e+01	2.581028e+03	4.062570e+02	1.905377e+02	7.657928e+01	4.291327e+01	1.549230e+02
364	1.040595e+01	2.587970e+03	4.061691e+02	1.892057e+02	7.644041e+01	4.310686e+01	1.552756e+02
365	1.043453e+01	2.602418e+03	4.060556e+02	1.879647e+02	7.666850e+01	4.321856e+01	1.555328e+02
366	1.046312e+01	2.583352e+03	4.060242e+02	1.868229e+02	7.650241e+01	4.299506e+01	1.550665e+02
367	1.049171e+01	2.567088e+03	4.058249e+02	1.855092e+02	7.662635e+01	4.265528e+01	1.541859e+02
368	1.052030e+01	2.591517e+03	4.056986e+02	1.843872e+02	7.703442e+01	4.283308e+01	1.550539e+02
369	1.054889e+01	2.567745e+03	4.052714e+02	1.828772e+02	7.621828e+01	4.289463e+01	1.557488e+02
370	1.057747e+01	2.584300e+03	4.052858e+02	1.817415e+02	7.641804e+01	4.305832e+01	1.551414e+02
371	1.060606e+01	2.578594e+03	4.050659e+02	1.805327e+02	7.622101e+01	4.307432e+01	1.560122e+02
372	1.063465e+01	2.583213e+03	4.048637e+02	1.791526e+02	7.640907e+01	4.304527e+01	1.562522e+02
373	1.066324e+01	2.565974e+03	4.046190e+02	1.778433e+02	7.573904e+01	4.313626e+01	1.569905e+02
374	1.069182e+01	2.583393e+03	4.047758e+02	1.768577e+02	7.642833e+01	4.303743e+01	1.562330e+02
375	1.072041e+01	2.596118e+03	4.046972e+02	1.756110e+02	7.694685e+01	4.295796e+01	1.564277e+02
376	1.074900e+01	2.595528e+03	4.045241e+02	1.743980e+02	7.668701e+01	4.309373e+01	1.573278e+02
377	1.077759e+01	2.571900e+03	4.043644e+02	1.731550e+02	7.607394e+01	4.304555e+01	1.568690e+02
378	1.080617e+01	2.568914e+03	4.041778e+02	1.717617e+02	7.602263e+01	4.302460e+01	1.568441e+02
379	1.083476e+01	2.598523e+03	4.040527e+02	1.706885e+02	7.643513e+01	4.328561e+01	1.572070e+02
380	1.086335e+01	2.610254e+03	4.041506e+02	1.697175e+02	7.703883e+01	4.314031e+01	1.566787e+02
381	1.089194e+01	2.609749e+03	4.039315e+02	1.684530e+02	7.661587e+01	4.337008e+01	1.572788e+02
382	1.092053e+01	2.579651e+03	4.037368e+02	1.670286e+02	7.610443e+01	4.315798e+01	1.571105e+02
383	1.094911e+01	2.577682e+03	4.036602e+02	1.655879e+02	7.581059e+01	4.329219e+01	1.571109e+02
384	1.097770e+01	2.582869e+03	4.037249e+02	1.644722e+02	7.640063e+01	4.304429e+01	1.574398e+02
385	1.100629e+01	2.590454e+03	4.036842e+02	1.632402e+02	7.653641e+01	4.309411e+01	1.581763e+02
386	1.103488e+01	2.570457e+03	4.034429e+02	1.621236e+02	7.624963e+01	4.292227e+01	1.588789e+02
387	1.106346e+01	2.574718e+03	4.034713e+02	1.608748e+02	7.616825e+01	4.303936e+01	1.581932e+02
388	1.109205e+01	2.580116e+03	4.032037e+02	1.594283e+02	7.593268e+01	4.326339e+01	1.589888e+02
389	1.112064e+01	2.573088e+03	4.031129e+02	1.583072e+02	7.612489e+01	4.303662e+01	1.586745e+02
390	1.114923e+01	2.596220e+03	4.031133e+02	1.572606e+02	7.652152e+01	4.319844e+01	1.587089e+02
391	1.117782e+01	2.593289e+03	4.029442e+02	1.558396e+02	7.618832e+01	4.333838e+01	1.586933e+02
392	1.120640e+01	2.579022e+03	4.027213e+02	1.545410e+02	7.598553e+01	4.321498e+01	1.588216e+02
393	1.123499e+01	2.578514e+03	4.027316e+02	1.533697e+02	7.624563e+01	4.305907e+01	1.586508e+02
394	1.126358e+01	2.580852e+03	4.028066e+02	1.521840e+02	7.620694e+01	4.312000e+01	1.583987e+02
395	1.129217e+01	2.604844e+03	4.027335e+02	1.511490e+02	7.688471e+01	4.313719e+01	1.584588e+02
396	1.132075e+01	2.622384e+03	4.025890e+02	1.498636e+02	7.707019e+01	4.332315e+01	1.586940e+02
397	1.134934e+01	2.607778e+03	4.024693e+02	1.484901e+02	7.685170e+01	4.320433e+01	1.582007e+02
398	1.137793e+01	2.591032e+03	4.023900e+02	1.473435e+02	7.652491e+01	4.311020e+01	1.587280e+02
399	1.140652e+01	2.606671e+03	4.023521e+02	1.463238e+02	7.668587e+01	4.327937e+01	1.589078e+02
400	1.143511e+01	2.630746e+03	4.023813e+02	1.450903e+02	7.754053e+01	4.319767e+01	1.595236e+02
401	1.146369e+01	2.604903e+03	4.021427e+02	1.436308e+02	7.648853e+01	4.336161e+01	1.601806e+02
402	1.149228e+01	2.593832e+03	4.022024e+02	1.424399e+02	7.635851e+01	4.325085e+01	1.596910e+02
403	1.152087e+01	2.592937e+03	4.022487e+02	1.409228e+02	7.610935e+01	4.337746e+01	1.602055e+02
404	1.154946e+01	2.576078e+03	4.021198e+02	1.397377e+02	7.614907e+01	4.307293e+01	1.600181e+02
405	1.157804e+01	2.585734e+03	4.020136e+02	1.385413e+02	7.633496e+01	4.312912e+01	1.604634e+02
406	1.160663e+01	2.575038e+03	4.019777e+02	1.371777e+02	7.594862e+01	4.316919e+01	1.602210e+02
407	1.163522e+01	2.602600e+03	4.019536e+02	1.361500e+02	7.669742e+01	4.320528e+01	1.604729e+02
408	1.166381e+01	2.597364e+03	4.018983e+02	1.348786e+02	7.643587e+01	4.326590e+01	1.607553e+02
409	1.169240e+01	2.597569e+03	4.017584e+02	1.337552e+02	7.642628e+01	4.327475e+01	1.610084e+02
410	1.172098e+01	2.591391e+03	4.017154e+02	1.322935e+02	7.678330e+01	4.297108e+01	1.612365e+02
411	1.174957e+01	2.586877e+03	4.016422e+02	1.311201e+02	7.629051e+01	4.317331e+01	1.616949e+02
412	1.177816e+01	2.562062e+03	4.015528e+02	1.297957e+02	7.542725e+01	4.324854e+01	1.616472e+02
413	1.180675e+01	2.565584e+03	4.015109e+02	1.283961e+02	7.539164e+01	4.332846e+01	1.620522e+02
414	1.183533e+01	2.577046e+03	4.015171e+02	1.271066e+02	7.590598e+01	4.322713e+01	1.624263e+02
415	1.186392e+01	2.578867e+03	4.014200e+02	1.259167e+02	7.598837e+01	4.321076e+01	1.631681e+02
416	1.189251e+01	2.575529e+03	4.015592e+02	1.246106e+02	7.583456e+01	4.324235e+01	1.631277e+02
417	1.192110e+01	2.575104e+03	4.016284e+02	1.234728e+02	7.593752e+01	4.317661e+01	1.632094e+02
418	1.194969e+01	2.588182e+03	4.016999e+02	1.223477e+02	7.594260e+01	4.339298e+01	1.637545e+02
419	1.197827e+01	2.541462e+03	4.016005e+02	1.207126e+02	7.479048e+01	4.326607e+01	1.640479e+02
420	1.200686e+01	2.550725e+03	4.017133e+02	1.196916e+02	7.542088e+01	4.306081e+01	1.639432e+02
421	1.203545e+01	2.562819e+03	4.018313e+02	1.186490e+02	7.572142e+01	4.309325e+01	1.642215e+02
422	1.206404e+01	2.567452e+03	4.018008e+02	1.173355e+02	7.553413e+01	4.327820e+01	1.643748e+02
423	1.209262e+01	2.538937e+03	4.018921e+02	1.158457e+02	7.497065e+01	4.311921e+01	1.647310e+02
424	1.212121e+01	2.550514e+03	4.018568e+02	1.146813e+02	7.510303e+01	4.323948e+01	1.646069e+02
425	1.214980e+01	2.558330e+03	4.019928e+02	1.135470e+02	7.527834e+01	4.327097e+01	1.651657e+02
426	1.217839e+01	2.541029e+03	4.019527e+02	1.120734e+02	7.435078e+01	4.351453e+01	1.655215e+02
427	1.220698e+01	2.563511e+03	4.020792e+02	1.110434e+02	7.509013e+01	4.346729e+01	1.659136e+02
428	1.223556e+01	2.572854e+03	4.023063e+02	1.099549e+02	7.589233e+01	4.316455e+01	1.665311e+02
429	1.226415e+01	2.573107e+03	4.023273e+02	1.087663e+02	7.554675e+01	4.336628e+01	1.671638e+02
430	1.229274e+01	2.581397e+03	4.023872e+02	1.074425e+02	7.590289e+01	4.330186e+01	1.670293e+02
431	1.232133e+01	2.546857e+03	4.024666e+02	1.060100e+02	7.512379e+01	4.316555e+01	1.672265e+02
432	1.234991e+01	2.542191e+03	4.026948e+02	1.049647e+02	7.501335e+01	4.314989e+01	1.686484e+02
433	1.237850e+01	2.576373e+03	4.029456e+02	1.037587e+02	7.660306e+01	4.282257e+01	1.684564e+02
434	1.240709e+01	2.540542e+03	4.029480e+02	1.022379e+02	7.522779e+01	4.299899e+01	1.688930e+02
435	1.243568e+01	2.549222e+03	4.031737e+02	1.010320e+02	7.514542e+01	4.319318e+01	1.691030e+02
436	1.246427e+01	2.544929e+03	4.033423e+02	9.982298e+01	7.441537e+01	4.354348e+01	1.692488e+02
437	1.249285e+01	2.524321e+03	4.035349e+02	9.824651e+01	7.444456e+01	4.317395e+01	1.698608e+02
438	1.252144e+01	2.539870e+03	4.036883e+02	9.710127e+01	7.458015e+01	4.336090e+01	1.705493e+02
439	1.255003e+01	2.541806e+03	4.039003e+02	9.575043e+01	7.494939e+01	4.318017e+01	1.701600e+02
440	1.257862e+01	2.537069e+03	4.041217e+02	9.457111e+01	7.506646e+01	4.303249e+01	1.708740e+02
441	1.260720e+01	2.536545e+03	4.042680e+02	9.334782e+01	7.459622e+01	4.329482e+01	1.707607e+02
442	1.263579e+01	2.524200e+03	4.044363e+02	9.192271e+01	7.390945e+01	4.348444e+01	1.714747e+02
443	1.266438e+01	2.519843e+03	4.047057e+02	9.087241e+01	7.446745e+01	4.308411e+01	1.723484e+02
444	1.269297e+01	2.536168e+03	4.048299e+02	8.975098e+01	7.500597e+01	4.305190e+01	1.721403e+02
445	1.272156e+01	2.519172e+03	4.051131e+02	8.822192e+01	7.470432e+01	4.293606e+01	1.725700e+02
446	1.275014e+01	2.530794e+03	4.053344e+02	8.706238e+01	7.466573e+01	4.315644e+01	1.733360e+02
447	1.277873e+01	2.507590e+03	4.054265e+02	8.572864e+01	7.397311e+01	4.316112e+01	1.726780e+02
448	1.280732e+01	2.508386e+03	4.055361e+02	8.445371e+01	7.391637e+01	4.320796e+01	1.736301e+02
449	1.283591e+01	2.520060e+03	4.058770e+02	8.345631e+01	7.391264e+01	4.341125e+01	1.739535e+02
450	1.286449e+01	2.512207e+03	4.061429e+02	8.223626e+01	7.417548e+01	4.312263e+01	1.736831e+02
451	1.289308e+01	2.534430e+03	4.063774e+02	8.131561e+01	7.466808e+01	4.321708e+01	1.743239e+02
452	1.292167e+01	2.544129e+03	4.065755e+02	8.018407e+01	7.522501e+01	4.306129e+01	1.744100e+02
453	1.295026e+01	2.518748e+03	4.067656e+02	7.855946e+01	7.412556e+01	4.326402e+01	1.749889e+02
454	1.297885e+01	2.521093e+03	4.070790e+02	7.736240e+01	7.447075e+01	4.310357e+01	1.748046e+02
455	1.300743e+01	2.508359e+03	4.073182e+02	7.593299e+01	7.383839e+01	4.325314e+01	1.753116e+02
456	1.303602e+01	2.508724e+03	4.076385e+02	7.468171e+01	7.400311e+01	4.316315e+01	1.754446e+02
457	1.306461e+01	2.496729e+03	4.080957e+02	7.340399e+01	7.367898e+01	4.314574e+01	1.758281e+02
458	1.309320e+01	2.523397e+03	4.082370e+02	7.254601e+01	7.455058e+01	4.309676e+01	1.759108e+02
459	1.312178e+01	2.514089e+03	4.084747e+02	7.126192e+01	7.379465e+01	4.337763e+01	1.762327e+02
460	1.315037e+01	2.510060e+03	4.088615e+02	7.006377e+01	7.435979e+01	4.297898e+01	1.762549e+02
461	1.317896e+01	2.516583e+03	4.092207e+02	6.878233e+01	7.387808e+01	4.337164e+01	1.763257e+02
462	1.320755e+01	2.517616e+03	4.094335e+02	6.770410e+01	7.430566e+01	4.313976e+01	1.768080e+02
463	1.323613e+01	2.514626e+03	4.095716e+02	6.639919e+01	7.369589e+01	4.344505e+01	1.778149e+02
464	1.326472e+01	2.506151e+03	4.099324e+02	6.504351e+01	7.409303e+01	4.306655e+01	1.779271e+02
465	1.329331e+01	2.516992e+03	4.102973e+02	6.406834e+01	7.435329e+01	4.310144e+01	1.783866e+02
466	1.332190e+01	2.581308e+03	4.105510e+02	6.385756e+01	7.666885e+01	4.286777e+01	1.788134e+02
467	1.335049e+01	2.537485e+03	4.107704e+02	6.222364e+01	7.567785e+01	4.269184e+01	1.796193e+02
468	1.337907e+01	2.527508e+03	4.110918e+02	6.058001e+01	7.517916e+01	4.280606e+01	1.796750e+02
469	1.340766e+01	2.503453e+03	4.115132e+02	5.912583e+01	7.311934e+01	4.359306e+01	1.443883e-01
