1	2.858776e-02	2.720073e+03	3.161389e+02	5.790149e+02	7.940919e+01	4.361339e+01	1.390775e+02
2	5.717553e-02	2.715346e+03	3.158835e+02	5.778424e+02	7.899140e+01	4.376788e+01	1.402019e+02
3	8.576329e-02	2.735575e+03	3.154100e+02	5.768639e+02	7.970938e+01	4.369677e+01	1.398773e+02
4	1.143511e-01	2.720389e+03	3.153380e+02	5.759913e+02	7.916386e+01	4.375363e+01	1.407682e+02
5	1.429388e-01	2.718179e+03	3.150266e+02	5.751614e+02	7.878185e+01	4.393008e+01	1.411031e+02
6	1.715266e-01	2.711571e+03	3.149161e+02	5.741651e+02	7.901699e+01	4.369287e+01	1.417712e+02
7	2.001144e-01	2.741832e+03	3.143994e+02	5.730679e+02	7.921800e+01	4.406837e+01	1.413702e+02
8	2.287021e-01	2.718849e+03	3.143203e+02	5.720412e+02	7.875719e+01	4.395467e+01	1.426578e+02
9	2.572899e-01	2.717928e+03	3.141340e+02	5.710899e+02	7.890527e+01	4.385732e+01	1.431033e+02
10	2.858776e-01	2.714777e+03	3.137815e+02	5.700089e+02	7.899487e+01	4.375679e+01	1.435875e+02
11	3.144654e-01	2.726013e+03	3.135020e+02	5.690213e+02	7.903365e+01	4.391633e+01	1.438311e+02
12	3.430532e-01	2.727289e+03	3.132631e+02	5.679448e+02	7.957265e+01	4.363926e+01	1.443121e+02
13	3.716409e-01	2.753287e+03	3.129808e+02	5.670460e+02	7.906120e+01	4.434027e+01	1.453131e+02
14	4.002287e-01	2.733026e+03	3.129620e+02	5.660040e+02	7.967999e+01	4.367215e+01	1.454619e+02
15	4.288165e-01	2.727052e+03	3.127315e+02	5.650404e+02	7.940377e+01	4.372828e+01	1.455784e+02
16	4.574042e-01	2.718257e+03	3.125334e+02	5.639017e+02	7.910428e+01	4.375227e+01	1.458638e+02
17	4.859920e-01	2.734574e+03	3.123291e+02	5.628652e+02	7.926241e+01	4.392711e+01	1.463365e+02
18	5.145798e-01	2.724514e+03	3.121620e+02	5.618234e+02	7.929313e+01	4.374854e+01	1.467923e+02
19	5.431675e-01	2.714948e+03	3.119358e+02	5.608169e+02	7.901319e+01	4.374939e+01	1.467161e+02
20	5.717553e-01	2.727717e+03	3.117684e+02	5.598487e+02	7.912708e+01	4.389189e+01	1.472770e+02
21	6.003431e-01	2.718767e+03	3.113759e+02	5.586010e+02	7.893955e+01	4.385180e+01	1.483205e+02
22	6.289308e-01	2.721868e+03	3.113195e+02	5.576838e+02	7.916879e+01	4.377470e+01	1.482994e+02
23	6.575186e-01	2.730560e+03	3.111479e+02	5.566407e+02	7.917929e+01	4.390867e+01	1.486229e+02
24	6.861063e-01	2.742573e+03	3.110120e+02	5.556442e+02	7.953584e+01	4.390413e+01	1.487277e+02
25	7.146941e-01	2.730024e+03	3.109503e+02	5.548437e+02	7.860710e+01	4.421960e+01	1.493805e+02
26	7.432819e-01	2.735930e+03	3.105806e+02	5.535967e+02	7.862238e+01	4.430665e+01	1.490493e+02
27	7.718696e-01	2.717078e+03	3.107357e+02	5.526182e+02	7.888477e+01	4.385500e+01	1.505621e+02
28	8.004574e-01	2.733653e+03	3.106439e+02	5.516380e+02	7.876776e+01	4.418806e+01	1.513709e+02
29	8.290452e-01	2.735976e+03	3.105480e+02	5.506032e+02	7.904868e+01	4.406845e+01	1.504567e+02
30	8.576329e-01	2.717204e+03	3.107435e+02	5.496365e+02	7.891720e+01	4.383900e+01	1.512551e+02
31	8.862207e-01	2.713502e+03	3.105959e+02	5.486367e+02	7.874895e+01	4.387281e+01	1.516086e+02
32	9.148085e-01	2.709951e+03	3.104800e+02	5.475939e+02	7.876425e+01	4.380688e+01	1.520033e+02
33	9.433962e-01	2.708384e+03	3.103979e+02	5.465087e+02	7.880530e+01	4.375875e+01	1.522883e+02
34	9.719840e-01	2.739438e+03	3.101650e+02	5.456337e+02	7.917535e+01	4.405363e+01	1.526718e+02
35	1.000572e+00	2.710791e+03	3.103019e+02	5.445984e+02	7.867777e+01	4.386863e+01	1.533884e+02
36	1.029160e+00	2.728255e+03	3.101496e+02	5.435376e+02	7.889864e+01	4.402766e+01	1.537318e+02
37	1.057747e+00	2.753446e+03	3.098979e+02	5.421758e+02	7.904337e+01	4.435282e+01	1.537410e+02
38	1.086335e+00	2.717369e+03	3.100285e+02	5.415648e+02	7.906838e+01	4.375785e+01	1.544935e+02
39	1.114923e+00	2.705026e+03	3.099533e+02	5.404807e+02	7.868761e+01	4.376986e+01	1.543214e+02
40	1.143511e+00	2.708367e+03	3.099805e+02	5.395408e+02	7.874918e+01	4.378967e+01	1.549357e+02
41	1.172098e+00	2.731021e+03	3.098173e+02	5.384915e+02	7.877766e+01	4.413997e+01	1.551129e+02
42	1.200686e+00	2.723611e+03	3.096629e+02	5.373147e+02	7.902828e+01	4.388062e+01	1.558667e+02
43	1.229274e+00	2.708581e+03	3.097162e+02	5.364233e+02	7.850841e+01	4.392742e+01	1.565354e+02
44	1.257862e+00	2.711769e+03	3.097690e+02	5.352578e+02	7.896412e+01	4.372532e+01	1.575612e+02
45	1.286449e+00	2.693429e+03	3.098255e+02	5.343842e+02	7.863518e+01	4.361127e+01	1.573526e+02
46	1.315037e+00	2.725202e+03	3.098831e+02	5.331692e+02	7.902972e+01	4.390545e+01	1.581097e+02
47	1.343625e+00	2.734453e+03	3.098728e+02	5.323422e+02	7.910596e+01	4.401202e+01	1.590443e+02
48	1.372213e+00	2.740122e+03	3.097947e+02	5.314240e+02	7.889120e+01	4.422332e+01	1.594206e+02
49	1.400800e+00	2.721789e+03	3.098702e+02	5.301785e+02	7.873815e+01	4.401283e+01	1.592833e+02
50	1.429388e+00	2.738397e+03	3.096689e+02	5.290215e+02	7.887234e+01	4.420606e+01	1.589751e+02
51	1.457976e+00	2.707396e+03	3.099999e+02	5.280834e+02	7.846568e+01	4.393211e+01	1.596873e+02
52	1.486564e+00	2.729133e+03	3.099570e+02	5.270838e+02	7.877792e+01	4.410932e+01	1.605716e+02
53	1.515152e+00	2.710025e+03	3.100759e+02	5.260518e+02	7.833985e+01	4.404542e+01	1.604561e+02
54	1.543739e+00	2.754908e+03	3.099210e+02	5.250160e+02	7.820780e+01	4.485048e+01	1.612758e+02
55	1.572327e+00	2.696124e+03	3.103591e+02	5.237808e+02	7.869271e+01	4.362300e+01	1.615919e+02
56	1.600915e+00	2.714512e+03	3.105966e+02	5.227706e+02	7.894071e+01	4.378252e+01	1.621073e+02
57	1.629503e+00	2.711576e+03	3.108120e+02	5.217358e+02	7.863472e+01	4.390536e+01	1.632290e+02
58	1.658090e+00	2.721575e+03	3.109023e+02	5.207040e+02	7.844341e+01	4.417473e+01	1.633784e+02
59	1.686678e+00	2.772412e+03	3.106433e+02	5.199606e+02	7.769097e+01	4.543571e+01	1.647181e+02
60	1.715266e+00	2.715786e+03	3.113515e+02	5.188253e+02	7.863068e+01	4.397579e+01	1.644843e+02
61	1.743854e+00	2.715957e+03	3.114701e+02	5.174303e+02	7.863312e+01	4.397720e+01	1.650070e+02
62	1.772441e+00	2.725664e+03	3.116037e+02	5.167288e+02	7.867610e+01	4.411025e+01	1.664256e+02
63	1.801029e+00	2.726336e+03	3.118132e+02	5.153736e+02	7.917198e+01	4.384478e+01	1.654593e+02
64	1.829617e+00	2.701005e+03	3.121248e+02	5.146226e+02	7.846853e+01	4.382683e+01	1.664466e+02
65	1.858205e+00	2.746307e+03	3.121035e+02	5.135971e+02	7.840158e+01	4.459995e+01	1.681501e+02
66	1.886792e+00	2.711950e+03	3.126116e+02	5.124589e+02	7.885239e+01	4.379020e+01	1.682542e+02
67	1.915380e+00	2.759032e+03	3.125493e+02	5.110966e+02	7.968150e+01	4.408687e+01	1.674278e+02
68	1.943968e+00	2.701287e+03	3.132299e+02	5.106348e+02	7.872185e+01	4.369035e+01	1.690138e+02
69	1.972556e+00	2.712653e+03	3.134315e+02	5.095778e+02	7.884000e+01	4.380844e+01	1.700116e+02
70	2.001144e+00	2.700927e+03	3.135708e+02	5.084996e+02	7.833616e+01	4.389962e+01	1.703993e+02
71	2.029731e+00	2.700347e+03	3.139128e+02	5.073842e+02	7.867516e+01	4.370106e+01	1.712643e+02
72	2.058319e+00	2.709292e+03	3.141461e+02	5.063352e+02	7.882520e+01	4.376237e+01	1.716417e+02
73	2.086907e+00	2.711470e+03	3.145341e+02	5.052759e+02	7.863425e+01	4.390391e+01	1.719379e+02
74	2.115495e+00	2.720228e+03	3.147946e+02	5.043051e+02	7.868395e+01	4.401789e+01	1.727874e+02
75	2.144082e+00	2.721773e+03	3.150762e+02	5.033581e+02	7.899867e+01	4.386743e+01	1.736292e+02
76	2.172670e+00	2.703963e+03	3.155568e+02	5.020810e+02	7.906007e+01	4.354654e+01	1.743568e+02
77	2.201258e+00	2.721020e+03	3.159107e+02	5.012205e+02	7.904530e+01	4.382943e+01	1.746537e+02
78	2.229846e+00	2.713969e+03	3.162454e+02	5.002186e+02	7.899239e+01	4.374514e+01	1.755010e+02
79	2.258433e+00	2.716519e+03	3.168141e+02	4.994884e+02	7.880262e+01	4.389168e+01	1.760717e+02
80	2.287021e+00	2.722776e+03	3.172117e+02	4.985674e+02	7.929593e+01	4.371909e+01	1.769538e+02
81	2.315609e+00	2.700770e+03	3.174881e+02	4.974497e+02	7.878835e+01	4.364513e+01	1.768173e+02
82	2.344197e+00	2.717719e+03	3.178463e+02	4.964319e+02	7.875128e+01	4.393970e+01	1.773166e+02
83	2.372784e+00	2.712584e+03	3.184279e+02	4.953657e+02	7.910050e+01	4.366304e+01	1.781304e+02
84	2.401372e+00	2.702675e+03	3.186953e+02	4.946950e+02	7.862540e+01	4.376643e+01	1.780518e+02
85	2.429960e+00	2.748416e+03	3.188939e+02	4.938866e+02	7.833346e+01	4.467302e+01	3.181087e-01
86	2.458548e+00	2.715562e+03	3.196655e+02	4.925688e+02	7.895426e+01	4.379195e+01	1.795062e+02
87	2.487136e+00	2.719674e+03	3.200793e+02	4.915876e+02	7.839980e+01	4.416843e+01	1.799091e+02
88	2.515723e+00	2.720924e+03	3.205179e+02	4.907483e+02	7.848235e+01	4.414225e+01	4.874015e-01
89	2.544311e+00	2.692281e+03	3.211089e+02	4.902146e+02	7.815903e+01	4.385825e+01	6.093037e-01
90	2.572899e+00	2.714862e+03	3.214800e+02	4.890400e+02	7.909433e+01	4.370313e+01	1.654791e+00
91	2.601487e+00	2.694243e+03	3.220917e+02	4.880981e+02	7.869017e+01	4.359398e+01	2.006533e+00
92	2.630074e+00	2.702040e+03	3.226077e+02	4.871978e+02	7.883136e+01	4.364182e+01	3.236870e+00
93	2.658662e+00	2.703006e+03	3.229882e+02	4.864966e+02	7.837996e+01	4.390885e+01	3.438460e+00
94	2.687250e+00	2.681193e+03	3.235144e+02	4.857008e+02	7.815643e+01	4.367908e+01	3.837788e+00
95	2.715838e+00	2.682948e+03	3.241123e+02	4.846967e+02	7.812824e+01	4.372344e+01	4.501236e+00
96	2.744425e+00	2.701655e+03	3.247868e+02	4.835824e+02	7.850062e+01	4.381946e+01	5.167976e+00
97	2.773013e+00	2.717127e+03	3.251062e+02	4.826580e+02	7.866689e+01	4.397724e+01	5.989670e+00
98	2.801601e+00	2.686916e+03	3.258132e+02	4.820070e+02	7.854389e+01	4.355638e+01	6.108233e+00
99	2.830189e+00	2.688707e+03	3.264654e+02	4.810367e+02	7.829424e+01	4.372440e+01	6.709638e+00
100	2.858776e+00	2.696535e+03	3.269095e+02	4.803074e+02	7.835458e+01	4.381792e+01	7.042108e+00
101	2.887364e+00	2.701468e+03	3.274519e+02	4.793913e+02	7.848132e+01	4.382719e+01	7.690191e+00
102	2.915952e+00	2.710526e+03	3.281849e+02	4.782260e+02	7.893892e+01	4.371923e+01	8.583755e+00
103	2.944540e+00	2.717199e+03	3.288131e+02	4.773388e+02	7.904908e+01	4.376579e+01	9.259139e+00
104	2.973128e+00	2.720135e+03	3.293754e+02	4.767184e+02	7.881967e+01	4.394059e+01	9.636114e+00
105	3.001715e+00	2.715634e+03	3.300969e+02	4.758321e+02	7.873771e+01	4.391355e+01	1.044565e+01
106	3.030303e+00	2.695318e+03	3.306651e+02	4.751447e+02	7.870235e+01	4.360461e+01	1.078661e+01
107	3.058891e+00	2.707174e+03	3.313044e+02	4.742746e+02	7.838263e+01	4.397507e+01	1.148664e+01
108	3.087479e+00	2.729186e+03	3.318778e+02	4.731333e+02	7.841376e+01	4.431502e+01	1.130039e+01
109	3.116066e+00	2.710304e+03	3.327442e+02	4.724113e+02	7.884857e+01	4.376574e+01	1.269463e+01
110	3.144654e+00	2.699560e+03	3.333189e+02	4.717956e+02	7.860350e+01	4.372816e+01	1.320118e+01
111	3.173242e+00	2.714845e+03	3.340611e+02	4.708963e+02	7.889227e+01	4.381480e+01	1.393722e+01
112	3.201830e+00	2.693060e+03	3.347905e+02	4.700716e+02	7.842236e+01	4.372363e+01	1.420613e+01
113	3.230417e+00	2.707279e+03	3.354447e+02	4.692329e+02	7.887071e+01	4.370462e+01	1.469634e+01
114	3.259005e+00	2.690658e+03	3.359533e+02	4.687910e+02	7.815310e+01	4.383515e+01	1.519157e+01
115	3.287593e+00	2.678059e+03	3.366632e+02	4.678152e+02	7.829913e+01	4.354851e+01	1.580213e+01
116	3.316181e+00	2.699647e+03	3.375683e+02	4.667323e+02	7.887882e+01	4.357693e+01	1.582842e+01
117	3.344768e+00	2.700447e+03	3.382517e+02	4.661201e+02	7.872537e+01	4.367482e+01	1.644592e+01
118	3.373356e+00	2.684562e+03	3.390535e+02	4.653339e+02	7.844270e+01	4.357437e+01	1.706135e+01
119	3.401944e+00	2.685779e+03	3.396888e+02	4.647281e+02	7.802795e+01	4.382583e+01	1.746755e+01
120	3.430532e+00	2.697749e+03	3.404907e+02	4.636426e+02	7.911178e+01	4.341807e+01	1.806023e+01
121	3.459119e+00	2.688006e+03	3.412373e+02	4.628202e+02	7.885912e+01	4.339988e+01	1.820364e+01
122	3.487707e+00	2.694555e+03	3.419680e+02	4.621596e+02	7.882973e+01	4.352182e+01	1.872892e+01
123	3.516295e+00	2.678745e+03	3.425884e+02	4.618161e+02	7.804475e+01	4.370164e+01	1.952992e+01
124	3.544883e+00	2.681452e+03	3.434958e+02	4.607594e+02	7.822150e+01	4.364696e+01	1.955995e+01
125	3.573471e+00	2.685637e+03	3.439795e+02	4.601506e+02	7.806615e+01	4.380207e+01	2.009257e+01
126	3.602058e+00	2.675141e+03	3.448636e+02	4.591779e+02	7.805906e+01	4.363485e+01	2.066354e+01
127	3.630646e+00	2.693491e+03	3.454977e+02	4.586918e+02	7.827043e+01	4.381552e+01	2.151663e+01
128	3.659234e+00	2.674259e+03	3.465360e+02	4.578158e+02	7.812305e+01	4.358473e+01	2.111591e+01
129	3.687822e+00	2.700346e+03	3.472295e+02	4.570667e+02	7.865103e+01	4.371447e+01	2.217281e+01
130	3.716409e+00	2.674750e+03	3.479931e+02	4.564942e+02	7.789751e+01	4.371895e+01	2.215704e+01
131	3.744997e+00	2.667476e+03	3.488232e+02	4.556977e+02	7.785097e+01	4.362612e+01	2.228191e+01
132	3.773585e+00	2.695470e+03	3.494874e+02	4.550921e+02	7.768253e+01	4.417955e+01	2.349549e+01
133	3.802173e+00	2.689535e+03	3.505870e+02	4.540597e+02	7.865782e+01	4.353569e+01	2.353228e+01
134	3.830760e+00	2.663130e+03	3.512675e+02	4.534733e+02	7.806552e+01	4.343534e+01	2.367569e+01
135	3.859348e+00	2.694472e+03	3.520081e+02	4.527844e+02	7.850729e+01	4.369924e+01	2.462891e+01
136	3.887936e+00	2.674979e+03	3.528500e+02	4.520676e+02	7.821913e+01	4.354292e+01	2.481152e+01
137	3.916524e+00	2.691157e+03	3.537464e+02	4.513321e+02	7.836377e+01	4.372541e+01	2.540800e+01
138	3.945111e+00	2.682620e+03	3.546613e+02	4.506816e+02	7.850006e+01	4.351102e+01	2.538316e+01
139	3.973699e+00	2.686286e+03	3.554806e+02	4.500303e+02	7.870254e+01	4.345839e+01	2.627250e+01
140	4.002287e+00	2.670691e+03	3.561999e+02	4.495644e+02	7.774035e+01	4.374085e+01	2.686534e+01
141	4.030875e+00	2.689435e+03	3.570712e+02	4.487285e+02	7.851910e+01	4.361099e+01	2.746948e+01
142	4.059463e+00	2.655734e+03	3.578233e+02	4.484361e+02	7.773766e+01	4.349739e+01	2.813522e+01
143	4.088050e+00	2.647898e+03	3.585487e+02	4.476992e+02	7.759090e+01	4.345108e+01	2.799373e+01
144	4.116638e+00	2.678610e+03	3.595687e+02	4.469717e+02	7.813172e+01	4.365081e+01	2.931624e+01
145	4.145226e+00	2.678048e+03	3.605054e+02	4.462762e+02	7.821301e+01	4.359629e+01	2.985761e+01
146	4.173814e+00	2.667221e+03	3.613504e+02	4.457708e+02	7.792133e+01	4.358256e+01	3.037846e+01
147	4.202401e+00	2.668322e+03	3.624068e+02	4.449262e+02	7.838897e+01	4.334044e+01	3.051836e+01
148	4.230989e+00	2.680636e+03	3.633592e+02	4.442932e+02	7.864708e+01	4.339756e+01	3.164040e+01
149	4.259577e+00	2.667254e+03	3.640293e+02	4.440039e+02	7.795520e+01	4.356417e+01	3.206474e+01
150	4.288165e+00	2.672596e+03	3.651924e+02	4.433799e+02	7.828481e+01	4.346762e+01	3.265776e+01
151	4.316752e+00	2.674771e+03	3.660332e+02	4.428842e+02	7.840948e+01	4.343383e+01	3.367533e+01
152	4.345340e+00	2.692911e+03	3.670139e+02	4.421964e+02	7.875856e+01	4.353458e+01	3.411216e+01
153	4.373928e+00	2.687687e+03	3.680238e+02	4.417375e+02	7.848099e+01	4.360380e+01	3.468171e+01
154	4.402516e+00	2.658080e+03	3.689460e+02	4.412063e+02	7.753069e+01	4.365204e+01	3.503504e+01
155	4.431103e+00	2.673171e+03	3.699649e+02	4.406920e+02	7.833947e+01	4.344664e+01	3.584215e+01
156	4.459691e+00	2.671474e+03	3.710579e+02	4.401289e+02	7.826170e+01	4.346220e+01	3.613207e+01
157	4.488279e+00	2.683365e+03	3.718773e+02	4.396236e+02	7.862696e+01	4.345286e+01	3.665426e+01
158	4.516867e+00	2.654449e+03	3.727456e+02	4.393141e+02	7.760082e+01	4.355302e+01	3.658470e+01
159	4.545455e+00	2.662014e+03	3.737431e+02	4.388567e+02	7.780124e+01	4.356461e+01	3.795281e+01
160	4.574042e+00	2.671660e+03	3.747678e+02	4.383139e+02	7.810168e+01	4.355429e+01	3.828704e+01
161	4.602630e+00	2.684244e+03	3.758526e+02	4.377766e+02	7.873085e+01	4.340974e+01	3.918225e+01
162	4.631218e+00	2.673781e+03	3.768550e+02	4.373390e+02	7.827256e+01	4.349371e+01	3.941209e+01
163	4.659806e+00	2.671540e+03	3.778929e+02	4.369589e+02	7.816761e+01	4.351559e+01	4.012678e+01
164	4.688393e+00	2.674227e+03	3.790315e+02	4.365342e+02	7.837502e+01	4.344409e+01	4.129507e+01
165	4.716981e+00	2.681621e+03	3.800800e+02	4.360796e+02	7.866936e+01	4.340121e+01	4.190890e+01
166	4.745569e+00	2.684594e+03	3.811750e+02	4.355868e+02	7.874787e+01	4.340602e+01	4.265062e+01
167	4.774157e+00	2.672108e+03	3.822016e+02	4.354192e+02	7.872793e+01	4.321508e+01	4.353715e+01
168	4.802744e+00	2.682934e+03	3.832978e+02	4.349219e+02	7.884453e+01	4.332599e+01	4.377032e+01
169	4.831332e+00	2.680460e+03	3.844302e+02	4.344475e+02	7.876012e+01	4.333243e+01	4.385564e+01
170	4.859920e+00	2.663451e+03	3.853181e+02	4.342756e+02	7.830212e+01	4.330932e+01	4.458647e+01
171	4.888508e+00	2.667712e+03	3.863495e+02	4.339200e+02	7.822166e+01	4.342322e+01	4.520411e+01
172	4.917095e+00	2.675330e+03	3.872831e+02	4.335486e+02	7.855371e+01	4.336314e+01	4.584373e+01
173	4.945683e+00	2.652333e+03	3.881062e+02	4.334316e+02	7.792810e+01	4.333553e+01	4.629873e+01
174	4.974271e+00	2.646499e+03	3.893040e+02	4.331862e+02	7.785472e+01	4.328097e+01	4.742884e+01
175	5.002859e+00	2.660993e+03	3.904933e+02	4.326612e+02	7.855067e+01	4.313243e+01	4.756324e+01
176	5.031447e+00	2.669007e+03	3.915645e+02	4.324578e+02	7.872592e+01	4.316603e+01	4.760020e+01
177	5.060034e+00	2.674511e+03	3.923907e+02	4.322593e+02	7.870485e+01	4.326663e+01	4.946333e+01
178	5.088622e+00	2.631452e+03	3.935041e+02	4.321530e+02	7.761811e+01	4.316608e+01	4.930461e+01
179	5.117210e+00	2.666255e+03	3.947189e+02	4.317272e+02	7.867606e+01	4.314885e+01	4.974284e+01
180	5.145798e+00	2.658732e+03	3.958466e+02	4.314980e+02	7.842171e+01	4.316666e+01	5.037176e+01
181	5.174385e+00	2.659937e+03	3.970064e+02	4.310681e+02	7.867661e+01	4.304630e+01	5.080871e+01
182	5.202973e+00	2.667177e+03	3.980076e+02	4.308963e+02	7.884318e+01	4.307227e+01	5.110922e+01
183	5.231561e+00	2.671089e+03	3.992199e+02	4.305778e+02	7.894334e+01	4.308073e+01	5.149782e+01
184	5.260149e+00	2.662237e+03	3.999997e+02	4.306732e+02	7.850597e+01	4.317718e+01	5.260684e+01
185	5.288736e+00	2.660018e+03	4.012439e+02	4.302840e+02	7.817831e+01	4.332199e+01	5.244454e+01
186	5.317324e+00	2.656545e+03	4.022265e+02	4.301902e+02	7.873270e+01	4.296077e+01	5.345430e+01
187	5.345912e+00	2.673231e+03	4.033830e+02	4.298758e+02	7.868199e+01	4.325848e+01	5.333516e+01
188	5.374500e+00	2.653614e+03	4.043921e+02	4.297349e+02	7.829303e+01	4.315437e+01	5.414947e+01
189	5.403087e+00	2.663680e+03	4.056888e+02	4.293102e+02	7.891466e+01	4.297684e+01	5.434999e+01
190	5.431675e+00	2.655355e+03	4.067838e+02	4.292536e+02	7.865736e+01	4.298267e+01	5.504392e+01
191	5.460263e+00	2.664837e+03	4.080115e+02	4.290221e+02	7.904591e+01	4.292411e+01	5.571844e+01
192	5.488851e+00	2.674814e+03	4.091320e+02	4.288457e+02	7.921995e+01	4.299017e+01	5.622026e+01
193	5.517439e+00	2.661995e+03	4.098858e+02	4.288812e+02	7.843980e+01	4.320967e+01	5.685578e+01
194	5.546026e+00	2.678714e+03	4.110881e+02	4.286058e+02	7.924270e+01	4.304049e+01	5.657070e+01
195	5.574614e+00	2.662749e+03	4.120956e+02	4.284330e+02	7.905408e+01	4.288605e+01	5.698510e+01
196	5.603202e+00	2.651291e+03	4.132039e+02	4.283719e+02	7.822676e+01	4.315311e+01	5.765844e+01
197	5.631790e+00	2.670310e+03	4.143118e+02	4.281730e+02	7.920328e+01	4.292682e+01	5.832370e+01
198	5.660377e+00	2.649883e+03	4.154314e+02	4.281497e+02	7.849420e+01	4.298324e+01	5.873984e+01
199	5.688965e+00	2.665154e+03	4.164609e+02	4.280308e+02	7.868949e+01	4.312366e+01	5.907512e+01
200	5.717553e+00	2.666298e+03	4.178012e+02	4.279587e+02	7.917125e+01	4.287966e+01	5.966544e+01
201	5.746141e+00	2.664089e+03	4.188663e+02	4.278845e+02	7.910683e+01	4.287902e+01	6.022223e+01
202	5.774728e+00	2.673617e+03	4.199286e+02	4.277584e+02	7.923016e+01	4.296539e+01	6.028249e+01
203	5.803316e+00	2.649445e+03	4.211289e+02	4.278981e+02	7.860872e+01	4.291353e+01	6.128756e+01
204	5.831904e+00	2.657731e+03	4.220886e+02	4.278282e+02	7.914191e+01	4.275772e+01	6.184903e+01
205	5.860492e+00	2.656255e+03	4.231544e+02	4.276881e+02	7.912593e+01	4.274261e+01	6.220544e+01
206	5.889079e+00	2.656328e+03	4.241861e+02	4.277372e+02	7.894188e+01	4.284344e+01	6.297598e+01
207	5.917667e+00	2.666254e+03	4.255031e+02	4.276494e+02	7.929095e+01	4.281422e+01	6.276389e+01
208	5.946255e+00	2.635559e+03	4.263607e+02	4.279723e+02	7.864465e+01	4.266912e+01	6.433921e+01
209	5.974843e+00	2.655491e+03	4.277349e+02	4.277657e+02	7.953468e+01	4.251072e+01	6.442511e+01
210	6.003431e+00	2.652076e+03	4.288050e+02	4.276343e+02	7.937094e+01	4.254364e+01	6.501590e+01
211	6.032018e+00	2.642970e+03	4.298376e+02	4.277643e+02	7.926218e+01	4.245573e+01	6.566096e+01
212	6.060606e+00	2.664245e+03	4.309679e+02	4.277168e+02	7.974140e+01	4.254029e+01	6.585978e+01
213	6.089194e+00	2.641511e+03	4.322432e+02	4.277137e+02	7.924157e+01	4.244333e+01	6.642987e+01
214	6.117782e+00	2.636338e+03	4.332592e+02	4.281145e+02	7.962096e+01	4.215838e+01	6.756675e+01
215	6.146369e+00	2.643493e+03	4.342658e+02	4.282203e+02	7.945139e+01	4.236300e+01	6.781937e+01
216	6.174957e+00	2.657707e+03	4.355299e+02	4.281730e+02	7.932294e+01	4.265976e+01	6.766100e+01
217	6.203545e+00	2.641138e+03	4.365186e+02	4.284474e+02	7.936835e+01	4.236955e+01	6.903823e+01
218	6.232133e+00	2.637913e+03	4.376222e+02	4.285506e+02	7.924956e+01	4.238124e+01	6.910285e+01
219	6.260720e+00	2.629624e+03	4.389028e+02	4.285259e+02	7.876553e+01	4.250770e+01	6.948200e+01
220	6.289308e+00	2.634508e+03	4.399445e+02	4.286776e+02	7.938937e+01	4.225199e+01	7.022155e+01
221	6.317896e+00	2.639459e+03	4.412078e+02	4.287287e+02	7.916587e+01	4.245091e+01	7.040018e+01
222	6.346484e+00	2.649094e+03	4.421592e+02	4.289212e+02	7.948785e+01	4.243330e+01	7.096915e+01
223	6.375071e+00	2.649245e+03	4.434520e+02	4.289037e+02	7.942889e+01	4.246721e+01	7.075710e+01
224	6.403659e+00	2.636826e+03	4.445401e+02	4.291093e+02	7.944114e+01	4.226162e+01	7.132061e+01
225	6.432247e+00	2.650634e+03	4.456692e+02	4.291956e+02	7.968796e+01	4.235135e+01	7.151025e+01
226	6.460835e+00	2.631980e+03	4.467426e+02	4.294375e+02	7.972029e+01	4.203624e+01	7.179459e+01
227	6.489423e+00	2.631205e+03	4.478835e+02	4.295687e+02	7.962830e+01	4.207240e+01	7.246669e+01
228	6.518010e+00	2.624729e+03	4.488579e+02	4.298897e+02	7.954964e+01	4.201036e+01	7.285510e+01
229	6.546598e+00	2.625505e+03	4.499776e+02	4.300632e+02	7.965002e+01	4.196981e+01	7.356189e+01
230	6.575186e+00	2.633690e+03	4.511161e+02	4.302315e+02	7.997775e+01	4.192813e+01	7.350572e+01
231	6.603774e+00	2.648874e+03	4.522022e+02	4.303427e+02	7.995402e+01	4.218238e+01	7.354066e+01
232	6.632361e+00	2.624221e+03	4.533917e+02	4.305654e+02	7.970890e+01	4.191830e+01	7.415096e+01
233	6.660949e+00	2.635435e+03	4.543577e+02	4.307831e+02	7.989909e+01	4.199722e+01	7.417017e+01
234	6.689537e+00	2.641672e+03	4.555354e+02	4.309709e+02	8.033366e+01	4.186889e+01	7.452197e+01
235	6.718125e+00	2.638950e+03	4.564936e+02	4.311685e+02	7.992638e+01	4.203888e+01	7.458864e+01
236	6.746712e+00	2.638501e+03	4.579897e+02	4.312096e+02	8.000503e+01	4.199041e+01	7.454858e+01
237	6.775300e+00	2.663393e+03	4.590164e+02	4.314601e+02	8.033410e+01	4.221292e+01	7.473587e+01
238	6.803888e+00	2.634844e+03	4.599291e+02	4.318616e+02	8.005367e+01	4.190673e+01	7.526116e+01
239	6.832476e+00	2.644891e+03	4.610742e+02	4.320223e+02	8.007010e+01	4.205789e+01	7.543484e+01
240	6.861063e+00	2.641287e+03	4.620542e+02	4.322654e+02	7.984904e+01	4.211687e+01	7.617023e+01
241	6.889651e+00	2.630700e+03	4.632763e+02	4.324241e+02	7.981285e+01	4.196707e+01	7.618102e+01
242	6.918239e+00	2.641505e+03	4.642878e+02	4.327934e+02	8.021963e+01	4.192576e+01	7.671413e+01
243	6.946827e+00	2.611227e+03	4.652273e+02	4.331617e+02	7.978095e+01	4.167307e+01	7.695019e+01
244	6.975415e+00	2.620173e+03	4.662990e+02	4.334303e+02	8.023502e+01	4.157920e+01	7.760225e+01
245	7.004002e+00	2.635010e+03	4.675246e+02	4.336054e+02	8.038908e+01	4.173451e+01	7.780544e+01
246	7.032590e+00	2.615057e+03	4.684495e+02	4.339254e+02	8.003009e+01	4.160428e+01	7.843147e+01
247	7.061178e+00	2.625558e+03	4.696653e+02	4.341875e+02	8.017820e+01	4.169418e+01	7.842563e+01
248	7.089766e+00	2.635691e+03	4.706306e+02	4.346547e+02	8.006485e+01	4.191434e+01	7.898019e+01
249	7.118353e+00	2.633027e+03	4.718049e+02	4.349328e+02	8.015797e+01	4.182334e+01	7.895256e+01
250	7.146941e+00	2.623840e+03	4.727770e+02	4.351497e+02	8.002206e+01	4.174820e+01	7.942375e+01
251	7.175529e+00	2.656525e+03	4.740656e+02	4.352199e+02	8.037796e+01	4.208109e+01	7.933576e+01
252	7.204117e+00	2.637021e+03	4.750529e+02	4.357423e+02	8.056248e+01	4.167646e+01	8.030300e+01
253	7.232704e+00	2.620799e+03	4.759774e+02	4.362816e+02	8.018822e+01	4.161340e+01	8.099280e+01
254	7.261292e+00	2.607866e+03	4.770479e+02	4.365360e+02	8.002765e+01	4.149113e+01	8.091570e+01
255	7.289880e+00	2.618215e+03	4.782147e+02	4.368521e+02	8.023134e+01	4.155004e+01	8.129768e+01
256	7.318468e+00	2.629773e+03	4.792204e+02	4.372117e+02	8.013855e+01	4.178177e+01	8.149680e+01
257	7.347055e+00	2.645153e+03	4.804108e+02	4.375040e+02	8.014705e+01	4.202168e+01	8.157187e+01
258	7.375643e+00	2.614754e+03	4.814765e+02	4.379800e+02	8.052226e+01	4.134519e+01	8.193633e+01
259	7.404231e+00	2.626091e+03	4.825781e+02	4.383045e+02	8.034996e+01	4.161349e+01	8.200569e+01
260	7.432819e+00	2.628056e+03	4.834654e+02	4.387108e+02	8.045551e+01	4.159000e+01	8.256058e+01
261	7.461407e+00	2.609826e+03	4.845060e+02	4.392021e+02	8.107457e+01	4.098615e+01	8.318259e+01
262	7.489994e+00	2.612429e+03	4.856359e+02	4.396120e+02	8.016312e+01	4.149350e+01	8.364688e+01
263	7.518582e+00	2.600696e+03	4.868386e+02	4.399482e+02	8.050314e+01	4.113267e+01	8.376770e+01
264	7.547170e+00	2.624669e+03	4.877654e+02	4.402660e+02	8.076275e+01	4.137839e+01	8.386960e+01
265	7.575758e+00	2.609921e+03	4.890513e+02	4.407056e+02	8.035693e+01	4.135368e+01	8.448804e+01
266	7.604345e+00	2.619115e+03	4.900539e+02	4.410000e+02	8.046854e+01	4.144180e+01	8.463906e+01
267	7.632933e+00	2.632093e+03	4.911597e+02	4.413261e+02	8.040908e+01	4.167794e+01	8.475499e+01
268	7.661521e+00	2.612462e+03	4.920748e+02	4.418588e+02	8.061137e+01	4.126329e+01	8.523777e+01
269	7.690109e+00	2.630435e+03	4.932898e+02	4.422810e+02	8.092997e+01	4.138361e+01	8.499548e+01
270	7.718696e+00	2.626091e+03	4.943367e+02	4.426833e+02	8.073037e+01	4.141740e+01	8.532008e+01
271	7.747284e+00	2.605024e+03	4.951516e+02	4.434090e+02	8.108957e+01	4.090316e+01	8.621377e+01
272	7.775872e+00	2.614793e+03	4.962588e+02	4.436092e+02	8.091186e+01	4.114672e+01	8.613556e+01
273	7.804460e+00	2.622519e+03	4.972182e+02	4.441419e+02	8.061787e+01	4.141879e+01	8.648158e+01
274	7.833047e+00	2.629265e+03	4.982836e+02	4.445168e+02	8.088806e+01	4.138663e+01	8.693161e+01
275	7.861635e+00	2.622805e+03	4.993823e+02	4.449683e+02	8.055879e+01	4.145369e+01	8.671348e+01
276	7.890223e+00	2.633965e+03	5.005997e+02	4.453327e+02	8.111159e+01	4.134636e+01	8.633394e+01
277	7.918811e+00	2.625476e+03	5.013629e+02	4.457435e+02	8.109586e+01	4.122109e+01	8.688893e+01
278	7.947399e+00	2.631436e+03	5.025651e+02	4.462406e+02	8.090511e+01	4.141206e+01	8.689945e+01
279	7.975986e+00	2.617972e+03	5.035965e+02	4.466122e+02	8.085748e+01	4.122446e+01	8.695836e+01
280	8.004574e+00	2.616341e+03	5.045859e+02	4.473025e+02	8.079466e+01	4.123081e+01	8.756351e+01
281	8.033162e+00	2.623025e+03	5.055593e+02	4.475456e+02	8.063564e+01	4.141765e+01	8.751162e+01
282	8.061750e+00	2.645820e+03	5.066307e+02	4.480341e+02	8.083763e+01	4.167319e+01	8.782093e+01
283	8.090337e+00	2.644873e+03	5.077290e+02	4.484853e+02	8.079462e+01	4.168045e+01	8.790058e+01
284	8.118925e+00	2.644416e+03	5.088328e+02	4.488660e+02	8.078719e+01	4.167709e+01	8.801002e+01
285	8.147513e+00	2.628871e+03	5.098117e+02	4.493805e+02	8.105231e+01	4.129657e+01	8.832617e+01
286	8.176101e+00	2.636688e+03	5.108908e+02	4.498593e+02	8.071591e+01	4.159200e+01	8.854850e+01
287	8.204688e+00	2.636708e+03	5.118293e+02	4.503445e+02	8.098174e+01	4.145578e+01	8.877598e+01
288	8.233276e+00	2.647896e+03	5.128895e+02	4.509470e+02	8.121019e+01	4.151458e+01	8.889384e+01
289	8.261864e+00	2.638979e+03	5.139100e+02	4.513660e+02	8.086730e+01	4.155020e+01	8.943071e+01
290	8.290452e+00	2.640466e+03	5.150237e+02	4.520366e+02	8.088783e+01	4.156306e+01	8.970004e+01
291	8.319039e+00	2.639319e+03	5.159152e+02	4.524823e+02	8.113698e+01	4.141743e+01	8.993954e+01
292	8.347627e+00	2.651509e+03	5.169760e+02	4.529032e+02	8.090234e+01	4.172940e+01	8.989650e+01
293	8.376215e+00	2.629038e+03	5.178561e+02	4.535911e+02	8.107776e+01	4.128622e+01	8.991352e+01
294	8.404803e+00	2.645485e+03	5.189189e+02	4.540162e+02	8.059977e+01	4.179089e+01	9.037683e+01
295	8.433391e+00	2.633380e+03	5.197893e+02	4.545025e+02	8.051867e+01	4.164156e+01	9.034389e+01
296	8.461978e+00	2.647167e+03	5.208163e+02	4.550964e+02	8.067917e+01	4.177630e+01	9.058111e+01
297	8.490566e+00	2.649267e+03	5.218274e+02	4.556355e+02	8.119894e+01	4.154182e+01	9.099216e+01
298	8.519154e+00	2.653346e+03	5.227261e+02	4.561779e+02	8.059480e+01	4.191766e+01	9.133427e+01
299	8.547742e+00	2.659776e+03	5.239075e+02	4.568698e+02	8.120618e+01	4.170289e+01	9.148278e+01
300	8.576329e+00	2.665493e+03	5.249475e+02	4.572758e+02	8.096956e+01	4.191465e+01	9.180878e+01
301	8.604917e+00	2.641600e+03	5.259631e+02	4.580601e+02	8.099103e+01	4.152793e+01	9.216717e+01
302	8.633505e+00	2.642959e+03	5.268956e+02	4.586067e+02	8.085497e+01	4.161921e+01	9.252899e+01
303	8.662093e+00	2.646031e+03	5.277292e+02	4.590714e+02	8.098526e+01	4.160055e+01	9.309473e+01
304	8.690680e+00	2.637048e+03	5.288239e+02	4.598219e+02	8.130372e+01	4.129692e+01	9.297626e+01
305	8.719268e+00	2.623208e+03	5.296881e+02	4.604288e+02	8.073067e+01	4.137180e+01	9.339933e+01
306	8.747856e+00	2.645778e+03	5.306135e+02	4.609619e+02	8.028352e+01	4.196016e+01	9.410001e+01
307	8.776444e+00	2.643610e+03	5.316730e+02	4.616732e+02	8.072778e+01	4.169505e+01	9.412295e+01
308	8.805031e+00	2.653857e+03	5.326050e+02	4.621396e+02	8.045989e+01	4.199602e+01	9.451365e+01
309	8.833619e+00	2.646887e+03	5.334188e+02	4.628082e+02	8.033613e+01	4.195026e+01	9.524414e+01
310	8.862207e+00	2.664489e+03	5.345993e+02	4.635179e+02	8.062891e+01	4.207589e+01	9.571021e+01
311	8.890795e+00	2.668104e+03	5.354748e+02	4.642766e+02	8.059920e+01	4.214851e+01	9.632427e+01
312	8.919383e+00	2.665811e+03	5.365250e+02	4.647509e+02	8.031878e+01	4.225931e+01	9.643746e+01
313	8.947970e+00	2.655593e+03	5.374892e+02	4.654371e+02	8.022881e+01	4.214454e+01	9.651447e+01
314	8.976558e+00	2.653695e+03	5.383456e+02	4.659361e+02	8.020885e+01	4.212490e+01	9.660561e+01
315	9.005146e+00	2.657176e+03	5.392280e+02	4.665546e+02	8.026386e+01	4.215124e+01	9.736152e+01
316	9.033734e+00	2.653803e+03	5.403703e+02	4.674361e+02	8.017718e+01	4.214325e+01	9.713416e+01
317	9.062321e+00	2.655287e+03	5.411588e+02	4.680154e+02	8.039404e+01	4.205307e+01	9.764365e+01
318	9.090909e+00	2.667621e+03	5.421262e+02	4.685088e+02	8.045301e+01	4.221744e+01	9.746549e+01
319	9.119497e+00	2.660686e+03	5.431029e+02	4.692833e+02	8.015076e+01	4.226649e+01	9.799944e+01
320	9.148085e+00	2.673420e+03	5.438712e+02	4.698354e+02	8.021596e+01	4.243425e+01	9.828880e+01
321	9.176672e+00	2.668191e+03	5.450281e+02	4.705694e+02	8.027643e+01	4.231935e+01	9.873318e+01
322	9.205260e+00	2.683233e+03	5.458707e+02	4.710871e+02	8.029984e+01	4.254552e+01	9.901859e+01
323	9.233848e+00	2.686473e+03	5.468837e+02	4.718128e+02	8.045765e+01	4.251334e+01	9.899792e+01
324	9.262436e+00	2.688993e+03	5.477001e+02	4.724557e+02	8.064794e+01	4.245282e+01	9.917178e+01
325	9.291023e+00	2.675652e+03	5.486208e+02	4.731859e+02	8.064712e+01	4.224262e+01	9.956939e+01
326	9.319611e+00	2.669026e+03	5.498038e+02	4.738750e+02	8.039915e+01	4.226797e+01	9.953442e+01
327	9.348199e+00	2.669558e+03	5.505112e+02	4.744697e+02	8.033931e+01	4.230788e+01	9.986878e+01
328	9.376787e+00	2.684234e+03	5.513973e+02	4.752548e+02	8.056206e+01	4.242286e+01	1.002769e+02
329	9.405374e+00	2.668462e+03	5.522802e+02	4.759818e+02	8.036057e+01	4.227934e+01	1.003766e+02
330	9.433962e+00	2.672363e+03	5.533134e+02	4.765853e+02	8.032895e+01	4.235781e+01	1.002782e+02
331	9.462550e+00	2.667356e+03	5.539838e+02	4.771888e+02	8.005045e+01	4.242553e+01	1.011304e+02
332	9.491138e+00	2.662774e+03	5.549955e+02	4.778885e+02	8.015079e+01	4.229963e+01	1.011490e+02
333	9.519726e+00	2.682133e+03	5.561089e+02	4.785263e+02	8.016847e+01	4.259776e+01	1.017246e+02
334	9.548313e+00	2.666210e+03	5.567739e+02	4.793211e+02	7.988989e+01	4.249253e+01	1.025078e+02
335	9.576901e+00	2.680993e+03	5.577517e+02	4.801154e+02	8.020939e+01	4.255794e+01	1.022959e+02
336	9.605489e+00	2.662401e+03	5.587157e+02	4.807896e+02	7.973244e+01	4.251562e+01	1.024560e+02
337	9.634077e+00	2.676896e+03	5.596311e+02	4.814979e+02	8.002232e+01	4.259224e+01	1.024837e+02
338	9.662664e+00	2.678594e+03	5.603531e+02	4.821874e+02	8.003371e+01	4.261319e+01	1.030721e+02
339	9.691252e+00	2.684719e+03	5.611806e+02	4.828159e+02	8.034488e+01	4.254522e+01	1.033685e+02
340	9.719840e+00	2.668344e+03	5.620786e+02	4.835998e+02	8.012059e+01	4.240409e+01	1.036533e+02
341	9.748428e+00	2.657187e+03	5.632366e+02	4.844317e+02	7.975642e+01	4.241959e+01	1.032824e+02
342	9.777015e+00	2.684735e+03	5.640869e+02	4.850769e+02	8.001653e+01	4.272005e+01	1.035685e+02
343	9.805603e+00	2.662928e+03	5.648864e+02	4.859680e+02	8.008884e+01	4.233480e+01	1.040552e+02
344	9.834191e+00	2.658532e+03	5.659009e+02	4.865654e+02	7.978106e+01	4.242796e+01	1.043780e+02
345	9.862779e+00	2.677731e+03	5.665602e+02	4.873183e+02	8.022194e+01	4.249950e+01	1.047337e+02
346	9.891366e+00	2.657529e+03	5.674880e+02	4.881513e+02	7.953678e+01	4.254221e+01	1.050794e+02
347	9.919954e+00	2.645852e+03	5.682901e+02	4.890130e+02	7.959685e+01	4.232333e+01	1.053768e+02
348	9.948542e+00	2.654669e+03	5.692210e+02	4.898072e+02	7.965649e+01	4.243258e+01	1.058564e+02
349	9.977130e+00	2.666521e+03	5.700518e+02	4.907350e+02	8.017142e+01	4.234826e+01	1.062203e+02
350	1.000572e+01	2.682299e+03	5.707632e+02	4.914823e+02	8.033589e+01	4.251162e+01	1.066119e+02
351	1.003431e+01	2.655653e+03	5.716997e+02	4.921831e+02	7.967468e+01	4.243861e+01	1.067368e+02
352	1.006289e+01	2.662695e+03	5.724794e+02	4.927774e+02	7.970401e+01	4.253548e+01	1.068259e+02
353	1.009148e+01	2.670036e+03	5.733848e+02	4.937482e+02	7.985431e+01	4.257247e+01	1.072200e+02
354	1.012007e+01	2.675047e+03	5.740154e+02	4.944739e+02	7.961869e+01	4.277860e+01	1.080908e+02
355	1.014866e+01	2.674816e+03	5.748812e+02	4.953800e+02	7.973932e+01	4.271020e+01	1.083744e+02
356	1.017724e+01	2.682108e+03	5.755513e+02	4.961875e+02	8.006525e+01	4.265229e+01	1.089735e+02
357	1.020583e+01	2.668716e+03	5.764949e+02	4.971437e+02	7.943722e+01	4.277484e+01	1.087794e+02
358	1.023442e+01	2.659212e+03	5.772693e+02	4.978342e+02	7.946595e+01	4.260711e+01	1.094942e+02
359	1.026301e+01	2.655171e+03	5.780648e+02	4.987932e+02	7.944749e+01	4.255224e+01	1.095201e+02
360	1.029160e+01	2.672889e+03	5.787258e+02	4.994702e+02	7.997684e+01	4.255267e+01	1.098276e+02
361	1.032018e+01	2.663695e+03	5.797325e+02	5.004652e+02	7.963471e+01	4.258849e+01	1.099122e+02
362	1.034877e+01	2.680187e+03	5.804592e+02	5.011266e+02	7.973868e+01	4.279630e+01	1.102120e+02
363	1.037736e+01	2.667312e+03	5.810795e+02	5.020546e+02	7.987906e+01	4.251587e+01	1.103135e+02
364	1.040595e+01	2.666577e+03	5.820582e+02	5.028969e+02	7.992319e+01	4.248067e+01	1.107415e+02
365	1.043453e+01	2.675518e+03	5.828302e+02	5.036793e+02	7.998672e+01	4.258927e+01	1.106203e+02
366	1.046312e+01	2.663553e+03	5.835073e+02	5.045819e+02	7.978102e+01	4.250813e+01	1.108208e+02
367	1.049171e+01	2.667538e+03	5.843868e+02	5.054617e+02	7.972380e+01	4.260227e+01	1.112337e+02
368	1.052030e+01	2.665678e+03	5.851329e+02	5.063898e+02	7.971176e+01	4.257899e+01	1.112258e+02
369	1.054889e+01	2.679400e+03	5.858549e+02	5.071753e+02	7.977246e+01	4.276561e+01	1.114878e+02
370	1.057747e+01	2.689399e+03	5.865828e+02	5.079157e+02	8.044881e+01	4.256431e+01	1.117168e+02
371	1.060606e+01	2.673716e+03	5.875306e+02	5.088462e+02	7.961526e+01	4.275916e+01	1.120966e+02
372	1.063465e+01	2.672752e+03	5.881296e+02	5.097305e+02	8.013185e+01	4.246818e+01	1.124301e+02
373	1.066324e+01	2.677788e+03	5.890156e+02	5.106454e+02	8.029438e+01	4.246207e+01	1.123333e+02
374	1.069182e+01	2.665989e+03	5.896537e+02	5.113280e+02	7.975407e+01	4.256137e+01	1.130447e+02
375	1.072041e+01	2.668663e+03	5.905250e+02	5.123560e+02	7.981220e+01	4.257303e+01	1.133488e+02
376	1.074900e+01	2.681433e+03	5.912213e+02	5.132275e+02	8.023247e+01	4.255268e+01	1.136645e+02
377	1.077759e+01	2.665938e+03	5.919194e+02	5.140204e+02	7.970752e+01	4.258541e+01	1.137832e+02
378	1.080617e+01	2.673114e+03	5.928385e+02	5.149352e+02	7.962817e+01	4.274260e+01	1.140771e+02
379	1.083476e+01	2.681459e+03	5.933287e+02	5.157043e+02	8.010481e+01	4.262090e+01	1.142521e+02
380	1.086335e+01	2.680019e+03	5.941536e+02	5.166577e+02	7.982389e+01	4.274794e+01	1.141771e+02
381	1.089194e+01	2.685222e+03	5.950998e+02	5.176889e+02	8.001934e+01	4.272631e+01	1.146564e+02
382	1.092053e+01	2.672849e+03	5.956793e+02	5.185116e+02	7.971392e+01	4.269238e+01	1.151193e+02
383	1.094911e+01	2.683869e+03	5.962527e+02	5.194594e+02	7.988320e+01	4.277756e+01	1.152047e+02
384	1.097770e+01	2.683340e+03	5.969163e+02	5.203047e+02	7.986749e+01	4.277753e+01	1.156037e+02
385	1.100629e+01	2.685033e+03	5.979537e+02	5.213217e+02	8.005338e+01	4.270513e+01	1.153987e+02
386	1.103488e+01	2.671667e+03	5.986981e+02	5.221815e+02	7.999609e+01	4.252298e+01	1.160616e+02
387	1.106346e+01	2.683100e+03	5.992128e+02	5.229396e+02	7.986907e+01	4.277287e+01	1.166210e+02
388	1.109205e+01	2.666939e+03	6.000233e+02	5.239266e+02	7.970273e+01	4.260397e+01	1.164096e+02
389	1.112064e+01	2.665004e+03	6.008244e+02	5.249090e+02	7.979183e+01	4.252552e+01	1.166337e+02
390	1.114923e+01	2.675327e+03	6.015396e+02	5.256816e+02	7.962072e+01	4.278197e+01	1.166873e+02
391	1.117782e+01	2.677540e+03	6.022678e+02	5.266558e+02	7.968796e+01	4.278125e+01	1.169309e+02
392	1.120640e+01	2.662189e+03	6.029602e+02	5.276266e+02	7.988916e+01	4.242884e+01	1.172954e+02
393	1.123499e+01	2.663973e+03	6.035811e+02	5.285345e+02	7.940751e+01	4.271481e+01	1.175200e+02
394	1.126358e+01	2.672943e+03	6.043608e+02	5.295515e+02	7.973997e+01	4.267993e+01	1.179855e+02
395	1.129217e+01	2.672140e+03	6.049096e+02	5.303682e+02	7.975848e+01	4.265722e+01	1.186588e+02
396	1.132075e+01	2.665342e+03	6.056486e+02	5.313036e+02	7.949046e+01	4.269215e+01	1.188472e+02
397	1.134934e+01	2.662811e+03	6.062346e+02	5.323197e+02	7.978685e+01	4.249317e+01	1.191560e+02
398	1.137793e+01	2.667586e+03	6.070844e+02	5.334548e+02	7.966373e+01	4.263515e+01	1.188923e+02
399	1.140652e+01	2.667929e+03	6.078100e+02	5.343215e+02	7.963180e+01	4.265774e+01	1.191564e+02
400	1.143511e+01	2.661750e+03	6.084459e+02	5.352440e+02	7.956042e+01	4.259713e+01	1.194481e+02
401	1.146369e+01	2.687764e+03	6.090289e+02	5.361464e+02	7.994364e+01	4.280724e+01	1.197170e+02
402	1.149228e+01	2.668365e+03	6.097686e+02	5.371649e+02	7.999802e+01	4.246939e+01	1.194708e+02
403	1.152087e+01	2.670718e+03	6.105419e+02	5.382612e+02	7.971049e+01	4.266018e+01	1.197400e+02
404	1.154946e+01	2.673500e+03	6.110609e+02	5.391682e+02	7.984891e+01	4.263058e+01	1.198740e+02
405	1.157804e+01	2.670197e+03	6.116091e+02	5.400890e+02	7.970823e+01	4.265306e+01	1.199106e+02
406	1.160663e+01	2.654831e+03	6.124498e+02	5.410380e+02	7.935802e+01	4.259476e+01	1.200389e+02
407	1.163522e+01	2.664425e+03	6.129308e+02	5.419456e+02	7.977526e+01	4.252510e+01	1.202732e+02
408	1.166381e+01	2.677967e+03	6.135997e+02	5.429406e+02	7.995739e+01	4.264388e+01	1.207340e+02
409	1.169240e+01	2.657095e+03	6.142850e+02	5.439779e+02	7.977176e+01	4.240998e+01	1.207304e+02
410	1.172098e+01	2.673215e+03	6.149277e+02	5.448447e+02	7.988162e+01	4.260859e+01	1.210393e+02
411	1.174957e+01	2.649809e+03	6.156627e+02	5.459781e+02	7.926598e+01	4.256355e+01	1.208734e+02
412	1.177816e+01	2.658933e+03	6.163078e+02	5.468185e+02	7.946192e+01	4.260479e+01	1.213670e+02
413	1.180675e+01	2.671292e+03	6.169549e+02	5.477093e+02	7.979852e+01	4.262227e+01	1.213920e+02
414	1.183533e+01	2.669583e+03	6.175947e+02	5.486555e+02	7.961488e+01	4.269325e+01	1.217777e+02
415	1.186392e+01	2.670929e+03	6.182961e+02	5.496044e+02	7.971169e+01	4.266291e+01	1.219526e+02
416	1.189251e+01	2.664210e+03	6.190699e+02	5.507557e+02	7.943972e+01	4.270127e+01	1.220352e+02
417	1.192110e+01	2.658885e+03	6.195032e+02	5.516622e+02	7.944692e+01	4.261206e+01	1.220845e+02
418	1.194969e+01	2.672440e+03	6.200767e+02	5.526602e+02	7.955623e+01	4.277045e+01	1.225508e+02
419	1.197827e+01	2.659460e+03	6.207044e+02	5.536865e+02	7.929699e+01	4.270187e+01	1.228685e+02
420	1.200686e+01	2.655590e+03	6.213275e+02	5.547476e+02	7.951824e+01	4.252109e+01	1.228721e+02
421	1.203545e+01	2.659924e+03	6.218534e+02	5.557402e+02	7.935596e+01	4.267758e+01	1.228517e+02
422	1.206404e+01	2.682430e+03	6.225071e+02	5.567706e+02	7.966576e+01	4.287131e+01	1.234413e+02
423	1.209262e+01	2.660598e+03	6.230680e+02	5.577086e+02	7.934460e+01	4.269451e+01	1.233907e+02
424	1.212121e+01	2.659824e+03	6.237857e+02	5.587992e+02	7.936615e+01	4.267049e+01	1.231344e+02
425	1.214980e+01	2.656923e+03	6.242419e+02	5.596259e+02	7.916958e+01	4.272979e+01	1.235835e+02
426	1.217839e+01	2.653019e+03	6.249026e+02	5.607094e+02	7.920146e+01	4.264982e+01	1.238695e+02
427	1.220698e+01	2.664030e+03	6.255625e+02	5.617762e+02	7.936345e+01	4.273943e+01	1.242051e+02
428	1.223556e+01	2.650762e+03	6.261491e+02	5.628709e+02	7.923961e+01	4.259303e+01	1.243764e+02
429	1.226415e+01	2.672691e+03	6.265703e+02	5.637845e+02	7.952231e+01	4.279272e+01	1.245942e+02
430	1.229274e+01	2.677276e+03	6.269726e+02	5.647388e+02	8.006921e+01	4.257334e+01	1.244841e+02
431	1.232133e+01	2.660730e+03	6.277326e+02	5.658059e+02	7.941718e+01	4.265760e+01	1.247741e+02
432	1.234991e+01	2.677387e+03	6.282271e+02	5.668494e+02	7.952619e+01	4.286581e+01	1.252120e+02
433	1.237850e+01	2.640988e+03	6.290324e+02	5.680394e+02	7.908491e+01	4.251898e+01	1.253768e+02
434	1.240709e+01	2.649616e+03	6.295179e+02	5.689695e+02	7.917725e+01	4.260814e+01	1.252368e+02
435	1.243568e+01	2.690154e+03	6.298351e+02	5.698625e+02	7.969577e+01	4.297857e+01	1.253262e+02
436	1.246427e+01	2.650082e+03	6.306852e+02	5.710454e+02	7.927919e+01	4.256084e+01	1.261683e+02
437	1.249285e+01	2.662843e+03	6.311421e+02	5.719893e+02	7.956442e+01	4.261247e+01	1.263668e+02
438	1.252144e+01	2.646106e+03	6.316500e+02	5.730828e+02	7.927195e+01	4.250087e+01	1.271442e+02
439	1.255003e+01	2.671479e+03	6.320946e+02	5.741454e+02	7.958540e+01	4.273940e+01	1.274579e+02
440	1.257862e+01	2.674952e+03	6.326808e+02	5.752783e+02	7.964929e+01	4.276064e+01	1.280840e+02
441	1.260720e+01	2.669712e+03	6.330727e+02	5.762493e+02	7.976048e+01	4.261739e+01	1.277951e+02
442	1.263579e+01	2.661832e+03	6.338426e+02	5.773876e+02	7.929962e+01	4.273854e+01	1.284565e+02
443	1.266438e+01	2.656641e+03	6.342546e+02	5.784288e+02	7.917463e+01	4.272252e+01	1.283045e+02
444	1.269297e+01	2.655832e+03	6.347360e+02	5.793729e+02	7.923528e+01	4.267683e+01	1.284740e+02
445	1.272156e+01	2.664835e+03	6.351808e+02	5.804888e+02	7.919743e+01	4.284197e+01	1.286986e+02
446	1.275014e+01	2.666906e+03	6.355533e+02	5.816366e+02	7.945273e+01	4.273749e+01	1.293323e+02
447	1.277873e+01	2.660130e+03	6.360340e+02	5.826790e+02	7.905956e+01	4.284090e+01	1.294683e+02
448	1.280732e+01	2.674074e+03	6.364612e+02	5.836567e+02	7.952200e+01	4.281503e+01	1.299437e+02
449	1.283591e+01	2.670561e+03	6.368961e+02	5.848452e+02	7.909830e+01	4.298782e+01	1.300598e+02
450	1.286449e+01	2.665878e+03	6.374818e+02	5.859529e+02	7.942352e+01	4.273672e+01	1.301080e+02
451	1.289308e+01	2.668184e+03	6.378240e+02	5.868916e+02	7.945611e+01	4.275616e+01	1.305622e+02
452	1.292167e+01	2.674198e+03	6.381301e+02	5.879732e+02	7.953557e+01	4.280970e+01	1.305726e+02
453	1.295026e+01	2.659451e+03	6.387227e+02	5.891106e+02	7.913852e+01	4.278724e+01	1.305822e+02
454	1.297885e+01	2.657606e+03	6.391687e+02	5.902175e+02	7.928941e+01	4.267618e+01	1.308025e+02
455	1.300743e+01	2.661930e+03	6.396447e+02	5.914435e+02	7.920998e+01	4.278848e+01	1.304507e+02
456	1.303602e+01	2.654342e+03	6.403076e+02	5.926632e+02	7.883729e+01	4.286821e+01	1.310085e+02
457	1.306461e+01	2.653436e+03	6.407384e+02	5.937238e+02	7.891077e+01	4.281367e+01	1.310123e+02
458	1.309320e+01	2.669082e+03	6.410659e+02	5.947978e+02	7.897154e+01	4.303297e+01	1.312335e+02
459	1.312178e+01	2.661639e+03	6.416093e+02	5.958204e+02	7.934169e+01	4.271278e+01	1.310126e+02
460	1.315037e+01	2.659711e+03	6.420738e+02	5.970363e+02	7.918369e+01	4.276701e+01	1.311202e+02
461	1.317896e+01	2.660653e+03	6.424638e+02	5.981299e+02	7.875862e+01	4.301305e+01	1.316114e+02
462	1.320755e+01	2.669356e+03	6.430837e+02	5.992207e+02	7.896999e+01	4.303824e+01	1.318815e+02
463	1.323613e+01	2.675949e+03	6.433666e+02	6.003391e+02	7.905733e+01	4.309688e+01	1.317955e+02
464	1.326472e+01	2.691536e+03	6.438611e+02	6.015098e+02	7.898970e+01	4.338503e+01	1.323081e+02
465	1.329331e+01	2.680999e+03	6.442781e+02	6.025126e+02	7.952259e+01	4.292559e+01	1.326725e+02
466	1.332190e+01	2.669045e+03	6.449890e+02	6.037905e+02	7.885078e+01	4.309829e+01	1.328347e+02
467	1.335049e+01	2.685601e+03	6.451634e+02	6.047725e+02	7.903460e+01	4.326476e+01	1.321674e+02
468	1.337907e+01	2.667932e+03	6.458366e+02	6.058040e+02	7.904427e+01	4.297486e+01	1.329490e+02
469	1.340766e+01	2.663054e+03	6.462348e+02	6.069822e+02	7.899870e+01	4.292103e+01	1.327234e+02
470	1.343625e+01	2.673204e+03	6.467575e+02	6.080731e+02	7.941947e+01	4.285636e+01	1.330997e+02
471	1.346484e+01	2.670754e+03	6.471028e+02	6.089866e+02	7.961832e+01	4.271013e+01	1.333307e+02
472	1.349342e+01	2.667122e+03	6.475255e+02	6.101866e+02	7.907590e+01	4.294463e+01	1.336849e+02
473	1.352201e+01	2.682684e+03	6.480724e+02	6.114213e+02	7.949216e+01	4.296900e+01	1.338747e+02
474	1.355060e+01	2.668876e+03	6.484520e+02	6.125034e+02	7.928738e+01	4.285825e+01	1.335353e+02
475	1.357919e+01	2.671051e+03	6.489268e+02	6.134508e+02	7.920786e+01	4.293623e+01	1.341559e+02
476	1.360778e+01	2.663414e+03	6.492563e+02	6.144906e+02	7.915858e+01	4.284013e+01	1.347381e+02
477	1.363636e+01	2.682447e+03	6.495651e+02	6.155825e+02	7.923585e+01	4.310421e+01	1.341867e+02
478	1.366495e+01	2.667039e+03	6.500989e+02	6.167623e+02	7.909062e+01	4.293530e+01	1.347757e+02
479	1.369354e+01	2.676944e+03	6.505516e+02	6.179573e+02	7.936271e+01	4.294701e+01	1.352074e+02
480	1.372213e+01	2.679102e+03	6.509692e+02	6.190151e+02	7.947435e+01	4.292126e+01	1.354512e+02
481	1.375071e+01	2.689484e+03	6.511355e+02	6.201047e+02	7.908308e+01	4.330076e+01	1.345497e+02
482	1.377930e+01	2.723105e+03	6.512122e+02	6.210906e+02	7.961230e+01	4.355062e+01	1.343176e+02
483	1.380789e+01	2.672115e+03	6.521508e+02	6.224560e+02	7.917322e+01	4.297213e+01	1.361226e+02
484	1.383648e+01	2.688478e+03	6.524962e+02	6.235065e+02	7.941913e+01	4.310141e+01	1.363750e+02
485	1.386507e+01	2.670057e+03	6.528890e+02	6.246257e+02	7.902241e+01	4.302098e+01	1.368362e+02
486	1.389365e+01	2.678073e+03	6.533215e+02	6.256317e+02	7.924051e+01	4.303138e+01	1.366769e+02
487	1.392224e+01	2.695891e+03	6.534732e+02	6.266905e+02	7.944525e+01	4.320605e+01	1.368044e+02
488	1.395083e+01	2.700057e+03	6.536990e+02	6.279426e+02	7.916633e+01	4.342527e+01	1.367790e+02
489	1.397942e+01	2.680453e+03	6.541929e+02	6.291793e+02	7.864126e+01	4.339782e+01	1.379462e+02
490	1.400800e+01	2.690360e+03	6.546290e+02	6.303191e+02	7.910568e+01	4.330248e+01	1.377688e+02
491	1.403659e+01	2.691918e+03	6.549409e+02	6.314290e+02	7.924236e+01	4.325284e+01	1.377877e+02
492	1.406518e+01	2.692722e+03	6.554331e+02	6.326657e+02	7.881293e+01	4.350150e+01	1.378196e+02
493	1.409377e+01	2.666559e+03	6.558928e+02	6.336435e+02	7.967197e+01	4.261435e+01	1.387242e+02
494	1.412236e+01	2.670723e+03	6.561280e+02	6.349074e+02	7.923645e+01	4.291548e+01	1.392939e+02
495	1.415094e+01	2.686032e+03	6.562908e+02	6.361594e+02	7.887859e+01	4.335729e+01	1.395844e+02
496	1.417953e+01	2.670246e+03	6.565986e+02	6.371100e+02	7.968244e+01	4.266766e+01	1.397832e+02
497	1.420812e+01	2.659088e+03	6.570738e+02	6.384500e+02	7.895028e+01	4.288340e+01	1.404530e+02
498	1.423671e+01	2.684616e+03	6.572480e+02	6.396627e+02	7.902493e+01	4.325419e+01	1.400588e+02
499	1.426529e+01	2.664616e+03	6.576048e+02	6.408463e+02	7.868066e+01	4.311980e+01	1.395318e+02
500	1.429388e+01	2.671300e+03	6.577421e+02	6.417378e+02	7.953470e+01	4.276379e+01	1.402700e+02
501	1.432247e+01	2.680217e+03	6.580078e+02	6.431202e+02	7.891111e+01	4.324561e+01	1.404179e+02
502	1.435106e+01	2.684563e+03	6.583488e+02	6.442711e+02	7.920509e+01	4.315495e+01	1.400856e+02
503	1.437965e+01	2.663952e+03	6.587070e+02	6.454562e+02	7.869736e+01	4.309991e+01	1.404783e+02
504	1.440823e+01	2.687876e+03	6.588399e+02	6.466306e+02	7.917715e+01	4.322346e+01	1.408097e+02
505	1.443682e+01	2.681013e+03	6.591594e+02	6.476478e+02	7.940366e+01	4.299010e+01	1.412035e+02
506	1.446541e+01	2.680464e+03	6.594784e+02	6.488089e+02	7.911350e+01	4.313894e+01	1.414272e+02
507	1.449400e+01	2.690355e+03	6.598142e+02	6.499111e+02	7.938599e+01	4.314951e+01	1.415032e+02
508	1.452258e+01	2.732161e+03	6.596730e+02	6.511329e+02	7.890127e+01	4.408922e+01	1.407092e+02
509	1.455117e+01	2.666885e+03	6.603472e+02	6.523416e+02	7.914967e+01	4.290078e+01	1.416451e+02
510	1.457976e+01	2.685010e+03	6.606503e+02	6.534984e+02	7.952066e+01	4.299085e+01	1.417876e+02
