1	2.862049e-02	2.627659e+03	4.414359e+02	2.709692e+02	7.813951e+01	4.281623e+01	1.582750e+02
2	5.724098e-02	2.635512e+03	4.430263e+02	2.718970e+02	7.822675e+01	4.289631e+01	1.558408e+02
3	8.586148e-02	2.636792e+03	4.443257e+02	2.725247e+02	7.843761e+01	4.280177e+01	1.534278e+02
4	1.144820e-01	2.644702e+03	4.458047e+02	2.729720e+02	7.859532e+01	4.284401e+01	1.510785e+02
5	1.431025e-01	2.633799e+03	4.471863e+02	2.735789e+02	7.848491e+01	4.272741e+01	1.491208e+02
6	1.717230e-01	2.638585e+03	4.486048e+02	2.739030e+02	7.837183e+01	4.286682e+01	1.467704e+02
7	2.003434e-01	2.635379e+03	4.500803e+02	2.742060e+02	7.839957e+01	4.279958e+01	1.440273e+02
8	2.289639e-01	2.630657e+03	4.515720e+02	2.744763e+02	7.807683e+01	4.289950e+01	1.419024e+02
9	2.575844e-01	2.636777e+03	4.530442e+02	2.746875e+02	7.818021e+01	4.294244e+01	1.391344e+02
10	2.862049e-01	2.637797e+03	4.545004e+02	2.749018e+02	7.843591e+01	4.281900e+01	1.368719e+02
11	3.148254e-01	2.646971e+03	4.560172e+02	2.748954e+02	7.831631e+01	4.303354e+01	1.345979e+02
12	3.434459e-01	2.639477e+03	4.574326e+02	2.749747e+02	7.856706e+01	4.277476e+01	1.323751e+02
13	3.720664e-01	2.628766e+03	4.588429e+02	2.749016e+02	7.776061e+01	4.304298e+01	1.300486e+02
14	4.006869e-01	2.636943e+03	4.607078e+02	2.750565e+02	7.849386e+01	4.277354e+01	1.275071e+02
15	4.293074e-01	2.625099e+03	4.621367e+02	2.748118e+02	7.821318e+01	4.273423e+01	1.253606e+02
16	4.579279e-01	2.628646e+03	4.635934e+02	2.746264e+02	7.837441e+01	4.270393e+01	1.235424e+02
17	4.865484e-01	2.631518e+03	4.652240e+02	2.746368e+02	7.850801e+01	4.267785e+01	1.208655e+02
18	5.151689e-01	2.645851e+03	4.664650e+02	2.743502e+02	7.883162e+01	4.273416e+01	1.191393e+02
19	5.437894e-01	2.636054e+03	4.680167e+02	2.740885e+02	7.851062e+01	4.274999e+01	1.169823e+02
20	5.724098e-01	2.637916e+03	4.696580e+02	2.738845e+02	7.887581e+01	4.258211e+01	1.148420e+02
21	6.010303e-01	2.629278e+03	4.709301e+02	2.733748e+02	7.861717e+01	4.258231e+01	1.126270e+02
22	6.296508e-01	2.630446e+03	4.724451e+02	2.729758e+02	7.883641e+01	4.248275e+01	1.105305e+02
23	6.582713e-01	2.619270e+03	4.737473e+02	2.723877e+02	7.877656e+01	4.233439e+01	1.089727e+02
24	6.868918e-01	2.620403e+03	4.752414e+02	2.718858e+02	7.869003e+01	4.239928e+01	1.064483e+02
25	7.155123e-01	2.628506e+03	4.766540e+02	2.713642e+02	7.895206e+01	4.238923e+01	1.045982e+02
26	7.441328e-01	2.625007e+03	4.779236e+02	2.706632e+02	7.884489e+01	4.239034e+01	1.024540e+02
27	7.727533e-01	2.613337e+03	4.791790e+02	2.699647e+02	7.912719e+01	4.205134e+01	1.003011e+02
28	8.013738e-01	2.628169e+03	4.804394e+02	2.691042e+02	7.909937e+01	4.230488e+01	9.829950e+01
29	8.299943e-01	2.633002e+03	4.818376e+02	2.683002e+02	7.947682e+01	4.218138e+01	9.587984e+01
30	8.586148e-01	2.623859e+03	4.828579e+02	2.675889e+02	7.931097e+01	4.212281e+01	9.365820e+01
31	8.872353e-01	2.604052e+03	4.840338e+02	2.666469e+02	7.944291e+01	4.173540e+01	9.182847e+01
32	9.158558e-01	2.633379e+03	4.853517e+02	2.656741e+02	8.024645e+01	4.178282e+01	8.961861e+01
33	9.444762e-01	2.621638e+03	4.864777e+02	2.647658e+02	7.952448e+01	4.197416e+01	8.776850e+01
34	9.730967e-01	2.613035e+03	4.873801e+02	2.637334e+02	7.927797e+01	4.196651e+01	8.602158e+01
35	1.001717e+00	2.624674e+03	4.887256e+02	2.624312e+02	7.945094e+01	4.206166e+01	8.352450e+01
36	1.030338e+00	2.613001e+03	4.896824e+02	2.614608e+02	7.959375e+01	4.179947e+01	8.183166e+01
37	1.058958e+00	2.614821e+03	4.905764e+02	2.603862e+02	7.951899e+01	4.186790e+01	8.013987e+01
38	1.087579e+00	2.622879e+03	4.915981e+02	2.591211e+02	7.977305e+01	4.186318e+01	7.822990e+01
39	1.116199e+00	2.624083e+03	4.924535e+02	2.579178e+02	7.962636e+01	4.195955e+01	7.640268e+01
40	1.144820e+00	2.614474e+03	4.930122e+02	2.568010e+02	7.959224e+01	4.182381e+01	7.418569e+01
41	1.173440e+00	2.606596e+03	4.939921e+02	2.553984e+02	7.904409e+01	4.198696e+01	7.251897e+01
42	1.202061e+00	2.598507e+03	4.947294e+02	2.540583e+02	7.907061e+01	4.184262e+01	7.069341e+01
43	1.230681e+00	2.615348e+03	4.953274e+02	2.527200e+02	7.899321e+01	4.215507e+01	6.848132e+01
44	1.259302e+00	2.618579e+03	4.960315e+02	2.512116e+02	7.923129e+01	4.208033e+01	6.643435e+01
45	1.287922e+00	2.622458e+03	4.966882e+02	2.498198e+02	7.949964e+01	4.200040e+01	6.405505e+01
46	1.316543e+00	2.618335e+03	4.971709e+02	2.485629e+02	7.922244e+01	4.208111e+01	6.273834e+01
47	1.345163e+00	2.605350e+03	4.979889e+02	2.469674e+02	7.870312e+01	4.214871e+01	6.084427e+01
48	1.373784e+00	2.616822e+03	4.983710e+02	2.456426e+02	7.892590e+01	4.221480e+01	5.869825e+01
49	1.402404e+00	2.617507e+03	4.989368e+02	2.441307e+02	7.893132e+01	4.222295e+01	5.697492e+01
50	1.431025e+00	2.621161e+03	4.990559e+02	2.430053e+02	7.884965e+01	4.232570e+01	5.487842e+01
51	1.459645e+00	2.606977e+03	4.995273e+02	2.415051e+02	7.835252e+01	4.236375e+01	5.376010e+01
52	1.488266e+00	2.612985e+03	4.998403e+02	2.399069e+02	7.861458e+01	4.231984e+01	5.155343e+01
53	1.516886e+00	2.637829e+03	5.002518e+02	2.382547e+02	7.894902e+01	4.254122e+01	4.882877e+01
54	1.545507e+00	2.608872e+03	5.003286e+02	2.367989e+02	7.873669e+01	4.218768e+01	4.749606e+01
55	1.574127e+00	2.620172e+03	5.003318e+02	2.353926e+02	7.835738e+01	4.257553e+01	4.525603e+01
56	1.602748e+00	2.626719e+03	5.005713e+02	2.336997e+02	7.852914e+01	4.258855e+01	4.289730e+01
57	1.631368e+00	2.639780e+03	5.004650e+02	2.325423e+02	7.900264e+01	4.254379e+01	4.085471e+01
58	1.659989e+00	2.629253e+03	5.005397e+02	2.307177e+02	7.849763e+01	4.264675e+01	3.874877e+01
59	1.688609e+00	2.643377e+03	5.006813e+02	2.291493e+02	7.877460e+01	4.272509e+01	3.708371e+01
60	1.717230e+00	2.624804e+03	5.003321e+02	2.277193e+02	7.828170e+01	4.269202e+01	3.476365e+01
61	1.745850e+00	2.621225e+03	5.001635e+02	2.262482e+02	7.793596e+01	4.282294e+01	3.196571e+01
62	1.774471e+00	2.637238e+03	4.998551e+02	2.248615e+02	7.837971e+01	4.284063e+01	3.068714e+01
63	1.803091e+00	2.633907e+03	4.996666e+02	2.234536e+02	7.803735e+01	4.297423e+01	2.867266e+01
64	1.831712e+00	2.647964e+03	4.992563e+02	2.219528e+02	7.839027e+01	4.300907e+01	2.614347e+01
65	1.860332e+00	2.645707e+03	4.986535e+02	2.206584e+02	7.857057e+01	4.287381e+01	2.473470e+01
66	1.888952e+00	2.654533e+03	4.981924e+02	2.192323e+02	7.858360e+01	4.300970e+01	2.220559e+01
67	1.917573e+00	2.637668e+03	4.977156e+02	2.175800e+02	7.804411e+01	4.303186e+01	2.036431e+01
68	1.946193e+00	2.652568e+03	4.970873e+02	2.162836e+02	7.857524e+01	4.298243e+01	1.746107e+01
69	1.974814e+00	2.655284e+03	4.964713e+02	2.149436e+02	7.855872e+01	4.303548e+01	1.517995e+01
70	2.003434e+00	2.670133e+03	4.955675e+02	2.138152e+02	7.891927e+01	4.307844e+01	1.262704e+01
71	2.032055e+00	2.661385e+03	4.948544e+02	2.125138e+02	7.896280e+01	4.291363e+01	1.032488e+01
72	2.060675e+00	2.683227e+03	4.940455e+02	2.113161e+02	7.921629e+01	4.312738e+01	8.489227e+00
73	2.089296e+00	2.657934e+03	4.932578e+02	2.100443e+02	7.883187e+01	4.292916e+01	6.409943e+00
74	2.117916e+00	2.660247e+03	4.922833e+02	2.089483e+02	7.887501e+01	4.294303e+01	3.748189e+00
75	2.146537e+00	2.682462e+03	4.914062e+02	2.079395e+02	7.900179e+01	4.323215e+01	1.805379e+00
76	2.175157e+00	2.675617e+03	4.904152e+02	2.067923e+02	7.886964e+01	4.319407e+01	1.793512e+02
77	2.203778e+00	2.665015e+03	4.894998e+02	2.055094e+02	7.885330e+01	4.303184e+01	1.770622e+02
78	2.232398e+00	2.688463e+03	4.883708e+02	2.044110e+02	7.911831e+01	4.326505e+01	1.745997e+02
79	2.261019e+00	2.676603e+03	4.872127e+02	2.035153e+02	7.895938e+01	4.316089e+01	1.724998e+02
80	2.289639e+00	2.691908e+03	4.861186e+02	2.026028e+02	7.906899e+01	4.334750e+01	1.705339e+02
81	2.318260e+00	2.679106e+03	4.850278e+02	2.020489e+02	7.887046e+01	4.324995e+01	1.678208e+02
82	2.346880e+00	2.685275e+03	4.837691e+02	2.012570e+02	7.895115e+01	4.330524e+01	1.647900e+02
83	2.375501e+00	2.685104e+03	4.825401e+02	2.006003e+02	7.904620e+01	4.325040e+01	1.628938e+02
84	2.404121e+00	2.682376e+03	4.811298e+02	1.997323e+02	7.876503e+01	4.336071e+01	1.602271e+02
85	2.432742e+00	2.699549e+03	4.798448e+02	1.993259e+02	7.842861e+01	4.382550e+01	1.573628e+02
86	2.461362e+00	2.667670e+03	4.783785e+02	1.983957e+02	7.819037e+01	4.343992e+01	1.551555e+02
87	2.489983e+00	2.702174e+03	4.771287e+02	1.979909e+02	7.893079e+01	4.358902e+01	1.523832e+02
88	2.518603e+00	2.714588e+03	4.755392e+02	1.976407e+02	7.880637e+01	4.385840e+01	1.501892e+02
89	2.547224e+00	2.677773e+03	4.742813e+02	1.971855e+02	7.810896e+01	4.364988e+01	1.487138e+02
90	2.575844e+00	2.708223e+03	4.726474e+02	1.966490e+02	7.877576e+01	4.377255e+01	1.459857e+02
91	2.604465e+00	2.703503e+03	4.711643e+02	1.964429e+02	7.885377e+01	4.365303e+01	1.434814e+02
92	2.633085e+00	2.703302e+03	4.699723e+02	1.963736e+02	7.923654e+01	4.343893e+01	1.413662e+02
93	2.661706e+00	2.696889e+03	4.684541e+02	1.962073e+02	7.882635e+01	4.356139e+01	1.392233e+02
94	2.690326e+00	2.688882e+03	4.668969e+02	1.961463e+02	7.885418e+01	4.341673e+01	1.365177e+02
95	2.718947e+00	2.691352e+03	4.654739e+02	1.962257e+02	7.916392e+01	4.328658e+01	1.342929e+02
96	2.747567e+00	2.688618e+03	4.638431e+02	1.960021e+02	7.887091e+01	4.340326e+01	1.324333e+02
97	2.776188e+00	2.683942e+03	4.624721e+02	1.961861e+02	7.880905e+01	4.336178e+01	1.302246e+02
98	2.804808e+00	2.682633e+03	4.608723e+02	1.962382e+02	7.889832e+01	4.329159e+01	1.279157e+02
99	2.833429e+00	2.699022e+03	4.594323e+02	1.964745e+02	7.908045e+01	4.345576e+01	1.259317e+02
100	2.862049e+00	2.700542e+03	4.577815e+02	1.966961e+02	7.941084e+01	4.329934e+01	1.237323e+02
101	2.890670e+00	2.682114e+03	4.564465e+02	1.971406e+02	7.911883e+01	4.316259e+01	1.214266e+02
102	2.919290e+00	2.683838e+03	4.550090e+02	1.973005e+02	7.902333e+01	4.324253e+01	1.193190e+02
103	2.947911e+00	2.687742e+03	4.536208e+02	1.977608e+02	7.944827e+01	4.307381e+01	1.168731e+02
104	2.976531e+00	2.678536e+03	4.522619e+02	1.983454e+02	7.935690e+01	4.297569e+01	1.142968e+02
105	3.005152e+00	2.687285e+03	4.507099e+02	1.988214e+02	7.954353e+01	4.301491e+01	1.123895e+02
106	3.033772e+00	2.686493e+03	4.494957e+02	1.993184e+02	7.963416e+01	4.295329e+01	1.107821e+02
107	3.062393e+00	2.695320e+03	4.481505e+02	1.998746e+02	7.990118e+01	4.295041e+01	1.081712e+02
108	3.091013e+00	2.684819e+03	4.466439e+02	2.006468e+02	7.957640e+01	4.295769e+01	1.061757e+02
109	3.119634e+00	2.668493e+03	4.453979e+02	2.013568e+02	7.963766e+01	4.266362e+01	1.040810e+02
110	3.148254e+00	2.671391e+03	4.440126e+02	2.021261e+02	7.970267e+01	4.267511e+01	1.018288e+02
111	3.176875e+00	2.674263e+03	4.427028e+02	2.030565e+02	8.001318e+01	4.255520e+01	9.989912e+01
112	3.205495e+00	2.685829e+03	4.413650e+02	2.039687e+02	7.987334e+01	4.281408e+01	9.814339e+01
113	3.234116e+00	2.676903e+03	4.400883e+02	2.049518e+02	8.019764e+01	4.249925e+01	9.591711e+01
114	3.262736e+00	2.669437e+03	4.389605e+02	2.059409e+02	7.999863e+01	4.248614e+01	9.386100e+01
115	3.291357e+00	2.665573e+03	4.377811e+02	2.070446e+02	8.027623e+01	4.227794e+01	9.125990e+01
116	3.319977e+00	2.661261e+03	4.366027e+02	2.081455e+02	7.997306e+01	4.236954e+01	8.934888e+01
117	3.348598e+00	2.661246e+03	4.355064e+02	2.093315e+02	8.002524e+01	4.234169e+01	8.722022e+01
118	3.377218e+00	2.669341e+03	4.343024e+02	2.106420e+02	7.988174e+01	4.254678e+01	8.467390e+01
119	3.405839e+00	2.672732e+03	4.334354e+02	2.117359e+02	8.022989e+01	4.241597e+01	8.246732e+01
120	3.434459e+00	2.662028e+03	4.324179e+02	2.130772e+02	7.994355e+01	4.239740e+01	8.072469e+01
121	3.463080e+00	2.646014e+03	4.317261e+02	2.143656e+02	7.999000e+01	4.211789e+01	7.873645e+01
122	3.491700e+00	2.648852e+03	4.306990e+02	2.156048e+02	7.995375e+01	4.218217e+01	7.705355e+01
123	3.520321e+00	2.649739e+03	4.300195e+02	2.168422e+02	7.963607e+01	4.236463e+01	7.551384e+01
124	3.548941e+00	2.630542e+03	4.291431e+02	2.182082e+02	7.948842e+01	4.213583e+01	7.379308e+01
125	3.577562e+00	2.656793e+03	4.282906e+02	2.197749e+02	8.003633e+01	4.226497e+01	7.142020e+01
126	3.606182e+00	2.660906e+03	4.276650e+02	2.210582e+02	7.975880e+01	4.247770e+01	6.923687e+01
127	3.634803e+00	2.644945e+03	4.269394e+02	2.226123e+02	7.971048e+01	4.224850e+01	6.721132e+01
128	3.663423e+00	2.654995e+03	4.264192e+02	2.241306e+02	7.987118e+01	4.232371e+01	6.492622e+01
129	3.692044e+00	2.657746e+03	4.258954e+02	2.255482e+02	7.978749e+01	4.241199e+01	6.313703e+01
130	3.720664e+00	2.644290e+03	4.253432e+02	2.269905e+02	7.974424e+01	4.222015e+01	6.098602e+01
131	3.749284e+00	2.650861e+03	4.248976e+02	2.285658e+02	7.950381e+01	4.245307e+01	5.900565e+01
132	3.777905e+00	2.646601e+03	4.244108e+02	2.300939e+02	7.942459e+01	4.242713e+01	5.702462e+01
133	3.806525e+00	2.657115e+03	4.240053e+02	2.317830e+02	7.944205e+01	4.258631e+01	5.493042e+01
134	3.835146e+00	2.662744e+03	4.237428e+02	2.335107e+02	7.974413e+01	4.251486e+01	5.278982e+01
135	3.863766e+00	2.653559e+03	4.237155e+02	2.349763e+02	7.950178e+01	4.249737e+01	5.073462e+01
136	3.892387e+00	2.658714e+03	4.233317e+02	2.367177e+02	7.951176e+01	4.257457e+01	4.899001e+01
137	3.921007e+00	2.659385e+03	4.232445e+02	2.383572e+02	7.925035e+01	4.272580e+01	4.663115e+01
138	3.949628e+00	2.655354e+03	4.232830e+02	2.399800e+02	7.929808e+01	4.263536e+01	4.471483e+01
139	3.978248e+00	2.667285e+03	4.232440e+02	2.415941e+02	7.967977e+01	4.262177e+01	4.235021e+01
140	4.006869e+00	2.679630e+03	4.233587e+02	2.432051e+02	7.964890e+01	4.283562e+01	4.022366e+01
141	4.035489e+00	2.660650e+03	4.234324e+02	2.448863e+02	7.932701e+01	4.270480e+01	3.821243e+01
142	4.064110e+00	2.673799e+03	4.237709e+02	2.464076e+02	7.961240e+01	4.276202e+01	3.613683e+01
143	4.092730e+00	2.662953e+03	4.239637e+02	2.479583e+02	7.872222e+01	4.307014e+01	3.362192e+01
144	4.121351e+00	2.676151e+03	4.242923e+02	2.495799e+02	7.918113e+01	4.303274e+01	3.197804e+01
145	4.149971e+00	2.650902e+03	4.245443e+02	2.513663e+02	7.908741e+01	4.267725e+01	2.920539e+01
146	4.178592e+00	2.656160e+03	4.251750e+02	2.528295e+02	7.885310e+01	4.288897e+01	2.666876e+01
147	4.207212e+00	2.658723e+03	4.256362e+02	2.543223e+02	7.877222e+01	4.297443e+01	2.516995e+01
148	4.235833e+00	2.650840e+03	4.260912e+02	2.558805e+02	7.846158e+01	4.301665e+01	2.275943e+01
149	4.264453e+00	2.651722e+03	4.266990e+02	2.573777e+02	7.858888e+01	4.296126e+01	2.068033e+01
150	4.293074e+00	2.648052e+03	4.274194e+02	2.588755e+02	7.882821e+01	4.277154e+01	1.817761e+01
151	4.321694e+00	2.659470e+03	4.279080e+02	2.604833e+02	7.881166e+01	4.296500e+01	1.632133e+01
152	4.350315e+00	2.642170e+03	4.287222e+02	2.617900e+02	7.869675e+01	4.274782e+01	1.382965e+01
153	4.378935e+00	2.647436e+03	4.295478e+02	2.631095e+02	7.871701e+01	4.282201e+01	1.155459e+01
154	4.407556e+00	2.634672e+03	4.302622e+02	2.646728e+02	7.824561e+01	4.287228e+01	9.307373e+00
155	4.436176e+00	2.657070e+03	4.311627e+02	2.661290e+02	7.861489e+01	4.303366e+01	7.187347e+00
156	4.464797e+00	2.626423e+03	4.321283e+02	2.672751e+02	7.792185e+01	4.291563e+01	5.226470e+00
157	4.493417e+00	2.640824e+03	4.331773e+02	2.687655e+02	7.852786e+01	4.281795e+01	2.227127e+00
158	4.522038e+00	2.613607e+03	4.341112e+02	2.698506e+02	7.852763e+01	4.237678e+01	1.798587e+02
159	4.550658e+00	2.643526e+03	4.352918e+02	2.712599e+02	7.838181e+01	4.294162e+01	1.771581e+02
160	4.579279e+00	2.628667e+03	4.364951e+02	2.723079e+02	7.850931e+01	4.263091e+01	1.749825e+02
161	4.607899e+00	2.629253e+03	4.375905e+02	2.732069e+02	7.832479e+01	4.274087e+01	1.724092e+02
162	4.636520e+00	2.624475e+03	4.388961e+02	2.743367e+02	7.796753e+01	4.285868e+01	1.703172e+02
163	4.665140e+00	2.629699e+03	4.400241e+02	2.753310e+02	7.837360e+01	4.272149e+01	1.681120e+02
164	4.693761e+00	2.639712e+03	4.411926e+02	2.762036e+02	7.836966e+01	4.288631e+01	1.659912e+02
165	4.722381e+00	2.629717e+03	4.426346e+02	2.772388e+02	7.829079e+01	4.276698e+01	1.633246e+02
166	4.751002e+00	2.636652e+03	4.439857e+02	2.780193e+02	7.832992e+01	4.285834e+01	1.614269e+02
167	4.779622e+00	2.629606e+03	4.452153e+02	2.787720e+02	7.835074e+01	4.273244e+01	1.592493e+02
168	4.808243e+00	2.630720e+03	4.465940e+02	2.795687e+02	7.836141e+01	4.274472e+01	1.569122e+02
169	4.836863e+00	2.636644e+03	4.479143e+02	2.801532e+02	7.851815e+01	4.275546e+01	1.541947e+02
170	4.865484e+00	2.636045e+03	4.494383e+02	2.807530e+02	7.838526e+01	4.281822e+01	1.519276e+02
171	4.894104e+00	2.654952e+03	4.509162e+02	2.812526e+02	7.841421e+01	4.310941e+01	1.499151e+02
172	4.922725e+00	2.645009e+03	4.523826e+02	2.815633e+02	7.832314e+01	4.299790e+01	1.472661e+02
173	4.951345e+00	2.645652e+03	4.539661e+02	2.820763e+02	7.847922e+01	4.292282e+01	1.447778e+02
174	4.979966e+00	2.643358e+03	4.555393e+02	2.823963e+02	7.853127e+01	4.285717e+01	1.425550e+02
175	5.008586e+00	2.619498e+03	4.568918e+02	2.825607e+02	7.807774e+01	4.271702e+01	1.403025e+02
176	5.037207e+00	2.632665e+03	4.585400e+02	2.828191e+02	7.836814e+01	4.277264e+01	1.379031e+02
177	5.065827e+00	2.651528e+03	4.601211e+02	2.830973e+02	7.854749e+01	4.298075e+01	1.359020e+02
178	5.094448e+00	2.641173e+03	4.616207e+02	2.830898e+02	7.831035e+01	4.294255e+01	1.333069e+02
179	5.123068e+00	2.628885e+03	4.631293e+02	2.830598e+02	7.821791e+01	4.279328e+01	1.304784e+02
180	5.151689e+00	2.636010e+03	4.647049e+02	2.831497e+02	7.855299e+01	4.272623e+01	1.285385e+02
181	5.180309e+00	2.638622e+03	4.662398e+02	2.831893e+02	7.870753e+01	4.268457e+01	1.264292e+02
182	5.208930e+00	2.639582e+03	4.678083e+02	2.830293e+02	7.880766e+01	4.264585e+01	1.241067e+02
183	5.237550e+00	2.623058e+03	4.691427e+02	2.828461e+02	7.815853e+01	4.273087e+01	1.222277e+02
184	5.266171e+00	2.632720e+03	4.707350e+02	2.825197e+02	7.856926e+01	4.266405e+01	1.200181e+02
185	5.294791e+00	2.628847e+03	4.722155e+02	2.821021e+02	7.863974e+01	4.256311e+01	1.176361e+02
186	5.323412e+00	2.634605e+03	4.738823e+02	2.818923e+02	7.870211e+01	4.262254e+01	1.151249e+02
187	5.352032e+00	2.635370e+03	4.752664e+02	2.814348e+02	7.891141e+01	4.252183e+01	1.130228e+02
188	5.380653e+00	2.619670e+03	4.766176e+02	2.809539e+02	7.885382e+01	4.229937e+01	1.108029e+02
189	5.409273e+00	2.630438e+03	4.781761e+02	2.805043e+02	7.925372e+01	4.225893e+01	1.088338e+02
190	5.437894e+00	2.617937e+03	4.795169e+02	2.798948e+02	7.870171e+01	4.235310e+01	1.065304e+02
191	5.466514e+00	2.630143e+03	4.811157e+02	2.790397e+02	7.916236e+01	4.230295e+01	1.045276e+02
192	5.495135e+00	2.617614e+03	4.824530e+02	2.783197e+02	7.913068e+01	4.211829e+01	1.022406e+02
193	5.523755e+00	2.629466e+03	4.839391e+02	2.776285e+02	7.935483e+01	4.218950e+01	9.996581e+01
194	5.552376e+00	2.635221e+03	4.851429e+02	2.768549e+02	7.924572e+01	4.234005e+01	9.804713e+01
195	5.580996e+00	2.616587e+03	4.865515e+02	2.759695e+02	7.952582e+01	4.189259e+01	9.583934e+01
196	5.609616e+00	2.602409e+03	4.877357e+02	2.750959e+02	7.926002e+01	4.180531e+01	9.383629e+01
197	5.638237e+00	2.602548e+03	4.890281e+02	2.741114e+02	7.905890e+01	4.191391e+01	9.172957e+01
198	5.666857e+00	2.605942e+03	4.902732e+02	2.731432e+02	7.922369e+01	4.188128e+01	8.972707e+01
199	5.695478e+00	2.606104e+03	4.915292e+02	2.720966e+02	7.935336e+01	4.181543e+01	8.773978e+01
200	5.724098e+00	2.611888e+03	4.926111e+02	2.709115e+02	7.936546e+01	4.190185e+01	8.561219e+01
201	5.752719e+00	2.628411e+03	4.937849e+02	2.695932e+02	7.973926e+01	4.196925e+01	8.313113e+01
202	5.781339e+00	2.602499e+03	4.946980e+02	2.684896e+02	7.925071e+01	4.181167e+01	8.136112e+01
203	5.809960e+00	2.610596e+03	4.955104e+02	2.671542e+02	7.935725e+01	4.188544e+01	7.923954e+01
204	5.838580e+00	2.608434e+03	4.965087e+02	2.659579e+02	7.932932e+01	4.186550e+01	7.739194e+01
205	5.867201e+00	2.610761e+03	4.973399e+02	2.645832e+02	7.943391e+01	4.184767e+01	7.532343e+01
206	5.895821e+00	2.611193e+03	4.981891e+02	2.633128e+02	7.932825e+01	4.191035e+01	7.367340e+01
207	5.924442e+00	2.602863e+03	4.986422e+02	2.621792e+02	7.914406e+01	4.187387e+01	7.112891e+01
208	5.953062e+00	2.618609e+03	4.995352e+02	2.606991e+02	7.930677e+01	4.204076e+01	6.927781e+01
209	5.981683e+00	2.587662e+03	5.003485e+02	2.592052e+02	7.913754e+01	4.163274e+01	6.768210e+01
210	6.010303e+00	2.611103e+03	5.008911e+02	2.577992e+02	7.910056e+01	4.202953e+01	6.509680e+01
211	6.038924e+00	2.610239e+03	5.014754e+02	2.563899e+02	7.883572e+01	4.215677e+01	6.316474e+01
212	6.067544e+00	2.603932e+03	5.019320e+02	2.549725e+02	7.876494e+01	4.209270e+01	6.078806e+01
213	6.096165e+00	2.602797e+03	5.023886e+02	2.534872e+02	7.868419e+01	4.211753e+01	5.903630e+01
214	6.124785e+00	2.608279e+03	5.028041e+02	2.518684e+02	7.894656e+01	4.206598e+01	5.667394e+01
215	6.153406e+00	2.586428e+03	5.030919e+02	2.502927e+02	7.805247e+01	4.219139e+01	5.490155e+01
216	6.182026e+00	2.607870e+03	5.034330e+02	2.487882e+02	7.835697e+01	4.237585e+01	5.215132e+01
217	6.210647e+00	2.608670e+03	5.037335e+02	2.471832e+02	7.806413e+01	4.254787e+01	5.022253e+01
218	6.239267e+00	2.599765e+03	5.037754e+02	2.455302e+02	7.803836e+01	4.241662e+01	4.773542e+01
219	6.267888e+00	2.620812e+03	5.039332e+02	2.441102e+02	7.851324e+01	4.250139e+01	4.573896e+01
220	6.296508e+00	2.619896e+03	5.040117e+02	2.425763e+02	7.855700e+01	4.246286e+01	4.398620e+01
221	6.325129e+00	2.645101e+03	5.038047e+02	2.410668e+02	7.891569e+01	4.267652e+01	4.214193e+01
222	6.353749e+00	2.643969e+03	5.040287e+02	2.393968e+02	7.847942e+01	4.289539e+01	4.023272e+01
223	6.382370e+00	2.622146e+03	5.040750e+02	2.379500e+02	7.820658e+01	4.268977e+01	3.714168e+01
224	6.410990e+00	2.630466e+03	5.039732e+02	2.363203e+02	7.832185e+01	4.276218e+01	3.492477e+01
225	6.439611e+00	2.655460e+03	5.037628e+02	2.345090e+02	7.923904e+01	4.266882e+01	3.199593e+01
226	6.468231e+00	2.633959e+03	5.034552e+02	2.330410e+02	7.832970e+01	4.281467e+01	2.991866e+01
227	6.496852e+00	2.644847e+03	5.030547e+02	2.315319e+02	7.851465e+01	4.289038e+01	2.777668e+01
228	6.525472e+00	2.662420e+03	5.025111e+02	2.301276e+02	7.906701e+01	4.287374e+01	2.486470e+01
229	6.554093e+00	2.665220e+03	5.020728e+02	2.287932e+02	7.892844e+01	4.299418e+01	2.303501e+01
230	6.582713e+00	2.646993e+03	5.015839e+02	2.272605e+02	7.849251e+01	4.293730e+01	2.100836e+01
231	6.611334e+00	2.660216e+03	5.009644e+02	2.257977e+02	7.864773e+01	4.306663e+01	1.884154e+01
232	6.639954e+00	2.675540e+03	5.003008e+02	2.243394e+02	7.903127e+01	4.310451e+01	1.651307e+01
233	6.668575e+00	2.688102e+03	4.996927e+02	2.228675e+02	7.873951e+01	4.346735e+01	1.424541e+01
234	6.697195e+00	2.671494e+03	4.990467e+02	2.217054e+02	7.897572e+01	4.306959e+01	1.239286e+01
235	6.725816e+00	2.690013e+03	4.983095e+02	2.203356e+02	7.943720e+01	4.311621e+01	1.014320e+01
236	6.754436e+00	2.669929e+03	4.973650e+02	2.189922e+02	7.898540e+01	4.303909e+01	7.176192e+00
237	6.783057e+00	2.669653e+03	4.964177e+02	2.177569e+02	7.876723e+01	4.315384e+01	4.882617e+00
238	6.811677e+00	2.683090e+03	4.955747e+02	2.167425e+02	7.923767e+01	4.311354e+01	3.176919e+00
239	6.840298e+00	2.685305e+03	4.945862e+02	2.156247e+02	7.901005e+01	4.327343e+01	9.653071e-01
240	6.868918e+00	2.688269e+03	4.935066e+02	2.143340e+02	7.931893e+01	4.315250e+01	1.787623e+02
241	6.897539e+00	2.702107e+03	4.924085e+02	2.134838e+02	7.954934e+01	4.324900e+01	1.768091e+02
242	6.926159e+00	2.678489e+03	4.911780e+02	2.123557e+02	7.878962e+01	4.328436e+01	1.738963e+02
243	6.954780e+00	2.683027e+03	4.901212e+02	2.113597e+02	7.896629e+01	4.326068e+01	1.716381e+02
244	6.983400e+00	2.693942e+03	4.888516e+02	2.104589e+02	7.883749e+01	4.350764e+01	1.686161e+02
245	7.012021e+00	2.686382e+03	4.876040e+02	2.095298e+02	7.909818e+01	4.324256e+01	1.668049e+02
246	7.040641e+00	2.704739e+03	4.862399e+02	2.086994e+02	7.905961e+01	4.355929e+01	1.636327e+02
247	7.069262e+00	2.697390e+03	4.849919e+02	2.079261e+02	7.937659e+01	4.326746e+01	1.613922e+02
248	7.097882e+00	2.690645e+03	4.835778e+02	2.073247e+02	7.908012e+01	4.332108e+01	1.594264e+02
249	7.126503e+00	2.692063e+03	4.821673e+02	2.067041e+02	7.891280e+01	4.343580e+01	1.569217e+02
250	7.155123e+00	2.687746e+03	4.806552e+02	2.058844e+02	7.876933e+01	4.344515e+01	1.543467e+02
251	7.183744e+00	2.699718e+03	4.792079e+02	2.054813e+02	7.921422e+01	4.339357e+01	1.517268e+02
252	7.212364e+00	2.699499e+03	4.777041e+02	2.050473e+02	7.912621e+01	4.343831e+01	1.494428e+02
253	7.240985e+00	2.711791e+03	4.763246e+02	2.046365e+02	7.884612e+01	4.379112e+01	1.465276e+02
254	7.269605e+00	2.696537e+03	4.748425e+02	2.043904e+02	7.882499e+01	4.355645e+01	1.441950e+02
255	7.298226e+00	2.686503e+03	4.731825e+02	2.041266e+02	7.878540e+01	4.341619e+01	1.420457e+02
256	7.326846e+00	2.693322e+03	4.717520e+02	2.038542e+02	7.903906e+01	4.338670e+01	1.392513e+02
257	7.355467e+00	2.683195e+03	4.701794e+02	2.036997e+02	7.869859e+01	4.341057e+01	1.373853e+02
258	7.384087e+00	2.692737e+03	4.687916e+02	2.036669e+02	7.884454e+01	4.348429e+01	1.346523e+02
259	7.412707e+00	2.677968e+03	4.672274e+02	2.035495e+02	7.852647e+01	4.342096e+01	1.326382e+02
260	7.441328e+00	2.708258e+03	4.656353e+02	2.036655e+02	7.915568e+01	4.356303e+01	1.299283e+02
261	7.469948e+00	2.684717e+03	4.640099e+02	2.036846e+02	7.871811e+01	4.342442e+01	1.280697e+02
262	7.498569e+00	2.690374e+03	4.627971e+02	2.040089e+02	7.894821e+01	4.338909e+01	1.252217e+02
263	7.527189e+00	2.685166e+03	4.611810e+02	2.042571e+02	7.869216e+01	4.344600e+01	1.228559e+02
264	7.555810e+00	2.687015e+03	4.596642e+02	2.045225e+02	7.903284e+01	4.328851e+01	1.206230e+02
265	7.584430e+00	2.681779e+03	4.581615e+02	2.049315e+02	7.889465e+01	4.327983e+01	1.191355e+02
266	7.613051e+00	2.692298e+03	4.566153e+02	2.054110e+02	7.924555e+01	4.325719e+01	1.165771e+02
267	7.641671e+00	2.694658e+03	4.552595e+02	2.060060e+02	7.947620e+01	4.316946e+01	1.143281e+02
268	7.670292e+00	2.682274e+03	4.536908e+02	2.065569e+02	7.919077e+01	4.312595e+01	1.118740e+02
269	7.698912e+00	2.660473e+03	4.522858e+02	2.071339e+02	7.920947e+01	4.276534e+01	1.094355e+02
270	7.727533e+00	2.681764e+03	4.507986e+02	2.078412e+02	7.957994e+01	4.290689e+01	1.073167e+02
271	7.756153e+00	2.656468e+03	4.495358e+02	2.084230e+02	7.925638e+01	4.267569e+01	1.055231e+02
272	7.784774e+00	2.681068e+03	4.479907e+02	2.091949e+02	7.974570e+01	4.280659e+01	1.031662e+02
273	7.813394e+00	2.668843e+03	4.467616e+02	2.100582e+02	7.975309e+01	4.260746e+01	1.009899e+02
274	7.842015e+00	2.674066e+03	4.454993e+02	2.109761e+02	7.957602e+01	4.278583e+01	9.891026e+01
275	7.870635e+00	2.680124e+03	4.440324e+02	2.118386e+02	7.984990e+01	4.273568e+01	9.705522e+01
276	7.899256e+00	2.678622e+03	4.426791e+02	2.127834e+02	7.989925e+01	4.268534e+01	9.467747e+01
277	7.927876e+00	2.672833e+03	4.415970e+02	2.138451e+02	8.018067e+01	4.244361e+01	9.231981e+01
278	7.956497e+00	2.673599e+03	4.403266e+02	2.149911e+02	8.019761e+01	4.244681e+01	9.016525e+01
279	7.985117e+00	2.667544e+03	4.392232e+02	2.161071e+02	8.005122e+01	4.242812e+01	8.829321e+01
280	8.013738e+00	2.673027e+03	4.379194e+02	2.173192e+02	8.028578e+01	4.239112e+01	8.580135e+01
281	8.042358e+00	2.667622e+03	4.368402e+02	2.185107e+02	8.017585e+01	4.236341e+01	8.400180e+01
282	8.070979e+00	2.672247e+03	4.359268e+02	2.198147e+02	8.015343e+01	4.244872e+01	8.165414e+01
283	8.099599e+00	2.648577e+03	4.350704e+02	2.210879e+02	7.984528e+01	4.223510e+01	7.970016e+01
284	8.128220e+00	2.645455e+03	4.341371e+02	2.225395e+02	7.960509e+01	4.231260e+01	7.808342e+01
285	8.156840e+00	2.657402e+03	4.329852e+02	2.240065e+02	7.970196e+01	4.245201e+01	7.556330e+01
286	8.185461e+00	2.654414e+03	4.323116e+02	2.253703e+02	7.966781e+01	4.242246e+01	7.367660e+01
287	8.214081e+00	2.647361e+03	4.315029e+02	2.268352e+02	7.981216e+01	4.223322e+01	7.212608e+01
288	8.242702e+00	2.643191e+03	4.308922e+02	2.283065e+02	7.949936e+01	4.233261e+01	7.022755e+01
289	8.271322e+00	2.646285e+03	4.301531e+02	2.297714e+02	7.982285e+01	4.221041e+01	6.801338e+01
290	8.299943e+00	2.651872e+03	4.296043e+02	2.312874e+02	7.977455e+01	4.232513e+01	6.584750e+01
291	8.328563e+00	2.652859e+03	4.290383e+02	2.329861e+02	7.976130e+01	4.234791e+01	6.383401e+01
292	8.357184e+00	2.645549e+03	4.284987e+02	2.345482e+02	7.965581e+01	4.228716e+01	6.157003e+01
293	8.385804e+00	2.661935e+03	4.279199e+02	2.361867e+02	7.985829e+01	4.244119e+01	5.987688e+01
294	8.414425e+00	2.639995e+03	4.274158e+02	2.374768e+02	7.909653e+01	4.249676e+01	5.857595e+01
295	8.443045e+00	2.645485e+03	4.270697e+02	2.392564e+02	7.934176e+01	4.245351e+01	5.592746e+01
296	8.471666e+00	2.650216e+03	4.267724e+02	2.408242e+02	7.924426e+01	4.258176e+01	5.421281e+01
297	8.500286e+00	2.654489e+03	4.264266e+02	2.425009e+02	7.956433e+01	4.247884e+01	5.198747e+01
298	8.528907e+00	2.661843e+03	4.261238e+02	2.441882e+02	7.911147e+01	4.284036e+01	4.970958e+01
299	8.557527e+00	2.648097e+03	4.260124e+02	2.458362e+02	7.934531e+01	4.249353e+01	4.784951e+01
300	8.586148e+00	2.661331e+03	4.259687e+02	2.474632e+02	7.922479e+01	4.277085e+01	4.521263e+01
301	8.614768e+00	2.655664e+03	4.258729e+02	2.490790e+02	7.922964e+01	4.267717e+01	4.332061e+01
302	8.643389e+00	2.662202e+03	4.259787e+02	2.508430e+02	7.913032e+01	4.283593e+01	4.073753e+01
303	8.672009e+00	2.666391e+03	4.260790e+02	2.525214e+02	7.927030e+01	4.282756e+01	3.910592e+01
304	8.700630e+00	2.661228e+03	4.262157e+02	2.541840e+02	7.907642e+01	4.284944e+01	3.641957e+01
305	8.729250e+00	2.666060e+03	4.264602e+02	2.557350e+02	7.911410e+01	4.290680e+01	3.451977e+01
306	8.757871e+00	2.662387e+03	4.267121e+02	2.573168e+02	7.913020e+01	4.283898e+01	3.281509e+01
307	8.786491e+00	2.653597e+03	4.269489e+02	2.588231e+02	7.907327e+01	4.272827e+01	3.047055e+01
308	8.815112e+00	2.634193e+03	4.273932e+02	2.602818e+02	7.841355e+01	4.277270e+01	2.852015e+01
309	8.843732e+00	2.650254e+03	4.277250e+02	2.619533e+02	7.848827e+01	4.299251e+01	2.619373e+01
310	8.872353e+00	2.649986e+03	4.281821e+02	2.638089e+02	7.899808e+01	4.271075e+01	2.379411e+01
311	8.900973e+00	2.643794e+03	4.286401e+02	2.653665e+02	7.846808e+01	4.289876e+01	2.178452e+01
312	8.929594e+00	2.639008e+03	4.292166e+02	2.669045e+02	7.880015e+01	4.264064e+01	1.986879e+01
313	8.958214e+00	2.638651e+03	4.299651e+02	2.684709e+02	7.872564e+01	4.267522e+01	1.707387e+01
314	8.986835e+00	2.620629e+03	4.307486e+02	2.701208e+02	7.805856e+01	4.274597e+01	1.484963e+01
315	9.015455e+00	2.634429e+03	4.314767e+02	2.713326e+02	7.830342e+01	4.283669e+01	1.231800e+01
316	9.044076e+00	2.631685e+03	4.322584e+02	2.727985e+02	7.823213e+01	4.283106e+01	1.000467e+01
317	9.072696e+00	2.631751e+03	4.332450e+02	2.742465e+02	7.853596e+01	4.266644e+01	7.630146e+00
318	9.101317e+00	2.634388e+03	4.340395e+02	2.755766e+02	7.820414e+01	4.289040e+01	5.198127e+00
319	9.129937e+00	2.627180e+03	4.350453e+02	2.767590e+02	7.864473e+01	4.253342e+01	3.014028e+00
320	9.158558e+00	2.622229e+03	4.361630e+02	2.779565e+02	7.826558e+01	4.265892e+01	6.326190e-01
321	9.187178e+00	2.634499e+03	4.371447e+02	2.793295e+02	7.870928e+01	4.261694e+01	1.781611e+02
322	9.215799e+00	2.631774e+03	4.382806e+02	2.804369e+02	7.844414e+01	4.271675e+01	1.757213e+02
323	9.244419e+00	2.620070e+03	4.394654e+02	2.813875e+02	7.828030e+01	4.261579e+01	1.734827e+02
324	9.273039e+00	2.635499e+03	4.407031e+02	2.824577e+02	7.840452e+01	4.279882e+01	1.702283e+02
325	9.301660e+00	2.618522e+03	4.420578e+02	2.834053e+02	7.830394e+01	4.257774e+01	1.679694e+02
326	9.330280e+00	2.638480e+03	4.433232e+02	2.844819e+02	7.881025e+01	4.262665e+01	1.658292e+02
327	9.358901e+00	2.626181e+03	4.446973e+02	2.852776e+02	7.823388e+01	4.274052e+01	1.630150e+02
328	9.387521e+00	2.648563e+03	4.460483e+02	2.859905e+02	7.890754e+01	4.273679e+01	1.613270e+02
329	9.416142e+00	2.632209e+03	4.475613e+02	2.867262e+02	7.837957e+01	4.275901e+01	1.580705e+02
330	9.444762e+00	2.639664e+03	4.489383e+02	2.873390e+02	7.874509e+01	4.268106e+01	1.560643e+02
331	9.473383e+00	2.639224e+03	4.502964e+02	2.879301e+02	7.863686e+01	4.273269e+01	1.533014e+02
332	9.502003e+00	2.630088e+03	4.517935e+02	2.885610e+02	7.833356e+01	4.274965e+01	1.506738e+02
333	9.530624e+00	2.643155e+03	4.534091e+02	2.889714e+02	7.849182e+01	4.287542e+01	1.483082e+02
334	9.559244e+00	2.627095e+03	4.549904e+02	2.895774e+02	7.828864e+01	4.272550e+01	1.460314e+02
335	9.587865e+00	2.623442e+03	4.564092e+02	2.900130e+02	7.837024e+01	4.262167e+01	1.438544e+02
336	9.616485e+00	2.645354e+03	4.578531e+02	2.899365e+02	7.874620e+01	4.277248e+01	1.409220e+02
337	9.645106e+00	2.625865e+03	4.595221e+02	2.902203e+02	7.807677e+01	4.282138e+01	1.387124e+02
338	9.673726e+00	2.632592e+03	4.612000e+02	2.904480e+02	7.847300e+01	4.271431e+01	1.358746e+02
339	9.702347e+00	2.641747e+03	4.626989e+02	2.903414e+02	7.859315e+01	4.279733e+01	1.335424e+02
340	9.730967e+00	2.618983e+03	4.643928e+02	2.904377e+02	7.790361e+01	4.280408e+01	1.309653e+02
341	9.759588e+00	2.625523e+03	4.660345e+02	2.904162e+02	7.834545e+01	4.266896e+01	1.286531e+02
342	9.788208e+00	2.625472e+03	4.675122e+02	2.902323e+02	7.873051e+01	4.245947e+01	1.264755e+02
343	9.816829e+00	2.627925e+03	4.690374e+02	2.900849e+02	7.853574e+01	4.260452e+01	1.235258e+02
344	9.845449e+00	2.620193e+03	4.706651e+02	2.898219e+02	7.837312e+01	4.256731e+01	1.213365e+02
345	9.874070e+00	2.629386e+03	4.723308e+02	2.895254e+02	7.863560e+01	4.257407e+01	1.188050e+02
346	9.902690e+00	2.621813e+03	4.738225e+02	2.890613e+02	7.882597e+01	4.234894e+01	1.161450e+02
347	9.931311e+00	2.624431e+03	4.753138e+02	2.886502e+02	7.909162e+01	4.224885e+01	1.141193e+02
348	9.959931e+00	2.627005e+03	4.768936e+02	2.880810e+02	7.876283e+01	4.246682e+01	1.114974e+02
349	9.988552e+00	2.632577e+03	4.782310e+02	2.875149e+02	7.917426e+01	4.233574e+01	1.092310e+02
350	1.001717e+01	2.633483e+03	4.798481e+02	2.869124e+02	7.945748e+01	4.219936e+01	1.070397e+02
351	1.004579e+01	2.618095e+03	4.812352e+02	2.861643e+02	7.876490e+01	4.232166e+01	1.051868e+02
352	1.007441e+01	2.621946e+03	4.827170e+02	2.855525e+02	7.905688e+01	4.222739e+01	1.027935e+02
353	1.010303e+01	2.619799e+03	4.841088e+02	2.847357e+02	7.923593e+01	4.209746e+01	1.004793e+02
354	1.013165e+01	2.613604e+03	4.854339e+02	2.837307e+02	7.935388e+01	4.193549e+01	9.794434e+01
355	1.016027e+01	2.622165e+03	4.867170e+02	2.828435e+02	7.935486e+01	4.207234e+01	9.606188e+01
356	1.018890e+01	2.617725e+03	4.881445e+02	2.819298e+02	7.934909e+01	4.200415e+01	9.385395e+01
357	1.021752e+01	2.610195e+03	4.892957e+02	2.809772e+02	7.917855e+01	4.197353e+01	9.168278e+01
358	1.024614e+01	2.611720e+03	4.904709e+02	2.799510e+02	7.962918e+01	4.176038e+01	8.942529e+01
359	1.027476e+01	2.609783e+03	4.916201e+02	2.789262e+02	7.928822e+01	4.190886e+01	8.740607e+01
360	1.030338e+01	2.609195e+03	4.927729e+02	2.778313e+02	7.960361e+01	4.173341e+01	8.528749e+01
361	1.033200e+01	2.623656e+03	4.938620e+02	2.766415e+02	7.976975e+01	4.187731e+01	8.311738e+01
362	1.036062e+01	2.617478e+03	4.949166e+02	2.754289e+02	7.978197e+01	4.177230e+01	8.108559e+01
363	1.038924e+01	2.614962e+03	4.960526e+02	2.741414e+02	7.963596e+01	4.180867e+01	7.912813e+01
364	1.041786e+01	2.590231e+03	4.969259e+02	2.728458e+02	7.921645e+01	4.163257e+01	7.717352e+01
365	1.044648e+01	2.617584e+03	4.977477e+02	2.715293e+02	7.942921e+01	4.195951e+01	7.489816e+01
366	1.047510e+01	2.617169e+03	4.984812e+02	2.701917e+02	7.937273e+01	4.198273e+01	7.271345e+01
367	1.050372e+01	2.588765e+03	4.994514e+02	2.685466e+02	7.899146e+01	4.172752e+01	7.113541e+01
368	1.053234e+01	2.605687e+03	5.000706e+02	2.674173e+02	7.939880e+01	4.178481e+01	6.866852e+01
369	1.056096e+01	2.571688e+03	5.008488e+02	2.659026e+02	7.860590e+01	4.165558e+01	6.733022e+01
370	1.058958e+01	2.606031e+03	5.014318e+02	2.646090e+02	7.933033e+01	4.182640e+01	6.497417e+01
371	1.061820e+01	2.600630e+03	5.021312e+02	2.629536e+02	7.905800e+01	4.188349e+01	6.272665e+01
372	1.064682e+01	2.609879e+03	5.026007e+02	2.615814e+02	7.895322e+01	4.208823e+01	6.031490e+01
373	1.067544e+01	2.612947e+03	5.030886e+02	2.599556e+02	7.905618e+01	4.208283e+01	5.803360e+01
374	1.070406e+01	2.622630e+03	5.032793e+02	2.584665e+02	7.879475e+01	4.237891e+01	5.562823e+01
375	1.073268e+01	2.610137e+03	5.037526e+02	2.567271e+02	7.848357e+01	4.234427e+01	5.372132e+01
376	1.076131e+01	2.605036e+03	5.039955e+02	2.552842e+02	7.883053e+01	4.207551e+01	5.217498e+01
377	1.078993e+01	2.610425e+03	5.043380e+02	2.537489e+02	7.831945e+01	4.243769e+01	4.954173e+01
378	1.081855e+01	2.627739e+03	5.046047e+02	2.521860e+02	7.858716e+01	4.257364e+01	4.728329e+01
379	1.084717e+01	2.602541e+03	5.045470e+02	2.507346e+02	7.835191e+01	4.229200e+01	4.535780e+01
380	1.087579e+01	2.618827e+03	5.044791e+02	2.493591e+02	7.808175e+01	4.270388e+01	4.294263e+01
381	1.090441e+01	2.617792e+03	5.046597e+02	2.475029e+02	7.812972e+01	4.266080e+01	4.079128e+01
382	1.093303e+01	2.637149e+03	5.046350e+02	2.461118e+02	7.851412e+01	4.276584e+01	3.833235e+01
383	1.096165e+01	2.640743e+03	5.045826e+02	2.443523e+02	7.873042e+01	4.270647e+01	3.602230e+01
384	1.099027e+01	2.622031e+03	5.045305e+02	2.427791e+02	7.838801e+01	4.258909e+01	3.441837e+01
385	1.101889e+01	2.631866e+03	5.041018e+02	2.413298e+02	7.824012e+01	4.282964e+01	3.147781e+01
386	1.104751e+01	2.648904e+03	5.040350e+02	2.396236e+02	7.896117e+01	4.271326e+01	3.004490e+01
387	1.107613e+01	2.663083e+03	5.036604e+02	2.381124e+02	7.906728e+01	4.288427e+01	2.787330e+01
388	1.110475e+01	2.648589e+03	5.033229e+02	2.363096e+02	7.872404e+01	4.283683e+01	2.500459e+01
389	1.113337e+01	2.647295e+03	5.028141e+02	2.350040e+02	7.864052e+01	4.286137e+01	2.313475e+01
390	1.116199e+01	2.672930e+03	5.023030e+02	2.338376e+02	7.905112e+01	4.305165e+01	2.179712e+01
391	1.119061e+01	2.665563e+03	5.019054e+02	2.322413e+02	7.909763e+01	4.290774e+01	1.889543e+01
392	1.121923e+01	2.669250e+03	5.013947e+02	2.307502e+02	7.884382e+01	4.310541e+01	1.659508e+01
393	1.124785e+01	2.672013e+03	5.006719e+02	2.295224e+02	7.892890e+01	4.310351e+01	1.473809e+01
394	1.127647e+01	2.708113e+03	4.997876e+02	2.284062e+02	7.949290e+01	4.337590e+01	1.303289e+01
395	1.130509e+01	2.670313e+03	4.992222e+02	2.265818e+02	7.856658e+01	4.327473e+01	9.814817e+00
396	1.133371e+01	2.670570e+03	4.982772e+02	2.255066e+02	7.930122e+01	4.287798e+01	7.305350e+00
397	1.136234e+01	2.675909e+03	4.973732e+02	2.242441e+02	7.937784e+01	4.292223e+01	5.472404e+00
398	1.139096e+01	2.693098e+03	4.963336e+02	2.230393e+02	7.912536e+01	4.333578e+01	3.011491e+00
399	1.141958e+01	2.685264e+03	4.953912e+02	2.216904e+02	7.890300e+01	4.333149e+01	7.274989e-01
400	1.144820e+01	2.670997e+03	4.943250e+02	2.204634e+02	7.908024e+01	4.300467e+01	1.782218e+02
401	1.147682e+01	2.703859e+03	4.931486e+02	2.196943e+02	7.940203e+01	4.335734e+01	1.760505e+02
402	1.150544e+01	2.693115e+03	4.920652e+02	2.186609e+02	7.904437e+01	4.338046e+01	1.730253e+02
403	1.153406e+01	2.684862e+03	4.909221e+02	2.177208e+02	7.920791e+01	4.315822e+01	1.705692e+02
404	1.156268e+01	2.692756e+03	4.896286e+02	2.168942e+02	7.914211e+01	4.332111e+01	1.680063e+02
405	1.159130e+01	2.695638e+03	4.882800e+02	2.159172e+02	7.925576e+01	4.330527e+01	1.657766e+02
406	1.161992e+01	2.687432e+03	4.871864e+02	2.150671e+02	7.919601e+01	4.320603e+01	1.632041e+02
407	1.164854e+01	2.679389e+03	4.856525e+02	2.142842e+02	7.850542e+01	4.345565e+01	1.606698e+02
408	1.167716e+01	2.687774e+03	4.844239e+02	2.137540e+02	7.909982e+01	4.326408e+01	1.584683e+02
409	1.170578e+01	2.700830e+03	4.829375e+02	2.130598e+02	7.913981e+01	4.345225e+01	1.559317e+02
410	1.173440e+01	2.701454e+03	4.815631e+02	2.126431e+02	7.912112e+01	4.347256e+01	1.531250e+02
411	1.176302e+01	2.700511e+03	4.799502e+02	2.121027e+02	7.911175e+01	4.346254e+01	1.505595e+02
412	1.179164e+01	2.704249e+03	4.783997e+02	2.119283e+02	7.908392e+01	4.353801e+01	1.484376e+02
413	1.182026e+01	2.698042e+03	4.767661e+02	2.115033e+02	7.886798e+01	4.355702e+01	1.451606e+02
414	1.184888e+01	2.680516e+03	4.753411e+02	2.112400e+02	7.870594e+01	4.336317e+01	1.430190e+02
415	1.187750e+01	2.686363e+03	4.738791e+02	2.110683e+02	7.877232e+01	4.342113e+01	1.403211e+02
416	1.190612e+01	2.690732e+03	4.722709e+02	2.110154e+02	7.892199e+01	4.340927e+01	1.375943e+02
417	1.193475e+01	2.702295e+03	4.708657e+02	2.108981e+02	7.908160e+01	4.350783e+01	1.350971e+02
418	1.196337e+01	2.693308e+03	4.693380e+02	2.110896e+02	7.901215e+01	4.340126e+01	1.328122e+02
419	1.199199e+01	2.692502e+03	4.678780e+02	2.111521e+02	7.906107e+01	4.336141e+01	1.303865e+02
420	1.202061e+01	2.684417e+03	4.660941e+02	2.112081e+02	7.912688e+01	4.319526e+01	1.274564e+02
421	1.204923e+01	2.689434e+03	4.645300e+02	2.115025e+02	7.929939e+01	4.318184e+01	1.250491e+02
422	1.207785e+01	2.682776e+03	4.629602e+02	2.117788e+02	7.895988e+01	4.326015e+01	1.223718e+02
423	1.210647e+01	2.699068e+03	4.614424e+02	2.121890e+02	7.899455e+01	4.350375e+01	1.200196e+02
424	1.213509e+01	2.683821e+03	4.598744e+02	2.125952e+02	7.883954e+01	4.334306e+01	1.173215e+02
425	1.216371e+01	2.680676e+03	4.582896e+02	2.131847e+02	7.900117e+01	4.320370e+01	1.154171e+02
426	1.219233e+01	2.677367e+03	4.568236e+02	2.136073e+02	7.920486e+01	4.303939e+01	1.129596e+02
427	1.222095e+01	2.672491e+03	4.554459e+02	2.142478e+02	7.925984e+01	4.293122e+01	1.108921e+02
428	1.224957e+01	2.677861e+03	4.539896e+02	2.149016e+02	7.931494e+01	4.298759e+01	1.081590e+02
429	1.227819e+01	2.670694e+03	4.525935e+02	2.157063e+02	7.958342e+01	4.272791e+01	1.059596e+02
430	1.230681e+01	2.672099e+03	4.511865e+02	2.165308e+02	7.954582e+01	4.277060e+01	1.037149e+02
431	1.233543e+01	2.680147e+03	4.496049e+02	2.175219e+02	8.004615e+01	4.263128e+01	1.009497e+02
432	1.236405e+01	2.654859e+03	4.485088e+02	2.185216e+02	7.980017e+01	4.235920e+01	9.855370e+01
433	1.239267e+01	2.659325e+03	4.470529e+02	2.194186e+02	7.979108e+01	4.243529e+01	9.640524e+01
434	1.242129e+01	2.658159e+03	4.457228e+02	2.203967e+02	7.943504e+01	4.260681e+01	9.437727e+01
435	1.244991e+01	2.667105e+03	4.444289e+02	2.215556e+02	8.003908e+01	4.242757e+01	9.205434e+01
436	1.247853e+01	2.646232e+03	4.434854e+02	2.225436e+02	7.937785e+01	4.244618e+01	9.039571e+01
437	1.250716e+01	2.672719e+03	4.420716e+02	2.238129e+02	8.034735e+01	4.235375e+01	8.762464e+01
438	1.253578e+01	2.667556e+03	4.409814e+02	2.250810e+02	8.034090e+01	4.227533e+01	8.545971e+01
439	1.256440e+01	2.650261e+03	4.398443e+02	2.262335e+02	7.980240e+01	4.228466e+01	8.390195e+01
440	1.259302e+01	2.646542e+03	4.391784e+02	2.275429e+02	7.975800e+01	4.224883e+01	8.186950e+01
441	1.262164e+01	2.658528e+03	4.379857e+02	2.288758e+02	8.022814e+01	4.219146e+01	7.935609e+01
442	1.265026e+01	2.638144e+03	4.371862e+02	2.302223e+02	7.932575e+01	4.234425e+01	7.757051e+01
443	1.267888e+01	2.648113e+03	4.363912e+02	2.315967e+02	7.983758e+01	4.223177e+01	7.547814e+01
444	1.270750e+01	2.625614e+03	4.355056e+02	2.330978e+02	7.932243e+01	4.214489e+01	7.338940e+01
445	1.273612e+01	2.637723e+03	4.345882e+02	2.345576e+02	7.962997e+01	4.217575e+01	7.156371e+01
446	1.276474e+01	2.642957e+03	4.339068e+02	2.359844e+02	7.967347e+01	4.223637e+01	6.920205e+01
447	1.279336e+01	2.646531e+03	4.332977e+02	2.374247e+02	7.939269e+01	4.244305e+01	6.751065e+01
448	1.282198e+01	2.642149e+03	4.326493e+02	2.391210e+02	7.943967e+01	4.234771e+01	6.514002e+01
449	1.285060e+01	2.653973e+03	4.320854e+02	2.405641e+02	7.960007e+01	4.245151e+01	6.271747e+01
450	1.287922e+01	2.643873e+03	4.316862e+02	2.421846e+02	7.939886e+01	4.239713e+01	6.073764e+01
451	1.290784e+01	2.652147e+03	4.312495e+02	2.438584e+02	7.959711e+01	4.242387e+01	5.841202e+01
452	1.293646e+01	2.641625e+03	4.308630e+02	2.455191e+02	7.901443e+01	4.256717e+01	5.672359e+01
453	1.296508e+01	2.647586e+03	4.303671e+02	2.471562e+02	7.957811e+01	4.236103e+01	5.437150e+01
454	1.299370e+01	2.646308e+03	4.300006e+02	2.488542e+02	7.931474e+01	4.248119e+01	5.247886e+01
455	1.302232e+01	2.651866e+03	4.297765e+02	2.505563e+02	7.934193e+01	4.255581e+01	5.030997e+01
456	1.305094e+01	2.645999e+03	4.297596e+02	2.520828e+02	7.917117e+01	4.255326e+01	4.795334e+01
457	1.307956e+01	2.643606e+03	4.297103e+02	2.536300e+02	7.899203e+01	4.261118e+01	4.573186e+01
458	1.310819e+01	2.656239e+03	4.296258e+02	2.554211e+02	7.907847e+01	4.276801e+01	4.347754e+01
459	1.313681e+01	2.655577e+03	4.298181e+02	2.569741e+02	7.911421e+01	4.273803e+01	4.114030e+01
460	1.316543e+01	2.656972e+03	4.300196e+02	2.585998e+02	7.909332e+01	4.277178e+01	3.873073e+01
461	1.319405e+01	2.646606e+03	4.302561e+02	2.601796e+02	7.909656e+01	4.260317e+01	3.627528e+01
462	1.322267e+01	2.646130e+03	4.303907e+02	2.618975e+02	7.897314e+01	4.266206e+01	3.424522e+01
463	1.325129e+01	2.641639e+03	4.306733e+02	2.636035e+02	7.881677e+01	4.267416e+01	3.197096e+01
464	1.327991e+01	2.641599e+03	4.310135e+02	2.651158e+02	7.862515e+01	4.277750e+01	2.984915e+01
465	1.330853e+01	2.652032e+03	4.314106e+02	2.667344e+02	7.887160e+01	4.281226e+01	2.720039e+01
466	1.333715e+01	2.642080e+03	4.319174e+02	2.683354e+02	7.846191e+01	4.287432e+01	2.527723e+01
467	1.336577e+01	2.627930e+03	4.323646e+02	2.698305e+02	7.855627e+01	4.259347e+01	2.259602e+01
468	1.339439e+01	2.625820e+03	4.328954e+02	2.714558e+02	7.818768e+01	4.275990e+01	2.047721e+01
469	1.342301e+01	2.637572e+03	4.336147e+02	2.728434e+02	7.853875e+01	4.275929e+01	1.795099e+01
470	1.345163e+01	2.634660e+03	4.341760e+02	2.744124e+02	7.838821e+01	4.279410e+01	1.524761e+01
471	1.348025e+01	2.628480e+03	4.349968e+02	2.758753e+02	7.837238e+01	4.270236e+01	1.374879e+01
472	1.350887e+01	2.632253e+03	4.356388e+02	2.773214e+02	7.829916e+01	4.280364e+01	1.087201e+01
473	1.353749e+01	2.639636e+03	4.364547e+02	2.784753e+02	7.821220e+01	4.297142e+01	8.350689e+00
474	1.356611e+01	2.637829e+03	4.374844e+02	2.798254e+02	7.843028e+01	4.282259e+01	5.862309e+00
475	1.359473e+01	2.641353e+03	4.384747e+02	2.810463e+02	7.835336e+01	4.292190e+01	3.738842e+00
476	1.362335e+01	2.632887e+03	4.394904e+02	2.825030e+02	7.833450e+01	4.279462e+01	1.369020e+00
477	1.365197e+01	2.632689e+03	4.405759e+02	2.835866e+02	7.825160e+01	4.283674e+01	1.788797e+02
478	1.368060e+01	2.634755e+03	4.417825e+02	2.847888e+02	7.860464e+01	4.267781e+01	1.763525e+02
479	1.370922e+01	2.630562e+03	4.431038e+02	2.858387e+02	7.854291e+01	4.264338e+01	1.737719e+02
480	1.373784e+01	2.644978e+03	4.442344e+02	2.867087e+02	7.899554e+01	4.263140e+01	1.712373e+02
481	1.376646e+01	2.641852e+03	4.455536e+02	2.877378e+02	7.832884e+01	4.294345e+01	1.686030e+02
482	1.379508e+01	2.619127e+03	4.467428e+02	2.884509e+02	7.850840e+01	4.247668e+01	1.661879e+02
483	1.382370e+01	2.629955e+03	4.481464e+02	2.894312e+02	7.871098e+01	4.254252e+01	1.638992e+02
484	1.385232e+01	2.631364e+03	4.495000e+02	2.902728e+02	7.839399e+01	4.273742e+01	1.613487e+02
485	1.388094e+01	2.632127e+03	4.509213e+02	2.909634e+02	7.827428e+01	4.281519e+01	1.585115e+02
486	1.390956e+01	2.638230e+03	4.524001e+02	2.917410e+02	7.846181e+01	4.281189e+01	1.556245e+02
487	1.393818e+01	2.627873e+03	4.537561e+02	2.923464e+02	7.818200e+01	4.279644e+01	1.530955e+02
488	1.396680e+01	2.640006e+03	4.552627e+02	2.927757e+02	7.843134e+01	4.285735e+01	1.512981e+02
489	1.399542e+01	2.631342e+03	4.566233e+02	2.931771e+02	7.824297e+01	4.281955e+01	1.483754e+02
490	1.402404e+01	2.649954e+03	4.583629e+02	2.936731e+02	7.858154e+01	4.293662e+01	1.458300e+02
491	1.405266e+01	2.632218e+03	4.596325e+02	2.940054e+02	7.821548e+01	4.284886e+01	1.436609e+02
492	1.408128e+01	2.631238e+03	4.613578e+02	2.942337e+02	7.810234e+01	4.289495e+01	1.411535e+02
493	1.410990e+01	2.629284e+03	4.628526e+02	2.944577e+02	7.844019e+01	4.267849e+01	1.382084e+02
494	1.413852e+01	2.616588e+03	4.645593e+02	2.946340e+02	7.808400e+01	4.266615e+01	1.355832e+02
495	1.416714e+01	2.617293e+03	4.661616e+02	2.947781e+02	7.805753e+01	4.269211e+01	1.330210e+02
496	1.419576e+01	2.636020e+03	4.677845e+02	2.948376e+02	7.840524e+01	4.280690e+01	1.310511e+02
497	1.422438e+01	2.621714e+03	4.692918e+02	2.946572e+02	7.812249e+01	4.272866e+01	1.283988e+02
498	1.425301e+01	2.618522e+03	4.708544e+02	2.945903e+02	7.816560e+01	4.265311e+01	1.263624e+02
499	1.428163e+01	2.626904e+03	4.724631e+02	2.944319e+02	7.840886e+01	4.265689e+01	1.237963e+02
500	1.431025e+01	2.611500e+03	4.738531e+02	2.938904e+02	7.825341e+01	4.249099e+01	1.207048e+02
501	1.433887e+01	2.617248e+03	4.754146e+02	2.935576e+02	7.842063e+01	4.249371e+01	1.182704e+02
502	1.436749e+01	2.633386e+03	4.769691e+02	2.930851e+02	7.892759e+01	4.248110e+01	1.159763e+02
503	1.439611e+01	2.614534e+03	4.785607e+02	2.927149e+02	7.872574e+01	4.228512e+01	1.135280e+02
504	1.442473e+01	2.617974e+03	4.798351e+02	2.921878e+02	7.877068e+01	4.231662e+01	1.112767e+02
505	1.445335e+01	2.631123e+03	4.814355e+02	2.916858e+02	7.917877e+01	4.230994e+01	1.087239e+02
506	1.448197e+01	2.615299e+03	4.827898e+02	2.910952e+02	7.894682e+01	4.217906e+01	1.058313e+02
507	1.451059e+01	2.621250e+03	4.841154e+02	2.903278e+02	7.890656e+01	4.229660e+01	1.039433e+02
508	1.453921e+01	2.604029e+03	4.855814e+02	2.896801e+02	7.914715e+01	4.189099e+01	1.015983e+02
509	1.456783e+01	2.622370e+03	4.869402e+02	2.887452e+02	7.908372e+01	4.221988e+01	9.931600e+01
510	1.459645e+01	2.603162e+03	4.883382e+02	2.878950e+02	7.904825e+01	4.192944e+01	9.691319e+01
511	1.462507e+01	2.617404e+03	4.894363e+02	2.869495e+02	7.961550e+01	4.185847e+01	9.484245e+01
512	1.465369e+01	2.617523e+03	4.908217e+02	2.861140e+02	7.939945e+01	4.197427e+01	9.279156e+01
513	1.468231e+01	2.621687e+03	4.920336e+02	2.852140e+02	7.965447e+01	4.190644e+01	9.077643e+01
514	1.471093e+01	2.611794e+03	4.930988e+02	2.842019e+02	7.965334e+01	4.174891e+01	8.855100e+01
515	1.473955e+01	2.604069e+03	4.941990e+02	2.830233e+02	7.938770e+01	4.176471e+01	8.625130e+01
516	1.476817e+01	2.603616e+03	4.953170e+02	2.819422e+02	7.929402e+01	4.180676e+01	8.407175e+01
517	1.479679e+01	2.624077e+03	4.963136e+02	2.806555e+02	7.979857e+01	4.186890e+01	8.141747e+01
518	1.482541e+01	2.622871e+03	4.971766e+02	2.795541e+02	7.985168e+01	4.182183e+01	7.945330e+01
519	1.485404e+01	2.624785e+03	4.984079e+02	2.781248e+02	7.978766e+01	4.188592e+01	7.721648e+01
520	1.488266e+01	2.611882e+03	4.991974e+02	2.769222e+02	7.952396e+01	4.181824e+01	7.531281e+01
521	1.491128e+01	2.627245e+03	5.001364e+02	2.756036e+02	7.953665e+01	4.205750e+01	7.344759e+01
522	1.493990e+01	2.597578e+03	5.007645e+02	2.743102e+02	7.917326e+01	4.177344e+01	7.148383e+01
523	1.496852e+01	2.608802e+03	5.016267e+02	2.729230e+02	7.936353e+01	4.185336e+01	6.931256e+01
524	1.499714e+01	2.600324e+03	5.024088e+02	2.713547e+02	7.921477e+01	4.179569e+01	6.733533e+01
525	1.502576e+01	2.602755e+03	5.029659e+02	2.698644e+02	7.884627e+01	4.203028e+01	6.569855e+01
526	1.505438e+01	2.606690e+03	5.034193e+02	2.685165e+02	7.911294e+01	4.195193e+01	6.325478e+01
527	1.508300e+01	2.610646e+03	5.040562e+02	2.671442e+02	7.899097e+01	4.208048e+01	6.092163e+01
528	1.511162e+01	2.603274e+03	5.044987e+02	2.657625e+02	7.908152e+01	4.191360e+01	5.882549e+01
529	1.514024e+01	2.608343e+03	5.050386e+02	2.642202e+02	7.907858e+01	4.199678e+01	5.732885e+01
530	1.516886e+01	2.611302e+03	5.055905e+02	2.626266e+02	7.870687e+01	4.224298e+01	5.538769e+01
531	1.519748e+01	2.608291e+03	5.061294e+02	2.609682e+02	7.856853e+01	4.226857e+01	5.349757e+01
532	1.522610e+01	2.600909e+03	5.062729e+02	2.596677e+02	7.816260e+01	4.236783e+01	5.188028e+01
533	1.525472e+01	2.621069e+03	5.065063e+02	2.583540e+02	7.872447e+01	4.239151e+01	4.925386e+01
534	1.528334e+01	2.626579e+03	5.067433e+02	2.566528e+02	7.862806e+01	4.253271e+01	4.708552e+01
535	1.531196e+01	2.608745e+03	5.067772e+02	2.551011e+02	7.808580e+01	4.253728e+01	4.478273e+01
536	1.534058e+01	2.630021e+03	5.067646e+02	2.535962e+02	7.857136e+01	4.261917e+01	4.254980e+01
537	1.536920e+01	2.620682e+03	5.067360e+02	2.519857e+02	7.828731e+01	4.262193e+01	4.017118e+01
538	1.539782e+01	2.629945e+03	5.064737e+02	2.504527e+02	7.813964e+01	4.285341e+01	3.773594e+01
539	1.542645e+01	2.627815e+03	5.061516e+02	2.489661e+02	7.820792e+01	4.278132e+01	3.502564e+01
540	1.545507e+01	2.619062e+03	5.059706e+02	2.472152e+02	7.786279e+01	4.282782e+01	3.350422e+01
541	1.548369e+01	2.656963e+03	5.057199e+02	2.455860e+02	7.888560e+01	4.288426e+01	3.047771e+01
542	1.551231e+01	2.656184e+03	5.053909e+02	2.442963e+02	7.882691e+01	4.290361e+01	2.837548e+01
543	1.554093e+01	2.669207e+03	5.050819e+02	2.427189e+02	7.917861e+01	4.292245e+01	2.607515e+01
544	1.556955e+01	2.663934e+03	5.046218e+02	2.410464e+02	7.867446e+01	4.311216e+01	2.339072e+01
545	1.559817e+01	2.672642e+03	5.040891e+02	2.396508e+02	7.889337e+01	4.313308e+01	2.105371e+01
546	1.562679e+01	2.665998e+03	5.033842e+02	2.382747e+02	7.907115e+01	4.292912e+01	1.907350e+01
547	1.565541e+01	2.675306e+03	5.026674e+02	2.368984e+02	7.923764e+01	4.298848e+01	1.622882e+01
548	1.568403e+01	2.677581e+03	5.019991e+02	2.355527e+02	7.920169e+01	4.304456e+01	1.438680e+01
549	1.571265e+01	2.679029e+03	5.013146e+02	2.340478e+02	7.892404e+01	4.321935e+01	1.183346e+01
550	1.574127e+01	2.676566e+03	5.004976e+02	2.328762e+02	7.847421e+01	4.342713e+01	9.683290e+00
551	1.576989e+01	2.668343e+03	4.995039e+02	2.315081e+02	7.872031e+01	4.315836e+01	6.692212e+00
552	1.579851e+01	2.684646e+03	4.984209e+02	2.302657e+02	7.889606e+01	4.332532e+01	3.671370e+00
553	1.582713e+01	2.674292e+03	4.974967e+02	2.288948e+02	7.882873e+01	4.319510e+01	1.838795e+00
554	1.585575e+01	2.664516e+03	4.964493e+02	2.278041e+02	7.871729e+01	4.309812e+01	1.795127e+02
555	1.588437e+01	2.673318e+03	4.953852e+02	2.268370e+02	7.912111e+01	4.301979e+01	1.768160e+02
556	1.591299e+01	2.679039e+03	4.941989e+02	2.260161e+02	7.917818e+01	4.308078e+01	1.745676e+02
557	1.594161e+01	2.690507e+03	4.930228e+02	2.250628e+02	7.907680e+01	4.332066e+01	1.720136e+02
558	1.597023e+01	2.697626e+03	4.917786e+02	2.240946e+02	7.928577e+01	4.332082e+01	1.692394e+02
559	1.599886e+01	2.691404e+03	4.904846e+02	2.232100e+02	7.940890e+01	4.315388e+01	1.673061e+02
560	1.602748e+01	2.683192e+03	4.891179e+02	2.222141e+02	7.940720e+01	4.302312e+01	1.642741e+02
561	1.605610e+01	2.710650e+03	4.878141e+02	2.216712e+02	7.940112e+01	4.346672e+01	1.619062e+02
562	1.608472e+01	2.706290e+03	4.865530e+02	2.211696e+02	7.928484e+01	4.346045e+01	1.590867e+02
563	1.611334e+01	2.703039e+03	4.851543e+02	2.205203e+02	7.896928e+01	4.358171e+01	1.563405e+02
564	1.614196e+01	2.691033e+03	4.837581e+02	2.198725e+02	7.888896e+01	4.343231e+01	1.544866e+02
565	1.617058e+01	2.685923e+03	4.822874e+02	2.194828e+02	7.885959e+01	4.336599e+01	1.518481e+02
566	1.619920e+01	2.691886e+03	4.808362e+02	2.190252e+02	7.918672e+01	4.328271e+01	1.486513e+02
567	1.622782e+01	2.699561e+03	4.792944e+02	2.186166e+02	7.918716e+01	4.340587e+01	1.463578e+02
568	1.625644e+01	2.696021e+03	4.777828e+02	2.182996e+02	7.899502e+01	4.345440e+01	1.440171e+02
569	1.628506e+01	2.702876e+03	4.760627e+02	2.180870e+02	7.917928e+01	4.346350e+01	1.412783e+02
570	1.631368e+01	2.693442e+03	4.745864e+02	2.181454e+02	7.891648e+01	4.345603e+01	1.388999e+02
571	1.634230e+01	2.703486e+03	4.729086e+02	2.180543e+02	7.914281e+01	4.349333e+01	1.357887e+02
572	1.637092e+01	2.699909e+03	4.714308e+02	2.182284e+02	7.894053e+01	4.354710e+01	1.330314e+02
573	1.639954e+01	2.705958e+03	4.697777e+02	2.183484e+02	7.936554e+01	4.341095e+01	1.304491e+02
574	1.642816e+01	2.695861e+03	4.681451e+02	2.185816e+02	7.919772e+01	4.334060e+01	1.277385e+02
575	1.645678e+01	2.705856e+03	4.665789e+02	2.188647e+02	7.941472e+01	4.338242e+01	1.252635e+02
576	1.648540e+01	2.689705e+03	4.651534e+02	2.194140e+02	7.926252e+01	4.320629e+01	1.224230e+02
577	1.651402e+01	2.688729e+03	4.636539e+02	2.196648e+02	7.941051e+01	4.311011e+01	1.198286e+02
578	1.654264e+01	2.687749e+03	4.621445e+02	2.202879e+02	7.955767e+01	4.301469e+01	1.175307e+02
579	1.657127e+01	2.683586e+03	4.607206e+02	2.208116e+02	7.914275e+01	4.317322e+01	1.149884e+02
580	1.659989e+01	2.679996e+03	4.593712e+02	2.215211e+02	7.953891e+01	4.290073e+01	1.121614e+02
581	1.662851e+01	2.684433e+03	4.578159e+02	2.220769e+02	7.968560e+01	4.289264e+01	1.093277e+02
582	1.665713e+01	2.694524e+03	4.562463e+02	2.227950e+02	8.005856e+01	4.285331e+01	1.072125e+02
583	1.668575e+01	2.683073e+03	4.547606e+02	2.235686e+02	7.961427e+01	4.290932e+01	1.044935e+02
584	1.671437e+01	2.695348e+03	4.534205e+02	2.245046e+02	7.978764e+01	4.301196e+01	1.018797e+02
585	1.674299e+01	2.653174e+03	4.521414e+02	2.254617e+02	7.930586e+01	4.259617e+01	1.001142e+02
586	1.677161e+01	2.653030e+03	4.508189e+02	2.264532e+02	7.957498e+01	4.244981e+01	9.759355e+01
587	1.680023e+01	2.648215e+03	4.494970e+02	2.273781e+02	7.952685e+01	4.239841e+01	9.535353e+01
588	1.682885e+01	2.670584e+03	4.481628e+02	2.285542e+02	7.971550e+01	4.265536e+01	9.292165e+01
589	1.685747e+01	2.643052e+03	4.471793e+02	2.296075e+02	7.958479e+01	4.228495e+01	9.103647e+01
590	1.688609e+01	2.665529e+03	4.457750e+02	2.307148e+02	8.022696e+01	4.230319e+01	8.839819e+01
591	1.691471e+01	2.657383e+03	4.447206e+02	2.319903e+02	8.018696e+01	4.219496e+01	8.625685e+01
592	1.694333e+01	2.654628e+03	4.436917e+02	2.331658e+02	8.005606e+01	4.222012e+01	8.380952e+01
593	1.697195e+01	2.638046e+03	4.427661e+02	2.343008e+02	7.963947e+01	4.217587e+01	8.230328e+01
594	1.700057e+01	2.641189e+03	4.417109e+02	2.357367e+02	7.976016e+01	4.216224e+01	7.981282e+01
595	1.702919e+01	2.630733e+03	4.408475e+02	2.370551e+02	7.958614e+01	4.208714e+01	7.758126e+01
596	1.705781e+01	2.638292e+03	4.401739e+02	2.384144e+02	7.974996e+01	4.212137e+01	7.554620e+01
597	1.708643e+01	2.633589e+03	4.393797e+02	2.399213e+02	7.958149e+01	4.213529e+01	7.310516e+01
598	1.711505e+01	2.625405e+03	4.385095e+02	2.413475e+02	7.964883e+01	4.196885e+01	7.135745e+01
599	1.714367e+01	2.638049e+03	4.378797e+02	2.429017e+02	7.952922e+01	4.223440e+01	6.924044e+01
600	1.717230e+01	2.641920e+03	4.371762e+02	2.443748e+02	7.944937e+01	4.233888e+01	6.674405e+01
601	1.720092e+01	2.625992e+03	4.366060e+02	2.459086e+02	7.933662e+01	4.214343e+01	6.538633e+01
602	1.722954e+01	2.626341e+03	4.360851e+02	2.475894e+02	7.927011e+01	4.218438e+01	6.284412e+01
603	1.725816e+01	2.630980e+03	4.355480e+02	2.491643e+02	7.918069e+01	4.230663e+01	6.080380e+01
604	1.728678e+01	2.633355e+03	4.350036e+02	2.508966e+02	7.890607e+01	4.249219e+01	5.885221e+01
605	1.731540e+01	2.646736e+03	4.346401e+02	2.524865e+02	7.959198e+01	4.234006e+01	5.603878e+01
606	1.734402e+01	2.650835e+03	4.343520e+02	2.541544e+02	7.947468e+01	4.246821e+01	5.406260e+01
607	1.737264e+01	2.646090e+03	4.340352e+02	2.557971e+02	7.944097e+01	4.241019e+01	5.196527e+01
608	1.740126e+01	2.642582e+03	4.338582e+02	2.574698e+02	7.929730e+01	4.243070e+01	4.984100e+01
609	1.742988e+01	2.635709e+03	4.339084e+02	2.591429e+02	7.915639e+01	4.239569e+01	4.734843e+01
610	1.745850e+01	2.646245e+03	4.338737e+02	2.607877e+02	7.909197e+01	4.259982e+01	4.532298e+01
611	1.748712e+01	2.637839e+03	4.337694e+02	2.625059e+02	7.893128e+01	4.255095e+01	4.346889e+01
612	1.751574e+01	2.648273e+03	4.337650e+02	2.642611e+02	7.878711e+01	4.279744e+01	4.110456e+01
613	1.754436e+01	2.644026e+03	4.339987e+02	2.659066e+02	7.875934e+01	4.274387e+01	3.828342e+01
614	1.757298e+01	2.651309e+03	4.342817e+02	2.675720e+02	7.900723e+01	4.272713e+01	3.555816e+01
615	1.760160e+01	2.644053e+03	4.346216e+02	2.691510e+02	7.898663e+01	4.262130e+01	3.335095e+01
616	1.763022e+01	2.633448e+03	4.349445e+02	2.708584e+02	7.874839e+01	4.257878e+01	3.079240e+01
617	1.765884e+01	2.650246e+03	4.352822e+02	2.724393e+02	7.903980e+01	4.269239e+01	2.880755e+01
618	1.768746e+01	2.649986e+03	4.357708e+02	2.740226e+02	7.888065e+01	4.277433e+01	2.637549e+01
619	1.771608e+01	2.633895e+03	4.362380e+02	2.756809e+02	7.828985e+01	4.283543e+01	2.348784e+01
620	1.774471e+01	2.617612e+03	4.369249e+02	2.772612e+02	7.818616e+01	4.262707e+01	2.089365e+01
621	1.777333e+01	2.640755e+03	4.375544e+02	2.787208e+02	7.865872e+01	4.274559e+01	1.911053e+01
622	1.780195e+01	2.636272e+03	4.382011e+02	2.801590e+02	7.853696e+01	4.273919e+01	1.663891e+01
623	1.783057e+01	2.641772e+03	4.389615e+02	2.814885e+02	7.860410e+01	4.279176e+01	1.463200e+01
624	1.785919e+01	2.634995e+03	4.397846e+02	2.829066e+02	7.852551e+01	4.272471e+01	1.204731e+01
625	1.788781e+01	2.637369e+03	4.406700e+02	2.845395e+02	7.868191e+01	4.267820e+01	9.686631e+00
626	1.791643e+01	2.626768e+03	4.417135e+02	2.856580e+02	7.817660e+01	4.278141e+01	7.679712e+00
627	1.794505e+01	2.631345e+03	4.425941e+02	2.871939e+02	7.854008e+01	4.265761e+01	4.787144e+00
628	1.797367e+01	2.618915e+03	4.435926e+02	2.884518e+02	7.820419e+01	4.263846e+01	2.311913e+00
629	1.800229e+01	2.627696e+03	4.448115e+02	2.894082e+02	7.806294e+01	4.285883e+01	1.795610e+02
630	1.803091e+01	2.641405e+03	4.458416e+02	2.907099e+02	7.857447e+01	4.280196e+01	1.767805e+02
631	1.805953e+01	2.611252e+03	4.471958e+02	2.918297e+02	7.781593e+01	4.272583e+01	1.743194e+02
632	1.808815e+01	2.646146e+03	4.482549e+02	2.928147e+02	7.876375e+01	4.277573e+01	1.720592e+02
633	1.811677e+01	2.639828e+03	4.494788e+02	2.936638e+02	7.852920e+01	4.280107e+01	1.694815e+02
634	1.814539e+01	2.631842e+03	4.506962e+02	2.946330e+02	7.845339e+01	4.271282e+01	1.670790e+02
635	1.817401e+01	2.642353e+03	4.521605e+02	2.956589e+02	7.862901e+01	4.278762e+01	1.642154e+02
636	1.820263e+01	2.646511e+03	4.534878e+02	2.963830e+02	7.857710e+01	4.288326e+01	1.620303e+02
637	1.823125e+01	2.652122e+03	4.547123e+02	2.970470e+02	7.894618e+01	4.277328e+01	1.590491e+02
638	1.825987e+01	2.652350e+03	4.561671e+02	2.978704e+02	7.895286e+01	4.277334e+01	1.567287e+02
639	1.828849e+01	2.638265e+03	4.576360e+02	2.984734e+02	7.878574e+01	4.263644e+01	1.541767e+02
640	1.831712e+01	2.657136e+03	4.590613e+02	2.990045e+02	7.896231e+01	4.284539e+01	1.516457e+02
641	1.834574e+01	2.651695e+03	4.604996e+02	2.994777e+02	7.892900e+01	4.277570e+01	1.488758e+02
642	1.837436e+01	2.647868e+03	4.621382e+02	2.999323e+02	7.875979e+01	4.280573e+01	1.464175e+02
643	1.840298e+01	2.647086e+03	4.636399e+02	3.002164e+02	7.861157e+01	4.287377e+01	1.435231e+02
644	1.843160e+01	2.638713e+03	4.650844e+02	3.005286e+02	7.834608e+01	4.288298e+01	1.410385e+02
645	1.846022e+01	2.635995e+03	4.665253e+02	3.007806e+02	7.838087e+01	4.281979e+01	1.391392e+02
646	1.848884e+01	2.652616e+03	4.681884e+02	3.010204e+02	7.855042e+01	4.299678e+01	1.368163e+02
647	1.851746e+01	2.635077e+03	4.695717e+02	3.011206e+02	7.806871e+01	4.297604e+01	1.342332e+02
648	1.854608e+01	2.649374e+03	4.712931e+02	3.010847e+02	7.888813e+01	4.276040e+01	1.315443e+02
649	1.857470e+01	2.636100e+03	4.729821e+02	3.009958e+02	7.873726e+01	4.262767e+01	1.288474e+02
650	1.860332e+01	2.636404e+03	4.744229e+02	3.007346e+02	7.852296e+01	4.274895e+01	1.264867e+02
651	1.863194e+01	2.630659e+03	4.759278e+02	3.003459e+02	7.831704e+01	4.276794e+01	1.236638e+02
652	1.866056e+01	2.637616e+03	4.775038e+02	3.001412e+02	7.871665e+01	4.266336e+01	1.212786e+02
653	1.868918e+01	2.628050e+03	4.792682e+02	2.998101e+02	7.834103e+01	4.271244e+01	1.183806e+02
654	1.871780e+01	2.622830e+03	4.807072e+02	2.993874e+02	7.870882e+01	4.242841e+01	1.161197e+02
655	1.874642e+01	2.613799e+03	4.823381e+02	2.989828e+02	7.854015e+01	4.237313e+01	1.134378e+02
656	1.877504e+01	2.633370e+03	4.838469e+02	2.984314e+02	7.905122e+01	4.241440e+01	1.111929e+02
657	1.880366e+01	2.621759e+03	4.852260e+02	2.978611e+02	7.889378e+01	4.231166e+01	1.088850e+02
658	1.883228e+01	2.621285e+03	4.866297e+02	2.971369e+02	7.918475e+01	4.214857e+01	1.060662e+02
659	1.886090e+01	2.625174e+03	4.880218e+02	2.964864e+02	7.934721e+01	4.212467e+01	1.042238e+02
660	1.888952e+01	2.632086e+03	4.894231e+02	2.957713e+02	7.938944e+01	4.221312e+01	1.016797e+02
661	1.891815e+01	2.630981e+03	4.908510e+02	2.950377e+02	7.933060e+01	4.222670e+01	9.998930e+01
662	1.894677e+01	2.618258e+03	4.920070e+02	2.941381e+02	7.944740e+01	4.196072e+01	9.750645e+01
663	1.897539e+01	2.611279e+03	4.932264e+02	2.932432e+02	7.924016e+01	4.195832e+01	9.566943e+01
664	1.900401e+01	2.636780e+03	4.947613e+02	2.922943e+02	7.976317e+01	4.209026e+01	9.324862e+01
665	1.903263e+01	2.622260e+03	4.957109e+02	2.913579e+02	7.977033e+01	4.185473e+01	9.098598e+01
666	1.906125e+01	2.605580e+03	4.972005e+02	2.902751e+02	7.913581e+01	4.192196e+01	8.886165e+01
667	1.908987e+01	2.614542e+03	4.981473e+02	2.892010e+02	7.955036e+01	4.184694e+01	8.646416e+01
668	1.911849e+01	2.625653e+03	4.992285e+02	2.879214e+02	7.958925e+01	4.200423e+01	8.503376e+01
669	1.914711e+01	2.623236e+03	5.005568e+02	2.868127e+02	7.963017e+01	4.194400e+01	8.265707e+01
670	1.917573e+01	2.629245e+03	5.015682e+02	2.856052e+02	7.973891e+01	4.198275e+01	8.038271e+01
671	1.920435e+01	2.631481e+03	5.024524e+02	2.843415e+02	7.978288e+01	4.199530e+01	7.844073e+01
672	1.923297e+01	2.617598e+03	5.034025e+02	2.830403e+02	8.003541e+01	4.164194e+01	7.648113e+01
673	1.926159e+01	2.614138e+03	5.041379e+02	2.817081e+02	7.946986e+01	4.188285e+01	7.450105e+01
674	1.929021e+01	2.635378e+03	5.048499e+02	2.803421e+02	7.997664e+01	4.195560e+01	7.185874e+01
675	1.931883e+01	2.624769e+03	5.055985e+02	2.789380e+02	7.969513e+01	4.193431e+01	6.955791e+01
676	1.934745e+01	2.614824e+03	5.063557e+02	2.774789e+02	7.923447e+01	4.201829e+01	6.812260e+01
677	1.937607e+01	2.603453e+03	5.070488e+02	2.759698e+02	7.933272e+01	4.178376e+01	6.557713e+01
678	1.940469e+01	2.621076e+03	5.074364e+02	2.745123e+02	7.942659e+01	4.201688e+01	6.365259e+01
679	1.943331e+01	2.618324e+03	5.080749e+02	2.732345e+02	7.896991e+01	4.221549e+01	6.144871e+01
680	1.946193e+01	2.610979e+03	5.085559e+02	2.716211e+02	7.884874e+01	4.216176e+01	5.894289e+01
681	1.949056e+01	2.601508e+03	5.090737e+02	2.698774e+02	7.853986e+01	4.217403e+01	5.736338e+01
682	1.951918e+01	2.608715e+03	5.096504e+02	2.682537e+02	7.895526e+01	4.206837e+01	5.555908e+01
683	1.954780e+01	2.616106e+03	5.099991e+02	2.671332e+02	7.867296e+01	4.233895e+01	5.373662e+01
684	1.957642e+01	2.614705e+03	5.103869e+02	2.658578e+02	7.854459e+01	4.238542e+01	5.172989e+01
685	1.960504e+01	2.622299e+03	5.107428e+02	2.642829e+02	7.881697e+01	4.236161e+01	4.977988e+01
686	1.963366e+01	2.654357e+03	5.108268e+02	2.628221e+02	7.935749e+01	4.258744e+01	4.740835e+01
687	1.966228e+01	2.629122e+03	5.109677e+02	2.611292e+02	7.867825e+01	4.254673e+01	4.474334e+01
688	1.969090e+01	2.627342e+03	5.109923e+02	2.594662e+02	7.865256e+01	4.253181e+01	4.287626e+01
689	1.971952e+01	2.620373e+03	5.109575e+02	2.579047e+02	7.827543e+01	4.262336e+01	4.084142e+01
690	1.974814e+01	2.637949e+03	5.108067e+02	2.564983e+02	7.855025e+01	4.275913e+01	3.848602e+01
691	1.977676e+01	2.628071e+03	5.107882e+02	2.548387e+02	7.809056e+01	4.284978e+01	3.610890e+01
692	1.980538e+01	2.660129e+03	5.105516e+02	2.531595e+02	7.914603e+01	4.279408e+01	3.409931e+01
693	1.983400e+01	2.651005e+03	5.101907e+02	2.515355e+02	7.874334e+01	4.286540e+01	3.090129e+01
694	1.986262e+01	2.665803e+03	5.097306e+02	2.501211e+02	7.921128e+01	4.285003e+01	2.857452e+01
695	1.989124e+01	2.647162e+03	5.094121e+02	2.486257e+02	7.853265e+01	4.291809e+01	2.622681e+01
696	1.991986e+01	2.653712e+03	5.089787e+02	2.471100e+02	7.883527e+01	4.285912e+01	2.396277e+01
697	1.994848e+01	2.663557e+03	5.084779e+02	2.456604e+02	7.898982e+01	4.293396e+01	2.128425e+01
698	1.997710e+01	2.667140e+03	5.078522e+02	2.443064e+02	7.889582e+01	4.304295e+01	1.908482e+01
699	2.000572e+01	2.661394e+03	5.072433e+02	2.427042e+02	7.855468e+01	4.313674e+01	1.654683e+01
700	2.003434e+01	2.677680e+03	5.063379e+02	2.413881e+02	7.890220e+01	4.320954e+01	1.399796e+01
701	2.006297e+01	2.680750e+03	5.055741e+02	2.401464e+02	7.921651e+01	4.308745e+01	1.142834e+01
702	2.009159e+01	2.691945e+03	5.049414e+02	2.389512e+02	7.911596e+01	4.332238e+01	9.187641e+00
703	2.012021e+01	2.700793e+03	5.040624e+02	2.376334e+02	7.931899e+01	4.335352e+01	6.601282e+00
704	2.014883e+01	2.700390e+03	5.030552e+02	2.363391e+02	7.942804e+01	4.328753e+01	4.508869e+00
705	2.017745e+01	2.690268e+03	5.022038e+02	2.352916e+02	7.937987e+01	4.315144e+01	1.674447e+00
706	2.020607e+01	2.688401e+03	5.011050e+02	2.342818e+02	7.929691e+01	4.316660e+01	1.792214e+02
707	2.023469e+01	2.709868e+03	4.998893e+02	2.331100e+02	7.917029e+01	4.358088e+01	1.765802e+02
708	2.026331e+01	2.694689e+03	4.988300e+02	2.321003e+02	7.917142e+01	4.333616e+01	1.747303e+02
709	2.029193e+01	2.689632e+03	4.974753e+02	2.311476e+02	7.896661e+01	4.336702e+01	1.723065e+02
710	2.032055e+01	2.720031e+03	4.963760e+02	2.302269e+02	7.964026e+01	4.348618e+01	1.689231e+02
711	2.034917e+01	2.701641e+03	4.950632e+02	2.294255e+02	7.926206e+01	4.339826e+01	1.665674e+02
712	2.037779e+01	2.710070e+03	4.936935e+02	2.285724e+02	7.924327e+01	4.354399e+01	1.638113e+02
713	2.040641e+01	2.702613e+03	4.923138e+02	2.279285e+02	7.926479e+01	4.341239e+01	1.614823e+02
714	2.043503e+01	2.700198e+03	4.908273e+02	2.272110e+02	7.920713e+01	4.340517e+01	1.585208e+02
715	2.046365e+01	2.692889e+03	4.894023e+02	2.267482e+02	7.890847e+01	4.345152e+01	1.562697e+02
716	2.049227e+01	2.698549e+03	4.879467e+02	2.262224e+02	7.903480e+01	4.347326e+01	1.533175e+02
717	2.052089e+01	2.695748e+03	4.864341e+02	2.258326e+02	7.919362e+01	4.334103e+01	1.510118e+02
718	2.054951e+01	2.717894e+03	4.848010e+02	2.253192e+02	7.944306e+01	4.355988e+01	1.478027e+02
719	2.057813e+01	2.698283e+03	4.833786e+02	2.252183e+02	7.905607e+01	4.345727e+01	1.454993e+02
720	2.060675e+01	2.697765e+03	4.818356e+02	2.249667e+02	7.899449e+01	4.348279e+01	1.425226e+02
721	2.063537e+01	2.704293e+03	4.803284e+02	2.248302e+02	7.914951e+01	4.350265e+01	1.397118e+02
722	2.066400e+01	2.705419e+03	4.787960e+02	2.247027e+02	7.916764e+01	4.351080e+01	1.374272e+02
723	2.069262e+01	2.676859e+03	4.772774e+02	2.247777e+02	7.864652e+01	4.333672e+01	1.349357e+02
724	2.072124e+01	2.702620e+03	4.754893e+02	2.247824e+02	7.909148e+01	4.350763e+01	1.321169e+02
725	2.074986e+01	2.688707e+03	4.740592e+02	2.250816e+02	7.931956e+01	4.315919e+01	1.300300e+02
726	2.077848e+01	2.697637e+03	4.724181e+02	2.251685e+02	7.939927e+01	4.325906e+01	1.268447e+02
727	2.080710e+01	2.676664e+03	4.709109e+02	2.255493e+02	7.859251e+01	4.336335e+01	1.241512e+02
728	2.083572e+01	2.678228e+03	4.692451e+02	2.258728e+02	7.897668e+01	4.317763e+01	1.212791e+02
729	2.086434e+01	2.682153e+03	4.676465e+02	2.262461e+02	7.934983e+01	4.303756e+01	1.191706e+02
730	2.089296e+01	2.687823e+03	4.662603e+02	2.267931e+02	7.949646e+01	4.304899e+01	1.165578e+02
731	2.092158e+01	2.691660e+03	4.646910e+02	2.273054e+02	7.925644e+01	4.324100e+01	1.143496e+02
732	2.095020e+01	2.676250e+03	4.633279e+02	2.280645e+02	7.919989e+01	4.302414e+01	1.114822e+02
733	2.097882e+01	2.678841e+03	4.617063e+02	2.287280e+02	7.977489e+01	4.275539e+01	1.088587e+02
734	2.100744e+01	2.684681e+03	4.601993e+02	2.294907e+02	7.974622e+01	4.286400e+01	1.068098e+02
735	2.103606e+01	2.668115e+03	4.587151e+02	2.301610e+02	7.958731e+01	4.268456e+01	1.043296e+02
736	2.106468e+01	2.667264e+03	4.576210e+02	2.310172e+02	7.996807e+01	4.246777e+01	1.024815e+02
737	2.109330e+01	2.670993e+03	4.561121e+02	2.319401e+02	7.956859e+01	4.274067e+01	1.002620e+02
738	2.112192e+01	2.656759e+03	4.549843e+02	2.329154e+02	7.987184e+01	4.235149e+01	9.746516e+01
739	2.115054e+01	2.662929e+03	4.535930e+02	2.339234e+02	7.988425e+01	4.244324e+01	9.542014e+01
740	2.117916e+01	2.655071e+03	4.524134e+02	2.348477e+02	8.023377e+01	4.213365e+01	9.362427e+01
741	2.120778e+01	2.651683e+03	4.510554e+02	2.359007e+02	8.015836e+01	4.211947e+01	9.131372e+01
742	2.123641e+01	2.646852e+03	4.499680e+02	2.370496e+02	7.977687e+01	4.224379e+01	8.887574e+01
743	2.126503e+01	2.637560e+03	4.487454e+02	2.382976e+02	7.989270e+01	4.203444e+01	8.684904e+01
744	2.129365e+01	2.637272e+03	4.478050e+02	2.395891e+02	7.996741e+01	4.199059e+01	8.472456e+01
745	2.132227e+01	2.644429e+03	4.465660e+02	2.409055e+02	7.976566e+01	4.221104e+01	8.211119e+01
746	2.135089e+01	2.639101e+03	4.457624e+02	2.421867e+02	7.979547e+01	4.211026e+01	8.057072e+01
747	2.137951e+01	2.640735e+03	4.446225e+02	2.436212e+02	7.961187e+01	4.223351e+01	7.853274e+01
748	2.140813e+01	2.637294e+03	4.439458e+02	2.447631e+02	7.952399e+01	4.222509e+01	7.612630e+01
749	2.143675e+01	2.626555e+03	4.430296e+02	2.462762e+02	7.975164e+01	4.193310e+01	7.438010e+01
750	2.146537e+01	2.627415e+03	4.423895e+02	2.476087e+02	7.972111e+01	4.196290e+01	7.223672e+01
751	2.149399e+01	2.628527e+03	4.416609e+02	2.491228e+02	7.976556e+01	4.195726e+01	6.997388e+01
752	2.152261e+01	2.632581e+03	4.408410e+02	2.505182e+02	7.984068e+01	4.198243e+01	6.799020e+01
753	2.155123e+01	2.625016e+03	4.402332e+02	2.521773e+02	7.957092e+01	4.200371e+01	6.589393e+01
754	2.157985e+01	2.637250e+03	4.396172e+02	2.538471e+02	7.974976e+01	4.210485e+01	6.336076e+01
755	2.160847e+01	2.629200e+03	4.391530e+02	2.552738e+02	7.908607e+01	4.232858e+01	6.141761e+01
756	2.163709e+01	2.631515e+03	4.385591e+02	2.569520e+02	7.946240e+01	4.216522e+01	5.942034e+01
757	2.166571e+01	2.640656e+03	4.381728e+02	2.586677e+02	7.947144e+01	4.230687e+01	5.701427e+01
758	2.169433e+01	2.637118e+03	4.377784e+02	2.603562e+02	7.928795e+01	4.234795e+01	5.480529e+01
759	2.172295e+01	2.629553e+03	4.376450e+02	2.617849e+02	7.894922e+01	4.240764e+01	5.229070e+01
760	2.175157e+01	2.635634e+03	4.376222e+02	2.634499e+02	7.927600e+01	4.233051e+01	5.040324e+01
761	2.178019e+01	2.624861e+03	4.374263e+02	2.650911e+02	7.873180e+01	4.244888e+01	4.801154e+01
762	2.180882e+01	2.642370e+03	4.371306e+02	2.669004e+02	7.905215e+01	4.255886e+01	4.564838e+01
763	2.183744e+01	2.630275e+03	4.371871e+02	2.684641e+02	7.886175e+01	4.246634e+01	4.332248e+01
764	2.186606e+01	2.634604e+03	4.372175e+02	2.700555e+02	7.886362e+01	4.253523e+01	4.098821e+01
765	2.189468e+01	2.639585e+03	4.372412e+02	2.716984e+02	7.882524e+01	4.263639e+01	3.865548e+01
766	2.192330e+01	2.644641e+03	4.372653e+02	2.734144e+02	7.885156e+01	4.270380e+01	3.613275e+01
767	2.195192e+01	2.633991e+03	4.377211e+02	2.749039e+02	7.854384e+01	4.269846e+01	3.373249e+01
768	2.198054e+01	2.633741e+03	4.380252e+02	2.766723e+02	7.854108e+01	4.269591e+01	3.112243e+01
769	2.200916e+01	2.639362e+03	4.384968e+02	2.782345e+02	7.882240e+01	4.263432e+01	2.905355e+01
770	2.203778e+01	2.649068e+03	4.390943e+02	2.800158e+02	7.906773e+01	4.265833e+01	2.627357e+01
771	2.206640e+01	2.626772e+03	4.396590e+02	2.813867e+02	7.862690e+01	4.253646e+01	2.390229e+01
772	2.209502e+01	2.639620e+03	4.401874e+02	2.831090e+02	7.868669e+01	4.271203e+01	2.162084e+01
773	2.212364e+01	2.639436e+03	4.407721e+02	2.846671e+02	7.841467e+01	4.285722e+01	1.924097e+01
774	2.215226e+01	2.635567e+03	4.414579e+02	2.860555e+02	7.843629e+01	4.278260e+01	1.691521e+01
775	2.218088e+01	2.635339e+03	4.422050e+02	2.876453e+02	7.843175e+01	4.278136e+01	1.449879e+01
776	2.220950e+01	2.634317e+03	4.431322e+02	2.887954e+02	7.857294e+01	4.268794e+01	1.230568e+01
777	2.223812e+01	2.626637e+03	4.438608e+02	2.903226e+02	7.802477e+01	4.286252e+01	1.005791e+01
778	2.226674e+01	2.627637e+03	4.447237e+02	2.916736e+02	7.795359e+01	4.291800e+01	7.801665e+00
779	2.229536e+01	2.627347e+03	4.456270e+02	2.929904e+02	7.802501e+01	4.287397e+01	5.216546e+00
780	2.232398e+01	2.635096e+03	4.466487e+02	2.943586e+02	7.878572e+01	4.258523e+01	2.273912e+00
781	2.235260e+01	2.622496e+03	4.477253e+02	2.954750e+02	7.862817e+01	4.246652e+01	2.843340e-01
782	2.238122e+01	2.631858e+03	4.488807e+02	2.965177e+02	7.864616e+01	4.260838e+01	1.773380e+02
783	2.240985e+01	2.632824e+03	4.501125e+02	2.975660e+02	7.835277e+01	4.278362e+01	1.746898e+02
784	2.243847e+01	2.630180e+03	4.512293e+02	2.986164e+02	7.823719e+01	4.280381e+01	1.723488e+02
785	2.246709e+01	2.652904e+03	4.525403e+02	2.995619e+02	7.848141e+01	4.303926e+01	1.697467e+02
786	2.249571e+01	2.662908e+03	4.539495e+02	3.007634e+02	7.904336e+01	4.289442e+01	1.670184e+02
787	2.252433e+01	2.653644e+03	4.553350e+02	3.013846e+02	7.884048e+01	4.285520e+01	1.641475e+02
788	2.255295e+01	2.635701e+03	4.564879e+02	3.020907e+02	7.847939e+01	4.276127e+01	1.619797e+02
789	2.258157e+01	2.641449e+03	4.579835e+02	3.030588e+02	7.876421e+01	4.269957e+01	1.599192e+02
790	2.261019e+01	2.655189e+03	4.593834e+02	3.036441e+02	7.882338e+01	4.288945e+01	1.569778e+02
791	2.263881e+01	2.652267e+03	4.608792e+02	3.044030e+02	7.867402e+01	4.292360e+01	1.544735e+02
792	2.266743e+01	2.636696e+03	4.622730e+02	3.047439e+02	7.873714e+01	4.263739e+01	1.523264e+02
793	2.269605e+01	2.649426e+03	4.639556e+02	3.054380e+02	7.855684e+01	4.294157e+01	1.490700e+02
794	2.272467e+01	2.657058e+03	4.655216e+02	3.057861e+02	7.876232e+01	4.295292e+01	1.464390e+02
795	2.275329e+01	2.639094e+03	4.670472e+02	3.059943e+02	7.839558e+01	4.286211e+01	1.440865e+02
796	2.278191e+01	2.619992e+03	4.686026e+02	3.062833e+02	7.791949e+01	4.281186e+01	1.415990e+02
797	2.281053e+01	2.645124e+03	4.702283e+02	3.065878e+02	7.836379e+01	4.297746e+01	1.389469e+02
798	2.283915e+01	2.641238e+03	4.716373e+02	3.066979e+02	7.848501e+01	4.284805e+01	1.368403e+02
799	2.286777e+01	2.631510e+03	4.732211e+02	3.068720e+02	7.852711e+01	4.266734e+01	1.341537e+02
