1	2.862869e-02	2.719652e+03	4.332747e+02	4.057197e+02	7.932992e+01	4.365022e+01	1.416262e+00
2	5.725737e-02	2.741771e+03	4.339246e+02	4.045437e+02	7.964597e+01	4.383061e+01	4.165995e+00
3	8.588606e-02	2.726772e+03	4.349428e+02	4.036058e+02	7.927653e+01	4.379397e+01	6.668908e+00
4	1.145147e-01	2.741634e+03	4.359406e+02	4.024391e+02	7.933047e+01	4.400273e+01	9.106606e+00
5	1.431434e-01	2.767168e+03	4.369154e+02	4.014337e+02	7.903993e+01	4.457580e+01	1.158488e+01
6	1.717721e-01	2.794530e+03	4.379579e+02	4.004980e+02	7.853917e+01	4.530359e+01	1.452140e+01
7	2.004008e-01	2.733232e+03	4.395064e+02	4.002019e+02	7.970067e+01	4.366412e+01	1.871028e+01
8	2.290295e-01	2.731600e+03	4.408929e+02	3.996353e+02	7.957804e+01	4.370528e+01	2.178559e+01
9	2.576582e-01	2.727632e+03	4.422897e+02	3.993221e+02	7.972645e+01	4.356057e+01	2.543237e+01
10	2.862869e-01	2.756042e+03	4.437644e+02	3.988421e+02	8.008778e+01	4.381569e+01	2.929307e+01
11	3.149155e-01	2.728160e+03	4.451134e+02	3.984268e+02	7.959896e+01	4.363877e+01	3.186870e+01
12	3.435442e-01	2.729587e+03	4.465983e+02	3.977860e+02	7.961401e+01	4.365334e+01	3.388059e+01
13	3.721729e-01	2.711860e+03	4.480872e+02	3.973426e+02	7.892713e+01	4.374728e+01	3.642455e+01
14	4.008016e-01	2.718992e+03	4.493957e+02	3.969352e+02	7.936767e+01	4.361887e+01	3.881616e+01
15	4.294303e-01	2.727609e+03	4.509517e+02	3.964520e+02	7.938410e+01	4.374804e+01	4.163898e+01
16	4.580590e-01	2.712294e+03	4.523390e+02	3.960841e+02	7.924580e+01	4.357833e+01	4.402824e+01
17	4.866877e-01	2.722255e+03	4.536578e+02	3.956741e+02	7.901085e+01	4.386845e+01	4.618091e+01
18	5.153163e-01	2.708714e+03	4.551452e+02	3.954699e+02	7.946038e+01	4.340328e+01	4.832152e+01
19	5.439450e-01	2.706798e+03	4.567052e+02	3.952413e+02	7.937708e+01	4.341810e+01	5.051972e+01
20	5.725737e-01	2.710496e+03	4.581985e+02	3.949981e+02	7.963898e+01	4.333445e+01	5.246410e+01
21	6.012024e-01	2.715177e+03	4.597982e+02	3.949170e+02	7.966793e+01	4.339351e+01	5.472308e+01
22	6.298311e-01	2.704402e+03	4.612680e+02	3.948194e+02	7.968085e+01	4.321429e+01	5.701137e+01
23	6.584598e-01	2.702746e+03	4.627824e+02	3.949262e+02	7.965454e+01	4.320210e+01	5.914178e+01
24	6.870885e-01	2.716062e+03	4.642677e+02	3.949701e+02	8.001180e+01	4.322110e+01	6.123759e+01
25	7.157171e-01	2.713267e+03	4.660909e+02	3.949180e+02	8.003475e+01	4.316423e+01	6.334460e+01
26	7.443458e-01	2.711410e+03	4.674619e+02	3.951972e+02	8.009608e+01	4.310166e+01	6.553799e+01
27	7.729745e-01	2.711561e+03	4.689394e+02	3.955237e+02	8.018604e+01	4.305571e+01	6.760651e+01
28	8.016032e-01	2.725714e+03	4.705504e+02	3.956658e+02	8.067524e+01	4.301799e+01	6.968224e+01
29	8.302319e-01	2.711671e+03	4.721552e+02	3.960676e+02	8.066257e+01	4.280308e+01	7.156169e+01
30	8.588606e-01	2.708997e+03	4.737979e+02	3.964698e+02	8.022732e+01	4.299286e+01	7.362603e+01
31	8.874893e-01	2.713589e+03	4.752186e+02	3.969497e+02	8.085123e+01	4.273341e+01	7.574133e+01
32	9.161180e-01	2.708164e+03	4.765340e+02	3.974500e+02	8.065355e+01	4.275250e+01	7.764556e+01
33	9.447466e-01	2.690421e+03	4.781154e+02	3.979752e+02	8.049996e+01	4.255343e+01	7.971188e+01
34	9.733753e-01	2.703658e+03	4.795400e+02	3.986295e+02	8.060498e+01	4.270708e+01	8.137560e+01
35	1.002004e+00	2.725308e+03	4.809623e+02	3.992225e+02	8.128047e+01	4.269131e+01	8.349150e+01
36	1.030633e+00	2.717477e+03	4.822927e+02	3.999888e+02	8.115783e+01	4.263298e+01	8.533694e+01
37	1.059261e+00	2.704364e+03	4.837889e+02	4.006710e+02	8.077519e+01	4.262823e+01	8.706314e+01
38	1.087890e+00	2.709492e+03	4.851040e+02	4.015352e+02	8.089663e+01	4.264495e+01	8.978001e+01
39	1.116519e+00	2.702689e+03	4.863596e+02	4.023151e+02	8.057964e+01	4.270522e+01	9.137459e+01
40	1.145147e+00	2.695645e+03	4.877118e+02	4.031788e+02	8.080882e+01	4.247311e+01	9.299837e+01
41	1.173776e+00	2.698994e+03	4.889627e+02	4.041711e+02	8.093323e+01	4.246050e+01	9.496518e+01
42	1.202405e+00	2.709189e+03	4.900860e+02	4.051744e+02	8.080878e+01	4.268653e+01	9.671119e+01
43	1.231033e+00	2.689852e+03	4.912830e+02	4.060785e+02	8.027034e+01	4.266615e+01	9.886258e+01
44	1.259662e+00	2.707964e+03	4.925292e+02	4.070787e+02	8.080856e+01	4.266735e+01	1.004938e+02
45	1.288291e+00	2.705516e+03	4.937320e+02	4.081848e+02	8.081974e+01	4.262288e+01	1.020456e+02
46	1.316920e+00	2.704873e+03	4.950742e+02	4.093901e+02	8.052938e+01	4.276639e+01	1.036169e+02
47	1.345548e+00	2.712529e+03	4.960417e+02	4.105079e+02	8.039964e+01	4.295665e+01	1.057080e+02
48	1.374177e+00	2.717423e+03	4.970836e+02	4.114911e+02	8.074524e+01	4.284996e+01	1.070024e+02
49	1.402806e+00	2.699263e+03	4.981740e+02	4.127132e+02	8.047821e+01	4.270483e+01	1.087912e+02
50	1.431434e+00	2.717042e+03	4.993199e+02	4.141225e+02	8.039617e+01	4.302998e+01	1.105340e+02
51	1.460063e+00	2.699182e+03	5.002351e+02	4.153469e+02	8.009210e+01	4.290941e+01	1.119821e+02
52	1.488692e+00	2.717704e+03	5.010167e+02	4.166790e+02	8.023299e+01	4.312799e+01	1.142762e+02
53	1.517320e+00	2.715593e+03	5.020130e+02	4.180618e+02	8.014670e+01	4.314090e+01	1.162189e+02
54	1.545949e+00	2.718412e+03	5.028645e+02	4.194299e+02	8.016497e+01	4.317583e+01	1.178323e+02
55	1.574578e+00	2.722322e+03	5.036406e+02	4.206969e+02	8.039216e+01	4.311575e+01	1.191948e+02
56	1.603206e+00	2.727922e+03	5.044568e+02	4.222170e+02	8.047427e+01	4.316035e+01	1.207591e+02
57	1.631835e+00	2.703195e+03	5.054152e+02	4.236297e+02	7.973778e+01	4.316417e+01	1.224233e+02
58	1.660464e+00	2.705472e+03	5.061019e+02	4.250901e+02	7.967133e+01	4.323656e+01	1.245753e+02
59	1.689092e+00	2.704155e+03	5.066951e+02	4.266620e+02	7.989479e+01	4.309464e+01	1.259356e+02
60	1.717721e+00	2.716624e+03	5.075707e+02	4.282234e+02	7.969232e+01	4.340335e+01	1.273200e+02
61	1.746350e+00	2.722176e+03	5.079866e+02	4.294609e+02	7.995926e+01	4.334686e+01	1.291327e+02
62	1.774979e+00	2.723895e+03	5.086321e+02	4.309244e+02	7.997074e+01	4.336800e+01	1.303276e+02
63	1.803607e+00	2.727487e+03	5.093744e+02	4.324809e+02	7.986488e+01	4.348275e+01	1.317314e+02
64	1.832236e+00	2.721184e+03	5.100189e+02	4.340764e+02	7.985519e+01	4.338753e+01	1.329310e+02
65	1.860865e+00	2.730393e+03	5.104381e+02	4.354094e+02	8.003360e+01	4.343731e+01	1.344818e+02
66	1.889493e+00	2.718216e+03	5.110793e+02	4.371063e+02	7.981767e+01	4.336057e+01	1.355755e+02
67	1.918122e+00	2.719558e+03	5.114532e+02	4.387430e+02	7.964595e+01	4.347551e+01	1.375450e+02
68	1.946751e+00	2.720936e+03	5.116503e+02	4.402126e+02	7.942162e+01	4.362041e+01	1.390458e+02
69	1.975379e+00	2.781011e+03	5.114580e+02	4.418217e+02	7.956944e+01	4.450068e+01	1.388053e+02
70	2.004008e+00	2.717828e+03	5.123653e+02	4.433806e+02	7.940473e+01	4.357985e+01	1.423773e+02
71	2.032637e+00	2.750514e+03	5.126294e+02	4.450228e+02	7.946891e+01	4.406835e+01	1.432376e+02
72	2.061265e+00	2.726176e+03	5.130516e+02	4.463815e+02	7.958878e+01	4.361263e+01	1.447105e+02
73	2.089894e+00	2.723603e+03	5.134709e+02	4.480072e+02	7.921690e+01	4.377600e+01	1.456462e+02
74	2.118523e+00	2.717642e+03	5.139371e+02	4.494745e+02	7.928670e+01	4.364174e+01	1.469126e+02
75	2.147151e+00	2.731663e+03	5.142875e+02	4.509932e+02	7.976762e+01	4.360242e+01	1.472360e+02
76	2.175780e+00	2.733160e+03	5.143488e+02	4.525229e+02	7.957597e+01	4.373139e+01	1.485163e+02
77	2.204409e+00	2.736649e+03	5.145377e+02	4.541889e+02	7.928519e+01	4.394780e+01	1.505364e+02
78	2.233038e+00	2.741843e+03	5.146180e+02	4.558489e+02	7.915367e+01	4.410437e+01	1.515539e+02
79	2.261666e+00	2.752649e+03	5.146948e+02	4.573079e+02	7.927668e+01	4.420949e+01	1.529633e+02
80	2.290295e+00	2.730146e+03	5.147713e+02	4.588350e+02	7.936192e+01	4.380098e+01	1.549450e+02
81	2.318924e+00	2.724673e+03	5.146111e+02	4.605195e+02	7.952040e+01	4.362605e+01	1.566314e+02
82	2.347552e+00	2.745818e+03	5.143063e+02	4.619925e+02	7.960799e+01	4.391624e+01	1.582308e+02
83	2.376181e+00	2.754597e+03	5.143002e+02	4.634131e+02	7.988644e+01	4.390309e+01	1.595149e+02
84	2.404810e+00	2.745196e+03	5.142230e+02	4.652195e+02	7.939324e+01	4.402506e+01	1.615979e+02
85	2.433438e+00	2.746768e+03	5.138785e+02	4.666230e+02	7.932197e+01	4.408984e+01	1.628811e+02
86	2.462067e+00	2.734341e+03	5.137142e+02	4.682825e+02	7.936934e+01	4.386417e+01	1.652146e+02
87	2.490696e+00	2.757708e+03	5.133384e+02	4.701836e+02	7.896859e+01	4.446354e+01	1.664464e+02
88	2.519324e+00	2.761049e+03	5.130687e+02	4.714916e+02	7.925473e+01	4.435668e+01	1.685926e+02
89	2.547953e+00	2.759248e+03	5.128338e+02	4.727924e+02	7.959062e+01	4.414068e+01	1.701926e+02
90	2.576582e+00	2.753488e+03	5.123835e+02	4.744806e+02	7.992780e+01	4.386271e+01	1.720175e+02
91	2.605210e+00	2.736275e+03	5.118410e+02	4.758995e+02	7.936906e+01	4.389537e+01	1.739830e+02
92	2.633839e+00	2.744789e+03	5.112900e+02	4.774877e+02	7.921545e+01	4.411733e+01	1.758574e+02
93	2.662468e+00	2.770952e+03	5.106571e+02	4.786874e+02	7.934086e+01	4.446745e+01	1.776671e+02
94	2.691096e+00	2.802405e+03	5.096628e+02	4.804555e+02	7.868106e+01	4.534932e+01	4.703977e-01
95	2.719725e+00	2.766491e+03	5.091431e+02	4.817059e+02	7.958178e+01	4.426147e+01	2.129962e+00
96	2.748354e+00	2.755553e+03	5.084044e+02	4.829472e+02	7.925690e+01	4.426718e+01	3.787639e+00
97	2.776983e+00	2.758758e+03	5.077417e+02	4.841234e+02	7.956904e+01	4.414481e+01	5.744310e+00
98	2.805611e+00	2.787828e+03	5.066945e+02	4.857923e+02	7.957627e+01	4.460592e+01	7.782686e+00
99	2.834240e+00	2.766173e+03	5.061478e+02	4.869634e+02	7.951105e+01	4.429573e+01	8.680227e+00
100	2.862869e+00	2.782679e+03	5.051764e+02	4.881517e+02	8.009466e+01	4.423537e+01	1.118167e+01
101	2.891497e+00	2.795902e+03	5.039927e+02	4.897317e+02	8.029086e+01	4.433697e+01	1.385797e+01
102	2.920126e+00	2.777177e+03	5.032815e+02	4.906696e+02	8.028392e+01	4.404383e+01	1.483834e+01
103	2.948755e+00	2.769268e+03	5.022370e+02	4.918880e+02	8.008578e+01	4.402707e+01	1.698707e+01
104	2.977383e+00	2.769217e+03	5.013416e+02	4.929064e+02	7.987282e+01	4.414364e+01	1.893510e+01
105	3.006012e+00	2.771903e+03	5.001859e+02	4.940502e+02	8.019541e+01	4.400872e+01	2.076302e+01
106	3.034641e+00	2.773676e+03	4.991499e+02	4.949655e+02	8.018771e+01	4.404110e+01	2.254984e+01
107	3.063269e+00	2.764248e+03	4.979976e+02	4.959308e+02	8.012678e+01	4.392477e+01	2.430249e+01
108	3.091898e+00	2.825815e+03	4.963389e+02	4.968438e+02	7.919371e+01	4.543214e+01	2.715588e+01
109	3.120527e+00	2.771933e+03	4.956346e+02	4.978068e+02	8.032307e+01	4.393925e+01	2.844887e+01
110	3.149155e+00	2.765487e+03	4.944250e+02	4.986698e+02	7.986545e+01	4.408824e+01	3.039312e+01
111	3.177784e+00	2.761335e+03	4.932107e+02	4.995475e+02	8.009655e+01	4.389504e+01	3.198702e+01
112	3.206413e+00	2.774605e+03	4.920992e+02	5.003607e+02	8.008582e+01	4.411189e+01	3.409878e+01
113	3.235042e+00	2.789153e+03	4.906958e+02	5.010962e+02	8.016708e+01	4.429823e+01	3.555643e+01
114	3.263670e+00	2.779914e+03	4.894547e+02	5.019106e+02	8.023737e+01	4.411281e+01	3.719818e+01
115	3.292299e+00	2.745766e+03	4.882724e+02	5.027540e+02	7.980634e+01	4.380627e+01	3.885304e+01
116	3.320928e+00	2.774838e+03	4.870411e+02	5.033312e+02	7.994992e+01	4.419058e+01	4.040000e+01
117	3.349556e+00	2.770703e+03	4.856270e+02	5.040708e+02	8.019604e+01	4.398932e+01	4.252315e+01
118	3.378185e+00	2.777248e+03	4.842954e+02	5.044496e+02	8.035829e+01	4.400420e+01	4.440961e+01
119	3.406814e+00	2.782982e+03	4.826637e+02	5.050851e+02	8.046978e+01	4.403395e+01	4.644807e+01
120	3.435442e+00	2.767983e+03	4.813671e+02	5.055837e+02	8.042612e+01	4.382041e+01	4.771739e+01
121	3.464071e+00	2.766776e+03	4.798749e+02	5.060307e+02	8.051231e+01	4.375441e+01	4.956259e+01
122	3.492700e+00	2.770448e+03	4.783393e+02	5.062477e+02	8.048150e+01	4.382926e+01	5.183799e+01
123	3.521328e+00	2.746627e+03	4.768394e+02	5.067010e+02	8.019721e+01	4.360642e+01	5.383129e+01
124	3.549957e+00	2.745044e+03	4.753917e+02	5.069015e+02	8.028574e+01	4.353325e+01	5.549470e+01
125	3.578586e+00	2.767488e+03	4.738284e+02	5.071980e+02	8.077959e+01	4.362086e+01	5.757960e+01
126	3.607214e+00	2.751617e+03	4.725156e+02	5.074307e+02	8.040582e+01	4.357230e+01	5.835880e+01
127	3.635843e+00	2.754066e+03	4.711077e+02	5.076580e+02	8.044511e+01	4.358979e+01	5.981506e+01
128	3.664472e+00	2.757577e+03	4.695112e+02	5.078257e+02	8.067897e+01	4.351884e+01	6.164340e+01
129	3.693100e+00	2.760575e+03	4.681144e+02	5.077919e+02	8.045876e+01	4.368541e+01	6.348487e+01
130	3.721729e+00	2.758371e+03	4.663738e+02	5.079562e+02	8.069539e+01	4.352252e+01	6.525552e+01
131	3.750358e+00	2.765852e+03	4.648393e+02	5.079027e+02	8.088930e+01	4.353595e+01	6.711425e+01
132	3.778987e+00	2.756240e+03	4.636088e+02	5.081059e+02	8.098506e+01	4.333335e+01	6.781903e+01
133	3.807615e+00	2.755215e+03	4.619519e+02	5.080875e+02	8.104097e+01	4.328735e+01	6.919507e+01
134	3.836244e+00	2.752185e+03	4.604778e+02	5.080108e+02	8.068862e+01	4.342856e+01	7.119572e+01
135	3.864873e+00	2.740264e+03	4.590320e+02	5.078805e+02	8.079583e+01	4.318308e+01	7.220666e+01
136	3.893501e+00	2.742613e+03	4.574909e+02	5.076936e+02	8.092915e+01	4.314889e+01	7.390910e+01
137	3.922130e+00	2.756922e+03	4.556743e+02	5.074826e+02	8.149191e+01	4.307448e+01	7.572486e+01
138	3.950759e+00	2.740304e+03	4.544606e+02	5.070686e+02	8.108836e+01	4.302791e+01	7.736999e+01
139	3.979387e+00	2.744055e+03	4.529551e+02	5.066268e+02	8.117940e+01	4.303850e+01	7.911767e+01
140	4.008016e+00	2.740467e+03	4.513765e+02	5.061163e+02	8.080446e+01	4.318166e+01	8.067393e+01
141	4.036645e+00	2.740432e+03	4.500625e+02	5.055922e+02	8.125220e+01	4.294316e+01	8.234101e+01
142	4.065273e+00	2.736195e+03	4.487322e+02	5.051853e+02	8.106535e+01	4.297560e+01	8.399799e+01
143	4.093902e+00	2.727550e+03	4.472658e+02	5.045251e+02	8.078345e+01	4.298930e+01	8.576682e+01
144	4.122531e+00	2.727294e+03	4.458456e+02	5.038247e+02	8.113950e+01	4.279665e+01	8.748036e+01
145	4.151159e+00	2.731609e+03	4.443683e+02	5.032729e+02	8.113752e+01	4.286541e+01	8.874722e+01
146	4.179788e+00	2.731483e+03	4.429554e+02	5.027460e+02	8.137355e+01	4.273911e+01	9.008869e+01
147	4.208417e+00	2.736114e+03	4.415339e+02	5.021614e+02	8.117255e+01	4.291756e+01	9.126123e+01
148	4.237046e+00	2.725987e+03	4.402909e+02	5.013867e+02	8.114539e+01	4.277303e+01	9.300577e+01
149	4.265674e+00	2.743008e+03	4.387464e+02	5.005414e+02	8.130511e+01	4.295555e+01	9.464648e+01
150	4.294303e+00	2.717184e+03	4.375883e+02	4.997234e+02	8.101615e+01	4.270292e+01	9.622121e+01
151	4.322932e+00	2.740497e+03	4.362956e+02	4.988821e+02	8.122678e+01	4.295762e+01	9.780190e+01
152	4.351560e+00	2.727223e+03	4.350283e+02	4.980541e+02	8.105138e+01	4.284207e+01	9.859092e+01
153	4.380189e+00	2.720174e+03	4.337689e+02	4.970421e+02	8.115106e+01	4.267884e+01	1.003335e+02
154	4.408818e+00	2.730416e+03	4.327435e+02	4.960933e+02	8.110090e+01	4.286602e+01	1.021584e+02
155	4.437446e+00	2.735583e+03	4.315287e+02	4.949874e+02	8.128521e+01	4.284977e+01	1.039449e+02
156	4.466075e+00	2.737503e+03	4.303843e+02	4.938149e+02	8.102496e+01	4.301757e+01	1.057464e+02
157	4.494704e+00	2.719866e+03	4.294460e+02	4.926254e+02	8.072555e+01	4.289894e+01	1.074606e+02
158	4.523332e+00	2.728209e+03	4.284048e+02	4.915446e+02	8.082127e+01	4.297957e+01	1.091404e+02
159	4.551961e+00	2.725944e+03	4.272290e+02	4.904236e+02	8.053301e+01	4.309761e+01	1.102144e+02
160	4.580590e+00	2.729779e+03	4.262459e+02	4.890032e+02	8.069158e+01	4.307343e+01	1.121508e+02
161	4.609218e+00	2.729021e+03	4.253632e+02	4.877467e+02	8.069503e+01	4.305962e+01	1.142259e+02
162	4.637847e+00	2.725479e+03	4.245367e+02	4.863458e+02	8.084476e+01	4.292409e+01	1.160807e+02
163	4.666476e+00	2.724512e+03	4.236972e+02	4.850423e+02	8.030592e+01	4.319677e+01	1.179692e+02
164	4.695104e+00	2.721633e+03	4.229741e+02	4.836076e+02	8.033374e+01	4.313618e+01	1.197765e+02
165	4.723733e+00	2.749832e+03	4.221294e+02	4.822182e+02	8.094212e+01	4.325553e+01	1.211328e+02
166	4.752362e+00	2.725660e+03	4.217170e+02	4.808741e+02	8.023846e+01	4.325131e+01	1.233143e+02
167	4.780991e+00	2.730420e+03	4.210556e+02	4.795523e+02	8.043951e+01	4.321856e+01	1.251342e+02
168	4.809619e+00	2.732888e+03	4.203589e+02	4.780044e+02	8.041648e+01	4.326999e+01	1.267712e+02
169	4.838248e+00	2.739805e+03	4.198987e+02	4.767061e+02	8.014649e+01	4.352565e+01	1.285904e+02
170	4.866877e+00	2.756041e+03	4.191657e+02	4.751282e+02	8.032219e+01	4.368781e+01	1.305110e+02
171	4.895505e+00	2.758519e+03	4.187272e+02	4.735590e+02	8.017590e+01	4.380687e+01	1.322235e+02
172	4.924134e+00	2.752185e+03	4.180732e+02	4.722026e+02	7.989427e+01	4.386036e+01	1.330693e+02
173	4.952763e+00	2.750698e+03	4.174228e+02	4.707745e+02	8.000756e+01	4.377458e+01	1.342631e+02
174	4.981391e+00	2.733612e+03	4.171331e+02	4.694712e+02	7.985411e+01	4.358627e+01	1.358139e+02
175	5.010020e+00	2.744944e+03	4.164167e+02	4.679358e+02	8.014839e+01	4.360625e+01	1.370668e+02
176	5.038649e+00	2.741773e+03	4.160467e+02	4.664572e+02	7.983319e+01	4.372785e+01	1.382918e+02
177	5.067277e+00	2.734025e+03	4.157270e+02	4.649795e+02	7.976855e+01	4.363961e+01	1.398001e+02
178	5.095906e+00	2.753044e+03	4.155356e+02	4.634496e+02	8.032735e+01	4.363750e+01	1.417895e+02
179	5.124535e+00	2.746061e+03	4.154439e+02	4.619059e+02	7.982657e+01	4.379987e+01	1.435328e+02
180	5.153163e+00	2.764171e+03	4.153129e+02	4.603400e+02	7.986896e+01	4.406533e+01	1.461064e+02
181	5.181792e+00	2.770324e+03	4.153944e+02	4.587078e+02	8.024064e+01	4.395885e+01	1.474150e+02
182	5.210421e+00	2.748775e+03	4.154763e+02	4.570814e+02	7.948487e+01	4.403163e+01	1.495188e+02
183	5.239050e+00	2.743048e+03	4.155618e+02	4.555884e+02	7.974257e+01	4.379790e+01	1.517039e+02
184	5.267678e+00	2.752435e+03	4.156665e+02	4.539534e+02	8.000130e+01	4.380566e+01	1.539405e+02
185	5.296307e+00	2.749337e+03	4.157068e+02	4.525601e+02	7.953362e+01	4.401365e+01	1.550456e+02
186	5.324936e+00	2.757334e+03	4.157979e+02	4.508971e+02	7.936263e+01	4.423677e+01	1.569608e+02
187	5.353564e+00	2.769745e+03	4.159248e+02	4.494783e+02	7.915757e+01	4.455100e+01	1.587717e+02
188	5.382193e+00	2.760291e+03	4.164158e+02	4.477878e+02	7.968285e+01	4.410625e+01	1.606171e+02
189	5.410822e+00	2.784064e+03	4.167672e+02	4.468493e+02	7.956033e+01	4.455463e+01	1.636890e+02
190	5.439450e+00	2.757482e+03	4.172000e+02	4.447970e+02	7.947283e+01	4.417780e+01	1.650364e+02
191	5.468079e+00	2.770301e+03	4.175415e+02	4.432336e+02	7.953784e+01	4.434690e+01	1.668443e+02
192	5.496708e+00	2.752036e+03	4.181815e+02	4.419356e+02	7.990710e+01	4.385094e+01	1.690941e+02
193	5.525336e+00	2.757933e+03	4.185388e+02	4.403362e+02	7.963898e+01	4.409285e+01	1.711828e+02
194	5.553965e+00	2.776744e+03	4.189978e+02	4.391646e+02	7.920020e+01	4.463953e+01	1.740979e+02
195	5.582594e+00	2.766594e+03	4.199490e+02	4.375468e+02	7.998872e+01	4.403791e+01	1.753312e+02
196	5.611222e+00	2.768270e+03	4.205910e+02	4.361018e+02	7.955515e+01	4.430475e+01	1.775871e+02
197	5.639851e+00	2.745470e+03	4.215540e+02	4.348476e+02	7.989245e+01	4.375434e+01	1.798678e+02
198	5.668480e+00	2.746386e+03	4.224264e+02	4.334810e+02	8.008102e+01	4.366587e+01	2.064517e+00
199	5.697109e+00	2.751111e+03	4.231993e+02	4.323729e+02	7.967332e+01	4.396482e+01	4.345484e+00
200	5.725737e+00	2.758491e+03	4.242185e+02	4.310636e+02	7.969817e+01	4.406901e+01	6.917721e+00
201	5.754366e+00	2.784911e+03	4.249565e+02	4.302713e+02	8.035680e+01	4.412643e+01	9.688437e+00
202	5.782995e+00	2.745465e+03	4.261918e+02	4.287820e+02	7.969394e+01	4.386325e+01	1.087533e+01
203	5.811623e+00	2.740128e+03	4.271648e+02	4.275658e+02	7.967042e+01	4.379090e+01	1.277860e+01
204	5.840252e+00	2.751883e+03	4.283943e+02	4.262803e+02	8.001447e+01	4.378966e+01	1.506228e+01
205	5.868881e+00	2.734093e+03	4.293932e+02	4.252940e+02	7.954298e+01	4.376445e+01	1.691832e+01
206	5.897509e+00	2.765306e+03	4.305587e+02	4.243279e+02	7.990878e+01	4.406146e+01	1.907549e+01
207	5.926138e+00	2.741700e+03	4.319127e+02	4.235450e+02	7.972945e+01	4.378358e+01	2.138094e+01
208	5.954767e+00	2.738078e+03	4.333188e+02	4.224610e+02	7.971262e+01	4.373497e+01	2.365441e+01
209	5.983395e+00	2.748583e+03	4.344044e+02	4.217230e+02	7.968758e+01	4.391656e+01	2.632514e+01
210	6.012024e+00	2.736285e+03	4.359648e+02	4.208766e+02	7.977954e+01	4.366967e+01	2.844051e+01
211	6.040653e+00	2.741110e+03	4.373803e+02	4.201937e+02	7.998547e+01	4.363405e+01	3.025951e+01
212	6.069281e+00	2.735958e+03	4.388430e+02	4.195544e+02	7.990758e+01	4.359449e+01	3.288644e+01
213	6.097910e+00	2.720938e+03	4.402657e+02	4.190887e+02	7.947771e+01	4.358966e+01	3.512755e+01
214	6.126539e+00	2.734837e+03	4.419250e+02	4.184458e+02	7.981645e+01	4.362637e+01	3.727608e+01
215	6.155167e+00	2.730333e+03	4.432767e+02	4.178776e+02	7.956678e+01	4.369119e+01	3.966569e+01
216	6.183796e+00	2.726703e+03	4.446165e+02	4.175258e+02	7.965859e+01	4.358282e+01	4.189206e+01
217	6.212425e+00	2.723413e+03	4.461165e+02	4.171408e+02	7.965059e+01	4.353460e+01	4.421893e+01
218	6.241054e+00	2.712165e+03	4.476536e+02	4.168054e+02	7.940967e+01	4.348633e+01	4.634630e+01
219	6.269682e+00	2.708699e+03	4.490871e+02	4.165933e+02	7.938993e+01	4.344156e+01	4.860650e+01
220	6.298311e+00	2.721519e+03	4.507464e+02	4.163398e+02	7.969926e+01	4.347776e+01	5.103628e+01
221	6.326940e+00	2.719423e+03	4.522904e+02	4.161176e+02	7.949996e+01	4.355319e+01	5.321341e+01
222	6.355568e+00	2.710519e+03	4.539667e+02	4.160139e+02	7.953253e+01	4.339280e+01	5.497263e+01
223	6.384197e+00	2.713513e+03	4.553671e+02	4.159786e+02	7.971478e+01	4.334142e+01	5.697143e+01
224	6.412826e+00	2.715118e+03	4.570335e+02	4.160065e+02	7.986307e+01	4.328653e+01	5.904713e+01
225	6.441454e+00	2.708892e+03	4.585865e+02	4.160119e+02	7.984291e+01	4.319818e+01	6.114133e+01
226	6.470083e+00	2.709860e+03	4.601720e+02	4.160409e+02	7.970489e+01	4.328846e+01	6.275814e+01
227	6.498712e+00	2.708135e+03	4.616557e+02	4.162161e+02	7.984081e+01	4.318725e+01	6.494846e+01
228	6.527340e+00	2.707132e+03	4.631197e+02	4.165283e+02	8.000636e+01	4.308192e+01	6.736694e+01
229	6.555969e+00	2.705109e+03	4.648333e+02	4.167592e+02	7.990560e+01	4.310400e+01	6.948967e+01
230	6.584598e+00	2.714288e+03	4.663160e+02	4.170817e+02	8.014687e+01	4.312007e+01	7.166531e+01
231	6.613226e+00	2.703434e+03	4.679816e+02	4.174447e+02	8.049824e+01	4.276018e+01	7.366358e+01
232	6.641855e+00	2.709478e+03	4.694212e+02	4.179362e+02	8.034828e+01	4.293576e+01	7.546564e+01
233	6.670484e+00	2.700205e+03	4.707504e+02	4.184461e+02	8.021205e+01	4.286148e+01	7.768542e+01
234	6.699113e+00	2.719759e+03	4.724664e+02	4.189487e+02	8.065444e+01	4.293508e+01	7.958070e+01
235	6.727741e+00	2.714013e+03	4.741151e+02	4.193962e+02	8.064497e+01	4.284940e+01	8.118968e+01
236	6.756370e+00	2.714991e+03	4.755655e+02	4.201094e+02	8.071149e+01	4.282952e+01	8.264232e+01
237	6.784999e+00	2.714056e+03	4.769866e+02	4.208804e+02	8.117297e+01	4.257135e+01	8.454912e+01
238	6.813627e+00	2.718223e+03	4.784789e+02	4.214143e+02	8.095865e+01	4.274958e+01	8.631519e+01
239	6.842256e+00	2.712110e+03	4.800141e+02	4.221635e+02	8.075903e+01	4.275888e+01	8.768785e+01
240	6.870885e+00	2.719059e+03	4.813061e+02	4.229050e+02	8.104343e+01	4.271801e+01	8.948118e+01
241	6.899513e+00	2.720161e+03	4.826703e+02	4.237064e+02	8.091340e+01	4.280400e+01	9.123572e+01
242	6.928142e+00	2.716711e+03	4.841427e+02	4.245663e+02	8.104118e+01	4.268230e+01	9.291963e+01
243	6.956771e+00	2.714545e+03	4.855080e+02	4.255048e+02	8.095281e+01	4.269483e+01	9.483901e+01
244	6.985399e+00	2.713813e+03	4.866763e+02	4.264014e+02	8.118583e+01	4.256079e+01	9.633317e+01
245	7.014028e+00	2.722235e+03	4.878705e+02	4.272409e+02	8.094886e+01	4.281786e+01	9.808971e+01
246	7.042657e+00	2.719222e+03	4.891538e+02	4.283709e+02	8.101745e+01	4.273426e+01	9.970296e+01
247	7.071285e+00	2.708771e+03	4.905651e+02	4.295102e+02	8.066172e+01	4.275776e+01	1.013581e+02
248	7.099914e+00	2.711461e+03	4.914728e+02	4.305748e+02	8.079134e+01	4.273156e+01	1.030894e+02
249	7.128543e+00	2.718071e+03	4.928788e+02	4.318319e+02	8.073222e+01	4.286709e+01	1.050823e+02
250	7.157171e+00	2.715803e+03	4.940469e+02	4.329934e+02	8.068431e+01	4.285675e+01	1.068536e+02
251	7.185800e+00	2.713165e+03	4.950686e+02	4.343037e+02	8.071458e+01	4.279908e+01	1.084944e+02
252	7.214429e+00	2.727684e+03	4.959633e+02	4.355372e+02	8.084439e+01	4.295902e+01	1.107156e+02
253	7.243058e+00	2.715981e+03	4.970524e+02	4.370112e+02	8.027573e+01	4.307771e+01	1.122802e+02
254	7.271686e+00	2.707349e+03	4.981734e+02	4.383949e+02	8.034125e+01	4.290578e+01	1.140814e+02
255	7.300315e+00	2.713680e+03	4.989635e+02	4.397451e+02	8.021420e+01	4.307422e+01	1.164653e+02
256	7.328944e+00	2.717793e+03	4.999992e+02	4.413113e+02	8.030324e+01	4.309168e+01	1.179725e+02
257	7.357572e+00	2.701342e+03	5.007358e+02	4.427404e+02	7.977849e+01	4.311256e+01	1.201261e+02
258	7.386201e+00	2.711486e+03	5.015455e+02	4.442111e+02	8.006570e+01	4.311923e+01	1.217229e+02
259	7.414830e+00	2.705575e+03	5.022711e+02	4.457054e+02	8.022117e+01	4.294184e+01	1.234582e+02
260	7.443458e+00	2.715956e+03	5.030551e+02	4.470154e+02	8.028041e+01	4.307480e+01	1.250034e+02
261	7.472087e+00	2.730129e+03	5.039160e+02	4.486373e+02	8.031529e+01	4.328078e+01	1.265209e+02
262	7.500716e+00	2.724146e+03	5.044445e+02	4.500928e+02	8.033649e+01	4.317453e+01	1.281191e+02
263	7.529344e+00	2.723078e+03	5.052977e+02	4.517350e+02	8.018153e+01	4.324101e+01	1.293674e+02
264	7.557973e+00	2.706525e+03	5.059982e+02	4.531673e+02	7.947330e+01	4.336116e+01	1.308422e+02
265	7.586602e+00	2.717152e+03	5.064675e+02	4.546710e+02	7.972726e+01	4.339276e+01	1.327513e+02
266	7.615230e+00	2.732824e+03	5.069021e+02	4.562971e+02	7.978643e+01	4.361066e+01	1.345636e+02
267	7.643859e+00	2.738132e+03	5.073390e+02	4.578722e+02	7.999724e+01	4.358023e+01	1.364034e+02
268	7.672488e+00	2.733187e+03	5.077173e+02	4.593956e+02	7.937284e+01	4.384373e+01	1.378174e+02
269	7.701117e+00	2.726935e+03	5.083686e+02	4.609780e+02	7.980762e+01	4.350514e+01	1.386564e+02
270	7.729745e+00	2.738416e+03	5.087355e+02	4.623355e+02	8.000924e+01	4.357822e+01	1.405526e+02
271	7.758374e+00	2.725486e+03	5.093586e+02	4.640147e+02	7.947909e+01	4.366176e+01	1.410417e+02
272	7.787003e+00	2.742140e+03	5.098152e+02	4.656431e+02	7.944951e+01	4.394491e+01	1.422224e+02
273	7.815631e+00	2.743010e+03	5.100778e+02	4.671625e+02	8.014274e+01	4.357861e+01	1.440188e+02
274	7.844260e+00	2.780257e+03	5.099672e+02	4.686396e+02	8.073761e+01	4.384490e+01	1.449271e+02
275	7.872889e+00	2.788924e+03	5.103379e+02	4.711081e+02	7.874834e+01	4.509261e+01	1.494752e+02
276	7.901517e+00	2.722691e+03	5.107268e+02	4.723254e+02	7.936117e+01	4.368180e+01	1.491319e+02
277	7.930146e+00	2.756211e+03	5.105974e+02	4.740062e+02	7.969926e+01	4.403200e+01	1.515370e+02
278	7.958775e+00	2.734377e+03	5.104774e+02	4.753111e+02	7.917452e+01	4.397269e+01	1.531881e+02
279	7.987403e+00	2.743531e+03	5.103646e+02	4.769804e+02	7.956838e+01	4.390152e+01	1.555342e+02
280	8.016032e+00	2.755207e+03	5.101889e+02	4.785775e+02	7.973477e+01	4.399635e+01	1.571593e+02
281	8.044661e+00	2.737806e+03	5.100662e+02	4.804889e+02	7.937443e+01	4.391695e+01	1.591752e+02
282	8.073289e+00	2.728552e+03	5.097397e+02	4.821461e+02	7.894359e+01	4.400738e+01	1.613546e+02
283	8.101918e+00	2.729483e+03	5.092927e+02	4.836422e+02	7.925623e+01	4.384873e+01	1.634059e+02
284	8.130547e+00	2.725127e+03	5.088848e+02	4.851826e+02	7.914408e+01	4.384080e+01	1.655235e+02
285	8.159175e+00	2.732721e+03	5.083982e+02	4.866882e+02	7.875465e+01	4.418036e+01	1.672513e+02
286	8.187804e+00	2.742794e+03	5.080135e+02	4.881648e+02	7.884898e+01	4.429015e+01	1.690873e+02
287	8.216433e+00	2.767013e+03	5.073922e+02	4.895000e+02	7.933322e+01	4.440851e+01	1.714432e+02
288	8.245062e+00	2.749536e+03	5.068671e+02	4.909808e+02	7.952441e+01	4.402193e+01	1.739795e+02
289	8.273690e+00	2.753324e+03	5.061363e+02	4.926354e+02	7.910461e+01	4.431651e+01	1.757983e+02
290	8.302319e+00	2.828686e+03	5.050011e+02	4.940460e+02	7.890411e+01	4.564522e+01	1.788986e+02
291	8.330948e+00	2.791221e+03	5.047631e+02	4.952800e+02	7.957047e+01	4.466348e+01	1.799554e+02
292	8.359576e+00	2.766332e+03	5.039923e+02	4.967568e+02	7.918097e+01	4.448295e+01	1.296475e+00
293	8.388205e+00	2.768174e+03	5.032580e+02	4.979791e+02	7.995815e+01	4.407993e+01	3.789202e+00
294	8.416834e+00	2.762045e+03	5.025115e+02	4.995014e+02	7.960701e+01	4.417632e+01	5.965183e+00
295	8.445462e+00	2.760770e+03	5.015884e+02	5.005196e+02	7.985412e+01	4.401929e+01	8.449529e+00
296	8.474091e+00	2.753717e+03	5.004921e+02	5.020126e+02	7.955344e+01	4.407278e+01	1.057989e+01
297	8.502720e+00	2.751190e+03	4.993576e+02	5.032186e+02	7.978797e+01	4.390291e+01	1.293812e+01
298	8.531348e+00	2.769197e+03	4.985049e+02	5.041781e+02	7.986175e+01	4.414943e+01	1.501531e+01
299	8.559977e+00	2.779715e+03	4.972712e+02	5.053688e+02	8.026833e+01	4.409265e+01	1.709024e+01
300	8.588606e+00	2.797050e+03	4.960245e+02	5.066156e+02	8.049075e+01	4.424501e+01	2.039737e+01
301	8.617234e+00	2.756543e+03	4.950222e+02	5.073695e+02	7.982687e+01	4.396690e+01	2.156632e+01
302	8.645863e+00	2.754159e+03	4.938758e+02	5.083931e+02	7.970002e+01	4.399878e+01	2.328583e+01
303	8.674492e+00	2.793837e+03	4.925543e+02	5.095150e+02	8.043011e+01	4.422751e+01	2.618588e+01
304	8.703121e+00	2.785458e+03	4.913607e+02	5.101372e+02	8.004202e+01	4.430866e+01	2.779564e+01
305	8.731749e+00	2.786161e+03	4.899544e+02	5.110087e+02	7.990297e+01	4.439698e+01	3.044569e+01
306	8.760378e+00	2.797561e+03	4.885789e+02	5.118741e+02	8.016216e+01	4.443450e+01	3.289547e+01
307	8.789007e+00	2.772081e+03	4.872807e+02	5.123621e+02	7.989764e+01	4.417557e+01	3.459651e+01
308	8.817635e+00	2.779849e+03	4.859487e+02	5.131589e+02	8.031262e+01	4.407045e+01	3.717834e+01
309	8.846264e+00	2.767424e+03	4.846059e+02	5.138799e+02	8.030045e+01	4.388012e+01	3.910346e+01
310	8.874893e+00	2.770197e+03	4.831385e+02	5.144134e+02	8.041308e+01	4.386258e+01	4.057664e+01
311	8.903521e+00	2.768758e+03	4.816651e+02	5.148882e+02	8.021655e+01	4.394719e+01	4.307798e+01
312	8.932150e+00	2.773523e+03	4.801073e+02	5.153966e+02	8.020052e+01	4.403163e+01	4.544097e+01
313	8.960779e+00	2.773522e+03	4.787711e+02	5.158198e+02	8.043627e+01	4.390256e+01	4.730979e+01
314	8.989407e+00	2.789054e+03	4.771913e+02	5.161331e+02	8.041738e+01	4.415878e+01	4.960512e+01
315	9.018036e+00	2.778251e+03	4.757838e+02	5.164764e+02	8.055137e+01	4.391458e+01	5.129174e+01
316	9.046665e+00	2.764973e+03	4.742914e+02	5.166153e+02	8.040983e+01	4.378162e+01	5.303078e+01
317	9.075293e+00	2.760607e+03	4.727232e+02	5.169112e+02	8.050977e+01	4.365823e+01	5.525021e+01
318	9.103922e+00	2.767585e+03	4.709078e+02	5.170232e+02	8.102496e+01	4.349028e+01	5.756082e+01
319	9.132551e+00	2.795780e+03	4.695970e+02	5.172068e+02	8.127888e+01	4.379610e+01	5.993019e+01
320	9.161180e+00	2.756543e+03	4.680492e+02	5.171185e+02	8.073040e+01	4.347482e+01	6.134703e+01
321	9.189808e+00	2.759070e+03	4.664168e+02	5.172473e+02	8.066078e+01	4.355223e+01	6.315908e+01
322	9.218437e+00	2.747001e+03	4.648953e+02	5.172477e+02	8.081868e+01	4.327701e+01	6.513371e+01
323	9.247066e+00	2.755362e+03	4.634087e+02	5.170702e+02	8.092114e+01	4.335376e+01	6.685933e+01
324	9.275694e+00	2.747325e+03	4.618816e+02	5.170061e+02	8.081947e+01	4.328169e+01	6.885906e+01
325	9.304323e+00	2.744151e+03	4.603251e+02	5.167145e+02	8.064764e+01	4.332380e+01	7.080845e+01
326	9.332952e+00	2.739480e+03	4.586852e+02	5.164785e+02	8.098704e+01	4.306879e+01	7.291283e+01
327	9.361580e+00	2.752549e+03	4.570705e+02	5.160601e+02	8.088817e+01	4.332716e+01	7.478765e+01
328	9.390209e+00	2.743848e+03	4.557428e+02	5.157140e+02	8.105399e+01	4.310183e+01	7.634412e+01
329	9.418838e+00	2.733419e+03	4.542276e+02	5.153194e+02	8.106026e+01	4.293469e+01	7.823772e+01
330	9.447466e+00	2.732735e+03	4.526882e+02	5.149008e+02	8.122874e+01	4.283491e+01	8.015998e+01
331	9.476095e+00	2.744137e+03	4.511999e+02	5.142305e+02	8.104236e+01	4.311257e+01	8.220190e+01
332	9.504724e+00	2.752261e+03	4.496357e+02	5.137802e+02	8.182310e+01	4.282761e+01	8.372859e+01
333	9.533352e+00	2.741093e+03	4.483828e+02	5.132185e+02	8.137550e+01	4.288844e+01	8.542054e+01
334	9.561981e+00	2.738323e+03	4.470466e+02	5.126780e+02	8.114925e+01	4.296455e+01	8.679907e+01
335	9.590610e+00	2.737323e+03	4.456991e+02	5.119487e+02	8.135822e+01	4.283855e+01	8.858125e+01
336	9.619238e+00	2.740095e+03	4.442529e+02	5.112908e+02	8.144186e+01	4.283788e+01	9.040212e+01
337	9.647867e+00	2.735967e+03	4.428960e+02	5.105349e+02	8.121796e+01	4.289127e+01	9.196491e+01
338	9.676496e+00	2.732231e+03	4.415602e+02	5.099115e+02	8.130274e+01	4.278804e+01	9.349640e+01
339	9.705125e+00	2.726346e+03	4.404174e+02	5.090854e+02	8.132255e+01	4.268548e+01	9.530312e+01
340	9.733753e+00	2.729194e+03	4.390838e+02	5.081256e+02	8.091731e+01	4.294406e+01	9.675858e+01
341	9.762382e+00	2.739417e+03	4.377676e+02	5.071268e+02	8.113323e+01	4.299021e+01	9.897841e+01
342	9.791011e+00	2.727969e+03	4.365111e+02	5.060893e+02	8.103424e+01	4.286284e+01	1.007627e+02
343	9.819639e+00	2.729462e+03	4.354097e+02	5.050518e+02	8.104025e+01	4.288313e+01	1.030137e+02
344	9.848268e+00	2.734763e+03	4.341733e+02	5.039974e+02	8.075883e+01	4.311613e+01	1.041842e+02
345	9.876897e+00	2.720888e+03	4.330492e+02	5.029474e+02	8.097800e+01	4.278128e+01	1.061126e+02
346	9.905525e+00	2.741617e+03	4.318633e+02	5.017024e+02	8.127294e+01	4.295076e+01	1.075784e+02
347	9.934154e+00	2.725700e+03	4.310144e+02	5.005479e+02	8.079422e+01	4.295441e+01	1.093203e+02
348	9.962783e+00	2.732747e+03	4.299899e+02	4.992804e+02	8.069225e+01	4.311989e+01	1.109045e+02
349	9.991411e+00	2.729379e+03	4.290542e+02	4.979810e+02	8.075464e+01	4.303349e+01	1.127046e+02
350	1.002004e+01	2.746409e+03	4.281332e+02	4.966317e+02	8.074699e+01	4.330610e+01	1.143402e+02
351	1.004867e+01	2.747450e+03	4.273701e+02	4.953129e+02	8.100240e+01	4.318590e+01	1.161452e+02
352	1.007730e+01	2.728072e+03	4.266684e+02	4.939226e+02	8.041402e+01	4.319506e+01	1.182123e+02
353	1.010593e+01	2.732816e+03	4.260439e+02	4.925493e+02	8.038313e+01	4.328680e+01	1.204123e+02
354	1.013455e+01	2.739796e+03	4.252322e+02	4.910948e+02	8.033592e+01	4.342287e+01	1.221640e+02
355	1.016318e+01	2.732263e+03	4.245312e+02	4.897135e+02	8.025408e+01	4.334764e+01	1.235812e+02
356	1.019181e+01	2.739452e+03	4.239224e+02	4.882224e+02	8.043695e+01	4.336289e+01	1.255192e+02
357	1.022044e+01	2.732262e+03	4.234523e+02	4.867605e+02	8.011987e+01	4.342023e+01	1.276035e+02
358	1.024907e+01	2.747976e+03	4.229705e+02	4.853983e+02	8.003800e+01	4.371464e+01	1.294423e+02
359	1.027770e+01	2.735061e+03	4.226106e+02	4.838367e+02	8.001760e+01	4.352027e+01	1.315049e+02
360	1.030633e+01	2.733258e+03	4.221374e+02	4.822469e+02	8.024718e+01	4.336716e+01	1.335511e+02
361	1.033496e+01	2.734844e+03	4.216359e+02	4.806431e+02	7.988094e+01	4.359127e+01	1.351611e+02
362	1.036358e+01	2.754791e+03	4.213040e+02	4.790927e+02	8.003300e+01	4.382578e+01	1.375444e+02
363	1.039221e+01	2.735619e+03	4.212009e+02	4.776085e+02	7.985400e+01	4.361834e+01	1.393163e+02
364	1.042084e+01	2.740982e+03	4.211555e+02	4.759427e+02	7.978369e+01	4.374236e+01	1.415090e+02
365	1.044947e+01	2.811898e+03	4.205181e+02	4.743518e+02	7.996894e+01	4.477013e+01	1.424040e+02
366	1.047810e+01	2.849826e+03	4.200514e+02	4.728678e+02	7.885857e+01	4.601291e+01	1.432496e+02
367	1.050673e+01	2.741424e+03	4.211877e+02	4.714064e+02	7.975240e+01	4.376657e+01	1.482133e+02
368	1.053536e+01	2.772500e+03	4.210671e+02	4.697010e+02	7.971527e+01	4.428332e+01	1.498333e+02
369	1.056399e+01	2.740100e+03	4.215194e+02	4.682500e+02	7.941415e+01	4.393177e+01	1.529131e+02
370	1.059261e+01	2.761551e+03	4.215377e+02	4.665473e+02	7.980522e+01	4.405872e+01	1.548712e+02
371	1.062124e+01	2.738739e+03	4.219610e+02	4.649848e+02	7.982527e+01	4.368379e+01	1.576929e+02
372	1.064987e+01	2.747963e+03	4.222439e+02	4.634753e+02	7.967449e+01	4.391387e+01	1.597219e+02
373	1.067850e+01	2.788679e+03	4.225155e+02	4.621114e+02	7.980148e+01	4.449362e+01	1.622761e+02
374	1.070713e+01	2.809815e+03	4.227937e+02	4.609094e+02	7.947544e+01	4.501476e+01	1.652038e+02
375	1.073576e+01	2.784520e+03	4.233886e+02	4.591572e+02	7.933621e+01	4.468780e+01	1.665714e+02
376	1.076439e+01	2.772314e+03	4.239827e+02	4.573709e+02	7.991172e+01	4.417149e+01	1.676913e+02
377	1.079301e+01	2.756159e+03	4.246850e+02	4.560065e+02	7.961511e+01	4.407770e+01	1.710025e+02
378	1.082164e+01	2.747620e+03	4.254050e+02	4.548003e+02	7.960442e+01	4.394704e+01	1.734764e+02
379	1.085027e+01	2.753871e+03	4.261327e+02	4.532919e+02	7.975864e+01	4.396185e+01	1.755867e+02
380	1.087890e+01	2.768861e+03	4.269485e+02	4.519951e+02	7.926643e+01	4.447561e+01	1.783478e+02
381	1.090753e+01	2.757233e+03	4.279141e+02	4.505853e+02	7.957498e+01	4.411712e+01	5.719979e-01
382	1.093616e+01	2.753732e+03	4.286950e+02	4.494329e+02	7.956542e+01	4.406638e+01	2.810156e+00
383	1.096479e+01	2.739462e+03	4.296869e+02	4.479488e+02	7.997483e+01	4.361362e+01	4.954871e+00
384	1.099342e+01	2.749660e+03	4.305430e+02	4.469327e+02	7.949469e+01	4.404038e+01	7.216011e+00
385	1.102204e+01	2.749385e+03	4.316143e+02	4.456774e+02	8.002416e+01	4.374461e+01	9.538109e+00
386	1.105067e+01	2.760636e+03	4.326459e+02	4.445532e+02	8.002464e+01	4.392336e+01	1.184015e+01
387	1.107930e+01	2.743240e+03	4.338828e+02	4.433905e+02	7.996118e+01	4.368122e+01	1.410411e+01
388	1.110793e+01	2.754923e+03	4.350060e+02	4.425143e+02	7.999900e+01	4.384652e+01	1.668410e+01
389	1.113656e+01	2.750088e+03	4.363542e+02	4.413906e+02	8.004073e+01	4.374674e+01	1.907513e+01
390	1.116519e+01	2.761204e+03	4.374220e+02	4.407392e+02	8.026049e+01	4.380330e+01	2.174370e+01
391	1.119382e+01	2.754179e+03	4.389434e+02	4.397881e+02	8.006844e+01	4.379664e+01	2.408165e+01
392	1.122244e+01	2.750044e+03	4.403206e+02	4.389246e+02	8.002039e+01	4.375716e+01	2.632878e+01
393	1.125107e+01	2.754240e+03	4.417133e+02	4.380670e+02	8.012855e+01	4.376476e+01	2.859028e+01
394	1.127970e+01	2.751045e+03	4.431491e+02	4.373402e+02	8.017909e+01	4.368645e+01	3.086380e+01
395	1.130833e+01	2.748826e+03	4.445333e+02	4.367163e+02	7.999850e+01	4.374974e+01	3.307155e+01
396	1.133696e+01	2.759065e+03	4.458252e+02	4.361292e+02	8.025002e+01	4.377507e+01	3.520752e+01
397	1.136559e+01	2.732489e+03	4.473520e+02	4.356786e+02	7.988553e+01	4.355123e+01	3.757037e+01
398	1.139422e+01	2.746879e+03	4.485932e+02	4.354123e+02	7.979246e+01	4.383165e+01	4.036226e+01
399	1.142285e+01	2.765939e+03	4.499370e+02	4.351024e+02	8.040315e+01	4.380056e+01	4.337926e+01
400	1.145147e+01	2.732395e+03	4.518220e+02	4.346089e+02	7.970239e+01	4.364980e+01	4.464223e+01
401	1.148010e+01	2.726117e+03	4.533311e+02	4.343814e+02	7.932563e+01	4.375635e+01	4.706102e+01
402	1.150873e+01	2.725084e+03	4.548546e+02	4.339789e+02	7.976020e+01	4.350145e+01	4.941735e+01
403	1.153736e+01	2.735654e+03	4.564661e+02	4.338674e+02	8.025310e+01	4.340197e+01	5.185896e+01
404	1.156599e+01	2.736358e+03	4.580970e+02	4.337717e+02	8.009960e+01	4.349634e+01	5.392788e+01
405	1.159462e+01	2.726469e+03	4.595207e+02	4.338189e+02	7.969875e+01	4.355712e+01	5.611921e+01
406	1.162325e+01	2.736560e+03	4.611721e+02	4.338163e+02	7.999004e+01	4.355912e+01	5.836371e+01
407	1.165188e+01	2.722764e+03	4.626529e+02	4.339960e+02	8.009286e+01	4.328390e+01	6.062720e+01
408	1.168050e+01	2.713863e+03	4.641942e+02	4.341233e+02	7.986587e+01	4.326502e+01	6.281295e+01
409	1.170913e+01	2.729564e+03	4.658718e+02	4.341321e+02	8.014865e+01	4.336179e+01	6.468909e+01
410	1.173776e+01	2.728157e+03	4.673559e+02	4.343945e+02	8.011137e+01	4.335960e+01	6.689236e+01
411	1.176639e+01	2.730330e+03	4.690609e+02	4.345582e+02	8.018106e+01	4.335642e+01	6.871854e+01
412	1.179502e+01	2.726164e+03	4.705514e+02	4.348932e+02	8.049244e+01	4.312280e+01	7.051913e+01
413	1.182365e+01	2.725763e+03	4.721822e+02	4.352821e+02	8.074014e+01	4.298419e+01	7.303863e+01
414	1.185228e+01	2.727433e+03	4.735839e+02	4.358288e+02	8.087862e+01	4.293688e+01	7.528862e+01
415	1.188090e+01	2.710834e+03	4.750621e+02	4.364544e+02	8.030249e+01	4.298174e+01	7.757232e+01
416	1.190953e+01	2.718608e+03	4.765312e+02	4.371045e+02	8.085206e+01	4.281200e+01	7.984320e+01
417	1.193816e+01	2.720115e+03	4.781088e+02	4.378468e+02	8.092390e+01	4.279772e+01	8.146011e+01
418	1.196679e+01	2.710974e+03	4.798044e+02	4.384693e+02	8.084538e+01	4.269532e+01	8.365572e+01
419	1.199542e+01	2.726163e+03	4.811395e+02	4.393926e+02	8.109920e+01	4.280016e+01	8.578214e+01
420	1.202405e+01	2.710915e+03	4.824764e+02	4.401505e+02	8.091996e+01	4.265503e+01	8.815112e+01
421	1.205268e+01	2.710257e+03	4.839897e+02	4.410133e+02	8.083267e+01	4.269073e+01	9.003757e+01
422	1.208131e+01	2.722487e+03	4.852142e+02	4.421071e+02	8.115314e+01	4.271403e+01	9.240954e+01
423	1.210993e+01	2.722801e+03	4.864775e+02	4.431404e+02	8.105545e+01	4.277044e+01	9.458322e+01
424	1.213856e+01	2.722274e+03	4.876801e+02	4.442013e+02	8.094796e+01	4.281895e+01	9.626074e+01
425	1.216719e+01	2.708559e+03	4.889238e+02	4.451731e+02	8.096619e+01	4.259363e+01	9.804082e+01
426	1.219582e+01	2.712195e+03	4.902229e+02	4.461394e+02	8.082462e+01	4.272552e+01	9.983897e+01
427	1.222445e+01	2.720992e+03	4.914070e+02	4.473283e+02	8.078582e+01	4.288469e+01	1.013555e+02
428	1.225308e+01	2.710006e+03	4.925686e+02	4.485231e+02	8.078457e+01	4.271220e+01	1.034886e+02
429	1.228171e+01	2.721089e+03	4.937440e+02	4.497545e+02	8.101691e+01	4.276388e+01	1.053817e+02
430	1.231033e+01	2.729666e+03	4.949057e+02	4.509256e+02	8.121848e+01	4.279222e+01	1.069638e+02
431	1.233896e+01	2.745095e+03	4.958134e+02	4.521281e+02	8.114945e+01	4.307070e+01	1.084466e+02
432	1.236759e+01	2.739060e+03	4.970852e+02	4.534864e+02	8.090915e+01	4.310365e+01	1.104811e+02
433	1.239622e+01	2.756734e+03	4.977890e+02	4.547792e+02	8.134261e+01	4.315060e+01	1.117528e+02
434	1.242485e+01	2.710816e+03	4.990466e+02	4.561710e+02	8.014778e+01	4.306442e+01	1.134142e+02
435	1.245348e+01	2.710152e+03	4.998987e+02	4.574320e+02	8.041177e+01	4.291253e+01	1.157661e+02
436	1.248211e+01	2.711219e+03	5.006714e+02	4.589282e+02	8.011103e+01	4.309058e+01	1.174457e+02
437	1.251074e+01	2.718436e+03	5.015414e+02	4.603946e+02	8.024110e+01	4.313525e+01	1.192906e+02
438	1.253936e+01	2.718155e+03	5.020499e+02	4.617894e+02	8.020758e+01	4.314883e+01	1.211737e+02
439	1.256799e+01	2.734845e+03	5.027768e+02	4.633263e+02	8.039737e+01	4.331128e+01	1.225555e+02
440	1.259662e+01	2.751463e+03	5.035489e+02	4.648904e+02	8.037281e+01	4.358776e+01	1.249467e+02
441	1.262525e+01	2.744584e+03	5.042388e+02	4.664698e+02	8.037642e+01	4.347685e+01	1.266850e+02
442	1.265388e+01	2.741406e+03	5.048432e+02	4.681718e+02	8.016196e+01	4.354268e+01	1.289937e+02
443	1.268251e+01	2.732536e+03	5.052196e+02	4.697739e+02	7.981740e+01	4.358915e+01	1.313560e+02
444	1.271114e+01	2.750135e+03	5.054022e+02	4.714967e+02	7.994431e+01	4.380025e+01	1.329770e+02
445	1.273977e+01	2.748626e+03	5.056876e+02	4.730628e+02	8.006707e+01	4.370910e+01	1.349074e+02
446	1.276839e+01	2.749052e+03	5.061915e+02	4.747559e+02	7.992385e+01	4.379421e+01	1.371818e+02
447	1.279702e+01	2.751567e+03	5.064316e+02	4.763581e+02	8.010780e+01	4.373361e+01	1.390575e+02
448	1.282565e+01	2.752276e+03	5.066815e+02	4.779353e+02	7.993210e+01	4.384105e+01	1.407726e+02
449	1.285428e+01	2.741022e+03	5.068672e+02	4.797976e+02	7.934643e+01	4.398406e+01	1.429429e+02
450	1.288291e+01	2.743189e+03	5.070514e+02	4.814088e+02	7.954336e+01	4.390984e+01	1.448986e+02
451	1.291154e+01	2.738546e+03	5.073330e+02	4.832305e+02	7.966544e+01	4.376835e+01	1.467073e+02
452	1.294017e+01	2.732248e+03	5.074180e+02	4.848338e+02	7.937025e+01	4.383009e+01	1.491843e+02
453	1.296879e+01	2.759765e+03	5.070834e+02	4.865988e+02	7.921294e+01	4.435945e+01	1.516738e+02
454	1.299742e+01	2.769046e+03	5.067976e+02	4.882093e+02	7.916537e+01	4.453536e+01	1.535686e+02
455	1.302605e+01	2.743586e+03	5.067192e+02	4.898763e+02	7.932641e+01	4.403631e+01	1.560039e+02
456	1.305468e+01	2.794322e+03	5.061235e+02	4.909977e+02	8.042259e+01	4.423932e+01	1.571821e+02
457	1.308331e+01	2.742779e+03	5.062785e+02	4.928965e+02	7.933811e+01	4.401686e+01	1.598159e+02
458	1.311194e+01	2.746483e+03	5.059484e+02	4.945295e+02	7.966642e+01	4.389466e+01	1.616361e+02
459	1.314057e+01	2.783450e+03	5.052530e+02	4.961359e+02	7.916277e+01	4.476849e+01	1.635027e+02
460	1.316920e+01	2.759453e+03	5.051541e+02	4.977034e+02	7.968291e+01	4.409282e+01	1.661035e+02
461	1.319782e+01	2.761033e+03	5.044036e+02	4.993250e+02	7.941567e+01	4.426654e+01	1.690647e+02
462	1.322645e+01	2.759069e+03	5.040808e+02	5.006974e+02	7.969061e+01	4.408244e+01	1.708689e+02
463	1.325508e+01	2.756406e+03	5.034582e+02	5.024294e+02	7.932754e+01	4.424144e+01	1.727149e+02
464	1.328371e+01	2.786065e+03	5.026198e+02	5.039435e+02	7.894011e+01	4.493695e+01	1.749706e+02
465	1.331234e+01	2.754397e+03	5.021521e+02	5.054232e+02	7.952183e+01	4.410119e+01	1.768306e+02
466	1.334097e+01	2.765680e+03	5.013578e+02	5.066942e+02	7.902718e+01	4.455902e+01	1.791212e+02
467	1.336960e+01	2.783403e+03	5.006771e+02	5.083442e+02	7.944920e+01	4.460635e+01	1.753064e+00
468	1.339823e+01	2.758170e+03	4.999875e+02	5.097106e+02	7.929977e+01	4.428525e+01	3.688730e+00
469	1.342685e+01	2.768262e+03	4.990683e+02	5.110507e+02	7.973982e+01	4.420201e+01	5.931875e+00
470	1.345548e+01	2.764080e+03	4.981440e+02	5.122524e+02	7.933151e+01	4.436239e+01	7.881386e+00
471	1.348411e+01	2.765791e+03	4.970539e+02	5.136783e+02	7.933591e+01	4.438739e+01	1.010612e+01
472	1.351274e+01	2.782984e+03	4.962248e+02	5.146285e+02	8.006868e+01	4.425458e+01	1.203031e+01
473	1.354137e+01	2.803474e+03	4.949449e+02	5.163379e+02	7.969974e+01	4.478677e+01	1.524512e+01
474	1.357000e+01	2.764542e+03	4.940658e+02	5.171658e+02	7.940376e+01	4.432944e+01	1.682076e+01
475	1.359863e+01	2.773456e+03	4.929297e+02	5.180298e+02	7.973033e+01	4.429023e+01	1.932466e+01
476	1.362725e+01	2.776598e+03	4.917617e+02	5.190879e+02	8.004627e+01	4.416538e+01	2.127054e+01
477	1.365588e+01	2.794160e+03	4.902644e+02	5.202159e+02	8.032815e+01	4.428877e+01	2.444460e+01
478	1.368451e+01	2.789801e+03	4.889649e+02	5.211482e+02	8.028799e+01	4.424180e+01	2.622180e+01
479	1.371314e+01	2.777032e+03	4.878602e+02	5.217285e+02	7.974831e+01	4.433733e+01	2.805527e+01
480	1.374177e+01	2.775558e+03	4.864456e+02	5.225462e+02	8.006059e+01	4.414094e+01	3.035538e+01
481	1.377040e+01	2.792855e+03	4.848174e+02	5.234874e+02	8.045876e+01	4.419622e+01	3.289983e+01
482	1.379903e+01	2.794984e+03	4.836462e+02	5.239302e+02	8.065112e+01	4.412442e+01	3.506941e+01
483	1.382766e+01	2.785331e+03	4.821942e+02	5.245596e+02	8.057670e+01	4.401264e+01	3.699554e+01
484	1.385628e+01	2.791261e+03	4.808441e+02	5.251674e+02	8.046993e+01	4.416486e+01	3.917116e+01
485	1.388491e+01	2.772068e+03	4.795090e+02	5.257641e+02	8.006136e+01	4.408503e+01	4.146221e+01
486	1.391354e+01	2.764948e+03	4.780864e+02	5.261935e+02	8.021313e+01	4.388859e+01	4.400080e+01
487	1.394217e+01	2.777521e+03	4.766355e+02	5.267274e+02	8.033922e+01	4.401898e+01	4.595750e+01
488	1.397080e+01	2.772789e+03	4.751450e+02	5.270544e+02	8.044746e+01	4.388485e+01	4.772609e+01
489	1.399943e+01	2.771051e+03	4.736953e+02	5.273677e+02	8.051672e+01	4.381961e+01	4.975035e+01
490	1.402806e+01	2.775584e+03	4.720678e+02	5.276949e+02	8.067191e+01	4.380686e+01	5.214215e+01
491	1.405668e+01	2.749034e+03	4.707332e+02	5.278467e+02	8.030550e+01	4.358578e+01	5.373379e+01
492	1.408531e+01	2.770742e+03	4.690350e+02	5.281802e+02	8.065439e+01	4.373994e+01	5.567731e+01
493	1.411394e+01	2.754764e+03	4.676070e+02	5.282775e+02	8.038565e+01	4.363310e+01	5.775184e+01
494	1.414257e+01	2.755234e+03	4.660697e+02	5.283781e+02	8.048957e+01	4.358419e+01	5.961865e+01
495	1.417120e+01	2.760981e+03	4.644663e+02	5.283484e+02	8.060534e+01	4.361238e+01	6.165841e+01
496	1.419983e+01	2.765104e+03	4.630702e+02	5.282514e+02	8.044453e+01	4.376481e+01	6.366218e+01
497	1.422846e+01	2.763056e+03	4.614401e+02	5.282488e+02	8.077642e+01	4.355272e+01	6.576228e+01
498	1.425709e+01	2.760187e+03	4.598725e+02	5.281616e+02	8.112658e+01	4.331969e+01	6.778271e+01
499	1.428571e+01	2.770052e+03	4.583383e+02	5.279917e+02	8.115789e+01	4.345775e+01	6.944122e+01
500	1.431434e+01	2.757625e+03	4.567160e+02	5.279549e+02	8.104738e+01	4.332179e+01	7.168293e+01
501	1.434297e+01	2.743538e+03	4.552939e+02	5.275410e+02	8.086176e+01	4.319942e+01	7.331937e+01
502	1.437160e+01	2.743640e+03	4.539318e+02	5.271656e+02	8.096735e+01	4.314470e+01	7.519376e+01
503	1.440023e+01	2.759319e+03	4.523850e+02	5.266884e+02	8.114345e+01	4.329707e+01	7.697813e+01
504	1.442886e+01	2.759002e+03	4.508133e+02	5.261999e+02	8.132513e+01	4.319538e+01	7.892130e+01
505	1.445749e+01	2.741891e+03	4.493734e+02	5.257210e+02	8.114664e+01	4.302191e+01	8.083002e+01
506	1.448612e+01	2.743319e+03	4.479313e+02	5.250365e+02	8.084234e+01	4.320635e+01	8.272386e+01
507	1.451474e+01	2.747039e+03	4.463928e+02	5.243710e+02	8.151247e+01	4.290924e+01	8.481916e+01
508	1.454337e+01	2.743355e+03	4.450251e+02	5.237740e+02	8.121298e+01	4.300972e+01	8.636629e+01
509	1.457200e+01	2.738940e+03	4.435750e+02	5.231477e+02	8.107352e+01	4.301437e+01	8.832768e+01
510	1.460063e+01	2.741901e+03	4.421964e+02	5.223496e+02	8.086960e+01	4.316946e+01	8.998499e+01
511	1.462926e+01	2.747636e+03	4.407215e+02	5.215413e+02	8.126324e+01	4.305019e+01	9.215523e+01
512	1.465789e+01	2.740190e+03	4.396389e+02	5.207924e+02	8.080305e+01	4.317805e+01	9.388039e+01
513	1.468652e+01	2.748899e+03	4.382728e+02	5.199293e+02	8.131704e+01	4.304149e+01	9.581458e+01
514	1.471514e+01	2.751855e+03	4.367930e+02	5.189076e+02	8.098824e+01	4.326270e+01	9.740764e+01
515	1.474377e+01	2.731417e+03	4.357465e+02	5.179045e+02	8.106623e+01	4.290008e+01	9.960190e+01
516	1.477240e+01	2.756102e+03	4.342834e+02	5.170336e+02	8.149176e+01	4.306174e+01	1.010436e+02
517	1.480103e+01	2.748924e+03	4.332959e+02	5.159554e+02	8.120155e+01	4.310311e+01	1.031533e+02
518	1.482966e+01	2.730265e+03	4.321402e+02	5.148679e+02	8.089703e+01	4.297169e+01	1.050868e+02
519	1.485829e+01	2.747980e+03	4.310442e+02	5.137171e+02	8.137425e+01	4.299686e+01	1.065772e+02
520	1.488692e+01	2.750291e+03	4.298791e+02	5.125834e+02	8.137326e+01	4.303354e+01	1.085519e+02
521	1.491555e+01	2.737794e+03	4.288882e+02	5.114045e+02	8.077920e+01	4.315303e+01	1.099117e+02
522	1.494417e+01	2.735361e+03	4.279780e+02	5.102574e+02	8.081670e+01	4.309468e+01	1.116516e+02
523	1.497280e+01	2.728934e+03	4.271982e+02	5.089893e+02	8.044283e+01	4.319324e+01	1.135231e+02
524	1.500143e+01	2.745768e+03	4.262806e+02	5.076939e+02	8.080983e+01	4.326231e+01	1.157969e+02
525	1.503006e+01	2.735278e+03	4.256205e+02	5.062912e+02	8.058636e+01	4.321655e+01	1.174839e+02
526	1.505869e+01	2.738763e+03	4.245323e+02	5.047955e+02	8.079549e+01	4.315961e+01	1.192944e+02
527	1.508732e+01	2.738290e+03	4.239723e+02	5.035907e+02	8.043032e+01	4.334807e+01	1.208596e+02
528	1.511595e+01	2.740947e+03	4.233251e+02	5.021277e+02	8.042764e+01	4.339158e+01	1.227962e+02
529	1.514457e+01	2.749889e+03	4.225948e+02	5.007719e+02	8.074586e+01	4.336158e+01	1.243699e+02
530	1.517320e+01	2.739940e+03	4.220741e+02	4.994348e+02	8.048344e+01	4.334556e+01	1.257242e+02
531	1.520183e+01	2.745667e+03	4.215634e+02	4.978563e+02	8.022176e+01	4.357785e+01	1.277758e+02
532	1.523046e+01	2.749523e+03	4.209884e+02	4.964539e+02	8.040639e+01	4.353885e+01	1.297210e+02
533	1.525909e+01	2.756249e+03	4.206513e+02	4.948228e+02	8.011388e+01	4.380472e+01	1.320106e+02
534	1.528772e+01	2.751146e+03	4.203094e+02	4.932512e+02	8.019088e+01	4.368163e+01	1.339777e+02
535	1.531635e+01	2.752792e+03	4.200177e+02	4.917942e+02	8.014320e+01	4.373376e+01	1.361359e+02
536	1.534498e+01	2.760645e+03	4.196771e+02	4.900586e+02	8.006419e+01	4.390180e+01	1.383245e+02
537	1.537360e+01	2.740325e+03	4.195557e+02	4.884778e+02	7.993452e+01	4.364935e+01	1.404635e+02
538	1.540223e+01	2.766972e+03	4.191592e+02	4.869027e+02	7.965840e+01	4.422657e+01	1.417535e+02
539	1.543086e+01	2.740864e+03	4.193207e+02	4.854087e+02	7.975279e+01	4.375742e+01	1.445967e+02
540	1.545949e+01	2.747454e+03	4.192769e+02	4.836867e+02	7.988301e+01	4.379112e+01	1.465628e+02
541	1.548812e+01	2.739710e+03	4.194000e+02	4.821076e+02	7.949248e+01	4.388223e+01	1.489117e+02
542	1.551675e+01	2.757994e+03	4.196305e+02	4.806079e+02	7.954271e+01	4.414719e+01	1.514037e+02
543	1.554538e+01	2.739359e+03	4.197883e+02	4.787466e+02	7.950713e+01	4.386853e+01	1.533998e+02
544	1.557401e+01	2.734780e+03	4.203485e+02	4.773701e+02	7.928417e+01	4.391835e+01	1.564115e+02
545	1.560263e+01	2.732830e+03	4.206897e+02	4.757937e+02	7.934313e+01	4.385443e+01	1.583689e+02
546	1.563126e+01	2.788451e+03	4.204340e+02	4.740946e+02	7.877785e+01	4.506807e+01	1.599662e+02
547	1.565989e+01	2.735968e+03	4.214378e+02	4.727473e+02	7.948140e+01	4.382840e+01	1.633096e+02
548	1.568852e+01	2.752280e+03	4.218687e+02	4.710314e+02	7.966407e+01	4.398861e+01	1.655792e+02
549	1.571715e+01	2.778368e+03	4.221835e+02	4.693181e+02	7.976081e+01	4.435171e+01	1.676378e+02
550	1.574578e+01	2.738943e+03	4.231743e+02	4.681639e+02	7.958889e+01	4.381680e+01	1.707628e+02
551	1.577441e+01	2.758157e+03	4.236623e+02	4.668639e+02	7.958128e+01	4.412840e+01	1.727473e+02
552	1.580303e+01	2.758881e+03	4.243448e+02	4.654692e+02	7.964053e+01	4.410715e+01	1.749528e+02
553	1.583166e+01	2.754268e+03	4.251706e+02	4.640410e+02	7.972265e+01	4.398804e+01	1.775024e+02
554	1.586029e+01	2.767841e+03	4.259019e+02	4.629373e+02	7.954050e+01	4.430604e+01	3.553049e-01
555	1.588892e+01	2.758108e+03	4.268592e+02	4.614942e+02	7.936214e+01	4.424945e+01	2.258121e+00
556	1.591755e+01	2.741881e+03	4.279907e+02	4.602245e+02	7.949574e+01	4.391519e+01	4.668491e+00
557	1.594618e+01	2.782485e+03	4.289860e+02	4.590604e+02	8.042127e+01	4.405265e+01	7.874573e+00
558	1.597481e+01	2.759774e+03	4.302848e+02	4.575586e+02	8.021525e+01	4.380530e+01	9.455529e+00
559	1.600344e+01	2.763499e+03	4.312328e+02	4.564188e+02	7.996452e+01	4.400196e+01	1.212453e+01
560	1.603206e+01	2.785140e+03	4.322916e+02	4.555888e+02	8.048254e+01	4.406112e+01	1.511852e+01
561	1.606069e+01	2.736959e+03	4.337000e+02	4.543461e+02	7.973634e+01	4.370410e+01	1.650925e+01
562	1.608932e+01	2.738908e+03	4.349153e+02	4.534031e+02	7.970405e+01	4.375293e+01	1.925126e+01
563	1.611795e+01	2.742541e+03	4.363218e+02	4.524286e+02	7.972586e+01	4.379898e+01	2.178241e+01
564	1.614658e+01	2.763249e+03	4.375406e+02	4.516267e+02	8.015987e+01	4.389075e+01	2.423216e+01
565	1.617521e+01	2.748450e+03	4.390170e+02	4.508741e+02	7.985648e+01	4.382156e+01	2.670378e+01
566	1.620384e+01	2.759671e+03	4.405994e+02	4.500368e+02	8.024708e+01	4.378630e+01	2.939539e+01
567	1.623246e+01	2.752969e+03	4.420411e+02	4.494244e+02	8.025780e+01	4.367412e+01	3.194254e+01
568	1.626109e+01	2.757164e+03	4.433849e+02	4.487589e+02	7.999249e+01	4.388575e+01	3.429843e+01
569	1.628972e+01	2.753837e+03	4.450180e+02	4.482210e+02	7.993320e+01	4.386530e+01	3.710156e+01
570	1.631835e+01	2.756394e+03	4.464568e+02	4.477679e+02	7.999211e+01	4.387370e+01	3.930857e+01
571	1.634698e+01	2.761412e+03	4.478646e+02	4.473920e+02	8.027403e+01	4.379921e+01	4.173640e+01
572	1.637561e+01	2.736887e+03	4.494244e+02	4.471090e+02	7.980782e+01	4.366380e+01	4.403907e+01
573	1.640424e+01	2.750505e+03	4.508660e+02	4.467773e+02	8.017677e+01	4.367913e+01	4.678273e+01
574	1.643287e+01	2.729206e+03	4.525723e+02	4.465399e+02	7.996583e+01	4.345523e+01	4.887387e+01
575	1.646149e+01	2.734632e+03	4.540223e+02	4.464236e+02	7.997169e+01	4.353842e+01	5.157642e+01
576	1.649012e+01	2.734663e+03	4.556452e+02	4.461871e+02	7.971650e+01	4.367831e+01	5.304800e+01
577	1.651875e+01	2.721272e+03	4.571816e+02	4.462481e+02	7.968755e+01	4.348021e+01	5.583026e+01
578	1.654738e+01	2.724749e+03	4.587128e+02	4.461907e+02	7.958496e+01	4.359188e+01	5.772252e+01
579	1.657601e+01	2.730272e+03	4.603964e+02	4.462287e+02	7.998849e+01	4.345988e+01	5.996013e+01
580	1.660464e+01	2.731850e+03	4.619982e+02	4.463114e+02	8.019740e+01	4.337172e+01	6.206600e+01
581	1.663327e+01	2.745464e+03	4.635010e+02	4.465229e+02	7.996323e+01	4.371551e+01	6.468957e+01
582	1.666190e+01	2.725140e+03	4.650955e+02	4.469395e+02	8.011019e+01	4.331230e+01	6.729410e+01
583	1.669052e+01	2.716840e+03	4.668606e+02	4.472105e+02	8.005848e+01	4.320827e+01	6.920941e+01
584	1.671915e+01	2.719058e+03	4.684338e+02	4.476900e+02	8.052615e+01	4.299240e+01	7.187677e+01
585	1.674778e+01	2.731338e+03	4.700579e+02	4.480276e+02	8.076502e+01	4.305884e+01	7.329571e+01
586	1.677641e+01	2.740530e+03	4.716233e+02	4.484836e+02	8.085792e+01	4.315411e+01	7.510369e+01
587	1.680504e+01	2.741571e+03	4.730796e+02	4.489790e+02	8.098012e+01	4.310536e+01	7.752061e+01
588	1.683367e+01	2.730044e+03	4.745602e+02	4.495567e+02	8.067681e+01	4.308549e+01	7.919102e+01
589	1.686230e+01	2.758988e+03	4.759353e+02	4.501617e+02	8.154276e+01	4.307989e+01	8.095560e+01
590	1.689092e+01	2.739294e+03	4.779240e+02	4.509312e+02	8.075755e+01	4.318825e+01	8.334875e+01
591	1.691955e+01	2.726538e+03	4.792704e+02	4.517713e+02	8.119720e+01	4.275439e+01	8.560396e+01
592	1.694818e+01	2.713784e+03	4.807871e+02	4.527000e+02	8.087089e+01	4.272609e+01	8.815782e+01
593	1.697681e+01	2.718371e+03	4.819202e+02	4.535923e+02	8.052782e+01	4.298063e+01	9.004993e+01
594	1.700544e+01	2.715716e+03	4.835298e+02	4.545386e+02	8.063654e+01	4.288077e+01	9.225377e+01
595	1.703407e+01	2.733568e+03	4.848259e+02	4.555193e+02	8.113303e+01	4.289852e+01	9.421368e+01
596	1.706270e+01	2.722470e+03	4.860596e+02	4.566391e+02	8.105296e+01	4.276656e+01	9.640548e+01
597	1.709133e+01	2.713067e+03	4.871541e+02	4.576937e+02	8.083775e+01	4.273232e+01	9.804131e+01
598	1.711995e+01	2.732527e+03	4.885084e+02	4.587583e+02	8.098903e+01	4.295843e+01	9.993688e+01
599	1.714858e+01	2.734274e+03	4.895200e+02	4.599162e+02	8.095046e+01	4.300637e+01	1.016801e+02
600	1.717721e+01	2.724231e+03	4.907249e+02	4.612455e+02	8.074377e+01	4.295809e+01	1.039586e+02
601	1.720584e+01	2.723690e+03	4.918340e+02	4.624216e+02	8.073583e+01	4.295378e+01	1.061322e+02
602	1.723447e+01	2.730368e+03	4.927762e+02	4.637620e+02	8.080444e+01	4.302254e+01	1.077841e+02
603	1.726310e+01	2.734300e+03	4.937275e+02	4.651075e+02	8.077671e+01	4.309930e+01	1.097805e+02
604	1.729173e+01	2.728027e+03	4.947459e+02	4.665522e+02	8.080343e+01	4.298619e+01	1.120614e+02
605	1.732035e+01	2.727439e+03	4.956524e+02	4.679444e+02	8.037786e+01	4.320447e+01	1.139107e+02
606	1.734898e+01	2.748181e+03	4.966570e+02	4.694527e+02	8.057799e+01	4.342492e+01	1.162970e+02
607	1.737761e+01	2.735185e+03	4.974525e+02	4.707706e+02	8.039650e+01	4.331713e+01	1.183210e+02
608	1.740624e+01	2.717302e+03	4.981636e+02	4.724420e+02	8.023843e+01	4.311869e+01	1.201996e+02
609	1.743487e+01	2.738612e+03	4.989319e+02	4.738946e+02	8.055935e+01	4.328373e+01	1.221246e+02
610	1.746350e+01	2.733838e+03	4.995581e+02	4.752920e+02	8.030167e+01	4.334692e+01	1.237812e+02
611	1.749213e+01	2.738084e+03	5.001933e+02	4.767975e+02	8.021273e+01	4.346239e+01	1.259821e+02
612	1.752076e+01	2.762472e+03	5.005260e+02	4.783907e+02	8.009818e+01	4.391221e+01	1.274755e+02
613	1.754938e+01	2.751389e+03	5.010710e+02	4.800138e+02	7.982614e+01	4.388509e+01	1.293783e+02
614	1.757801e+01	2.768248e+03	5.013722e+02	4.816265e+02	8.035567e+01	4.386303e+01	1.307809e+02
615	1.760664e+01	2.767125e+03	5.019109e+02	4.831884e+02	8.035455e+01	4.384584e+01	1.334896e+02
616	1.763527e+01	2.750151e+03	5.023389e+02	4.849457e+02	7.989057e+01	4.382997e+01	1.363201e+02
617	1.766390e+01	2.749011e+03	5.027044e+02	4.865516e+02	8.002804e+01	4.373655e+01	1.385736e+02
618	1.769253e+01	2.755982e+03	5.026487e+02	4.883793e+02	7.951947e+01	4.412787e+01	1.405524e+02
619	1.772116e+01	2.745102e+03	5.028091e+02	4.899888e+02	7.967626e+01	4.386717e+01	1.430045e+02
620	1.774979e+01	2.732066e+03	5.031223e+02	4.917371e+02	7.944528e+01	4.378579e+01	1.447165e+02
621	1.777841e+01	2.758267e+03	5.030848e+02	4.932968e+02	8.000507e+01	4.389641e+01	1.459452e+02
622	1.780704e+01	2.749251e+03	5.032445e+02	4.950508e+02	7.990559e+01	4.380739e+01	1.487525e+02
623	1.783567e+01	2.748137e+03	5.032662e+02	4.967797e+02	7.965054e+01	4.392985e+01	1.512111e+02
624	1.786430e+01	2.750362e+03	5.031267e+02	4.985362e+02	7.952864e+01	4.403282e+01	1.529014e+02
625	1.789293e+01	2.742721e+03	5.029691e+02	5.000361e+02	7.953736e+01	4.390567e+01	1.551675e+02
626	1.792156e+01	2.745633e+03	5.027203e+02	5.017657e+02	7.950371e+01	4.397088e+01	1.576714e+02
627	1.795019e+01	2.736288e+03	5.024495e+02	5.034956e+02	7.935370e+01	4.390406e+01	1.595945e+02
628	1.797881e+01	2.752479e+03	5.019455e+02	5.050555e+02	7.956808e+01	4.404486e+01	1.620447e+02
629	1.800744e+01	2.737670e+03	5.016308e+02	5.067515e+02	7.920393e+01	4.400931e+01	1.643455e+02
630	1.803607e+01	2.748097e+03	5.009778e+02	5.082084e+02	7.913186e+01	4.421716e+01	1.666700e+02
631	1.806470e+01	2.747152e+03	5.005453e+02	5.099371e+02	7.882424e+01	4.437445e+01	1.687439e+02
632	1.809333e+01	2.752922e+03	5.000021e+02	5.113437e+02	7.932597e+01	4.418640e+01	1.711679e+02
633	1.812196e+01	2.780553e+03	4.991464e+02	5.127468e+02	7.915887e+01	4.472411e+01	1.735653e+02
634	1.815059e+01	2.743772e+03	4.986151e+02	5.142332e+02	7.935630e+01	4.402270e+01	1.764074e+02
635	1.817922e+01	2.791729e+03	4.974889e+02	5.158004e+02	7.921136e+01	4.487412e+01	1.792652e+02
636	1.820784e+01	2.763059e+03	4.968733e+02	5.169330e+02	7.960098e+01	4.419588e+01	1.194462e+00
637	1.823647e+01	2.763766e+03	4.959405e+02	5.185291e+02	7.918774e+01	4.443788e+01	3.800800e+00
638	1.826510e+01	2.768282e+03	4.950910e+02	5.199614e+02	7.946732e+01	4.435390e+01	5.714968e+00
639	1.829373e+01	2.768669e+03	4.941404e+02	5.210290e+02	7.933160e+01	4.443600e+01	7.847906e+00
640	1.832236e+01	2.785430e+03	4.931118e+02	5.223337e+02	7.968366e+01	4.450749e+01	1.081323e+01
641	1.835099e+01	2.768831e+03	4.921051e+02	5.234803e+02	7.973738e+01	4.421245e+01	1.234785e+01
642	1.837962e+01	2.766698e+03	4.910630e+02	5.243802e+02	8.003164e+01	4.401596e+01	1.465620e+01
643	1.840825e+01	2.778137e+03	4.899237e+02	5.255748e+02	7.990769e+01	4.426650e+01	1.713884e+01
644	1.843687e+01	2.779599e+03	4.886230e+02	5.269247e+02	8.019269e+01	4.413239e+01	2.017115e+01
645	1.846550e+01	2.774027e+03	4.874395e+02	5.277203e+02	7.979166e+01	4.426529e+01	2.203219e+01
646	1.849413e+01	2.806693e+03	4.858300e+02	5.287700e+02	8.012918e+01	4.459789e+01	2.539453e+01
647	1.852276e+01	2.761707e+03	4.846818e+02	5.296171e+02	7.939693e+01	4.428779e+01	2.695702e+01
648	1.855139e+01	2.774243e+03	4.834853e+02	5.303527e+02	8.002847e+01	4.413774e+01	2.912584e+01
649	1.858002e+01	2.784032e+03	4.821689e+02	5.312669e+02	8.032322e+01	4.413095e+01	3.144372e+01
650	1.860865e+01	2.781042e+03	4.807576e+02	5.320576e+02	8.036636e+01	4.405989e+01	3.339534e+01
651	1.863727e+01	2.772186e+03	4.795204e+02	5.327066e+02	7.995579e+01	4.414510e+01	3.566610e+01
652	1.866590e+01	2.781088e+03	4.779885e+02	5.333090e+02	8.045390e+01	4.401267e+01	3.777898e+01
653	1.869453e+01	2.774418e+03	4.765426e+02	5.336858e+02	8.010755e+01	4.409695e+01	4.031691e+01
654	1.872316e+01	2.780886e+03	4.749047e+02	5.342406e+02	8.024393e+01	4.412463e+01	4.307053e+01
655	1.875179e+01	2.771899e+03	4.737073e+02	5.346834e+02	8.026997e+01	4.396776e+01	4.520703e+01
656	1.878042e+01	2.759192e+03	4.721826e+02	5.350368e+02	8.013859e+01	4.383797e+01	4.726051e+01
657	1.880905e+01	2.777723e+03	4.705232e+02	5.354180e+02	8.051925e+01	4.392375e+01	4.988359e+01
658	1.883768e+01	2.757528e+03	4.691572e+02	5.356591e+02	8.018774e+01	4.378466e+01	5.147412e+01
659	1.886630e+01	2.759211e+03	4.676842e+02	5.359999e+02	8.028169e+01	4.376012e+01	5.370628e+01
660	1.889493e+01	2.768280e+03	4.660034e+02	5.361094e+02	8.065490e+01	4.370081e+01	5.594314e+01
661	1.892356e+01	2.756094e+03	4.646410e+02	5.362039e+02	8.022385e+01	4.374220e+01	5.782471e+01
662	1.895219e+01	2.750410e+03	4.630702e+02	5.364382e+02	8.027267e+01	4.362545e+01	5.981876e+01
663	1.898082e+01	2.770908e+03	4.615355e+02	5.362509e+02	8.071117e+01	4.371179e+01	6.224371e+01
664	1.900945e+01	2.756717e+03	4.598648e+02	5.362459e+02	8.095967e+01	4.335444e+01	6.471713e+01
665	1.903808e+01	2.760668e+03	4.583862e+02	5.360284e+02	8.057040e+01	4.362634e+01	6.658057e+01
666	1.906670e+01	2.750535e+03	4.568675e+02	5.359685e+02	8.075837e+01	4.336503e+01	6.849562e+01
667	1.909533e+01	2.771440e+03	4.551541e+02	5.357289e+02	8.139594e+01	4.335237e+01	7.032139e+01
668	1.912396e+01	2.760786e+03	4.536891e+02	5.353091e+02	8.098221e+01	4.340635e+01	7.272679e+01
669	1.915259e+01	2.749310e+03	4.521609e+02	5.349882e+02	8.087083e+01	4.328544e+01	7.476649e+01
670	1.918122e+01	2.740334e+03	4.507378e+02	5.345706e+02	8.089272e+01	4.313245e+01	7.662342e+01
671	1.920985e+01	2.756415e+03	4.493170e+02	5.341788e+02	8.111390e+01	4.326727e+01	7.865466e+01
672	1.923848e+01	2.737154e+03	4.477285e+02	5.335807e+02	8.107721e+01	4.298438e+01	8.073323e+01
673	1.926711e+01	2.746931e+03	4.461554e+02	5.330012e+02	8.106742e+01	4.314312e+01	8.254092e+01
674	1.929573e+01	2.733565e+03	4.448450e+02	5.323848e+02	8.114919e+01	4.288993e+01	8.432282e+01
675	1.932436e+01	2.756318e+03	4.434405e+02	5.317787e+02	8.129639e+01	4.316862e+01	8.594051e+01
676	1.935299e+01	2.744575e+03	4.419945e+02	5.311636e+02	8.120493e+01	4.303312e+01	8.772398e+01
677	1.938162e+01	2.740027e+03	4.406483e+02	5.303490e+02	8.090070e+01	4.312337e+01	8.968185e+01
678	1.941025e+01	2.739027e+03	4.391652e+02	5.294581e+02	8.091222e+01	4.310149e+01	9.187112e+01
679	1.943888e+01	2.735072e+03	4.379777e+02	5.284794e+02	8.092278e+01	4.303363e+01	9.363821e+01
680	1.946751e+01	2.736721e+03	4.364203e+02	5.275580e+02	8.147410e+01	4.276822e+01	9.582048e+01
681	1.949614e+01	2.738598e+03	4.351221e+02	5.266849e+02	8.120808e+01	4.293774e+01	9.740987e+01
682	1.952476e+01	2.739829e+03	4.339378e+02	5.257025e+02	8.124418e+01	4.293795e+01	9.904255e+01
683	1.955339e+01	2.735314e+03	4.325721e+02	5.247265e+02	8.104338e+01	4.297341e+01	1.008526e+02
684	1.958202e+01	2.737812e+03	4.314747e+02	5.235685e+02	8.109209e+01	4.298681e+01	1.022292e+02
685	1.961065e+01	2.738976e+03	4.304006e+02	5.225305e+02	8.106805e+01	4.301785e+01	1.041481e+02
686	1.963928e+01	2.747591e+03	4.292541e+02	5.212972e+02	8.117412e+01	4.309676e+01	1.062030e+02
687	1.966791e+01	2.746562e+03	4.281243e+02	5.199667e+02	8.108193e+01	4.312960e+01	1.080547e+02
688	1.969654e+01	2.737393e+03	4.273089e+02	5.188409e+02	8.078355e+01	4.314439e+01	1.101019e+02
689	1.972516e+01	2.752023e+03	4.265331e+02	5.174768e+02	8.089052e+01	4.331762e+01	1.125201e+02
690	1.975379e+01	2.749977e+03	4.256092e+02	5.162130e+02	8.069785e+01	4.338875e+01	1.143886e+02
691	1.978242e+01	2.741212e+03	4.247199e+02	5.148130e+02	8.090648e+01	4.313894e+01	1.161662e+02
692	1.981105e+01	2.756118e+03	4.240967e+02	5.135652e+02	8.073367e+01	4.346635e+01	1.182215e+02
693	1.983968e+01	2.751227e+03	4.232901e+02	5.121177e+02	8.061964e+01	4.345059e+01	1.200053e+02
694	1.986831e+01	2.751367e+03	4.224588e+02	5.106187e+02	8.051753e+01	4.350790e+01	1.221721e+02
695	1.989694e+01	2.747714e+03	4.218074e+02	5.093435e+02	8.012265e+01	4.366428e+01	1.240072e+02
696	1.992557e+01	2.738606e+03	4.210485e+02	5.077437e+02	8.038290e+01	4.337865e+01	1.253659e+02
697	1.995419e+01	2.732407e+03	4.205912e+02	5.063349e+02	7.986687e+01	4.356010e+01	1.269474e+02
698	1.998282e+01	2.751286e+03	4.200673e+02	5.047748e+02	8.027503e+01	4.363805e+01	1.290472e+02
699	2.001145e+01	2.745286e+03	4.195097e+02	5.032600e+02	8.015821e+01	4.360634e+01	1.308185e+02
700	2.004008e+01	2.736669e+03	4.191969e+02	5.017791e+02	7.987772e+01	4.362212e+01	1.328801e+02
701	2.006871e+01	2.754093e+03	4.186057e+02	5.003333e+02	7.995208e+01	4.385903e+01	1.346227e+02
702	2.009734e+01	2.751333e+03	4.183317e+02	4.988003e+02	7.989305e+01	4.384744e+01	1.367674e+02
703	2.012597e+01	2.735295e+03	4.182090e+02	4.972102e+02	7.968568e+01	4.370530e+01	1.388502e+02
704	2.015459e+01	2.747789e+03	4.180653e+02	4.956085e+02	7.974515e+01	4.387219e+01	1.411418e+02
705	2.018322e+01	2.751520e+03	4.179349e+02	4.939524e+02	7.972662e+01	4.394196e+01	1.432828e+02
706	2.021185e+01	2.762183e+03	4.179041e+02	4.923877e+02	7.975927e+01	4.409419e+01	1.457220e+02
707	2.024048e+01	2.749881e+03	4.178562e+02	4.906490e+02	7.948655e+01	4.404843e+01	1.474284e+02
708	2.026911e+01	2.761954e+03	4.179500e+02	4.891600e+02	7.939942e+01	4.429036e+01	1.494420e+02
709	2.029774e+01	2.748154e+03	4.183136e+02	4.875701e+02	7.949976e+01	4.401344e+01	1.528085e+02
710	2.032637e+01	2.760274e+03	4.187234e+02	4.859407e+02	7.995437e+01	4.395620e+01	1.551638e+02
711	2.035500e+01	2.766110e+03	4.189763e+02	4.841452e+02	8.048261e+01	4.376003e+01	1.573056e+02
712	2.038362e+01	2.755812e+03	4.195177e+02	4.828216e+02	7.943325e+01	4.417305e+01	1.599357e+02
713	2.041225e+01	2.750676e+03	4.199991e+02	4.811319e+02	7.969011e+01	4.394861e+01	1.620511e+02
714	2.044088e+01	2.754278e+03	4.206033e+02	4.795736e+02	7.953078e+01	4.409432e+01	1.651802e+02
715	2.046951e+01	2.748430e+03	4.210963e+02	4.781873e+02	7.960266e+01	4.396096e+01	1.671493e+02
716	2.049814e+01	2.737750e+03	4.218740e+02	4.765964e+02	7.957728e+01	4.380410e+01	1.700897e+02
717	2.052677e+01	2.753086e+03	4.226754e+02	4.751793e+02	7.925104e+01	4.423082e+01	1.725187e+02
718	2.055540e+01	2.751486e+03	4.235401e+02	4.736891e+02	7.971992e+01	4.394511e+01	1.746906e+02
719	2.058403e+01	2.720909e+03	4.244573e+02	4.722986e+02	7.946478e+01	4.359628e+01	1.778293e+02
720	2.061265e+01	2.739261e+03	4.253102e+02	4.710034e+02	7.964433e+01	4.379138e+01	6.014496e-01
721	2.064128e+01	2.751195e+03	4.262993e+02	4.698124e+02	7.983838e+01	4.387527e+01	3.038343e+00
722	2.066991e+01	2.736530e+03	4.272671e+02	4.687118e+02	7.953610e+01	4.380726e+01	5.928515e+00
723	2.069854e+01	2.757258e+03	4.283839e+02	4.674352e+02	7.981509e+01	4.398480e+01	9.057014e+00
724	2.072717e+01	2.743457e+03	4.295894e+02	4.663864e+02	7.988386e+01	4.372696e+01	1.156312e+01
725	2.075580e+01	2.783339e+03	4.306530e+02	4.653159e+02	7.983276e+01	4.439103e+01	1.481102e+01
726	2.078443e+01	2.757879e+03	4.320652e+02	4.643299e+02	8.012246e+01	4.382592e+01	1.706594e+01
727	2.081305e+01	2.798621e+03	4.330149e+02	4.635506e+02	8.026879e+01	4.439228e+01	2.027818e+01
728	2.084168e+01	2.752691e+03	4.347586e+02	4.622578e+02	8.019085e+01	4.370617e+01	2.141182e+01
729	2.087031e+01	2.753306e+03	4.360390e+02	4.615982e+02	8.037383e+01	4.361641e+01	2.424710e+01
730	2.089894e+01	2.759221e+03	4.373906e+02	4.608386e+02	8.019159e+01	4.380945e+01	2.626612e+01
731	2.092757e+01	2.747258e+03	4.389168e+02	4.599279e+02	7.959553e+01	4.394615e+01	2.881160e+01
732	2.095620e+01	2.746158e+03	4.401904e+02	4.594260e+02	7.993394e+01	4.374257e+01	3.168501e+01
733	2.098483e+01	2.753090e+03	4.417017e+02	4.587405e+02	7.987154e+01	4.388726e+01	3.397906e+01
734	2.101346e+01	2.748785e+03	4.432771e+02	4.583158e+02	8.008822e+01	4.370008e+01	3.682495e+01
735	2.104208e+01	2.790085e+03	4.444445e+02	4.579283e+02	7.989916e+01	4.446163e+01	4.054354e+01
736	2.107071e+01	2.770221e+03	4.461515e+02	4.573918e+02	8.037708e+01	4.388260e+01	4.281733e+01
737	2.109934e+01	2.749445e+03	4.481013e+02	4.570084e+02	7.980276e+01	4.386692e+01	4.474260e+01
738	2.112797e+01	2.724924e+03	4.495232e+02	4.569561e+02	7.937437e+01	4.371035e+01	4.755689e+01
739	2.115660e+01	2.742310e+03	4.512011e+02	4.566271e+02	7.986906e+01	4.371677e+01	4.999855e+01
740	2.118523e+01	2.740017e+03	4.526650e+02	4.566732e+02	8.006458e+01	4.357355e+01	5.252028e+01
741	2.121386e+01	2.745590e+03	4.543356e+02	4.565598e+02	8.002229e+01	4.368525e+01	5.524492e+01
742	2.124248e+01	2.735791e+03	4.559366e+02	4.566752e+02	7.994347e+01	4.357227e+01	5.740219e+01
743	2.127111e+01	2.735954e+03	4.576983e+02	4.568041e+02	7.986316e+01	4.361868e+01	5.971716e+01
744	2.129974e+01	2.741697e+03	4.591740e+02	4.570504e+02	8.052770e+01	4.334952e+01	6.238943e+01
745	2.132837e+01	2.721266e+03	4.609216e+02	4.572824e+02	8.000111e+01	4.330969e+01	6.460392e+01
746	2.135700e+01	2.731524e+03	4.624127e+02	4.575737e+02	8.029898e+01	4.331168e+01	6.668990e+01
747	2.138563e+01	2.734284e+03	4.639091e+02	4.580066e+02	8.063882e+01	4.317273e+01	6.892498e+01
748	2.141426e+01	2.738275e+03	4.657370e+02	4.583060e+02	8.055719e+01	4.327956e+01	7.098792e+01
749	2.144289e+01	2.737139e+03	4.672673e+02	4.588073e+02	8.056451e+01	4.325768e+01	7.399519e+01
750	2.147151e+01	2.733337e+03	4.687400e+02	4.594137e+02	8.058569e+01	4.318623e+01	7.582398e+01
751	2.150014e+01	2.740394e+03	4.703701e+02	4.601189e+02	8.057088e+01	4.330569e+01	7.781860e+01
752	2.152877e+01	2.736463e+03	4.718307e+02	4.607776e+02	8.094824e+01	4.304199e+01	8.002261e+01
753	2.155740e+01	2.730156e+03	4.733650e+02	4.615385e+02	8.077940e+01	4.303255e+01	8.267139e+01
754	2.158603e+01	2.730689e+03	4.748401e+02	4.622897e+02	8.097679e+01	4.293602e+01	8.473144e+01
755	2.161466e+01	2.740400e+03	4.763023e+02	4.631963e+02	8.139790e+01	4.286579e+01	8.664650e+01
756	2.164329e+01	2.727326e+03	4.777238e+02	4.639959e+02	8.124725e+01	4.274039e+01	8.878635e+01
757	2.167192e+01	2.741711e+03	4.789496e+02	4.650269e+02	8.153062e+01	4.281649e+01	9.074136e+01
758	2.170054e+01	2.734840e+03	4.803988e+02	4.659227e+02	8.121111e+01	4.287722e+01	9.287463e+01
759	2.172917e+01	2.740407e+03	4.815700e+02	4.669383e+02	8.145098e+01	4.283797e+01	9.441384e+01
760	2.175780e+01	2.729829e+03	4.830005e+02	4.680790e+02	8.124912e+01	4.277864e+01	9.699184e+01
761	2.178643e+01	2.733964e+03	4.842793e+02	4.691706e+02	8.113993e+01	4.290108e+01	9.890227e+01
762	2.181506e+01	2.734192e+03	4.853758e+02	4.703148e+02	8.076161e+01	4.310565e+01	1.011261e+02
763	2.184369e+01	2.730660e+03	4.865376e+02	4.715453e+02	8.098048e+01	4.293361e+01	1.033201e+02
764	2.187232e+01	2.740825e+03	4.875096e+02	4.728381e+02	8.117049e+01	4.299255e+01	1.051993e+02
765	2.190094e+01	2.727156e+03	4.887211e+02	4.742000e+02	8.062325e+01	4.306850e+01	1.070327e+02
766	2.192957e+01	2.737849e+03	4.895729e+02	4.755052e+02	8.084239e+01	4.312017e+01	1.092649e+02
767	2.195820e+01	2.744667e+03	4.906828e+02	4.769485e+02	8.084004e+01	4.322880e+01	1.110587e+02
768	2.198683e+01	2.732729e+03	4.916857e+02	4.782858e+02	8.087873e+01	4.302019e+01	1.130342e+02
769	2.201546e+01	2.761213e+03	4.922793e+02	4.796637e+02	8.133138e+01	4.322668e+01	1.145593e+02
770	2.204409e+01	2.753337e+03	4.932420e+02	4.811570e+02	8.108260e+01	4.323563e+01	1.166970e+02
771	2.207272e+01	2.741114e+03	4.941717e+02	4.825940e+02	8.051144e+01	4.334906e+01	1.183889e+02
772	2.210135e+01	2.751249e+03	4.950000e+02	4.839669e+02	8.039684e+01	4.357135e+01	1.204247e+02
773	2.212997e+01	2.761442e+03	4.955285e+02	4.854078e+02	8.126418e+01	4.326601e+01	1.216480e+02
774	2.215860e+01	2.761738e+03	4.964232e+02	4.870304e+02	8.078967e+01	4.352480e+01	1.233892e+02
775	2.218723e+01	2.755405e+03	4.972092e+02	4.884608e+02	8.073607e+01	4.345382e+01	1.255671e+02
776	2.221586e+01	2.745891e+03	4.979349e+02	4.900321e+02	8.037525e+01	4.349818e+01	1.278517e+02
777	2.224449e+01	2.762220e+03	4.984859e+02	4.914496e+02	8.097640e+01	4.343201e+01	1.291021e+02
778	2.227312e+01	2.746305e+03	4.991940e+02	4.933802e+02	7.999795e+01	4.370992e+01	1.309289e+02
779	2.230175e+01	2.743689e+03	4.994162e+02	4.948904e+02	7.994883e+01	4.369511e+01	1.329905e+02
780	2.233038e+01	2.748851e+03	4.998539e+02	4.966117e+02	7.977475e+01	4.387286e+01	1.352519e+02
781	2.235900e+01	2.776822e+03	4.999999e+02	4.981276e+02	8.052086e+01	4.390861e+01	1.374827e+02
782	2.238763e+01	2.769991e+03	5.000160e+02	4.997189e+02	8.027570e+01	4.393436e+01	1.385961e+02
783	2.241626e+01	2.746854e+03	5.005153e+02	5.017386e+02	7.985385e+01	4.379755e+01	1.409994e+02
784	2.244489e+01	2.765690e+03	5.005965e+02	5.034771e+02	7.981972e+01	4.411674e+01	1.438448e+02
785	2.247352e+01	2.762128e+03	5.007848e+02	5.050526e+02	8.023021e+01	4.383449e+01	1.457912e+02
786	2.250215e+01	2.754254e+03	5.007576e+02	5.069621e+02	7.976864e+01	4.396245e+01	1.472649e+02
787	2.253078e+01	2.759752e+03	5.005684e+02	5.084165e+02	7.994346e+01	4.395388e+01	1.495809e+02
788	2.255940e+01	2.769535e+03	5.003443e+02	5.101633e+02	7.909003e+01	4.458566e+01	1.522407e+02
789	2.258803e+01	2.735066e+03	5.004645e+02	5.118439e+02	7.929835e+01	4.391509e+01	1.553204e+02
790	2.261666e+01	2.769365e+03	5.001757e+02	5.137463e+02	7.924210e+01	4.449737e+01	1.572670e+02
791	2.264529e+01	2.747000e+03	4.998989e+02	5.151208e+02	7.971870e+01	4.387415e+01	1.595581e+02
792	2.267392e+01	2.744817e+03	4.996474e+02	5.169749e+02	7.947780e+01	4.397215e+01	1.616510e+02
793	2.270255e+01	2.754475e+03	4.992520e+02	5.184078e+02	7.953236e+01	4.409659e+01	1.641811e+02
794	2.273118e+01	2.755263e+03	4.987248e+02	5.201232e+02	7.952744e+01	4.411194e+01	1.665502e+02
795	2.275981e+01	2.768967e+03	4.980902e+02	5.214667e+02	7.961050e+01	4.428510e+01	1.688885e+02
796	2.278843e+01	2.773903e+03	4.973073e+02	5.231612e+02	7.915826e+01	4.461750e+01	1.707730e+02
797	2.281706e+01	2.760570e+03	4.968316e+02	5.246811e+02	7.976565e+01	4.406491e+01	1.731947e+02
798	2.284569e+01	2.772738e+03	4.959890e+02	5.263088e+02	7.914679e+01	4.460522e+01	1.755496e+02
799	2.287432e+01	2.789204e+03	4.953835e+02	5.273160e+02	7.987666e+01	4.446010e+01	1.763795e+02
