1	2.866151e-02	2.737182e+03	5.491748e+02	2.765946e+02	7.979189e+01	4.367723e+01	1.611499e+02
2	5.732302e-02	2.717272e+03	5.506848e+02	2.772351e+02	7.914489e+01	4.371397e+01	1.580545e+02
3	8.598452e-02	2.743085e+03	5.521606e+02	2.776482e+02	8.009288e+01	4.360692e+01	1.551517e+02
4	1.146460e-01	2.719334e+03	5.538160e+02	2.782686e+02	7.952608e+01	4.353746e+01	1.524710e+02
5	1.433075e-01	2.727674e+03	5.554269e+02	2.789431e+02	7.948908e+01	4.369132e+01	1.496652e+02
6	1.719690e-01	2.727655e+03	5.569063e+02	2.792007e+02	7.955698e+01	4.365372e+01	1.464563e+02
7	2.006306e-01	2.704344e+03	5.586657e+02	2.795833e+02	7.915398e+01	4.350100e+01	1.437567e+02
8	2.292921e-01	2.706060e+03	5.602142e+02	2.799474e+02	7.919471e+01	4.350622e+01	1.408870e+02
9	2.579536e-01	2.701720e+03	5.617467e+02	2.802237e+02	7.927802e+01	4.339080e+01	1.384264e+02
10	2.866151e-01	2.710168e+03	5.635054e+02	2.804140e+02	7.949872e+01	4.340565e+01	1.358569e+02
11	3.152766e-01	2.706981e+03	5.650892e+02	2.805948e+02	7.968251e+01	4.325460e+01	1.330459e+02
12	3.439381e-01	2.691961e+03	5.667584e+02	2.805843e+02	7.915684e+01	4.330025e+01	1.307518e+02
13	3.725996e-01	2.680328e+03	5.683812e+02	2.805814e+02	7.949780e+01	4.292822e+01	1.282685e+02
14	4.012611e-01	2.689707e+03	5.698071e+02	2.805111e+02	7.926628e+01	4.320426e+01	1.261077e+02
15	4.299226e-01	2.684493e+03	5.715033e+02	2.803101e+02	7.947068e+01	4.300961e+01	1.232198e+02
16	4.585841e-01	2.673987e+03	5.731236e+02	2.799762e+02	7.958441e+01	4.278007e+01	1.206092e+02
17	4.872456e-01	2.677045e+03	5.747109e+02	2.796165e+02	7.951973e+01	4.286382e+01	1.185004e+02
18	5.159071e-01	2.680992e+03	5.765668e+02	2.792769e+02	7.965096e+01	4.285629e+01	1.159339e+02
19	5.445686e-01	2.649877e+03	5.782021e+02	2.788968e+02	7.921954e+01	4.258959e+01	1.130837e+02
20	5.732302e-01	2.645322e+03	5.795837e+02	2.782689e+02	7.894924e+01	4.266196e+01	1.111082e+02
21	6.018917e-01	2.656389e+03	5.811497e+02	2.777436e+02	7.915891e+01	4.272696e+01	1.086571e+02
22	6.305532e-01	2.650914e+03	5.827068e+02	2.770538e+02	7.953079e+01	4.243952e+01	1.062955e+02
23	6.592147e-01	2.646307e+03	5.842542e+02	2.763326e+02	7.973351e+01	4.225805e+01	1.035351e+02
24	6.878762e-01	2.648805e+03	5.857023e+02	2.756432e+02	7.959134e+01	4.237349e+01	1.014581e+02
25	7.165377e-01	2.649646e+03	5.871656e+02	2.745684e+02	7.964839e+01	4.235658e+01	9.920623e+01
26	7.451992e-01	2.632080e+03	5.885563e+02	2.736620e+02	7.969736e+01	4.204993e+01	9.676482e+01
27	7.738607e-01	2.640716e+03	5.898672e+02	2.728170e+02	7.989105e+01	4.208561e+01	9.457336e+01
28	8.025222e-01	2.641632e+03	5.913577e+02	2.717514e+02	8.018796e+01	4.194434e+01	9.226600e+01
29	8.311837e-01	2.622759e+03	5.925875e+02	2.708067e+02	7.963248e+01	4.193516e+01	9.001093e+01
30	8.598452e-01	2.635265e+03	5.937601e+02	2.696927e+02	8.010536e+01	4.188639e+01	8.762001e+01
31	8.885067e-01	2.620162e+03	5.947516e+02	2.683139e+02	7.974165e+01	4.183628e+01	8.496014e+01
32	9.171682e-01	2.600534e+03	5.961115e+02	2.669495e+02	7.951295e+01	4.164230e+01	8.291871e+01
33	9.458298e-01	2.610867e+03	5.971058e+02	2.657529e+02	7.933833e+01	4.189979e+01	8.020350e+01
34	9.744913e-01	2.635287e+03	5.979529e+02	2.643484e+02	8.021884e+01	4.182747e+01	7.772427e+01
35	1.003153e+00	2.630709e+03	5.989124e+02	2.630416e+02	7.952524e+01	4.211900e+01	7.502648e+01
36	1.031814e+00	2.637932e+03	5.997310e+02	2.615306e+02	7.989433e+01	4.203952e+01	7.233415e+01
37	1.060476e+00	2.622864e+03	6.005659e+02	2.601036e+02	7.963010e+01	4.193810e+01	7.025159e+01
38	1.089137e+00	2.630202e+03	6.014233e+02	2.585962e+02	7.970160e+01	4.201769e+01	6.770090e+01
39	1.117799e+00	2.642976e+03	6.020228e+02	2.571535e+02	7.967352e+01	4.223663e+01	6.567332e+01
40	1.146460e+00	2.629260e+03	6.023701e+02	2.556821e+02	7.956831e+01	4.207301e+01	6.286189e+01
41	1.175122e+00	2.610215e+03	6.030542e+02	2.537723e+02	7.909655e+01	4.201737e+01	6.034956e+01
42	1.203783e+00	2.659919e+03	6.031895e+02	2.523255e+02	7.994744e+01	4.236176e+01	5.792294e+01
43	1.232445e+00	2.613821e+03	6.039645e+02	2.506449e+02	7.884612e+01	4.220905e+01	5.583226e+01
44	1.261106e+00	2.621282e+03	6.043838e+02	2.488630e+02	7.857343e+01	4.247645e+01	5.335856e+01
45	1.289768e+00	2.606647e+03	6.046495e+02	2.473730e+02	7.842273e+01	4.232045e+01	5.114594e+01
46	1.318429e+00	2.638351e+03	6.047043e+02	2.458661e+02	7.908875e+01	4.247447e+01	4.834428e+01
47	1.347091e+00	2.641753e+03	6.049488e+02	2.443091e+02	7.866525e+01	4.275821e+01	4.532779e+01
48	1.375752e+00	2.650814e+03	6.049609e+02	2.427294e+02	7.908920e+01	4.267486e+01	4.282920e+01
49	1.404414e+00	2.623784e+03	6.049588e+02	2.410288e+02	7.812215e+01	4.276259e+01	4.049754e+01
50	1.433075e+00	2.638411e+03	6.047748e+02	2.393439e+02	7.883450e+01	4.261243e+01	3.834360e+01
51	1.461737e+00	2.652717e+03	6.046735e+02	2.377020e+02	7.870982e+01	4.291134e+01	3.559002e+01
52	1.490398e+00	2.660150e+03	6.043688e+02	2.362263e+02	7.884031e+01	4.296037e+01	3.284334e+01
53	1.519060e+00	2.682291e+03	6.038409e+02	2.347485e+02	7.910997e+01	4.317027e+01	3.017462e+01
54	1.547721e+00	2.662340e+03	6.032749e+02	2.332282e+02	7.902138e+01	4.289722e+01	2.686326e+01
55	1.576383e+00	2.668190e+03	6.027679e+02	2.318001e+02	7.890786e+01	4.305331e+01	2.471049e+01
56	1.605044e+00	2.663930e+03	6.022737e+02	2.303636e+02	7.903154e+01	4.291730e+01	2.211669e+01
57	1.633706e+00	2.683928e+03	6.013527e+02	2.290405e+02	7.893714e+01	4.329120e+01	1.954859e+01
58	1.662367e+00	2.692127e+03	6.007359e+02	2.274414e+02	7.887408e+01	4.345817e+01	1.670785e+01
59	1.691029e+00	2.694036e+03	6.000063e+02	2.260606e+02	7.903192e+01	4.340212e+01	1.398485e+01
60	1.719690e+00	2.696831e+03	5.990109e+02	2.245860e+02	7.873073e+01	4.361337e+01	1.117095e+01
61	1.748352e+00	2.727633e+03	5.977852e+02	2.230994e+02	7.887768e+01	4.402931e+01	7.545285e+00
62	1.777013e+00	2.700593e+03	5.969650e+02	2.220340e+02	7.896187e+01	4.354636e+01	5.684285e+00
63	1.805675e+00	2.702012e+03	5.959916e+02	2.205794e+02	7.871262e+01	4.370721e+01	2.835630e+00
64	1.834336e+00	2.698333e+03	5.948788e+02	2.194654e+02	7.908749e+01	4.344080e+01	1.799274e+02
65	1.862998e+00	2.701600e+03	5.936697e+02	2.185153e+02	7.925445e+01	4.340177e+01	1.774761e+02
66	1.891660e+00	2.723554e+03	5.924294e+02	2.174792e+02	7.906305e+01	4.386040e+01	1.743008e+02
67	1.920321e+00	2.726725e+03	5.909856e+02	2.165709e+02	7.940817e+01	4.372061e+01	1.711046e+02
68	1.948983e+00	2.716471e+03	5.897179e+02	2.156265e+02	7.923429e+01	4.365178e+01	1.680897e+02
69	1.977644e+00	2.721422e+03	5.882648e+02	2.147644e+02	7.935233e+01	4.366628e+01	1.650842e+02
70	2.006306e+00	2.716005e+03	5.868765e+02	2.141396e+02	7.916988e+01	4.367981e+01	1.619265e+02
71	2.034967e+00	2.724020e+03	5.854324e+02	2.134000e+02	7.943669e+01	4.366156e+01	1.597908e+02
72	2.063629e+00	2.722789e+03	5.839074e+02	2.126836e+02	7.930882e+01	4.371220e+01	1.569521e+02
73	2.092290e+00	2.721304e+03	5.825001e+02	2.123246e+02	7.956878e+01	4.354562e+01	1.542128e+02
74	2.120952e+00	2.719094e+03	5.809181e+02	2.116839e+02	7.946622e+01	4.356641e+01	1.510494e+02
75	2.149613e+00	2.717504e+03	5.794130e+02	2.112487e+02	7.919346e+01	4.369090e+01	1.485999e+02
76	2.178275e+00	2.738779e+03	5.778083e+02	2.109477e+02	7.962856e+01	4.379234e+01	1.454641e+02
77	2.206936e+00	2.734515e+03	5.760811e+02	2.105729e+02	7.981455e+01	4.362228e+01	1.427668e+02
78	2.235598e+00	2.739721e+03	5.746376e+02	2.103961e+02	7.962066e+01	4.381176e+01	1.395527e+02
79	2.264259e+00	2.728865e+03	5.728763e+02	2.102880e+02	7.927900e+01	4.382622e+01	1.371480e+02
80	2.292921e+00	2.730491e+03	5.712401e+02	2.104260e+02	7.936135e+01	4.380683e+01	1.340455e+02
81	2.321582e+00	2.725109e+03	5.696638e+02	2.104779e+02	7.976933e+01	4.349687e+01	1.309144e+02
82	2.350244e+00	2.742636e+03	5.681258e+02	2.107380e+02	7.969125e+01	4.381953e+01	1.286576e+02
83	2.378905e+00	2.734643e+03	5.664864e+02	2.110498e+02	7.964340e+01	4.371806e+01	1.256027e+02
84	2.407567e+00	2.709105e+03	5.649725e+02	2.113580e+02	7.935500e+01	4.346721e+01	1.231819e+02
85	2.436228e+00	2.706870e+03	5.634518e+02	2.116779e+02	7.943213e+01	4.338917e+01	1.207893e+02
86	2.464890e+00	2.721580e+03	5.618610e+02	2.120795e+02	7.960268e+01	4.353148e+01	1.183808e+02
87	2.493551e+00	2.711796e+03	5.602814e+02	2.125328e+02	7.982833e+01	4.325238e+01	1.153872e+02
88	2.522213e+00	2.716617e+03	5.587865e+02	2.131816e+02	8.004556e+01	4.321169e+01	1.129042e+02
89	2.550874e+00	2.708465e+03	5.571828e+02	2.137125e+02	8.001176e+01	4.310022e+01	1.103798e+02
90	2.579536e+00	2.718746e+03	5.557608e+02	2.144146e+02	8.010559e+01	4.321315e+01	1.076539e+02
91	2.608197e+00	2.699875e+03	5.545434e+02	2.153112e+02	7.983843e+01	4.305681e+01	1.047941e+02
92	2.636859e+00	2.696832e+03	5.529635e+02	2.160737e+02	8.008858e+01	4.287394e+01	1.029460e+02
93	2.665520e+00	2.721844e+03	5.515964e+02	2.170248e+02	8.037773e+01	4.311592e+01	1.001268e+02
94	2.694182e+00	2.711132e+03	5.502018e+02	2.179289e+02	8.035196e+01	4.296000e+01	9.779770e+01
95	2.722843e+00	2.712074e+03	5.487738e+02	2.191063e+02	8.020842e+01	4.305184e+01	9.530275e+01
96	2.751505e+00	2.706013e+03	5.473755e+02	2.201550e+02	8.043413e+01	4.283508e+01	9.293996e+01
97	2.780166e+00	2.706302e+03	5.462418e+02	2.212771e+02	8.016263e+01	4.298476e+01	9.043133e+01
98	2.808828e+00	2.697157e+03	5.450356e+02	2.224449e+02	8.033115e+01	4.274963e+01	8.853527e+01
99	2.837489e+00	2.706325e+03	5.439035e+02	2.236698e+02	8.015379e+01	4.298986e+01	8.618175e+01
100	2.866151e+00	2.705160e+03	5.424847e+02	2.250738e+02	8.036867e+01	4.285647e+01	8.415410e+01
101	2.894812e+00	2.683857e+03	5.416467e+02	2.263445e+02	8.019769e+01	4.260962e+01	8.182701e+01
102	2.923474e+00	2.701449e+03	5.404874e+02	2.278316e+02	8.079297e+01	4.257291e+01	7.925632e+01
103	2.952135e+00	2.694859e+03	5.395715e+02	2.292053e+02	8.030386e+01	4.272772e+01	7.710603e+01
104	2.980797e+00	2.696720e+03	5.387378e+02	2.306860e+02	8.039517e+01	4.270866e+01	7.448401e+01
105	3.009458e+00	2.683511e+03	5.379088e+02	2.321720e+02	8.034718e+01	4.252485e+01	7.227618e+01
106	3.038120e+00	2.689456e+03	5.370521e+02	2.338710e+02	8.019030e+01	4.270245e+01	6.946832e+01
107	3.066781e+00	2.693532e+03	5.364711e+02	2.353034e+02	8.057082e+01	4.256518e+01	6.706654e+01
108	3.095443e+00	2.691815e+03	5.357823e+02	2.369156e+02	8.029270e+01	4.268540e+01	6.499361e+01
109	3.124104e+00	2.691969e+03	5.353117e+02	2.386148e+02	8.024330e+01	4.271411e+01	6.243853e+01
110	3.152766e+00	2.692359e+03	5.347394e+02	2.403601e+02	8.042291e+01	4.262490e+01	6.009823e+01
111	3.181427e+00	2.684290e+03	5.343906e+02	2.420654e+02	8.008543e+01	4.267622e+01	5.760315e+01
112	3.210089e+00	2.690166e+03	5.341436e+02	2.438319e+02	8.005777e+01	4.278443e+01	5.541123e+01
113	3.238750e+00	2.695803e+03	5.337363e+02	2.456585e+02	8.027143e+01	4.275996e+01	5.264539e+01
114	3.267412e+00	2.697412e+03	5.335989e+02	2.474816e+02	8.002957e+01	4.291478e+01	5.017864e+01
115	3.296073e+00	2.682089e+03	5.335224e+02	2.491845e+02	7.970316e+01	4.284575e+01	4.801505e+01
116	3.324735e+00	2.703712e+03	5.334543e+02	2.510057e+02	7.997427e+01	4.304476e+01	4.566390e+01
117	3.353396e+00	2.711075e+03	5.334459e+02	2.527844e+02	8.010541e+01	4.309132e+01	4.331607e+01
118	3.382058e+00	2.698452e+03	5.333856e+02	2.546107e+02	7.973072e+01	4.309224e+01	4.091509e+01
119	3.410719e+00	2.697461e+03	5.334724e+02	2.563040e+02	7.987855e+01	4.299671e+01	3.875906e+01
120	3.439381e+00	2.730355e+03	5.334248e+02	2.581169e+02	8.034986e+01	4.326574e+01	3.648796e+01
121	3.468042e+00	2.713571e+03	5.338236e+02	2.597281e+02	8.002472e+01	4.317448e+01	3.410268e+01
122	3.496704e+00	2.716792e+03	5.342488e+02	2.615016e+02	8.023677e+01	4.311150e+01	3.084232e+01
123	3.525365e+00	2.714541e+03	5.346780e+02	2.630603e+02	7.982081e+01	4.330025e+01	2.878651e+01
124	3.554027e+00	2.712518e+03	5.351464e+02	2.649096e+02	7.987327e+01	4.323956e+01	2.620912e+01
125	3.582688e+00	2.718669e+03	5.356586e+02	2.666746e+02	7.985463e+01	4.334773e+01	2.412532e+01
126	3.611350e+00	2.724684e+03	5.363776e+02	2.681176e+02	8.021609e+01	4.324787e+01	2.112674e+01
127	3.640011e+00	2.719627e+03	5.371122e+02	2.698262e+02	7.970215e+01	4.344596e+01	1.846737e+01
128	3.668673e+00	2.720072e+03	5.381261e+02	2.712352e+02	7.961832e+01	4.349882e+01	1.572801e+01
129	3.697334e+00	2.723841e+03	5.388744e+02	2.727711e+02	7.959386e+01	4.357248e+01	1.334151e+01
130	3.725996e+00	2.732496e+03	5.398172e+02	2.742954e+02	7.985669e+01	4.356706e+01	1.008009e+01
131	3.754657e+00	2.727655e+03	5.409786e+02	2.756304e+02	7.955012e+01	4.365749e+01	7.361647e+00
132	3.783319e+00	2.746682e+03	5.419725e+02	2.769819e+02	7.968851e+01	4.388567e+01	4.625534e+00
133	3.811981e+00	2.740905e+03	5.430131e+02	2.782024e+02	7.929890e+01	4.400854e+01	1.603631e+00
134	3.840642e+00	2.731681e+03	5.441627e+02	2.795537e+02	7.931310e+01	4.385259e+01	1.787766e+02
135	3.869304e+00	2.718403e+03	5.454440e+02	2.805878e+02	7.975381e+01	4.339828e+01	1.758274e+02
136	3.897965e+00	2.726040e+03	5.466252e+02	2.818237e+02	7.944215e+01	4.369094e+01	1.731793e+02
137	3.926627e+00	2.741509e+03	5.479379e+02	2.829666e+02	7.974547e+01	4.377174e+01	1.703088e+02
138	3.955288e+00	2.762197e+03	5.492714e+02	2.837759e+02	7.967096e+01	4.414329e+01	1.668422e+02
139	3.983950e+00	2.732404e+03	5.508517e+02	2.846692e+02	7.946340e+01	4.378122e+01	1.638298e+02
140	4.012611e+00	2.727630e+03	5.523075e+02	2.851990e+02	7.941776e+01	4.372984e+01	1.607042e+02
141	4.041273e+00	2.727743e+03	5.539247e+02	2.858894e+02	7.974635e+01	4.355146e+01	1.573888e+02
142	4.069934e+00	2.734570e+03	5.554537e+02	2.864866e+02	7.968140e+01	4.369605e+01	1.542300e+02
143	4.098596e+00	2.725782e+03	5.570281e+02	2.869528e+02	7.953244e+01	4.363721e+01	1.511050e+02
144	4.127257e+00	2.721703e+03	5.584924e+02	2.871811e+02	7.952265e+01	4.357726e+01	1.480855e+02
145	4.155919e+00	2.715675e+03	5.602111e+02	2.874272e+02	7.956893e+01	4.345546e+01	1.445976e+02
146	4.184580e+00	2.724274e+03	5.618110e+02	2.876854e+02	7.952097e+01	4.361935e+01	1.415645e+02
147	4.213242e+00	2.701812e+03	5.634993e+02	2.878578e+02	7.920411e+01	4.343277e+01	1.390024e+02
148	4.241903e+00	2.699003e+03	5.651197e+02	2.878914e+02	7.945421e+01	4.325105e+01	1.359234e+02
149	4.270565e+00	2.702476e+03	5.666923e+02	2.879080e+02	7.953349e+01	4.326353e+01	1.333960e+02
150	4.299226e+00	2.702043e+03	5.685067e+02	2.880672e+02	7.936292e+01	4.334956e+01	1.307589e+02
151	4.327888e+00	2.693361e+03	5.699786e+02	2.879188e+02	7.941000e+01	4.318466e+01	1.277512e+02
152	4.356549e+00	2.689306e+03	5.716178e+02	2.876400e+02	7.957127e+01	4.303225e+01	1.249320e+02
153	4.385211e+00	2.664900e+03	5.734056e+02	2.874243e+02	7.926598e+01	4.280596e+01	1.221253e+02
154	4.413872e+00	2.682636e+03	5.749832e+02	2.870791e+02	7.926723e+01	4.309017e+01	1.199366e+02
155	4.442534e+00	2.681076e+03	5.765762e+02	2.867057e+02	7.957922e+01	4.289627e+01	1.171340e+02
156	4.471195e+00	2.655860e+03	5.781967e+02	2.861151e+02	7.925079e+01	4.266892e+01	1.144417e+02
157	4.499857e+00	2.670649e+03	5.798599e+02	2.856152e+02	7.962929e+01	4.270258e+01	1.116324e+02
158	4.528518e+00	2.658667e+03	5.812748e+02	2.849655e+02	7.933409e+01	4.266917e+01	1.090872e+02
159	4.557180e+00	2.645630e+03	5.826938e+02	2.841994e+02	7.947327e+01	4.238559e+01	1.060145e+02
160	4.585841e+00	2.654664e+03	5.842171e+02	2.834785e+02	7.973627e+01	4.239003e+01	1.037530e+02
161	4.614503e+00	2.635525e+03	5.857696e+02	2.826549e+02	7.936237e+01	4.228270e+01	1.016593e+02
162	4.643164e+00	2.632745e+03	5.872540e+02	2.818322e+02	7.955040e+01	4.213825e+01	9.918465e+01
163	4.671826e+00	2.622604e+03	5.887274e+02	2.809394e+02	7.952758e+01	4.198800e+01	9.687670e+01
164	4.700487e+00	2.646936e+03	5.901026e+02	2.800021e+02	7.998783e+01	4.213370e+01	9.414825e+01
165	4.729149e+00	2.637638e+03	5.914442e+02	2.788807e+02	7.957295e+01	4.220461e+01	9.201759e+01
166	4.757810e+00	2.631755e+03	5.926769e+02	2.776567e+02	8.003189e+01	4.186898e+01	8.935312e+01
167	4.786472e+00	2.614864e+03	5.938920e+02	2.765615e+02	7.998689e+01	4.162368e+01	8.679127e+01
168	4.815133e+00	2.624075e+03	5.951294e+02	2.753336e+02	7.956178e+01	4.199348e+01	8.442482e+01
169	4.843795e+00	2.616155e+03	5.962404e+02	2.741565e+02	7.934328e+01	4.198203e+01	8.247017e+01
170	4.872456e+00	2.627267e+03	5.971506e+02	2.727996e+02	7.986007e+01	4.188753e+01	7.962808e+01
171	4.901118e+00	2.625312e+03	5.981373e+02	2.714365e+02	7.955508e+01	4.201682e+01	7.699239e+01
172	4.929779e+00	2.619970e+03	5.989434e+02	2.699535e+02	7.961245e+01	4.190110e+01	7.388765e+01
173	4.958441e+00	2.636307e+03	5.997607e+02	2.684602e+02	7.937083e+01	4.229073e+01	7.195269e+01
174	4.987102e+00	2.647322e+03	6.006135e+02	2.668567e+02	7.980175e+01	4.223811e+01	6.989526e+01
175	5.015764e+00	2.637718e+03	6.012283e+02	2.653540e+02	7.961169e+01	4.218535e+01	6.700027e+01
176	5.044425e+00	2.634022e+03	6.018969e+02	2.637536e+02	7.941560e+01	4.223026e+01	6.475875e+01
177	5.073087e+00	2.624620e+03	6.024343e+02	2.619397e+02	7.913022e+01	4.223128e+01	6.221054e+01
178	5.101748e+00	2.713954e+03	6.018640e+02	2.605012e+02	7.999398e+01	4.319716e+01	6.235711e+01
179	5.130410e+00	2.633660e+03	6.030942e+02	2.588513e+02	7.912439e+01	4.237985e+01	5.696087e+01
180	5.159071e+00	2.639122e+03	6.035417e+02	2.571953e+02	7.903170e+01	4.251755e+01	5.445621e+01
181	5.187733e+00	2.631361e+03	6.037060e+02	2.556402e+02	7.883133e+01	4.250026e+01	5.127160e+01
182	5.216394e+00	2.660369e+03	6.039142e+02	2.540426e+02	7.955015e+01	4.258053e+01	4.871242e+01
183	5.245056e+00	2.649266e+03	6.038582e+02	2.523829e+02	7.917126e+01	4.260574e+01	4.632301e+01
184	5.273717e+00	2.657242e+03	6.037984e+02	2.506988e+02	7.919962e+01	4.271871e+01	4.318124e+01
185	5.302379e+00	2.654807e+03	6.038148e+02	2.491276e+02	7.912241e+01	4.272121e+01	4.058956e+01
186	5.331040e+00	2.651437e+03	6.035322e+02	2.473972e+02	7.893089e+01	4.277052e+01	3.749750e+01
187	5.359702e+00	2.661938e+03	6.031679e+02	2.457043e+02	7.898637e+01	4.290974e+01	3.425814e+01
188	5.388363e+00	2.669797e+03	6.026868e+02	2.443181e+02	7.941244e+01	4.280553e+01	3.192821e+01
189	5.417025e+00	2.665102e+03	6.024565e+02	2.425750e+02	7.912740e+01	4.288417e+01	2.936110e+01
190	5.445686e+00	2.677725e+03	6.021662e+02	2.408260e+02	7.918182e+01	4.305767e+01	2.653883e+01
191	5.474348e+00	2.691309e+03	6.015163e+02	2.392034e+02	7.885034e+01	4.345804e+01	2.427849e+01
192	5.503009e+00	2.674367e+03	6.008416e+02	2.377166e+02	7.901211e+01	4.309605e+01	2.123372e+01
193	5.531671e+00	2.676293e+03	6.001650e+02	2.362166e+02	7.885039e+01	4.321554e+01	1.897554e+01
194	5.560332e+00	2.685897e+03	5.994212e+02	2.347617e+02	7.906177e+01	4.325467e+01	1.611491e+01
195	5.588994e+00	2.691170e+03	5.987927e+02	2.332795e+02	7.908768e+01	4.332538e+01	1.344360e+01
196	5.617655e+00	2.698347e+03	5.977269e+02	2.320777e+02	7.907169e+01	4.344971e+01	1.058241e+01
197	5.646317e+00	2.701860e+03	5.969000e+02	2.308111e+02	7.899522e+01	4.354840e+01	7.671489e+00
198	5.674979e+00	2.701841e+03	5.959860e+02	2.293502e+02	7.917706e+01	4.344807e+01	5.228495e+00
199	5.703640e+00	2.695905e+03	5.947330e+02	2.281663e+02	7.890318e+01	4.350310e+01	2.411337e+00
200	5.732302e+00	2.709268e+03	5.935435e+02	2.269329e+02	7.900519e+01	4.366229e+01	1.798835e+02
201	5.760963e+00	2.718738e+03	5.923232e+02	2.258745e+02	7.941895e+01	4.358664e+01	1.763592e+02
202	5.789625e+00	2.739890e+03	5.909127e+02	2.248539e+02	7.943948e+01	4.391439e+01	1.728888e+02
203	5.818286e+00	2.708543e+03	5.895873e+02	2.238564e+02	7.898740e+01	4.366043e+01	1.701972e+02
204	5.846948e+00	2.704287e+03	5.883180e+02	2.231989e+02	7.945593e+01	4.333478e+01	1.675223e+02
205	5.875609e+00	2.715967e+03	5.868084e+02	2.223440e+02	7.909580e+01	4.372010e+01	1.642888e+02
206	5.904271e+00	2.738133e+03	5.852318e+02	2.217413e+02	7.896117e+01	4.415206e+01	1.618857e+02
207	5.932932e+00	2.725215e+03	5.839626e+02	2.210322e+02	7.939820e+01	4.370189e+01	1.581935e+02
208	5.961594e+00	2.708109e+03	5.824714e+02	2.205238e+02	7.919304e+01	4.354008e+01	1.553305e+02
209	5.990255e+00	2.720234e+03	5.809330e+02	2.202219e+02	7.902148e+01	4.382997e+01	1.514303e+02
210	6.018917e+00	2.732987e+03	5.793029e+02	2.198597e+02	7.938976e+01	4.383118e+01	1.491353e+02
211	6.047578e+00	2.737645e+03	5.774656e+02	2.193391e+02	7.920702e+01	4.400718e+01	1.456057e+02
212	6.076240e+00	2.731112e+03	5.761025e+02	2.193126e+02	7.930025e+01	4.385056e+01	1.427904e+02
213	6.104901e+00	2.735312e+03	5.743842e+02	2.190408e+02	7.936915e+01	4.387986e+01	1.397098e+02
214	6.133563e+00	2.708718e+03	5.730421e+02	2.188625e+02	7.922861e+01	4.353032e+01	1.375680e+02
215	6.162224e+00	2.716129e+03	5.714921e+02	2.189279e+02	7.929839e+01	4.361101e+01	1.346529e+02
216	6.190886e+00	2.733022e+03	5.698351e+02	2.190912e+02	7.965571e+01	4.368541e+01	1.315617e+02
217	6.219547e+00	2.730773e+03	5.681733e+02	2.191938e+02	7.950707e+01	4.373105e+01	1.283031e+02
218	6.248209e+00	2.730156e+03	5.664876e+02	2.195160e+02	7.964133e+01	4.364746e+01	1.258407e+02
219	6.276870e+00	2.718709e+03	5.649763e+02	2.197737e+02	7.931631e+01	4.364258e+01	1.235242e+02
220	6.305532e+00	2.735022e+03	5.633411e+02	2.202609e+02	7.941094e+01	4.385212e+01	1.205697e+02
221	6.334193e+00	2.742388e+03	5.618185e+02	2.208097e+02	7.980142e+01	4.375508e+01	1.171724e+02
222	6.362855e+00	2.728013e+03	5.601628e+02	2.213556e+02	7.984118e+01	4.350404e+01	1.150841e+02
223	6.391516e+00	2.708657e+03	5.586837e+02	2.220529e+02	7.974922e+01	4.324518e+01	1.125053e+02
224	6.420178e+00	2.713177e+03	5.571777e+02	2.226949e+02	7.953796e+01	4.343240e+01	1.097347e+02
225	6.448839e+00	2.713246e+03	5.556944e+02	2.232796e+02	8.007764e+01	4.314079e+01	1.074638e+02
226	6.477501e+00	2.715576e+03	5.541412e+02	2.240381e+02	8.013674e+01	4.314599e+01	1.047207e+02
227	6.506162e+00	2.725152e+03	5.527210e+02	2.248566e+02	8.047785e+01	4.311461e+01	1.022593e+02
228	6.534824e+00	2.698765e+03	5.513799e+02	2.259061e+02	8.024676e+01	4.282010e+01	9.955896e+01
229	6.563485e+00	2.706798e+03	5.498659e+02	2.268678e+02	8.055554e+01	4.278293e+01	9.708218e+01
230	6.592147e+00	2.703803e+03	5.487442e+02	2.278735e+02	8.031787e+01	4.286206e+01	9.489076e+01
231	6.620808e+00	2.684356e+03	5.474134e+02	2.289697e+02	8.018205e+01	4.262584e+01	9.245419e+01
232	6.649470e+00	2.702156e+03	5.462195e+02	2.302213e+02	8.042081e+01	4.278112e+01	8.980374e+01
233	6.678131e+00	2.699891e+03	5.449433e+02	2.314272e+02	8.060871e+01	4.264562e+01	8.757839e+01
234	6.706793e+00	2.697012e+03	5.437957e+02	2.327063e+02	8.053439e+01	4.263945e+01	8.526261e+01
235	6.735454e+00	2.695748e+03	5.426091e+02	2.342076e+02	8.059259e+01	4.258869e+01	8.277348e+01
236	6.764116e+00	2.703725e+03	5.416865e+02	2.356406e+02	8.059177e+01	4.271515e+01	8.048709e+01
237	6.792777e+00	2.685267e+03	5.409501e+02	2.369669e+02	8.028197e+01	4.258724e+01	7.778758e+01
238	6.821439e+00	2.688185e+03	5.399025e+02	2.385646e+02	8.052727e+01	4.250366e+01	7.499589e+01
239	6.850100e+00	2.700286e+03	5.390593e+02	2.401950e+02	8.085436e+01	4.252227e+01	7.213134e+01
240	6.878762e+00	2.689030e+03	5.385366e+02	2.417408e+02	8.051336e+01	4.252436e+01	6.970332e+01
241	6.907423e+00	2.690652e+03	5.377440e+02	2.434872e+02	8.050201e+01	4.255602e+01	6.722556e+01
242	6.936085e+00	2.685132e+03	5.371338e+02	2.449974e+02	8.036405e+01	4.254161e+01	6.521317e+01
243	6.964746e+00	2.692175e+03	5.367267e+02	2.467481e+02	8.015176e+01	4.276618e+01	6.280901e+01
244	6.993408e+00	2.708104e+03	5.359534e+02	2.486936e+02	8.071826e+01	4.271728e+01	6.001826e+01
245	7.022069e+00	2.695104e+03	5.358088e+02	2.503033e+02	8.031760e+01	4.272429e+01	5.778377e+01
246	7.050731e+00	2.684694e+03	5.354657e+02	2.519920e+02	7.974753e+01	4.286351e+01	5.552680e+01
247	7.079392e+00	2.700618e+03	5.351705e+02	2.537522e+02	8.037986e+01	4.277855e+01	5.342866e+01
248	7.108054e+00	2.695655e+03	5.348820e+02	2.554984e+02	8.023269e+01	4.277825e+01	5.084441e+01
249	7.136715e+00	2.691453e+03	5.347336e+02	2.572910e+02	8.016115e+01	4.274968e+01	4.863704e+01
250	7.165377e+00	2.693851e+03	5.346823e+02	2.591751e+02	7.992931e+01	4.291189e+01	4.601449e+01
251	7.194038e+00	2.707891e+03	5.346194e+02	2.608846e+02	8.012336e+01	4.303107e+01	4.323101e+01
252	7.222700e+00	2.695932e+03	5.347621e+02	2.626369e+02	7.972076e+01	4.305737e+01	4.075200e+01
253	7.251361e+00	2.710293e+03	5.349647e+02	2.643239e+02	8.016774e+01	4.304540e+01	3.825468e+01
254	7.280023e+00	2.712098e+03	5.351080e+02	2.663286e+02	7.996840e+01	4.318143e+01	3.567234e+01
255	7.308684e+00	2.715924e+03	5.355073e+02	2.678893e+02	8.005271e+01	4.319682e+01	3.280881e+01
256	7.337346e+00	2.712435e+03	5.358392e+02	2.697189e+02	8.002263e+01	4.315753e+01	3.024051e+01
257	7.366007e+00	2.733933e+03	5.362657e+02	2.715027e+02	8.034415e+01	4.332552e+01	2.821336e+01
258	7.394669e+00	2.722234e+03	5.368941e+02	2.730817e+02	7.984153e+01	4.341169e+01	2.544544e+01
259	7.423330e+00	2.748458e+03	5.373524e+02	2.750224e+02	8.065669e+01	4.338692e+01	2.321986e+01
260	7.451992e+00	2.722885e+03	5.380266e+02	2.763942e+02	7.993856e+01	4.336937e+01	2.044384e+01
261	7.480653e+00	2.726669e+03	5.387845e+02	2.781241e+02	7.984198e+01	4.348217e+01	1.798574e+01
262	7.509315e+00	2.741972e+03	5.395027e+02	2.797434e+02	7.986403e+01	4.371415e+01	1.454431e+01
263	7.537976e+00	2.729349e+03	5.404037e+02	2.812273e+02	7.991370e+01	4.348585e+01	1.211414e+01
264	7.566638e+00	2.732458e+03	5.414520e+02	2.827248e+02	7.958011e+01	4.371788e+01	9.621909e+00
265	7.595300e+00	2.737140e+03	5.425609e+02	2.841245e+02	7.970715e+01	4.372299e+01	6.802936e+00
266	7.623961e+00	2.721806e+03	5.436804e+02	2.855457e+02	7.948578e+01	4.359913e+01	3.701346e+00
267	7.652623e+00	2.723221e+03	5.447125e+02	2.867295e+02	7.942622e+01	4.365451e+01	1.007338e+00
268	7.681284e+00	2.745563e+03	5.459488e+02	2.879223e+02	8.005252e+01	4.366833e+01	1.782184e+02
269	7.709946e+00	2.737311e+03	5.472340e+02	2.890009e+02	7.956349e+01	4.380467e+01	1.750890e+02
270	7.738607e+00	2.743916e+03	5.484280e+02	2.901175e+02	7.981529e+01	4.377184e+01	1.719916e+02
271	7.767269e+00	2.729252e+03	5.497094e+02	2.911040e+02	7.962488e+01	4.364204e+01	1.693178e+02
272	7.795930e+00	2.742296e+03	5.511439e+02	2.920845e+02	7.956864e+01	4.388160e+01	1.663475e+02
273	7.824592e+00	2.727183e+03	5.526506e+02	2.928882e+02	7.943932e+01	4.371081e+01	1.627928e+02
274	7.853253e+00	2.727069e+03	5.541870e+02	2.936659e+02	7.959118e+01	4.362559e+01	1.595774e+02
275	7.881915e+00	2.733643e+03	5.556464e+02	2.942671e+02	7.954160e+01	4.375802e+01	1.566229e+02
276	7.910576e+00	2.745096e+03	5.569125e+02	2.947539e+02	7.893006e+01	4.428180e+01	1.533179e+02
277	7.939238e+00	2.727854e+03	5.587198e+02	2.953530e+02	7.948232e+01	4.369792e+01	1.514275e+02
278	7.967899e+00	2.717191e+03	5.601686e+02	2.957545e+02	7.946006e+01	4.353930e+01	1.483616e+02
279	7.996561e+00	2.712021e+03	5.618099e+02	2.961294e+02	7.954653e+01	4.340921e+01	1.455061e+02
280	8.025222e+00	2.711512e+03	5.634335e+02	2.965862e+02	7.924936e+01	4.356381e+01	1.427591e+02
281	8.053884e+00	2.712065e+03	5.649323e+02	2.967986e+02	7.943239e+01	4.347230e+01	1.402452e+02
282	8.082545e+00	2.715064e+03	5.666003e+02	2.968474e+02	7.924848e+01	4.362136e+01	1.369291e+02
283	8.111207e+00	2.697213e+03	5.682776e+02	2.970604e+02	7.928618e+01	4.331396e+01	1.342989e+02
284	8.139868e+00	2.701136e+03	5.699247e+02	2.972602e+02	7.949139e+01	4.326497e+01	1.315829e+02
285	8.168530e+00	2.690937e+03	5.713788e+02	2.969496e+02	7.901406e+01	4.336200e+01	1.286450e+02
286	8.197191e+00	2.676610e+03	5.732161e+02	2.970838e+02	7.896661e+01	4.315704e+01	1.261101e+02
287	8.225853e+00	2.678677e+03	5.748228e+02	2.967242e+02	7.931168e+01	4.300246e+01	1.238605e+02
288	8.254514e+00	2.669917e+03	5.763942e+02	2.965774e+02	7.935034e+01	4.284095e+01	1.215856e+02
289	8.283176e+00	2.677358e+03	5.779822e+02	2.962448e+02	7.929507e+01	4.299029e+01	1.185392e+02
290	8.311837e+00	2.667568e+03	5.794803e+02	2.957468e+02	7.944039e+01	4.275475e+01	1.157586e+02
291	8.340499e+00	2.643543e+03	5.812034e+02	2.952976e+02	7.943604e+01	4.237199e+01	1.128319e+02
292	8.369160e+00	2.670216e+03	5.827518e+02	2.946901e+02	7.972423e+01	4.264482e+01	1.106606e+02
293	8.397822e+00	2.640897e+03	5.840530e+02	2.939307e+02	7.936743e+01	4.236618e+01	1.081727e+02
294	8.426483e+00	2.654126e+03	5.854470e+02	2.932060e+02	7.997946e+01	4.225257e+01	1.059535e+02
295	8.455145e+00	2.640988e+03	5.870059e+02	2.924545e+02	7.954297e+01	4.227414e+01	1.035414e+02
296	8.483806e+00	2.658035e+03	5.886677e+02	2.917550e+02	7.977816e+01	4.242157e+01	1.012104e+02
297	8.512468e+00	2.632232e+03	5.903351e+02	2.909753e+02	7.944769e+01	4.218451e+01	9.881094e+01
298	8.541129e+00	2.619279e+03	5.914852e+02	2.900216e+02	7.968595e+01	4.185142e+01	9.664687e+01
299	8.569791e+00	2.625077e+03	5.927450e+02	2.891169e+02	7.965184e+01	4.196201e+01	9.405814e+01
300	8.598452e+00	2.624998e+03	5.942105e+02	2.880115e+02	7.947237e+01	4.205550e+01	9.167545e+01
301	8.627114e+00	2.603424e+03	5.956561e+02	2.868597e+02	7.913271e+01	4.188891e+01	8.936855e+01
302	8.655775e+00	2.622269e+03	5.966350e+02	2.857031e+02	8.024805e+01	4.160571e+01	8.704926e+01
303	8.684437e+00	2.623654e+03	5.977170e+02	2.844860e+02	7.964381e+01	4.194350e+01	8.435891e+01
304	8.713098e+00	2.612234e+03	5.988096e+02	2.831378e+02	7.995583e+01	4.159797e+01	8.232375e+01
305	8.741760e+00	2.621227e+03	6.000811e+02	2.818244e+02	7.962979e+01	4.191208e+01	7.982370e+01
306	8.770421e+00	2.635868e+03	6.010808e+02	2.805554e+02	7.978305e+01	4.206522e+01	7.746603e+01
307	8.799083e+00	2.631264e+03	6.019885e+02	2.791755e+02	7.979767e+01	4.198405e+01	7.490021e+01
308	8.827744e+00	2.640689e+03	6.027364e+02	2.777861e+02	7.976254e+01	4.215299e+01	7.231394e+01
309	8.856406e+00	2.628767e+03	6.037415e+02	2.762410e+02	7.968741e+01	4.200224e+01	6.977810e+01
310	8.885067e+00	2.636485e+03	6.040167e+02	2.748807e+02	7.950045e+01	4.222463e+01	6.725357e+01
311	8.913729e+00	2.630447e+03	6.049623e+02	2.732195e+02	7.963115e+01	4.205878e+01	6.502684e+01
312	8.942390e+00	2.650891e+03	6.053610e+02	2.717032e+02	7.987786e+01	4.225475e+01	6.263960e+01
313	8.971052e+00	2.640907e+03	6.059685e+02	2.700273e+02	7.945560e+01	4.231931e+01	5.983770e+01
314	8.999713e+00	2.640577e+03	6.060937e+02	2.686555e+02	7.947729e+01	4.230248e+01	5.645161e+01
315	9.028375e+00	2.649567e+03	6.061070e+02	2.671405e+02	7.896799e+01	4.272027e+01	5.362922e+01
316	9.057036e+00	2.643841e+03	6.063831e+02	2.654898e+02	7.905471e+01	4.258118e+01	5.087127e+01
317	9.085698e+00	2.654077e+03	6.065074e+02	2.638389e+02	7.900852e+01	4.277103e+01	4.843350e+01
318	9.114359e+00	2.659480e+03	6.066404e+02	2.622953e+02	7.911366e+01	4.280114e+01	4.562445e+01
319	9.143021e+00	2.675060e+03	6.064523e+02	2.606686e+02	7.954369e+01	4.281914e+01	4.317199e+01
320	9.171682e+00	2.670906e+03	6.062531e+02	2.591037e+02	7.917635e+01	4.295100e+01	4.004223e+01
321	9.200344e+00	2.663149e+03	6.061430e+02	2.572659e+02	7.893557e+01	4.295689e+01	3.699874e+01
322	9.229005e+00	2.681224e+03	6.057904e+02	2.556433e+02	7.916902e+01	4.312091e+01	3.412360e+01
323	9.257667e+00	2.681221e+03	6.052769e+02	2.541157e+02	7.935689e+01	4.301878e+01	3.113676e+01
324	9.286328e+00	2.675558e+03	6.048954e+02	2.524768e+02	7.921127e+01	4.300685e+01	2.870609e+01
325	9.314990e+00	2.680593e+03	6.045510e+02	2.507501e+02	7.919482e+01	4.309672e+01	2.600404e+01
326	9.343651e+00	2.681653e+03	6.039412e+02	2.493350e+02	7.945244e+01	4.297398e+01	2.324350e+01
327	9.372313e+00	2.692547e+03	6.031867e+02	2.478298e+02	7.891703e+01	4.344128e+01	2.096803e+01
328	9.400974e+00	2.698533e+03	6.025707e+02	2.461763e+02	7.937614e+01	4.328604e+01	1.814968e+01
329	9.429636e+00	2.703132e+03	6.018304e+02	2.447498e+02	7.944694e+01	4.332118e+01	1.531900e+01
330	9.458298e+00	2.697631e+03	6.008514e+02	2.432344e+02	7.927898e+01	4.332460e+01	1.257273e+01
331	9.486959e+00	2.701385e+03	5.999061e+02	2.419299e+02	7.922475e+01	4.341460e+01	9.730844e+00
332	9.515621e+00	2.704748e+03	5.989080e+02	2.407050e+02	7.948509e+01	4.332626e+01	7.405450e+00
333	9.544282e+00	2.694083e+03	5.979047e+02	2.393644e+02	7.904886e+01	4.339357e+01	4.535787e+00
334	9.572944e+00	2.693137e+03	5.969900e+02	2.379939e+02	7.905134e+01	4.337698e+01	1.880864e+00
335	9.601605e+00	2.692651e+03	5.955879e+02	2.369634e+02	7.912325e+01	4.332974e+01	1.789016e+02
336	9.630267e+00	2.712693e+03	5.942502e+02	2.358555e+02	7.915813e+01	4.363302e+01	1.758895e+02
337	9.658928e+00	2.720357e+03	5.929672e+02	2.346168e+02	7.960794e+01	4.350905e+01	1.729976e+02
338	9.687590e+00	2.734022e+03	5.915334e+02	2.339111e+02	7.905045e+01	4.403599e+01	1.700350e+02
339	9.716251e+00	2.728363e+03	5.902614e+02	2.329175e+02	7.934337e+01	4.378261e+01	1.669721e+02
340	9.744913e+00	2.743481e+03	5.888469e+02	2.323073e+02	7.960293e+01	4.388165e+01	1.640297e+02
341	9.773574e+00	2.746019e+03	5.873489e+02	2.315127e+02	7.955064e+01	4.395111e+01	1.607694e+02
342	9.802236e+00	2.729319e+03	5.858644e+02	2.308712e+02	7.952147e+01	4.369985e+01	1.585385e+02
343	9.830897e+00	2.730942e+03	5.842398e+02	2.303361e+02	7.916574e+01	4.392233e+01	1.554148e+02
344	9.859559e+00	2.721355e+03	5.826158e+02	2.297668e+02	7.919106e+01	4.375414e+01	1.525339e+02
345	9.888220e+00	2.769551e+03	5.808860e+02	2.297189e+02	7.883713e+01	4.472895e+01	1.492709e+02
346	9.916882e+00	2.744569e+03	5.794146e+02	2.292211e+02	7.940409e+01	4.400899e+01	1.459531e+02
347	9.945543e+00	2.743834e+03	5.777932e+02	2.290365e+02	7.944312e+01	4.397559e+01	1.430523e+02
348	9.974205e+00	2.741160e+03	5.762914e+02	2.288251e+02	7.949302e+01	4.390515e+01	1.406776e+02
349	1.000287e+01	2.739255e+03	5.747170e+02	2.287823e+02	7.940005e+01	4.392601e+01	1.376024e+02
350	1.003153e+01	2.730881e+03	5.731880e+02	2.287880e+02	7.942010e+01	4.378067e+01	1.346671e+02
351	1.006019e+01	2.741503e+03	5.715538e+02	2.290043e+02	7.987830e+01	4.369886e+01	1.315276e+02
352	1.008885e+01	2.721832e+03	5.698176e+02	2.292295e+02	7.964428e+01	4.351278e+01	1.283918e+02
353	1.011751e+01	2.725511e+03	5.681624e+02	2.295647e+02	7.950454e+01	4.364818e+01	1.253151e+02
354	1.014617e+01	2.744443e+03	5.664664e+02	2.300277e+02	7.992564e+01	4.371980e+01	1.224187e+02
355	1.017484e+01	2.725719e+03	5.648116e+02	2.305159e+02	7.986829e+01	4.345271e+01	1.197342e+02
356	1.020350e+01	2.733574e+03	5.631531e+02	2.310810e+02	7.994007e+01	4.353880e+01	1.166457e+02
357	1.023216e+01	2.728782e+03	5.617595e+02	2.316504e+02	7.982413e+01	4.352560e+01	1.142910e+02
358	1.026082e+01	2.727816e+03	5.602535e+02	2.322071e+02	8.028438e+01	4.326076e+01	1.117672e+02
359	1.028948e+01	2.719446e+03	5.587755e+02	2.330381e+02	8.028429e+01	4.312807e+01	1.085566e+02
360	1.031814e+01	2.707671e+03	5.572487e+02	2.339319e+02	7.991136e+01	4.314173e+01	1.057717e+02
361	1.034680e+01	2.703529e+03	5.557919e+02	2.348986e+02	8.004361e+01	4.300455e+01	1.030951e+02
362	1.037547e+01	2.717395e+03	5.544551e+02	2.359279e+02	8.047825e+01	4.299167e+01	1.001926e+02
363	1.040413e+01	2.706903e+03	5.532135e+02	2.368505e+02	8.044881e+01	4.284135e+01	9.777438e+01
364	1.043279e+01	2.699021e+03	5.518029e+02	2.380116e+02	8.024904e+01	4.282294e+01	9.511919e+01
365	1.046145e+01	2.708370e+03	5.503253e+02	2.391292e+02	8.053766e+01	4.281728e+01	9.288074e+01
366	1.049011e+01	2.702698e+03	5.491126e+02	2.402915e+02	8.021999e+01	4.289681e+01	9.047876e+01
367	1.051877e+01	2.699000e+03	5.480624e+02	2.414575e+02	8.062409e+01	4.262341e+01	8.838287e+01
368	1.054743e+01	2.696485e+03	5.469144e+02	2.426223e+02	8.076746e+01	4.250811e+01	8.585722e+01
369	1.057610e+01	2.705040e+03	5.458632e+02	2.440499e+02	8.074660e+01	4.265398e+01	8.308232e+01
370	1.060476e+01	2.691843e+03	5.448622e+02	2.454266e+02	8.069342e+01	4.247385e+01	8.052782e+01
371	1.063342e+01	2.691872e+03	5.440248e+02	2.468718e+02	8.030173e+01	4.268149e+01	7.784654e+01
372	1.066208e+01	2.695074e+03	5.431538e+02	2.484207e+02	8.035231e+01	4.270537e+01	7.536636e+01
373	1.069074e+01	2.692580e+03	5.422563e+02	2.499510e+02	8.043380e+01	4.262262e+01	7.366730e+01
374	1.071940e+01	2.693476e+03	5.414781e+02	2.515736e+02	8.041339e+01	4.264763e+01	7.095682e+01
375	1.074807e+01	2.684899e+03	5.406115e+02	2.531005e+02	8.052726e+01	4.245170e+01	6.914628e+01
376	1.077673e+01	2.692736e+03	5.400540e+02	2.545218e+02	8.056301e+01	4.255673e+01	6.659483e+01
377	1.080539e+01	2.680853e+03	5.395056e+02	2.563008e+02	8.015299e+01	4.258567e+01	6.412965e+01
378	1.083405e+01	2.686554e+03	5.390124e+02	2.578962e+02	8.047588e+01	4.250499e+01	6.147628e+01
379	1.086271e+01	2.684985e+03	5.385172e+02	2.594915e+02	8.030721e+01	4.256939e+01	5.905075e+01
380	1.089137e+01	2.711485e+03	5.377798e+02	2.613609e+02	8.043196e+01	4.292286e+01	5.682959e+01
381	1.092003e+01	2.698804e+03	5.376196e+02	2.629901e+02	7.992826e+01	4.299136e+01	5.425160e+01
382	1.094870e+01	2.710141e+03	5.371937e+02	2.649019e+02	8.022221e+01	4.301375e+01	5.225639e+01
383	1.097736e+01	2.689658e+03	5.371838e+02	2.666187e+02	7.980692e+01	4.291080e+01	4.953714e+01
384	1.100602e+01	2.703233e+03	5.370453e+02	2.685337e+02	8.025282e+01	4.288775e+01	4.694117e+01
385	1.103468e+01	2.709522e+03	5.370464e+02	2.702337e+02	8.006597e+01	4.308785e+01	4.414066e+01
386	1.106334e+01	2.712165e+03	5.370914e+02	2.718508e+02	7.998583e+01	4.317309e+01	4.159808e+01
387	1.109200e+01	2.707853e+03	5.371734e+02	2.736011e+02	7.980993e+01	4.319945e+01	3.884504e+01
388	1.112066e+01	2.723473e+03	5.374758e+02	2.753148e+02	8.028878e+01	4.318952e+01	3.659614e+01
389	1.114933e+01	2.703447e+03	5.377716e+02	2.772516e+02	7.975476e+01	4.315899e+01	3.376591e+01
390	1.117799e+01	2.724154e+03	5.381448e+02	2.788935e+02	8.022886e+01	4.323257e+01	3.148471e+01
391	1.120665e+01	2.720369e+03	5.386858e+02	2.806273e+02	8.003947e+01	4.327467e+01	2.856202e+01
392	1.123531e+01	2.725333e+03	5.390359e+02	2.823821e+02	7.976830e+01	4.350101e+01	2.567968e+01
393	1.126397e+01	2.730828e+03	5.396573e+02	2.839840e+02	7.995326e+01	4.348789e+01	2.287076e+01
394	1.129263e+01	2.730291e+03	5.403198e+02	2.856349e+02	7.972250e+01	4.360519e+01	2.050973e+01
395	1.132130e+01	2.735381e+03	5.410429e+02	2.872585e+02	7.981957e+01	4.363335e+01	1.786880e+01
396	1.134996e+01	2.722144e+03	5.420805e+02	2.886396e+02	7.956063e+01	4.356352e+01	1.465873e+01
397	1.137862e+01	2.737267e+03	5.428590e+02	2.901302e+02	7.967087e+01	4.374492e+01	1.174782e+01
398	1.140728e+01	2.731900e+03	5.438821e+02	2.915942e+02	7.949764e+01	4.375429e+01	9.084543e+00
399	1.143594e+01	2.731642e+03	5.450035e+02	2.927839e+02	7.970435e+01	4.363670e+01	6.115142e+00
400	1.146460e+01	2.731853e+03	5.461484e+02	2.940571e+02	7.986147e+01	4.355420e+01	3.273258e+00
401	1.149326e+01	2.744701e+03	5.473648e+02	2.952693e+02	7.994778e+01	4.371180e+01	1.799334e+02
402	1.152193e+01	2.737807e+03	5.487491e+02	2.964245e+02	7.944479e+01	4.387807e+01	1.769680e+02
403	1.155059e+01	2.741062e+03	5.500171e+02	2.974811e+02	7.943779e+01	4.393412e+01	1.739751e+02
404	1.157925e+01	2.731762e+03	5.513830e+02	2.984367e+02	7.971465e+01	4.363297e+01	1.710058e+02
405	1.160791e+01	2.725383e+03	5.526832e+02	2.994378e+02	7.955521e+01	4.361833e+01	1.683431e+02
406	1.163657e+01	2.746545e+03	5.541994e+02	3.004355e+02	7.960464e+01	4.392973e+01	1.654617e+02
407	1.166523e+01	2.738808e+03	5.555153e+02	3.011769e+02	7.943020e+01	4.390218e+01	1.621687e+02
408	1.169390e+01	2.722978e+03	5.570239e+02	3.018156e+02	7.980849e+01	4.344152e+01	1.598445e+02
409	1.172256e+01	2.720702e+03	5.585272e+02	3.025754e+02	7.920575e+01	4.373553e+01	1.568691e+02
410	1.175122e+01	2.722555e+03	5.600881e+02	3.033630e+02	7.935144e+01	4.368496e+01	1.544237e+02
411	1.177988e+01	2.710743e+03	5.616506e+02	3.038979e+02	7.942220e+01	4.345669e+01	1.519356e+02
412	1.180854e+01	2.715427e+03	5.632640e+02	3.045648e+02	7.927758e+01	4.361119e+01	1.488453e+02
413	1.183720e+01	2.703400e+03	5.646487e+02	3.049322e+02	7.921162e+01	4.345417e+01	1.459118e+02
414	1.186586e+01	2.703286e+03	5.664155e+02	3.052304e+02	7.909682e+01	4.351541e+01	1.430766e+02
415	1.189453e+01	2.710206e+03	5.680296e+02	3.055059e+02	7.945237e+01	4.343157e+01	1.403350e+02
416	1.192319e+01	2.696635e+03	5.697297e+02	3.057497e+02	7.903992e+01	4.343960e+01	1.377207e+02
417	1.195185e+01	2.698728e+03	5.713186e+02	3.058036e+02	7.933378e+01	4.331229e+01	1.345482e+02
418	1.198051e+01	2.685501e+03	5.729155e+02	3.057545e+02	7.897362e+01	4.329656e+01	1.320136e+02
419	1.200917e+01	2.682259e+03	5.746653e+02	3.056336e+02	7.906030e+01	4.319688e+01	1.293926e+02
420	1.203783e+01	2.693848e+03	5.763143e+02	3.056321e+02	7.928830e+01	4.325876e+01	1.265745e+02
421	1.206649e+01	2.663246e+03	5.779549e+02	3.054230e+02	7.911933e+01	4.285868e+01	1.236168e+02
422	1.209516e+01	2.665238e+03	5.795577e+02	3.052007e+02	7.896910e+01	4.297232e+01	1.208899e+02
423	1.212382e+01	2.649574e+03	5.811102e+02	3.048970e+02	7.863796e+01	4.289966e+01	1.182530e+02
424	1.215248e+01	2.661070e+03	5.827828e+02	3.044921e+02	7.901900e+01	4.287804e+01	1.156949e+02
425	1.218114e+01	2.655635e+03	5.843611e+02	3.039887e+02	7.909826e+01	4.274758e+01	1.130384e+02
426	1.220980e+01	2.641484e+03	5.859675e+02	3.034662e+02	7.934006e+01	4.239021e+01	1.106723e+02
427	1.223846e+01	2.649647e+03	5.875226e+02	3.030160e+02	7.929052e+01	4.254778e+01	1.082261e+02
428	1.226713e+01	2.653440e+03	5.889039e+02	3.021667e+02	7.985871e+01	4.230552e+01	1.053406e+02
429	1.229579e+01	2.642710e+03	5.904487e+02	3.013260e+02	7.955402e+01	4.229582e+01	1.027998e+02
430	1.232445e+01	2.641203e+03	5.917545e+02	3.004141e+02	7.990585e+01	4.208557e+01	1.000123e+02
431	1.235311e+01	2.622745e+03	5.932155e+02	2.995486e+02	7.983313e+01	4.182954e+01	9.756017e+01
432	1.238177e+01	2.640894e+03	5.946852e+02	2.985697e+02	7.976270e+01	4.215617e+01	9.449691e+01
433	1.241043e+01	2.632231e+03	5.960117e+02	2.975546e+02	8.002808e+01	4.187856e+01	9.228746e+01
434	1.243909e+01	2.616011e+03	5.971134e+02	2.966438e+02	7.977011e+01	4.175509e+01	8.994862e+01
435	1.246776e+01	2.612247e+03	5.984188e+02	2.954318e+02	7.980301e+01	4.167783e+01	8.819497e+01
436	1.249642e+01	2.611866e+03	5.996168e+02	2.942766e+02	7.957568e+01	4.179079e+01	8.605952e+01
437	1.252508e+01	2.622656e+03	6.008888e+02	2.930400e+02	7.982269e+01	4.183359e+01	8.338436e+01
438	1.255374e+01	2.625092e+03	6.018137e+02	2.917786e+02	8.001089e+01	4.177396e+01	8.129684e+01
439	1.258240e+01	2.603624e+03	6.030088e+02	2.903960e+02	7.962775e+01	4.163168e+01	7.902724e+01
440	1.261106e+01	2.603766e+03	6.037894e+02	2.891609e+02	7.973158e+01	4.157974e+01	7.644964e+01
441	1.263972e+01	2.619466e+03	6.048211e+02	2.876558e+02	7.959697e+01	4.190118e+01	7.398402e+01
442	1.266839e+01	2.631934e+03	6.055694e+02	2.861508e+02	7.964755e+01	4.207389e+01	7.140914e+01
443	1.269705e+01	2.626073e+03	6.062823e+02	2.847390e+02	7.960461e+01	4.200283e+01	6.922202e+01
444	1.272571e+01	2.645340e+03	6.068705e+02	2.831236e+02	7.974625e+01	4.223587e+01	6.661674e+01
445	1.275437e+01	2.650699e+03	6.074334e+02	2.816487e+02	7.950767e+01	4.244842e+01	6.386979e+01
446	1.278303e+01	2.643835e+03	6.079748e+02	2.800082e+02	7.972833e+01	4.222132e+01	6.064455e+01
447	1.281169e+01	2.633764e+03	6.086046e+02	2.782939e+02	7.927312e+01	4.230200e+01	5.913977e+01
448	1.284036e+01	2.649713e+03	6.089861e+02	2.768828e+02	7.942237e+01	4.247819e+01	5.634825e+01
449	1.286902e+01	2.642615e+03	6.092375e+02	2.753293e+02	7.923259e+01	4.246589e+01	5.362033e+01
450	1.289768e+01	2.660759e+03	6.093652e+02	2.736579e+02	7.934782e+01	4.269535e+01	4.996796e+01
451	1.292634e+01	2.669324e+03	6.092086e+02	2.719896e+02	7.955698e+01	4.272018e+01	4.725821e+01
452	1.295500e+01	2.658547e+03	6.090385e+02	2.703401e+02	7.909166e+01	4.279802e+01	4.347847e+01
453	1.298366e+01	2.667368e+03	6.089681e+02	2.686498e+02	7.902639e+01	4.297551e+01	4.100619e+01
454	1.301232e+01	2.670253e+03	6.088253e+02	2.669853e+02	7.907765e+01	4.299408e+01	3.817618e+01
455	1.304099e+01	2.671862e+03	6.086196e+02	2.653451e+02	7.918134e+01	4.296366e+01	3.537469e+01
456	1.306965e+01	2.690617e+03	6.083959e+02	2.637429e+02	7.930738e+01	4.319649e+01	3.261996e+01
457	1.309831e+01	2.689934e+03	6.081602e+02	2.620346e+02	7.909412e+01	4.330196e+01	3.014442e+01
458	1.312697e+01	2.686701e+03	6.077342e+02	2.604787e+02	7.916039e+01	4.321370e+01	2.761337e+01
459	1.315563e+01	2.686378e+03	6.072147e+02	2.588484e+02	7.917207e+01	4.320214e+01	2.468021e+01
460	1.318429e+01	2.691183e+03	6.065677e+02	2.573112e+02	7.926526e+01	4.322854e+01	2.204805e+01
461	1.321296e+01	2.695577e+03	6.057757e+02	2.558173e+02	7.935098e+01	4.325235e+01	1.894831e+01
462	1.324162e+01	2.720244e+03	6.050057e+02	2.542589e+02	7.953142e+01	4.354911e+01	1.658530e+01
463	1.327028e+01	2.710835e+03	6.042906e+02	2.528334e+02	7.948431e+01	4.342420e+01	1.345870e+01
464	1.329894e+01	2.710730e+03	6.034390e+02	2.513640e+02	7.944151e+01	4.344591e+01	1.070858e+01
465	1.332760e+01	2.721436e+03	6.024583e+02	2.500958e+02	7.948626e+01	4.359293e+01	7.587357e+00
466	1.335626e+01	2.731281e+03	6.011093e+02	2.487324e+02	7.904386e+01	4.399551e+01	4.530602e+00
467	1.338492e+01	2.729851e+03	5.999494e+02	2.475899e+02	7.926962e+01	4.384723e+01	1.260064e+00
468	1.341359e+01	2.725084e+03	5.985549e+02	2.466320e+02	7.955301e+01	4.361474e+01	1.779872e+02
469	1.344225e+01	2.714864e+03	5.973546e+02	2.455315e+02	7.906178e+01	4.372115e+01	1.749053e+02
470	1.347091e+01	2.714124e+03	5.960980e+02	2.445058e+02	7.949464e+01	4.347123e+01	1.720759e+02
471	1.349957e+01	2.729029e+03	5.945298e+02	2.434116e+02	7.945657e+01	4.373091e+01	1.688841e+02
472	1.352823e+01	2.722526e+03	5.933425e+02	2.426312e+02	7.938201e+01	4.366767e+01	1.653627e+02
473	1.355689e+01	2.728032e+03	5.917986e+02	2.418272e+02	7.935297e+01	4.377200e+01	1.624988e+02
474	1.358555e+01	2.738711e+03	5.904779e+02	2.410332e+02	7.964361e+01	4.378298e+01	1.595958e+02
475	1.361422e+01	2.739382e+03	5.889725e+02	2.402735e+02	7.953078e+01	4.385583e+01	1.574045e+02
476	1.364288e+01	2.739508e+03	5.874302e+02	2.396814e+02	7.969146e+01	4.376943e+01	1.539082e+02
477	1.367154e+01	2.750561e+03	5.857703e+02	2.392365e+02	7.903233e+01	4.431253e+01	1.507696e+02
478	1.370020e+01	2.777761e+03	5.841055e+02	2.388427e+02	7.932088e+01	4.458794e+01	1.475135e+02
479	1.372886e+01	2.729711e+03	5.828804e+02	2.385195e+02	7.943423e+01	4.375413e+01	1.450959e+02
480	1.375752e+01	2.735605e+03	5.811686e+02	2.381711e+02	7.929337e+01	4.392651e+01	1.426656e+02
481	1.378619e+01	2.741116e+03	5.795088e+02	2.379529e+02	8.000750e+01	4.362213e+01	1.392616e+02
482	1.381485e+01	2.742346e+03	5.778491e+02	2.379479e+02	7.945895e+01	4.394298e+01	1.358613e+02
483	1.384351e+01	2.737189e+03	5.760857e+02	2.379732e+02	7.959380e+01	4.378604e+01	1.326544e+02
484	1.387217e+01	2.731011e+03	5.745313e+02	2.380571e+02	7.957769e+01	4.369605e+01	1.300100e+02
485	1.390083e+01	2.736561e+03	5.729416e+02	2.383126e+02	7.961730e+01	4.376308e+01	1.277955e+02
486	1.392949e+01	2.741395e+03	5.711110e+02	2.386097e+02	7.995149e+01	4.365714e+01	1.240250e+02
487	1.395815e+01	2.738012e+03	5.695109e+02	2.390998e+02	8.005435e+01	4.354723e+01	1.215991e+02
488	1.398682e+01	2.723638e+03	5.680156e+02	2.395067e+02	7.943416e+01	4.365682e+01	1.187195e+02
489	1.401548e+01	2.729233e+03	5.665732e+02	2.400916e+02	8.002695e+01	4.342247e+01	1.160154e+02
490	1.404414e+01	2.724965e+03	5.649978e+02	2.408646e+02	7.983630e+01	4.345810e+01	1.127778e+02
491	1.407280e+01	2.712729e+03	5.634250e+02	2.413936e+02	7.989850e+01	4.322927e+01	1.104259e+02
492	1.410146e+01	2.717555e+03	5.617021e+02	2.421787e+02	8.022296e+01	4.313102e+01	1.073071e+02
493	1.413012e+01	2.699082e+03	5.603726e+02	2.431756e+02	7.993315e+01	4.299316e+01	1.044341e+02
494	1.415878e+01	2.700134e+03	5.588989e+02	2.440823e+02	8.020826e+01	4.286238e+01	1.017041e+02
495	1.418745e+01	2.704675e+03	5.574985e+02	2.450186e+02	8.037995e+01	4.284277e+01	9.911230e+01
496	1.421611e+01	2.711716e+03	5.561539e+02	2.459582e+02	8.047023e+01	4.290610e+01	9.697439e+01
497	1.424477e+01	2.708223e+03	5.548912e+02	2.471539e+02	8.048904e+01	4.284082e+01	9.431878e+01
498	1.427343e+01	2.693501e+03	5.535253e+02	2.483788e+02	8.028473e+01	4.271637e+01	9.161808e+01
499	1.430209e+01	2.698830e+03	5.522618e+02	2.495402e+02	8.063564e+01	4.261462e+01	8.890506e+01
500	1.433075e+01	2.687331e+03	5.512517e+02	2.509512e+02	8.038481e+01	4.256546e+01	8.642654e+01
501	1.435942e+01	2.678350e+03	5.499686e+02	2.521863e+02	8.063818e+01	4.228990e+01	8.430582e+01
502	1.438808e+01	2.692677e+03	5.488790e+02	2.536211e+02	8.043998e+01	4.262088e+01	8.162109e+01
503	1.441674e+01	2.703533e+03	5.478561e+02	2.549983e+02	8.073988e+01	4.263377e+01	7.902862e+01
504	1.444540e+01	2.702124e+03	5.469191e+02	2.564719e+02	8.067380e+01	4.264645e+01	7.638857e+01
505	1.447406e+01	2.686756e+03	5.459840e+02	2.579645e+02	8.035416e+01	4.257258e+01	7.404111e+01
506	1.450272e+01	2.678442e+03	5.451522e+02	2.595857e+02	8.023168e+01	4.250563e+01	7.161396e+01
507	1.453138e+01	2.690220e+03	5.446531e+02	2.609636e+02	8.038911e+01	4.260893e+01	6.891627e+01
508	1.456005e+01	2.700979e+03	5.438518e+02	2.628206e+02	8.049012e+01	4.272565e+01	6.625169e+01
509	1.458871e+01	2.701695e+03	5.432070e+02	2.644352e+02	8.003577e+01	4.297959e+01	6.380331e+01
510	1.461737e+01	2.693143e+03	5.426390e+02	2.661935e+02	8.041285e+01	4.264263e+01	6.155593e+01
511	1.464603e+01	2.697936e+03	5.422109e+02	2.677830e+02	8.011185e+01	4.287904e+01	5.912272e+01
512	1.467469e+01	2.694004e+03	5.418935e+02	2.694081e+02	7.986912e+01	4.294666e+01	5.633002e+01
513	1.470335e+01	2.697005e+03	5.416144e+02	2.712217e+02	8.005305e+01	4.289573e+01	5.336023e+01
514	1.473201e+01	2.693511e+03	5.414434e+02	2.729936e+02	7.991528e+01	4.291400e+01	5.040561e+01
515	1.476068e+01	2.705948e+03	5.413123e+02	2.747677e+02	8.028948e+01	4.291123e+01	4.769938e+01
516	1.478934e+01	2.721405e+03	5.411849e+02	2.765758e+02	8.017974e+01	4.321541e+01	4.489821e+01
517	1.481800e+01	2.705731e+03	5.415532e+02	2.781944e+02	7.978044e+01	4.318156e+01	4.164563e+01
518	1.484666e+01	2.710994e+03	5.416827e+02	2.799857e+02	7.989122e+01	4.320556e+01	3.852538e+01
519	1.487532e+01	2.725776e+03	5.418605e+02	2.816842e+02	8.021749e+01	4.326445e+01	3.567227e+01
520	1.490398e+01	2.739500e+03	5.422689e+02	2.836247e+02	8.023487e+01	4.347286e+01	3.295976e+01
521	1.493265e+01	2.739412e+03	5.426880e+02	2.852838e+02	8.028130e+01	4.344632e+01	3.035118e+01
522	1.496131e+01	2.746306e+03	5.433107e+02	2.869048e+02	8.041629e+01	4.348254e+01	2.736370e+01
523	1.498997e+01	2.726867e+03	5.437579e+02	2.886451e+02	8.018167e+01	4.330110e+01	2.489065e+01
524	1.501863e+01	2.736328e+03	5.440994e+02	2.904920e+02	7.994784e+01	4.357842e+01	2.251842e+01
525	1.504729e+01	2.724689e+03	5.448210e+02	2.920558e+02	7.979790e+01	4.347461e+01	1.956166e+01
526	1.507595e+01	2.736625e+03	5.456442e+02	2.935318e+02	7.971732e+01	4.370919e+01	1.698504e+01
527	1.510461e+01	2.739688e+03	5.465977e+02	2.948922e+02	7.993391e+01	4.363954e+01	1.384512e+01
528	1.513328e+01	2.741566e+03	5.475636e+02	2.963793e+02	7.993640e+01	4.366809e+01	1.066432e+01
529	1.516194e+01	2.737260e+03	5.485471e+02	2.979269e+02	7.945396e+01	4.386425e+01	7.958290e+00
530	1.519060e+01	2.745295e+03	5.496293e+02	2.992317e+02	7.952431e+01	4.395408e+01	5.092412e+00
531	1.521926e+01	2.727195e+03	5.508185e+02	3.005291e+02	7.966098e+01	4.358938e+01	2.064896e+00
532	1.524792e+01	2.739559e+03	5.520609e+02	3.017494e+02	7.951617e+01	4.386673e+01	1.793793e+02
533	1.527658e+01	2.731760e+03	5.533459e+02	3.028883e+02	7.991183e+01	4.352528e+01	1.764398e+02
534	1.530525e+01	2.740157e+03	5.547477e+02	3.039760e+02	7.990921e+01	4.366051e+01	1.737754e+02
535	1.533391e+01	2.716899e+03	5.558946e+02	3.050568e+02	7.957919e+01	4.346944e+01	1.710038e+02
536	1.536257e+01	2.723947e+03	5.573739e+02	3.062228e+02	7.984152e+01	4.343901e+01	1.682540e+02
537	1.539123e+01	2.717358e+03	5.587228e+02	3.071467e+02	7.942648e+01	4.356039e+01	1.649759e+02
538	1.541989e+01	2.717681e+03	5.599906e+02	3.078292e+02	7.919699e+01	4.369179e+01	1.622908e+02
539	1.544855e+01	2.706668e+03	5.614174e+02	3.085495e+02	7.930172e+01	4.345728e+01	1.591850e+02
540	1.547721e+01	2.722713e+03	5.628069e+02	3.091642e+02	7.937412e+01	4.367501e+01	1.561130e+02
541	1.550588e+01	2.718824e+03	5.645723e+02	3.097297e+02	7.951332e+01	4.353629e+01	1.527423e+02
542	1.553454e+01	2.713945e+03	5.661636e+02	3.101924e+02	7.946221e+01	4.348611e+01	1.494990e+02
543	1.556320e+01	2.712372e+03	5.678054e+02	3.107575e+02	7.958444e+01	4.339416e+01	1.469988e+02
544	1.559186e+01	2.682868e+03	5.693643e+02	3.110572e+02	7.889896e+01	4.329504e+01	1.440464e+02
545	1.562052e+01	2.676158e+03	5.708633e+02	3.110488e+02	7.879173e+01	4.324553e+01	1.409907e+02
546	1.564918e+01	2.681821e+03	5.726498e+02	3.113264e+02	7.887689e+01	4.329025e+01	1.374502e+02
547	1.567784e+01	2.684443e+03	5.742405e+02	3.112972e+02	7.904244e+01	4.324182e+01	1.346332e+02
548	1.570651e+01	2.691981e+03	5.759417e+02	3.113096e+02	7.920070e+01	4.327659e+01	1.316985e+02
549	1.573517e+01	2.677355e+03	5.776179e+02	3.112050e+02	7.897846e+01	4.316258e+01	1.287665e+02
550	1.576383e+01	2.673096e+03	5.794440e+02	3.110637e+02	7.913266e+01	4.300994e+01	1.259475e+02
551	1.579249e+01	2.675714e+03	5.810431e+02	3.108117e+02	7.895044e+01	4.315144e+01	1.228609e+02
552	1.582115e+01	2.651121e+03	5.826500e+02	3.104149e+02	7.881268e+01	4.282956e+01	1.194324e+02
553	1.584981e+01	2.661574e+03	5.843810e+02	3.100307e+02	7.872156e+01	4.304821e+01	1.166955e+02
554	1.587848e+01	2.638534e+03	5.860027e+02	3.095476e+02	7.896184e+01	4.254569e+01	1.145610e+02
555	1.590714e+01	2.637037e+03	5.875596e+02	3.089489e+02	7.925481e+01	4.236437e+01	1.119665e+02
556	1.593580e+01	2.641081e+03	5.893622e+02	3.083806e+02	7.911401e+01	4.250484e+01	1.087619e+02
557	1.596446e+01	2.636539e+03	5.908240e+02	3.076205e+02	7.940704e+01	4.227516e+01	1.063353e+02
558	1.599312e+01	2.643875e+03	5.923292e+02	3.067933e+02	7.940608e+01	4.239331e+01	1.037212e+02
559	1.602178e+01	2.640523e+03	5.938068e+02	3.059814e+02	8.004960e+01	4.199918e+01	1.007826e+02
560	1.605044e+01	2.635378e+03	5.953155e+02	3.051058e+02	7.972332e+01	4.208891e+01	9.823681e+01
561	1.607911e+01	2.627577e+03	5.967086e+02	3.041413e+02	7.980639e+01	4.192064e+01	9.552530e+01
562	1.610777e+01	2.636285e+03	5.979769e+02	3.031414e+02	8.023534e+01	4.183471e+01	9.329151e+01
563	1.613643e+01	2.628700e+03	5.993813e+02	3.020941e+02	7.960389e+01	4.204524e+01	9.060271e+01
564	1.616509e+01	2.607163e+03	6.004803e+02	3.008686e+02	7.959744e+01	4.170414e+01	8.857146e+01
565	1.619375e+01	2.617480e+03	6.016763e+02	2.996091e+02	8.016199e+01	4.157431e+01	8.602200e+01
566	1.622241e+01	2.608424e+03	6.028594e+02	2.983314e+02	7.944717e+01	4.180324e+01	8.328003e+01
567	1.625107e+01	2.617728e+03	6.041972e+02	2.970306e+02	7.944746e+01	4.195220e+01	8.128087e+01
568	1.627974e+01	2.614482e+03	6.051593e+02	2.957232e+02	7.968660e+01	4.177442e+01	7.843761e+01
569	1.630840e+01	2.620017e+03	6.061769e+02	2.942901e+02	7.967218e+01	4.187044e+01	7.624882e+01
570	1.633706e+01	2.613391e+03	6.070672e+02	2.928289e+02	7.973485e+01	4.173173e+01	7.401388e+01
571	1.636572e+01	2.619074e+03	6.078096e+02	2.915424e+02	7.946825e+01	4.196277e+01	7.141826e+01
572	1.639438e+01	2.620274e+03	6.085388e+02	2.899305e+02	7.947842e+01	4.197663e+01	6.880157e+01
573	1.642304e+01	2.634580e+03	6.090467e+02	2.885434e+02	7.961977e+01	4.213088e+01	6.590618e+01
574	1.645171e+01	2.632779e+03	6.096324e+02	2.868169e+02	7.948911e+01	4.217129e+01	6.353563e+01
575	1.648037e+01	2.632162e+03	6.101715e+02	2.853043e+02	7.964522e+01	4.207878e+01	6.120094e+01
576	1.650903e+01	2.638221e+03	6.109387e+02	2.836718e+02	7.957610e+01	4.221227e+01	5.918820e+01
577	1.653769e+01	2.652223e+03	6.114427e+02	2.820763e+02	7.966509e+01	4.238889e+01	5.673666e+01
578	1.656635e+01	2.636445e+03	6.117162e+02	2.805689e+02	7.924818e+01	4.235840e+01	5.468587e+01
579	1.659501e+01	2.655068e+03	6.120417e+02	2.788477e+02	7.941947e+01	4.256560e+01	5.240922e+01
580	1.662367e+01	2.654737e+03	6.124062e+02	2.771556e+02	7.939550e+01	4.257315e+01	4.990175e+01
581	1.665234e+01	2.653256e+03	6.125701e+02	2.753970e+02	7.934498e+01	4.257648e+01	4.733489e+01
582	1.668100e+01	2.661632e+03	6.125350e+02	2.739151e+02	7.921592e+01	4.278048e+01	4.442463e+01
583	1.670966e+01	2.644162e+03	6.125474e+02	2.721562e+02	7.872419e+01	4.276515e+01	4.229863e+01
584	1.673832e+01	2.678884e+03	6.124341e+02	2.704093e+02	7.926981e+01	4.302850e+01	3.904329e+01
585	1.676698e+01	2.684835e+03	6.121733e+02	2.687968e+02	7.957912e+01	4.295647e+01	3.611800e+01
586	1.679564e+01	2.670163e+03	6.116177e+02	2.672327e+02	7.910081e+01	4.298005e+01	3.309879e+01
587	1.682430e+01	2.687423e+03	6.112110e+02	2.656076e+02	7.943372e+01	4.307659e+01	3.020350e+01
588	1.685297e+01	2.692072e+03	6.106909e+02	2.641125e+02	7.939572e+01	4.317176e+01	2.773026e+01
589	1.688163e+01	2.693847e+03	6.103560e+02	2.625114e+02	7.963293e+01	4.307154e+01	2.485339e+01
590	1.691029e+01	2.690514e+03	6.096422e+02	2.609582e+02	7.931274e+01	4.319191e+01	2.198943e+01
591	1.693895e+01	2.694584e+03	6.090757e+02	2.594983e+02	7.937666e+01	4.322242e+01	1.976465e+01
592	1.696761e+01	2.696680e+03	6.083648e+02	2.580435e+02	7.954929e+01	4.316216e+01	1.704073e+01
593	1.699627e+01	2.706321e+03	6.074432e+02	2.565429e+02	7.938122e+01	4.340819e+01	1.453650e+01
594	1.702494e+01	2.709449e+03	6.066730e+02	2.551836e+02	7.916300e+01	4.357816e+01	1.205764e+01
595	1.705360e+01	2.694886e+03	6.057455e+02	2.539155e+02	7.929057e+01	4.327420e+01	9.051308e+00
596	1.708226e+01	2.716701e+03	6.047896e+02	2.524719e+02	7.962360e+01	4.344203e+01	6.409772e+00
597	1.711092e+01	2.718403e+03	6.038262e+02	2.512748e+02	7.947042e+01	4.355304e+01	3.793058e+00
598	1.713958e+01	2.725112e+03	6.026932e+02	2.502493e+02	7.922438e+01	4.379612e+01	3.570069e-01
599	1.716824e+01	2.726116e+03	6.014189e+02	2.490714e+02	7.951180e+01	4.365388e+01	1.775785e+02
600	1.719690e+01	2.729925e+03	6.000225e+02	2.480914e+02	7.934169e+01	4.380860e+01	1.744411e+02
601	1.722557e+01	2.726368e+03	5.987152e+02	2.471528e+02	7.913026e+01	4.386842e+01	1.712449e+02
602	1.725423e+01	2.737776e+03	5.972908e+02	2.464224e+02	7.947240e+01	4.386232e+01	1.680011e+02
603	1.728289e+01	2.720713e+03	5.958911e+02	2.455324e+02	7.924086e+01	4.371632e+01	1.649892e+02
604	1.731155e+01	2.712677e+03	5.944319e+02	2.448465e+02	7.941676e+01	4.349066e+01	1.623192e+02
605	1.734021e+01	2.734811e+03	5.929945e+02	2.440211e+02	7.955466e+01	4.376953e+01	1.589323e+02
606	1.736887e+01	2.746757e+03	5.913468e+02	2.435333e+02	7.964909e+01	4.390859e+01	1.563456e+02
607	1.739754e+01	2.739726e+03	5.897548e+02	2.430407e+02	7.948714e+01	4.388543e+01	1.532281e+02
608	1.742620e+01	2.732280e+03	5.881537e+02	2.426609e+02	7.961406e+01	4.369639e+01	1.498235e+02
609	1.745486e+01	2.742008e+03	5.866307e+02	2.423702e+02	7.952099e+01	4.390328e+01	1.473929e+02
610	1.748352e+01	2.745757e+03	5.849560e+02	2.419485e+02	7.957672e+01	4.393253e+01	1.447773e+02
611	1.751218e+01	2.731478e+03	5.832432e+02	2.417410e+02	7.915759e+01	4.393547e+01	1.419612e+02
612	1.754084e+01	2.749345e+03	5.815953e+02	2.416967e+02	7.993176e+01	4.379455e+01	1.385063e+02
613	1.756950e+01	2.745142e+03	5.799331e+02	2.415255e+02	7.985860e+01	4.376766e+01	1.362547e+02
614	1.759817e+01	2.712692e+03	5.782955e+02	2.414190e+02	7.913738e+01	4.364444e+01	1.337167e+02
615	1.762683e+01	2.731725e+03	5.765327e+02	2.414408e+02	7.961746e+01	4.368565e+01	1.303828e+02
616	1.765549e+01	2.719976e+03	5.752593e+02	2.416833e+02	7.945189e+01	4.358841e+01	1.279291e+02
617	1.768415e+01	2.721457e+03	5.737902e+02	2.417795e+02	7.971095e+01	4.347040e+01	1.254433e+02
618	1.771281e+01	2.734189e+03	5.723373e+02	2.420266e+02	7.983811e+01	4.360421e+01	1.227459e+02
619	1.774147e+01	2.743459e+03	5.705471e+02	2.423531e+02	7.990537e+01	4.371522e+01	1.198948e+02
620	1.777013e+01	2.742753e+03	5.690195e+02	2.427417e+02	7.975613e+01	4.378574e+01	1.169828e+02
621	1.779880e+01	2.726890e+03	5.674643e+02	2.432553e+02	7.980262e+01	4.350714e+01	1.144427e+02
622	1.782746e+01	2.721607e+03	5.659641e+02	2.438416e+02	8.028828e+01	4.316019e+01	1.122184e+02
623	1.785612e+01	2.713727e+03	5.643770e+02	2.445400e+02	7.991376e+01	4.323691e+01	1.095001e+02
624	1.788478e+01	2.714920e+03	5.631068e+02	2.452665e+02	8.047672e+01	4.295333e+01	1.071365e+02
625	1.791344e+01	2.703356e+03	5.616035e+02	2.458970e+02	7.989534e+01	4.308160e+01	1.051303e+02
626	1.794210e+01	2.721588e+03	5.601479e+02	2.466832e+02	8.050616e+01	4.304309e+01	1.024293e+02
627	1.797077e+01	2.694624e+03	5.589307e+02	2.474532e+02	7.968643e+01	4.305503e+01	1.002575e+02
628	1.799943e+01	2.704463e+03	5.573541e+02	2.485133e+02	8.068463e+01	4.267764e+01	9.780888e+01
629	1.802809e+01	2.692442e+03	5.560583e+02	2.495359e+02	8.035995e+01	4.265961e+01	9.520821e+01
630	1.805675e+01	2.697454e+03	5.546848e+02	2.505876e+02	8.015913e+01	4.284610e+01	9.312069e+01
631	1.808541e+01	2.694572e+03	5.535066e+02	2.517379e+02	8.032175e+01	4.271366e+01	9.070199e+01
632	1.811407e+01	2.687668e+03	5.523405e+02	2.529617e+02	8.015460e+01	4.269306e+01	8.806747e+01
633	1.814273e+01	2.693916e+03	5.512001e+02	2.541727e+02	8.060806e+01	4.255158e+01	8.581914e+01
634	1.817140e+01	2.697174e+03	5.500098e+02	2.554766e+02	8.047893e+01	4.267140e+01	8.364097e+01
635	1.820006e+01	2.702636e+03	5.489771e+02	2.567991e+02	8.058559e+01	4.270122e+01	8.128566e+01
636	1.822872e+01	2.693421e+03	5.479006e+02	2.583551e+02	8.056676e+01	4.256558e+01	7.867791e+01
637	1.825738e+01	2.696355e+03	5.469928e+02	2.597243e+02	8.042739e+01	4.268578e+01	7.672809e+01
638	1.828604e+01	2.686913e+03	5.461274e+02	2.613308e+02	8.049822e+01	4.249887e+01	7.458350e+01
639	1.831470e+01	2.674672e+03	5.453202e+02	2.628575e+02	8.002014e+01	4.255802e+01	7.183392e+01
640	1.834336e+01	2.686469e+03	5.445267e+02	2.644636e+02	8.061124e+01	4.243228e+01	6.953065e+01
641	1.837203e+01	2.693861e+03	5.437811e+02	2.661389e+02	8.037479e+01	4.267420e+01	6.726006e+01
642	1.840069e+01	2.692199e+03	5.431918e+02	2.678338e+02	8.011456e+01	4.278641e+01	6.513826e+01
643	1.842935e+01	2.692888e+03	5.427399e+02	2.694894e+02	8.000472e+01	4.285611e+01	6.262169e+01
644	1.845801e+01	2.706643e+03	5.423088e+02	2.710536e+02	8.049635e+01	4.281195e+01	5.954029e+01
645	1.848667e+01	2.700167e+03	5.418792e+02	2.727420e+02	8.009390e+01	4.292411e+01	5.680495e+01
646	1.851533e+01	2.694967e+03	5.415613e+02	2.743754e+02	8.001520e+01	4.288358e+01	5.454465e+01
647	1.854400e+01	2.706677e+03	5.413806e+02	2.761725e+02	8.022188e+01	4.295897e+01	5.165034e+01
648	1.857266e+01	2.710769e+03	5.414895e+02	2.778189e+02	8.015747e+01	4.305847e+01	4.968792e+01
649	1.860132e+01	2.718736e+03	5.413192e+02	2.796006e+02	8.007589e+01	4.322901e+01	4.692350e+01
650	1.862998e+01	2.717520e+03	5.413198e+02	2.815317e+02	7.990705e+01	4.330099e+01	4.419432e+01
651	1.865864e+01	2.709544e+03	5.414132e+02	2.833094e+02	7.958054e+01	4.335103e+01	4.160347e+01
652	1.868730e+01	2.722267e+03	5.416275e+02	2.851695e+02	8.020026e+01	4.321803e+01	3.897367e+01
653	1.871596e+01	2.726497e+03	5.417474e+02	2.867361e+02	7.990894e+01	4.344300e+01	3.665668e+01
654	1.874463e+01	2.721645e+03	5.422509e+02	2.884370e+02	7.997618e+01	4.332923e+01	3.341848e+01
655	1.877329e+01	2.733084e+03	5.426006e+02	2.901974e+02	8.014503e+01	4.341967e+01	3.067367e+01
656	1.880195e+01	2.743831e+03	5.430681e+02	2.918330e+02	8.024141e+01	4.353804e+01	2.850985e+01
657	1.883061e+01	2.743530e+03	5.436166e+02	2.935160e+02	8.029941e+01	4.350183e+01	2.586843e+01
658	1.885927e+01	2.728890e+03	5.443085e+02	2.949426e+02	7.984743e+01	4.351462e+01	2.300461e+01
659	1.888793e+01	2.742810e+03	5.449339e+02	2.967431e+02	8.004052e+01	4.363108e+01	2.065348e+01
660	1.891660e+01	2.729815e+03	5.458141e+02	2.982723e+02	8.014483e+01	4.336785e+01	1.779647e+01
661	1.894526e+01	2.729832e+03	5.465418e+02	2.998737e+02	7.976787e+01	4.357306e+01	1.546998e+01
662	1.897392e+01	2.728181e+03	5.474766e+02	3.013344e+02	7.991503e+01	4.346652e+01	1.212545e+01
663	1.900258e+01	2.745517e+03	5.484952e+02	3.026375e+02	7.964439e+01	4.389136e+01	9.668117e+00
664	1.903124e+01	2.727505e+03	5.496281e+02	3.041390e+02	7.930050e+01	4.379250e+01	6.379498e+00
665	1.905990e+01	2.724451e+03	5.506354e+02	3.054131e+02	7.947924e+01	4.364510e+01	3.783914e+00
666	1.908856e+01	2.732368e+03	5.516021e+02	3.067227e+02	7.980260e+01	4.359455e+01	1.323206e+00
667	1.911723e+01	2.722607e+03	5.529429e+02	3.080842e+02	7.932486e+01	4.370044e+01	1.783735e+02
668	1.914589e+01	2.733553e+03	5.540682e+02	3.092744e+02	7.929436e+01	4.389301e+01	1.759007e+02
669	1.917455e+01	2.730784e+03	5.555568e+02	3.104792e+02	7.941079e+01	4.378426e+01	1.730852e+02
670	1.920321e+01	2.732953e+03	5.567482e+02	3.114687e+02	7.969916e+01	4.366049e+01	1.707688e+02
671	1.923187e+01	2.732963e+03	5.581428e+02	3.125588e+02	7.968002e+01	4.367112e+01	1.677960e+02
672	1.926053e+01	2.725078e+03	5.595412e+02	3.132172e+02	7.952107e+01	4.363218e+01	1.643090e+02
673	1.928919e+01	2.718166e+03	5.609912e+02	3.138548e+02	7.950123e+01	4.353236e+01	1.614980e+02
674	1.931786e+01	2.723280e+03	5.625666e+02	3.147184e+02	7.949855e+01	4.361574e+01	1.584406e+02
675	1.934652e+01	2.714577e+03	5.640684e+02	3.153403e+02	7.932240e+01	4.357290e+01	1.553639e+02
676	1.937518e+01	2.709042e+03	5.655894e+02	3.160103e+02	7.951379e+01	4.337939e+01	1.527178e+02
677	1.940384e+01	2.696058e+03	5.670997e+02	3.165407e+02	7.877841e+01	4.357447e+01	1.498630e+02
678	1.943250e+01	2.701340e+03	5.688584e+02	3.169291e+02	7.931260e+01	4.336578e+01	1.470548e+02
679	1.946116e+01	2.694968e+03	5.703336e+02	3.172870e+02	7.895712e+01	4.345827e+01	1.439493e+02
680	1.948983e+01	2.679316e+03	5.718220e+02	3.173473e+02	7.883779e+01	4.327127e+01	1.411661e+02
681	1.951849e+01	2.697601e+03	5.734458e+02	3.175327e+02	7.933881e+01	4.329145e+01	1.379420e+02
682	1.954715e+01	2.691778e+03	5.750734e+02	3.176776e+02	7.929060e+01	4.322427e+01	1.349823e+02
683	1.957581e+01	2.679505e+03	5.768171e+02	3.177670e+02	7.896627e+01	4.320392e+01	1.325675e+02
684	1.960447e+01	2.677074e+03	5.785248e+02	3.176697e+02	7.927274e+01	4.299784e+01	1.295163e+02
685	1.963313e+01	2.667124e+03	5.802028e+02	3.174312e+02	7.891579e+01	4.303178e+01	1.269504e+02
686	1.966179e+01	2.673431e+03	5.818610e+02	3.172830e+02	7.910461e+01	4.303059e+01	1.238928e+02
687	1.969046e+01	2.652754e+03	5.833786e+02	3.170710e+02	7.876504e+01	4.288186e+01	1.212554e+02
688	1.971912e+01	2.666763e+03	5.850990e+02	3.168233e+02	7.922012e+01	4.286068e+01	1.188387e+02
689	1.974778e+01	2.647212e+03	5.867092e+02	3.164118e+02	7.887064e+01	4.273497e+01	1.164755e+02
690	1.977644e+01	2.652761e+03	5.883660e+02	3.159307e+02	7.918543e+01	4.265431e+01	1.136237e+02
691	1.980510e+01	2.641420e+03	5.899292e+02	3.152778e+02	7.893016e+01	4.260933e+01	1.107609e+02
692	1.983376e+01	2.644013e+03	5.914131e+02	3.146780e+02	7.925018e+01	4.247892e+01	1.076347e+02
693	1.986242e+01	2.634441e+03	5.928349e+02	3.138806e+02	7.945356e+01	4.221679e+01	1.053351e+02
694	1.989109e+01	2.636918e+03	5.944434e+02	3.132656e+02	7.949856e+01	4.223257e+01	1.029061e+02
695	1.991975e+01	2.646661e+03	5.957579e+02	3.123874e+02	8.008778e+01	4.207675e+01	1.006035e+02
696	1.994841e+01	2.637078e+03	5.974153e+02	3.114630e+02	7.972753e+01	4.211383e+01	9.839664e+01
697	1.997707e+01	2.641245e+03	5.987610e+02	3.104976e+02	7.949105e+01	4.230587e+01	9.590005e+01
698	2.000573e+01	2.618988e+03	5.998378e+02	3.093666e+02	7.949036e+01	4.194973e+01	9.347173e+01
699	2.003439e+01	2.629299e+03	6.013122e+02	3.083699e+02	8.004634e+01	4.182237e+01	9.096696e+01
700	2.006306e+01	2.624790e+03	6.025541e+02	3.071208e+02	7.967720e+01	4.194408e+01	8.854221e+01
701	2.009172e+01	2.602878e+03	6.037769e+02	3.059065e+02	7.940669e+01	4.173562e+01	8.601313e+01
702	2.012038e+01	2.629736e+03	6.046457e+02	3.046439e+02	7.994589e+01	4.188187e+01	8.332875e+01
703	2.014904e+01	2.623535e+03	6.056121e+02	3.032735e+02	7.982619e+01	4.184578e+01	8.090665e+01
704	2.017770e+01	2.623357e+03	6.066368e+02	3.019712e+02	7.963992e+01	4.194080e+01	7.825934e+01
705	2.020636e+01	2.637700e+03	6.074454e+02	3.006152e+02	8.013547e+01	4.190933e+01	7.592860e+01
706	2.023502e+01	2.632820e+03	6.084258e+02	2.990973e+02	7.994170e+01	4.193319e+01	7.345303e+01
707	2.026369e+01	2.621176e+03	6.091262e+02	2.975685e+02	7.952514e+01	4.196642e+01	7.132605e+01
708	2.029235e+01	2.642855e+03	6.097812e+02	2.962067e+02	7.985674e+01	4.213781e+01	6.869671e+01
709	2.032101e+01	2.642069e+03	6.105353e+02	2.946751e+02	7.962407e+01	4.224837e+01	6.618623e+01
710	2.034967e+01	2.636390e+03	6.113084e+02	2.930551e+02	7.930911e+01	4.232497e+01	6.348662e+01
711	2.037833e+01	2.631465e+03	6.119199e+02	2.914754e+02	7.915053e+01	4.233055e+01	6.115598e+01
712	2.040699e+01	2.628798e+03	6.122242e+02	2.897842e+02	7.936565e+01	4.217302e+01	5.946429e+01
713	2.043565e+01	2.640457e+03	6.126905e+02	2.880933e+02	7.902470e+01	4.254284e+01	5.596176e+01
714	2.046432e+01	2.648537e+03	6.128785e+02	2.864990e+02	7.918275e+01	4.258784e+01	5.372605e+01
715	2.049298e+01	2.652291e+03	6.131707e+02	2.849558e+02	7.956770e+01	4.244187e+01	5.186026e+01
716	2.052164e+01	2.669946e+03	6.132803e+02	2.834337e+02	7.969692e+01	4.265511e+01	4.899603e+01
717	2.055030e+01	2.653761e+03	6.133280e+02	2.818921e+02	7.900577e+01	4.276743e+01	4.636387e+01
718	2.057896e+01	2.664419e+03	6.133051e+02	2.803082e+02	7.928539e+01	4.278775e+01	4.321916e+01
719	2.060762e+01	2.663994e+03	6.132149e+02	2.786559e+02	7.896381e+01	4.295515e+01	4.041190e+01
720	2.063629e+01	2.664586e+03	6.131064e+02	2.770010e+02	7.900967e+01	4.293975e+01	3.763964e+01
721	2.066495e+01	2.679465e+03	6.127722e+02	2.756244e+02	7.931201e+01	4.301493e+01	3.487423e+01
722	2.069361e+01	2.672818e+03	6.125748e+02	2.738547e+02	7.915926e+01	4.299102e+01	3.175470e+01
723	2.072227e+01	2.695854e+03	6.120789e+02	2.723697e+02	7.939565e+01	4.323244e+01	2.944987e+01
724	2.075093e+01	2.701527e+03	6.116550e+02	2.707397e+02	7.925093e+01	4.340253e+01	2.719291e+01
725	2.077959e+01	2.687600e+03	6.111167e+02	2.693427e+02	7.935423e+01	4.312258e+01	2.413046e+01
726	2.080825e+01	2.708287e+03	6.103033e+02	2.677593e+02	7.947700e+01	4.338737e+01	2.157420e+01
727	2.083692e+01	2.710768e+03	6.096302e+02	2.663004e+02	7.929144e+01	4.352875e+01	1.844885e+01
728	2.086558e+01	2.696359e+03	6.088957e+02	2.650100e+02	7.941261e+01	4.323131e+01	1.448342e+01
729	2.089424e+01	2.719899e+03	6.080454e+02	2.637350e+02	7.963996e+01	4.348425e+01	1.200286e+01
730	2.092290e+01	2.722070e+03	6.071886e+02	2.624115e+02	7.970969e+01	4.348087e+01	9.213864e+00
731	2.095156e+01	2.723422e+03	6.060172e+02	2.611910e+02	7.959299e+01	4.356627e+01	6.329678e+00
732	2.098022e+01	2.724315e+03	6.050087e+02	2.596909e+02	7.912235e+01	4.383977e+01	3.671053e+00
733	2.100889e+01	2.736328e+03	6.038882e+02	2.586451e+02	7.953905e+01	4.380239e+01	3.496133e-01
734	2.103755e+01	2.732487e+03	6.027059e+02	2.577821e+02	7.940173e+01	4.381657e+01	1.773051e+02
735	2.106621e+01	2.741741e+03	6.011264e+02	2.566685e+02	7.934632e+01	4.399565e+01	1.737264e+02
736	2.109487e+01	2.717167e+03	5.999081e+02	2.558127e+02	7.926638e+01	4.364529e+01	1.704443e+02
737	2.112353e+01	2.716857e+03	5.985004e+02	2.548173e+02	7.945203e+01	4.353833e+01	1.679098e+02
738	2.115219e+01	2.744952e+03	5.970262e+02	2.541409e+02	7.922904e+01	4.411238e+01	1.644940e+02
739	2.118085e+01	2.736135e+03	5.955942e+02	2.534344e+02	7.946769e+01	4.383864e+01	1.613189e+02
740	2.120952e+01	2.744754e+03	5.938093e+02	2.526901e+02	7.921709e+01	4.411585e+01	1.574875e+02
741	2.123818e+01	2.725115e+03	5.923046e+02	2.522267e+02	7.944357e+01	4.367534e+01	1.546836e+02
742	2.126684e+01	2.742743e+03	5.907916e+02	2.517772e+02	7.954095e+01	4.390403e+01	1.518481e+02
743	2.129550e+01	2.723600e+03	5.892643e+02	2.515835e+02	7.925548e+01	4.375464e+01	1.491285e+02
744	2.132416e+01	2.739792e+03	5.876503e+02	2.511106e+02	7.948721e+01	4.388646e+01	1.457446e+02
745	2.135282e+01	2.742268e+03	5.861170e+02	2.509095e+02	7.980200e+01	4.375283e+01	1.428859e+02
746	2.138148e+01	2.739603e+03	5.845706e+02	2.509000e+02	7.967513e+01	4.377993e+01	1.402216e+02
747	2.141015e+01	2.784787e+03	5.825981e+02	2.509794e+02	7.906664e+01	4.484446e+01	1.364263e+02
748	2.143881e+01	2.729027e+03	5.811643e+02	2.507349e+02	7.945332e+01	4.373267e+01	1.344019e+02
749	2.146747e+01	2.740179e+03	5.796833e+02	2.509604e+02	7.944725e+01	4.391473e+01	1.311673e+02
750	2.149613e+01	2.732965e+03	5.780254e+02	2.512618e+02	7.936443e+01	4.384482e+01	1.278748e+02
751	2.152479e+01	2.725013e+03	5.763438e+02	2.514899e+02	7.964575e+01	4.356284e+01	1.253721e+02
752	2.155345e+01	2.730230e+03	5.748120e+02	2.518462e+02	7.971931e+01	4.360596e+01	1.228737e+02
753	2.158212e+01	2.725612e+03	5.731768e+02	2.520373e+02	7.952332e+01	4.363949e+01	1.200183e+02
754	2.161078e+01	2.720485e+03	5.717939e+02	2.525507e+02	7.954123e+01	4.354759e+01	1.180049e+02
755	2.163944e+01	2.718681e+03	5.702148e+02	2.530963e+02	7.997527e+01	4.328254e+01	1.152520e+02
756	2.166810e+01	2.723599e+03	5.685067e+02	2.536689e+02	8.014358e+01	4.326976e+01	1.127855e+02
757	2.169676e+01	2.720658e+03	5.671263e+02	2.543185e+02	7.991870e+01	4.334467e+01	1.101223e+02
758	2.172542e+01	2.711871e+03	5.654944e+02	2.551180e+02	8.020913e+01	4.304823e+01	1.070185e+02
759	2.175408e+01	2.705516e+03	5.641717e+02	2.558773e+02	8.011644e+01	4.299704e+01	1.049855e+02
760	2.178275e+01	2.711833e+03	5.626189e+02	2.567927e+02	8.029684e+01	4.300061e+01	1.025087e+02
761	2.181141e+01	2.713452e+03	5.611997e+02	2.575919e+02	8.039772e+01	4.297229e+01	1.003518e+02
762	2.184007e+01	2.703103e+03	5.600262e+02	2.588093e+02	8.029610e+01	4.286257e+01	9.766296e+01
763	2.186873e+01	2.711032e+03	5.585490e+02	2.597554e+02	8.026262e+01	4.300624e+01	9.536913e+01
764	2.189739e+01	2.691112e+03	5.572954e+02	2.608995e+02	8.053741e+01	4.254458e+01	9.283192e+01
765	2.192605e+01	2.702095e+03	5.561968e+02	2.620559e+02	8.061087e+01	4.267928e+01	9.045869e+01
766	2.195471e+01	2.707696e+03	5.548367e+02	2.633827e+02	8.066093e+01	4.274121e+01	8.810441e+01
767	2.198338e+01	2.693564e+03	5.537244e+02	2.645804e+02	8.021027e+01	4.275703e+01	8.581565e+01
768	2.201204e+01	2.687344e+03	5.525966e+02	2.659820e+02	8.042104e+01	4.254649e+01	8.365897e+01
769	2.204070e+01	2.674238e+03	5.516627e+02	2.673870e+02	8.030759e+01	4.239880e+01	8.150335e+01
770	2.206936e+01	2.687564e+03	5.505997e+02	2.689663e+02	8.059273e+01	4.245933e+01	7.879027e+01
771	2.209802e+01	2.696293e+03	5.496634e+02	2.704781e+02	8.065578e+01	4.256393e+01	7.639468e+01
772	2.212668e+01	2.686005e+03	5.487674e+02	2.720216e+02	8.056559e+01	4.244898e+01	7.398277e+01
773	2.215535e+01	2.680974e+03	5.479103e+02	2.735993e+02	8.055781e+01	4.237357e+01	7.173067e+01
774	2.218401e+01	2.690283e+03	5.473425e+02	2.753223e+02	8.042941e+01	4.258858e+01	6.941604e+01
775	2.221267e+01	2.687782e+03	5.467849e+02	2.769388e+02	8.021036e+01	4.266519e+01	6.696353e+01
776	2.224133e+01	2.692430e+03	5.461609e+02	2.784998e+02	8.025235e+01	4.271661e+01	6.451646e+01
777	2.226999e+01	2.695797e+03	5.457262e+02	2.800436e+02	8.018073e+01	4.280822e+01	6.225244e+01
778	2.229865e+01	2.697408e+03	5.452023e+02	2.818356e+02	8.030685e+01	4.276654e+01	5.977695e+01
779	2.232731e+01	2.692254e+03	5.447579e+02	2.836638e+02	7.997425e+01	4.286235e+01	5.786208e+01
780	2.235598e+01	2.705309e+03	5.443257e+02	2.853221e+02	8.006091e+01	4.302357e+01	5.543287e+01
781	2.238464e+01	2.695403e+03	5.441287e+02	2.870285e+02	7.976340e+01	4.302593e+01	5.281905e+01
782	2.241330e+01	2.714682e+03	5.438876e+02	2.887957e+02	8.015062e+01	4.312431e+01	5.038239e+01
783	2.244196e+01	2.704702e+03	5.438827e+02	2.904339e+02	7.979124e+01	4.315929e+01	4.795306e+01
784	2.247062e+01	2.723280e+03	5.438509e+02	2.923450e+02	8.009406e+01	4.329144e+01	4.506075e+01
785	2.249928e+01	2.724877e+03	5.437891e+02	2.940829e+02	8.034493e+01	4.318158e+01	4.293854e+01
786	2.252794e+01	2.712964e+03	5.440090e+02	2.956925e+02	7.998896e+01	4.318412e+01	4.050938e+01
787	2.255661e+01	2.720683e+03	5.441284e+02	2.976563e+02	7.987888e+01	4.336668e+01	3.774735e+01
788	2.258527e+01	2.726470e+03	5.445209e+02	2.992986e+02	8.011283e+01	4.333201e+01	3.524002e+01
789	2.261393e+01	2.717963e+03	5.447781e+02	3.011471e+02	7.978973e+01	4.337171e+01	3.258482e+01
790	2.264259e+01	2.719829e+03	5.452902e+02	3.027093e+02	7.960305e+01	4.350328e+01	3.021087e+01
791	2.267125e+01	2.717592e+03	5.456534e+02	3.045164e+02	7.951796e+01	4.351401e+01	2.734571e+01
792	2.269991e+01	2.729877e+03	5.461970e+02	3.061951e+02	7.980716e+01	4.355232e+01	2.513919e+01
793	2.272858e+01	2.730894e+03	5.467494e+02	3.077975e+02	7.974913e+01	4.360025e+01	2.278538e+01
794	2.275724e+01	2.732538e+03	5.476003e+02	3.093843e+02	7.968546e+01	4.366136e+01	1.969405e+01
795	2.278590e+01	2.717926e+03	5.484669e+02	3.109164e+02	7.974525e+01	4.339532e+01	1.699870e+01
796	2.281456e+01	2.779544e+03	5.490005e+02	3.122892e+02	7.915475e+01	4.471020e+01	1.361762e+01
797	2.284322e+01	2.732737e+03	5.503597e+02	3.140979e+02	7.970028e+01	4.365642e+01	1.110181e+01
798	2.287188e+01	2.741469e+03	5.514490e+02	3.153228e+02	8.004759e+01	4.360588e+01	8.849897e+00
799	2.290054e+01	2.722326e+03	5.524937e+02	3.167745e+02	7.960480e+01	4.354226e+01	5.379409e+00
