1	2.866151e-02	2.656602e+03	4.032801e+02	2.289151e+02	7.972391e+01	4.242756e+01	5.617658e+01
2	5.732302e-02	2.665746e+03	4.028738e+02	2.305883e+02	7.981142e+01	4.252692e+01	5.431022e+01
3	8.598452e-02	2.659904e+03	4.028857e+02	2.319996e+02	7.991325e+01	4.237965e+01	5.213258e+01
4	1.146460e-01	2.652286e+03	4.028720e+02	2.335711e+02	7.926335e+01	4.260475e+01	4.987841e+01
5	1.433075e-01	2.659355e+03	4.027471e+02	2.352243e+02	7.952222e+01	4.257924e+01	4.755131e+01
6	1.719690e-01	2.670358e+03	4.028105e+02	2.368293e+02	7.966369e+01	4.267949e+01	4.543696e+01
7	2.006306e-01	2.681541e+03	4.026855e+02	2.386817e+02	7.974654e+01	4.281370e+01	4.366776e+01
8	2.292921e-01	2.673801e+03	4.030111e+02	2.401916e+02	7.962566e+01	4.275492e+01	4.210939e+01
9	2.579536e-01	2.684259e+03	4.031386e+02	2.420298e+02	7.945498e+01	4.301436e+01	3.964906e+01
10	2.866151e-01	2.679623e+03	4.032722e+02	2.437447e+02	7.924802e+01	4.305221e+01	3.795469e+01
11	3.152766e-01	2.663197e+03	4.034910e+02	2.455107e+02	7.920705e+01	4.281042e+01	3.590796e+01
12	3.439381e-01	2.672655e+03	4.037762e+02	2.469841e+02	7.936378e+01	4.287761e+01	3.374794e+01
13	3.725996e-01	2.667960e+03	4.041922e+02	2.486107e+02	7.912522e+01	4.293134e+01	3.179732e+01
14	4.012611e-01	2.655047e+03	4.043327e+02	2.502192e+02	7.916271e+01	4.270332e+01	2.988038e+01
15	4.299226e-01	2.668892e+03	4.047607e+02	2.517622e+02	7.913721e+01	4.293983e+01	2.769080e+01
16	4.585841e-01	2.680227e+03	4.051606e+02	2.534001e+02	7.953970e+01	4.290400e+01	2.600707e+01
17	4.872456e-01	2.683333e+03	4.056104e+02	2.549006e+02	7.928955e+01	4.308923e+01	2.431047e+01
18	5.159071e-01	2.659756e+03	4.062152e+02	2.562976e+02	7.892060e+01	4.291030e+01	2.155231e+01
19	5.445686e-01	2.673388e+03	4.068116e+02	2.577565e+02	7.918126e+01	4.298824e+01	1.978826e+01
20	5.732302e-01	2.660475e+03	4.074818e+02	2.592864e+02	7.906873e+01	4.284149e+01	1.757038e+01
21	6.018917e-01	2.667007e+03	4.081464e+02	2.607643e+02	7.889026e+01	4.304383e+01	1.530798e+01
22	6.305532e-01	2.668139e+03	4.090608e+02	2.621054e+02	7.885918e+01	4.307907e+01	1.364841e+01
23	6.592147e-01	2.651003e+03	4.100017e+02	2.635179e+02	7.912769e+01	4.265714e+01	1.127481e+01
24	6.878762e-01	2.654480e+03	4.109534e+02	2.648707e+02	7.855293e+01	4.302562e+01	9.225916e+00
25	7.165377e-01	2.672866e+03	4.119463e+02	2.661453e+02	7.865843e+01	4.326553e+01	6.775256e+00
26	7.451992e-01	2.671341e+03	4.131083e+02	2.674674e+02	7.926688e+01	4.290893e+01	4.052309e+00
27	7.738607e-01	2.664121e+03	4.141913e+02	2.685704e+02	7.889064e+01	4.299704e+01	1.754440e+00
28	8.025222e-01	2.650469e+03	4.152791e+02	2.696581e+02	7.866698e+01	4.289833e+01	1.794529e+02
29	8.311837e-01	2.655335e+03	4.165317e+02	2.710027e+02	7.866550e+01	4.297789e+01	1.769202e+02
30	8.598452e-01	2.652758e+03	4.176984e+02	2.720359e+02	7.902653e+01	4.274004e+01	1.747773e+02
31	8.885067e-01	2.652905e+03	4.189545e+02	2.730764e+02	7.886527e+01	4.282979e+01	1.719456e+02
32	9.171682e-01	2.652780e+03	4.203941e+02	2.740943e+02	7.884441e+01	4.283912e+01	1.696178e+02
33	9.458298e-01	2.651382e+03	4.215859e+02	2.751024e+02	7.883443e+01	4.282195e+01	1.678378e+02
34	9.744913e-01	2.656930e+03	4.231370e+02	2.760133e+02	7.874240e+01	4.296171e+01	1.652216e+02
35	1.003153e+00	2.624170e+03	4.244044e+02	2.767503e+02	7.857043e+01	4.252486e+01	1.632881e+02
36	1.031814e+00	2.622868e+03	4.260127e+02	2.773265e+02	7.849951e+01	4.254217e+01	1.611187e+02
37	1.060476e+00	2.639856e+03	4.276198e+02	2.783458e+02	7.880759e+01	4.265032e+01	1.582712e+02
38	1.089137e+00	2.617412e+03	4.290694e+02	2.788484e+02	7.846001e+01	4.247505e+01	1.560924e+02
39	1.117799e+00	2.653052e+03	4.304931e+02	2.796175e+02	7.809637e+01	4.325387e+01	1.547610e+02
40	1.146460e+00	2.624667e+03	4.322256e+02	2.798140e+02	7.859485e+01	4.251970e+01	1.515492e+02
41	1.175122e+00	2.608368e+03	4.337286e+02	2.801986e+02	7.835279e+01	4.238620e+01	1.493670e+02
42	1.203783e+00	2.622211e+03	4.353974e+02	2.808267e+02	7.860362e+01	4.247517e+01	1.468976e+02
43	1.232445e+00	2.589977e+03	4.368131e+02	2.809102e+02	7.776673e+01	4.240452e+01	1.452040e+02
44	1.261106e+00	2.613654e+03	4.386425e+02	2.814160e+02	7.792243e+01	4.270667e+01	1.425423e+02
45	1.289768e+00	2.616785e+03	4.401163e+02	2.814677e+02	7.824517e+01	4.258146e+01	1.403984e+02
46	1.318429e+00	2.620399e+03	4.418607e+02	2.816028e+02	7.840240e+01	4.255476e+01	1.381507e+02
47	1.347091e+00	2.618902e+03	4.433785e+02	2.816711e+02	7.819175e+01	4.264503e+01	1.363283e+02
48	1.375752e+00	2.611390e+03	4.450002e+02	2.817845e+02	7.816016e+01	4.253989e+01	1.340013e+02
49	1.404414e+00	2.623334e+03	4.466731e+02	2.817014e+02	7.855924e+01	4.251737e+01	1.313010e+02
50	1.433075e+00	2.622442e+03	4.481804e+02	2.816277e+02	7.835076e+01	4.261601e+01	1.292905e+02
51	1.461737e+00	2.622631e+03	4.498630e+02	2.816187e+02	7.820449e+01	4.269880e+01	1.267597e+02
52	1.490398e+00	2.635791e+03	4.512842e+02	2.813315e+02	7.897259e+01	4.249568e+01	1.244859e+02
53	1.519060e+00	2.628153e+03	4.527127e+02	2.809633e+02	7.847492e+01	4.264125e+01	1.227922e+02
54	1.547721e+00	2.621259e+03	4.544677e+02	2.806664e+02	7.838334e+01	4.257909e+01	1.202028e+02
55	1.576383e+00	2.611402e+03	4.561364e+02	2.803134e+02	7.858372e+01	4.231081e+01	1.176987e+02
56	1.605044e+00	2.604768e+03	4.575879e+02	2.799770e+02	7.843706e+01	4.228223e+01	1.154533e+02
57	1.633706e+00	2.607594e+03	4.590139e+02	2.794722e+02	7.850717e+01	4.229030e+01	1.136615e+02
58	1.662367e+00	2.626059e+03	4.606552e+02	2.789197e+02	7.896059e+01	4.234520e+01	1.116871e+02
59	1.691029e+00	2.623400e+03	4.621303e+02	2.782614e+02	7.861766e+01	4.248685e+01	1.095265e+02
60	1.719690e+00	2.597688e+03	4.634735e+02	2.776937e+02	7.839745e+01	4.218860e+01	1.071036e+02
61	1.748352e+00	2.615583e+03	4.650535e+02	2.770154e+02	7.900648e+01	4.215178e+01	1.055283e+02
62	1.777013e+00	2.620486e+03	4.665562e+02	2.762773e+02	7.885956e+01	4.230947e+01	1.035507e+02
63	1.805675e+00	2.617324e+03	4.676719e+02	2.755207e+02	7.874952e+01	4.231748e+01	1.016303e+02
64	1.834336e+00	2.621580e+03	4.691890e+02	2.747026e+02	7.944225e+01	4.201668e+01	9.916057e+01
65	1.862998e+00	2.599527e+03	4.705750e+02	2.737426e+02	7.860637e+01	4.210626e+01	9.776479e+01
66	1.891660e+00	2.602143e+03	4.719276e+02	2.729065e+02	7.932515e+01	4.176673e+01	9.572984e+01
67	1.920321e+00	2.596621e+03	4.730920e+02	2.719046e+02	7.936790e+01	4.165564e+01	9.382189e+01
68	1.948983e+00	2.611288e+03	4.744073e+02	2.709244e+02	7.934822e+01	4.190133e+01	9.187021e+01
69	1.977644e+00	2.615358e+03	4.757594e+02	2.698619e+02	7.957607e+01	4.184646e+01	8.975867e+01
70	2.006306e+00	2.616620e+03	4.767558e+02	2.688535e+02	7.959055e+01	4.185904e+01	8.814648e+01
71	2.034967e+00	2.617611e+03	4.780782e+02	2.676881e+02	7.998761e+01	4.166703e+01	8.562325e+01
72	2.063629e+00	2.608347e+03	4.791575e+02	2.666050e+02	7.943650e+01	4.180762e+01	8.412103e+01
73	2.092290e+00	2.618421e+03	4.804331e+02	2.652246e+02	7.987064e+01	4.174096e+01	8.168408e+01
74	2.120952e+00	2.621076e+03	4.812631e+02	2.640158e+02	7.947142e+01	4.199318e+01	8.038120e+01
75	2.149613e+00	2.621668e+03	4.825223e+02	2.625236e+02	7.991455e+01	4.176976e+01	7.794519e+01
76	2.178275e+00	2.595247e+03	4.829647e+02	2.612934e+02	7.896868e+01	4.184407e+01	7.666473e+01
77	2.206936e+00	2.615683e+03	4.837732e+02	2.598236e+02	7.942512e+01	4.193120e+01	7.455944e+01
78	2.235598e+00	2.602729e+03	4.845799e+02	2.583827e+02	7.926501e+01	4.180783e+01	7.210670e+01
79	2.264259e+00	2.592366e+03	4.856138e+02	2.569702e+02	7.908021e+01	4.173867e+01	7.084676e+01
80	2.292921e+00	2.593842e+03	4.861894e+02	2.554892e+02	7.858288e+01	4.202675e+01	6.853609e+01
81	2.321582e+00	2.586006e+03	4.866827e+02	2.539180e+02	7.897183e+01	4.169341e+01	6.621904e+01
82	2.350244e+00	2.607825e+03	4.871612e+02	2.524057e+02	7.895189e+01	4.205581e+01	6.438501e+01
83	2.378905e+00	2.593302e+03	4.878165e+02	2.507422e+02	7.859978e+01	4.200895e+01	6.294141e+01
84	2.407567e+00	2.593580e+03	4.883604e+02	2.490275e+02	7.853407e+01	4.204862e+01	6.042735e+01
85	2.436228e+00	2.598339e+03	4.887620e+02	2.475075e+02	7.864967e+01	4.206385e+01	5.832894e+01
86	2.464890e+00	2.624856e+03	4.889937e+02	2.460277e+02	7.895188e+01	4.233046e+01	5.630532e+01
87	2.493551e+00	2.605698e+03	4.893419e+02	2.445355e+02	7.878318e+01	4.211149e+01	5.453524e+01
88	2.522213e+00	2.585293e+03	4.895354e+02	2.429021e+02	7.828745e+01	4.204629e+01	5.314694e+01
89	2.550874e+00	2.622959e+03	4.897842e+02	2.412800e+02	7.896774e+01	4.229139e+01	5.070366e+01
90	2.579536e+00	2.618773e+03	4.901615e+02	2.395124e+02	7.832748e+01	4.256903e+01	4.853484e+01
91	2.608197e+00	2.611693e+03	4.901056e+02	2.379871e+02	7.837061e+01	4.243058e+01	4.664656e+01
92	2.636859e+00	2.619527e+03	4.902463e+02	2.362135e+02	7.831945e+01	4.258567e+01	4.460518e+01
93	2.665520e+00	2.618505e+03	4.902971e+02	2.346027e+02	7.855956e+01	4.243894e+01	4.217921e+01
94	2.694182e+00	2.639992e+03	4.901422e+02	2.329381e+02	7.877696e+01	4.266911e+01	3.987000e+01
95	2.722843e+00	2.642160e+03	4.899748e+02	2.312229e+02	7.888518e+01	4.264556e+01	3.792973e+01
96	2.751505e+00	2.642531e+03	4.897114e+02	2.295398e+02	7.871073e+01	4.274607e+01	3.576038e+01
97	2.780166e+00	2.645797e+03	4.894692e+02	2.276857e+02	7.878028e+01	4.276112e+01	3.338187e+01
98	2.808828e+00	2.616346e+03	4.891406e+02	2.261761e+02	7.796519e+01	4.272721e+01	3.159897e+01
99	2.837489e+00	2.643112e+03	4.887073e+02	2.247112e+02	7.852179e+01	4.285835e+01	2.901898e+01
100	2.866151e+00	2.657116e+03	4.883025e+02	2.232101e+02	7.911243e+01	4.276377e+01	2.684287e+01
101	2.894812e+00	2.658414e+03	4.876317e+02	2.217171e+02	7.881446e+01	4.294641e+01	2.481968e+01
102	2.923474e+00	2.653040e+03	4.869814e+02	2.199775e+02	7.886931e+01	4.282979e+01	2.249101e+01
103	2.952135e+00	2.648126e+03	4.864718e+02	2.185249e+02	7.849998e+01	4.295159e+01	2.033529e+01
104	2.980797e+00	2.638675e+03	4.856798e+02	2.169887e+02	7.821503e+01	4.295421e+01	1.784881e+01
105	3.009458e+00	2.644539e+03	4.849273e+02	2.157700e+02	7.819675e+01	4.305974e+01	1.563817e+01
106	3.038120e+00	2.652587e+03	4.840373e+02	2.142169e+02	7.820780e+01	4.318468e+01	1.364798e+01
107	3.066781e+00	2.671016e+03	4.830171e+02	2.131052e+02	7.904501e+01	4.302413e+01	1.066767e+01
108	3.095443e+00	2.659925e+03	4.820189e+02	2.116945e+02	7.883704e+01	4.295850e+01	8.491105e+00
109	3.124104e+00	2.678932e+03	4.810713e+02	2.106163e+02	7.854520e+01	4.342623e+01	6.382788e+00
110	3.152766e+00	2.659803e+03	4.801664e+02	2.094013e+02	7.858426e+01	4.309472e+01	3.851258e+00
111	3.181427e+00	2.673676e+03	4.790974e+02	2.081908e+02	7.854055e+01	4.334361e+01	2.100031e+00
112	3.210089e+00	2.672000e+03	4.778645e+02	2.071766e+02	7.889074e+01	4.312415e+01	1.797833e+02
113	3.238750e+00	2.661679e+03	4.766910e+02	2.061190e+02	7.830870e+01	4.327687e+01	1.774595e+02
114	3.267412e+00	2.670182e+03	4.754944e+02	2.051476e+02	7.889989e+01	4.308981e+01	1.749440e+02
115	3.296073e+00	2.672805e+03	4.742686e+02	2.042725e+02	7.862357e+01	4.328373e+01	1.729119e+02
116	3.324735e+00	2.647563e+03	4.729714e+02	2.031222e+02	7.778425e+01	4.333759e+01	1.703226e+02
117	3.353396e+00	2.664219e+03	4.716647e+02	2.025169e+02	7.838968e+01	4.327341e+01	1.676574e+02
118	3.382058e+00	2.681615e+03	4.701086e+02	2.017242e+02	7.841934e+01	4.353948e+01	1.648024e+02
119	3.410719e+00	2.669050e+03	4.685562e+02	2.010241e+02	7.808239e+01	4.352250e+01	1.621762e+02
120	3.439381e+00	2.686288e+03	4.671190e+02	2.007085e+02	7.868411e+01	4.346859e+01	1.601638e+02
121	3.468042e+00	2.705496e+03	4.655943e+02	2.001903e+02	7.952683e+01	4.331549e+01	1.562115e+02
122	3.496704e+00	2.676175e+03	4.639286e+02	1.998547e+02	7.870765e+01	4.329200e+01	1.539085e+02
123	3.525365e+00	2.657516e+03	4.621375e+02	1.994867e+02	7.841214e+01	4.315218e+01	1.520132e+02
124	3.554027e+00	2.687494e+03	4.604037e+02	1.992139e+02	7.863945e+01	4.351281e+01	1.482538e+02
125	3.582688e+00	2.695494e+03	4.588044e+02	1.991736e+02	7.883601e+01	4.353353e+01	1.459571e+02
126	3.611350e+00	2.682084e+03	4.571812e+02	1.991694e+02	7.884385e+01	4.331264e+01	1.433945e+02
127	3.640011e+00	2.683821e+03	4.552931e+02	1.991078e+02	7.877030e+01	4.338115e+01	1.401158e+02
128	3.668673e+00	2.672195e+03	4.537052e+02	1.992585e+02	7.871067e+01	4.322597e+01	1.374067e+02
129	3.697334e+00	2.679680e+03	4.519228e+02	1.994287e+02	7.847187e+01	4.347895e+01	1.348992e+02
130	3.725996e+00	2.661104e+03	4.501852e+02	1.996248e+02	7.842880e+01	4.320125e+01	1.325485e+02
131	3.754657e+00	2.687334e+03	4.486024e+02	1.997845e+02	7.891425e+01	4.335871e+01	1.296108e+02
132	3.783319e+00	2.683111e+03	4.470385e+02	2.002618e+02	7.876557e+01	4.337228e+01	1.274145e+02
133	3.811981e+00	2.696615e+03	4.453340e+02	2.005438e+02	7.910220e+01	4.340508e+01	1.248691e+02
134	3.840642e+00	2.687995e+03	4.438493e+02	2.012452e+02	7.921089e+01	4.320695e+01	1.219911e+02
135	3.869304e+00	2.689184e+03	4.421808e+02	2.018781e+02	7.914043e+01	4.326456e+01	1.196135e+02
136	3.897965e+00	2.674829e+03	4.408744e+02	2.025845e+02	7.941282e+01	4.288599e+01	1.171425e+02
137	3.926627e+00	2.690184e+03	4.391727e+02	2.032779e+02	7.925108e+01	4.322021e+01	1.147025e+02
138	3.955288e+00	2.684020e+03	4.375858e+02	2.038198e+02	7.935817e+01	4.306300e+01	1.127586e+02
139	3.983950e+00	2.687140e+03	4.359270e+02	2.046060e+02	7.945013e+01	4.306315e+01	1.102501e+02
140	4.012611e+00	2.668108e+03	4.345199e+02	2.053367e+02	7.949016e+01	4.273662e+01	1.078117e+02
141	4.041273e+00	2.663265e+03	4.332081e+02	2.063628e+02	7.948193e+01	4.266347e+01	1.061010e+02
142	4.069934e+00	2.669730e+03	4.315436e+02	2.072005e+02	7.964960e+01	4.267701e+01	1.036646e+02
143	4.098596e+00	2.675793e+03	4.301720e+02	2.082718e+02	7.970784e+01	4.274266e+01	1.010979e+02
144	4.127257e+00	2.679997e+03	4.285217e+02	2.092883e+02	8.004835e+01	4.262772e+01	9.889825e+01
145	4.155919e+00	2.669906e+03	4.273146e+02	2.103360e+02	8.012380e+01	4.242722e+01	9.645060e+01
146	4.184580e+00	2.670174e+03	4.260199e+02	2.114329e+02	8.016191e+01	4.241130e+01	9.433445e+01
147	4.213242e+00	2.657277e+03	4.247123e+02	2.127375e+02	7.990305e+01	4.234320e+01	9.228326e+01
148	4.241903e+00	2.659537e+03	4.235998e+02	2.139284e+02	7.994571e+01	4.235659e+01	9.025791e+01
149	4.270565e+00	2.673066e+03	4.223633e+02	2.152612e+02	8.074697e+01	4.214961e+01	8.780282e+01
150	4.299226e+00	2.672469e+03	4.214348e+02	2.165898e+02	8.008017e+01	4.249108e+01	8.566947e+01
151	4.327888e+00	2.659311e+03	4.202932e+02	2.180314e+02	8.026756e+01	4.218317e+01	8.401165e+01
152	4.356549e+00	2.656235e+03	4.194060e+02	2.195259e+02	8.002455e+01	4.226232e+01	8.183379e+01
153	4.385211e+00	2.666860e+03	4.184399e+02	2.208779e+02	7.987975e+01	4.250829e+01	7.994485e+01
154	4.413872e+00	2.654025e+03	4.175418e+02	2.224057e+02	7.985538e+01	4.231662e+01	7.786631e+01
155	4.442534e+00	2.648401e+03	4.166886e+02	2.240015e+02	7.960030e+01	4.236226e+01	7.559671e+01
156	4.471195e+00	2.649411e+03	4.159834e+02	2.253670e+02	8.014938e+01	4.208809e+01	7.426321e+01
157	4.499857e+00	2.649571e+03	4.152444e+02	2.270335e+02	7.968642e+01	4.233518e+01	7.193568e+01
158	4.528518e+00	2.654834e+03	4.145072e+02	2.286599e+02	8.010271e+01	4.219881e+01	7.015314e+01
159	4.557180e+00	2.641333e+03	4.138681e+02	2.302633e+02	8.001679e+01	4.202930e+01	6.808871e+01
160	4.585841e+00	2.656779e+03	4.131574e+02	2.319686e+02	7.971634e+01	4.243441e+01	6.587817e+01
161	4.614503e+00	2.643567e+03	4.124626e+02	2.337531e+02	7.979724e+01	4.218058e+01	6.342046e+01
162	4.643164e+00	2.642628e+03	4.122612e+02	2.354349e+02	7.974447e+01	4.219350e+01	6.166335e+01
163	4.671826e+00	2.647244e+03	4.116601e+02	2.372377e+02	7.990778e+01	4.218081e+01	5.930494e+01
164	4.700487e+00	2.660131e+03	4.113722e+02	2.389620e+02	7.986953e+01	4.240646e+01	5.727799e+01
165	4.729149e+00	2.656107e+03	4.111723e+02	2.406190e+02	7.985306e+01	4.235105e+01	5.517313e+01
166	4.757810e+00	2.656430e+03	4.109345e+02	2.424619e+02	7.967608e+01	4.245028e+01	5.295824e+01
167	4.786472e+00	2.666440e+03	4.105648e+02	2.443948e+02	7.954056e+01	4.268285e+01	5.046677e+01
168	4.815133e+00	2.662860e+03	4.103685e+02	2.460895e+02	7.949866e+01	4.264800e+01	4.874052e+01
169	4.843795e+00	2.643630e+03	4.102908e+02	2.479196e+02	7.910833e+01	4.254892e+01	4.658714e+01
170	4.872456e+00	2.664617e+03	4.104160e+02	2.496006e+02	7.940386e+01	4.272709e+01	4.397138e+01
171	4.901118e+00	2.668830e+03	4.105663e+02	2.514759e+02	7.971000e+01	4.263029e+01	4.171314e+01
172	4.929779e+00	2.668399e+03	4.105942e+02	2.531934e+02	7.942643e+01	4.277558e+01	3.993733e+01
173	4.958441e+00	2.667596e+03	4.106961e+02	2.552327e+02	7.915383e+01	4.290998e+01	3.777609e+01
174	4.987102e+00	2.659689e+03	4.109585e+02	2.569499e+02	7.913826e+01	4.279120e+01	3.556374e+01
175	5.015764e+00	2.658915e+03	4.113877e+02	2.585825e+02	7.890107e+01	4.290734e+01	3.275338e+01
176	5.044425e+00	2.662201e+03	4.117587e+02	2.604497e+02	7.901868e+01	4.289643e+01	3.077384e+01
177	5.073087e+00	2.661214e+03	4.123661e+02	2.620116e+02	7.883886e+01	4.297833e+01	2.825019e+01
178	5.101748e+00	2.662039e+03	4.129319e+02	2.636941e+02	7.883014e+01	4.299642e+01	2.612530e+01
179	5.130410e+00	2.662178e+03	4.135399e+02	2.653488e+02	7.895274e+01	4.293189e+01	2.441242e+01
180	5.159071e+00	2.654284e+03	4.141572e+02	2.671012e+02	7.884833e+01	4.286127e+01	2.118637e+01
181	5.187733e+00	2.664994e+03	4.150448e+02	2.688374e+02	7.877950e+01	4.307181e+01	1.866721e+01
182	5.216394e+00	2.642677e+03	4.159312e+02	2.703885e+02	7.848658e+01	4.287053e+01	1.612844e+01
183	5.245056e+00	2.644252e+03	4.168241e+02	2.717159e+02	7.858854e+01	4.284042e+01	1.365531e+01
184	5.273717e+00	2.635892e+03	4.180261e+02	2.730986e+02	7.872405e+01	4.263147e+01	1.073670e+01
185	5.302379e+00	2.646915e+03	4.190605e+02	2.746889e+02	7.847730e+01	4.294435e+01	8.486766e+00
186	5.331040e+00	2.643861e+03	4.200741e+02	2.760059e+02	7.792939e+01	4.319638e+01	6.038002e+00
187	5.359702e+00	2.644574e+03	4.211887e+02	2.772400e+02	7.851651e+01	4.288494e+01	3.312438e+00
188	5.388363e+00	2.649202e+03	4.224822e+02	2.783309e+02	7.869134e+01	4.286455e+01	8.130117e-02
189	5.417025e+00	2.635135e+03	4.237537e+02	2.796398e+02	7.868837e+01	4.263855e+01	1.776137e+02
190	5.445686e+00	2.631041e+03	4.252337e+02	2.805604e+02	7.850838e+01	4.266990e+01	1.751331e+02
191	5.474348e+00	2.629657e+03	4.265176e+02	2.816798e+02	7.863398e+01	4.257934e+01	1.726769e+02
192	5.503009e+00	2.634168e+03	4.279240e+02	2.827855e+02	7.875935e+01	4.258449e+01	1.700580e+02
193	5.531671e+00	2.623912e+03	4.294316e+02	2.836100e+02	7.864533e+01	4.248018e+01	1.676260e+02
194	5.560332e+00	2.625427e+03	4.309203e+02	2.844987e+02	7.884912e+01	4.239487e+01	1.649492e+02
195	5.588994e+00	2.630941e+03	4.324554e+02	2.852238e+02	7.886665e+01	4.247446e+01	1.624505e+02
196	5.617655e+00	2.632525e+03	4.341481e+02	2.860692e+02	7.855611e+01	4.266803e+01	1.594079e+02
197	5.646317e+00	2.607111e+03	4.357011e+02	2.866620e+02	7.836723e+01	4.235798e+01	1.570214e+02
198	5.674979e+00	2.601454e+03	4.373518e+02	2.873628e+02	7.813670e+01	4.239075e+01	1.543698e+02
199	5.703640e+00	2.633146e+03	4.389029e+02	2.878240e+02	7.852443e+01	4.269532e+01	1.517388e+02
200	5.732302e+00	2.616866e+03	4.406003e+02	2.883592e+02	7.825865e+01	4.257545e+01	1.495038e+02
201	5.760963e+00	2.609509e+03	4.422348e+02	2.887201e+02	7.838124e+01	4.238935e+01	1.465551e+02
202	5.789625e+00	2.616843e+03	4.439744e+02	2.891157e+02	7.806698e+01	4.267960e+01	1.443209e+02
203	5.818286e+00	2.618236e+03	4.456390e+02	2.892437e+02	7.828307e+01	4.258446e+01	1.416745e+02
204	5.846948e+00	2.625411e+03	4.471847e+02	2.893955e+02	7.857324e+01	4.254345e+01	1.389900e+02
205	5.875609e+00	2.613406e+03	4.488281e+02	2.895644e+02	7.823994e+01	4.252933e+01	1.371294e+02
206	5.904271e+00	2.617546e+03	4.505364e+02	2.893860e+02	7.822712e+01	4.260368e+01	1.338408e+02
207	5.932932e+00	2.616995e+03	4.523282e+02	2.893611e+02	7.828650e+01	4.256241e+01	1.314654e+02
208	5.961594e+00	2.637709e+03	4.540218e+02	2.891219e+02	7.849268e+01	4.278660e+01	1.287796e+02
209	5.990255e+00	2.611570e+03	4.557358e+02	2.889951e+02	7.821227e+01	4.251447e+01	1.265013e+02
210	6.018917e+00	2.615315e+03	4.572127e+02	2.886259e+02	7.847121e+01	4.243496e+01	1.242229e+02
211	6.047578e+00	2.611235e+03	4.590466e+02	2.883106e+02	7.842869e+01	4.239173e+01	1.217423e+02
212	6.076240e+00	2.619939e+03	4.607045e+02	2.878163e+02	7.830569e+01	4.259983e+01	1.193618e+02
213	6.104901e+00	2.618126e+03	4.623124e+02	2.873960e+02	7.883874e+01	4.228254e+01	1.169579e+02
214	6.133563e+00	2.629827e+03	4.639632e+02	2.869070e+02	7.895515e+01	4.240888e+01	1.145076e+02
215	6.162224e+00	2.631747e+03	4.654046e+02	2.861493e+02	7.898845e+01	4.242196e+01	1.118144e+02
216	6.190886e+00	2.617669e+03	4.670211e+02	2.854424e+02	7.890565e+01	4.223930e+01	1.093322e+02
217	6.219547e+00	2.605566e+03	4.685141e+02	2.848020e+02	7.930686e+01	4.183131e+01	1.065730e+02
218	6.248209e+00	2.609470e+03	4.699298e+02	2.839092e+02	7.885404e+01	4.213456e+01	1.040879e+02
219	6.276870e+00	2.611985e+03	4.715066e+02	2.831528e+02	7.915707e+01	4.201371e+01	1.026031e+02
220	6.305532e+00	2.606791e+03	4.729693e+02	2.823033e+02	7.946731e+01	4.176647e+01	1.000471e+02
221	6.334193e+00	2.617623e+03	4.742855e+02	2.813843e+02	7.923225e+01	4.206445e+01	9.810048e+01
222	6.362855e+00	2.621400e+03	4.755862e+02	2.803744e+02	7.954226e+01	4.196096e+01	9.577463e+01
223	6.391516e+00	2.609266e+03	4.768683e+02	2.793473e+02	7.943659e+01	4.182229e+01	9.392434e+01
224	6.420178e+00	2.604564e+03	4.782674e+02	2.783012e+02	7.934686e+01	4.179415e+01	9.167661e+01
225	6.448839e+00	2.614415e+03	4.793997e+02	2.772118e+02	7.943129e+01	4.190763e+01	8.935057e+01
226	6.477501e+00	2.599864e+03	4.807115e+02	2.760453e+02	7.941582e+01	4.168249e+01	8.749579e+01
227	6.506162e+00	2.599536e+03	4.817307e+02	2.747885e+02	7.952610e+01	4.161944e+01	8.574196e+01
228	6.534824e+00	2.606759e+03	4.831035e+02	2.733685e+02	7.968082e+01	4.165404e+01	8.297275e+01
229	6.563485e+00	2.625037e+03	4.841175e+02	2.721230e+02	7.988898e+01	4.183681e+01	8.090118e+01
230	6.592147e+00	2.610164e+03	4.851819e+02	2.706150e+02	7.977185e+01	4.166086e+01	7.924371e+01
231	6.620808e+00	2.601733e+03	4.863682e+02	2.691902e+02	7.947915e+01	4.167923e+01	7.729436e+01
232	6.649470e+00	2.591366e+03	4.870997e+02	2.680005e+02	7.915375e+01	4.168380e+01	7.565394e+01
233	6.678131e+00	2.587650e+03	4.878851e+02	2.665294e+02	7.852240e+01	4.195871e+01	7.262915e+01
234	6.706793e+00	2.599066e+03	4.885777e+02	2.649388e+02	7.926714e+01	4.174786e+01	7.034331e+01
235	6.735454e+00	2.620597e+03	4.890780e+02	2.636638e+02	7.934076e+01	4.205464e+01	6.816902e+01
236	6.764116e+00	2.597922e+03	4.897689e+02	2.621338e+02	7.905756e+01	4.184011e+01	6.648342e+01
237	6.792777e+00	2.592655e+03	4.904842e+02	2.604772e+02	7.881096e+01	4.188593e+01	6.441127e+01
238	6.821439e+00	2.586686e+03	4.910387e+02	2.590464e+02	7.855180e+01	4.192738e+01	6.232548e+01
239	6.850100e+00	2.603905e+03	4.914959e+02	2.574920e+02	7.876831e+01	4.209047e+01	6.019054e+01
240	6.878762e+00	2.585975e+03	4.919475e+02	2.559949e+02	7.856672e+01	4.190790e+01	5.807837e+01
241	6.907423e+00	2.593063e+03	4.924004e+02	2.543115e+02	7.837292e+01	4.212667e+01	5.620182e+01
242	6.936085e+00	2.590149e+03	4.928187e+02	2.526046e+02	7.869552e+01	4.190683e+01	5.453122e+01
243	6.964746e+00	2.589640e+03	4.932638e+02	2.508392e+02	7.821738e+01	4.215471e+01	5.277959e+01
244	6.993408e+00	2.600959e+03	4.934111e+02	2.494631e+02	7.814824e+01	4.237644e+01	5.031834e+01
245	7.022069e+00	2.611332e+03	4.935134e+02	2.477006e+02	7.832240e+01	4.245083e+01	4.728278e+01
246	7.050731e+00	2.625318e+03	4.934117e+02	2.462264e+02	7.896959e+01	4.232843e+01	4.473525e+01
247	7.079392e+00	2.602811e+03	4.934316e+02	2.444854e+02	7.789272e+01	4.254573e+01	4.309870e+01
248	7.108054e+00	2.608655e+03	4.933549e+02	2.426098e+02	7.810664e+01	4.252447e+01	4.065030e+01
249	7.136715e+00	2.623994e+03	4.932374e+02	2.409057e+02	7.830438e+01	4.266649e+01	3.859233e+01
250	7.165377e+00	2.634357e+03	4.928288e+02	2.396051e+02	7.859206e+01	4.267820e+01	3.651967e+01
251	7.194038e+00	2.618997e+03	4.927665e+02	2.374103e+02	7.827731e+01	4.259996e+01	3.383672e+01
252	7.222700e+00	2.622986e+03	4.923216e+02	2.359388e+02	7.827374e+01	4.266680e+01	3.121610e+01
253	7.251361e+00	2.653586e+03	4.916456e+02	2.345640e+02	7.910454e+01	4.271120e+01	2.938197e+01
254	7.280023e+00	2.622539e+03	4.913345e+02	2.327020e+02	7.804615e+01	4.278392e+01	2.656575e+01
255	7.308684e+00	2.643332e+03	4.906430e+02	2.313260e+02	7.873601e+01	4.274530e+01	2.414746e+01
256	7.337346e+00	2.628466e+03	4.900081e+02	2.294359e+02	7.815569e+01	4.282051e+01	2.256770e+01
257	7.366007e+00	2.637082e+03	4.891670e+02	2.283281e+02	7.799222e+01	4.305092e+01	1.952887e+01
258	7.394669e+00	2.650301e+03	4.883706e+02	2.267534e+02	7.863947e+01	4.291061e+01	1.655943e+01
259	7.423330e+00	2.663040e+03	4.874483e+02	2.254203e+02	7.890766e+01	4.297032e+01	1.342121e+01
260	7.451992e+00	2.702725e+03	4.863730e+02	2.245810e+02	7.970856e+01	4.317248e+01	1.197615e+01
261	7.480653e+00	2.672818e+03	4.856999e+02	2.227129e+02	7.892348e+01	4.311945e+01	8.868413e+00
262	7.509315e+00	2.650637e+03	4.844943e+02	2.214239e+02	7.874397e+01	4.285910e+01	6.020663e+00
263	7.537976e+00	2.672657e+03	4.834105e+02	2.202031e+02	7.891607e+01	4.312090e+01	3.937374e+00
264	7.566638e+00	2.655790e+03	4.823099e+02	2.190045e+02	7.817947e+01	4.325249e+01	1.048418e+00
265	7.595300e+00	2.672260e+03	4.812065e+02	2.179480e+02	7.886722e+01	4.314120e+01	1.782770e+02
266	7.623961e+00	2.683372e+03	4.799445e+02	2.168550e+02	7.851632e+01	4.351421e+01	1.756227e+02
267	7.652623e+00	2.682026e+03	4.787849e+02	2.161435e+02	7.900025e+01	4.322596e+01	1.738060e+02
268	7.681284e+00	2.675424e+03	4.773610e+02	2.150493e+02	7.875565e+01	4.325348e+01	1.707773e+02
269	7.709946e+00	2.667481e+03	4.758596e+02	2.141977e+02	7.861502e+01	4.320220e+01	1.683470e+02
270	7.738607e+00	2.677013e+03	4.744325e+02	2.133721e+02	7.860004e+01	4.336484e+01	1.655563e+02
271	7.767269e+00	2.678502e+03	4.729395e+02	2.127822e+02	7.864555e+01	4.336385e+01	1.623870e+02
272	7.795930e+00	2.663449e+03	4.713768e+02	2.120816e+02	7.841114e+01	4.324907e+01	1.599036e+02
273	7.824592e+00	2.698577e+03	4.697110e+02	2.114858e+02	7.907864e+01	4.344958e+01	1.572394e+02
274	7.853253e+00	2.675660e+03	4.680339e+02	2.110927e+02	7.857681e+01	4.335574e+01	1.546235e+02
275	7.881915e+00	2.695969e+03	4.666730e+02	2.108508e+02	7.913052e+01	4.337914e+01	1.524088e+02
276	7.910576e+00	2.681574e+03	4.649714e+02	2.103061e+02	7.858114e+01	4.344918e+01	1.500291e+02
277	7.939238e+00	2.686150e+03	4.631861e+02	2.101595e+02	7.884985e+01	4.337500e+01	1.472485e+02
278	7.967899e+00	2.695017e+03	4.615172e+02	2.099925e+02	7.909994e+01	4.338059e+01	1.443103e+02
279	7.996561e+00	2.685865e+03	4.598651e+02	2.100257e+02	7.903424e+01	4.326921e+01	1.422313e+02
280	8.025222e+00	2.698980e+03	4.581838e+02	2.099806e+02	7.887440e+01	4.356861e+01	1.388457e+02
281	8.053884e+00	2.697026e+03	4.565497e+02	2.100156e+02	7.907894e+01	4.342446e+01	1.362485e+02
282	8.082545e+00	2.693024e+03	4.550919e+02	2.101167e+02	7.919212e+01	4.329806e+01	1.334879e+02
283	8.111207e+00	2.686748e+03	4.533670e+02	2.103989e+02	7.907618e+01	4.326049e+01	1.313267e+02
284	8.139868e+00	2.690889e+03	4.516986e+02	2.106561e+02	7.904256e+01	4.334559e+01	1.284690e+02
285	8.168530e+00	2.690300e+03	4.502382e+02	2.111802e+02	7.904816e+01	4.333302e+01	1.259416e+02
286	8.197191e+00	2.698145e+03	4.485983e+02	2.117250e+02	7.940569e+01	4.326371e+01	1.226991e+02
287	8.225853e+00	2.677116e+03	4.469558e+02	2.122015e+02	7.893044e+01	4.318499e+01	1.202405e+02
288	8.254514e+00	2.664910e+03	4.454281e+02	2.128733e+02	7.898263e+01	4.295969e+01	1.175266e+02
289	8.283176e+00	2.702160e+03	4.435032e+02	2.135439e+02	7.904283e+01	4.352699e+01	1.147049e+02
290	8.311837e+00	2.664597e+03	4.421211e+02	2.140732e+02	7.912349e+01	4.287816e+01	1.137599e+02
291	8.340499e+00	2.677134e+03	4.405479e+02	2.147732e+02	7.917239e+01	4.305331e+01	1.111307e+02
292	8.369160e+00	2.672296e+03	4.390455e+02	2.154736e+02	7.951065e+01	4.279268e+01	1.091085e+02
293	8.397822e+00	2.662233e+03	4.376028e+02	2.162799e+02	7.961906e+01	4.257348e+01	1.069223e+02
294	8.426483e+00	2.679469e+03	4.359746e+02	2.172047e+02	7.981691e+01	4.274290e+01	1.043307e+02
295	8.455145e+00	2.639382e+03	4.346192e+02	2.180431e+02	7.965602e+01	4.218847e+01	1.020833e+02
296	8.483806e+00	2.661484e+03	4.331745e+02	2.192379e+02	7.958339e+01	4.258058e+01	9.980737e+01
297	8.512468e+00	2.660008e+03	4.318850e+02	2.203676e+02	7.974508e+01	4.247068e+01	9.716811e+01
298	8.541129e+00	2.667520e+03	4.304593e+02	2.216900e+02	7.964093e+01	4.264631e+01	9.497742e+01
299	8.569791e+00	2.663001e+03	4.292294e+02	2.228606e+02	7.978215e+01	4.249870e+01	9.274553e+01
300	8.598452e+00	2.648012e+03	4.281118e+02	2.241114e+02	7.986110e+01	4.221773e+01	9.032327e+01
301	8.627114e+00	2.663544e+03	4.267636e+02	2.255421e+02	8.059743e+01	4.207738e+01	8.739315e+01
302	8.655775e+00	2.650556e+03	4.256607e+02	2.268347e+02	8.024186e+01	4.205776e+01	8.585244e+01
303	8.684437e+00	2.633581e+03	4.247302e+02	2.281370e+02	8.001534e+01	4.190671e+01	8.373963e+01
304	8.713098e+00	2.645352e+03	4.236962e+02	2.296772e+02	8.016920e+01	4.201323e+01	8.165218e+01
305	8.741760e+00	2.630280e+03	4.227466e+02	2.312227e+02	8.003424e+01	4.184430e+01	7.970513e+01
306	8.770421e+00	2.619729e+03	4.218781e+02	2.326848e+02	8.009583e+01	4.164439e+01	7.714851e+01
307	8.799083e+00	2.626252e+03	4.208916e+02	2.343096e+02	7.981503e+01	4.189496e+01	7.550696e+01
308	8.827744e+00	2.631915e+03	4.202332e+02	2.359112e+02	7.974245e+01	4.202351e+01	7.343690e+01
309	8.856406e+00	2.658231e+03	4.194586e+02	2.374878e+02	8.003259e+01	4.228984e+01	7.076591e+01
310	8.885067e+00	2.631657e+03	4.190133e+02	2.391756e+02	7.969756e+01	4.204307e+01	6.915448e+01
311	8.913729e+00	2.640978e+03	4.183074e+02	2.408895e+02	7.958865e+01	4.224971e+01	6.688414e+01
312	8.942390e+00	2.651811e+03	4.176095e+02	2.426685e+02	7.984923e+01	4.228457e+01	6.492233e+01
313	8.971052e+00	2.630391e+03	4.171514e+02	2.441632e+02	7.981685e+01	4.196003e+01	6.251001e+01
314	8.999713e+00	2.649154e+03	4.167582e+02	2.460486e+02	7.966363e+01	4.234063e+01	6.031623e+01
315	9.028375e+00	2.642850e+03	4.162364e+02	2.478642e+02	7.962480e+01	4.226046e+01	5.830488e+01
316	9.057036e+00	2.643336e+03	4.158289e+02	2.497564e+02	7.958701e+01	4.228830e+01	5.621706e+01
317	9.085698e+00	2.629635e+03	4.156343e+02	2.515734e+02	7.910040e+01	4.232792e+01	5.420619e+01
318	9.114359e+00	2.638256e+03	4.154588e+02	2.535274e+02	7.884784e+01	4.260271e+01	5.180438e+01
319	9.143021e+00	2.645141e+03	4.152447e+02	2.553015e+02	7.905161e+01	4.260379e+01	4.947690e+01
320	9.171682e+00	2.640838e+03	4.152171e+02	2.570344e+02	7.888641e+01	4.262356e+01	4.697877e+01
321	9.200344e+00	2.653981e+03	4.153707e+02	2.588413e+02	7.934011e+01	4.259073e+01	4.434149e+01
322	9.229005e+00	2.665426e+03	4.153194e+02	2.607832e+02	7.959652e+01	4.263661e+01	4.212847e+01
323	9.257667e+00	2.657705e+03	4.158129e+02	2.625500e+02	7.927971e+01	4.268299e+01	3.916970e+01
324	9.286328e+00	2.663528e+03	4.162260e+02	2.642213e+02	7.940002e+01	4.271170e+01	3.687785e+01
325	9.314990e+00	2.650320e+03	4.164403e+02	2.661561e+02	7.923841e+01	4.258657e+01	3.477515e+01
326	9.343651e+00	2.659037e+03	4.168557e+02	2.679203e+02	7.906215e+01	4.282189e+01	3.241547e+01
327	9.372313e+00	2.653427e+03	4.173873e+02	2.696933e+02	7.881799e+01	4.286392e+01	2.927669e+01
328	9.400974e+00	2.655180e+03	4.178931e+02	2.713765e+02	7.883424e+01	4.288339e+01	2.717189e+01
329	9.429636e+00	2.668444e+03	4.184382e+02	2.731555e+02	7.928042e+01	4.285508e+01	2.494748e+01
330	9.458298e+00	2.657559e+03	4.190832e+02	2.746846e+02	7.883670e+01	4.292048e+01	2.280382e+01
331	9.486959e+00	2.649381e+03	4.196997e+02	2.764126e+02	7.862424e+01	4.290403e+01	1.949165e+01
332	9.515621e+00	2.650763e+03	4.205344e+02	2.779085e+02	7.855933e+01	4.296188e+01	1.735117e+01
333	9.544282e+00	2.650746e+03	4.213758e+02	2.797104e+02	7.834312e+01	4.308017e+01	1.467698e+01
334	9.572944e+00	2.642888e+03	4.224499e+02	2.809577e+02	7.857811e+01	4.282401e+01	1.217447e+01
335	9.601605e+00	2.646708e+03	4.233972e+02	2.826917e+02	7.858299e+01	4.288325e+01	9.636785e+00
336	9.630267e+00	2.648601e+03	4.246345e+02	2.838548e+02	7.863976e+01	4.288293e+01	6.989281e+00
337	9.658928e+00	2.631985e+03	4.257588e+02	2.853054e+02	7.832849e+01	4.278325e+01	4.171230e+00
338	9.687590e+00	2.631432e+03	4.269632e+02	2.863358e+02	7.878026e+01	4.252897e+01	2.333933e+00
339	9.716251e+00	2.624465e+03	4.283126e+02	2.878035e+02	7.818481e+01	4.273942e+01	1.792898e+02
340	9.744913e+00	2.618030e+03	4.295827e+02	2.889029e+02	7.813997e+01	4.265908e+01	1.765282e+02
341	9.773574e+00	2.635806e+03	4.310132e+02	2.901004e+02	7.889697e+01	4.253665e+01	1.735240e+02
342	9.802236e+00	2.643741e+03	4.326870e+02	2.913094e+02	7.874152e+01	4.274892e+01	1.709019e+02
343	9.830897e+00	2.619291e+03	4.340589e+02	2.920746e+02	7.830560e+01	4.258936e+01	1.684045e+02
344	9.859559e+00	2.621423e+03	4.355574e+02	2.929781e+02	7.864362e+01	4.244081e+01	1.659964e+02
345	9.888220e+00	2.616158e+03	4.370285e+02	2.938004e+02	7.850260e+01	4.243166e+01	1.630876e+02
346	9.916882e+00	2.621077e+03	4.386588e+02	2.945446e+02	7.855479e+01	4.248321e+01	1.608333e+02
347	9.945543e+00	2.607489e+03	4.401724e+02	2.953662e+02	7.836205e+01	4.236691e+01	1.585436e+02
348	9.974205e+00	2.631861e+03	4.418504e+02	2.959216e+02	7.909862e+01	4.236471e+01	1.553640e+02
349	1.000287e+01	2.611748e+03	4.434180e+02	2.964899e+02	7.866520e+01	4.227258e+01	1.529713e+02
350	1.003153e+01	2.635636e+03	4.452041e+02	2.969274e+02	7.890107e+01	4.253168e+01	1.505991e+02
351	1.006019e+01	2.627730e+03	4.468464e+02	2.973965e+02	7.861222e+01	4.255992e+01	1.479206e+02
352	1.008885e+01	2.611365e+03	4.484370e+02	2.977637e+02	7.833231e+01	4.244601e+01	1.454295e+02
353	1.011751e+01	2.629614e+03	4.502432e+02	2.979746e+02	7.849354e+01	4.265483e+01	1.429238e+02
354	1.014617e+01	2.630499e+03	4.520138e+02	2.981243e+02	7.843363e+01	4.270177e+01	1.396186e+02
355	1.017484e+01	2.614639e+03	4.537586e+02	2.983410e+02	7.817573e+01	4.258434e+01	1.376656e+02
356	1.020350e+01	2.619405e+03	4.553986e+02	2.984158e+02	7.835158e+01	4.256621e+01	1.351209e+02
357	1.023216e+01	2.623538e+03	4.571950e+02	2.983427e+02	7.836616e+01	4.262545e+01	1.319181e+02
358	1.026082e+01	2.616102e+03	4.589611e+02	2.983614e+02	7.817370e+01	4.260927e+01	1.295770e+02
359	1.028948e+01	2.614240e+03	4.607091e+02	2.982528e+02	7.827829e+01	4.252205e+01	1.273923e+02
360	1.031814e+01	2.617771e+03	4.624574e+02	2.980157e+02	7.821359e+01	4.261470e+01	1.243110e+02
361	1.034680e+01	2.615796e+03	4.641548e+02	2.976236e+02	7.828999e+01	4.254100e+01	1.221465e+02
362	1.037547e+01	2.605612e+03	4.657701e+02	2.971386e+02	7.821112e+01	4.241811e+01	1.192727e+02
363	1.040413e+01	2.632655e+03	4.676198e+02	2.968174e+02	7.910914e+01	4.237185e+01	1.173781e+02
364	1.043279e+01	2.609536e+03	4.691891e+02	2.962543e+02	7.867378e+01	4.223217e+01	1.144443e+02
365	1.046145e+01	2.619964e+03	4.709158e+02	2.954875e+02	7.880752e+01	4.232898e+01	1.109303e+02
366	1.049011e+01	2.623372e+03	4.723692e+02	2.950282e+02	7.894553e+01	4.230994e+01	1.091207e+02
367	1.051877e+01	2.610288e+03	4.740573e+02	2.944290e+02	7.899490e+01	4.207261e+01	1.069400e+02
368	1.054743e+01	2.605287e+03	4.754710e+02	2.935529e+02	7.885902e+01	4.206435e+01	1.047141e+02
369	1.057610e+01	2.614408e+03	4.771353e+02	2.927285e+02	7.921461e+01	4.202214e+01	1.022090e+02
370	1.060476e+01	2.609442e+03	4.784670e+02	2.917634e+02	7.936002e+01	4.186547e+01	9.983440e+01
371	1.063342e+01	2.618130e+03	4.798754e+02	2.909051e+02	7.922672e+01	4.207553e+01	9.780807e+01
372	1.066208e+01	2.609441e+03	4.814468e+02	2.898158e+02	7.943853e+01	4.182409e+01	9.548334e+01
373	1.069074e+01	2.610023e+03	4.826909e+02	2.887947e+02	7.937890e+01	4.186483e+01	9.369394e+01
374	1.071940e+01	2.627313e+03	4.839413e+02	2.874557e+02	7.971316e+01	4.196545e+01	9.113952e+01
375	1.074807e+01	2.602352e+03	4.850452e+02	2.863579e+02	7.941068e+01	4.172509e+01	8.895651e+01
376	1.077673e+01	2.607247e+03	4.864485e+02	2.850221e+02	7.934824e+01	4.183646e+01	8.579617e+01
377	1.080539e+01	2.615681e+03	4.874968e+02	2.836432e+02	7.971873e+01	4.177674e+01	8.374613e+01
378	1.083405e+01	2.606041e+03	4.887305e+02	2.823488e+02	7.988738e+01	4.153490e+01	8.153081e+01
379	1.086271e+01	2.614990e+03	4.895900e+02	2.810888e+02	7.950721e+01	4.187681e+01	7.956493e+01
380	1.089137e+01	2.599856e+03	4.906310e+02	2.796257e+02	7.947402e+01	4.165184e+01	7.709994e+01
381	1.092003e+01	2.597421e+03	4.914086e+02	2.782244e+02	7.909165e+01	4.181401e+01	7.497994e+01
382	1.094870e+01	2.603721e+03	4.923186e+02	2.766606e+02	7.927110e+01	4.182055e+01	7.273438e+01
383	1.097736e+01	2.588569e+03	4.927983e+02	2.752548e+02	7.868539e+01	4.188666e+01	7.047903e+01
384	1.100602e+01	2.591348e+03	4.936347e+02	2.736076e+02	7.900274e+01	4.176320e+01	6.862743e+01
385	1.103468e+01	2.583430e+03	4.943987e+02	2.717801e+02	7.869959e+01	4.179596e+01	6.671158e+01
386	1.106334e+01	2.590423e+03	4.948293e+02	2.702552e+02	7.870153e+01	4.190807e+01	6.399229e+01
387	1.109200e+01	2.606823e+03	4.953230e+02	2.688016e+02	7.916151e+01	4.192834e+01	6.171593e+01
388	1.112066e+01	2.616824e+03	4.960234e+02	2.671065e+02	7.895058e+01	4.220163e+01	5.920409e+01
389	1.114933e+01	2.602890e+03	4.963640e+02	2.655620e+02	7.847692e+01	4.223028e+01	5.734087e+01
390	1.117799e+01	2.587703e+03	4.966542e+02	2.639877e+02	7.829172e+01	4.208319e+01	5.524567e+01
391	1.120665e+01	2.611975e+03	4.971773e+02	2.622899e+02	7.854689e+01	4.233993e+01	5.256372e+01
392	1.123531e+01	2.610215e+03	4.973529e+02	2.605014e+02	7.839806e+01	4.239173e+01	5.112945e+01
393	1.126397e+01	2.609305e+03	4.973914e+02	2.588968e+02	7.884830e+01	4.213497e+01	4.872414e+01
394	1.129263e+01	2.613663e+03	4.972262e+02	2.573217e+02	7.853360e+01	4.237446e+01	4.623540e+01
395	1.132130e+01	2.618214e+03	4.975592e+02	2.553659e+02	7.846764e+01	4.248394e+01	4.364643e+01
396	1.134996e+01	2.634679e+03	4.974243e+02	2.539776e+02	7.879610e+01	4.257289e+01	4.135339e+01
397	1.137862e+01	2.625487e+03	4.974705e+02	2.522501e+02	7.835910e+01	4.266095e+01	3.900543e+01
398	1.140728e+01	2.606736e+03	4.973349e+02	2.504775e+02	7.793909e+01	4.258453e+01	3.672815e+01
399	1.143594e+01	2.621821e+03	4.968343e+02	2.489147e+02	7.815087e+01	4.271489e+01	3.431822e+01
400	1.146460e+01	2.642984e+03	4.964088e+02	2.474873e+02	7.862463e+01	4.280023e+01	3.163645e+01
401	1.149326e+01	2.634563e+03	4.960890e+02	2.457244e+02	7.846287e+01	4.275181e+01	2.846347e+01
402	1.152193e+01	2.651435e+03	4.955255e+02	2.442279e+02	7.896780e+01	4.275048e+01	2.600654e+01
403	1.155059e+01	2.638152e+03	4.948889e+02	2.428352e+02	7.868875e+01	4.268717e+01	2.423223e+01
404	1.157925e+01	2.636967e+03	4.942128e+02	2.412278e+02	7.853079e+01	4.275381e+01	2.148996e+01
405	1.160791e+01	2.649508e+03	4.935967e+02	2.398842e+02	7.840926e+01	4.302373e+01	1.897414e+01
406	1.163657e+01	2.658433e+03	4.928655e+02	2.383586e+02	7.889413e+01	4.290335e+01	1.591461e+01
407	1.166523e+01	2.658881e+03	4.919630e+02	2.369757e+02	7.868793e+01	4.302302e+01	1.324400e+01
408	1.169390e+01	2.642849e+03	4.910320e+02	2.354012e+02	7.835603e+01	4.294474e+01	1.071742e+01
409	1.172256e+01	2.667562e+03	4.901099e+02	2.340054e+02	7.891470e+01	4.303946e+01	8.591937e+00
410	1.175122e+01	2.672707e+03	4.889355e+02	2.326997e+02	7.883065e+01	4.316843e+01	5.858554e+00
411	1.177988e+01	2.653994e+03	4.877726e+02	2.317238e+02	7.885663e+01	4.285208e+01	3.188285e+00
412	1.180854e+01	2.687765e+03	4.866133e+02	2.308388e+02	7.924954e+01	4.318219e+01	6.697574e-01
413	1.183720e+01	2.683339e+03	4.853455e+02	2.296216e+02	7.925255e+01	4.310945e+01	1.776543e+02
414	1.186586e+01	2.689638e+03	4.840186e+02	2.285536e+02	7.897272e+01	4.336375e+01	1.746755e+02
415	1.189453e+01	2.690151e+03	4.829067e+02	2.276702e+02	7.934756e+01	4.316714e+01	1.720348e+02
416	1.192319e+01	2.690169e+03	4.815385e+02	2.267771e+02	7.923923e+01	4.322644e+01	1.696555e+02
417	1.195185e+01	2.719572e+03	4.799299e+02	2.259255e+02	7.867509e+01	4.401223e+01	1.670551e+02
418	1.198051e+01	2.688954e+03	4.785222e+02	2.250484e+02	7.901561e+01	4.332919e+01	1.638046e+02
419	1.200917e+01	2.675307e+03	4.769645e+02	2.242890e+02	7.879327e+01	4.323093e+01	1.611452e+02
420	1.203783e+01	2.679718e+03	4.754446e+02	2.236879e+02	7.895504e+01	4.321350e+01	1.584640e+02
421	1.206649e+01	2.693011e+03	4.737479e+02	2.230010e+02	7.886108e+01	4.347959e+01	1.555136e+02
422	1.209516e+01	2.692262e+03	4.722298e+02	2.226477e+02	7.911420e+01	4.332844e+01	1.529268e+02
423	1.212382e+01	2.699923e+03	4.705681e+02	2.223236e+02	7.903844e+01	4.349339e+01	1.504102e+02
424	1.215248e+01	2.697018e+03	4.686038e+02	2.217812e+02	7.907230e+01	4.342797e+01	1.471289e+02
425	1.218114e+01	2.686598e+03	4.671311e+02	2.217831e+02	7.890222e+01	4.335344e+01	1.446394e+02
426	1.220980e+01	2.683335e+03	4.652318e+02	2.215644e+02	7.901129e+01	4.324101e+01	1.415284e+02
427	1.223846e+01	2.678974e+03	4.636096e+02	2.216986e+02	7.888799e+01	4.323820e+01	1.386812e+02
428	1.226713e+01	2.696235e+03	4.618651e+02	2.218201e+02	7.915215e+01	4.337157e+01	1.364734e+02
429	1.229579e+01	2.665459e+03	4.600578e+02	2.219609e+02	7.843966e+01	4.326597e+01	1.341845e+02
430	1.232445e+01	2.664713e+03	4.581888e+02	2.219455e+02	7.844485e+01	4.325100e+01	1.315116e+02
431	1.235311e+01	2.670876e+03	4.569515e+02	2.223308e+02	7.870191e+01	4.320943e+01	1.284469e+02
432	1.238177e+01	2.677570e+03	4.551905e+02	2.226162e+02	7.906616e+01	4.311816e+01	1.253649e+02
433	1.241043e+01	2.662749e+03	4.535352e+02	2.230924e+02	7.871473e+01	4.307095e+01	1.234535e+02
434	1.243909e+01	2.680471e+03	4.517272e+02	2.237190e+02	7.896506e+01	4.322015e+01	1.203461e+02
435	1.246776e+01	2.682527e+03	4.500421e+02	2.241631e+02	7.945859e+01	4.298464e+01	1.175010e+02
436	1.249642e+01	2.673454e+03	4.482426e+02	2.246887e+02	7.910575e+01	4.303034e+01	1.154103e+02
437	1.252508e+01	2.656110e+03	4.469217e+02	2.253841e+02	7.928684e+01	4.265354e+01	1.128463e+02
438	1.255374e+01	2.646015e+03	4.452471e+02	2.262014e+02	7.911589e+01	4.258324e+01	1.102930e+02
439	1.258240e+01	2.668189e+03	4.435285e+02	2.269042e+02	7.949575e+01	4.273491e+01	1.077269e+02
440	1.261106e+01	2.646436e+03	4.422879e+02	2.277940e+02	7.947574e+01	4.239717e+01	1.054820e+02
441	1.263972e+01	2.651340e+03	4.408633e+02	2.287342e+02	7.932349e+01	4.255726e+01	1.031951e+02
442	1.266839e+01	2.656812e+03	4.394248e+02	2.295915e+02	7.969376e+01	4.244696e+01	1.005645e+02
443	1.269705e+01	2.651809e+03	4.378813e+02	2.307580e+02	7.968117e+01	4.237373e+01	9.811801e+01
444	1.272571e+01	2.638550e+03	4.363261e+02	2.317481e+02	7.976048e+01	4.211995e+01	9.560204e+01
445	1.275437e+01	2.637914e+03	4.351093e+02	2.330120e+02	8.011376e+01	4.192409e+01	9.349574e+01
446	1.278303e+01	2.645214e+03	4.339079e+02	2.342827e+02	8.036279e+01	4.190983e+01	9.123965e+01
447	1.281169e+01	2.633001e+03	4.329170e+02	2.355601e+02	8.013814e+01	4.183328e+01	8.877778e+01
448	1.284036e+01	2.629123e+03	4.317175e+02	2.370238e+02	7.965231e+01	4.202644e+01	8.664403e+01
449	1.286902e+01	2.650587e+03	4.303527e+02	2.384054e+02	8.019360e+01	4.208356e+01	8.417602e+01
450	1.289768e+01	2.642665e+03	4.295307e+02	2.397356e+02	7.989406e+01	4.211509e+01	8.247964e+01
451	1.292634e+01	2.642552e+03	4.284112e+02	2.412523e+02	8.011215e+01	4.199865e+01	8.040762e+01
452	1.295500e+01	2.622551e+03	4.275791e+02	2.428380e+02	7.964314e+01	4.192622e+01	7.866473e+01
453	1.298366e+01	2.615715e+03	4.266763e+02	2.444171e+02	7.977457e+01	4.174804e+01	7.612193e+01
454	1.301232e+01	2.639534e+03	4.256821e+02	2.460422e+02	7.978391e+01	4.212326e+01	7.409909e+01
455	1.304099e+01	2.619633e+03	4.250785e+02	2.475421e+02	7.954726e+01	4.193004e+01	7.181068e+01
456	1.306965e+01	2.639416e+03	4.243044e+02	2.494023e+02	7.961802e+01	4.220915e+01	6.946973e+01
457	1.309831e+01	2.637819e+03	4.235542e+02	2.510423e+02	7.976497e+01	4.210589e+01	6.718420e+01
458	1.312697e+01	2.627593e+03	4.230868e+02	2.526166e+02	7.950115e+01	4.208184e+01	6.557427e+01
459	1.315563e+01	2.640439e+03	4.226120e+02	2.543275e+02	7.963323e+01	4.221744e+01	6.258389e+01
460	1.318429e+01	2.646296e+03	4.221301e+02	2.561873e+02	7.925025e+01	4.251556e+01	6.059618e+01
461	1.321296e+01	2.642289e+03	4.217085e+02	2.580128e+02	7.947102e+01	4.233325e+01	5.836741e+01
462	1.324162e+01	2.624130e+03	4.214793e+02	2.596750e+02	7.906673e+01	4.225730e+01	5.588245e+01
463	1.327028e+01	2.650233e+03	4.211047e+02	2.615944e+02	7.942096e+01	4.248729e+01	5.307195e+01
464	1.329894e+01	2.630937e+03	4.209677e+02	2.634841e+02	7.907856e+01	4.236057e+01	5.091273e+01
465	1.332760e+01	2.644560e+03	4.209348e+02	2.651992e+02	7.940079e+01	4.240711e+01	4.866567e+01
466	1.335626e+01	2.653805e+03	4.208704e+02	2.669965e+02	7.905260e+01	4.274280e+01	4.590260e+01
467	1.338492e+01	2.631018e+03	4.209311e+02	2.688615e+02	7.870260e+01	4.256424e+01	4.375105e+01
468	1.341359e+01	2.659193e+03	4.209992e+02	2.706108e+02	7.919084e+01	4.275482e+01	4.154597e+01
469	1.344225e+01	2.658598e+03	4.212619e+02	2.723816e+02	7.911880e+01	4.278417e+01	3.905186e+01
470	1.347091e+01	2.650567e+03	4.214688e+02	2.742220e+02	7.869394e+01	4.288521e+01	3.660566e+01
471	1.349957e+01	2.636676e+03	4.218788e+02	2.759524e+02	7.871010e+01	4.265171e+01	3.442471e+01
472	1.352823e+01	2.658932e+03	4.222468e+02	2.776595e+02	7.915656e+01	4.276914e+01	3.164833e+01
473	1.355689e+01	2.648641e+03	4.225038e+02	2.796019e+02	7.893243e+01	4.272458e+01	2.951648e+01
474	1.358555e+01	2.649874e+03	4.232015e+02	2.812887e+02	7.877682e+01	4.282889e+01	2.722346e+01
475	1.361422e+01	2.646437e+03	4.237896e+02	2.831935e+02	7.844650e+01	4.295345e+01	2.428644e+01
476	1.364288e+01	2.630615e+03	4.244922e+02	2.848574e+02	7.862350e+01	4.260053e+01	2.168929e+01
477	1.367154e+01	2.642784e+03	4.252454e+02	2.865078e+02	7.878445e+01	4.271016e+01	1.895598e+01
478	1.370020e+01	2.644868e+03	4.262960e+02	2.879274e+02	7.835726e+01	4.297688e+01	1.659656e+01
479	1.372886e+01	2.630236e+03	4.272445e+02	2.894099e+02	7.821163e+01	4.281870e+01	1.367496e+01
480	1.375752e+01	2.632057e+03	4.281176e+02	2.911537e+02	7.849519e+01	4.269356e+01	1.145507e+01
481	1.378619e+01	2.642352e+03	4.292361e+02	2.923116e+02	7.848137e+01	4.286810e+01	9.059758e+00
482	1.381485e+01	2.633977e+03	4.302411e+02	2.937840e+02	7.842474e+01	4.276308e+01	6.013515e+00
483	1.384351e+01	2.616121e+03	4.313395e+02	2.949907e+02	7.816066e+01	4.261670e+01	3.449137e+00
484	1.387217e+01	2.615525e+03	4.325843e+02	2.964524e+02	7.849442e+01	4.242582e+01	6.743564e-01
485	1.390083e+01	2.625094e+03	4.337820e+02	2.976314e+02	7.885413e+01	4.238679e+01	1.779740e+02
486	1.392949e+01	2.641744e+03	4.351142e+02	2.989539e+02	7.867744e+01	4.275143e+01	1.752686e+02
487	1.395815e+01	2.633115e+03	4.364702e+02	2.997554e+02	7.856902e+01	4.267059e+01	1.724883e+02
488	1.398682e+01	2.632880e+03	4.379430e+02	3.011029e+02	7.864063e+01	4.262792e+01	1.696458e+02
489	1.401548e+01	2.627525e+03	4.396099e+02	3.019000e+02	7.848453e+01	4.262584e+01	1.664059e+02
490	1.404414e+01	2.616774e+03	4.409482e+02	3.025259e+02	7.814503e+01	4.263586e+01	1.639602e+02
491	1.407280e+01	2.609572e+03	4.426854e+02	3.035822e+02	7.833022e+01	4.241799e+01	1.610555e+02
492	1.410146e+01	2.604393e+03	4.442996e+02	3.041494e+02	7.822083e+01	4.239300e+01	1.583204e+02
493	1.413012e+01	2.631001e+03	4.461691e+02	3.048222e+02	7.854842e+01	4.264751e+01	1.553498e+02
494	1.415878e+01	2.621895e+03	4.474760e+02	3.051574e+02	7.868872e+01	4.242413e+01	1.524452e+02
495	1.418745e+01	2.613491e+03	4.491743e+02	3.056318e+02	7.851257e+01	4.238303e+01	1.495679e+02
496	1.421611e+01	2.618303e+03	4.509550e+02	3.061799e+02	7.849326e+01	4.247151e+01	1.471439e+02
497	1.424477e+01	2.632684e+03	4.527577e+02	3.063867e+02	7.854713e+01	4.267548e+01	1.439727e+02
498	1.427343e+01	2.630665e+03	4.544283e+02	3.066566e+02	7.885136e+01	4.247824e+01	1.412361e+02
499	1.430209e+01	2.627132e+03	4.562506e+02	3.067538e+02	7.834578e+01	4.269495e+01	1.384347e+02
500	1.433075e+01	2.635486e+03	4.579109e+02	3.070076e+02	7.872882e+01	4.262231e+01	1.358785e+02
501	1.435942e+01	2.630097e+03	4.597189e+02	3.071235e+02	7.818880e+01	4.282893e+01	1.336279e+02
502	1.438808e+01	2.628058e+03	4.613557e+02	3.069840e+02	7.869488e+01	4.252053e+01	1.305274e+02
503	1.441674e+01	2.618112e+03	4.632086e+02	3.069231e+02	7.817726e+01	4.264007e+01	1.273930e+02
504	1.444540e+01	2.612550e+03	4.649496e+02	3.066891e+02	7.823514e+01	4.251801e+01	1.246394e+02
505	1.447406e+01	2.615952e+03	4.665329e+02	3.061284e+02	7.843491e+01	4.246494e+01	1.217281e+02
506	1.450272e+01	2.601832e+03	4.681290e+02	3.058500e+02	7.846673e+01	4.221860e+01	1.188266e+02
507	1.453138e+01	2.615820e+03	4.697821e+02	3.053968e+02	7.879125e+01	4.227075e+01	1.161879e+02
508	1.456005e+01	2.630383e+03	4.715287e+02	3.047857e+02	7.920267e+01	4.228528e+01	1.135537e+02
509	1.458871e+01	2.609761e+03	4.732059e+02	3.040643e+02	7.891286e+01	4.210786e+01	1.105698e+02
510	1.461737e+01	2.612261e+03	4.748907e+02	3.033808e+02	7.916298e+01	4.201501e+01	1.082757e+02
511	1.464603e+01	2.605057e+03	4.764139e+02	3.028147e+02	7.922169e+01	4.186810e+01	1.055830e+02
512	1.467469e+01	2.603779e+03	4.778443e+02	3.020668e+02	7.932147e+01	4.179492e+01	1.025069e+02
513	1.470335e+01	2.605237e+03	4.792572e+02	3.010607e+02	7.914727e+01	4.191036e+01	1.003727e+02
514	1.473201e+01	2.605139e+03	4.808241e+02	3.002019e+02	7.932462e+01	4.181510e+01	9.780703e+01
515	1.476068e+01	2.618215e+03	4.824335e+02	2.990475e+02	7.980424e+01	4.177239e+01	9.560049e+01
516	1.478934e+01	2.599952e+03	4.836635e+02	2.980678e+02	7.943683e+01	4.167289e+01	9.312607e+01
517	1.481800e+01	2.613106e+03	4.850780e+02	2.970052e+02	7.969615e+01	4.174743e+01	9.058009e+01
518	1.484666e+01	2.608731e+03	4.861443e+02	2.957274e+02	7.957452e+01	4.174125e+01	8.865013e+01
519	1.487532e+01	2.618963e+03	4.873761e+02	2.945000e+02	7.951115e+01	4.193836e+01	8.669658e+01
520	1.490398e+01	2.601208e+03	4.883736e+02	2.932589e+02	7.924950e+01	4.179157e+01	8.411057e+01
521	1.493265e+01	2.615056e+03	4.896191e+02	2.917013e+02	7.953857e+01	4.186136e+01	8.175217e+01
522	1.496131e+01	2.608183e+03	4.905941e+02	2.903661e+02	7.938442e+01	4.183241e+01	7.910939e+01
523	1.498997e+01	2.614329e+03	4.916944e+02	2.889736e+02	7.962685e+01	4.180333e+01	7.693103e+01
524	1.501863e+01	2.620810e+03	4.925988e+02	2.877045e+02	7.953880e+01	4.195335e+01	7.470834e+01
525	1.504729e+01	2.605835e+03	4.933950e+02	2.862763e+02	7.952234e+01	4.172227e+01	7.245415e+01
526	1.507595e+01	2.611099e+03	4.939785e+02	2.848289e+02	7.926309e+01	4.194329e+01	7.028111e+01
527	1.510461e+01	2.611309e+03	4.947097e+02	2.831857e+02	7.916314e+01	4.199962e+01	6.826838e+01
528	1.513328e+01	2.610769e+03	4.955523e+02	2.814679e+02	7.922906e+01	4.195600e+01	6.602143e+01
529	1.516194e+01	2.604375e+03	4.960573e+02	2.799291e+02	7.900334e+01	4.197283e+01	6.397358e+01
530	1.519060e+01	2.574513e+03	4.964899e+02	2.783022e+02	7.823067e+01	4.190137e+01	6.215457e+01
531	1.521926e+01	2.600362e+03	4.969989e+02	2.766693e+02	7.879495e+01	4.201898e+01	5.962515e+01
532	1.524792e+01	2.597706e+03	4.976156e+02	2.749213e+02	7.892039e+01	4.190935e+01	5.778793e+01
533	1.527658e+01	2.603877e+03	4.980417e+02	2.732461e+02	7.833010e+01	4.232549e+01	5.520989e+01
534	1.530525e+01	2.600092e+03	4.982449e+02	2.714087e+02	7.865620e+01	4.208875e+01	5.295349e+01
535	1.533391e+01	2.592325e+03	4.986481e+02	2.695495e+02	7.835771e+01	4.212286e+01	5.089459e+01
536	1.536257e+01	2.621601e+03	4.985180e+02	2.683554e+02	7.875060e+01	4.238604e+01	4.781089e+01
537	1.539123e+01	2.617716e+03	4.985908e+02	2.666832e+02	7.879549e+01	4.229912e+01	4.531252e+01
538	1.541989e+01	2.634487e+03	4.986574e+02	2.651463e+02	7.897781e+01	4.247184e+01	4.343796e+01
539	1.544855e+01	2.615824e+03	4.988115e+02	2.634885e+02	7.824753e+01	4.256455e+01	4.103901e+01
540	1.547721e+01	2.629703e+03	4.986738e+02	2.618391e+02	7.882127e+01	4.247891e+01	3.831285e+01
541	1.550588e+01	2.632523e+03	4.983805e+02	2.603293e+02	7.874485e+01	4.256574e+01	3.562127e+01
542	1.553454e+01	2.632672e+03	4.979426e+02	2.587702e+02	7.874042e+01	4.257054e+01	3.342820e+01
543	1.556320e+01	2.621474e+03	4.976523e+02	2.571099e+02	7.814149e+01	4.271436e+01	3.131117e+01
544	1.559186e+01	2.650017e+03	4.969673e+02	2.554158e+02	7.876098e+01	4.283983e+01	2.754577e+01
545	1.562052e+01	2.646862e+03	4.965018e+02	2.537559e+02	7.872969e+01	4.280582e+01	2.537576e+01
546	1.564918e+01	2.647691e+03	4.960999e+02	2.519262e+02	7.886768e+01	4.274432e+01	2.237806e+01
547	1.567784e+01	2.649717e+03	4.951339e+02	2.506343e+02	7.853552e+01	4.295794e+01	1.973153e+01
548	1.570651e+01	2.658797e+03	4.943061e+02	2.493051e+02	7.899671e+01	4.285350e+01	1.720094e+01
549	1.573517e+01	2.678150e+03	4.933746e+02	2.479621e+02	7.911216e+01	4.310243e+01	1.481758e+01
550	1.576383e+01	2.662288e+03	4.926262e+02	2.463010e+02	7.865129e+01	4.309822e+01	1.198415e+01
551	1.579249e+01	2.658890e+03	4.917671e+02	2.450560e+02	7.877384e+01	4.297625e+01	9.370968e+00
552	1.582115e+01	2.659675e+03	4.906335e+02	2.437534e+02	7.845760e+01	4.316220e+01	6.716376e+00
553	1.584981e+01	2.688985e+03	4.895981e+02	2.423966e+02	7.923151e+01	4.321163e+01	3.820211e+00
554	1.587848e+01	2.680755e+03	4.884455e+02	2.412550e+02	7.892178e+01	4.324843e+01	1.167608e+00
555	1.590714e+01	2.675724e+03	4.872383e+02	2.400504e+02	7.903895e+01	4.310328e+01	1.787019e+02
556	1.593580e+01	2.676905e+03	4.858930e+02	2.388824e+02	7.862395e+01	4.334991e+01	1.760182e+02
557	1.596446e+01	2.675856e+03	4.847054e+02	2.378566e+02	7.895541e+01	4.315101e+01	1.733658e+02
558	1.599312e+01	2.681319e+03	4.833492e+02	2.368086e+02	7.894847e+01	4.324290e+01	1.705454e+02
559	1.602178e+01	2.686038e+03	4.820662e+02	2.360222e+02	7.911906e+01	4.322561e+01	1.674592e+02
560	1.605044e+01	2.679777e+03	4.804743e+02	2.352234e+02	7.885236e+01	4.327071e+01	1.642309e+02
561	1.607911e+01	2.685871e+03	4.790219e+02	2.346014e+02	7.917017e+01	4.319502e+01	1.616724e+02
562	1.610777e+01	2.691324e+03	4.774149e+02	2.338351e+02	7.889355e+01	4.343447e+01	1.591638e+02
563	1.613643e+01	2.699091e+03	4.759187e+02	2.333265e+02	7.921117e+01	4.338516e+01	1.567539e+02
564	1.616509e+01	2.696212e+03	4.743355e+02	2.327294e+02	7.938091e+01	4.324622e+01	1.540616e+02
565	1.619375e+01	2.685293e+03	4.725951e+02	2.320565e+02	7.908949e+01	4.322979e+01	1.514535e+02
566	1.622241e+01	2.681853e+03	4.711767e+02	2.318977e+02	7.918535e+01	4.312214e+01	1.488769e+02
567	1.625107e+01	2.677055e+03	4.694399e+02	2.315441e+02	7.890948e+01	4.319547e+01	1.457794e+02
568	1.627974e+01	2.685983e+03	4.676788e+02	2.314132e+02	7.922332e+01	4.316785e+01	1.432409e+02
569	1.630840e+01	2.680848e+03	4.660690e+02	2.313111e+02	7.894225e+01	4.323872e+01	1.403424e+02
570	1.633706e+01	2.689205e+03	4.644761e+02	2.312451e+02	7.896471e+01	4.336117e+01	1.372903e+02
571	1.636572e+01	2.685656e+03	4.629459e+02	2.315718e+02	7.882684e+01	4.337969e+01	1.347257e+02
572	1.639438e+01	2.666646e+03	4.612032e+02	2.317050e+02	7.901968e+01	4.296752e+01	1.321336e+02
573	1.642304e+01	2.664371e+03	4.595516e+02	2.318643e+02	7.861266e+01	4.315314e+01	1.294479e+02
574	1.645171e+01	2.658584e+03	4.575883e+02	2.321222e+02	7.871015e+01	4.300607e+01	1.272606e+02
575	1.648037e+01	2.655522e+03	4.558364e+02	2.323968e+02	7.867112e+01	4.297786e+01	1.244772e+02
576	1.650903e+01	2.646535e+03	4.543626e+02	2.329290e+02	7.885516e+01	4.273243e+01	1.224688e+02
577	1.653769e+01	2.658351e+03	4.526236e+02	2.333466e+02	7.900465e+01	4.284201e+01	1.194286e+02
578	1.656635e+01	2.675675e+03	4.510163e+02	2.339172e+02	7.930055e+01	4.296030e+01	1.170236e+02
579	1.659501e+01	2.665377e+03	4.495178e+02	2.345703e+02	7.932230e+01	4.278322e+01	1.142058e+02
580	1.662367e+01	2.658903e+03	4.479103e+02	2.351862e+02	7.953275e+01	4.256637e+01	1.122396e+02
581	1.665234e+01	2.653030e+03	4.462330e+02	2.359063e+02	7.961179e+01	4.243018e+01	1.094319e+02
582	1.668100e+01	2.669598e+03	4.446489e+02	2.367120e+02	7.961534e+01	4.269324e+01	1.067408e+02
583	1.670966e+01	2.647826e+03	4.431292e+02	2.376509e+02	7.946486e+01	4.242525e+01	1.042245e+02
584	1.673832e+01	2.638865e+03	4.418872e+02	2.387595e+02	7.974324e+01	4.213406e+01	1.015029e+02
585	1.676698e+01	2.639842e+03	4.403359e+02	2.397509e+02	7.958346e+01	4.223430e+01	9.921673e+01
586	1.679564e+01	2.648494e+03	4.390203e+02	2.408346e+02	7.987539e+01	4.221785e+01	9.704768e+01
587	1.682430e+01	2.635157e+03	4.375733e+02	2.419425e+02	7.976852e+01	4.206153e+01	9.413894e+01
588	1.685297e+01	2.632080e+03	4.362690e+02	2.431492e+02	7.989374e+01	4.194657e+01	9.208934e+01
589	1.688163e+01	2.635659e+03	4.350466e+02	2.446711e+02	8.004709e+01	4.192314e+01	8.914891e+01
590	1.691029e+01	2.639397e+03	4.339507e+02	2.460509e+02	8.009009e+01	4.196005e+01	8.679065e+01
591	1.693895e+01	2.648090e+03	4.330351e+02	2.473689e+02	8.000233e+01	4.214444e+01	8.457149e+01
592	1.696761e+01	2.641982e+03	4.319471e+02	2.489473e+02	8.033137e+01	4.187499e+01	8.171442e+01
593	1.699627e+01	2.625661e+03	4.310591e+02	2.503703e+02	8.006306e+01	4.175579e+01	7.981743e+01
594	1.702494e+01	2.635577e+03	4.300536e+02	2.520342e+02	7.968073e+01	4.211458e+01	7.756087e+01
595	1.705360e+01	2.613125e+03	4.292292e+02	2.534220e+02	7.957077e+01	4.181352e+01	7.561935e+01
596	1.708226e+01	2.631893e+03	4.282928e+02	2.550335e+02	7.990399e+01	4.193821e+01	7.327126e+01
597	1.711092e+01	2.626184e+03	4.275859e+02	2.565794e+02	7.958511e+01	4.201491e+01	7.127191e+01
598	1.713958e+01	2.642153e+03	4.269396e+02	2.583059e+02	7.979411e+01	4.215968e+01	6.881979e+01
599	1.716824e+01	2.612539e+03	4.263230e+02	2.598593e+02	7.940954e+01	4.188902e+01	6.651879e+01
600	1.719690e+01	2.620646e+03	4.258196e+02	2.614819e+02	7.948074e+01	4.198138e+01	6.441715e+01
601	1.722557e+01	2.634929e+03	4.252859e+02	2.633277e+02	7.943802e+01	4.223288e+01	6.230458e+01
602	1.725423e+01	2.626298e+03	4.248661e+02	2.650798e+02	7.941554e+01	4.210645e+01	5.994803e+01
603	1.728289e+01	2.627607e+03	4.244704e+02	2.668596e+02	7.917506e+01	4.225539e+01	5.751841e+01
604	1.731155e+01	2.619768e+03	4.241285e+02	2.687178e+02	7.885866e+01	4.229836e+01	5.481070e+01
605	1.734021e+01	2.633646e+03	4.238288e+02	2.703317e+02	7.936413e+01	4.225161e+01	5.286391e+01
606	1.736887e+01	2.633948e+03	4.236682e+02	2.720468e+02	7.936021e+01	4.225854e+01	5.081538e+01
607	1.739754e+01	2.639917e+03	4.234121e+02	2.739533e+02	7.952087e+01	4.226874e+01	4.850614e+01
608	1.742620e+01	2.639443e+03	4.235066e+02	2.757132e+02	7.892794e+01	4.257862e+01	4.541972e+01
609	1.745486e+01	2.649492e+03	4.234013e+02	2.777982e+02	7.925139e+01	4.256629e+01	4.333155e+01
610	1.748352e+01	2.654222e+03	4.236266e+02	2.796298e+02	7.916676e+01	4.268787e+01	4.027226e+01
611	1.751218e+01	2.630013e+03	4.239277e+02	2.813994e+02	7.861972e+01	4.259283e+01	3.759237e+01
612	1.754084e+01	2.641302e+03	4.243678e+02	2.827836e+02	7.886180e+01	4.264435e+01	3.575829e+01
613	1.756950e+01	2.633043e+03	4.246536e+02	2.847962e+02	7.866923e+01	4.261507e+01	3.280606e+01
614	1.759817e+01	2.627501e+03	4.250702e+02	2.865750e+02	7.841573e+01	4.266284e+01	3.033167e+01
615	1.762683e+01	2.630164e+03	4.256519e+02	2.883628e+02	7.856133e+01	4.262694e+01	2.717327e+01
616	1.765549e+01	2.651958e+03	4.263298e+02	2.901399e+02	7.895519e+01	4.276574e+01	2.497606e+01
617	1.768415e+01	2.654081e+03	4.269445e+02	2.918354e+02	7.885107e+01	4.285651e+01	2.242472e+01
618	1.771281e+01	2.629254e+03	4.277910e+02	2.934417e+02	7.889754e+01	4.243061e+01	1.986290e+01
619	1.774147e+01	2.639522e+03	4.286143e+02	2.950396e+02	7.848496e+01	4.282022e+01	1.742086e+01
620	1.777013e+01	2.630257e+03	4.294660e+02	2.966370e+02	7.834675e+01	4.274520e+01	1.515586e+01
621	1.779880e+01	2.615137e+03	4.301624e+02	2.981958e+02	7.807285e+01	4.264857e+01	1.252068e+01
622	1.782746e+01	2.620826e+03	4.313223e+02	2.996060e+02	7.824413e+01	4.264779e+01	9.847002e+00
623	1.785612e+01	2.627170e+03	4.325524e+02	3.009925e+02	7.871429e+01	4.249567e+01	7.412837e+00
624	1.788478e+01	2.632079e+03	4.335764e+02	3.025079e+02	7.883484e+01	4.250997e+01	4.326004e+00
625	1.791344e+01	2.627636e+03	4.345759e+02	3.037667e+02	7.851624e+01	4.261042e+01	1.953911e+00
626	1.794210e+01	2.643997e+03	4.357696e+02	3.051297e+02	7.800159e+01	4.315863e+01	1.791418e+02
627	1.797077e+01	2.627903e+03	4.372504e+02	3.062804e+02	7.846097e+01	4.264477e+01	1.767204e+02
628	1.799943e+01	2.615221e+03	4.383533e+02	3.073160e+02	7.800309e+01	4.268809e+01	1.743062e+02
629	1.802809e+01	2.621650e+03	4.397697e+02	3.085223e+02	7.825541e+01	4.265505e+01	1.717537e+02
630	1.805675e+01	2.641247e+03	4.412688e+02	3.096161e+02	7.866461e+01	4.275035e+01	1.686848e+02
631	1.808541e+01	2.642635e+03	4.426607e+02	3.107137e+02	7.850226e+01	4.286129e+01	1.658082e+02
632	1.811407e+01	2.638735e+03	4.441795e+02	3.114435e+02	7.891741e+01	4.257288e+01	1.634940e+02
633	1.814273e+01	2.643009e+03	4.457789e+02	3.121885e+02	7.907775e+01	4.255537e+01	1.608979e+02
634	1.817140e+01	2.629653e+03	4.473835e+02	3.128007e+02	7.863818e+01	4.257700e+01	1.575680e+02
635	1.820006e+01	2.617163e+03	4.491004e+02	3.134615e+02	7.807528e+01	4.268029e+01	1.548827e+02
636	1.822872e+01	2.654688e+03	4.506408e+02	3.137171e+02	7.878502e+01	4.290224e+01	1.515302e+02
637	1.825738e+01	2.628870e+03	4.523049e+02	3.142434e+02	7.850907e+01	4.263432e+01	1.487989e+02
638	1.828604e+01	2.613893e+03	4.539257e+02	3.145467e+02	7.825868e+01	4.252707e+01	1.458213e+02
639	1.831470e+01	2.633824e+03	4.557648e+02	3.148488e+02	7.857365e+01	4.267957e+01	1.436281e+02
640	1.834336e+01	2.617012e+03	4.575208e+02	3.150850e+02	7.847831e+01	4.245864e+01	1.403354e+02
641	1.837203e+01	2.617024e+03	4.589531e+02	3.152946e+02	7.829909e+01	4.255603e+01	1.373513e+02
642	1.840069e+01	2.617149e+03	4.605418e+02	3.154488e+02	7.838728e+01	4.251018e+01	1.355027e+02
643	1.842935e+01	2.620213e+03	4.623173e+02	3.156473e+02	7.858469e+01	4.245304e+01	1.323767e+02
644	1.845801e+01	2.613914e+03	4.640443e+02	3.156809e+02	7.845088e+01	4.242321e+01	1.304272e+02
645	1.848667e+01	2.623114e+03	4.657738e+02	3.153488e+02	7.871379e+01	4.243034e+01	1.273763e+02
646	1.851533e+01	2.616031e+03	4.676753e+02	3.153851e+02	7.858378e+01	4.238578e+01	1.244490e+02
647	1.854400e+01	2.618136e+03	4.692577e+02	3.148226e+02	7.834509e+01	4.254911e+01	1.221721e+02
648	1.857266e+01	2.624772e+03	4.708655e+02	3.144940e+02	7.901453e+01	4.229555e+01	1.198437e+02
649	1.860132e+01	2.631358e+03	4.725149e+02	3.141776e+02	7.896857e+01	4.242636e+01	1.176680e+02
650	1.862998e+01	2.623394e+03	4.742291e+02	3.137194e+02	7.918356e+01	4.218312e+01	1.143624e+02
651	1.865864e+01	2.615846e+03	4.759249e+02	3.130951e+02	7.934946e+01	4.197380e+01	1.121747e+02
652	1.868730e+01	2.625462e+03	4.774621e+02	3.123912e+02	7.926035e+01	4.217547e+01	1.095959e+02
653	1.871596e+01	2.616645e+03	4.791096e+02	3.116996e+02	7.943356e+01	4.194217e+01	1.071889e+02
654	1.874463e+01	2.632005e+03	4.805023e+02	3.108312e+02	7.985303e+01	4.196676e+01	1.041301e+02
655	1.877329e+01	2.618629e+03	4.820572e+02	3.099164e+02	7.936404e+01	4.201074e+01	1.021234e+02
656	1.880195e+01	2.620828e+03	4.835966e+02	3.091372e+02	7.934680e+01	4.205515e+01	9.901765e+01
657	1.883061e+01	2.621808e+03	4.849387e+02	3.080545e+02	7.963816e+01	4.191696e+01	9.683942e+01
658	1.885927e+01	2.614281e+03	4.863100e+02	3.071619e+02	7.973261e+01	4.174710e+01	9.473064e+01
659	1.888793e+01	2.605433e+03	4.874532e+02	3.061358e+02	7.955890e+01	4.169666e+01	9.257319e+01
660	1.891660e+01	2.616343e+03	4.888683e+02	3.050138e+02	8.017375e+01	4.155016e+01	9.036391e+01
661	1.894526e+01	2.616812e+03	4.899678e+02	3.037758e+02	7.987253e+01	4.171432e+01	8.761593e+01
662	1.897392e+01	2.616563e+03	4.909542e+02	3.026261e+02	7.989587e+01	4.169817e+01	8.544480e+01
663	1.900258e+01	2.610563e+03	4.920679e+02	3.013210e+02	7.967637e+01	4.171717e+01	8.321643e+01
664	1.903124e+01	2.602726e+03	4.930289e+02	3.001147e+02	7.969249e+01	4.158352e+01	8.123607e+01
665	1.905990e+01	2.621742e+03	4.942792e+02	2.986132e+02	8.005711e+01	4.169656e+01	7.887605e+01
666	1.908856e+01	2.621539e+03	4.949362e+02	2.971905e+02	7.989931e+01	4.177567e+01	7.636996e+01
667	1.911723e+01	2.622934e+03	4.955718e+02	2.958250e+02	7.974466e+01	4.187895e+01	7.325253e+01
668	1.914589e+01	2.589979e+03	4.963994e+02	2.942608e+02	7.911285e+01	4.168304e+01	7.121637e+01
669	1.917455e+01	2.614612e+03	4.973218e+02	2.926579e+02	7.926283e+01	4.199985e+01	6.842976e+01
670	1.920321e+01	2.612549e+03	4.979305e+02	2.912190e+02	7.920150e+01	4.199921e+01	6.624043e+01
671	1.923187e+01	2.605263e+03	4.985107e+02	2.896466e+02	7.869242e+01	4.215302e+01	6.388872e+01
672	1.926053e+01	2.606916e+03	4.991329e+02	2.880645e+02	7.875616e+01	4.214563e+01	6.206765e+01
673	1.928919e+01	2.618925e+03	4.997312e+02	2.863104e+02	7.883248e+01	4.229879e+01	5.968664e+01
674	1.931786e+01	2.609704e+03	5.001902e+02	2.847196e+02	7.875351e+01	4.219212e+01	5.756105e+01
675	1.934652e+01	2.614339e+03	5.005464e+02	2.830387e+02	7.850548e+01	4.240060e+01	5.536565e+01
676	1.937518e+01	2.616649e+03	5.008700e+02	2.813995e+02	7.889954e+01	4.222611e+01	5.250825e+01
677	1.940384e+01	2.616874e+03	5.009775e+02	2.797656e+02	7.845213e+01	4.247058e+01	5.014906e+01
678	1.943250e+01	2.645165e+03	5.010281e+02	2.779182e+02	7.925890e+01	4.249276e+01	4.659801e+01
679	1.946116e+01	2.624815e+03	5.009692e+02	2.762560e+02	7.862820e+01	4.250406e+01	4.369185e+01
680	1.948983e+01	2.633318e+03	5.007587e+02	2.746444e+02	7.839783e+01	4.276706e+01	4.105246e+01
681	1.951849e+01	2.630559e+03	5.007041e+02	2.728552e+02	7.871758e+01	4.254872e+01	3.832815e+01
682	1.954715e+01	2.644065e+03	5.003670e+02	2.712877e+02	7.883347e+01	4.270430e+01	3.529395e+01
683	1.957581e+01	2.639886e+03	4.998784e+02	2.697323e+02	7.861983e+01	4.275266e+01	3.268301e+01
684	1.960447e+01	2.653658e+03	4.994771e+02	2.678574e+02	7.875443e+01	4.290226e+01	2.956621e+01
685	1.963313e+01	2.653143e+03	4.989881e+02	2.661189e+02	7.878564e+01	4.287693e+01	2.660803e+01
686	1.966179e+01	2.659060e+03	4.982951e+02	2.648436e+02	7.886024e+01	4.293190e+01	2.370931e+01
687	1.969046e+01	2.657766e+03	4.976896e+02	2.633832e+02	7.872650e+01	4.298391e+01	2.125885e+01
688	1.971912e+01	2.658273e+03	4.971069e+02	2.617487e+02	7.874209e+01	4.298360e+01	1.868219e+01
689	1.974778e+01	2.671881e+03	4.963060e+02	2.599911e+02	7.867919e+01	4.323817e+01	1.573292e+01
690	1.977644e+01	2.662799e+03	4.954749e+02	2.589432e+02	7.879769e+01	4.302640e+01	1.349432e+01
691	1.980510e+01	2.669864e+03	4.945221e+02	2.575176e+02	7.863942e+01	4.322739e+01	9.961175e+00
692	1.983376e+01	2.700609e+03	4.933981e+02	2.565417e+02	7.952702e+01	4.323716e+01	8.289435e+00
693	1.986242e+01	2.661446e+03	4.924374e+02	2.548736e+02	7.863492e+01	4.309355e+01	3.902766e+00
694	1.989109e+01	2.665960e+03	4.914231e+02	2.537664e+02	7.860412e+01	4.318356e+01	1.174511e+00
695	1.991975e+01	2.682461e+03	4.900486e+02	2.525128e+02	7.931699e+01	4.306032e+01	1.781432e+02
696	1.994841e+01	2.667350e+03	4.887997e+02	2.513008e+02	7.886811e+01	4.306145e+01	1.752249e+02
697	1.997707e+01	2.660705e+03	4.874203e+02	2.503491e+02	7.873547e+01	4.302654e+01	1.720554e+02
698	2.000573e+01	2.656537e+03	4.861027e+02	2.493884e+02	7.879327e+01	4.292762e+01	1.689097e+02
699	2.003439e+01	2.673921e+03	4.846016e+02	2.486331e+02	7.873490e+01	4.324056e+01	1.651565e+02
700	2.006306e+01	2.680684e+03	4.830018e+02	2.478059e+02	7.874795e+01	4.334276e+01	1.621329e+02
701	2.009172e+01	2.684391e+03	4.813629e+02	2.471372e+02	7.882718e+01	4.335906e+01	1.586546e+02
702	2.012038e+01	2.667200e+03	4.798829e+02	2.468074e+02	7.874483e+01	4.312645e+01	1.561604e+02
703	2.014904e+01	2.675389e+03	4.784351e+02	2.464974e+02	7.903065e+01	4.310241e+01	1.526100e+02
704	2.017770e+01	2.673808e+03	4.767513e+02	2.461958e+02	7.892645e+01	4.313381e+01	1.497269e+02
705	2.020636e+01	2.676361e+03	4.752070e+02	2.460264e+02	7.902634e+01	4.312042e+01	1.464781e+02
706	2.023502e+01	2.672648e+03	4.733208e+02	2.457475e+02	7.882813e+01	4.316887e+01	1.429796e+02
707	2.026369e+01	2.672113e+03	4.718386e+02	2.459916e+02	7.904038e+01	4.304433e+01	1.406599e+02
708	2.029235e+01	2.660592e+03	4.698922e+02	2.459708e+02	7.882579e+01	4.297542e+01	1.368304e+02
709	2.032101e+01	2.641029e+03	4.683966e+02	2.462221e+02	7.846098e+01	4.285777e+01	1.341126e+02
710	2.034967e+01	2.664616e+03	4.665576e+02	2.464220e+02	7.928550e+01	4.279085e+01	1.305365e+02
711	2.037833e+01	2.659559e+03	4.648462e+02	2.469477e+02	7.901528e+01	4.285571e+01	1.273739e+02
712	2.040699e+01	2.661730e+03	4.630327e+02	2.472927e+02	7.878506e+01	4.301601e+01	1.239953e+02
713	2.043565e+01	2.646086e+03	4.616023e+02	2.479839e+02	7.870340e+01	4.280757e+01	1.212290e+02
714	2.046432e+01	2.643233e+03	4.598967e+02	2.487598e+02	7.857808e+01	4.282961e+01	1.176421e+02
715	2.049298e+01	2.654160e+03	4.585519e+02	2.496074e+02	7.927592e+01	4.262809e+01	1.143381e+02
716	2.052164e+01	2.655940e+03	4.568618e+02	2.503787e+02	7.928278e+01	4.265299e+01	1.114621e+02
717	2.055030e+01	2.647246e+03	4.552967e+02	2.512285e+02	7.937975e+01	4.246143e+01	1.084073e+02
718	2.057896e+01	2.637718e+03	4.537760e+02	2.521297e+02	7.911564e+01	4.244984e+01	1.056654e+02
719	2.060762e+01	2.636224e+03	4.520899e+02	2.531953e+02	7.959955e+01	4.216788e+01	1.027943e+02
720	2.063629e+01	2.641048e+03	4.507554e+02	2.543163e+02	7.937843e+01	4.236272e+01	9.993720e+01
721	2.066495e+01	2.623190e+03	4.492733e+02	2.554420e+02	7.962446e+01	4.194627e+01	9.683874e+01
722	2.069361e+01	2.642447e+03	4.479669e+02	2.566058e+02	8.001340e+01	4.204880e+01	9.422052e+01
723	2.072227e+01	2.624021e+03	4.467839e+02	2.578835e+02	7.976734e+01	4.188440e+01	9.168020e+01
724	2.075093e+01	2.615846e+03	4.453601e+02	2.592310e+02	7.971391e+01	4.178191e+01	8.934679e+01
725	2.077959e+01	2.615780e+03	4.442885e+02	2.606151e+02	7.965414e+01	4.181220e+01	8.659833e+01
726	2.080825e+01	2.636911e+03	4.431014e+02	2.621241e+02	8.010779e+01	4.191127e+01	8.373902e+01
727	2.083692e+01	2.626102e+03	4.422075e+02	2.634668e+02	7.997194e+01	4.181037e+01	8.150781e+01
728	2.086558e+01	2.617478e+03	4.412013e+02	2.650894e+02	7.945493e+01	4.194425e+01	7.900647e+01
729	2.089424e+01	2.613311e+03	4.401139e+02	2.666846e+02	7.947964e+01	4.186444e+01	7.632262e+01
730	2.092290e+01	2.621122e+03	4.394048e+02	2.683610e+02	7.944839e+01	4.200610e+01	7.356040e+01
731	2.095156e+01	2.614272e+03	4.386962e+02	2.700024e+02	7.947263e+01	4.188354e+01	7.103345e+01
732	2.098022e+01	2.629699e+03	4.380198e+02	2.717784e+02	7.961511e+01	4.205529e+01	6.860883e+01
733	2.100889e+01	2.630890e+03	4.373012e+02	2.735243e+02	7.980022e+01	4.197673e+01	6.630106e+01
734	2.103755e+01	2.626474e+03	4.368195e+02	2.751703e+02	7.945615e+01	4.208775e+01	6.379644e+01
735	2.106621e+01	2.622218e+03	4.362045e+02	2.768464e+02	7.944394e+01	4.202601e+01	6.155214e+01
736	2.109487e+01	2.607996e+03	4.357275e+02	2.786990e+02	7.913054e+01	4.196362e+01	5.915446e+01
737	2.112353e+01	2.628436e+03	4.353944e+02	2.805811e+02	7.944669e+01	4.212420e+01	5.640603e+01
738	2.115219e+01	2.634998e+03	4.352272e+02	2.823842e+02	7.921044e+01	4.235532e+01	5.394553e+01
739	2.118085e+01	2.625989e+03	4.350478e+02	2.842469e+02	7.923627e+01	4.219676e+01	5.196760e+01
740	2.120952e+01	2.624336e+03	4.347081e+02	2.863213e+02	7.896539e+01	4.231486e+01	4.881686e+01
741	2.123818e+01	2.633104e+03	4.347956e+02	2.879282e+02	7.903047e+01	4.242126e+01	4.663516e+01
742	2.126684e+01	2.647152e+03	4.346684e+02	2.899196e+02	7.921340e+01	4.254910e+01	4.433812e+01
743	2.129550e+01	2.630868e+03	4.348387e+02	2.917151e+02	7.889041e+01	4.246049e+01	4.137989e+01
744	2.132416e+01	2.632840e+03	4.351173e+02	2.935334e+02	7.873547e+01	4.257592e+01	3.809573e+01
745	2.135282e+01	2.624460e+03	4.354433e+02	2.951434e+02	7.870393e+01	4.245742e+01	3.552211e+01
746	2.138148e+01	2.637144e+03	4.358482e+02	2.969579e+02	7.865668e+01	4.268825e+01	3.300862e+01
747	2.141015e+01	2.637649e+03	4.361239e+02	2.988086e+02	7.871141e+01	4.266674e+01	3.056207e+01
748	2.143881e+01	2.633335e+03	4.368147e+02	3.005280e+02	7.841797e+01	4.275634e+01	2.792317e+01
749	2.146747e+01	2.627957e+03	4.374369e+02	3.022167e+02	7.862879e+01	4.255462e+01	2.568988e+01
750	2.149613e+01	2.619512e+03	4.378608e+02	3.042570e+02	7.802483e+01	4.274621e+01	2.288178e+01
751	2.152479e+01	2.630063e+03	4.386443e+02	3.056808e+02	7.828550e+01	4.277548e+01	2.066515e+01
752	2.155345e+01	2.627025e+03	4.393295e+02	3.074444e+02	7.819920e+01	4.277322e+01	1.737840e+01
753	2.158212e+01	2.640270e+03	4.402523e+02	3.090976e+02	7.818481e+01	4.299679e+01	1.514244e+01
754	2.161078e+01	2.623842e+03	4.412655e+02	3.106652e+02	7.796279e+01	4.285096e+01	1.243100e+01
755	2.163944e+01	2.627025e+03	4.421913e+02	3.122205e+02	7.816152e+01	4.279384e+01	1.008170e+01
756	2.166810e+01	2.608984e+03	4.432384e+02	3.136719e+02	7.784109e+01	4.267491e+01	7.089239e+00
757	2.169676e+01	2.634168e+03	4.443943e+02	3.150075e+02	7.803448e+01	4.298006e+01	4.647711e+00
758	2.172542e+01	2.634489e+03	4.454937e+02	3.166146e+02	7.801215e+01	4.299761e+01	1.960174e+00
759	2.175408e+01	2.624803e+03	4.468473e+02	3.178819e+02	7.814799e+01	4.276505e+01	1.791999e+02
760	2.178275e+01	2.639243e+03	4.483138e+02	3.187886e+02	7.805650e+01	4.305072e+01	1.756737e+02
761	2.181141e+01	2.650973e+03	4.497487e+02	3.200162e+02	7.856717e+01	4.296100e+01	1.728563e+02
762	2.184007e+01	2.650928e+03	4.510955e+02	3.209974e+02	7.873740e+01	4.286739e+01	1.701718e+02
763	2.186873e+01	2.648289e+03	4.525432e+02	3.221937e+02	7.862706e+01	4.288481e+01	1.673739e+02
764	2.189739e+01	2.642144e+03	4.541306e+02	3.230574e+02	7.874528e+01	4.272107e+01	1.647433e+02
765	2.192605e+01	2.631643e+03	4.554954e+02	3.239340e+02	7.835301e+01	4.276430e+01	1.616938e+02
766	2.195471e+01	2.640856e+03	4.571913e+02	3.248183e+02	7.859763e+01	4.278045e+01	1.596002e+02
767	2.198338e+01	2.635961e+03	4.588136e+02	3.254987e+02	7.887590e+01	4.255051e+01	1.567316e+02
768	2.201204e+01	2.619184e+03	4.604940e+02	3.262040e+02	7.855932e+01	4.245008e+01	1.541447e+02
769	2.204070e+01	2.635721e+03	4.622760e+02	3.268041e+02	7.869590e+01	4.264395e+01	1.512560e+02
770	2.206936e+01	2.642657e+03	4.638224e+02	3.271670e+02	7.876812e+01	4.271696e+01	1.480200e+02
771	2.209802e+01	2.637341e+03	4.656475e+02	3.277392e+02	7.867603e+01	4.268093e+01	1.454552e+02
772	2.212668e+01	2.619900e+03	4.671831e+02	3.278641e+02	7.844062e+01	4.252594e+01	1.431772e+02
773	2.215535e+01	2.644012e+03	4.691343e+02	3.283110e+02	7.870118e+01	4.277522e+01	1.397685e+02
774	2.218401e+01	2.622310e+03	4.707714e+02	3.283171e+02	7.823724e+01	4.267569e+01	1.371567e+02
775	2.221267e+01	2.637714e+03	4.724864e+02	3.283141e+02	7.877253e+01	4.263467e+01	1.340861e+02
776	2.224133e+01	2.635863e+03	4.742128e+02	3.284389e+02	7.882645e+01	4.257562e+01	1.317001e+02
777	2.226999e+01	2.629218e+03	4.760268e+02	3.284988e+02	7.846796e+01	4.266230e+01	1.290073e+02
778	2.229865e+01	2.630337e+03	4.776963e+02	3.282650e+02	7.841877e+01	4.270724e+01	1.265404e+02
779	2.232731e+01	2.634941e+03	4.796000e+02	3.281488e+02	7.890562e+01	4.251802e+01	1.239284e+02
780	2.235598e+01	2.642694e+03	4.811087e+02	3.277930e+02	7.938920e+01	4.238337e+01	1.208045e+02
781	2.238464e+01	2.627936e+03	4.829543e+02	3.274802e+02	7.894881e+01	4.238179e+01	1.189338e+02
782	2.241330e+01	2.615121e+03	4.847297e+02	3.270867e+02	7.889801e+01	4.220227e+01	1.164435e+02
783	2.244196e+01	2.623221e+03	4.863320e+02	3.266113e+02	7.910372e+01	4.222290e+01	1.139262e+02
784	2.247062e+01	2.607384e+03	4.882481e+02	3.261833e+02	7.885256e+01	4.210166e+01	1.115121e+02
785	2.249928e+01	2.603930e+03	4.899119e+02	3.255433e+02	7.914394e+01	4.189110e+01	1.084571e+02
786	2.252794e+01	2.624540e+03	4.914040e+02	3.248368e+02	7.944023e+01	4.206518e+01	1.064268e+02
787	2.255661e+01	2.614753e+03	4.930689e+02	3.241276e+02	7.935220e+01	4.195481e+01	1.040132e+02
788	2.258527e+01	2.625997e+03	4.944434e+02	3.232861e+02	7.972495e+01	4.193822e+01	1.015902e+02
789	2.261393e+01	2.623473e+03	4.960159e+02	3.224701e+02	7.953104e+01	4.200008e+01	9.922916e+01
790	2.264259e+01	2.617515e+03	4.976812e+02	3.216808e+02	7.990961e+01	4.170617e+01	9.644290e+01
791	2.267125e+01	2.625002e+03	4.990284e+02	3.206070e+02	7.978938e+01	4.188849e+01	9.429368e+01
792	2.269991e+01	2.623522e+03	5.003142e+02	3.194722e+02	8.005738e+01	4.172473e+01	9.192960e+01
793	2.272858e+01	2.618897e+03	5.017231e+02	3.182968e+02	8.021700e+01	4.156829e+01	8.964478e+01
794	2.275724e+01	2.634603e+03	5.027291e+02	3.171979e+02	8.050562e+01	4.166766e+01	8.712378e+01
795	2.278590e+01	2.616625e+03	5.041632e+02	3.160229e+02	8.016328e+01	4.156005e+01	8.518857e+01
796	2.281456e+01	2.631235e+03	5.053680e+02	3.146068e+02	7.999879e+01	4.187804e+01	8.275733e+01
797	2.284322e+01	2.620523e+03	5.065161e+02	3.132191e+02	7.986515e+01	4.177734e+01	8.039349e+01
798	2.287188e+01	2.631840e+03	5.076626e+02	3.116883e+02	7.990797e+01	4.193528e+01	7.784643e+01
799	2.290054e+01	2.630446e+03	5.083948e+02	3.103573e+02	7.977433e+01	4.198328e+01	7.531155e+01
