1	0.0288517	2643.007	435.100	360.116	79.444	42.359	60.784
2	0.0577034	2639.280	434.600	359.974	79.479	42.281	59.545
3	0.0865551	2644.561	434.073	359.825	79.561	42.322	57.831
4	0.1154068	2633.847	433.484	359.663	79.051	42.422	56.506
5	0.1442585	2633.869	433.184	359.435	79.125	42.383	55.013
6	0.1731102	2651.952	432.576	359.319	79.632	42.402	53.560
7	0.2019619	2645.411	432.202	359.101	79.490	42.373	52.161
8	0.2308136	2661.127	431.761	358.982	79.587	42.573	50.795
9	0.2596653	2646.265	431.329	358.906	79.245	42.518	49.276
10	0.2885170	2647.319	430.888	358.797	79.183	42.568	48.212
11	0.3173687	2652.582	430.459	358.660	79.320	42.579	46.662
12	0.3462204	2659.118	429.937	358.570	79.626	42.520	45.169
13	0.3750721	2656.050	429.456	358.410	79.467	42.556	43.686
14	0.4039238	2659.093	429.013	358.269	79.202	42.747	42.330
15	0.4327755	2641.803	428.469	358.234	79.040	42.556	41.038
16	0.4616272	2656.108	428.013	358.014	79.204	42.698	39.328
17	0.4904789	2652.741	427.631	357.910	79.195	42.649	38.003
18	0.5193306	2653.118	427.097	357.818	79.105	42.703	36.322
19	0.5481823	2660.093	426.633	357.751	79.368	42.674	35.139
20	0.5770340	2649.862	426.145	357.760	79.026	42.693	33.473
21	0.6058857	2654.336	425.636	357.774	79.203	42.670	32.200
22	0.6347374	2649.927	425.141	357.823	79.254	42.572	30.548
23	0.6635892	2663.263	424.726	357.721	79.326	42.747	29.400
24	0.6924409	2670.009	424.305	357.797	79.635	42.689	28.209
25	0.7212926	2661.236	423.845	357.819	79.463	42.641	26.474
26	0.7501443	2658.783	423.346	357.914	79.085	42.806	25.401
27	0.7789960	2669.173	422.846	358.047	79.424	42.789	23.669
28	0.8078477	2653.092	422.415	358.244	79.136	42.686	22.199
29	0.8366994	2665.984	421.898	358.454	79.330	42.789	20.910
30	0.8655511	2670.290	421.138	358.560	79.311	42.868	18.156
31	0.8944028	2672.804	420.711	358.718	79.480	42.817	16.672
32	0.9232545	2662.600	420.181	358.992	78.830	43.006	14.981
33	0.9521062	2667.490	419.887	359.042	79.368	42.792	13.913
34	0.9809579	2676.154	419.469	359.338	79.316	42.959	12.567
35	1.0098100	2656.367	419.093	359.701	79.337	42.631	10.913
36	1.0386610	2686.377	418.727	359.949	79.412	43.072	9.834
37	1.0675130	2678.066	418.271	360.248	79.435	42.926	8.298
38	1.0963650	2687.416	417.968	360.480	79.223	43.191	6.938
39	1.1252160	2677.663	417.649	360.749	79.302	42.992	5.523
40	1.1540680	2675.980	417.370	360.992	79.436	42.892	4.341
41	1.1829200	2686.180	416.904	361.055	79.088	43.245	2.708
42	1.2117710	2681.905	416.639	361.495	79.187	43.122	1.293
43	1.2406230	2675.367	416.395	361.745	79.037	43.099	0.062
44	1.2694750	2676.056	416.014	362.088	79.270	42.983	178.929
45	1.2983270	2674.918	415.638	362.532	79.312	42.942	177.450
46	1.3271780	2675.091	415.403	362.876	79.148	43.034	176.253
47	1.3560300	2677.194	415.020	363.176	79.077	43.106	174.856
48	1.3848820	2676.477	414.674	363.440	78.944	43.167	173.475
49	1.4137330	2661.199	414.449	363.845	79.076	42.849	172.186
50	1.4425850	2678.912	414.063	364.300	78.803	43.284	170.492
51	1.4714370	2687.092	413.839	364.448	79.359	43.112	169.334
52	1.5002890	2671.499	413.576	364.925	79.151	42.974	168.186
53	1.5291400	2690.134	413.279	365.342	79.530	43.068	166.767
54	1.5579920	2679.554	412.988	365.512	79.322	43.011	165.510
55	1.5868440	2669.844	412.826	366.006	79.181	42.932	164.574
56	1.6156950	2668.734	412.528	366.410	79.332	42.832	163.046
57	1.6445470	2684.019	412.233	366.598	79.535	42.967	161.617
58	1.6733990	2672.488	411.982	367.094	79.317	42.900	160.250
59	1.7022500	2672.614	411.756	367.488	79.423	42.845	159.072
60	1.7311020	2675.193	411.603	367.977	79.412	42.892	157.431
61	1.7599540	2665.148	411.324	368.300	79.382	42.748	156.069
62	1.7888060	2687.171	411.070	368.741	79.444	43.067	154.700
63	1.8176570	2674.751	410.829	369.125	79.041	43.087	153.684
64	1.8465090	2685.243	410.737	369.486	79.655	42.922	152.253
65	1.8753610	2668.559	410.477	369.972	79.395	42.795	151.239
66	1.9042120	2685.268	410.332	370.496	79.493	43.010	149.340
67	1.9330640	2674.040	410.093	370.879	78.832	43.189	147.840
68	1.9619160	2681.197	410.006	371.348	79.537	42.921	146.651
69	1.9907670	2673.193	409.910	371.730	79.267	42.939	145.707
70	2.0196190	2675.050	409.725	372.179	79.424	42.884	144.378
71	2.0484710	2678.321	409.527	372.629	79.519	42.885	142.858
72	2.0773230	2666.274	409.367	373.135	79.277	42.822	141.406
73	2.1061740	2665.531	409.266	373.702	79.220	42.841	140.082
74	2.1350260	2675.106	409.161	374.103	79.459	42.865	138.565
75	2.1638780	2655.998	409.007	374.591	79.266	42.663	137.039
76	2.1927290	2652.159	409.038	375.163	79.290	42.588	135.894
77	2.2215810	2672.861	408.909	375.536	79.390	42.867	134.686
78	2.2504330	2671.102	409.005	376.112	79.488	42.785	133.177
79	2.2792840	2672.316	408.878	376.561	79.619	42.735	131.669
80	2.3081360	2663.263	408.702	376.972	79.677	42.559	130.110
81	2.3369880	2668.214	408.769	377.529	79.700	42.626	128.932
82	2.3658400	2658.621	408.689	377.910	79.604	42.524	127.522
83	2.3946910	2642.943	408.705	378.464	79.405	42.379	126.153
84	2.4235430	2665.137	408.740	378.940	79.665	42.595	124.965
85	2.4523950	2641.475	408.849	379.511	79.094	42.522	123.172
86	2.4812460	2655.746	408.681	379.847	79.505	42.531	122.225
87	2.5100980	2646.433	408.756	380.416	79.459	42.406	120.759
88	2.5389500	2646.306	408.910	380.924	79.525	42.369	119.186
89	2.5678020	2656.404	408.870	381.363	79.462	42.564	118.046
90	2.5966530	2653.548	408.963	381.867	79.714	42.384	116.649
91	2.6255050	2655.362	409.079	382.483	79.721	42.409	115.617
92	2.6543570	2647.590	409.072	382.958	79.919	42.181	113.807
93	2.6832080	2636.499	409.218	383.506	79.450	42.252	112.345
94	2.7120600	2637.655	409.198	383.824	79.441	42.275	111.259
95	2.7409120	2627.601	409.389	384.338	79.340	42.168	109.962
96	2.7697630	2636.745	409.530	384.845	79.684	42.132	108.604
97	2.7986150	2626.621	409.637	385.229	79.588	42.021	107.194
98	2.8274670	2646.118	409.833	385.691	79.752	42.245	106.239
99	2.8563190	2645.100	410.024	386.295	79.624	42.297	104.850
100	2.8851700	2631.730	410.156	386.766	79.615	42.088	103.434
101	2.9140220	2640.685	410.554	387.296	79.848	42.108	101.867
102	2.9428740	2641.639	410.530	387.770	80.107	41.987	100.439
103	2.9717250	2640.253	410.753	388.277	79.852	42.099	99.297
104	3.0005770	2645.714	410.993	388.628	80.219	41.993	98.014
105	3.0294290	2624.059	411.105	389.216	79.820	41.857	96.778
106	3.0582800	2633.357	411.373	389.691	79.868	41.980	95.425
107	3.0871320	2634.236	411.510	390.222	79.977	41.937	94.219
108	3.1159840	2640.075	411.753	390.755	80.111	41.960	92.628
109	3.1448360	2635.579	411.964	391.216	80.219	41.832	91.193
110	3.1736870	2625.874	412.271	391.674	79.899	41.845	89.649
111	3.2025390	2638.647	412.616	392.121	79.995	41.998	88.434
112	3.2313910	2633.959	412.851	392.504	80.384	41.721	86.993
113	3.2602420	2639.368	413.116	392.963	80.225	41.889	85.391
114	3.2890940	2636.118	413.322	393.385	79.981	41.965	84.332
115	3.3179460	2625.800	413.728	393.864	80.062	41.759	82.865
116	3.3467970	2642.859	414.039	394.215	80.189	41.963	81.699
117	3.3756490	2627.576	414.475	394.524	79.989	41.825	80.288
118	3.4045010	2634.860	414.884	394.940	79.711	42.087	78.718
119	3.4333530	2629.685	415.051	395.397	79.626	42.049	77.847
120	3.4622040	2630.468	415.585	395.671	79.772	41.985	76.370
121	3.4910560	2624.190	415.705	396.097	79.606	41.972	75.014
122	3.5199080	2619.273	416.117	396.412	79.444	41.979	73.631
123	3.5487590	2612.690	416.585	396.727	79.256	41.972	72.328
124	3.5776110	2638.006	417.031	397.054	79.686	42.150	70.801
125	3.6064630	2628.847	417.349	397.376	79.517	42.093	69.421
126	3.6353140	2625.778	417.639	397.711	79.471	42.069	68.100
127	3.6641660	2630.803	418.127	398.092	79.494	42.137	66.418
128	3.6930180	2623.025	418.587	398.379	79.359	42.084	65.339
129	3.7218700	2632.586	419.023	398.615	79.850	41.977	64.214
130	3.7507210	2631.655	419.345	398.955	79.149	42.334	62.781
131	3.7795730	2624.920	419.810	399.188	78.989	42.311	61.295
132	3.8084250	2628.040	420.213	399.529	79.116	42.294	60.111
133	3.8372760	2621.730	420.718	399.758	79.167	42.165	58.590
134	3.8661280	2632.074	421.245	399.955	79.122	42.355	57.263
135	3.8949800	2637.073	421.509	400.316	79.130	42.432	56.148
136	3.9238320	2629.968	422.109	400.542	78.976	42.400	54.471
137	3.9526830	2626.943	422.576	400.739	78.775	42.459	53.029
138	3.9815350	2639.318	423.045	400.931	79.173	42.445	51.559
139	4.0103870	2636.847	423.581	401.098	79.125	42.431	50.220
140	4.0392380	2643.792	424.024	401.342	79.232	42.485	48.469
141	4.0680900	2632.769	424.371	401.592	78.680	42.605	47.131
142	4.0969420	2636.426	425.000	401.704	79.092	42.442	45.591
143	4.1257930	2622.451	425.387	401.895	78.672	42.442	44.021
144	4.1546450	2629.818	425.896	402.080	78.868	42.456	42.799
145	4.1834970	2633.365	426.385	402.132	79.039	42.421	41.549
146	4.2123490	2623.802	426.838	402.269	78.556	42.527	39.636
147	4.2412000	2632.294	427.144	402.492	78.679	42.598	38.807
148	4.2700520	2637.488	427.750	402.679	78.897	42.564	37.544
149	4.2989040	2645.858	428.214	402.728	78.914	42.690	35.721
150	4.3277550	2646.543	428.629	402.838	78.801	42.762	34.452
151	4.3566070	2639.344	429.254	402.854	78.909	42.587	32.810
152	4.3854590	2643.133	429.678	402.890	78.773	42.722	31.187
153	4.4143100	2646.312	430.165	402.908	79.065	42.615	30.111
154	4.4431620	2632.290	430.647	402.886	78.519	42.684	28.585
155	4.4720140	2639.344	431.176	402.811	78.624	42.741	27.199
156	4.5008660	2637.839	431.521	402.975	78.642	42.708	25.891
157	4.5297170	2614.204	432.096	402.952	78.203	42.563	24.282
158	4.5585690	2640.065	432.365	403.092	78.628	42.751	23.220
159	4.5874210	2628.299	432.847	403.045	78.203	42.792	21.665
160	4.6162720	2626.156	433.285	402.976	78.394	42.653	20.220
161	4.6451240	2625.790	433.717	402.885	78.442	42.621	18.900
162	4.6739760	2622.646	434.210	402.823	78.086	42.764	17.914
163	4.7028270	2624.226	434.645	402.816	78.038	42.816	16.506
164	4.7316790	2636.234	435.079	402.671	78.498	42.760	15.083
165	4.7605310	2617.644	435.510	402.639	78.170	42.637	13.471
166	4.7893830	2610.919	435.991	402.502	78.598	42.295	11.791
167	4.8182340	2634.477	436.506	402.223	78.670	42.638	10.888
168	4.8470860	2607.388	436.874	402.259	78.035	42.543	9.132
169	4.8759380	2628.006	437.235	402.253	78.521	42.614	8.022
170	4.9047890	2610.488	437.551	402.189	78.429	42.379	6.127
171	4.9336410	2627.823	438.163	401.992	78.486	42.630	4.977
172	4.9624930	2624.482	438.471	401.885	78.328	42.662	3.769
173	4.9913440	2607.706	438.896	401.894	78.529	42.280	2.540
174	5.0201960	2616.931	439.300	401.793	78.273	42.569	0.833
175	5.0490480	2610.584	439.731	401.280	78.445	42.372	179.804
176	5.0779000	2615.747	440.068	401.136	78.511	42.420	178.429
177	5.1067510	2612.151	440.407	401.048	78.574	42.328	176.897
178	5.1356030	2592.537	440.807	400.763	77.883	42.383	175.900
179	5.1644550	2622.306	441.219	400.467	78.375	42.601	174.401
180	5.1933060	2610.646	441.581	400.278	78.709	42.231	173.026
181	5.2221580	2640.454	441.986	400.049	78.601	42.772	171.707
182	5.2510100	2614.074	442.394	399.711	78.788	42.244	170.610
183	5.2798620	2616.923	442.751	399.396	78.663	42.358	169.019
184	5.3087130	2633.071	443.098	399.302	78.609	42.648	167.144
185	5.3375650	2624.674	443.337	399.066	78.740	42.442	165.974
186	5.3664170	2636.766	443.867	398.687	79.018	42.487	164.965
187	5.3952680	2638.381	444.090	398.280	79.020	42.512	163.658
188	5.4241200	2628.321	444.412	397.955	78.828	42.453	162.025
189	5.4529720	2629.145	444.748	397.628	78.900	42.427	161.203
190	5.4818230	2632.239	445.095	397.458	78.793	42.535	159.393
191	5.5106750	2631.638	445.300	396.977	78.992	42.418	158.313
192	5.5395270	2629.120	445.653	396.737	79.303	42.211	157.314
193	5.5683790	2620.786	445.986	396.406	78.990	42.244	156.007
194	5.5972300	2621.633	446.231	395.981	78.967	42.270	154.756
195	5.6260820	2629.337	446.460	395.630	78.975	42.391	153.512
196	5.6549340	2624.481	446.824	395.414	78.518	42.558	152.238
197	5.6837850	2610.645	446.967	394.818	78.267	42.470	150.772
198	5.7126370	2623.668	447.353	394.756	78.810	42.388	149.773
199	5.7414890	2632.908	447.608	394.287	78.579	42.662	148.192
200	5.7703400	2620.887	447.757	393.951	78.452	42.536	146.889
201	5.7991920	2626.198	448.133	393.650	78.744	42.464	145.815
202	5.8280440	2619.173	448.358	393.371	78.730	42.358	144.310
203	5.8568960	2624.557	448.534	392.874	78.891	42.359	143.131
204	5.8857470	2614.698	448.748	392.557	78.559	42.378	142.184
205	5.9145990	2619.215	448.735	392.017	78.668	42.392	141.476
206	5.9434510	2624.007	449.059	391.675	78.887	42.351	139.844
207	5.9723020	2633.831	449.263	391.181	79.088	42.402	138.753
208	6.0011540	2620.563	449.326	390.846	78.949	42.263	137.136
209	6.0300060	2637.877	449.358	390.337	79.217	42.398	136.086
210	6.0588570	2622.588	449.491	389.974	78.926	42.308	135.022
211	6.0877090	2632.740	449.581	389.569	79.003	42.430	133.594
212	6.1165610	2633.885	449.732	389.076	78.956	42.474	132.093
213	6.1454130	2632.841	449.746	388.384	79.176	42.339	130.700
214	6.1742640	2615.569	449.896	388.171	78.943	42.186	129.804
215	6.2031160	2622.297	449.994	387.804	79.306	42.100	127.968
216	6.2319680	2624.716	450.084	387.294	79.041	42.280	126.722
217	6.2608190	2640.983	449.862	386.892	79.482	42.306	125.384
218	6.2896710	2628.211	450.138	386.564	79.270	42.215	124.257
219	6.3185230	2621.682	450.210	386.068	79.298	42.095	123.056
220	6.3473740	2620.385	450.304	385.725	79.074	42.193	121.578
221	6.3762260	2616.983	450.169	385.246	79.170	42.087	120.487
222	6.4050780	2618.624	450.102	384.780	79.130	42.135	119.550
223	6.4339300	2622.679	450.234	384.351	79.360	42.078	118.212
224	6.4627810	2625.955	450.353	383.984	79.670	41.967	116.714
225	6.4916330	2613.656	450.128	383.445	79.200	42.018	115.332
226	6.5204850	2616.978	450.049	382.999	79.435	41.947	114.261
227	6.5493360	2620.008	449.966	382.482	79.233	42.102	113.080
228	6.5781880	2614.688	450.021	382.034	79.219	42.025	111.706
229	6.6070400	2628.127	449.882	381.600	79.780	41.943	110.197
230	6.6358920	2627.135	449.742	381.147	79.782	41.926	108.857
231	6.6647430	2619.638	449.596	380.697	79.890	41.750	107.706
232	6.6935950	2627.933	449.628	380.203	79.662	42.002	105.892
233	6.7224470	2630.291	449.274	379.712	80.045	41.839	104.733
234	6.7512980	2633.951	449.212	379.358	79.706	42.075	104.012
235	6.7801500	2634.746	449.125	378.938	80.078	41.892	102.526
236	6.8090020	2626.568	449.069	378.594	79.862	41.875	101.652
237	6.8378530	2631.361	448.744	378.139	80.070	41.843	100.267
238	6.8667050	2637.839	448.562	377.699	79.994	41.986	99.293
239	6.8955570	2641.458	448.346	377.423	79.853	42.117	97.738
240	6.9244090	2637.385	448.136	377.091	80.448	41.741	96.578
241	6.9532600	2632.771	447.852	376.684	79.998	41.903	95.429
242	6.9821120	2630.157	447.600	376.322	80.079	41.819	94.275
243	7.0109640	2634.199	447.462	375.959	79.892	41.981	93.104
244	7.0398150	2619.691	447.175	375.488	79.849	41.773	91.702
245	7.0686670	2640.771	446.995	375.114	80.219	41.915	90.490
246	7.0975190	2638.362	446.705	374.687	80.186	41.893	89.002
247	7.1263700	2622.479	446.527	374.316	79.977	41.750	87.833
248	7.1552220	2631.130	446.165	373.999	79.987	41.882	86.534
249	7.1840740	2639.945	446.106	373.606	80.419	41.797	85.198
250	7.2129260	2632.860	445.637	373.233	80.088	41.857	83.718
251	7.2417770	2638.815	445.547	372.784	80.112	41.939	82.292
252	7.2706290	2637.225	445.162	372.500	79.962	41.993	81.140
253	7.2994810	2624.513	444.851	372.190	79.812	41.869	79.858
254	7.3283320	2639.147	444.553	371.808	80.090	41.956	78.684
255	7.3571840	2634.067	444.522	371.668	79.992	41.927	78.361
256	7.3860360	2647.444	444.530	371.382	80.203	42.029	78.210
257	7.4148870	2641.623	444.281	371.286	79.855	42.119	77.318
258	7.4437390	2624.651	443.854	371.130	79.601	41.982	76.414
259	7.4725910	2632.920	443.602	370.733	79.705	42.059	74.781
260	7.5014430	2623.694	443.339	370.476	79.954	41.781	73.681
261	7.5302940	2617.029	443.061	370.190	79.844	41.733	72.496
262	7.5591460	2628.260	442.733	369.875	79.444	42.123	71.094
263	7.5879980	2642.264	442.154	369.607	79.909	42.101	69.306
264	7.6168490	2628.272	441.614	369.340	79.358	42.169	68.327
265	7.6457010	2636.854	441.264	369.144	79.664	42.144	67.266
266	7.6745530	2624.338	440.741	368.880	79.142	42.220	65.959
267	7.7034050	2638.637	440.520	368.565	79.235	42.401	64.353
268	7.7322560	2605.751	439.737	368.512	78.423	42.306	63.383
269	7.7611080	2631.533	439.706	368.121	79.277	42.264	61.458
270	7.7899600	2642.289	439.153	367.860	79.426	42.357	59.914
271	7.8188110	2639.256	438.723	367.652	79.461	42.290	58.804
272	7.8476630	2630.266	438.358	367.505	79.165	42.304	57.799
273	7.8765150	2645.056	437.965	367.260	79.279	42.480	56.006
274	7.9053660	2634.068	437.488	367.096	79.149	42.373	54.581
275	7.9342180	2643.186	437.084	367.072	79.173	42.507	53.377
276	7.9630700	2649.738	436.632	366.768	79.142	42.629	51.675
277	7.9919220	2643.117	436.143	366.615	79.091	42.550	50.819
278	8.0207730	2643.990	435.810	366.375	79.325	42.439	49.002
279	8.0496250	2647.647	435.318	366.391	79.116	42.610	47.739
280	8.0784770	2647.371	434.913	366.239	79.141	42.592	46.275
281	8.1073280	2639.275	434.453	366.185	79.106	42.480	44.979
282	8.1361800	2659.953	434.073	366.054	79.509	42.596	44.284
283	8.1650320	2670.562	433.691	365.851	79.445	42.800	42.669
284	8.1938830	2669.727	433.153	365.865	79.444	42.787	41.201
285	8.2227350	2660.471	432.820	365.818	79.283	42.725	39.805
286	8.2515870	2649.077	432.280	365.761	79.156	42.611	38.775
287	8.2804390	2674.647	431.666	365.740	78.910	43.156	36.995
288	8.3092900	2664.653	431.213	365.797	79.261	42.805	35.579
289	8.3381420	2668.546	430.858	365.752	79.509	42.734	34.274
290	8.3669940	2663.174	430.360	365.646	79.292	42.764	32.804
291	8.3958450	2665.823	429.794	365.780	79.242	42.834	31.456
292	8.4246970	2679.231	429.436	365.572	79.396	42.965	30.236
293	8.4535490	2675.578	428.933	365.788	79.282	42.969	28.767
294	8.4824000	2660.527	428.493	365.767	78.944	42.910	27.476
295	8.5112520	2672.917	428.103	365.649	79.440	42.841	26.065
296	8.5401040	2675.643	427.571	365.863	79.492	42.856	24.603
297	8.5689560	2667.609	427.188	365.984	79.446	42.752	23.073
298	8.5978070	2662.988	426.664	366.297	79.324	42.744	21.546
299	8.6266590	2668.015	426.295	366.294	79.140	42.924	20.195
300	8.6555110	2665.102	425.899	366.550	79.322	42.779	19.118
301	8.6843620	2660.930	425.524	366.692	79.224	42.765	17.520
302	8.7132140	2668.016	425.170	366.918	79.201	42.891	16.471
303	8.7420660	2682.006	424.747	367.197	79.286	43.070	15.404
304	8.7709170	2664.550	424.420	367.313	79.328	42.767	13.693
305	8.7997690	2667.512	423.983	367.601	79.088	42.944	12.388
306	8.8286210	2677.107	423.654	367.700	79.144	43.068	11.119
307	8.8574730	2670.764	423.130	368.138	79.202	42.935	9.737
308	8.8863240	2688.999	422.864	368.189	79.165	43.248	8.547
309	8.9151760	2672.970	422.455	368.590	79.083	43.035	6.901
310	8.9440280	2683.139	422.214	368.689	79.290	43.086	5.859
311	8.9728790	2675.761	421.800	369.098	79.319	42.952	4.552
312	9.0017310	2675.819	421.530	369.519	79.351	42.935	2.899
313	9.0305830	2681.801	421.278	369.605	79.555	42.921	1.907
314	9.0594350	2663.786	420.978	370.036	79.498	42.663	0.245
315	9.0882860	2673.153	420.587	370.384	79.211	42.968	179.164
316	9.1171380	2658.094	420.293	370.763	79.127	42.771	177.691
317	9.1459900	2670.046	419.955	371.076	79.181	42.935	176.386
318	9.1748410	2672.002	419.662	371.387	79.251	42.928	175.007
319	9.2036930	2683.628	419.512	371.787	79.603	42.924	173.962
320	9.2325450	2678.178	419.140	372.005	79.386	42.954	172.346
321	9.2613960	2675.806	418.928	372.456	79.492	42.859	171.090
322	9.2902480	2688.107	418.637	372.829	79.510	43.046	169.733
323	9.3191000	2677.522	418.416	373.137	79.381	42.947	168.755
324	9.3479520	2683.830	418.190	373.543	79.682	42.885	167.393
325	9.3768030	2692.729	417.974	373.735	79.564	43.091	166.280
326	9.4056550	2679.868	417.802	374.058	79.380	42.985	164.826
327	9.4345070	2678.912	417.562	374.395	79.035	43.157	163.636
328	9.4633580	2673.618	417.315	374.657	79.507	42.816	162.675
329	9.4922100	2676.386	417.069	375.185	79.725	42.743	161.038
330	9.5210620	2660.696	416.926	375.576	79.214	42.766	160.223
331	9.5499130	2678.276	416.659	375.755	79.475	42.908	159.049
332	9.5787650	2669.879	416.577	376.208	79.142	42.953	157.656
333	9.6076170	2673.862	416.339	376.608	79.471	42.839	156.366
334	9.6364690	2676.555	416.281	377.171	79.576	42.826	155.145
335	9.6653200	2679.524	415.981	377.448	79.310	43.017	153.579
336	9.6941720	2669.439	415.833	377.898	79.219	42.905	152.606
337	9.7230240	2676.336	415.781	378.372	79.289	42.977	151.107
338	9.7518750	2669.709	415.633	378.828	78.955	43.052	149.939
339	9.7807270	2675.132	415.440	379.146	79.297	42.953	148.745
340	9.8095790	2681.771	415.398	379.619	79.247	43.087	147.536
341	9.8384300	2682.978	415.100	379.829	79.590	42.921	145.991
342	9.8672820	2677.532	414.874	380.433	79.193	43.049	144.410
343	9.8961340	2688.037	414.798	380.860	79.423	43.092	143.552
344	9.9249860	2675.413	414.737	381.325	79.358	42.925	142.199
345	9.9538370	2670.357	414.659	381.707	79.329	42.860	141.005
346	9.9826890	2664.848	414.643	382.134	79.141	42.873	139.807
347	10.0115400	2674.613	414.522	382.648	79.402	42.888	138.522
348	10.0403900	2673.879	414.386	383.083	79.375	42.891	137.123
349	10.0692400	2672.720	414.267	383.468	79.311	42.907	135.764
350	10.0981000	2681.307	414.243	383.949	79.812	42.775	134.548
351	10.1269500	2660.665	414.228	384.467	79.326	42.706	133.177
352	10.1558000	2664.558	414.191	385.018	79.407	42.725	131.714
353	10.1846500	2667.634	414.038	385.367	79.520	42.713	130.489
354	10.2135000	2664.838	414.071	385.906	79.272	42.802	129.345
355	10.2423500	2668.256	413.894	386.304	79.489	42.740	128.241
356	10.2712100	2668.387	413.948	386.726	79.568	42.699	127.140
357	10.3000600	2665.663	414.026	387.297	79.177	42.866	125.295
358	10.3289100	2664.522	413.960	387.699	79.507	42.670	124.235
359	10.3577600	2649.169	413.942	388.196	79.347	42.510	122.906
360	10.3866100	2658.188	414.027	388.632	79.464	42.592	121.858
361	10.4154600	2655.259	413.954	389.086	79.723	42.407	120.594
362	10.4443200	2661.160	413.941	389.438	79.541	42.598	119.559
363	10.4731700	2650.790	414.082	389.954	79.745	42.324	118.061
364	10.5020200	2660.373	414.095	390.374	79.470	42.623	116.716
365	10.5308700	2655.298	414.194	390.894	79.583	42.482	115.108
366	10.5597200	2651.275	414.363	391.531	79.718	42.346	113.967
367	10.5885700	2653.596	414.390	391.870	79.946	42.262	112.800
368	10.6174300	2653.119	414.494	392.360	79.828	42.317	111.269
369	10.6462800	2636.665	414.638	392.814	79.778	42.081	110.011
370	10.6751300	2657.508	414.788	393.224	79.896	42.350	108.914
371	10.7039800	2637.363	414.869	393.735	79.656	42.156	107.497
372	10.7328300	2652.817	415.074	394.188	79.681	42.390	106.042
373	10.7616800	2655.225	415.172	394.654	80.044	42.236	104.560
374	10.7905400	2654.516	415.246	395.128	79.969	42.264	103.256
375	10.8193900	2652.591	415.428	395.554	79.904	42.268	102.028
376	10.8482400	2650.496	415.633	396.104	79.922	42.225	101.050
377	10.8770900	2636.059	415.801	396.442	79.886	42.014	99.603
378	10.9059400	2646.462	416.074	396.871	80.124	42.054	98.567
379	10.9348000	2629.194	416.226	397.378	80.151	41.766	97.151
380	10.9636500	2630.441	416.469	397.791	79.992	41.869	95.774
381	10.9925000	2642.742	416.739	398.289	80.220	41.945	94.239
382	11.0213500	2644.088	416.988	398.639	80.252	41.950	93.101
383	11.0502000	2623.374	417.145	399.008	79.821	41.846	91.986
384	11.0790500	2622.304	417.419	399.408	80.191	41.636	90.823
385	11.1079100	2631.382	417.787	399.911	79.795	41.987	89.528
386	11.1367600	2629.817	417.908	400.246	80.028	41.840	88.049
387	11.1656100	2626.493	418.252	400.881	79.809	41.902	86.705
388	11.1944600	2625.720	418.626	401.210	80.001	41.789	85.310
389	11.2233100	2618.777	418.846	401.645	79.483	41.950	84.591
390	11.2521600	2633.443	419.262	402.026	79.970	41.928	83.093
391	11.2810200	2634.657	419.569	402.431	79.980	41.942	81.437
392	11.3098700	2626.960	419.987	402.785	79.608	42.015	80.076
393	11.3387200	2623.872	420.185	403.258	79.922	41.801	78.615
394	11.3675700	2642.722	420.584	403.630	80.236	41.937	77.261
395	11.3964200	2625.633	420.940	403.986	79.845	41.869	76.190
396	11.4252700	2636.944	421.304	404.332	79.714	42.119	74.873
397	11.4541300	2623.854	421.493	404.750	79.755	41.888	73.688
398	11.4829800	2636.116	422.139	404.865	79.893	42.011	71.963
399	11.5118300	2631.426	422.374	405.254	79.714	42.031	70.847
400	11.5406800	2640.186	422.869	405.583	79.969	42.036	69.660
401	11.5695300	2646.000	423.165	405.800	79.803	42.217	68.711
402	11.5983800	2636.397	423.668	406.077	79.799	42.065	67.179
403	11.6272400	2638.835	423.975	406.506	79.682	42.166	65.797
404	11.6560900	2633.611	424.520	406.668	79.476	42.192	64.340
405	11.6849400	2646.267	424.837	407.026	79.586	42.336	62.762
406	11.7137900	2627.785	425.281	407.280	79.402	42.138	61.775
407	11.7426400	2635.535	425.715	407.547	79.558	42.179	60.664
408	11.7714900	2641.319	426.128	407.738	79.365	42.374	59.236
409	11.8003500	2635.186	426.503	408.096	79.404	42.255	57.936
410	11.8292000	2623.790	426.842	408.378	78.970	42.304	56.560
411	11.8580500	2632.883	427.374	408.652	79.233	42.309	55.354
412	11.8869000	2643.027	427.640	408.856	79.302	42.436	53.992
413	11.9157500	2637.782	428.119	409.032	79.160	42.427	52.971
414	11.9446000	2623.919	428.557	409.217	78.795	42.400	51.207
415	11.9734600	2631.442	429.077	409.360	79.038	42.390	50.364
416	12.0023100	2638.751	429.412	409.529	78.894	42.586	48.820
417	12.0311600	2642.267	429.824	409.719	79.077	42.544	47.346
418	12.0600100	2631.492	430.292	409.954	78.759	42.542	46.181
419	12.0888600	2639.218	430.848	410.017	78.803	42.642	44.641
420	12.1177100	2640.813	431.319	410.130	78.895	42.619	43.590
421	12.1465700	2639.059	431.769	410.244	78.742	42.673	41.557
422	12.1754200	2643.239	432.257	410.350	78.905	42.652	40.647
423	12.2042700	2634.625	432.620	410.384	78.732	42.607	38.898
424	12.2331200	2626.844	433.066	410.583	78.616	42.544	37.354
425	12.2619700	2648.861	433.415	410.598	78.838	42.780	36.265
426	12.2908300	2638.570	433.946	410.616	78.888	42.586	34.928
427	12.3196800	2651.804	434.448	410.698	78.796	42.850	33.834
428	12.3485300	2641.556	434.903	410.770	78.751	42.708	32.430
429	12.3773800	2632.916	435.234	410.974	78.369	42.776	30.682
430	12.4062300	2665.430	435.534	411.106	78.804	43.066	30.096
431	12.4350800	2633.534	436.237	411.042	78.611	42.655	28.144
432	12.4639400	2637.405	436.806	410.912	78.650	42.696	26.697
433	12.4927900	2638.151	437.313	410.956	78.764	42.646	25.413
434	12.5216400	2648.915	437.624	411.181	78.551	42.937	23.853
435	12.5504900	2627.810	438.000	411.300	78.097	42.842	22.465
436	12.5793400	2620.836	438.429	411.331	78.036	42.762	20.747
437	12.6081900	2618.358	438.908	411.326	78.245	42.607	19.537
438	12.6370500	2627.947	439.407	411.289	78.653	42.541	18.432
439	12.6659000	2620.200	439.734	411.343	78.230	42.645	17.117
440	12.6947500	2625.058	440.176	411.243	78.296	42.688	15.799
441	12.7236000	2621.414	440.587	411.292	78.424	42.559	13.825
442	12.7524500	2638.231	441.077	411.116	78.487	42.798	13.251
443	12.7813000	2628.774	441.574	410.957	78.061	42.877	11.751
444	12.8101600	2623.206	441.879	410.968	78.563	42.513	10.311
445	12.8390100	2624.560	442.201	411.015	77.994	42.846	9.252
446	12.8678600	2628.193	442.746	410.810	78.626	42.560	7.873
447	12.8967100	2626.544	443.179	410.680	78.016	42.866	6.531
448	12.9255600	2626.261	443.548	410.579	78.319	42.695	5.083
449	12.9544100	2621.577	444.103	410.493	78.423	42.562	3.730
450	12.9832700	2636.818	444.413	410.142	78.470	42.784	2.550
451	13.0121200	2622.143	444.823	409.965	78.433	42.566	1.101
452	13.0409700	2626.794	445.225	409.967	78.183	42.778	179.239
453	13.0698200	2620.911	445.640	409.712	78.018	42.773	178.012
454	13.0986700	2625.234	446.069	409.228	78.746	42.448	176.802
455	13.1275200	2613.788	446.421	409.300	78.369	42.465	174.649
456	13.1563800	2623.406	446.820	408.993	79.009	42.277	174.146
457	13.1852300	2617.786	447.105	408.898	78.598	42.406	172.437
458	13.2140800	2620.349	447.521	408.479	78.096	42.721	171.009
459	13.2429300	2635.334	447.820	408.033	78.859	42.550	170.032
460	13.2717800	2635.371	448.171	407.851	78.646	42.665	168.625
461	13.3006300	2620.721	448.310	407.770	78.211	42.664	167.093
462	13.3294900	2613.474	448.703	407.419	78.265	42.517	166.004
463	13.3583400	2627.086	449.023	407.047	78.651	42.529	164.868
464	13.3871900	2620.513	449.396	406.915	78.600	42.449	163.318
465	13.4160400	2612.588	449.586	406.662	78.414	42.421	161.945
466	13.4448900	2616.366	449.904	406.439	78.667	42.346	161.108
467	13.4737400	2595.892	450.174	406.247	78.291	42.217	159.616
468	13.5026000	2627.754	450.471	405.779	78.942	42.383	158.623
469	13.5314500	2612.839	450.632	405.420	78.761	42.239	157.547
470	13.5603000	2623.148	450.950	404.933	78.718	42.429	156.204
471	13.5891500	2604.253	451.216	404.880	78.448	42.268	154.779
472	13.6180000	2615.154	451.487	404.507	78.380	42.482	153.579
473	13.6468600	2629.800	451.658	404.031	79.144	42.307	152.824
474	13.6757100	2611.938	451.984	403.860	78.569	42.327	151.274
475	13.7045600	2622.931	452.171	403.502	78.698	42.436	150.403
476	13.7334100	2621.462	452.253	403.194	78.707	42.407	148.876
477	13.7622600	2624.114	452.493	402.701	78.732	42.437	147.805
478	13.7911100	2628.430	452.639	402.355	78.921	42.405	147.183
479	13.8199700	2634.861	452.925	402.119	78.898	42.521	145.760
480	13.8488200	2632.700	453.123	401.841	78.914	42.477	144.307
481	13.8776700	2637.323	453.266	401.310	79.077	42.464	143.446
482	13.9065200	2635.894	453.468	400.835	78.951	42.509	142.329
483	13.9353700	2619.780	453.546	400.509	78.775	42.344	141.074
484	13.9642200	2624.294	453.694	400.157	78.613	42.504	139.906
485	13.9930800	2631.113	453.698	399.570	79.039	42.384	138.645
486	14.0219300	2634.854	453.930	399.353	78.951	42.492	137.653
487	14.0507800	2622.885	454.146	398.994	78.608	42.484	136.847
488	14.0796300	2626.808	454.359	398.525	78.869	42.407	135.345
489	14.1084800	2630.762	454.571	398.186	79.014	42.392	134.061
490	14.1373300	2630.498	454.428	397.653	79.244	42.265	132.929
491	14.1661900	2632.751	454.704	397.441	79.252	42.297	131.307
492	14.1950400	2642.130	454.658	396.881	79.219	42.466	130.204
493	14.2238900	2623.605	454.638	396.471	79.121	42.220	128.706
494	14.2527400	2648.949	454.831	396.078	79.347	42.506	127.571
495	14.2815900	2626.447	454.808	395.596	79.244	42.200	126.643
496	14.3104400	2627.128	454.706	395.210	79.222	42.223	125.491
497	14.3393000	2638.711	454.948	394.855	79.569	42.224	123.832
498	14.3681500	2631.581	454.775	394.349	79.417	42.190	122.797
499	14.3970000	2610.108	454.717	393.896	79.276	41.920	121.533
500	14.4258500	2618.279	454.819	393.542	79.672	41.843	120.346
501	14.4547000	2625.592	455.104	393.202	79.150	42.236	118.697
502	14.4835500	2633.621	454.889	392.582	79.377	42.244	117.988
503	14.5124100	2631.026	454.895	392.247	79.502	42.136	116.645
504	14.5412600	2617.770	454.874	391.816	79.276	42.044	115.416
505	14.5701100	2609.189	454.749	391.244	79.083	42.008	114.377
506	14.5989600	2628.542	454.893	390.234	79.652	42.017	110.249
507	14.6278100	2632.092	454.682	389.776	79.650	42.075	109.651
508	14.6566600	2627.015	454.572	389.308	79.886	41.870	107.827
509	14.6855200	2628.494	454.410	388.879	80.142	41.759	106.760
510	14.7143700	2626.493	454.352	388.519	79.640	41.991	105.533
511	14.7432200	2619.683	453.958	388.125	79.847	41.773	104.270
512	14.7720700	2626.191	454.052	387.637	79.988	41.803	102.956
513	14.8009200	2623.796	453.693	387.250	80.007	41.755	101.850
514	14.8297700	2623.883	453.564	386.761	80.095	41.711	100.730
515	14.8586300	2631.440	453.445	386.391	80.277	41.736	99.221
516	14.8874800	2627.769	453.345	386.048	80.152	41.743	98.125
517	14.9163300	2630.423	453.123	385.635	79.870	41.933	97.079
518	14.9451800	2627.222	452.795	385.151	79.851	41.892	95.786
519	14.9740300	2629.922	452.740	384.781	80.186	41.759	94.553
520	15.0028900	2625.082	452.468	384.347	80.071	41.743	93.395
521	15.0317400	2622.568	452.449	384.027	79.872	41.806	92.029
522	15.0605900	2628.741	452.207	383.598	79.988	41.844	90.864
523	15.0894400	2629.198	451.894	383.149	80.086	41.800	89.829
524	15.1182900	2639.145	451.736	382.897	80.195	41.901	88.516
525	15.1471400	2626.127	451.380	382.519	79.797	41.902	87.358
526	15.1760000	2639.204	451.085	382.130	80.032	41.988	85.973
527	15.2048500	2641.619	450.812	381.825	80.391	41.838	84.626
528	15.2337000	2636.777	450.432	381.332	79.737	42.104	83.577
529	15.2625500	2635.319	450.322	380.983	80.284	41.794	81.756
530	15.2914000	2632.331	449.867	380.568	80.106	41.839	80.984
531	15.3202500	2627.142	449.609	380.192	79.579	42.034	79.875
532	15.3491100	2634.403	449.363	379.963	79.734	42.067	78.560
533	15.3779600	2642.538	448.990	379.615	80.058	42.027	76.930
534	15.4068100	2626.178	448.614	379.324	79.680	41.965	75.768
535	15.4356600	2636.520	448.350	379.036	79.565	42.191	74.460
536	15.4645100	2638.915	447.910	378.778	79.527	42.249	73.258
537	15.4933600	2641.106	447.706	378.471	79.533	42.281	72.077
538	15.5222200	2639.412	447.099	378.242	79.749	42.140	70.496
539	15.5510700	2654.718	446.850	377.913	79.824	42.344	69.242
540	15.5799200	2637.166	446.356	377.638	79.440	42.267	68.051
541	15.6087700	2639.236	445.986	377.511	79.300	42.375	66.891
542	15.6376200	2642.861	445.619	377.084	79.888	42.122	65.583
543	15.6664700	2653.922	445.331	376.910	79.905	42.289	64.192
544	15.6953300	2647.042	444.884	376.813	79.782	42.244	63.059
545	15.7241800	2643.584	444.443	376.541	79.444	42.369	61.940
546	15.7530300	2647.983	444.006	376.399	79.205	42.567	60.887
547	15.7818800	2649.662	443.509	376.245	79.292	42.547	59.089
548	15.8107300	2661.042	443.158	376.045	79.412	42.665	57.710
549	15.8395800	2643.538	442.685	375.926	79.550	42.311	56.491
550	15.8684400	2651.476	442.236	375.845	79.425	42.505	54.901
551	15.8972900	2646.090	441.872	375.721	79.251	42.512	53.678
552	15.9261400	2658.392	441.392	375.662	79.566	42.540	52.724
553	15.9549900	2657.729	441.140	375.402	79.590	42.517	51.201
554	15.9838400	2673.627	440.571	375.454	79.604	42.764	49.827
555	16.0126900	2660.564	439.948	375.306	78.955	42.905	49.054
556	16.0415500	2656.869	439.567	375.240	79.129	42.751	47.722
557	16.0704000	2657.719	439.200	375.225	79.196	42.728	46.170
558	16.0992500	2655.379	438.833	375.139	79.427	42.567	45.011
559	16.1281000	2657.512	438.314	375.192	79.364	42.635	43.863
560	16.1569500	2661.884	437.949	375.056	79.489	42.637	42.218
561	16.1858000	2663.275	437.498	375.081	79.204	42.813	41.009
562	16.2146600	2663.579	437.062	374.845	79.358	42.735	39.368
563	16.2435100	2661.912	436.655	374.727	79.053	42.873	38.268
564	16.2723600	2669.834	436.307	374.764	79.564	42.724	37.057
565	16.3012100	2674.791	435.790	374.742	79.673	42.745	35.987
566	16.3300600	2672.759	435.403	374.717	79.511	42.800	34.439
567	16.3589200	2671.157	434.957	374.755	79.479	42.791	33.024
568	16.3877700	2670.758	434.524	374.794	79.410	42.822	31.944
569	16.4166200	2659.955	434.177	374.797	79.092	42.821	30.238
570	16.4454700	2673.983	433.565	374.983	79.245	42.963	29.404
571	16.4743200	2675.901	433.242	374.986	79.483	42.865	27.928
572	16.5031700	2673.105	432.864	375.052	79.339	42.898	26.532
573	16.5320300	2674.785	431.510	375.208	79.564	42.804	22.334
574	16.5608800	2689.936	431.039	375.375	79.636	43.007	21.614
575	16.5897300	2681.045	430.604	375.528	79.446	42.968	20.120
576	16.6185800	2681.986	430.164	375.580	79.343	43.039	18.478
577	16.6474300	2678.089	429.804	375.834	79.128	43.093	17.406
578	16.6762800	2680.139	429.348	376.040	79.178	43.099	15.729
579	16.7051400	2683.093	429.037	376.279	79.735	42.845	14.352
580	16.7339900	2678.984	428.602	376.386	79.555	42.876	12.805
581	16.7628400	2678.713	428.247	376.592	79.415	42.947	11.754
582	16.7916900	2674.054	427.876	376.818	79.420	42.870	10.857
583	16.8205400	2665.181	427.400	376.991	79.149	42.874	9.222
584	16.8493900	2678.200	427.048	377.380	79.199	43.056	8.008
585	16.8782500	2694.795	426.672	377.497	79.406	43.210	6.307
586	16.9071000	2675.824	426.298	377.804	79.559	42.823	4.933
587	16.9359500	2684.615	425.842	377.960	79.524	42.982	3.851
588	16.9648000	2670.826	425.498	378.284	79.208	42.932	2.913
589	16.9936500	2672.308	425.262	378.731	79.225	42.947	1.128
590	17.0225000	2685.238	424.921	378.944	79.471	43.022	0.182
591	17.0513600	2674.451	424.621	379.160	79.182	43.005	178.935
592	17.0802100	2677.180	424.331	379.436	79.156	43.063	177.813
593	17.1090600	2665.729	424.024	379.551	79.564	42.659	176.659
594	17.1379100	2686.644	423.748	379.991	79.455	43.053	175.362
595	17.1667600	2673.043	423.573	380.291	79.434	42.846	174.259
596	17.1956100	2677.405	423.257	380.625	79.104	43.095	172.668
597	17.2244700	2688.785	423.002	381.011	79.417	43.108	171.405
598	17.2533200	2689.854	422.688	381.335	79.318	43.178	169.910
599	17.2821700	2677.086	422.444	381.619	79.239	43.017	168.656
600	17.3110200	2673.771	422.259	381.974	79.231	42.967	167.441
601	17.3398700	2681.594	421.930	382.424	79.388	43.008	166.182
602	17.3687200	2690.652	421.684	382.791	79.574	43.053	165.105
603	17.3975800	2683.339	421.362	382.934	79.222	43.126	163.753
604	17.4264300	2686.555	421.018	383.354	79.232	43.173	162.636
605	17.4552800	2676.860	420.965	383.842	79.360	42.947	161.321
606	17.4841300	2683.039	420.771	384.147	79.424	43.012	160.019
607	17.5129800	2686.076	420.379	384.506	79.140	43.215	158.879
608	17.5418300	2676.599	420.100	384.800	79.042	43.116	157.747
609	17.5706900	2675.205	419.855	385.164	79.208	43.003	156.716
610	17.5995400	2678.529	419.872	385.716	79.300	43.007	155.042
611	17.6283900	2676.831	419.726	386.149	79.519	42.861	153.666
612	17.6572400	2676.885	419.438	386.485	79.418	42.916	152.357
613	17.6860900	2671.359	419.251	387.020	79.272	42.906	151.414
614	17.7149500	2670.142	419.005	387.344	79.408	42.813	149.818
615	17.7438000	2667.009	418.878	387.872	79.153	42.901	148.652
616	17.7726500	2670.075	418.739	388.174	79.087	42.986	147.464
617	17.8015000	2673.018	418.529	388.472	79.395	42.867	145.907
618	17.8303500	2679.388	418.417	389.072	79.340	42.999	144.659
619	17.8592000	2670.543	418.175	389.487	79.053	43.012	143.402
620	17.8880600	2661.994	418.033	389.906	79.085	42.857	142.019
621	17.9169100	2676.854	418.179	390.355	79.372	42.941	140.802
622	17.9457600	2664.282	418.196	390.733	79.327	42.763	139.731
623	17.9746100	2668.219	417.919	391.121	79.359	42.809	138.273
624	18.0034600	2675.893	417.709	391.453	79.334	42.946	137.515
625	18.0323100	2670.212	417.582	391.950	79.027	43.021	135.822
626	18.0611700	2666.538	417.718	392.300	79.389	42.766	134.580
627	18.0900200	2655.437	417.835	392.789	79.283	42.645	133.384
628	18.1188700	2674.566	417.751	393.199	79.299	42.943	132.275
629	18.1477200	2675.717	417.578	393.549	79.632	42.782	130.914
630	18.1765700	2678.242	417.402	394.041	79.625	42.826	129.725
631	18.2054200	2656.954	417.572	394.552	79.270	42.676	128.367
632	18.2342800	2661.794	417.768	394.962	79.468	42.647	127.299
633	18.2631300	2658.983	417.803	395.445	79.239	42.726	125.888
634	18.2919800	2672.577	417.665	395.868	79.475	42.816	124.807
635	18.3208300	2658.812	417.617	396.462	79.281	42.700	123.319
636	18.3496800	2654.750	417.538	396.881	79.491	42.522	121.987
637	18.3785300	2670.908	417.782	397.499	79.777	42.627	120.790
638	18.4073900	2669.894	417.859	397.775	79.706	42.649	119.248
639	18.4362400	2663.695	418.069	398.327	79.876	42.460	117.902
640	18.4650900	2648.704	418.090	398.860	79.618	42.358	116.487
641	18.4939400	2651.083	417.832	399.216	79.574	42.419	115.073
642	18.5227900	2647.409	418.053	399.758	79.714	42.286	114.040
643	18.5516400	2657.024	418.260	400.194	79.825	42.380	112.735
644	18.5805000	2650.220	418.442	400.714	79.826	42.272	111.471
645	18.6093500	2655.474	418.581	401.222	80.136	42.191	110.234
646	18.6382000	2648.637	418.468	401.644	80.095	42.105	108.628
647	18.6670500	2653.191	418.652	402.188	80.039	42.206	107.366
648	18.6959000	2661.473	418.954	402.626	80.102	42.305	106.308
649	18.7247500	2652.837	419.302	403.099	79.986	42.228	104.956
650	18.7536100	2648.864	419.369	403.543	79.949	42.185	103.751
651	18.7824600	2656.344	419.454	403.883	80.003	42.275	102.500
652	18.8113100	2650.860	419.502	404.270	80.183	42.093	101.300
653	18.8401600	2628.351	419.692	404.730	79.661	42.010	100.171
654	18.8690100	2639.248	420.130	405.233	79.760	42.131	98.853
655	18.8978600	2635.243	420.336	405.566	79.826	42.033	97.854
656	18.9267200	2633.834	420.380	405.986	80.104	41.865	96.492
657	18.9555700	2644.900	420.444	406.375	80.340	41.917	95.233
658	18.9844200	2635.509	420.843	406.789	80.122	41.882	93.876
659	19.0132700	2625.938	421.018	407.256	80.160	41.710	92.645
660	19.0421200	2636.671	421.485	407.729	80.046	41.940	91.213
661	19.0709800	2643.778	421.613	408.070	79.983	42.086	90.191
662	19.0998300	2639.622	421.747	408.442	80.358	41.823	88.864
663	19.1286800	2642.189	421.906	408.888	80.304	41.893	87.432
664	19.1575300	2632.452	422.359	409.282	79.906	41.946	86.099
665	19.1863800	2627.856	422.829	409.686	80.094	41.775	84.707
666	19.2152300	2635.388	423.114	410.095	80.006	41.940	83.515
667	19.2440900	2641.757	423.451	410.369	80.134	41.975	82.052
668	19.2729400	2641.244	423.525	410.810	80.338	41.860	81.012
669	19.3017900	2636.217	423.950	411.099	79.863	42.029	79.674
670	19.3306400	2643.406	424.250	411.492	79.908	42.119	78.354
671	19.3594900	2624.322	424.688	411.868	79.697	41.926	77.290
672	19.3883400	2628.697	425.078	412.169	79.716	41.986	76.079
673	19.4172000	2627.366	425.270	412.532	79.898	41.869	74.874
674	19.4460500	2634.336	425.503	412.999	79.808	42.027	73.670
675	19.4749000	2617.692	425.871	413.262	79.343	42.007	72.526
676	19.5037500	2629.098	426.407	413.409	79.862	41.916	71.120
677	19.5326000	2633.726	426.765	413.818	79.774	42.036	70.049
678	19.5614500	2625.522	427.096	414.067	79.412	42.096	68.884
679	19.5903100	2627.800	427.367	414.386	79.431	42.122	67.697
680	19.6191600	2632.199	427.812	414.525	79.329	42.247	66.027
681	19.6480100	2644.476	428.236	414.831	80.085	42.043	64.773
682	19.6768600	2635.142	428.831	415.007	79.500	42.204	63.638
683	19.7057100	2634.082	429.166	415.244	79.305	42.290	62.215
684	19.7345600	2639.972	429.452	415.416	79.473	42.295	61.026
685	19.7634200	2641.810	429.691	415.655	79.244	42.447	59.840
686	19.7922700	2638.736	430.287	415.782	79.427	42.300	58.700
687	19.8211200	2648.597	430.808	415.961	79.504	42.417	57.511
688	19.8499700	2654.633	431.140	416.161	79.444	42.546	56.379
689	19.8788200	2641.308	431.507	416.339	79.345	42.385	54.701
690	19.9076700	2642.822	432.327	416.536	79.295	42.436	52.254
691	19.9365300	2627.989	432.951	416.611	79.040	42.334	50.471
692	19.9653800	2635.581	433.245	416.819	79.054	42.449	49.352
693	19.9942300	2656.613	433.699	416.947	79.664	42.460	48.006
694	20.0230800	2637.358	434.035	416.986	78.922	42.548	46.763
695	20.0519300	2631.160	434.471	417.127	78.826	42.500	45.341
696	20.0807800	2646.090	434.891	417.281	78.937	42.681	44.071
697	20.1096400	2652.309	435.391	417.410	79.273	42.600	42.956
698	20.1384900	2648.980	435.804	417.459	79.244	42.562	41.691
699	20.1673400	2680.076	435.890	417.545	78.809	43.299	41.037
700	20.1961900	2647.007	436.432	417.721	78.958	42.684	39.296
701	20.2250400	2641.675	437.121	417.554	79.044	42.552	37.885
702	20.2538900	2648.804	437.583	417.686	79.019	42.680	36.517
703	20.2827500	2648.675	437.995	417.937	79.054	42.659	35.379
704	20.3116000	2630.120	438.487	417.731	78.568	42.623	33.958
705	20.3404500	2633.177	438.755	417.938	78.492	42.714	32.928
706	20.3693000	2634.988	439.361	417.873	78.771	42.592	31.684
707	20.3981500	2638.254	439.865	417.848	78.476	42.805	30.008
708	20.4270100	2647.170	440.353	417.951	78.693	42.831	28.721
709	20.4558600	2645.215	440.693	417.889	78.834	42.723	27.766
710	20.4847100	2638.773	441.018	417.835	78.853	42.608	25.943
711	20.5135600	2631.978	441.377	417.887	78.649	42.609	24.843
712	20.5424100	2634.572	441.945	417.868	78.665	42.642	23.288
713	20.5712600	2636.304	442.563	417.792	78.869	42.560	21.946
714	20.6001200	2640.986	442.912	417.861	78.593	42.785	20.932
715	20.6289700	2630.896	443.216	417.753	78.356	42.750	19.643
716	20.6578200	2634.960	443.569	417.613	78.533	42.720	17.919
717	20.6866700	2626.934	443.866	417.606	78.250	42.744	16.744
718	20.7155200	2634.500	444.550	417.533	78.241	42.872	15.397
719	20.7443700	2627.952	444.928	417.452	78.283	42.742	14.093
720	20.7732300	2636.849	445.200	417.375	78.265	42.897	12.956
721	20.8020800	2631.876	445.543	417.288	78.471	42.704	11.456
722	20.8309300	2633.768	445.961	417.095	78.453	42.744	9.993
723	20.8597800	2606.609	446.341	417.240	77.826	42.644	7.959
724	20.8886300	2629.242	447.031	416.859	78.321	42.743	7.115
725	20.9174800	2634.526	447.412	416.905	78.463	42.751	5.997
726	20.9463400	2631.931	447.619	416.718	78.228	42.837	4.851
727	20.9751900	2611.598	447.807	416.671	78.272	42.482	3.385
728	21.0040400	2606.325	448.597	416.453	78.252	42.407	2.170
729	21.0328900	2612.155	449.115	416.294	78.066	42.604	0.743
730	21.0617400	2623.773	449.479	416.157	77.706	42.992	179.331
731	21.0905900	2633.504	449.589	416.007	78.210	42.873	178.059
732	21.1194500	2621.513	449.937	415.643	78.552	42.492	177.015
733	21.1483000	2621.806	450.292	415.301	78.401	42.579	175.550
734	21.1771500	2623.208	450.747	415.364	78.500	42.547	174.163
735	21.2060000	2609.573	451.259	415.265	78.046	42.572	173.074
736	21.2348500	2599.554	451.547	414.930	78.235	42.307	171.833
737	21.2637000	2622.339	451.744	414.702	78.547	42.508	170.111
738	21.2925600	2628.663	451.950	414.147	78.571	42.598	169.496
739	21.3214100	2628.544	452.371	413.959	78.740	42.504	168.163
740	21.3502600	2637.644	452.671	413.792	78.737	42.653	166.749
741	21.3791100	2622.555	453.117	413.558	78.768	42.392	165.683
742	21.4079600	2620.974	453.323	413.030	78.895	42.298	165.060
743	21.4368100	2622.566	453.534	412.931	78.538	42.517	163.145
744	21.4656700	2617.035	453.678	412.447	78.654	42.364	162.093
745	21.4945200	2615.915	454.126	412.355	78.426	42.469	160.318
746	21.5233700	2611.385	454.685	412.278	78.212	42.512	159.377
747	21.5522200	2620.817	454.723	411.837	78.649	42.428	158.009
748	21.5810700	2616.209	454.956	411.659	78.680	42.337	156.392
749	21.6099200	2605.598	455.094	411.124	78.279	42.381	155.551
750	21.6387800	2623.717	455.505	410.869	78.734	42.429	154.539
751	21.6676300	2616.416	455.933	410.618	78.336	42.526	153.026
752	21.6964800	2618.573	456.212	410.135	78.625	42.405	151.947
753	21.7253300	2631.993	456.450	409.958	78.865	42.492	150.788
754	21.7541800	2615.919	456.572	409.632	78.710	42.316	149.407
755	21.7830400	2621.305	456.736	409.317	78.796	42.357	148.342
756	21.8118900	2607.447	456.985	409.047	78.412	42.339	146.967
757	21.8407400	2625.158	457.222	408.549	78.923	42.351	146.104
758	21.8695900	2612.190	457.239	408.083	78.793	42.211	144.666
759	21.8984400	2612.488	457.342	407.641	78.484	42.382	144.018
760	21.9272900	2634.474	457.363	407.296	79.120	42.395	142.436
761	21.9561500	2628.606	457.717	406.784	79.120	42.301	141.175
762	21.9850000	2627.348	457.911	406.481	78.811	42.446	140.158
763	22.0138500	2631.219	457.875	405.917	79.088	42.360	139.414
764	22.0427000	2633.489	458.012	405.694	78.948	42.472	138.335
765	22.0715500	2634.941	458.072	405.289	78.727	42.615	137.243
766	22.1004000	2627.491	458.319	405.037	78.982	42.357	136.212
767	22.1292600	2620.478	458.422	404.544	78.842	42.319	134.948
768	22.1581100	2634.777	458.615	404.138	78.982	42.475	133.523
769	22.1869600	2627.315	458.671	403.835	79.152	42.263	132.291
770	22.2158100	2637.825	458.688	403.422	79.268	42.370	131.421
771	22.2446600	2636.916	458.804	402.897	79.115	42.437	130.168
772	22.2735100	2634.971	458.897	402.561	79.408	42.250	128.323
773	22.3023700	2628.997	459.111	402.013	79.335	42.193	127.625
774	22.3312200	2612.895	459.088	401.586	79.150	42.032	126.498
775	22.3600700	2630.660	459.002	401.148	79.455	42.155	124.777
776	22.3889200	2620.993	459.003	400.755	79.365	42.048	123.530
777	22.4177700	2618.168	459.203	400.335	78.935	42.232	122.495
778	22.4466200	2621.706	459.385	399.983	79.159	42.169	120.834
779	22.4754800	2627.624	459.338	399.509	79.050	42.323	120.161
780	22.5043300	2623.091	459.193	399.076	79.013	42.270	118.961
781	22.5331800	2622.211	458.939	398.683	79.235	42.136	117.725
782	22.5620300	2617.240	458.796	398.195	79.288	42.029	116.229
783	22.5908800	2616.200	458.944	397.880	79.099	42.112	115.271
784	22.6197300	2623.355	458.985	397.309	79.478	42.026	113.949
785	22.6485900	2620.075	458.820	396.798	79.359	42.036	112.825
786	22.6774400	2615.261	458.493	396.487	79.420	41.927	111.577
787	22.7062900	2613.347	458.554	396.044	79.427	41.893	110.060
788	22.7351400	2611.350	458.499	395.512	79.179	41.992	108.805
789	22.7639900	2621.185	458.839	395.259	79.419	42.023	107.503
790	22.7928400	2642.552	458.719	394.763	79.909	42.106	106.080
791	22.8217000	2635.772	458.316	394.341	79.862	42.022	104.927
792	22.8505500	2633.459	458.096	393.913	79.801	42.018	103.754
793	22.8794000	2631.462	457.884	393.480	79.807	41.982	102.778
794	22.9082500	2633.246	458.020	393.032	79.866	41.980	101.614
795	22.9371000	2621.115	458.045	392.675	79.797	41.823	100.196
796	22.9659500	2633.242	457.962	392.290	79.641	42.099	99.243
797	22.9948100	2622.615	457.595	391.838	80.045	41.717	97.912
798	23.0236600	2631.370	457.465	391.405	79.931	41.916	96.809
799	23.0525100	2633.206	457.495	391.025	80.200	41.804	95.390
