1	2.865330e-02	2.732872e+03	3.991391e+02	4.309201e+02	7.980795e+01	4.359969e+01	1.332208e+02
2	5.730659e-02	2.724135e+03	3.985808e+02	4.294702e+02	7.994270e+01	4.338704e+01	1.343085e+02
3	8.595989e-02	2.717537e+03	3.983763e+02	4.282473e+02	7.932798e+01	4.361734e+01	1.355516e+02
4	1.146132e-01	2.731594e+03	3.976574e+02	4.267640e+02	7.963725e+01	4.367270e+01	1.366284e+02
5	1.432665e-01	2.724353e+03	3.972547e+02	4.254411e+02	7.963564e+01	4.355781e+01	1.383291e+02
6	1.719198e-01	2.724981e+03	3.968223e+02	4.241156e+02	7.970403e+01	4.353046e+01	1.390641e+02
7	2.005731e-01	2.722938e+03	3.965404e+02	4.226677e+02	7.973579e+01	4.348050e+01	1.403277e+02
8	2.292264e-01	2.723589e+03	3.961340e+02	4.212510e+02	7.964232e+01	4.354193e+01	1.417971e+02
9	2.578797e-01	2.730847e+03	3.958659e+02	4.199483e+02	7.961802e+01	4.367131e+01	1.424318e+02
10	2.865330e-01	2.729290e+03	3.954454e+02	4.185157e+02	7.997272e+01	4.345282e+01	1.435125e+02
11	3.151862e-01	2.716435e+03	3.951107e+02	4.171560e+02	7.941652e+01	4.355105e+01	1.442842e+02
12	3.438395e-01	2.713244e+03	3.948307e+02	4.158011e+02	7.926749e+01	4.358167e+01	1.450301e+02
13	3.724928e-01	2.709957e+03	3.947103e+02	4.143741e+02	7.936205e+01	4.347700e+01	1.461637e+02
14	4.011461e-01	2.710350e+03	3.947715e+02	4.130874e+02	7.922982e+01	4.355589e+01	1.478444e+02
15	4.297994e-01	2.705349e+03	3.947330e+02	4.116649e+02	7.910899e+01	4.354192e+01	1.492641e+02
16	4.584527e-01	2.705087e+03	3.947376e+02	4.101160e+02	7.909021e+01	4.354803e+01	1.507998e+02
17	4.871060e-01	2.715223e+03	3.946539e+02	4.086465e+02	7.918330e+01	4.365983e+01	1.524424e+02
18	5.157593e-01	2.725067e+03	3.946913e+02	4.069830e+02	7.960622e+01	4.358533e+01	1.540374e+02
19	5.444126e-01	2.725378e+03	3.946848e+02	4.056070e+02	7.946677e+01	4.366679e+01	1.551638e+02
20	5.730659e-01	2.709473e+03	3.948206e+02	4.041883e+02	7.917693e+01	4.357087e+01	1.570103e+02
21	6.017192e-01	2.723340e+03	3.949340e+02	4.025369e+02	7.977715e+01	4.346438e+01	1.586157e+02
22	6.303725e-01	2.707772e+03	3.952609e+02	4.012997e+02	7.917979e+01	4.354194e+01	1.599303e+02
23	6.590258e-01	2.697962e+03	3.953705e+02	3.998410e+02	7.895938e+01	4.350530e+01	1.612712e+02
24	6.876791e-01	2.695941e+03	3.957525e+02	3.984258e+02	7.876902e+01	4.357777e+01	1.629085e+02
25	7.163324e-01	2.700694e+03	3.960809e+02	3.969248e+02	7.929719e+01	4.336383e+01	1.646423e+02
26	7.449857e-01	2.702735e+03	3.963038e+02	3.954458e+02	7.915022e+01	4.347719e+01	1.660394e+02
27	7.736390e-01	2.694471e+03	3.967379e+02	3.943520e+02	7.862271e+01	4.363506e+01	1.666002e+02
28	8.022923e-01	2.671156e+03	3.972717e+02	3.931630e+02	7.794525e+01	4.363347e+01	1.683923e+02
29	8.309456e-01	2.702203e+03	3.977298e+02	3.913922e+02	7.913178e+01	4.347876e+01	1.709434e+02
30	8.595989e-01	2.704570e+03	3.981388e+02	3.900235e+02	7.893375e+01	4.362602e+01	1.726471e+02
31	8.882521e-01	2.694395e+03	3.986220e+02	3.888007e+02	7.845069e+01	4.372950e+01	1.737449e+02
32	9.169054e-01	2.657323e+03	3.993685e+02	3.876065e+02	7.812341e+01	4.330851e+01	1.750401e+02
33	9.455587e-01	2.701722e+03	3.999807e+02	3.860183e+02	7.897621e+01	4.355666e+01	1.774533e+02
34	9.742120e-01	2.663905e+03	4.006203e+02	3.849698e+02	7.804193e+01	4.346111e+01	1.789513e+02
35	1.002865e+00	2.696851e+03	4.013982e+02	3.833783e+02	7.891076e+01	4.351418e+01	1.231622e+00
36	1.031519e+00	2.663305e+03	4.020927e+02	3.823819e+02	7.802563e+01	4.346040e+01	2.537556e+00
37	1.060172e+00	2.677649e+03	4.029976e+02	3.810945e+02	7.862760e+01	4.335995e+01	4.556815e+00
38	1.088825e+00	2.692704e+03	4.036096e+02	3.799697e+02	7.837367e+01	4.374501e+01	6.154654e+00
39	1.117479e+00	2.692399e+03	4.045260e+02	3.785146e+02	7.904549e+01	4.336831e+01	7.916566e+00
40	1.146132e+00	2.676514e+03	4.053546e+02	3.775799e+02	7.836947e+01	4.348433e+01	9.548084e+00
41	1.174785e+00	2.689317e+03	4.064157e+02	3.762089e+02	7.928552e+01	4.318752e+01	1.153598e+01
42	1.203438e+00	2.670139e+03	4.072631e+02	3.753021e+02	7.858514e+01	4.326169e+01	1.304916e+01
43	1.232092e+00	2.686522e+03	4.082892e+02	3.741320e+02	7.911102e+01	4.323779e+01	1.492544e+01
44	1.260745e+00	2.683234e+03	4.094838e+02	3.729514e+02	7.897173e+01	4.326105e+01	1.719702e+01
45	1.289398e+00	2.687367e+03	4.105076e+02	3.720287e+02	7.865145e+01	4.350412e+01	1.892924e+01
46	1.318052e+00	2.686399e+03	4.115832e+02	3.708423e+02	7.901043e+01	4.329086e+01	2.055687e+01
47	1.346705e+00	2.677693e+03	4.127858e+02	3.698941e+02	7.893062e+01	4.319419e+01	2.230751e+01
48	1.375358e+00	2.682136e+03	4.137251e+02	3.689884e+02	7.892851e+01	4.326702e+01	2.405503e+01
49	1.404011e+00	2.681082e+03	4.149731e+02	3.679488e+02	7.909095e+01	4.316119e+01	2.586809e+01
50	1.432665e+00	2.674857e+03	4.161053e+02	3.671564e+02	7.887214e+01	4.318044e+01	2.732985e+01
51	1.461318e+00	2.670349e+03	4.174382e+02	3.662607e+02	7.897292e+01	4.305266e+01	2.911974e+01
52	1.489971e+00	2.668743e+03	4.186454e+02	3.654873e+02	7.908450e+01	4.296606e+01	3.126396e+01
53	1.518625e+00	2.653021e+03	4.197769e+02	3.647485e+02	7.875179e+01	4.289339e+01	3.231017e+01
54	1.547278e+00	2.649853e+03	4.210938e+02	3.640355e+02	7.836929e+01	4.305127e+01	3.438315e+01
55	1.575931e+00	2.617128e+03	4.222964e+02	3.634254e+02	7.750441e+01	4.299409e+01	3.574027e+01
56	1.604585e+00	2.645322e+03	4.236735e+02	3.625870e+02	7.844630e+01	4.293547e+01	3.761143e+01
57	1.633238e+00	2.609089e+03	4.248170e+02	3.623732e+02	7.747820e+01	4.287652e+01	3.922092e+01
58	1.661891e+00	2.647374e+03	4.265722e+02	3.614487e+02	7.841376e+01	4.298660e+01	4.164270e+01
59	1.690544e+00	2.635757e+03	4.279909e+02	3.610242e+02	7.814890e+01	4.294302e+01	4.336058e+01
60	1.719198e+00	2.639667e+03	4.294934e+02	3.605206e+02	7.844273e+01	4.284563e+01	4.503183e+01
61	1.747851e+00	2.634447e+03	4.309707e+02	3.602118e+02	7.831447e+01	4.283093e+01	4.743571e+01
62	1.776504e+00	2.630383e+03	4.323371e+02	3.597322e+02	7.808797e+01	4.288892e+01	4.917701e+01
63	1.805158e+00	2.631631e+03	4.339222e+02	3.594006e+02	7.819855e+01	4.284858e+01	5.054486e+01
64	1.833811e+00	2.643728e+03	4.353906e+02	3.592501e+02	7.863598e+01	4.280609e+01	5.262252e+01
65	1.862464e+00	2.636872e+03	4.369376e+02	3.589493e+02	7.861211e+01	4.270804e+01	5.432671e+01
66	1.891117e+00	2.641064e+03	4.386645e+02	3.588396e+02	7.888204e+01	4.262956e+01	5.653439e+01
67	1.919771e+00	2.645941e+03	4.401301e+02	3.587013e+02	7.893079e+01	4.268191e+01	5.826719e+01
68	1.948424e+00	2.657634e+03	4.415805e+02	3.585934e+02	7.927578e+01	4.268397e+01	5.976870e+01
69	1.977077e+00	2.656219e+03	4.431259e+02	3.585784e+02	7.902370e+01	4.279733e+01	6.173903e+01
70	2.005731e+00	2.660137e+03	4.446342e+02	3.586255e+02	7.962408e+01	4.253728e+01	6.327842e+01
71	2.034384e+00	2.652113e+03	4.461318e+02	3.586456e+02	7.924841e+01	4.261001e+01	6.497045e+01
72	2.063037e+00	2.658008e+03	4.476053e+02	3.588521e+02	7.959172e+01	4.252052e+01	6.646951e+01
73	2.091691e+00	2.649297e+03	4.493061e+02	3.588405e+02	7.948051e+01	4.244046e+01	6.804270e+01
74	2.120344e+00	2.655046e+03	4.507739e+02	3.590278e+02	7.947671e+01	4.253460e+01	7.009103e+01
75	2.148997e+00	2.658705e+03	4.523551e+02	3.593157e+02	8.001396e+01	4.230722e+01	7.129330e+01
76	2.177650e+00	2.653592e+03	4.538203e+02	3.595120e+02	7.955383e+01	4.247008e+01	7.283010e+01
77	2.206304e+00	2.648668e+03	4.552743e+02	3.598725e+02	7.942482e+01	4.246014e+01	7.441953e+01
78	2.234957e+00	2.662523e+03	4.567614e+02	3.602857e+02	7.984908e+01	4.245546e+01	7.621855e+01
79	2.263610e+00	2.662449e+03	4.583001e+02	3.606842e+02	8.003570e+01	4.235529e+01	7.756969e+01
80	2.292264e+00	2.659077e+03	4.598138e+02	3.612571e+02	7.984302e+01	4.240373e+01	7.947645e+01
81	2.320917e+00	2.670652e+03	4.613079e+02	3.617720e+02	8.036868e+01	4.230977e+01	8.094923e+01
82	2.349570e+00	2.652138e+03	4.626606e+02	3.624176e+02	7.995895e+01	4.223175e+01	8.265069e+01
83	2.378223e+00	2.660131e+03	4.641291e+02	3.631621e+02	8.015997e+01	4.225280e+01	8.462463e+01
84	2.406877e+00	2.669808e+03	4.654432e+02	3.637051e+02	8.001572e+01	4.248297e+01	8.628486e+01
85	2.435530e+00	2.668574e+03	4.669657e+02	3.643512e+02	8.029134e+01	4.231755e+01	8.750951e+01
86	2.464183e+00	2.662023e+03	4.682420e+02	3.650997e+02	7.984338e+01	4.245052e+01	8.901635e+01
87	2.492837e+00	2.666594e+03	4.697673e+02	3.658232e+02	8.004381e+01	4.241694e+01	9.043408e+01
88	2.521490e+00	2.677003e+03	4.709885e+02	3.666971e+02	8.037687e+01	4.240606e+01	9.219479e+01
89	2.550143e+00	2.674630e+03	4.722636e+02	3.674549e+02	8.032406e+01	4.239632e+01	9.351023e+01
90	2.578797e+00	2.664306e+03	4.736455e+02	3.683552e+02	8.008032e+01	4.236121e+01	9.499667e+01
91	2.607450e+00	2.675607e+03	4.749087e+02	3.692049e+02	8.021042e+01	4.247189e+01	9.637623e+01
92	2.636103e+00	2.684562e+03	4.761321e+02	3.699996e+02	8.027657e+01	4.257893e+01	9.814601e+01
93	2.664756e+00	2.680411e+03	4.772791e+02	3.709219e+02	7.983318e+01	4.274921e+01	9.936802e+01
94	2.693410e+00	2.692385e+03	4.783872e+02	3.719595e+02	8.034415e+01	4.266709e+01	1.008722e+02
95	2.722063e+00	2.667001e+03	4.797580e+02	3.730321e+02	8.017125e+01	4.235597e+01	1.018994e+02
96	2.750716e+00	2.662303e+03	4.809750e+02	3.740788e+02	7.959807e+01	4.258583e+01	1.038427e+02
97	2.779370e+00	2.672899e+03	4.820681e+02	3.751268e+02	7.999192e+01	4.254481e+01	1.053410e+02
98	2.808023e+00	2.680614e+03	4.832747e+02	3.762636e+02	7.990898e+01	4.271189e+01	1.070829e+02
99	2.836676e+00	2.685026e+03	4.842841e+02	3.772491e+02	7.994367e+01	4.276363e+01	1.081877e+02
100	2.865330e+00	2.684484e+03	4.855073e+02	3.784255e+02	8.006339e+01	4.269106e+01	1.097076e+02
101	2.893983e+00	2.676808e+03	4.863070e+02	3.797078e+02	7.975914e+01	4.273137e+01	1.112939e+02
102	2.922636e+00	2.681340e+03	4.873863e+02	3.809670e+02	7.979683e+01	4.278350e+01	1.131212e+02
103	2.951289e+00	2.664081e+03	4.884001e+02	3.822281e+02	7.975195e+01	4.253204e+01	1.140162e+02
104	2.979943e+00	2.674610e+03	4.893835e+02	3.833594e+02	7.967436e+01	4.274171e+01	1.157613e+02
105	3.008596e+00	2.658922e+03	4.902108e+02	3.847022e+02	7.950190e+01	4.258320e+01	1.169671e+02
106	3.037249e+00	2.682414e+03	4.909529e+02	3.858722e+02	7.957436e+01	4.292030e+01	1.184783e+02
107	3.065903e+00	2.673044e+03	4.918149e+02	3.872642e+02	7.953722e+01	4.279034e+01	1.200865e+02
108	3.094556e+00	2.677877e+03	4.926811e+02	3.886364e+02	7.949525e+01	4.289035e+01	1.217755e+02
109	3.123209e+00	2.675656e+03	4.933944e+02	3.900896e+02	7.951723e+01	4.284293e+01	1.234313e+02
110	3.151862e+00	2.675259e+03	4.940790e+02	3.914663e+02	7.934908e+01	4.292735e+01	1.246773e+02
111	3.180516e+00	2.673736e+03	4.946541e+02	3.928621e+02	7.935686e+01	4.289870e+01	1.267315e+02
112	3.209169e+00	2.670109e+03	4.951886e+02	3.942766e+02	7.917735e+01	4.293765e+01	1.282019e+02
113	3.237822e+00	2.693186e+03	4.959910e+02	3.957240e+02	7.961489e+01	4.307072e+01	1.295929e+02
114	3.266476e+00	2.664139e+03	4.967207e+02	3.973650e+02	7.882830e+01	4.303133e+01	1.307402e+02
115	3.295129e+00	2.662275e+03	4.971604e+02	3.987416e+02	7.879920e+01	4.301711e+01	1.315369e+02
116	3.323782e+00	2.670915e+03	4.976549e+02	4.001067e+02	7.885717e+01	4.312499e+01	1.331402e+02
117	3.352436e+00	2.685783e+03	4.981464e+02	4.017345e+02	7.932553e+01	4.310900e+01	1.350812e+02
118	3.381089e+00	2.687950e+03	4.987111e+02	4.032176e+02	7.898788e+01	4.332822e+01	1.363806e+02
119	3.409742e+00	2.695221e+03	4.991872e+02	4.046317e+02	7.930518e+01	4.327160e+01	1.371988e+02
120	3.438395e+00	2.673473e+03	4.995716e+02	4.062999e+02	7.873093e+01	4.323550e+01	1.387537e+02
121	3.467049e+00	2.672377e+03	5.000980e+02	4.078170e+02	7.881994e+01	4.316897e+01	1.403183e+02
122	3.495702e+00	2.680265e+03	5.004357e+02	4.092388e+02	7.911035e+01	4.313746e+01	1.413602e+02
123	3.524355e+00	2.685340e+03	5.008503e+02	4.108005e+02	7.892406e+01	4.332114e+01	1.419841e+02
124	3.553009e+00	2.695188e+03	5.011888e+02	4.122787e+02	7.901834e+01	4.342815e+01	1.437895e+02
125	3.581662e+00	2.691838e+03	5.013354e+02	4.138977e+02	7.937087e+01	4.318152e+01	1.448897e+02
126	3.610315e+00	2.697821e+03	5.016263e+02	4.155069e+02	7.948056e+01	4.321777e+01	1.459443e+02
127	3.638968e+00	2.711784e+03	5.018300e+02	4.171086e+02	7.960677e+01	4.337257e+01	1.475643e+02
128	3.667622e+00	2.717181e+03	5.019631e+02	4.187463e+02	7.973976e+01	4.338641e+01	1.490089e+02
129	3.696275e+00	2.699202e+03	5.019539e+02	4.201804e+02	7.928049e+01	4.334901e+01	1.505332e+02
130	3.724928e+00	2.705231e+03	5.019781e+02	4.217851e+02	7.919930e+01	4.349036e+01	1.520779e+02
131	3.753582e+00	2.694785e+03	5.019269e+02	4.235108e+02	7.898434e+01	4.344035e+01	1.541523e+02
132	3.782235e+00	2.700342e+03	5.016552e+02	4.250121e+02	7.921325e+01	4.340413e+01	1.557225e+02
133	3.810888e+00	2.701400e+03	5.016051e+02	4.264973e+02	7.949509e+01	4.326719e+01	1.575486e+02
134	3.839542e+00	2.707678e+03	5.014998e+02	4.280685e+02	7.953603e+01	4.334543e+01	1.589265e+02
135	3.868195e+00	2.706332e+03	5.013466e+02	4.296790e+02	7.888654e+01	4.368057e+01	1.604543e+02
136	3.896848e+00	2.696594e+03	5.011249e+02	4.313065e+02	7.893995e+01	4.349395e+01	1.620227e+02
137	3.925501e+00	2.715757e+03	5.009168e+02	4.327587e+02	7.910658e+01	4.371077e+01	1.635948e+02
138	3.954155e+00	2.723400e+03	5.005867e+02	4.343238e+02	7.924696e+01	4.375613e+01	1.653936e+02
139	3.982808e+00	2.702319e+03	5.002295e+02	4.355210e+02	7.930350e+01	4.338648e+01	1.672341e+02
140	4.011461e+00	2.701343e+03	4.999647e+02	4.373052e+02	7.936449e+01	4.333747e+01	1.686953e+02
141	4.040115e+00	2.715227e+03	4.994129e+02	4.388012e+02	7.916154e+01	4.367189e+01	1.701072e+02
142	4.068768e+00	2.702718e+03	4.990356e+02	4.401938e+02	7.929949e+01	4.339508e+01	1.720099e+02
143	4.097421e+00	2.724859e+03	4.983727e+02	4.415820e+02	7.930267e+01	4.374883e+01	1.738806e+02
144	4.126074e+00	2.721272e+03	4.979488e+02	4.429992e+02	7.957711e+01	4.354055e+01	1.755875e+02
145	4.154728e+00	2.713508e+03	4.973361e+02	4.446997e+02	7.932780e+01	4.355278e+01	1.773714e+02
146	4.183381e+00	2.734452e+03	4.966994e+02	4.459171e+02	7.900559e+01	4.406792e+01	1.791306e+02
147	4.212034e+00	2.719211e+03	4.961142e+02	4.473357e+02	7.922323e+01	4.370192e+01	1.278793e+00
148	4.240688e+00	2.717301e+03	4.953690e+02	4.486417e+02	7.958351e+01	4.347351e+01	2.854102e+00
149	4.269341e+00	2.710649e+03	4.945061e+02	4.499629e+02	7.927860e+01	4.353388e+01	4.131809e+00
150	4.297994e+00	2.700834e+03	4.938819e+02	4.514589e+02	7.855929e+01	4.377341e+01	6.208737e+00
151	4.326648e+00	2.722331e+03	4.928451e+02	4.527211e+02	7.908011e+01	4.383125e+01	8.371490e+00
152	4.355301e+00	2.712666e+03	4.921068e+02	4.539142e+02	7.926682e+01	4.357276e+01	9.962133e+00
153	4.383954e+00	2.716484e+03	4.910670e+02	4.552674e+02	7.913408e+01	4.370727e+01	1.207239e+01
154	4.412607e+00	2.696965e+03	4.900901e+02	4.563076e+02	7.891860e+01	4.351170e+01	1.347505e+01
155	4.441261e+00	2.731722e+03	4.890298e+02	4.573823e+02	7.949281e+01	4.375410e+01	1.611152e+01
156	4.469914e+00	2.723142e+03	4.878697e+02	4.583442e+02	7.953102e+01	4.359572e+01	1.844613e+01
157	4.498567e+00	2.727193e+03	4.866407e+02	4.592479e+02	7.982830e+01	4.349798e+01	2.088799e+01
158	4.527221e+00	2.718079e+03	4.855907e+02	4.602080e+02	7.942943e+01	4.357032e+01	2.284341e+01
159	4.555874e+00	2.712634e+03	4.843272e+02	4.612383e+02	7.929575e+01	4.355634e+01	2.487579e+01
160	4.584527e+00	2.735781e+03	4.831558e+02	4.620106e+02	7.976777e+01	4.366807e+01	2.737241e+01
161	4.613181e+00	2.719198e+03	4.818246e+02	4.627899e+02	7.948186e+01	4.355951e+01	2.935250e+01
162	4.641834e+00	2.727048e+03	4.803935e+02	4.636258e+02	7.962791e+01	4.360513e+01	3.159821e+01
163	4.670487e+00	2.733487e+03	4.791147e+02	4.641975e+02	7.980062e+01	4.361349e+01	3.380798e+01
164	4.699140e+00	2.722635e+03	4.778207e+02	4.649108e+02	7.962387e+01	4.353677e+01	3.550287e+01
165	4.727794e+00	2.718914e+03	4.766270e+02	4.653289e+02	7.979244e+01	4.338543e+01	3.732352e+01
166	4.756447e+00	2.732032e+03	4.750146e+02	4.660414e+02	7.992186e+01	4.352415e+01	3.952918e+01
167	4.785100e+00	2.734298e+03	4.736863e+02	4.664507e+02	8.005714e+01	4.348664e+01	4.205329e+01
168	4.813754e+00	2.731882e+03	4.721858e+02	4.669270e+02	8.026150e+01	4.333760e+01	4.418325e+01
169	4.842407e+00	2.729454e+03	4.707822e+02	4.672498e+02	7.999826e+01	4.344156e+01	4.611286e+01
170	4.871060e+00	2.726931e+03	4.692574e+02	4.677413e+02	7.991478e+01	4.344673e+01	4.827898e+01
171	4.899713e+00	2.723959e+03	4.677605e+02	4.680156e+02	7.983418e+01	4.344321e+01	5.014703e+01
172	4.928367e+00	2.725889e+03	4.662317e+02	4.683390e+02	8.001040e+01	4.337824e+01	5.214487e+01
173	4.957020e+00	2.720438e+03	4.648381e+02	4.684496e+02	7.993642e+01	4.333155e+01	5.429932e+01
174	4.985673e+00	2.710626e+03	4.632487e+02	4.686765e+02	7.987460e+01	4.320868e+01	5.630427e+01
175	5.014327e+00	2.713163e+03	4.617359e+02	4.686646e+02	8.022124e+01	4.306224e+01	5.832948e+01
176	5.042980e+00	2.720601e+03	4.602158e+02	4.687292e+02	7.987883e+01	4.336539e+01	5.983635e+01
177	5.071633e+00	2.717687e+03	4.587111e+02	4.687798e+02	8.029944e+01	4.309204e+01	6.187549e+01
178	5.100287e+00	2.715049e+03	4.572303e+02	4.687495e+02	8.027192e+01	4.306497e+01	6.341344e+01
179	5.128940e+00	2.714116e+03	4.556415e+02	4.688307e+02	8.039954e+01	4.298184e+01	6.508757e+01
180	5.157593e+00	2.709382e+03	4.540935e+02	4.688495e+02	8.048266e+01	4.286256e+01	6.709348e+01
181	5.186246e+00	2.709277e+03	4.525135e+02	4.685820e+02	8.031227e+01	4.295183e+01	6.922189e+01
182	5.214900e+00	2.709512e+03	4.511062e+02	4.681809e+02	8.066789e+01	4.276618e+01	7.115433e+01
183	5.243553e+00	2.713043e+03	4.496081e+02	4.679907e+02	8.080224e+01	4.275071e+01	7.257803e+01
184	5.272206e+00	2.714801e+03	4.480617e+02	4.676463e+02	8.074783e+01	4.280725e+01	7.447493e+01
185	5.300860e+00	2.702365e+03	4.465443e+02	4.672767e+02	8.068322e+01	4.264527e+01	7.683362e+01
186	5.329513e+00	2.715419e+03	4.450409e+02	4.667626e+02	8.089899e+01	4.273698e+01	7.862637e+01
187	5.358166e+00	2.715709e+03	4.437578e+02	4.661096e+02	8.074402e+01	4.282357e+01	8.051369e+01
188	5.386819e+00	2.707242e+03	4.423112e+02	4.654434e+02	8.089411e+01	4.261085e+01	8.257772e+01
189	5.415473e+00	2.714611e+03	4.409047e+02	4.649035e+02	8.079466e+01	4.277944e+01	8.419050e+01
190	5.444126e+00	2.700751e+03	4.394426e+02	4.641770e+02	8.097340e+01	4.246707e+01	8.591422e+01
191	5.472779e+00	2.717560e+03	4.379187e+02	4.635993e+02	8.114186e+01	4.264266e+01	8.791324e+01
192	5.501433e+00	2.709990e+03	4.367240e+02	4.627973e+02	8.095743e+01	4.262075e+01	8.962166e+01
193	5.530086e+00	2.704262e+03	4.353648e+02	4.619871e+02	8.092684e+01	4.254674e+01	9.112707e+01
194	5.558739e+00	2.706997e+03	4.341019e+02	4.611610e+02	8.068365e+01	4.271815e+01	9.245617e+01
195	5.587393e+00	2.717379e+03	4.327276e+02	4.602949e+02	8.140972e+01	4.249952e+01	9.411396e+01
196	5.616046e+00	2.710213e+03	4.314604e+02	4.594489e+02	8.079255e+01	4.271125e+01	9.581061e+01
197	5.644699e+00	2.704328e+03	4.303225e+02	4.583948e+02	8.085235e+01	4.258698e+01	9.777467e+01
198	5.673352e+00	2.716373e+03	4.291295e+02	4.574309e+02	8.105576e+01	4.266931e+01	9.951751e+01
199	5.702006e+00	2.698903e+03	4.282646e+02	4.564525e+02	8.060413e+01	4.263243e+01	1.010858e+02
200	5.730659e+00	2.690479e+03	4.270519e+02	4.554109e+02	8.053815e+01	4.253418e+01	1.028699e+02
201	5.759312e+00	2.696017e+03	4.258908e+02	4.542510e+02	8.033169e+01	4.273127e+01	1.044190e+02
202	5.787966e+00	2.706411e+03	4.248631e+02	4.532853e+02	8.058621e+01	4.276053e+01	1.061113e+02
203	5.816619e+00	2.705473e+03	4.237736e+02	4.520120e+02	8.060160e+01	4.273755e+01	1.077825e+02
204	5.845272e+00	2.704012e+03	4.227462e+02	4.507137e+02	8.037214e+01	4.283643e+01	1.095162e+02
205	5.873926e+00	2.702840e+03	4.218659e+02	4.495742e+02	8.027533e+01	4.286950e+01	1.109965e+02
206	5.902579e+00	2.714393e+03	4.209742e+02	4.482896e+02	8.033670e+01	4.301984e+01	1.125673e+02
207	5.931232e+00	2.716167e+03	4.201167e+02	4.469347e+02	8.029618e+01	4.306969e+01	1.145498e+02
208	5.959885e+00	2.711498e+03	4.194299e+02	4.456321e+02	8.018614e+01	4.305466e+01	1.165464e+02
209	5.988539e+00	2.733193e+03	4.186437e+02	4.442232e+02	8.031895e+01	4.332738e+01	1.186381e+02
210	6.017192e+00	2.707161e+03	4.179121e+02	4.429143e+02	7.989609e+01	4.314184e+01	1.203149e+02
211	6.045845e+00	2.718453e+03	4.171764e+02	4.416663e+02	7.990494e+01	4.331699e+01	1.215780e+02
212	6.074499e+00	2.721896e+03	4.165725e+02	4.403721e+02	7.982577e+01	4.341487e+01	1.232260e+02
213	6.103152e+00	2.718912e+03	4.159508e+02	4.389330e+02	8.012634e+01	4.320461e+01	1.248955e+02
214	6.131805e+00	2.715174e+03	4.154022e+02	4.376814e+02	7.982109e+01	4.331020e+01	1.262133e+02
215	6.160458e+00	2.711274e+03	4.148762e+02	4.362301e+02	7.954360e+01	4.339886e+01	1.279716e+02
216	6.189112e+00	2.715505e+03	4.143325e+02	4.346826e+02	7.970667e+01	4.337765e+01	1.298508e+02
217	6.217765e+00	2.713810e+03	4.140375e+02	4.332449e+02	7.972978e+01	4.333801e+01	1.317164e+02
218	6.246418e+00	2.728576e+03	4.135521e+02	4.314595e+02	7.994630e+01	4.345581e+01	1.339107e+02
219	6.275072e+00	2.718249e+03	4.134315e+02	4.300750e+02	7.946873e+01	4.355150e+01	1.360513e+02
220	6.303725e+00	2.717529e+03	4.132223e+02	4.285115e+02	7.946338e+01	4.354289e+01	1.381716e+02
221	6.332378e+00	2.717011e+03	4.131558e+02	4.268928e+02	7.931549e+01	4.361576e+01	1.407827e+02
222	6.361032e+00	2.724753e+03	4.131389e+02	4.254984e+02	7.974825e+01	4.350269e+01	1.423843e+02
223	6.389685e+00	2.716763e+03	4.130855e+02	4.239180e+02	7.931995e+01	4.360933e+01	1.447034e+02
224	6.418338e+00	2.719933e+03	4.133093e+02	4.224500e+02	7.961553e+01	4.349813e+01	1.470102e+02
225	6.446991e+00	2.721704e+03	4.133141e+02	4.207871e+02	7.956419e+01	4.355453e+01	1.491454e+02
226	6.475645e+00	2.721553e+03	4.135262e+02	4.194002e+02	7.925173e+01	4.372383e+01	1.514212e+02
227	6.504298e+00	2.707814e+03	4.138816e+02	4.178952e+02	7.899686e+01	4.364346e+01	1.533848e+02
228	6.532951e+00	2.728928e+03	4.141110e+02	4.162899e+02	7.963615e+01	4.363068e+01	1.558031e+02
229	6.561605e+00	2.713691e+03	4.142279e+02	4.147384e+02	7.906889e+01	4.369833e+01	1.571956e+02
230	6.590258e+00	2.702680e+03	4.146771e+02	4.135018e+02	7.892249e+01	4.360175e+01	1.591478e+02
231	6.618911e+00	2.714945e+03	4.151871e+02	4.119828e+02	7.923840e+01	4.362500e+01	1.617309e+02
232	6.647564e+00	2.731738e+03	4.155323e+02	4.103909e+02	7.960075e+01	4.369503e+01	1.635418e+02
233	6.676218e+00	2.709094e+03	4.160125e+02	4.090413e+02	7.896809e+01	4.367999e+01	1.656966e+02
234	6.704871e+00	2.705209e+03	4.166464e+02	4.075295e+02	7.928680e+01	4.344202e+01	1.685130e+02
235	6.733524e+00	2.692104e+03	4.172444e+02	4.064286e+02	7.878871e+01	4.350488e+01	1.705639e+02
236	6.762178e+00	2.708359e+03	4.178914e+02	4.048622e+02	7.927029e+01	4.350167e+01	1.727395e+02
237	6.790831e+00	2.708804e+03	4.186977e+02	4.035361e+02	7.929769e+01	4.349377e+01	1.747423e+02
238	6.819484e+00	2.696602e+03	4.195142e+02	4.021658e+02	7.900263e+01	4.345957e+01	1.772544e+02
239	6.848138e+00	2.718925e+03	4.202193e+02	4.007928e+02	7.925169e+01	4.368163e+01	1.796798e+02
240	6.876791e+00	2.689160e+03	4.211400e+02	3.997336e+02	7.849284e+01	4.362111e+01	1.638446e+00
241	6.905444e+00	2.706953e+03	4.221021e+02	3.984899e+02	7.919422e+01	4.352085e+01	4.311297e+00
242	6.934097e+00	2.673899e+03	4.230792e+02	3.976996e+02	7.813139e+01	4.357421e+01	6.235178e+00
243	6.962751e+00	2.693685e+03	4.242625e+02	3.964465e+02	7.878103e+01	4.353468e+01	9.191643e+00
244	6.991404e+00	2.689180e+03	4.254092e+02	3.952213e+02	7.904817e+01	4.331498e+01	1.159493e+01
245	7.020057e+00	2.695522e+03	4.264700e+02	3.941556e+02	7.894660e+01	4.347299e+01	1.453934e+01
246	7.048711e+00	2.691109e+03	4.277209e+02	3.933414e+02	7.877196e+01	4.349805e+01	1.670246e+01
247	7.077364e+00	2.707482e+03	4.290022e+02	3.923856e+02	7.951079e+01	4.335604e+01	1.922455e+01
248	7.106017e+00	2.695084e+03	4.304613e+02	3.914967e+02	7.926144e+01	4.329327e+01	2.200188e+01
249	7.134670e+00	2.685693e+03	4.316433e+02	3.909719e+02	7.889754e+01	4.334142e+01	2.448653e+01
250	7.163324e+00	2.691873e+03	4.329980e+02	3.901657e+02	7.914815e+01	4.330360e+01	2.718209e+01
251	7.191977e+00	2.669921e+03	4.343768e+02	3.898524e+02	7.832903e+01	4.339961e+01	3.000479e+01
252	7.220630e+00	2.681557e+03	4.360138e+02	3.889883e+02	7.879945e+01	4.332854e+01	3.257217e+01
253	7.249284e+00	2.736271e+03	4.369281e+02	3.883444e+02	7.824055e+01	4.452842e+01	3.637889e+01
254	7.277937e+00	2.686137e+03	4.389557e+02	3.879153e+02	7.915007e+01	4.321026e+01	3.763596e+01
255	7.306590e+00	2.697779e+03	4.404927e+02	3.874691e+02	7.921203e+01	4.336361e+01	3.999794e+01
256	7.335244e+00	2.688600e+03	4.419270e+02	3.870179e+02	7.919496e+01	4.322537e+01	4.190316e+01
257	7.363897e+00	2.687318e+03	4.433728e+02	3.867377e+02	7.925376e+01	4.317271e+01	4.461600e+01
258	7.392550e+00	2.684735e+03	4.450019e+02	3.864147e+02	7.918617e+01	4.316803e+01	4.710639e+01
259	7.421203e+00	2.678227e+03	4.464919e+02	3.861615e+02	7.918113e+01	4.306612e+01	4.978929e+01
260	7.449857e+00	2.682512e+03	4.480719e+02	3.861120e+02	7.924733e+01	4.309900e+01	5.195304e+01
261	7.478510e+00	2.682493e+03	4.496786e+02	3.858454e+02	7.936916e+01	4.303253e+01	5.400951e+01
262	7.507163e+00	2.687293e+03	4.511719e+02	3.859698e+02	7.947092e+01	4.305434e+01	5.608779e+01
263	7.535817e+00	2.684797e+03	4.526933e+02	3.859813e+02	7.977343e+01	4.285123e+01	5.827988e+01
264	7.564470e+00	2.680071e+03	4.543590e+02	3.860079e+02	7.958014e+01	4.287970e+01	6.083181e+01
265	7.593123e+00	2.669003e+03	4.559172e+02	3.861700e+02	7.959518e+01	4.269455e+01	6.275793e+01
266	7.621777e+00	2.681209e+03	4.574227e+02	3.863109e+02	7.976842e+01	4.279665e+01	6.511369e+01
267	7.650430e+00	2.693883e+03	4.591945e+02	3.865437e+02	7.980059e+01	4.298161e+01	6.672167e+01
268	7.679083e+00	2.692912e+03	4.606405e+02	3.869225e+02	7.989981e+01	4.291277e+01	6.877877e+01
269	7.707736e+00	2.679060e+03	4.620893e+02	3.872343e+02	7.999709e+01	4.264011e+01	7.104616e+01
270	7.736390e+00	2.685407e+03	4.635609e+02	3.876754e+02	8.000523e+01	4.273679e+01	7.313992e+01
271	7.765043e+00	2.691895e+03	4.650032e+02	3.881879e+02	8.027987e+01	4.269349e+01	7.535580e+01
272	7.793696e+00	2.671186e+03	4.666910e+02	3.887480e+02	7.991517e+01	4.255837e+01	7.805795e+01
273	7.822350e+00	2.674728e+03	4.681530e+02	3.892303e+02	8.027883e+01	4.242176e+01	7.949110e+01
274	7.851003e+00	2.680713e+03	4.695832e+02	3.899545e+02	8.035210e+01	4.247792e+01	8.168838e+01
275	7.879656e+00	2.688329e+03	4.710388e+02	3.906004e+02	8.048235e+01	4.252966e+01	8.379181e+01
276	7.908309e+00	2.683395e+03	4.724357e+02	3.913321e+02	8.073205e+01	4.232029e+01	8.566145e+01
277	7.936963e+00	2.684726e+03	4.738589e+02	3.920825e+02	8.061599e+01	4.240225e+01	8.766748e+01
278	7.965616e+00	2.688394e+03	4.751963e+02	3.930022e+02	8.070167e+01	4.241510e+01	8.965964e+01
279	7.994269e+00	2.671551e+03	4.764620e+02	3.938707e+02	8.028712e+01	4.236701e+01	9.195705e+01
280	8.022923e+00	2.683751e+03	4.777500e+02	3.949170e+02	8.051497e+01	4.244003e+01	9.351048e+01
281	8.051576e+00	2.681326e+03	4.788733e+02	3.959272e+02	8.044191e+01	4.244020e+01	9.558021e+01
282	8.080229e+00	2.690010e+03	4.800219e+02	3.969396e+02	8.053593e+01	4.252794e+01	9.762801e+01
283	8.108883e+00	2.681404e+03	4.813764e+02	3.979191e+02	8.025877e+01	4.253827e+01	9.920978e+01
284	8.137536e+00	2.673371e+03	4.824656e+02	3.989706e+02	7.989425e+01	4.260435e+01	1.012263e+02
285	8.166189e+00	2.679410e+03	4.836340e+02	3.999364e+02	8.016891e+01	4.255429e+01	1.026883e+02
286	8.194842e+00	2.665525e+03	4.845685e+02	4.013406e+02	8.033103e+01	4.224832e+01	1.048660e+02
287	8.223496e+00	2.683064e+03	4.854920e+02	4.026346e+02	8.006118e+01	4.266965e+01	1.072424e+02
288	8.252149e+00	2.675721e+03	4.864785e+02	4.038967e+02	8.010651e+01	4.252880e+01	1.094477e+02
289	8.280802e+00	2.684147e+03	4.873880e+02	4.051353e+02	8.037348e+01	4.252102e+01	1.112073e+02
290	8.309456e+00	2.689881e+03	4.883445e+02	4.064424e+02	8.038589e+01	4.260527e+01	1.129166e+02
291	8.338109e+00	2.679186e+03	4.892681e+02	4.079264e+02	8.003222e+01	4.262341e+01	1.150593e+02
292	8.366762e+00	2.684978e+03	4.900013e+02	4.092334e+02	7.969971e+01	4.289376e+01	1.168422e+02
293	8.395415e+00	2.667890e+03	4.907071e+02	4.105569e+02	7.953884e+01	4.270697e+01	1.184844e+02
294	8.424069e+00	2.677294e+03	4.915865e+02	4.120780e+02	7.950308e+01	4.287679e+01	1.204539e+02
295	8.452722e+00	2.703012e+03	4.920118e+02	4.133529e+02	7.980441e+01	4.312521e+01	1.210150e+02
296	8.481375e+00	2.678501e+03	4.931129e+02	4.148679e+02	7.934345e+01	4.298243e+01	1.233636e+02
297	8.510029e+00	2.701650e+03	4.936642e+02	4.163341e+02	7.987788e+01	4.306382e+01	1.255631e+02
298	8.538682e+00	2.681233e+03	4.942533e+02	4.178936e+02	7.932668e+01	4.303535e+01	1.273687e+02
299	8.567335e+00	2.677157e+03	4.947404e+02	4.195592e+02	7.904314e+01	4.312407e+01	1.288510e+02
300	8.595989e+00	2.681282e+03	4.954951e+02	4.210713e+02	7.907189e+01	4.317481e+01	1.301257e+02
301	8.624642e+00	2.682186e+03	4.960107e+02	4.225865e+02	7.917413e+01	4.313360e+01	1.319474e+02
302	8.653295e+00	2.667811e+03	4.966747e+02	4.241837e+02	7.877787e+01	4.311824e+01	1.325223e+02
303	8.681948e+00	2.694997e+03	4.970043e+02	4.255004e+02	7.929930e+01	4.327121e+01	1.339479e+02
304	8.710602e+00	2.701406e+03	4.977971e+02	4.270439e+02	7.952025e+01	4.325360e+01	1.353975e+02
305	8.739255e+00	2.699037e+03	4.983992e+02	4.287852e+02	7.947585e+01	4.323981e+01	1.365846e+02
306	8.767908e+00	2.708274e+03	4.986971e+02	4.302408e+02	7.987817e+01	4.316926e+01	1.381079e+02
307	8.796562e+00	2.709641e+03	4.988701e+02	4.318400e+02	7.940073e+01	4.345076e+01	1.403484e+02
308	8.825215e+00	2.699777e+03	4.991535e+02	4.336995e+02	7.918495e+01	4.341056e+01	1.427141e+02
309	8.853868e+00	2.704960e+03	4.990883e+02	4.353290e+02	7.938952e+01	4.338182e+01	1.445454e+02
310	8.882521e+00	2.695632e+03	4.991141e+02	4.369734e+02	7.923423e+01	4.331696e+01	1.466631e+02
311	8.911175e+00	2.687775e+03	4.991321e+02	4.386549e+02	7.930509e+01	4.315210e+01	1.486280e+02
312	8.939828e+00	2.707714e+03	4.988795e+02	4.401346e+02	7.936710e+01	4.343826e+01	1.499104e+02
313	8.968481e+00	2.696212e+03	4.991329e+02	4.416977e+02	7.921126e+01	4.333884e+01	1.523216e+02
314	8.997135e+00	2.700231e+03	4.990562e+02	4.433570e+02	7.922392e+01	4.339650e+01	1.536487e+02
315	9.025788e+00	2.703459e+03	4.989522e+02	4.449731e+02	7.934090e+01	4.338432e+01	1.548231e+02
316	9.054441e+00	2.697666e+03	4.987624e+02	4.465573e+02	7.913301e+01	4.340509e+01	1.563818e+02
317	9.083095e+00	2.700763e+03	4.984844e+02	4.482213e+02	7.925390e+01	4.338863e+01	1.592704e+02
318	9.111748e+00	2.761838e+03	4.976490e+02	4.497825e+02	7.824023e+01	4.494468e+01	1.617152e+02
319	9.140401e+00	2.694819e+03	4.978196e+02	4.512072e+02	7.882153e+01	4.353061e+01	1.631806e+02
320	9.169054e+00	2.713033e+03	4.974293e+02	4.526551e+02	7.931525e+01	4.355203e+01	1.652889e+02
321	9.197708e+00	2.714291e+03	4.968770e+02	4.542324e+02	7.923849e+01	4.361444e+01	1.675368e+02
322	9.226361e+00	2.713649e+03	4.965446e+02	4.556003e+02	7.903913e+01	4.371410e+01	1.690891e+02
323	9.255014e+00	2.698316e+03	4.959834e+02	4.571255e+02	7.903367e+01	4.347011e+01	1.714857e+02
324	9.283668e+00	2.724573e+03	4.953174e+02	4.588444e+02	7.949312e+01	4.363943e+01	1.734209e+02
325	9.312321e+00	2.709884e+03	4.947228e+02	4.600351e+02	7.908368e+01	4.362886e+01	1.755211e+02
326	9.340974e+00	2.718469e+03	4.939785e+02	4.614379e+02	7.906332e+01	4.377836e+01	1.778627e+02
327	9.369628e+00	2.706833e+03	4.932110e+02	4.628012e+02	7.890914e+01	4.367615e+01	6.993128e-01
328	9.398281e+00	2.724950e+03	4.921479e+02	4.641876e+02	7.863840e+01	4.411985e+01	3.151347e+00
329	9.426934e+00	2.718730e+03	4.913050e+02	4.653078e+02	7.920828e+01	4.370243e+01	4.970637e+00
330	9.455587e+00	2.722333e+03	4.905789e+02	4.665975e+02	7.968156e+01	4.350043e+01	7.089987e+00
331	9.484241e+00	2.724054e+03	4.894484e+02	4.677800e+02	7.943375e+01	4.366372e+01	9.638376e+00
332	9.512894e+00	2.721434e+03	4.884973e+02	4.687073e+02	7.957243e+01	4.354571e+01	1.183087e+01
333	9.541547e+00	2.714402e+03	4.873872e+02	4.699839e+02	7.892809e+01	4.378777e+01	1.507786e+01
334	9.570201e+00	2.744281e+03	4.861267e+02	4.711149e+02	7.988222e+01	4.374098e+01	1.743516e+01
335	9.598854e+00	2.709585e+03	4.850435e+02	4.719773e+02	7.945280e+01	4.342139e+01	1.892899e+01
336	9.627507e+00	2.779781e+03	4.835056e+02	4.729831e+02	8.025715e+01	4.409983e+01	2.266290e+01
337	9.656160e+00	2.715776e+03	4.825110e+02	4.738473e+02	7.934013e+01	4.358241e+01	2.398034e+01
338	9.684814e+00	2.741426e+03	4.811339e+02	4.745644e+02	8.001448e+01	4.362326e+01	2.593501e+01
339	9.713467e+00	2.711587e+03	4.799219e+02	4.755399e+02	7.901555e+01	4.369392e+01	2.887953e+01
340	9.742120e+00	2.731686e+03	4.786126e+02	4.761394e+02	7.947239e+01	4.376477e+01	3.060749e+01
341	9.770774e+00	2.725682e+03	4.772968e+02	4.770279e+02	7.936320e+01	4.372865e+01	3.306522e+01
342	9.799427e+00	2.722308e+03	4.758305e+02	4.777070e+02	7.979700e+01	4.343710e+01	3.565233e+01
343	9.828080e+00	2.715782e+03	4.745034e+02	4.782097e+02	7.970858e+01	4.338104e+01	3.712486e+01
344	9.856734e+00	2.722668e+03	4.730032e+02	4.789983e+02	7.961915e+01	4.353988e+01	3.949794e+01
345	9.885387e+00	2.717820e+03	4.716183e+02	4.792827e+02	7.960839e+01	4.346824e+01	4.214224e+01
346	9.914040e+00	2.740345e+03	4.699745e+02	4.796202e+02	7.995555e+01	4.363820e+01	4.486132e+01
347	9.942693e+00	2.722221e+03	4.685295e+02	4.799424e+02	7.999595e+01	4.332768e+01	4.659150e+01
348	9.971347e+00	2.725465e+03	4.670534e+02	4.801346e+02	8.005634e+01	4.334659e+01	4.869291e+01
349	1.000000e+01	2.725343e+03	4.653927e+02	4.804222e+02	8.019994e+01	4.326704e+01	5.139172e+01
350	1.002865e+01	2.718858e+03	4.639172e+02	4.805810e+02	8.027462e+01	4.312394e+01	5.356537e+01
351	1.005731e+01	2.723562e+03	4.623702e+02	4.806778e+02	7.977179e+01	4.347085e+01	5.553358e+01
352	1.008596e+01	2.721809e+03	4.608294e+02	4.806762e+02	8.010635e+01	4.326142e+01	5.776818e+01
353	1.011461e+01	2.729331e+03	4.591316e+02	4.806848e+02	8.056191e+01	4.313567e+01	6.017937e+01
354	1.014327e+01	2.725966e+03	4.575632e+02	4.807046e+02	8.068816e+01	4.301508e+01	6.239633e+01
355	1.017192e+01	2.722794e+03	4.560558e+02	4.805481e+02	8.027222e+01	4.318765e+01	6.429813e+01
356	1.020057e+01	2.714017e+03	4.546139e+02	4.804372e+02	8.027462e+01	4.304715e+01	6.616270e+01
357	1.022923e+01	2.723508e+03	4.529894e+02	4.803472e+02	8.068015e+01	4.298056e+01	6.808665e+01
358	1.025788e+01	2.720494e+03	4.515663e+02	4.801111e+02	8.067377e+01	4.293639e+01	6.992141e+01
359	1.028653e+01	2.713331e+03	4.500503e+02	4.798366e+02	8.071944e+01	4.279910e+01	7.156104e+01
360	1.031519e+01	2.718508e+03	4.484887e+02	4.795063e+02	8.075359e+01	4.286264e+01	7.380070e+01
361	1.034384e+01	2.708646e+03	4.470628e+02	4.791123e+02	8.085896e+01	4.265149e+01	7.559143e+01
362	1.037249e+01	2.716512e+03	4.455055e+02	4.787150e+02	8.067664e+01	4.287203e+01	7.742207e+01
363	1.040115e+01	2.720365e+03	4.439722e+02	4.782517e+02	8.091882e+01	4.280433e+01	7.957234e+01
364	1.042980e+01	2.704446e+03	4.424128e+02	4.776109e+02	8.096744e+01	4.252829e+01	8.133320e+01
365	1.045845e+01	2.714569e+03	4.410927e+02	4.769203e+02	8.074424e+01	4.280548e+01	8.308698e+01
366	1.048711e+01	2.708218e+03	4.397206e+02	4.762398e+02	8.073008e+01	4.271284e+01	8.542595e+01
367	1.051576e+01	2.706902e+03	4.383306e+02	4.756954e+02	8.099257e+01	4.255371e+01	8.692773e+01
368	1.054441e+01	2.709315e+03	4.368517e+02	4.748823e+02	8.103048e+01	4.257173e+01	8.891541e+01
369	1.057307e+01	2.703606e+03	4.354886e+02	4.741749e+02	8.057947e+01	4.271980e+01	9.031676e+01
370	1.060172e+01	2.700262e+03	4.341502e+02	4.733655e+02	8.071232e+01	4.259672e+01	9.214442e+01
371	1.063037e+01	2.711318e+03	4.328759e+02	4.723980e+02	8.080563e+01	4.272173e+01	9.422569e+01
372	1.065903e+01	2.702690e+03	4.317193e+02	4.713651e+02	8.078181e+01	4.259834e+01	9.638637e+01
373	1.068768e+01	2.709365e+03	4.304157e+02	4.703068e+02	8.111497e+01	4.252817e+01	9.815214e+01
374	1.071633e+01	2.702431e+03	4.293731e+02	4.691254e+02	8.057162e+01	4.270539e+01	1.001640e+02
375	1.074499e+01	2.716786e+03	4.284444e+02	4.681742e+02	8.077361e+01	4.282487e+01	1.023909e+02
376	1.077364e+01	2.706038e+03	4.273559e+02	4.669864e+02	8.067809e+01	4.270595e+01	1.042294e+02
377	1.080229e+01	2.704526e+03	4.262512e+02	4.656037e+02	8.050476e+01	4.277398e+01	1.063585e+02
378	1.083095e+01	2.698219e+03	4.254279e+02	4.643912e+02	8.042776e+01	4.271508e+01	1.080228e+02
379	1.085960e+01	2.709272e+03	4.244118e+02	4.631263e+02	8.065722e+01	4.276805e+01	1.100168e+02
380	1.088825e+01	2.721496e+03	4.236052e+02	4.618069e+02	8.063963e+01	4.297040e+01	1.120361e+02
381	1.091691e+01	2.711551e+03	4.225363e+02	4.604211e+02	8.035986e+01	4.296241e+01	1.139116e+02
382	1.094556e+01	2.713652e+03	4.219025e+02	4.590641e+02	8.023335e+01	4.306350e+01	1.160276e+02
383	1.097421e+01	2.712615e+03	4.211165e+02	4.576523e+02	8.016327e+01	4.308468e+01	1.177605e+02
384	1.100287e+01	2.712947e+03	4.203933e+02	4.561295e+02	8.020013e+01	4.307014e+01	1.200721e+02
385	1.103152e+01	2.705219e+03	4.196837e+02	4.546944e+02	7.991507e+01	4.310065e+01	1.217526e+02
386	1.106017e+01	2.711969e+03	4.191110e+02	4.533059e+02	7.994820e+01	4.319030e+01	1.236940e+02
387	1.108883e+01	2.719858e+03	4.184683e+02	4.518580e+02	7.984568e+01	4.337154e+01	1.255452e+02
388	1.111748e+01	2.718507e+03	4.178264e+02	4.504795e+02	7.972076e+01	4.341793e+01	1.268617e+02
389	1.114613e+01	2.727774e+03	4.174193e+02	4.490492e+02	7.983114e+01	4.350570e+01	1.283114e+02
390	1.117479e+01	2.713479e+03	4.169201e+02	4.476273e+02	7.966720e+01	4.336676e+01	1.303380e+02
391	1.120344e+01	2.718168e+03	4.165356e+02	4.461475e+02	7.976956e+01	4.338595e+01	1.318837e+02
392	1.123209e+01	2.719213e+03	4.160716e+02	4.447638e+02	7.977943e+01	4.339727e+01	1.331196e+02
393	1.126074e+01	2.719182e+03	4.155084e+02	4.431653e+02	7.966912e+01	4.345686e+01	1.345469e+02
394	1.128940e+01	2.724484e+03	4.151376e+02	4.416895e+02	7.974760e+01	4.349875e+01	1.361203e+02
395	1.131805e+01	2.725426e+03	4.148311e+02	4.400292e+02	7.946650e+01	4.366772e+01	1.382737e+02
396	1.134670e+01	2.712947e+03	4.147997e+02	4.384758e+02	7.932178e+01	4.354707e+01	1.405142e+02
397	1.137536e+01	2.728098e+03	4.148846e+02	4.369221e+02	7.953186e+01	4.367460e+01	1.425089e+02
398	1.140401e+01	2.739941e+03	4.148750e+02	4.352400e+02	7.998853e+01	4.361378e+01	1.452072e+02
399	1.143266e+01	2.730202e+03	4.149123e+02	4.337765e+02	7.955035e+01	4.369813e+01	1.471626e+02
400	1.146132e+01	2.714929e+03	4.150889e+02	4.323127e+02	7.903809e+01	4.373530e+01	1.493062e+02
401	1.148997e+01	2.737006e+03	4.152423e+02	4.306172e+02	7.964317e+01	4.375598e+01	1.514284e+02
402	1.151862e+01	2.726590e+03	4.156292e+02	4.291501e+02	7.938169e+01	4.373303e+01	1.542984e+02
403	1.154728e+01	2.719157e+03	4.160067e+02	4.276328e+02	7.922807e+01	4.369838e+01	1.564624e+02
404	1.157593e+01	2.719373e+03	4.163214e+02	4.259890e+02	7.933349e+01	4.364379e+01	1.592840e+02
405	1.160458e+01	2.713205e+03	4.167650e+02	4.247299e+02	7.883936e+01	4.381770e+01	1.611535e+02
406	1.163324e+01	2.718817e+03	4.171919e+02	4.230886e+02	7.918632e+01	4.371596e+01	1.634579e+02
407	1.166189e+01	2.726183e+03	4.174842e+02	4.215881e+02	7.902184e+01	4.392562e+01	1.648202e+02
408	1.169054e+01	2.729355e+03	4.181069e+02	4.199738e+02	7.937003e+01	4.378382e+01	1.678638e+02
409	1.171920e+01	2.722428e+03	4.186827e+02	4.185984e+02	7.935853e+01	4.367902e+01	1.701993e+02
410	1.174785e+01	2.732882e+03	4.192717e+02	4.173075e+02	7.944505e+01	4.379900e+01	1.723259e+02
411	1.177650e+01	2.717235e+03	4.200163e+02	4.161718e+02	7.921027e+01	4.367731e+01	1.740384e+02
412	1.180516e+01	2.711990e+03	4.208588e+02	4.146275e+02	7.915475e+01	4.362358e+01	1.763363e+02
413	1.183381e+01	2.717362e+03	4.217600e+02	4.134921e+02	7.920493e+01	4.368229e+01	1.788385e+02
414	1.186246e+01	2.694698e+03	4.226768e+02	4.124296e+02	7.900872e+01	4.342553e+01	1.210336e+00
415	1.189112e+01	2.745744e+03	4.231851e+02	4.108901e+02	7.836235e+01	4.461313e+01	2.754818e+00
416	1.191977e+01	2.725400e+03	4.245965e+02	4.098441e+02	7.906293e+01	4.389019e+01	6.319385e+00
417	1.194842e+01	2.714048e+03	4.256414e+02	4.086213e+02	7.925571e+01	4.360106e+01	8.194387e+00
418	1.197708e+01	2.707110e+03	4.266889e+02	4.074887e+02	7.918679e+01	4.352746e+01	1.066708e+01
419	1.200573e+01	2.696915e+03	4.278299e+02	4.065818e+02	7.893964e+01	4.349930e+01	1.291173e+01
420	1.203438e+01	2.701255e+03	4.289167e+02	4.057137e+02	7.926438e+01	4.339080e+01	1.557173e+01
421	1.206304e+01	2.707462e+03	4.301117e+02	4.046199e+02	7.930643e+01	4.346743e+01	1.820850e+01
422	1.209169e+01	2.711090e+03	4.315052e+02	4.036145e+02	7.940401e+01	4.347219e+01	2.078207e+01
423	1.212034e+01	2.704122e+03	4.328611e+02	4.027441e+02	7.936924e+01	4.337947e+01	2.261605e+01
424	1.214900e+01	2.710433e+03	4.341619e+02	4.020726e+02	7.932081e+01	4.350725e+01	2.511585e+01
425	1.217765e+01	2.713371e+03	4.355909e+02	4.013207e+02	7.937366e+01	4.352541e+01	2.762952e+01
426	1.220630e+01	2.706164e+03	4.367017e+02	4.010040e+02	7.936250e+01	4.341590e+01	3.061017e+01
427	1.223496e+01	2.692889e+03	4.382624e+02	4.001744e+02	7.906710e+01	4.336434e+01	3.268611e+01
428	1.226361e+01	2.685071e+03	4.398470e+02	3.994579e+02	7.916632e+01	4.318426e+01	3.502762e+01
429	1.229226e+01	2.689230e+03	4.413436e+02	3.990851e+02	7.883708e+01	4.343177e+01	3.772667e+01
430	1.232092e+01	2.684348e+03	4.427809e+02	3.988349e+02	7.914407e+01	4.318477e+01	4.035835e+01
431	1.234957e+01	2.699416e+03	4.443577e+02	3.983175e+02	7.904723e+01	4.348037e+01	4.317970e+01
432	1.237822e+01	2.695886e+03	4.459226e+02	3.980688e+02	7.916696e+01	4.335783e+01	4.537753e+01
433	1.240688e+01	2.680290e+03	4.474927e+02	3.979622e+02	7.894739e+01	4.322690e+01	4.746637e+01
434	1.243553e+01	2.680203e+03	4.489791e+02	3.976380e+02	7.896578e+01	4.321544e+01	4.965732e+01
435	1.246418e+01	2.678771e+03	4.505898e+02	3.973781e+02	7.907066e+01	4.313506e+01	5.208095e+01
436	1.249284e+01	2.684508e+03	4.521719e+02	3.973140e+02	7.913914e+01	4.319004e+01	5.445429e+01
437	1.252149e+01	2.685823e+03	4.538235e+02	3.974163e+02	7.933250e+01	4.310587e+01	5.685736e+01
438	1.255014e+01	2.679352e+03	4.554012e+02	3.974832e+02	7.926514e+01	4.303855e+01	5.949910e+01
439	1.257880e+01	2.682711e+03	4.569249e+02	3.976275e+02	7.924756e+01	4.310207e+01	6.184156e+01
440	1.260745e+01	2.678347e+03	4.584479e+02	3.979530e+02	7.925378e+01	4.302858e+01	6.400005e+01
441	1.263610e+01	2.686075e+03	4.599480e+02	3.982356e+02	7.947748e+01	4.303128e+01	6.649736e+01
442	1.266476e+01	2.683457e+03	4.614754e+02	3.984200e+02	7.940590e+01	4.302808e+01	6.860057e+01
443	1.269341e+01	2.687930e+03	4.631227e+02	3.988290e+02	7.997424e+01	4.279351e+01	7.045953e+01
444	1.272206e+01	2.699955e+03	4.646554e+02	3.992701e+02	8.013971e+01	4.289620e+01	7.228165e+01
445	1.275072e+01	2.685312e+03	4.660461e+02	3.997357e+02	8.022256e+01	4.261951e+01	7.450889e+01
446	1.277937e+01	2.686593e+03	4.675457e+02	4.002907e+02	7.997369e+01	4.277252e+01	7.664240e+01
447	1.280802e+01	2.676526e+03	4.692542e+02	4.009464e+02	8.029991e+01	4.243914e+01	7.903629e+01
448	1.283668e+01	2.681851e+03	4.705632e+02	4.015189e+02	8.032346e+01	4.251111e+01	8.106055e+01
449	1.286533e+01	2.695475e+03	4.719459e+02	4.021422e+02	8.054261e+01	4.261080e+01	8.290262e+01
450	1.289398e+01	2.688398e+03	4.733839e+02	4.027815e+02	8.042796e+01	4.255952e+01	8.456262e+01
451	1.292264e+01	2.702985e+03	4.746776e+02	4.036778e+02	8.087895e+01	4.255183e+01	8.683346e+01
452	1.295129e+01	2.683293e+03	4.760309e+02	4.045133e+02	8.042515e+01	4.248018e+01	8.913615e+01
453	1.297994e+01	2.701550e+03	4.774635e+02	4.053995e+02	8.089942e+01	4.251848e+01	9.093739e+01
454	1.300860e+01	2.688607e+03	4.787319e+02	4.062555e+02	8.043204e+01	4.256067e+01	9.305563e+01
455	1.303725e+01	2.689053e+03	4.800452e+02	4.073688e+02	8.044653e+01	4.256006e+01	9.513274e+01
456	1.306590e+01	2.696461e+03	4.811351e+02	4.083958e+02	8.047976e+01	4.265968e+01	9.643406e+01
457	1.309456e+01	2.683582e+03	4.823105e+02	4.095186e+02	8.061311e+01	4.238570e+01	9.869889e+01
458	1.312321e+01	2.682590e+03	4.835052e+02	4.107142e+02	8.036274e+01	4.250203e+01	1.007205e+02
459	1.315186e+01	2.675355e+03	4.845019e+02	4.119214e+02	8.026646e+01	4.243824e+01	1.032748e+02
460	1.318052e+01	2.683008e+03	4.858484e+02	4.130326e+02	8.049253e+01	4.244011e+01	1.045618e+02
461	1.320917e+01	2.693052e+03	4.868197e+02	4.141654e+02	8.047987e+01	4.260569e+01	1.062224e+02
462	1.323782e+01	2.692964e+03	4.878485e+02	4.153283e+02	8.039236e+01	4.265068e+01	1.078927e+02
463	1.326648e+01	2.686706e+03	4.887919e+02	4.165588e+02	7.997560e+01	4.277330e+01	1.100066e+02
464	1.329513e+01	2.677865e+03	4.897024e+02	4.179118e+02	8.023578e+01	4.249431e+01	1.118023e+02
465	1.332378e+01	2.685358e+03	4.904837e+02	4.193553e+02	8.035915e+01	4.254778e+01	1.133867e+02
466	1.335244e+01	2.697405e+03	4.915643e+02	4.209205e+02	8.020070e+01	4.282310e+01	1.157251e+02
467	1.338109e+01	2.690819e+03	4.921605e+02	4.222670e+02	7.985083e+01	4.290571e+01	1.181095e+02
468	1.340974e+01	2.687168e+03	4.929107e+02	4.237441e+02	7.972179e+01	4.291685e+01	1.201141e+02
469	1.343840e+01	2.696053e+03	4.935205e+02	4.251038e+02	7.969202e+01	4.307484e+01	1.222949e+02
470	1.346705e+01	2.690873e+03	4.939939e+02	4.266465e+02	7.952779e+01	4.308087e+01	1.242568e+02
471	1.349570e+01	2.698327e+03	4.947802e+02	4.282811e+02	7.958111e+01	4.317126e+01	1.259053e+02
472	1.352436e+01	2.708882e+03	4.951719e+02	4.297260e+02	7.967786e+01	4.328750e+01	1.284934e+02
473	1.355301e+01	2.693578e+03	4.957084e+02	4.313113e+02	7.945313e+01	4.316469e+01	1.304580e+02
474	1.358166e+01	2.691324e+03	4.962642e+02	4.329342e+02	7.941780e+01	4.314777e+01	1.323050e+02
475	1.361032e+01	2.681917e+03	4.963981e+02	4.344945e+02	7.941172e+01	4.300024e+01	1.343805e+02
476	1.363897e+01	2.682403e+03	4.967244e+02	4.361870e+02	7.942474e+01	4.300098e+01	1.363294e+02
477	1.366762e+01	2.699749e+03	4.971642e+02	4.379259e+02	7.962934e+01	4.316785e+01	1.382249e+02
478	1.369628e+01	2.710153e+03	4.970696e+02	4.396803e+02	7.928247e+01	4.352379e+01	1.406299e+02
479	1.372493e+01	2.684196e+03	4.971870e+02	4.411279e+02	7.919404e+01	4.315507e+01	1.422889e+02
480	1.375358e+01	2.678527e+03	4.974030e+02	4.428925e+02	7.903661e+01	4.314971e+01	1.442603e+02
481	1.378223e+01	2.689590e+03	4.974968e+02	4.444722e+02	7.925751e+01	4.320716e+01	1.462318e+02
482	1.381089e+01	2.686942e+03	4.976142e+02	4.461319e+02	7.920946e+01	4.319081e+01	1.479548e+02
483	1.383954e+01	2.705905e+03	4.975082e+02	4.476769e+02	7.918692e+01	4.350800e+01	1.498295e+02
484	1.386819e+01	2.701391e+03	4.973752e+02	4.493823e+02	7.893820e+01	4.357229e+01	1.517758e+02
485	1.389685e+01	2.684483e+03	4.973011e+02	4.510084e+02	7.887791e+01	4.333266e+01	1.540520e+02
486	1.392550e+01	2.681335e+03	4.972851e+02	4.526783e+02	7.888565e+01	4.327760e+01	1.555252e+02
487	1.395415e+01	2.717374e+03	4.968078e+02	4.542699e+02	7.879013e+01	4.391246e+01	1.573167e+02
488	1.398281e+01	2.704397e+03	4.965658e+02	4.554640e+02	7.912950e+01	4.351531e+01	1.589264e+02
489	1.401146e+01	2.726267e+03	4.963602e+02	4.574041e+02	7.898617e+01	4.394682e+01	1.615328e+02
490	1.404011e+01	2.717520e+03	4.961207e+02	4.586750e+02	7.929301e+01	4.363630e+01	1.626236e+02
491	1.406877e+01	2.683441e+03	4.958781e+02	4.601856e+02	7.881924e+01	4.334808e+01	1.647489e+02
492	1.409742e+01	2.702965e+03	4.956560e+02	4.619115e+02	7.890321e+01	4.361700e+01	1.663420e+02
493	1.412607e+01	2.718327e+03	4.949286e+02	4.634481e+02	7.880309e+01	4.392063e+01	1.682619e+02
494	1.415473e+01	2.715292e+03	4.945458e+02	4.647354e+02	7.917732e+01	4.366424e+01	1.706618e+02
495	1.418338e+01	2.716852e+03	4.939368e+02	4.662449e+02	7.942362e+01	4.355384e+01	1.722957e+02
496	1.421203e+01	2.706397e+03	4.933065e+02	4.678892e+02	7.918331e+01	4.351791e+01	1.748417e+02
497	1.424069e+01	2.723166e+03	4.922972e+02	4.692533e+02	7.920659e+01	4.377467e+01	1.769659e+02
498	1.426934e+01	2.698071e+03	4.917615e+02	4.708750e+02	7.810727e+01	4.398171e+01	1.794475e+02
499	1.429799e+01	2.731631e+03	4.909009e+02	4.721125e+02	7.931998e+01	4.384798e+01	2.162562e+00
500	1.432665e+01	2.718786e+03	4.901448e+02	4.732490e+02	7.906518e+01	4.378244e+01	3.703473e+00
501	1.435530e+01	2.708923e+03	4.892178e+02	4.745304e+02	7.931172e+01	4.348799e+01	5.859440e+00
502	1.438395e+01	2.716979e+03	4.882664e+02	4.757863e+02	7.892615e+01	4.383040e+01	8.442375e+00
503	1.441261e+01	2.717974e+03	4.873246e+02	4.768851e+02	7.948418e+01	4.353863e+01	1.029982e+01
504	1.444126e+01	2.706795e+03	4.863055e+02	4.781541e+02	7.937645e+01	4.341840e+01	1.253954e+01
505	1.446991e+01	2.732260e+03	4.852578e+02	4.791248e+02	7.982652e+01	4.357977e+01	1.544938e+01
506	1.449857e+01	2.711876e+03	4.839749e+02	4.803862e+02	7.907829e+01	4.366391e+01	1.761759e+01
507	1.452722e+01	2.721621e+03	4.828090e+02	4.813795e+02	7.943671e+01	4.362310e+01	2.015045e+01
508	1.455587e+01	2.725477e+03	4.815386e+02	4.824277e+02	7.944885e+01	4.367823e+01	2.275544e+01
509	1.458453e+01	2.733304e+03	4.802517e+02	4.831194e+02	7.976517e+01	4.362996e+01	2.510961e+01
510	1.461318e+01	2.732793e+03	4.789299e+02	4.838857e+02	7.964282e+01	4.368882e+01	2.729500e+01
511	1.464183e+01	2.726611e+03	4.775042e+02	4.847773e+02	7.943491e+01	4.370408e+01	2.980684e+01
512	1.467049e+01	2.736242e+03	4.761136e+02	4.854359e+02	7.991782e+01	4.359343e+01	3.189898e+01
513	1.469914e+01	2.722044e+03	4.749213e+02	4.861362e+02	7.964088e+01	4.351802e+01	3.359269e+01
514	1.472779e+01	2.732596e+03	4.735584e+02	4.868430e+02	8.001073e+01	4.348478e+01	3.539524e+01
515	1.475645e+01	2.739344e+03	4.721112e+02	4.874762e+02	8.004836e+01	4.357168e+01	3.785875e+01
516	1.478510e+01	2.714705e+03	4.706575e+02	4.881306e+02	7.960848e+01	4.341836e+01	3.996614e+01
517	1.481375e+01	2.715949e+03	4.692797e+02	4.884800e+02	7.952405e+01	4.348438e+01	4.218880e+01
518	1.484241e+01	2.719038e+03	4.678639e+02	4.888589e+02	8.000418e+01	4.327257e+01	4.450901e+01
519	1.487106e+01	2.742224e+03	4.661799e+02	4.893912e+02	8.015859e+01	4.355751e+01	4.680515e+01
520	1.489971e+01	2.727745e+03	4.647784e+02	4.896119e+02	7.967071e+01	4.359285e+01	4.829095e+01
521	1.492837e+01	2.721077e+03	4.631873e+02	4.900083e+02	7.986889e+01	4.337838e+01	5.056404e+01
522	1.495702e+01	2.729603e+03	4.617135e+02	4.902232e+02	8.021921e+01	4.332427e+01	5.284309e+01
523	1.498567e+01	2.737950e+03	4.600115e+02	4.905349e+02	8.061716e+01	4.324223e+01	5.505334e+01
524	1.501433e+01	2.730481e+03	4.585469e+02	4.904945e+02	8.043553e+01	4.322165e+01	5.722427e+01
525	1.504298e+01	2.710866e+03	4.571008e+02	4.906567e+02	8.024224e+01	4.301453e+01	5.920480e+01
526	1.507163e+01	2.720670e+03	4.554906e+02	4.905369e+02	8.026827e+01	4.315609e+01	6.165805e+01
527	1.510029e+01	2.716208e+03	4.540065e+02	4.905059e+02	8.045374e+01	4.298599e+01	6.325717e+01
528	1.512894e+01	2.732134e+03	4.524539e+02	4.903104e+02	8.088345e+01	4.300832e+01	6.547358e+01
529	1.515759e+01	2.720176e+03	4.507752e+02	4.902579e+02	8.053739e+01	4.300407e+01	6.758231e+01
530	1.518625e+01	2.711166e+03	4.492411e+02	4.899726e+02	8.031154e+01	4.298216e+01	6.916357e+01
531	1.521490e+01	2.716327e+03	4.476096e+02	4.897213e+02	8.067210e+01	4.287151e+01	7.123148e+01
532	1.524355e+01	2.713323e+03	4.462279e+02	4.891945e+02	8.055960e+01	4.288390e+01	7.357846e+01
533	1.527221e+01	2.707116e+03	4.446549e+02	4.888608e+02	8.054405e+01	4.279406e+01	7.512332e+01
534	1.530086e+01	2.695757e+03	4.431212e+02	4.883330e+02	8.042200e+01	4.267917e+01	7.719891e+01
535	1.532951e+01	2.711282e+03	4.416733e+02	4.878851e+02	8.068459e+01	4.278526e+01	7.929350e+01
536	1.535817e+01	2.702096e+03	4.404538e+02	4.872586e+02	8.038904e+01	4.279707e+01	8.125615e+01
537	1.538682e+01	2.714328e+03	4.389526e+02	4.866762e+02	8.091461e+01	4.271157e+01	8.290305e+01
538	1.541547e+01	2.700150e+03	4.374343e+02	4.860726e+02	8.081356e+01	4.254160e+01	8.487616e+01
539	1.544413e+01	2.710913e+03	4.360563e+02	4.853702e+02	8.088139e+01	4.267535e+01	8.659631e+01
540	1.547278e+01	2.703485e+03	4.347676e+02	4.846113e+02	8.074577e+01	4.262990e+01	8.832505e+01
541	1.550143e+01	2.701669e+03	4.333944e+02	4.839300e+02	8.095391e+01	4.249174e+01	8.976453e+01
542	1.553009e+01	2.710516e+03	4.318200e+02	4.831267e+02	8.129059e+01	4.245432e+01	9.134584e+01
543	1.555874e+01	2.723377e+03	4.304332e+02	4.823053e+02	8.112133e+01	4.274475e+01	9.308297e+01
544	1.558739e+01	2.709389e+03	4.292342e+02	4.814243e+02	8.065277e+01	4.277226e+01	9.498016e+01
545	1.561605e+01	2.706572e+03	4.281117e+02	4.802993e+02	8.081211e+01	4.264354e+01	9.692578e+01
546	1.564470e+01	2.717677e+03	4.268705e+02	4.792190e+02	8.100932e+01	4.271427e+01	9.886615e+01
547	1.567335e+01	2.716592e+03	4.257804e+02	4.782455e+02	8.070981e+01	4.285566e+01	1.004267e+02
548	1.570201e+01	2.734915e+03	4.243420e+02	4.771129e+02	8.145280e+01	4.275116e+01	1.026988e+02
549	1.573066e+01	2.720180e+03	4.235562e+02	4.758803e+02	8.086687e+01	4.282892e+01	1.043577e+02
550	1.575931e+01	2.695660e+03	4.225117e+02	4.747058e+02	8.025130e+01	4.276842e+01	1.063302e+02
551	1.578797e+01	2.703527e+03	4.214563e+02	4.735316e+02	8.039664e+01	4.281569e+01	1.080952e+02
552	1.581662e+01	2.709561e+03	4.204677e+02	4.721805e+02	8.049037e+01	4.286128e+01	1.098192e+02
553	1.584527e+01	2.686405e+03	4.195189e+02	4.708808e+02	8.002368e+01	4.274282e+01	1.113319e+02
554	1.587393e+01	2.707931e+03	4.187053e+02	4.695721e+02	8.027428e+01	4.295080e+01	1.133782e+02
555	1.590258e+01	2.708912e+03	4.177964e+02	4.683461e+02	8.036057e+01	4.292023e+01	1.149385e+02
556	1.593123e+01	2.729359e+03	4.168864e+02	4.668854e+02	8.072719e+01	4.304779e+01	1.170509e+02
557	1.595989e+01	2.728533e+03	4.163545e+02	4.655885e+02	8.044511e+01	4.318567e+01	1.191391e+02
558	1.598854e+01	2.722080e+03	4.157286e+02	4.641227e+02	8.032641e+01	4.314721e+01	1.211911e+02
559	1.601719e+01	2.724285e+03	4.150016e+02	4.627676e+02	8.027164e+01	4.321162e+01	1.224403e+02
560	1.604585e+01	2.719659e+03	4.144466e+02	4.613238e+02	8.032620e+01	4.310893e+01	1.247404e+02
561	1.607450e+01	2.708516e+03	4.140845e+02	4.598084e+02	7.990771e+01	4.315715e+01	1.267839e+02
562	1.610315e+01	2.716211e+03	4.133624e+02	4.581895e+02	8.005135e+01	4.320211e+01	1.282273e+02
563	1.613181e+01	2.715032e+03	4.129891e+02	4.567473e+02	7.987634e+01	4.327798e+01	1.305288e+02
564	1.616046e+01	2.733404e+03	4.126776e+02	4.551550e+02	8.006911e+01	4.346592e+01	1.321655e+02
565	1.618911e+01	2.729195e+03	4.123170e+02	4.536425e+02	8.004067e+01	4.341441e+01	1.342719e+02
566	1.621777e+01	2.748722e+03	4.117124e+02	4.521356e+02	7.970866e+01	4.390716e+01	1.350088e+02
567	1.624642e+01	2.729936e+03	4.118928e+02	4.505349e+02	7.959009e+01	4.367206e+01	1.382887e+02
568	1.627507e+01	2.741088e+03	4.116351e+02	4.489004e+02	7.957040e+01	4.386131e+01	1.400457e+02
569	1.630372e+01	2.728732e+03	4.116475e+02	4.473775e+02	7.930758e+01	4.380830e+01	1.420316e+02
570	1.633238e+01	2.727751e+03	4.114789e+02	4.456912e+02	7.947117e+01	4.370239e+01	1.438481e+02
571	1.636103e+01	2.745651e+03	4.114518e+02	4.441275e+02	7.981133e+01	4.380169e+01	1.460303e+02
572	1.638968e+01	2.726519e+03	4.117146e+02	4.425919e+02	7.934179e+01	4.375389e+01	1.482693e+02
573	1.641834e+01	2.739059e+03	4.119487e+02	4.408976e+02	7.946470e+01	4.388715e+01	1.509178e+02
574	1.644699e+01	2.727001e+03	4.123698e+02	4.395069e+02	7.944474e+01	4.370491e+01	1.535502e+02
575	1.647564e+01	2.726827e+03	4.126290e+02	4.378245e+02	7.955701e+01	4.364045e+01	1.560599e+02
576	1.650430e+01	2.732327e+03	4.129521e+02	4.362435e+02	7.963924e+01	4.368332e+01	1.576696e+02
577	1.653295e+01	2.730502e+03	4.136069e+02	4.348902e+02	7.915885e+01	4.391907e+01	1.609150e+02
578	1.656160e+01	2.715184e+03	4.142471e+02	4.333407e+02	7.927020e+01	4.361134e+01	1.638300e+02
579	1.659026e+01	2.737984e+03	4.145363e+02	4.316967e+02	7.985779e+01	4.365397e+01	1.650357e+02
580	1.661891e+01	2.754565e+03	4.151052e+02	4.304329e+02	7.929474e+01	4.423019e+01	1.688403e+02
581	1.664756e+01	2.713424e+03	4.160068e+02	4.291077e+02	7.967198e+01	4.336329e+01	1.709505e+02
582	1.667622e+01	2.732860e+03	4.168135e+02	4.276502e+02	7.961860e+01	4.370317e+01	1.736165e+02
583	1.670487e+01	2.713990e+03	4.174695e+02	4.263818e+02	7.948112e+01	4.347648e+01	1.761217e+02
584	1.673352e+01	2.742587e+03	4.182699e+02	4.251236e+02	7.977643e+01	4.377196e+01	1.787983e+02
585	1.676218e+01	2.720416e+03	4.193788e+02	4.238456e+02	7.964288e+01	4.349091e+01	6.247702e-01
586	1.679083e+01	2.718763e+03	4.203651e+02	4.225868e+02	7.940919e+01	4.359240e+01	3.571845e+00
587	1.681948e+01	2.717281e+03	4.213842e+02	4.213688e+02	7.978465e+01	4.336360e+01	6.272876e+00
588	1.684814e+01	2.734375e+03	4.223938e+02	4.203352e+02	7.925325e+01	4.392897e+01	8.695093e+00
589	1.687679e+01	2.725148e+03	4.234032e+02	4.190334e+02	7.935822e+01	4.372284e+01	1.064851e+01
590	1.690544e+01	2.721672e+03	4.246458e+02	4.181548e+02	7.929514e+01	4.370179e+01	1.376526e+01
591	1.693410e+01	2.728047e+03	4.259134e+02	4.172059e+02	7.971974e+01	4.357086e+01	1.633947e+01
592	1.696275e+01	2.714941e+03	4.270734e+02	4.162823e+02	7.950580e+01	4.347821e+01	1.829978e+01
593	1.699140e+01	2.716500e+03	4.283865e+02	4.153120e+02	7.952709e+01	4.349154e+01	2.077847e+01
594	1.702006e+01	2.726085e+03	4.298130e+02	4.144121e+02	7.962143e+01	4.359328e+01	2.308941e+01
595	1.704871e+01	2.715699e+03	4.312370e+02	4.136708e+02	7.937287e+01	4.356319e+01	2.570238e+01
596	1.707736e+01	2.708927e+03	4.325540e+02	4.131129e+02	7.933628e+01	4.347459e+01	2.833924e+01
597	1.710602e+01	2.722165e+03	4.340319e+02	4.124532e+02	7.964953e+01	4.351524e+01	3.156995e+01
598	1.713467e+01	2.723302e+03	4.355284e+02	4.120735e+02	7.971428e+01	4.349806e+01	3.399862e+01
599	1.716332e+01	2.693642e+03	4.371069e+02	4.115103e+02	7.908907e+01	4.336443e+01	3.648814e+01
600	1.719198e+01	2.711125e+03	4.386615e+02	4.111871e+02	7.942010e+01	4.346395e+01	3.927608e+01
601	1.722063e+01	2.700240e+03	4.402107e+02	4.109155e+02	7.932806e+01	4.333967e+01	4.211088e+01
602	1.724928e+01	2.689382e+03	4.417578e+02	4.106460e+02	7.899998e+01	4.334467e+01	4.492194e+01
603	1.727794e+01	2.685204e+03	4.432346e+02	4.104620e+02	7.884539e+01	4.336219e+01	4.736862e+01
604	1.730659e+01	2.693326e+03	4.448264e+02	4.102183e+02	7.902818e+01	4.339274e+01	4.968907e+01
605	1.733524e+01	2.682658e+03	4.464123e+02	4.101186e+02	7.901797e+01	4.322645e+01	5.217414e+01
606	1.736390e+01	2.690910e+03	4.480691e+02	4.101024e+02	7.903088e+01	4.335234e+01	5.448869e+01
607	1.739255e+01	2.693637e+03	4.495334e+02	4.102968e+02	7.932756e+01	4.323396e+01	5.706667e+01
608	1.742120e+01	2.694807e+03	4.511315e+02	4.103904e+02	7.923590e+01	4.330278e+01	5.931334e+01
609	1.744986e+01	2.686495e+03	4.526628e+02	4.104114e+02	7.943660e+01	4.306015e+01	6.126071e+01
610	1.747851e+01	2.692838e+03	4.542427e+02	4.105340e+02	7.964041e+01	4.305136e+01	6.351304e+01
611	1.750716e+01	2.681346e+03	4.559344e+02	4.107852e+02	7.939973e+01	4.299757e+01	6.614266e+01
612	1.753582e+01	2.686329e+03	4.573571e+02	4.111618e+02	7.942868e+01	4.306178e+01	6.834698e+01
613	1.756447e+01	2.686058e+03	4.589555e+02	4.114984e+02	7.990441e+01	4.280107e+01	7.045312e+01
614	1.759312e+01	2.693046e+03	4.602557e+02	4.120880e+02	8.003011e+01	4.284503e+01	7.307961e+01
615	1.762178e+01	2.692840e+03	4.619450e+02	4.125892e+02	8.006211e+01	4.282463e+01	7.522572e+01
616	1.765043e+01	2.693917e+03	4.634155e+02	4.131734e+02	8.002110e+01	4.286372e+01	7.739438e+01
617	1.767908e+01	2.688806e+03	4.649998e+02	4.138384e+02	8.010454e+01	4.273782e+01	7.932465e+01
618	1.770774e+01	2.690741e+03	4.664385e+02	4.144213e+02	8.021941e+01	4.270734e+01	8.140795e+01
619	1.773639e+01	2.695687e+03	4.676991e+02	4.152760e+02	8.060632e+01	4.258047e+01	8.335200e+01
620	1.776504e+01	2.689619e+03	4.691043e+02	4.160782e+02	8.047945e+01	4.255160e+01	8.564304e+01
621	1.779370e+01	2.680530e+03	4.704788e+02	4.169445e+02	8.069427e+01	4.229490e+01	8.793145e+01
622	1.782235e+01	2.690748e+03	4.717857e+02	4.178341e+02	8.050315e+01	4.255693e+01	8.983053e+01
623	1.785100e+01	2.700739e+03	4.731363e+02	4.186411e+02	8.075606e+01	4.258117e+01	9.142558e+01
624	1.787966e+01	2.697486e+03	4.742669e+02	4.196044e+02	8.065993e+01	4.258057e+01	9.390961e+01
625	1.790831e+01	2.693962e+03	4.756503e+02	4.205783e+02	8.054327e+01	4.258653e+01	9.552184e+01
626	1.793696e+01	2.701199e+03	4.768087e+02	4.215825e+02	8.053942e+01	4.270298e+01	9.724009e+01
627	1.796562e+01	2.687816e+03	4.780590e+02	4.227412e+02	8.052911e+01	4.249686e+01	9.928011e+01
628	1.799427e+01	2.683840e+03	4.792887e+02	4.238469e+02	8.023397e+01	4.259007e+01	1.013136e+02
629	1.802292e+01	2.687561e+03	4.802232e+02	4.250573e+02	8.019474e+01	4.266999e+01	1.033034e+02
630	1.805158e+01	2.689780e+03	4.814208e+02	4.261876e+02	8.043785e+01	4.257615e+01	1.048818e+02
631	1.808023e+01	2.688559e+03	4.825695e+02	4.276041e+02	8.030482e+01	4.262732e+01	1.069988e+02
632	1.810888e+01	2.687776e+03	4.834763e+02	4.289615e+02	8.052923e+01	4.249616e+01	1.091363e+02
633	1.813754e+01	2.695437e+03	4.844067e+02	4.302176e+02	8.049182e+01	4.263710e+01	1.110805e+02
634	1.816619e+01	2.686716e+03	4.851898e+02	4.317308e+02	7.992364e+01	4.280127e+01	1.135579e+02
635	1.819484e+01	2.692080e+03	4.861101e+02	4.329996e+02	8.000164e+01	4.284491e+01	1.152334e+02
636	1.822350e+01	2.687446e+03	4.869064e+02	4.344387e+02	8.000465e+01	4.276955e+01	1.172715e+02
637	1.825215e+01	2.711715e+03	4.877445e+02	4.359757e+02	8.006149e+01	4.312514e+01	1.196097e+02
638	1.828080e+01	2.699358e+03	4.883986e+02	4.374459e+02	7.999235e+01	4.296572e+01	1.216581e+02
639	1.830946e+01	2.700231e+03	4.891936e+02	4.389748e+02	7.986974e+01	4.304560e+01	1.232833e+02
640	1.833811e+01	2.696026e+03	4.899331e+02	4.405666e+02	7.975439e+01	4.304073e+01	1.247590e+02
641	1.836676e+01	2.700250e+03	4.905638e+02	4.421552e+02	7.961310e+01	4.318466e+01	1.265489e+02
642	1.839542e+01	2.680825e+03	4.911192e+02	4.436457e+02	7.921726e+01	4.308823e+01	1.283725e+02
643	1.842407e+01	2.686160e+03	4.917327e+02	4.450777e+02	7.969466e+01	4.291536e+01	1.299306e+02
644	1.845272e+01	2.679819e+03	4.923756e+02	4.466285e+02	7.906468e+01	4.315520e+01	1.320684e+02
645	1.848138e+01	2.690994e+03	4.927901e+02	4.482123e+02	7.915639e+01	4.328494e+01	1.338136e+02
646	1.851003e+01	2.700313e+03	4.931250e+02	4.498391e+02	7.959359e+01	4.319625e+01	1.355197e+02
647	1.853868e+01	2.700347e+03	4.934587e+02	4.515858e+02	7.952802e+01	4.323241e+01	1.375554e+02
648	1.856734e+01	2.707546e+03	4.936645e+02	4.531547e+02	7.959264e+01	4.331247e+01	1.397003e+02
649	1.859599e+01	2.689594e+03	4.938978e+02	4.547758e+02	7.907275e+01	4.330818e+01	1.418230e+02
650	1.862464e+01	2.698658e+03	4.940540e+02	4.563521e+02	7.947134e+01	4.323619e+01	1.437771e+02
651	1.865330e+01	2.703499e+03	4.940582e+02	4.580581e+02	7.925623e+01	4.343132e+01	1.448372e+02
652	1.868195e+01	2.693976e+03	4.941198e+02	4.597255e+02	7.923421e+01	4.329036e+01	1.472098e+02
653	1.871060e+01	2.693138e+03	4.942236e+02	4.614740e+02	7.914762e+01	4.332423e+01	1.487882e+02
654	1.873926e+01	2.697094e+03	4.942505e+02	4.630170e+02	7.930318e+01	4.330277e+01	1.509251e+02
655	1.876791e+01	2.717399e+03	4.940612e+02	4.645215e+02	7.951830e+01	4.351074e+01	1.521789e+02
656	1.879656e+01	2.709854e+03	4.938835e+02	4.660799e+02	7.931372e+01	4.350185e+01	1.548210e+02
657	1.882521e+01	2.696288e+03	4.936057e+02	4.677036e+02	7.923390e+01	4.332767e+01	1.574375e+02
658	1.885387e+01	2.705548e+03	4.932039e+02	4.695137e+02	7.903771e+01	4.358439e+01	1.593604e+02
659	1.888252e+01	2.718972e+03	4.927876e+02	4.709076e+02	7.917482e+01	4.372479e+01	1.616650e+02
660	1.891117e+01	2.693933e+03	4.923977e+02	4.726096e+02	7.896606e+01	4.343666e+01	1.636659e+02
661	1.893983e+01	2.755522e+03	4.917595e+02	4.743201e+02	8.000580e+01	4.385232e+01	1.669705e+02
662	1.896848e+01	2.710050e+03	4.913269e+02	4.756011e+02	7.890997e+01	4.372758e+01	1.688084e+02
663	1.899713e+01	2.716506e+03	4.907709e+02	4.769315e+02	7.956647e+01	4.347011e+01	1.712776e+02
664	1.902579e+01	2.718786e+03	4.899861e+02	4.786480e+02	7.904144e+01	4.379559e+01	1.738794e+02
665	1.905444e+01	2.722707e+03	4.894107e+02	4.799418e+02	7.938549e+01	4.366866e+01	1.758360e+02
666	1.908309e+01	2.711817e+03	4.887279e+02	4.815156e+02	7.867854e+01	4.388480e+01	1.777380e+02
667	1.911175e+01	2.710913e+03	4.880185e+02	4.827476e+02	7.916960e+01	4.359807e+01	1.798862e+02
668	1.914040e+01	2.700062e+03	4.872170e+02	4.841451e+02	7.894755e+01	4.354569e+01	1.882829e+00
669	1.916905e+01	2.718876e+03	4.862397e+02	4.854980e+02	7.903840e+01	4.379871e+01	4.242418e+00
670	1.919771e+01	2.722920e+03	4.851476e+02	4.869726e+02	7.905927e+01	4.385229e+01	6.630789e+00
671	1.922636e+01	2.716675e+03	4.841889e+02	4.879068e+02	7.931683e+01	4.360963e+01	8.954561e+00
672	1.925501e+01	2.693320e+03	4.832269e+02	4.892754e+02	7.857543e+01	4.364267e+01	1.120766e+01
673	1.928367e+01	2.737301e+03	4.821299e+02	4.901653e+02	7.936816e+01	4.391232e+01	1.318700e+01
674	1.931232e+01	2.763350e+03	4.808306e+02	4.914659e+02	7.966596e+01	4.416449e+01	1.669791e+01
675	1.934097e+01	2.734671e+03	4.798452e+02	4.923877e+02	7.951801e+01	4.378745e+01	1.862521e+01
676	1.936963e+01	2.720384e+03	4.787575e+02	4.934727e+02	7.932716e+01	4.366349e+01	2.023078e+01
677	1.939828e+01	2.729494e+03	4.775437e+02	4.943404e+02	7.951803e+01	4.370454e+01	2.303360e+01
678	1.942693e+01	2.713460e+03	4.763462e+02	4.951163e+02	7.923583e+01	4.360256e+01	2.493476e+01
679	1.945559e+01	2.724592e+03	4.747601e+02	4.959790e+02	7.954874e+01	4.360923e+01	2.754239e+01
680	1.948424e+01	2.749399e+03	4.732744e+02	4.965972e+02	7.911063e+01	4.424998e+01	3.015852e+01
681	1.951289e+01	2.735525e+03	4.719923e+02	4.973222e+02	7.949414e+01	4.381429e+01	3.226672e+01
682	1.954155e+01	2.724666e+03	4.706913e+02	4.979653e+02	7.966431e+01	4.354713e+01	3.447554e+01
683	1.957020e+01	2.743532e+03	4.692522e+02	4.986800e+02	7.978458e+01	4.378256e+01	3.673847e+01
684	1.959885e+01	2.745791e+03	4.678565e+02	4.991369e+02	8.026145e+01	4.355826e+01	3.901043e+01
685	1.962751e+01	2.738475e+03	4.663519e+02	4.997131e+02	7.995318e+01	4.360970e+01	4.095376e+01
686	1.965616e+01	2.724126e+03	4.647788e+02	5.003009e+02	7.964336e+01	4.354996e+01	4.306776e+01
687	1.968481e+01	2.723439e+03	4.631796e+02	5.009259e+02	7.989509e+01	4.340179e+01	4.610523e+01
688	1.971347e+01	2.719037e+03	4.619090e+02	5.010538e+02	7.978296e+01	4.339254e+01	4.788588e+01
689	1.974212e+01	2.726670e+03	4.603862e+02	5.013149e+02	7.976946e+01	4.352172e+01	4.990768e+01
690	1.977077e+01	2.728583e+03	4.589142e+02	5.016146e+02	7.978267e+01	4.354504e+01	5.175525e+01
691	1.979943e+01	2.721628e+03	4.574245e+02	5.018284e+02	8.012703e+01	4.324739e+01	5.369588e+01
692	1.982808e+01	2.718611e+03	4.557676e+02	5.022206e+02	7.996549e+01	4.328671e+01	5.535768e+01
693	1.985673e+01	2.732766e+03	4.542927e+02	5.022394e+02	8.017762e+01	4.339697e+01	5.720884e+01
694	1.988539e+01	2.748571e+03	4.525365e+02	5.023497e+02	8.043559e+01	4.350797e+01	5.931372e+01
695	1.991404e+01	2.727056e+03	4.509834e+02	5.022421e+02	8.044291e+01	4.316348e+01	6.138454e+01
696	1.994269e+01	2.733516e+03	4.493837e+02	5.021895e+02	8.035793e+01	4.331148e+01	6.364027e+01
697	1.997135e+01	2.735525e+03	4.478057e+02	5.021170e+02	8.063282e+01	4.319554e+01	6.517525e+01
698	2.000000e+01	2.729094e+03	4.461835e+02	5.020028e+02	8.068390e+01	4.306671e+01	6.731747e+01
699	2.002865e+01	2.725675e+03	4.447750e+02	5.017445e+02	8.074025e+01	4.298273e+01	6.932870e+01
700	2.005731e+01	2.728531e+03	4.431677e+02	5.014968e+02	8.089629e+01	4.294478e+01	7.117040e+01
701	2.008596e+01	2.713728e+03	4.415127e+02	5.012968e+02	8.037630e+01	4.298812e+01	7.316500e+01
702	2.011461e+01	2.721285e+03	4.400251e+02	5.008939e+02	8.089217e+01	4.283292e+01	7.524268e+01
703	2.014327e+01	2.704953e+03	4.385749e+02	5.004340e+02	8.071841e+01	4.266751e+01	7.716067e+01
704	2.017192e+01	2.703904e+03	4.370821e+02	4.998671e+02	8.083479e+01	4.258955e+01	7.896576e+01
705	2.020057e+01	2.700345e+03	4.356043e+02	4.994734e+02	8.064516e+01	4.263351e+01	8.065214e+01
706	2.022923e+01	2.698002e+03	4.341605e+02	4.989033e+02	8.088127e+01	4.247216e+01	8.232066e+01
707	2.025788e+01	2.710413e+03	4.325713e+02	4.982609e+02	8.135323e+01	4.242002e+01	8.405847e+01
708	2.028653e+01	2.703397e+03	4.313038e+02	4.976504e+02	8.077716e+01	4.261195e+01	8.580154e+01
709	2.031519e+01	2.705359e+03	4.297765e+02	4.969607e+02	8.070362e+01	4.268174e+01	8.769209e+01
710	2.034384e+01	2.700962e+03	4.284696e+02	4.962131e+02	8.073783e+01	4.259431e+01	8.956176e+01
711	2.037249e+01	2.697265e+03	4.272669e+02	4.954919e+02	8.068520e+01	4.256375e+01	9.148784e+01
712	2.040115e+01	2.691105e+03	4.259734e+02	4.946672e+02	8.064204e+01	4.248927e+01	9.278025e+01
713	2.042980e+01	2.702425e+03	4.247732e+02	4.937244e+02	8.097681e+01	4.249161e+01	9.461531e+01
714	2.045845e+01	2.688741e+03	4.234217e+02	4.927169e+02	8.064139e+01	4.245228e+01	9.605872e+01
715	2.048711e+01	2.707568e+03	4.220126e+02	4.918422e+02	8.116987e+01	4.247121e+01	9.811201e+01
716	2.051576e+01	2.708140e+03	4.207512e+02	4.908246e+02	8.104423e+01	4.254604e+01	9.936618e+01
717	2.054441e+01	2.694625e+03	4.196421e+02	4.898766e+02	8.063847e+01	4.254673e+01	1.011531e+02
718	2.057307e+01	2.711756e+03	4.183139e+02	4.887721e+02	8.083210e+01	4.271466e+01	1.028947e+02
719	2.060172e+01	2.707077e+03	4.173063e+02	4.877988e+02	8.072414e+01	4.269798e+01	1.048391e+02
720	2.063037e+01	2.717647e+03	4.162262e+02	4.864672e+02	8.065199e+01	4.290304e+01	1.068960e+02
721	2.065903e+01	2.710903e+03	4.153185e+02	4.852439e+02	8.041549e+01	4.292243e+01	1.086634e+02
722	2.068768e+01	2.707801e+03	4.142891e+02	4.839303e+02	8.034633e+01	4.291023e+01	1.103589e+02
723	2.071633e+01	2.702986e+03	4.133410e+02	4.825243e+02	8.031135e+01	4.285258e+01	1.125478e+02
724	2.074499e+01	2.708677e+03	4.126546e+02	4.813503e+02	8.006400e+01	4.307548e+01	1.144829e+02
725	2.077364e+01	2.711064e+03	4.117607e+02	4.799710e+02	8.045411e+01	4.290439e+01	1.162459e+02
726	2.080229e+01	2.713869e+03	4.108065e+02	4.785016e+02	8.009741e+01	4.314004e+01	1.181977e+02
727	2.083095e+01	2.719519e+03	4.102000e+02	4.772378e+02	8.034927e+01	4.309435e+01	1.195358e+02
728	2.085960e+01	2.708258e+03	4.097614e+02	4.759820e+02	8.004374e+01	4.307971e+01	1.215645e+02
729	2.088825e+01	2.709193e+03	4.088871e+02	4.746331e+02	7.992910e+01	4.315639e+01	1.229908e+02
730	2.091691e+01	2.723513e+03	4.081658e+02	4.730906e+02	8.014478e+01	4.326775e+01	1.249592e+02
731	2.094556e+01	2.729093e+03	4.075550e+02	4.717275e+02	8.013351e+01	4.336250e+01	1.267824e+02
732	2.097421e+01	2.726101e+03	4.069499e+02	4.702572e+02	8.007680e+01	4.334563e+01	1.283100e+02
733	2.100287e+01	2.720289e+03	4.065349e+02	4.687975e+02	7.973415e+01	4.343910e+01	1.299938e+02
734	2.103152e+01	2.725031e+03	4.059390e+02	4.673860e+02	7.986492e+01	4.344357e+01	1.313329e+02
735	2.106017e+01	2.749493e+03	4.054352e+02	4.658106e+02	8.028831e+01	4.360240e+01	1.330145e+02
736	2.108883e+01	2.717135e+03	4.052279e+02	4.643195e+02	7.964828e+01	4.343550e+01	1.347916e+02
737	2.111748e+01	2.706837e+03	4.049388e+02	4.628550e+02	7.945459e+01	4.337638e+01	1.362816e+02
738	2.114613e+01	2.721950e+03	4.045982e+02	4.613287e+02	7.975462e+01	4.345446e+01	1.380638e+02
739	2.117479e+01	2.725247e+03	4.044626e+02	4.596945e+02	7.971285e+01	4.352990e+01	1.402706e+02
740	2.120344e+01	2.731213e+03	4.044190e+02	4.581062e+02	7.957114e+01	4.370288e+01	1.426787e+02
741	2.123209e+01	2.715051e+03	4.043964e+02	4.565718e+02	7.927016e+01	4.360922e+01	1.448460e+02
742	2.126074e+01	2.741560e+03	4.043621e+02	4.549680e+02	7.952674e+01	4.389294e+01	1.464310e+02
743	2.128940e+01	2.730411e+03	4.044456e+02	4.532488e+02	7.973022e+01	4.360287e+01	1.488287e+02
744	2.131805e+01	2.733137e+03	4.046554e+02	4.518629e+02	7.948280e+01	4.378228e+01	1.516014e+02
745	2.134670e+01	2.717208e+03	4.049063e+02	4.503317e+02	7.932350e+01	4.361452e+01	1.534699e+02
746	2.137536e+01	2.733754e+03	4.051893e+02	4.486366e+02	7.954922e+01	4.375560e+01	1.559568e+02
747	2.140401e+01	2.730808e+03	4.056186e+02	4.470712e+02	7.933234e+01	4.382794e+01	1.584841e+02
748	2.143266e+01	2.744033e+03	4.059227e+02	4.455502e+02	7.941441e+01	4.399467e+01	1.611456e+02
749	2.146132e+01	2.736955e+03	4.063831e+02	4.440266e+02	7.927297e+01	4.395949e+01	1.630039e+02
750	2.148997e+01	2.722822e+03	4.071595e+02	4.427246e+02	7.931760e+01	4.370788e+01	1.652241e+02
751	2.151862e+01	2.716836e+03	4.076379e+02	4.412022e+02	7.905209e+01	4.375827e+01	1.673941e+02
752	2.154728e+01	2.731301e+03	4.081951e+02	4.397690e+02	7.918978e+01	4.391476e+01	1.705329e+02
753	2.157593e+01	2.730521e+03	4.089566e+02	4.383944e+02	7.929282e+01	4.384518e+01	1.728582e+02
754	2.160458e+01	2.720862e+03	4.097814e+02	4.368200e+02	7.936298e+01	4.365145e+01	1.749962e+02
755	2.163324e+01	2.719169e+03	4.106507e+02	4.353477e+02	7.955813e+01	4.351728e+01	1.772822e+02
756	2.166189e+01	2.731176e+03	4.113939e+02	4.340462e+02	7.950026e+01	4.374126e+01	1.798144e+02
757	2.169054e+01	2.723322e+03	4.122840e+02	4.327156e+02	7.946642e+01	4.363405e+01	2.021169e+00
758	2.171920e+01	2.725765e+03	4.132472e+02	4.316014e+02	7.936186e+01	4.373072e+01	4.451279e+00
759	2.174785e+01	2.738156e+03	4.143133e+02	4.304515e+02	7.937655e+01	4.392140e+01	7.383998e+00
760	2.177650e+01	2.718391e+03	4.155364e+02	4.292960e+02	7.950646e+01	4.353310e+01	9.556437e+00
761	2.180516e+01	2.720002e+03	4.167473e+02	4.281650e+02	7.972929e+01	4.343716e+01	1.178054e+01
762	2.183381e+01	2.722027e+03	4.179863e+02	4.269655e+02	7.976225e+01	4.345154e+01	1.418014e+01
763	2.186246e+01	2.738017e+03	4.191362e+02	4.261346e+02	7.983389e+01	4.366756e+01	1.713272e+01
764	2.189112e+01	2.736792e+03	4.205232e+02	4.252028e+02	7.983189e+01	4.364913e+01	1.948975e+01
765	2.191977e+01	2.732867e+03	4.218525e+02	4.242448e+02	7.982587e+01	4.358981e+01	2.188619e+01
766	2.194842e+01	2.726223e+03	4.231616e+02	4.234953e+02	7.967033e+01	4.356873e+01	2.462634e+01
767	2.197708e+01	2.736066e+03	4.246022e+02	4.226951e+02	7.975222e+01	4.368113e+01	2.719736e+01
768	2.200573e+01	2.726784e+03	4.259168e+02	4.221658e+02	7.985773e+01	4.347543e+01	2.944641e+01
769	2.203438e+01	2.729039e+03	4.274290e+02	4.213055e+02	8.010731e+01	4.337582e+01	3.154130e+01
770	2.206304e+01	2.722927e+03	4.289579e+02	4.206921e+02	7.981999e+01	4.343446e+01	3.417155e+01
771	2.209169e+01	2.726066e+03	4.303388e+02	4.203735e+02	7.975603e+01	4.351941e+01	3.688412e+01
772	2.212034e+01	2.709855e+03	4.319957e+02	4.198694e+02	7.951283e+01	4.339294e+01	3.915390e+01
773	2.214900e+01	2.723795e+03	4.335000e+02	4.195764e+02	7.977104e+01	4.347497e+01	4.180054e+01
774	2.217765e+01	2.719107e+03	4.350345e+02	4.191977e+02	7.955919e+01	4.351571e+01	4.438360e+01
775	2.220630e+01	2.709444e+03	4.366335e+02	4.190199e+02	7.946594e+01	4.341195e+01	4.665775e+01
776	2.223496e+01	2.690224e+03	4.381211e+02	4.188811e+02	7.897732e+01	4.337068e+01	4.917788e+01
777	2.226361e+01	2.688474e+03	4.396646e+02	4.188006e+02	7.931226e+01	4.315942e+01	5.192965e+01
778	2.229226e+01	2.690448e+03	4.413627e+02	4.186265e+02	7.927779e+01	4.320989e+01	5.390885e+01
779	2.232092e+01	2.695797e+03	4.429629e+02	4.185505e+02	7.940136e+01	4.322842e+01	5.584380e+01
780	2.234957e+01	2.707598e+03	4.445383e+02	4.185692e+02	7.946312e+01	4.338391e+01	5.838599e+01
781	2.237822e+01	2.714453e+03	4.462061e+02	4.187124e+02	7.996813e+01	4.321907e+01	6.082930e+01
782	2.240688e+01	2.693455e+03	4.477227e+02	4.189258e+02	7.962447e+01	4.306984e+01	6.301950e+01
783	2.243553e+01	2.691238e+03	4.493040e+02	4.193031e+02	7.965334e+01	4.301880e+01	6.562374e+01
784	2.246418e+01	2.689086e+03	4.508580e+02	4.195678e+02	7.944209e+01	4.309870e+01	6.771297e+01
785	2.249284e+01	2.691999e+03	4.524159e+02	4.198478e+02	8.012701e+01	4.277658e+01	7.016522e+01
786	2.252149e+01	2.692810e+03	4.540455e+02	4.201635e+02	7.988490e+01	4.291914e+01	7.195331e+01
787	2.255014e+01	2.707486e+03	4.555324e+02	4.206028e+02	8.040839e+01	4.287213e+01	7.386840e+01
788	2.257880e+01	2.696755e+03	4.569489e+02	4.211075e+02	7.989670e+01	4.297569e+01	7.606492e+01
789	2.260745e+01	2.696778e+03	4.584575e+02	4.217408e+02	8.037186e+01	4.272197e+01	7.808686e+01
790	2.263610e+01	2.696271e+03	4.601552e+02	4.223236e+02	8.026809e+01	4.276916e+01	8.035833e+01
791	2.266476e+01	2.705625e+03	4.615200e+02	4.231607e+02	8.045178e+01	4.281955e+01	8.222169e+01
792	2.269341e+01	2.701803e+03	4.629095e+02	4.237827e+02	8.072432e+01	4.261470e+01	8.418067e+01
793	2.272206e+01	2.700574e+03	4.642390e+02	4.245024e+02	8.045007e+01	4.274052e+01	8.631786e+01
794	2.275072e+01	2.702091e+03	4.654040e+02	4.254083e+02	8.061911e+01	4.267487e+01	8.838504e+01
795	2.277937e+01	2.688548e+03	4.667787e+02	4.263593e+02	8.051105e+01	4.251795e+01	9.039359e+01
796	2.280802e+01	2.696285e+03	4.682225e+02	4.272531e+02	8.042328e+01	4.268685e+01	9.239489e+01
797	2.283668e+01	2.691608e+03	4.696701e+02	4.282391e+02	8.050664e+01	4.256868e+01	9.428712e+01
798	2.286533e+01	2.681710e+03	4.708662e+02	4.292899e+02	8.046738e+01	4.243283e+01	9.642390e+01
799	2.289398e+01	2.700045e+03	4.720287e+02	4.302904e+02	8.063807e+01	4.263253e+01	9.789496e+01
