1	2.885170e-02	2.630285e+03	4.053976e+02	3.066217e+02	7.965556e+01	4.204330e+01	1.041743e+02
2	5.770340e-02	2.632053e+03	4.053571e+02	3.066632e+02	7.976169e+01	4.201559e+01	1.041253e+02
3	8.655511e-02	2.612158e+03	4.053402e+02	3.066414e+02	7.933716e+01	4.192112e+01	1.040860e+02
4	1.154068e-01	2.618520e+03	4.055586e+02	3.066551e+02	7.945911e+01	4.195872e+01	1.042332e+02
5	1.442585e-01	2.634680e+03	4.056095e+02	3.067329e+02	7.961217e+01	4.213651e+01	1.042456e+02
6	1.731102e-01	2.609955e+03	4.053923e+02	3.067047e+02	7.926675e+01	4.192297e+01	1.038535e+02
7	2.019619e-01	2.625133e+03	4.054220e+02	3.066614e+02	7.979384e+01	4.188824e+01	1.041059e+02
8	2.308136e-01	2.616315e+03	4.054302e+02	3.068270e+02	7.950000e+01	4.190183e+01	1.041154e+02
9	2.596653e-01	2.620418e+03	4.052782e+02	3.067092e+02	7.938403e+01	4.202886e+01	1.041267e+02
10	2.885170e-01	2.632725e+03	4.052803e+02	3.068530e+02	7.941647e+01	4.220900e+01	1.033813e+02
11	3.173687e-01	2.622263e+03	4.053522e+02	3.066799e+02	7.931927e+01	4.209279e+01	1.041111e+02
12	3.462204e-01	2.606595e+03	4.052740e+02	3.067352e+02	7.869370e+01	4.217389e+01	1.042478e+02
13	3.750721e-01	2.630825e+03	4.053381e+02	3.067815e+02	7.948737e+01	4.214091e+01	1.040115e+02
14	4.039238e-01	2.618445e+03	4.052436e+02	3.067561e+02	7.951005e+01	4.193065e+01	1.041213e+02
15	4.327755e-01	2.630825e+03	4.053518e+02	3.067862e+02	7.986743e+01	4.194038e+01	1.037226e+02
16	4.616272e-01	2.623926e+03	4.053757e+02	3.067718e+02	7.954649e+01	4.199916e+01	1.038286e+02
17	4.904789e-01	2.622593e+03	4.053673e+02	3.067238e+02	7.928358e+01	4.211704e+01	1.042667e+02
18	5.193306e-01	2.612899e+03	4.052010e+02	3.067735e+02	7.914950e+01	4.203244e+01	1.042799e+02
19	5.481823e-01	2.621371e+03	4.053641e+02	3.067766e+02	7.957332e+01	4.194413e+01	1.035867e+02
20	5.770340e-01	2.615346e+03	4.054300e+02	3.067877e+02	7.953448e+01	4.186814e+01	1.037419e+02
21	6.058857e-01	2.626926e+03	4.053675e+02	3.068122e+02	7.916490e+01	4.224986e+01	1.035272e+02
22	6.347374e-01	2.606961e+03	4.051729e+02	3.068362e+02	7.916102e+01	4.193082e+01	1.036681e+02
23	6.635892e-01	2.617390e+03	4.052616e+02	3.068711e+02	7.957336e+01	4.188041e+01	1.036608e+02
24	6.924409e-01	2.614408e+03	4.052253e+02	3.067461e+02	7.934617e+01	4.195246e+01	1.037524e+02
25	7.212926e-01	2.837226e+03	4.040836e+02	3.080939e+02	7.751978e+01	4.660060e+01	9.933903e+01
26	7.501443e-01	2.600298e+03	4.053108e+02	3.068274e+02	7.941758e+01	4.168853e+01	1.036544e+02
27	7.789960e-01	2.622634e+03	4.050624e+02	3.069176e+02	7.944724e+01	4.203093e+01	1.037443e+02
28	8.078477e-01	2.613430e+03	4.054417e+02	3.067559e+02	7.915378e+01	4.203870e+01	1.038330e+02
29	8.366994e-01	2.611541e+03	4.052871e+02	3.068680e+02	7.951998e+01	4.181486e+01	1.037287e+02
30	8.655511e-01	2.623400e+03	4.052117e+02	3.069393e+02	7.949277e+01	4.201913e+01	1.036950e+02
31	8.944028e-01	2.616573e+03	4.051072e+02	3.069006e+02	7.940117e+01	4.195812e+01	1.036027e+02
32	9.232545e-01	2.632489e+03	4.052219e+02	3.067595e+02	7.969975e+01	4.205521e+01	1.036705e+02
33	9.521062e-01	2.609705e+03	4.053203e+02	3.068419e+02	7.943606e+01	4.182961e+01	1.034053e+02
34	9.809579e-01	2.599804e+03	4.053180e+02	3.069259e+02	7.898898e+01	4.190677e+01	1.033751e+02
35	1.009810e+00	2.608816e+03	4.053359e+02	3.069075e+02	7.925108e+01	4.191296e+01	1.035604e+02
36	1.038661e+00	2.604504e+03	4.052654e+02	3.068673e+02	7.916812e+01	4.188754e+01	1.036195e+02
37	1.067513e+00	2.627459e+03	4.053265e+02	3.068442e+02	7.950645e+01	4.207690e+01	1.031747e+02
38	1.096365e+00	2.604013e+03	4.050268e+02	3.068049e+02	7.917053e+01	4.187837e+01	1.036093e+02
39	1.125216e+00	2.615033e+03	4.053266e+02	3.068825e+02	7.973425e+01	4.175826e+01	1.035032e+02
40	1.154068e+00	2.605341e+03	4.051183e+02	3.068889e+02	7.943964e+01	4.175778e+01	1.032509e+02
41	1.182920e+00	2.620777e+03	4.051653e+02	3.069991e+02	7.979957e+01	4.181572e+01	1.035365e+02
42	1.211771e+00	2.608327e+03	4.051621e+02	3.068966e+02	7.921976e+01	4.192167e+01	1.034150e+02
43	1.240623e+00	2.617764e+03	4.052132e+02	3.068854e+02	7.938866e+01	4.198384e+01	1.033600e+02
44	1.269475e+00	2.614913e+03	4.050709e+02	3.069246e+02	7.956388e+01	4.184576e+01	1.033141e+02
45	1.298327e+00	2.605423e+03	4.051046e+02	3.069089e+02	7.929873e+01	4.183331e+01	1.035546e+02
46	1.327178e+00	2.614183e+03	4.052258e+02	3.069115e+02	7.933309e+01	4.195578e+01	1.030933e+02
47	1.356030e+00	2.618556e+03	4.052605e+02	3.069777e+02	7.982245e+01	4.176831e+01	1.034651e+02
48	1.384882e+00	2.604007e+03	4.049448e+02	3.069514e+02	7.937209e+01	4.177191e+01	1.037518e+02
49	1.413733e+00	2.606217e+03	4.051183e+02	3.069064e+02	7.903546e+01	4.198545e+01	1.031319e+02
50	1.442585e+00	2.623488e+03	4.051978e+02	3.069379e+02	7.998997e+01	4.175935e+01	1.031737e+02
51	1.471437e+00	2.627025e+03	4.048656e+02	3.070021e+02	8.010245e+01	4.175692e+01	1.027042e+02
52	1.500289e+00	2.614923e+03	4.051403e+02	3.069278e+02	7.952510e+01	4.186632e+01	1.032248e+02
53	1.529140e+00	2.621870e+03	4.052178e+02	3.069448e+02	7.984512e+01	4.180930e+01	1.030610e+02
54	1.557992e+00	2.618156e+03	4.050936e+02	3.069488e+02	7.959186e+01	4.188293e+01	1.031990e+02
55	1.586844e+00	2.613658e+03	4.052475e+02	3.068907e+02	7.946204e+01	4.187928e+01	1.032658e+02
56	1.615695e+00	2.606085e+03	4.050454e+02	3.069868e+02	7.942838e+01	4.177563e+01	1.032759e+02
57	1.644547e+00	2.609928e+03	4.051818e+02	3.069454e+02	7.937542e+01	4.186515e+01	1.035109e+02
58	1.673399e+00	2.627291e+03	4.051970e+02	3.069323e+02	7.994168e+01	4.184515e+01	1.032605e+02
59	1.702250e+00	2.616816e+03	4.052955e+02	3.069178e+02	7.927737e+01	4.202755e+01	1.031109e+02
60	1.731102e+00	2.621481e+03	4.052476e+02	3.069516e+02	7.976746e+01	4.184380e+01	1.031796e+02
61	1.759954e+00	2.611979e+03	4.052452e+02	3.069937e+02	7.946423e+01	4.185123e+01	1.032601e+02
62	1.788806e+00	2.614863e+03	4.051179e+02	3.069619e+02	7.922086e+01	4.202614e+01	1.033918e+02
63	1.817657e+00	2.611969e+03	4.050517e+02	3.069725e+02	7.943400e+01	4.186699e+01	1.034636e+02
64	1.846509e+00	2.623657e+03	4.052089e+02	3.068941e+02	7.969652e+01	4.191580e+01	1.032562e+02
65	1.875361e+00	2.616503e+03	4.052382e+02	3.069436e+02	7.968546e+01	4.180731e+01	1.032010e+02
66	1.904212e+00	2.619679e+03	4.052018e+02	3.068697e+02	7.964812e+01	4.187768e+01	1.033181e+02
67	1.933064e+00	2.616582e+03	4.050409e+02	3.068952e+02	7.958434e+01	4.186169e+01	1.031080e+02
68	1.961916e+00	2.612338e+03	4.051162e+02	3.069138e+02	7.942270e+01	4.187886e+01	1.030761e+02
69	1.990767e+00	2.605803e+03	4.052310e+02	3.069458e+02	7.950790e+01	4.172933e+01	1.031729e+02
70	2.019619e+00	2.610237e+03	4.052849e+02	3.069525e+02	7.942356e+01	4.184472e+01	1.033974e+02
71	2.048471e+00	2.608754e+03	4.050875e+02	3.069412e+02	7.945422e+01	4.180482e+01	1.034493e+02
72	2.077323e+00	2.615169e+03	4.051516e+02	3.069834e+02	7.956972e+01	4.184679e+01	1.032048e+02
73	2.106174e+00	2.608522e+03	4.050379e+02	3.068604e+02	7.946266e+01	4.179665e+01	1.030383e+02
74	2.135026e+00	2.601671e+03	4.049824e+02	3.068885e+02	7.927757e+01	4.178421e+01	1.031757e+02
75	2.163878e+00	2.623537e+03	4.051676e+02	3.069857e+02	7.985884e+01	4.182870e+01	1.033833e+02
76	2.192729e+00	2.617400e+03	4.052994e+02	3.069063e+02	7.982040e+01	4.175095e+01	1.033784e+02
77	2.221581e+00	2.616482e+03	4.051100e+02	3.069744e+02	7.950410e+01	4.190234e+01	1.034706e+02
78	2.250433e+00	2.620110e+03	4.052345e+02	3.070461e+02	7.958467e+01	4.191796e+01	1.032790e+02
79	2.279284e+00	2.621622e+03	4.052248e+02	3.069609e+02	7.946069e+01	4.200760e+01	1.030124e+02
80	2.308136e+00	2.609405e+03	4.052703e+02	3.069714e+02	7.949691e+01	4.179279e+01	1.031923e+02
81	2.336988e+00	2.625736e+03	4.052311e+02	3.069945e+02	7.976498e+01	4.191301e+01	1.028531e+02
82	2.365840e+00	2.620919e+03	4.052956e+02	3.069609e+02	7.956117e+01	4.194330e+01	1.029557e+02
83	2.394691e+00	2.610854e+03	4.052668e+02	3.069589e+02	7.932331e+01	4.190752e+01	1.035055e+02
84	2.423543e+00	2.599198e+03	4.050509e+02	3.070456e+02	7.940288e+01	4.167860e+01	1.034182e+02
85	2.452395e+00	2.614149e+03	4.050507e+02	3.069823e+02	7.922353e+01	4.201325e+01	1.032275e+02
86	2.481246e+00	2.615578e+03	4.052762e+02	3.069790e+02	7.959223e+01	4.184149e+01	1.033640e+02
87	2.510098e+00	2.608022e+03	4.051172e+02	3.070473e+02	7.966438e+01	4.168282e+01	1.032758e+02
88	2.538950e+00	2.613165e+03	4.050055e+02	3.070176e+02	7.913409e+01	4.204491e+01	1.031638e+02
89	2.567802e+00	2.616958e+03	4.050110e+02	3.069869e+02	7.952635e+01	4.189824e+01	1.034093e+02
90	2.596653e+00	2.588363e+03	4.050408e+02	3.070098e+02	7.898984e+01	4.172190e+01	1.034633e+02
91	2.625505e+00	2.611832e+03	4.049962e+02	3.070750e+02	7.941594e+01	4.187431e+01	1.033790e+02
92	2.654357e+00	2.597458e+03	4.049725e+02	3.069595e+02	7.950114e+01	4.159923e+01	1.030987e+02
93	2.683208e+00	2.605609e+03	4.051230e+02	3.069734e+02	7.932880e+01	4.182042e+01	1.029171e+02
94	2.712060e+00	2.614499e+03	4.051346e+02	3.070385e+02	7.969868e+01	4.176837e+01	1.031857e+02
95	2.740912e+00	2.610302e+03	4.052220e+02	3.069720e+02	7.950743e+01	4.180162e+01	1.030525e+02
96	2.769763e+00	2.614586e+03	4.049767e+02	3.070136e+02	7.939821e+01	4.192782e+01	1.029369e+02
97	2.798615e+00	2.612769e+03	4.051099e+02	3.070213e+02	7.925803e+01	4.197279e+01	1.027278e+02
98	2.827467e+00	2.612184e+03	4.050232e+02	3.068951e+02	7.938490e+01	4.189634e+01	1.026867e+02
99	2.856319e+00	2.597234e+03	4.048959e+02	3.070208e+02	7.934703e+01	4.167643e+01	1.037526e+02
100	2.885170e+00	2.619070e+03	4.051302e+02	3.070148e+02	7.974940e+01	4.181477e+01	1.032726e+02
101	2.914022e+00	2.623902e+03	4.050525e+02	3.070164e+02	7.945248e+01	4.204848e+01	1.030668e+02
102	2.942874e+00	2.616186e+03	4.051379e+02	3.070636e+02	7.981038e+01	4.173682e+01	1.033536e+02
103	2.971725e+00	2.608886e+03	4.050754e+02	3.069957e+02	7.935149e+01	4.186106e+01	1.029048e+02
104	3.000577e+00	2.620008e+03	4.051525e+02	3.071317e+02	7.952648e+01	4.194701e+01	1.031318e+02
105	3.029429e+00	2.607507e+03	4.051484e+02	3.070640e+02	7.964317e+01	4.168570e+01	1.030965e+02
106	3.058280e+00	2.617844e+03	4.051716e+02	3.070646e+02	7.960030e+01	4.187349e+01	1.030552e+02
107	3.087132e+00	2.620355e+03	4.050792e+02	3.070297e+02	7.942622e+01	4.200553e+01	1.028646e+02
108	3.115984e+00	2.611936e+03	4.050681e+02	3.071176e+02	7.945706e+01	4.185430e+01	1.032937e+02
109	3.144836e+00	2.618368e+03	4.050986e+02	3.071104e+02	7.923967e+01	4.207249e+01	1.032372e+02
110	3.173687e+00	2.604657e+03	4.050077e+02	3.069783e+02	7.922997e+01	4.185729e+01	1.030097e+02
111	3.202539e+00	2.614444e+03	4.050288e+02	3.070302e+02	7.919858e+01	4.203123e+01	1.029897e+02
112	3.231391e+00	2.607166e+03	4.050156e+02	3.070752e+02	7.933405e+01	4.184266e+01	1.029425e+02
113	3.260242e+00	2.605032e+03	4.049614e+02	3.070552e+02	7.920953e+01	4.187413e+01	1.027311e+02
114	3.289094e+00	2.623085e+03	4.051973e+02	3.071563e+02	7.969062e+01	4.190978e+01	1.030851e+02
115	3.317946e+00	2.614405e+03	4.051199e+02	3.071966e+02	7.921229e+01	4.202333e+01	1.029200e+02
116	3.346797e+00	2.614439e+03	4.049483e+02	3.071034e+02	7.959908e+01	4.181966e+01	1.028949e+02
117	3.375649e+00	2.611906e+03	4.051732e+02	3.070961e+02	7.937708e+01	4.189600e+01	1.028230e+02
118	3.404501e+00	2.626788e+03	4.047137e+02	3.071569e+02	7.986974e+01	4.187482e+01	1.024306e+02
119	3.433353e+00	2.614286e+03	4.049893e+02	3.071413e+02	7.933152e+01	4.195826e+01	1.029549e+02
120	3.462204e+00	2.614971e+03	4.050537e+02	3.070973e+02	7.946201e+01	4.190033e+01	1.029438e+02
121	3.491056e+00	2.596057e+03	4.049349e+02	3.071076e+02	7.891932e+01	4.188331e+01	1.027994e+02
122	3.519908e+00	2.620306e+03	4.049778e+02	3.071239e+02	7.959222e+01	4.191713e+01	1.027325e+02
123	3.548759e+00	2.603354e+03	4.047690e+02	3.071255e+02	7.928008e+01	4.180992e+01	1.030530e+02
124	3.577611e+00	2.623753e+03	4.050876e+02	3.071279e+02	7.971577e+01	4.190721e+01	1.025968e+02
125	3.606463e+00	2.613523e+03	4.050205e+02	3.071101e+02	7.961952e+01	4.179429e+01	1.026636e+02
126	3.635314e+00	2.622802e+03	4.050548e+02	3.071709e+02	7.939663e+01	4.206042e+01	1.028604e+02
127	3.664166e+00	2.617668e+03	4.049357e+02	3.072435e+02	7.930798e+01	4.202500e+01	1.031671e+02
128	3.693018e+00	2.620326e+03	4.050962e+02	3.072007e+02	7.943306e+01	4.200143e+01	1.031816e+02
129	3.721870e+00	2.619293e+03	4.049683e+02	3.071923e+02	7.951277e+01	4.194278e+01	1.029124e+02
130	3.750721e+00	2.606050e+03	4.048471e+02	3.072722e+02	7.907629e+01	4.196107e+01	1.027587e+02
131	3.779573e+00	2.607740e+03	4.047693e+02	3.071361e+02	7.928011e+01	4.188034e+01	1.026408e+02
132	3.808425e+00	2.613822e+03	4.048199e+02	3.071651e+02	7.963340e+01	4.179178e+01	1.026460e+02
133	3.837276e+00	2.626126e+03	4.048548e+02	3.071757e+02	7.937940e+01	4.212286e+01	1.023149e+02
134	3.866128e+00	2.602494e+03	4.049016e+02	3.072387e+02	7.895592e+01	4.196769e+01	1.029643e+02
135	3.894980e+00	2.616040e+03	4.047640e+02	3.071229e+02	7.920927e+01	4.205121e+01	1.023549e+02
136	3.923832e+00	2.616109e+03	4.047634e+02	3.072881e+02	7.939153e+01	4.195578e+01	1.025556e+02
137	3.952683e+00	2.597322e+03	4.046831e+02	3.072103e+02	7.909050e+01	4.181303e+01	1.023211e+02
138	3.981535e+00	2.622839e+03	4.048711e+02	3.073295e+02	7.927591e+01	4.212506e+01	1.024693e+02
139	4.010387e+00	2.626474e+03	4.047555e+02	3.072780e+02	7.948002e+01	4.207510e+01	1.025029e+02
140	4.039238e+00	2.621217e+03	4.047617e+02	3.072668e+02	7.926353e+01	4.210558e+01	1.026437e+02
141	4.068090e+00	2.619759e+03	4.048946e+02	3.072331e+02	7.910719e+01	4.216534e+01	1.025918e+02
142	4.096942e+00	2.601878e+03	4.047256e+02	3.072096e+02	7.892945e+01	4.197183e+01	1.026085e+02
143	4.125793e+00	2.612069e+03	4.047553e+02	3.072719e+02	7.919644e+01	4.199418e+01	1.024489e+02
144	4.154645e+00	2.619814e+03	4.047530e+02	3.073473e+02	7.900153e+01	4.222260e+01	1.024185e+02
145	4.183497e+00	2.613098e+03	4.048188e+02	3.072929e+02	7.944175e+01	4.188100e+01	1.022294e+02
146	4.212349e+00	2.615008e+03	4.048399e+02	3.073524e+02	7.919147e+01	4.204407e+01	1.023938e+02
147	4.241200e+00	2.617487e+03	4.048088e+02	3.073336e+02	7.922560e+01	4.206580e+01	1.023717e+02
148	4.270052e+00	2.619187e+03	4.048092e+02	3.073555e+02	7.926328e+01	4.207310e+01	1.023491e+02
149	4.298904e+00	2.616639e+03	4.048015e+02	3.073148e+02	7.919598e+01	4.206789e+01	1.024973e+02
150	4.327755e+00	2.623663e+03	4.048388e+02	3.073687e+02	7.919259e+01	4.218263e+01	1.025544e+02
151	4.356607e+00	2.616170e+03	4.047589e+02	3.073158e+02	7.914900e+01	4.208532e+01	1.024819e+02
152	4.385459e+00	2.634277e+03	4.047031e+02	3.073726e+02	7.939346e+01	4.224612e+01	1.026776e+02
153	4.414310e+00	2.617493e+03	4.048248e+02	3.073416e+02	7.923470e+01	4.206107e+01	1.024781e+02
154	4.443162e+00	2.607593e+03	4.047347e+02	3.072652e+02	7.933287e+01	4.185013e+01	1.023872e+02
155	4.472014e+00	2.612030e+03	4.047469e+02	3.072784e+02	7.884700e+01	4.217966e+01	1.021311e+02
156	4.500866e+00	2.624402e+03	4.048188e+02	3.073319e+02	7.951826e+01	4.202170e+01	1.021421e+02
157	4.529717e+00	2.629871e+03	4.046089e+02	3.073254e+02	7.917175e+01	4.229356e+01	1.022638e+02
158	4.558569e+00	2.622291e+03	4.047792e+02	3.074711e+02	7.923939e+01	4.213567e+01	1.022555e+02
159	4.587421e+00	2.608956e+03	4.048065e+02	3.073448e+02	7.937769e+01	4.184835e+01	1.023493e+02
160	4.616272e+00	2.611792e+03	4.047864e+02	3.073746e+02	7.920417e+01	4.198563e+01	1.022947e+02
161	4.645124e+00	2.624732e+03	4.049208e+02	3.074206e+02	7.924371e+01	4.217260e+01	1.022653e+02
162	4.673976e+00	2.608458e+03	4.047501e+02	3.073623e+02	7.916776e+01	4.195131e+01	1.023290e+02
163	4.702827e+00	2.607869e+03	4.047578e+02	3.074168e+02	7.901111e+01	4.202501e+01	1.020853e+02
164	4.731679e+00	2.607602e+03	4.045412e+02	3.073253e+02	7.879159e+01	4.213778e+01	1.026449e+02
165	4.760531e+00	2.627320e+03	4.047210e+02	3.073882e+02	7.925724e+01	4.220697e+01	1.020019e+02
166	4.789383e+00	2.624520e+03	4.046951e+02	3.075001e+02	7.952005e+01	4.202264e+01	1.021850e+02
167	4.818234e+00	2.632520e+03	4.048476e+02	3.073845e+02	7.924497e+01	4.229705e+01	1.022341e+02
168	4.847086e+00	2.621594e+03	4.047932e+02	3.073839e+02	7.929073e+01	4.209720e+01	1.022770e+02
169	4.875938e+00	2.614103e+03	4.048224e+02	3.074433e+02	7.926855e+01	4.198865e+01	1.021525e+02
170	4.904789e+00	2.611364e+03	4.047367e+02	3.073618e+02	7.919802e+01	4.198201e+01	1.021990e+02
171	4.933641e+00	2.620122e+03	4.048440e+02	3.074279e+02	7.938810e+01	4.202195e+01	1.021304e+02
172	4.962493e+00	2.611875e+03	4.048016e+02	3.074728e+02	7.927906e+01	4.194730e+01	1.022942e+02
173	4.991344e+00	2.616210e+03	4.046755e+02	3.073778e+02	7.912179e+01	4.210044e+01	1.021336e+02
174	5.020196e+00	2.628141e+03	4.047082e+02	3.074171e+02	7.933797e+01	4.217720e+01	1.025212e+02
175	5.049048e+00	2.613185e+03	4.046652e+02	3.073048e+02	7.922911e+01	4.199480e+01	1.021999e+02
176	5.077900e+00	2.619425e+03	4.047920e+02	3.074996e+02	7.923621e+01	4.209130e+01	1.022647e+02
177	5.106751e+00	2.622824e+03	4.047004e+02	3.073595e+02	7.950877e+01	4.200145e+01	1.022147e+02
178	5.135603e+00	2.616819e+03	4.047301e+02	3.074389e+02	7.899861e+01	4.217589e+01	1.022494e+02
179	5.164455e+00	2.624511e+03	4.048271e+02	3.073985e+02	7.928987e+01	4.214449e+01	1.018683e+02
180	5.193306e+00	2.616731e+03	4.047817e+02	3.073730e+02	7.896454e+01	4.219268e+01	1.018436e+02
181	5.222158e+00	2.614378e+03	4.046023e+02	3.073208e+02	7.913795e+01	4.206236e+01	1.024856e+02
182	5.251010e+00	2.612129e+03	4.047006e+02	3.073825e+02	7.886763e+01	4.217022e+01	1.024068e+02
183	5.279862e+00	2.611281e+03	4.047775e+02	3.073961e+02	7.911916e+01	4.202252e+01	1.023441e+02
184	5.308713e+00	2.611500e+03	4.047676e+02	3.074908e+02	7.914985e+01	4.200975e+01	1.024844e+02
185	5.337565e+00	2.615864e+03	4.048797e+02	3.074015e+02	7.921233e+01	4.204675e+01	1.023319e+02
186	5.366417e+00	2.624149e+03	4.047576e+02	3.074500e+02	7.906777e+01	4.225704e+01	1.019087e+02
187	5.395268e+00	2.608400e+03	4.047065e+02	3.074533e+02	7.919610e+01	4.193538e+01	1.028004e+02
188	5.424120e+00	2.617339e+03	4.047858e+02	3.075518e+02	7.918706e+01	4.208389e+01	1.022923e+02
189	5.452972e+00	2.616990e+03	4.048340e+02	3.074735e+02	7.927390e+01	4.203218e+01	1.022135e+02
190	5.481823e+00	2.624024e+03	4.047474e+02	3.074553e+02	7.934884e+01	4.210535e+01	1.024965e+02
191	5.510675e+00	2.630452e+03	4.046825e+02	3.073882e+02	7.970675e+01	4.201897e+01	1.017154e+02
192	5.539527e+00	2.609199e+03	4.045648e+02	3.073116e+02	7.927773e+01	4.190503e+01	1.019773e+02
193	5.568379e+00	2.604348e+03	4.047063e+02	3.074941e+02	7.924934e+01	4.184211e+01	1.020921e+02
194	5.597230e+00	2.632944e+03	4.046465e+02	3.073650e+02	7.954361e+01	4.214504e+01	1.018857e+02
195	5.626082e+00	2.624362e+03	4.047802e+02	3.074414e+02	7.915513e+01	4.221384e+01	1.021396e+02
196	5.654934e+00	2.621947e+03	4.047799e+02	3.074900e+02	7.917657e+01	4.216357e+01	1.021674e+02
197	5.683785e+00	2.627454e+03	4.046414e+02	3.075114e+02	7.948846e+01	4.208635e+01	1.023046e+02
198	5.712637e+00	2.612074e+03	4.047849e+02	3.075404e+02	7.911971e+01	4.203498e+01	1.018307e+02
199	5.741489e+00	2.613626e+03	4.048599e+02	3.074998e+02	7.932175e+01	4.195283e+01	1.017972e+02
200	5.770340e+00	2.613870e+03	4.048244e+02	3.075423e+02	7.921781e+01	4.201181e+01	1.020578e+02
201	5.799192e+00	2.605812e+03	4.046237e+02	3.074898e+02	7.917677e+01	4.190399e+01	1.019114e+02
202	5.828044e+00	2.620339e+03	4.048156e+02	3.074452e+02	7.961674e+01	4.190475e+01	1.015928e+02
203	5.856896e+00	2.610373e+03	4.046584e+02	3.074971e+02	7.898376e+01	4.207991e+01	1.021669e+02
204	5.885747e+00	2.603953e+03	4.045897e+02	3.074586e+02	7.911687e+01	4.190580e+01	1.019623e+02
205	5.914599e+00	2.617162e+03	4.047355e+02	3.074897e+02	7.911972e+01	4.211686e+01	1.020970e+02
206	5.943451e+00	2.618641e+03	4.047418e+02	3.075376e+02	7.953552e+01	4.192035e+01	1.018554e+02
207	5.972302e+00	2.602175e+03	4.045714e+02	3.074997e+02	7.909283e+01	4.188992e+01	1.020636e+02
208	6.001154e+00	2.623129e+03	4.049263e+02	3.075793e+02	7.936847e+01	4.208059e+01	1.019524e+02
209	6.030006e+00	2.619108e+03	4.047759e+02	3.074706e+02	7.901741e+01	4.220275e+01	1.019556e+02
210	6.058857e+00	2.632353e+03	4.047628e+02	3.075222e+02	7.941199e+01	4.220542e+01	1.015603e+02
211	6.087709e+00	2.614703e+03	4.046729e+02	3.076202e+02	7.898466e+01	4.214924e+01	1.017682e+02
212	6.116561e+00	2.613643e+03	4.045634e+02	3.075486e+02	7.923372e+01	4.199971e+01	1.014528e+02
213	6.145413e+00	2.628203e+03	4.047468e+02	3.076740e+02	7.924625e+01	4.222701e+01	1.017821e+02
214	6.174264e+00	2.608472e+03	4.046702e+02	3.076441e+02	7.920455e+01	4.193206e+01	1.014976e+02
215	6.203116e+00	2.599885e+03	4.046268e+02	3.075522e+02	7.912934e+01	4.183374e+01	1.010713e+02
216	6.231968e+00	2.615017e+03	4.046208e+02	3.076463e+02	7.915926e+01	4.206131e+01	1.012975e+02
217	6.260819e+00	2.609866e+03	4.045088e+02	3.076858e+02	7.900871e+01	4.205846e+01	1.015007e+02
218	6.289671e+00	2.623219e+03	4.046615e+02	3.076727e+02	7.948288e+01	4.202145e+01	1.012762e+02
219	6.318523e+00	2.615736e+03	4.044955e+02	3.075294e+02	7.943218e+01	4.192833e+01	1.012394e+02
220	6.347374e+00	2.631029e+03	4.045043e+02	3.076956e+02	7.956171e+01	4.210481e+01	1.013414e+02
221	6.376226e+00	2.605895e+03	4.044922e+02	3.077099e+02	7.898528e+01	4.200693e+01	1.015261e+02
222	6.405078e+00	2.609187e+03	4.044173e+02	3.076279e+02	7.909795e+01	4.200008e+01	1.014555e+02
223	6.433930e+00	2.610427e+03	4.044713e+02	3.076028e+02	7.929282e+01	4.191677e+01	1.013100e+02
224	6.462781e+00	2.617333e+03	4.044568e+02	3.075982e+02	7.940037e+01	4.197073e+01	1.012938e+02
225	6.491633e+00	2.616370e+03	4.045170e+02	3.077030e+02	7.947627e+01	4.191522e+01	1.013750e+02
226	6.520485e+00	2.619224e+03	4.046948e+02	3.076710e+02	7.934817e+01	4.202870e+01	1.014189e+02
227	6.549336e+00	2.626250e+03	4.047561e+02	3.076952e+02	7.947265e+01	4.207542e+01	1.012504e+02
228	6.578188e+00	2.623088e+03	4.046064e+02	3.077578e+02	7.932291e+01	4.210410e+01	1.011647e+02
229	6.607040e+00	2.624046e+03	4.044021e+02	3.076392e+02	7.965896e+01	4.194178e+01	1.013466e+02
230	6.635892e+00	2.625542e+03	4.045186e+02	3.076899e+02	7.938309e+01	4.211153e+01	1.011003e+02
231	6.664743e+00	2.610025e+03	4.044006e+02	3.076536e+02	7.904501e+01	4.204170e+01	1.012960e+02
232	6.693595e+00	2.621427e+03	4.045304e+02	3.077555e+02	7.915145e+01	4.216859e+01	1.015195e+02
233	6.722447e+00	2.632523e+03	4.045884e+02	3.077051e+02	7.965172e+01	4.208111e+01	1.015085e+02
234	6.751298e+00	2.627964e+03	4.046263e+02	3.077257e+02	7.961446e+01	4.202789e+01	1.014500e+02
235	6.780150e+00	2.607808e+03	4.043467e+02	3.076500e+02	7.949946e+01	4.176587e+01	1.011869e+02
236	6.809002e+00	2.620596e+03	4.045571e+02	3.077350e+02	7.913930e+01	4.216169e+01	1.010765e+02
237	6.837853e+00	2.632320e+03	4.045724e+02	3.078331e+02	7.967923e+01	4.206333e+01	1.011782e+02
238	6.866705e+00	2.626039e+03	4.044095e+02	3.077538e+02	7.954496e+01	4.203379e+01	1.013902e+02
239	6.895557e+00	2.638225e+03	4.047044e+02	3.077815e+02	7.967162e+01	4.216171e+01	1.009204e+02
240	6.924409e+00	2.618500e+03	4.044109e+02	3.077434e+02	7.933486e+01	4.202412e+01	1.011327e+02
241	6.953260e+00	2.626517e+03	4.043980e+02	3.077883e+02	7.946950e+01	4.208138e+01	1.007276e+02
242	6.982112e+00	2.617810e+03	4.043528e+02	3.077812e+02	7.963041e+01	4.185712e+01	1.006844e+02
243	7.010964e+00	2.628507e+03	4.043461e+02	3.077345e+02	7.953335e+01	4.207944e+01	1.009803e+02
244	7.039815e+00	2.624965e+03	4.044330e+02	3.078312e+02	7.958921e+01	4.199324e+01	1.006808e+02
245	7.068667e+00	2.621748e+03	4.044110e+02	3.077513e+02	7.927838e+01	4.210622e+01	1.006057e+02
246	7.097519e+00	2.614787e+03	4.043672e+02	3.078026e+02	7.947403e+01	4.189105e+01	1.008855e+02
247	7.126370e+00	2.622362e+03	4.043655e+02	3.078277e+02	7.954169e+01	4.197666e+01	1.007624e+02
248	7.155222e+00	2.630625e+03	4.044451e+02	3.078497e+02	7.970369e+01	4.202334e+01	1.008576e+02
249	7.184074e+00	2.622969e+03	4.042685e+02	3.078065e+02	7.941679e+01	4.205242e+01	1.007808e+02
250	7.212926e+00	2.623150e+03	4.042248e+02	3.078182e+02	7.956064e+01	4.197927e+01	1.006834e+02
251	7.241777e+00	2.622169e+03	4.043371e+02	3.079217e+02	7.926351e+01	4.212088e+01	1.007608e+02
252	7.270629e+00	2.636349e+03	4.043554e+02	3.078998e+02	7.968091e+01	4.212683e+01	1.002019e+02
253	7.299481e+00	2.622509e+03	4.041670e+02	3.078952e+02	7.924850e+01	4.213433e+01	1.005655e+02
254	7.328332e+00	2.625295e+03	4.044319e+02	3.079053e+02	7.939402e+01	4.210178e+01	1.001412e+02
255	7.357184e+00	2.617829e+03	4.041195e+02	3.079146e+02	7.947814e+01	4.193761e+01	1.003878e+02
256	7.386036e+00	2.615538e+03	4.041596e+02	3.078873e+02	7.922663e+01	4.203393e+01	1.001859e+02
257	7.414887e+00	2.624465e+03	4.043086e+02	3.078885e+02	7.923048e+01	4.217535e+01	1.001976e+02
258	7.443739e+00	2.626153e+03	4.042403e+02	3.079077e+02	7.935098e+01	4.213838e+01	1.001749e+02
259	7.472591e+00	2.632444e+03	4.043490e+02	3.079654e+02	7.963120e+01	4.209069e+01	1.002246e+02
260	7.501443e+00	2.616108e+03	4.043317e+02	3.079321e+02	7.932257e+01	4.199224e+01	1.002589e+02
261	7.530294e+00	2.630664e+03	4.044886e+02	3.080259e+02	7.974022e+01	4.200473e+01	1.004924e+02
262	7.559146e+00	2.611774e+03	4.043036e+02	3.079449e+02	7.940938e+01	4.187684e+01	1.000159e+02
263	7.587998e+00	2.628702e+03	4.043345e+02	3.079631e+02	7.939515e+01	4.215581e+01	1.005545e+02
264	7.616849e+00	2.634356e+03	4.042621e+02	3.078996e+02	7.941704e+01	4.223485e+01	1.000634e+02
265	7.645701e+00	2.624634e+03	4.042469e+02	3.079388e+02	7.939865e+01	4.208872e+01	1.001318e+02
266	7.674553e+00	2.620437e+03	4.044482e+02	3.079859e+02	7.931938e+01	4.206342e+01	1.002861e+02
267	7.703405e+00	2.616806e+03	4.041506e+02	3.080412e+02	7.937472e+01	4.197584e+01	1.003192e+02
268	7.732256e+00	2.622617e+03	4.042669e+02	3.079515e+02	7.937484e+01	4.206900e+01	1.002138e+02
269	7.761108e+00	2.600240e+03	4.041517e+02	3.079990e+02	7.927193e+01	4.176420e+01	1.004900e+02
270	7.789960e+00	2.622407e+03	4.040124e+02	3.079674e+02	7.943688e+01	4.203276e+01	1.003990e+02
271	7.818811e+00	2.618138e+03	4.041495e+02	3.079433e+02	7.935940e+01	4.200532e+01	9.998035e+01
272	7.847663e+00	2.619784e+03	4.043178e+02	3.080956e+02	7.933604e+01	4.204411e+01	1.003339e+02
273	7.876515e+00	2.617855e+03	4.040520e+02	3.080205e+02	7.924578e+01	4.206099e+01	9.994321e+01
274	7.905366e+00	2.611358e+03	4.042150e+02	3.079781e+02	7.939029e+01	4.188024e+01	9.983102e+01
275	7.934218e+00	2.630198e+03	4.044476e+02	3.080270e+02	7.959541e+01	4.207368e+01	1.002140e+02
276	7.963070e+00	2.624642e+03	4.042811e+02	3.080656e+02	7.913605e+01	4.222852e+01	1.000089e+02
277	7.991922e+00	2.611451e+03	4.042601e+02	3.080413e+02	7.942644e+01	4.186267e+01	1.001859e+02
278	8.020773e+00	2.626878e+03	4.043173e+02	3.080771e+02	7.926035e+01	4.219822e+01	1.001808e+02
279	8.049625e+00	2.633922e+03	4.043628e+02	3.079550e+02	7.981615e+01	4.201672e+01	9.980432e+01
280	8.078477e+00	2.617373e+03	4.041580e+02	3.080342e+02	7.924217e+01	4.205516e+01	1.003453e+02
281	8.107328e+00	2.633153e+03	4.042490e+02	3.080582e+02	7.938042e+01	4.223503e+01	1.000257e+02
282	8.136180e+00	2.615080e+03	4.042541e+02	3.080703e+02	7.954266e+01	4.185959e+01	1.001488e+02
283	8.165032e+00	2.615014e+03	4.042565e+02	3.080854e+02	7.927713e+01	4.199873e+01	9.998940e+01
284	8.193883e+00	2.620421e+03	4.041112e+02	3.080077e+02	7.933040e+01	4.205731e+01	1.001147e+02
285	8.222735e+00	2.610571e+03	4.041425e+02	3.080468e+02	7.924664e+01	4.194352e+01	9.971220e+01
286	8.251587e+00	2.626550e+03	4.043203e+02	3.081709e+02	7.942474e+01	4.210561e+01	9.995811e+01
287	8.280439e+00	2.615186e+03	4.040421e+02	3.080319e+02	7.898385e+01	4.215746e+01	1.002156e+02
288	8.309290e+00	2.617198e+03	4.044075e+02	3.080866e+02	7.933495e+01	4.200317e+01	9.999747e+01
289	8.338142e+00	2.613452e+03	4.042654e+02	3.080891e+02	7.917269e+01	4.202901e+01	1.000216e+02
290	8.366994e+00	2.625865e+03	4.042509e+02	3.081312e+02	7.961320e+01	4.199498e+01	9.998759e+01
291	8.395845e+00	2.626497e+03	4.042435e+02	3.080746e+02	7.961292e+01	4.200524e+01	1.000715e+02
292	8.424697e+00	2.616255e+03	4.041686e+02	3.080834e+02	7.930768e+01	4.200249e+01	1.005231e+02
293	8.453549e+00	2.619909e+03	4.041415e+02	3.080172e+02	7.922899e+01	4.210291e+01	1.001046e+02
294	8.482400e+00	2.616004e+03	4.043117e+02	3.081989e+02	7.951505e+01	4.188892e+01	9.990883e+01
295	8.511252e+00	2.614139e+03	4.041687e+02	3.080648e+02	7.917416e+01	4.203928e+01	1.000429e+02
296	8.540104e+00	2.623843e+03	4.041858e+02	3.080071e+02	7.942851e+01	4.206022e+01	9.995229e+01
297	8.568956e+00	2.621429e+03	4.041219e+02	3.081335e+02	7.919048e+01	4.214783e+01	9.994263e+01
298	8.597807e+00	2.609713e+03	4.040974e+02	3.080385e+02	7.903269e+01	4.204323e+01	1.000013e+02
299	8.626659e+00	2.605344e+03	4.041660e+02	3.080594e+02	7.913718e+01	4.191742e+01	1.000112e+02
300	8.655511e+00	2.636838e+03	4.041678e+02	3.079601e+02	7.957693e+01	4.218969e+01	9.996621e+01
301	8.684362e+00	2.624022e+03	4.042534e+02	3.080284e+02	7.931504e+01	4.212326e+01	9.981820e+01
302	8.713214e+00	2.622159e+03	4.042666e+02	3.080665e+02	7.952206e+01	4.198377e+01	1.000236e+02
303	8.742066e+00	2.631782e+03	4.041556e+02	3.080154e+02	7.946041e+01	4.217054e+01	9.997986e+01
304	8.770917e+00	2.626499e+03	4.042097e+02	3.080955e+02	7.957027e+01	4.202778e+01	9.986171e+01
305	8.799769e+00	2.614121e+03	4.041753e+02	3.080391e+02	7.940354e+01	4.191756e+01	1.000819e+02
306	8.828621e+00	2.623639e+03	4.041285e+02	3.080996e+02	7.939658e+01	4.207386e+01	9.977983e+01
307	8.857473e+00	2.614305e+03	4.041063e+02	3.080748e+02	7.923714e+01	4.200853e+01	9.994766e+01
308	8.886324e+00	2.607084e+03	4.041723e+02	3.081499e+02	7.916871e+01	4.192872e+01	9.964680e+01
309	8.915176e+00	2.612130e+03	4.041069e+02	3.080692e+02	7.953088e+01	4.181857e+01	9.944438e+01
310	8.944028e+00	2.601974e+03	4.041403e+02	3.082269e+02	7.915548e+01	4.185353e+01	9.975072e+01
311	8.972879e+00	2.620312e+03	4.039094e+02	3.080568e+02	7.925320e+01	4.209654e+01	9.983212e+01
312	9.001731e+00	2.613287e+03	4.040881e+02	3.081407e+02	7.940141e+01	4.190530e+01	9.960046e+01
313	9.030583e+00	2.627237e+03	4.041729e+02	3.081743e+02	7.942375e+01	4.211715e+01	9.962650e+01
314	9.059435e+00	2.617322e+03	4.040879e+02	3.081872e+02	7.929444e+01	4.202663e+01	9.983102e+01
315	9.088286e+00	2.609453e+03	4.040139e+02	3.082324e+02	7.935521e+01	4.186819e+01	9.979754e+01
316	9.117138e+00	2.608338e+03	4.042190e+02	3.082196e+02	7.942036e+01	4.181596e+01	9.974504e+01
317	9.145990e+00	2.613493e+03	4.041202e+02	3.082993e+02	7.937150e+01	4.192441e+01	9.957429e+01
318	9.174841e+00	2.614350e+03	4.041977e+02	3.080519e+02	7.929050e+01	4.198099e+01	9.944436e+01
319	9.203693e+00	2.620559e+03	4.041322e+02	3.081557e+02	7.952811e+01	4.195496e+01	9.980588e+01
320	9.232545e+00	2.617642e+03	4.041892e+02	3.082423e+02	7.941360e+01	4.196870e+01	9.937886e+01
321	9.261396e+00	2.601482e+03	4.038791e+02	3.082034e+02	7.900606e+01	4.192476e+01	1.000361e+02
322	9.290248e+00	2.620026e+03	4.041328e+02	3.081962e+02	7.969335e+01	4.185947e+01	9.985728e+01
323	9.319100e+00	2.623526e+03	4.040705e+02	3.081903e+02	7.950829e+01	4.201294e+01	9.958437e+01
324	9.347952e+00	2.617276e+03	4.041992e+02	3.082527e+02	7.946402e+01	4.193621e+01	9.948337e+01
325	9.376803e+00	2.616321e+03	4.042185e+02	3.082066e+02	7.934288e+01	4.198491e+01	9.946924e+01
326	9.405655e+00	2.610596e+03	4.040646e+02	3.083305e+02	7.931919e+01	4.190555e+01	9.992323e+01
327	9.434507e+00	2.634943e+03	4.041863e+02	3.082429e+02	7.986671e+01	4.200642e+01	9.989429e+01
328	9.463358e+00	2.612630e+03	4.040294e+02	3.081972e+02	7.924167e+01	4.197923e+01	9.978908e+01
329	9.492210e+00	2.620674e+03	4.041203e+02	3.082817e+02	7.977404e+01	4.182747e+01	9.973974e+01
330	9.521062e+00	2.607860e+03	4.041021e+02	3.081930e+02	7.922342e+01	4.191223e+01	9.933472e+01
331	9.549913e+00	2.631245e+03	4.042773e+02	3.082972e+02	7.969247e+01	4.203918e+01	9.942406e+01
332	9.578765e+00	2.614115e+03	4.041336e+02	3.082853e+02	7.946270e+01	4.188626e+01	9.959589e+01
333	9.607617e+00	2.618658e+03	4.039973e+02	3.081546e+02	7.930314e+01	4.204347e+01	9.913696e+01
334	9.636469e+00	2.605707e+03	4.040593e+02	3.083267e+02	7.948924e+01	4.173759e+01	9.953589e+01
335	9.665320e+00	2.632242e+03	4.041286e+02	3.081593e+02	7.944867e+01	4.218415e+01	9.960741e+01
336	9.694172e+00	2.622339e+03	4.040192e+02	3.082346e+02	7.984268e+01	4.181805e+01	9.932452e+01
337	9.723024e+00	2.624790e+03	4.039413e+02	3.082607e+02	7.923930e+01	4.217588e+01	9.966396e+01
338	9.751875e+00	2.624558e+03	4.040604e+02	3.082790e+02	7.959299e+01	4.198473e+01	9.933246e+01
339	9.780727e+00	2.617780e+03	4.042515e+02	3.082191e+02	7.941057e+01	4.197251e+01	9.922179e+01
340	9.809579e+00	2.616024e+03	4.040513e+02	3.084221e+02	7.973408e+01	4.177417e+01	9.950392e+01
341	9.838430e+00	2.609458e+03	4.041295e+02	3.083594e+02	7.946702e+01	4.180936e+01	9.938758e+01
342	9.867282e+00	2.614492e+03	4.040045e+02	3.083390e+02	7.933136e+01	4.196164e+01	9.876966e+01
343	9.896134e+00	2.626401e+03	4.041127e+02	3.084134e+02	7.971438e+01	4.195024e+01	9.915739e+01
344	9.924986e+00	2.611080e+03	4.038868e+02	3.083377e+02	7.925984e+01	4.194470e+01	9.894072e+01
345	9.953837e+00	2.623740e+03	4.040914e+02	3.084176e+02	7.964314e+01	4.194522e+01	9.903751e+01
346	9.982689e+00	2.603625e+03	4.040193e+02	3.085321e+02	7.921999e+01	4.184598e+01	9.936453e+01
347	1.001154e+01	2.619568e+03	4.041267e+02	3.084615e+02	7.938101e+01	4.201682e+01	9.916183e+01
348	1.004039e+01	2.616755e+03	4.038187e+02	3.084843e+02	7.950964e+01	4.190380e+01	9.911092e+01
349	1.006924e+01	2.626565e+03	4.041187e+02	3.085493e+02	7.952952e+01	4.205038e+01	9.908438e+01
350	1.009810e+01	2.615948e+03	4.038560e+02	3.084453e+02	7.919183e+01	4.205899e+01	9.931770e+01
351	1.012695e+01	2.620535e+03	4.039928e+02	3.085278e+02	7.925949e+01	4.209678e+01	9.940184e+01
352	1.015580e+01	2.628442e+03	4.040072e+02	3.085120e+02	7.927660e+01	4.221468e+01	9.871726e+01
353	1.018465e+01	2.605893e+03	4.039052e+02	3.084445e+02	7.915724e+01	4.191564e+01	9.877835e+01
354	1.021350e+01	2.625443e+03	4.039583e+02	3.085703e+02	7.948280e+01	4.205713e+01	9.894109e+01
355	1.024235e+01	2.624723e+03	4.038959e+02	3.085720e+02	7.932668e+01	4.212833e+01	9.900745e+01
356	1.027121e+01	2.601661e+03	4.037662e+02	3.084847e+02	7.883019e+01	4.202118e+01	9.894481e+01
357	1.030006e+01	2.625849e+03	4.038391e+02	3.085528e+02	7.929442e+01	4.216355e+01	9.860901e+01
358	1.032891e+01	2.614169e+03	4.038443e+02	3.085905e+02	7.950307e+01	4.186584e+01	9.875692e+01
359	1.035776e+01	2.634647e+03	4.036597e+02	3.085627e+02	7.962779e+01	4.212772e+01	9.855813e+01
360	1.038661e+01	2.611895e+03	4.037491e+02	3.086670e+02	7.936262e+01	4.190347e+01	9.882339e+01
361	1.041546e+01	2.615026e+03	4.038815e+02	3.086190e+02	7.917678e+01	4.205216e+01	9.857166e+01
362	1.044432e+01	2.620798e+03	4.038651e+02	3.086583e+02	7.948013e+01	4.198412e+01	9.864604e+01
363	1.047317e+01	2.615884e+03	4.038830e+02	3.086322e+02	7.922164e+01	4.204214e+01	9.824694e+01
364	1.050202e+01	2.628832e+03	4.038955e+02	3.086365e+02	7.953072e+01	4.208603e+01	9.823649e+01
365	1.053087e+01	2.613256e+03	4.038058e+02	3.086295e+02	7.900377e+01	4.211572e+01	9.885175e+01
366	1.055972e+01	2.631337e+03	4.039274e+02	3.086204e+02	7.954900e+01	4.211646e+01	9.817925e+01
367	1.058857e+01	2.628525e+03	4.036649e+02	3.086448e+02	7.965240e+01	4.201684e+01	9.824815e+01
368	1.061743e+01	2.617347e+03	4.038501e+02	3.087935e+02	7.930190e+01	4.202307e+01	9.839795e+01
369	1.064628e+01	2.625061e+03	4.039017e+02	3.087425e+02	7.963424e+01	4.197104e+01	9.831763e+01
370	1.067513e+01	2.612003e+03	4.038594e+02	3.087266e+02	7.914481e+01	4.202052e+01	9.843208e+01
371	1.070398e+01	2.619993e+03	4.039301e+02	3.086847e+02	7.935586e+01	4.203695e+01	9.829621e+01
372	1.073283e+01	2.616445e+03	4.037836e+02	3.086706e+02	7.945762e+01	4.192627e+01	9.792130e+01
373	1.076168e+01	2.615332e+03	4.037552e+02	3.086941e+02	7.902164e+01	4.213965e+01	9.804146e+01
374	1.079054e+01	2.627008e+03	4.037784e+02	3.087383e+02	7.947428e+01	4.208670e+01	9.811968e+01
375	1.081939e+01	2.620938e+03	4.038566e+02	3.086534e+02	7.927206e+01	4.209657e+01	9.830578e+01
376	1.084824e+01	2.627305e+03	4.038176e+02	3.087190e+02	7.956583e+01	4.204303e+01	9.815311e+01
377	1.087709e+01	2.615903e+03	4.038397e+02	3.087279e+02	7.941720e+01	4.193892e+01	9.797975e+01
378	1.090594e+01	2.630542e+03	4.037522e+02	3.087198e+02	7.998160e+01	4.187600e+01	9.792883e+01
379	1.093480e+01	2.609966e+03	4.037530e+02	3.087386e+02	7.923104e+01	4.194204e+01	9.851811e+01
380	1.096365e+01	2.618845e+03	4.038594e+02	3.087193e+02	7.945983e+01	4.196355e+01	9.849544e+01
381	1.099250e+01	2.619570e+03	4.038018e+02	3.087663e+02	7.934910e+01	4.203375e+01	9.829737e+01
382	1.102135e+01	2.618823e+03	4.036675e+02	3.088037e+02	7.950430e+01	4.193974e+01	9.813123e+01
383	1.105020e+01	2.615827e+03	4.037727e+02	3.087844e+02	7.922647e+01	4.203866e+01	9.815834e+01
384	1.107905e+01	2.616175e+03	4.037017e+02	3.088105e+02	7.951286e+01	4.189282e+01	9.800893e+01
385	1.110791e+01	2.620053e+03	4.037762e+02	3.088470e+02	7.970740e+01	4.185251e+01	9.787531e+01
386	1.113676e+01	2.612596e+03	4.038507e+02	3.088013e+02	7.942332e+01	4.188267e+01	9.790627e+01
387	1.116561e+01	2.620457e+03	4.036036e+02	3.088056e+02	7.985572e+01	4.178123e+01	9.775303e+01
388	1.119446e+01	2.610788e+03	4.037317e+02	3.088662e+02	7.914514e+01	4.200079e+01	9.767612e+01
389	1.122331e+01	2.628408e+03	4.038010e+02	3.088611e+02	8.007804e+01	4.179164e+01	9.751970e+01
390	1.125216e+01	2.622986e+03	4.036871e+02	3.088356e+02	7.989965e+01	4.179855e+01	9.745407e+01
391	1.128102e+01	2.615026e+03	4.034909e+02	3.088971e+02	7.968658e+01	4.178312e+01	9.796008e+01
392	1.130987e+01	2.625850e+03	4.035849e+02	3.088640e+02	7.951826e+01	4.204488e+01	9.808257e+01
393	1.133872e+01	2.622470e+03	4.035718e+02	3.088876e+02	7.967015e+01	4.191071e+01	9.751751e+01
394	1.136757e+01	2.621759e+03	4.035948e+02	3.089034e+02	7.952396e+01	4.197638e+01	9.750075e+01
395	1.139642e+01	2.623666e+03	4.036007e+02	3.089155e+02	7.973283e+01	4.189687e+01	9.735221e+01
396	1.142527e+01	2.590917e+03	4.036606e+02	3.089747e+02	7.910036e+01	4.170472e+01	9.755376e+01
397	1.145413e+01	2.622083e+03	4.036228e+02	3.089390e+02	7.973447e+01	4.187071e+01	9.733578e+01
398	1.148298e+01	2.615876e+03	4.035594e+02	3.089576e+02	7.996252e+01	4.165247e+01	9.724081e+01
399	1.151183e+01	2.608456e+03	4.035740e+02	3.090083e+02	7.950935e+01	4.177105e+01	9.753647e+01
400	1.154068e+01	2.615300e+03	4.034936e+02	3.090446e+02	7.968459e+01	4.178855e+01	9.726406e+01
401	1.156953e+01	2.605793e+03	4.035148e+02	3.089496e+02	7.978991e+01	4.158168e+01	9.703428e+01
402	1.159838e+01	2.600839e+03	4.034312e+02	3.090021e+02	7.963277e+01	4.158453e+01	9.735638e+01
403	1.162724e+01	2.611642e+03	4.035760e+02	3.090423e+02	7.967145e+01	4.173698e+01	9.718444e+01
404	1.165609e+01	2.615394e+03	4.035168e+02	3.090794e+02	7.985083e+01	4.170304e+01	9.730404e+01
405	1.168494e+01	2.610153e+03	4.035582e+02	3.090247e+02	7.958186e+01	4.176014e+01	9.724184e+01
406	1.171379e+01	2.616206e+03	4.035710e+02	3.090293e+02	7.982607e+01	4.172893e+01	9.723218e+01
407	1.174264e+01	2.608854e+03	4.034085e+02	3.090679e+02	7.954087e+01	4.176087e+01	9.696741e+01
408	1.177149e+01	2.607980e+03	4.034709e+02	3.090857e+02	7.939391e+01	4.182416e+01	9.707399e+01
409	1.180035e+01	2.609054e+03	4.035448e+02	3.091109e+02	7.955283e+01	4.175779e+01	9.705468e+01
410	1.182920e+01	2.606753e+03	4.034853e+02	3.090991e+02	7.941424e+01	4.179378e+01	9.720061e+01
411	1.185805e+01	2.617268e+03	4.034057e+02	3.090408e+02	7.973786e+01	4.179206e+01	9.731219e+01
412	1.188690e+01	2.610399e+03	4.034738e+02	3.090901e+02	7.968452e+01	4.171027e+01	9.696167e+01
413	1.191575e+01	2.622321e+03	4.036411e+02	3.091298e+02	8.006020e+01	4.170414e+01	9.694781e+01
414	1.194460e+01	2.616780e+03	4.034415e+02	3.090427e+02	7.968140e+01	4.181388e+01	9.696896e+01
415	1.197346e+01	2.615703e+03	4.034807e+02	3.091113e+02	7.975869e+01	4.175616e+01	9.693403e+01
416	1.200231e+01	2.618162e+03	4.034710e+02	3.090744e+02	7.985382e+01	4.174562e+01	9.695985e+01
417	1.203116e+01	2.620785e+03	4.034141e+02	3.090846e+02	7.963632e+01	4.190158e+01	9.700157e+01
418	1.206001e+01	2.608105e+03	4.034480e+02	3.090482e+02	7.976563e+01	4.163124e+01	9.713831e+01
419	1.208886e+01	2.590209e+03	4.032362e+02	3.091252e+02	7.912151e+01	4.168217e+01	9.783886e+01
420	1.211771e+01	2.610770e+03	4.035175e+02	3.091271e+02	7.968935e+01	4.171368e+01	9.689901e+01
421	1.214657e+01	2.607402e+03	4.033847e+02	3.090518e+02	7.954610e+01	4.173488e+01	9.690532e+01
422	1.217542e+01	2.609246e+03	4.035451e+02	3.091324e+02	7.971870e+01	4.167398e+01	9.685213e+01
423	1.220427e+01	2.608062e+03	4.033228e+02	3.090940e+02	7.973728e+01	4.164537e+01	9.679075e+01
424	1.223312e+01	2.614820e+03	4.034441e+02	3.091900e+02	7.939977e+01	4.193076e+01	9.702086e+01
425	1.226197e+01	2.629265e+03	4.034425e+02	3.091026e+02	7.980743e+01	4.194703e+01	9.669908e+01
426	1.229083e+01	2.607714e+03	4.033371e+02	3.091323e+02	7.946770e+01	4.178106e+01	9.713357e+01
427	1.231968e+01	2.617465e+03	4.033699e+02	3.091536e+02	7.971207e+01	4.180872e+01	9.702147e+01
428	1.234853e+01	2.595600e+03	4.034479e+02	3.091321e+02	7.942858e+01	4.160744e+01	9.697559e+01
429	1.237738e+01	2.606447e+03	4.035499e+02	3.091576e+02	7.944923e+01	4.177047e+01	9.660979e+01
430	1.240623e+01	2.617092e+03	4.033418e+02	3.090655e+02	7.980276e+01	4.175526e+01	9.707227e+01
431	1.243508e+01	2.602877e+03	4.034001e+02	3.091450e+02	7.932355e+01	4.177935e+01	9.744258e+01
432	1.246394e+01	2.603409e+03	4.034179e+02	3.091741e+02	7.945946e+01	4.171642e+01	9.718593e+01
433	1.249279e+01	2.606907e+03	4.033907e+02	3.091588e+02	7.928085e+01	4.186657e+01	9.697269e+01
434	1.252164e+01	2.596917e+03	4.034232e+02	3.091516e+02	7.921767e+01	4.173939e+01	9.696459e+01
435	1.255049e+01	2.612029e+03	4.035184e+02	3.091110e+02	7.948048e+01	4.184347e+01	9.667525e+01
436	1.257934e+01	2.607717e+03	4.034199e+02	3.092022e+02	7.966413e+01	4.167809e+01	9.702422e+01
437	1.260819e+01	2.601149e+03	4.033484e+02	3.091801e+02	7.960181e+01	4.160565e+01	9.691852e+01
438	1.263705e+01	2.602651e+03	4.034643e+02	3.091152e+02	7.958183e+01	4.164014e+01	9.667896e+01
439	1.266590e+01	2.597425e+03	4.033129e+02	3.091537e+02	7.934732e+01	4.167934e+01	9.685931e+01
440	1.269475e+01	2.620894e+03	4.036782e+02	3.091535e+02	7.990341e+01	4.176325e+01	9.669786e+01
441	1.272360e+01	2.614654e+03	4.035381e+02	3.091550e+02	7.964986e+01	4.179645e+01	9.651090e+01
442	1.275245e+01	2.609596e+03	4.033618e+02	3.091690e+02	7.952876e+01	4.177911e+01	9.689069e+01
443	1.278130e+01	2.609138e+03	4.034790e+02	3.092328e+02	7.953317e+01	4.176947e+01	9.673236e+01
444	1.281016e+01	2.614784e+03	4.035468e+02	3.091551e+02	7.957825e+01	4.183613e+01	9.691346e+01
445	1.283901e+01	2.638080e+03	4.031104e+02	3.091972e+02	8.019681e+01	4.188331e+01	9.595432e+01
446	1.286786e+01	2.608962e+03	4.033813e+02	3.092492e+02	7.941855e+01	4.182692e+01	9.686079e+01
447	1.289671e+01	2.606541e+03	4.034688e+02	3.091654e+02	7.944827e+01	4.177248e+01	9.701321e+01
448	1.292556e+01	2.621467e+03	4.034753e+02	3.091551e+02	7.979532e+01	4.182896e+01	9.664588e+01
449	1.295441e+01	2.599223e+03	4.034525e+02	3.091642e+02	7.950851e+01	4.162363e+01	9.686448e+01
450	1.298327e+01	2.605457e+03	4.032812e+02	3.090880e+02	7.946974e+01	4.174382e+01	9.684825e+01
451	1.301212e+01	2.615137e+03	4.034078e+02	3.091352e+02	7.964321e+01	4.180766e+01	9.687147e+01
452	1.304097e+01	2.622482e+03	4.034203e+02	3.092625e+02	7.978608e+01	4.185000e+01	9.673874e+01
453	1.306982e+01	2.603144e+03	4.033907e+02	3.092133e+02	7.956059e+01	4.165915e+01	9.682093e+01
454	1.309867e+01	2.608582e+03	4.033526e+02	3.091511e+02	7.947236e+01	4.179251e+01	9.651180e+01
455	1.312752e+01	2.596621e+03	4.032937e+02	3.091874e+02	7.933035e+01	4.167536e+01	9.688790e+01
456	1.315638e+01	2.609190e+03	4.034697e+02	3.092816e+02	7.953709e+01	4.176824e+01	9.687897e+01
457	1.318523e+01	2.613219e+03	4.033695e+02	3.091631e+02	7.956313e+01	4.181903e+01	9.686015e+01
458	1.321408e+01	2.608471e+03	4.033896e+02	3.092417e+02	7.955058e+01	4.174964e+01	9.669434e+01
459	1.324293e+01	2.614312e+03	4.034081e+02	3.092168e+02	7.951755e+01	4.186051e+01	9.678483e+01
460	1.327178e+01	2.593834e+03	4.032373e+02	3.092001e+02	7.927769e+01	4.165827e+01	9.699197e+01
461	1.330063e+01	2.607502e+03	4.034596e+02	3.092335e+02	7.955011e+01	4.173438e+01	9.670755e+01
462	1.332949e+01	2.622388e+03	4.034240e+02	3.092006e+02	7.983087e+01	4.182503e+01	9.640327e+01
463	1.335834e+01	2.615403e+03	4.034686e+02	3.092552e+02	7.949782e+01	4.188839e+01	9.624607e+01
464	1.338719e+01	2.609933e+03	4.034683e+02	3.092616e+02	7.951939e+01	4.178942e+01	9.665639e+01
465	1.341604e+01	2.611891e+03	4.033148e+02	3.092025e+02	7.945573e+01	4.185429e+01	9.625792e+01
466	1.344489e+01	2.627694e+03	4.031556e+02	3.092425e+02	8.000291e+01	4.181953e+01	9.667708e+01
467	1.347374e+01	2.603921e+03	4.033414e+02	3.092506e+02	7.923720e+01	4.184166e+01	9.661326e+01
468	1.350260e+01	2.617714e+03	4.033774e+02	3.092316e+02	7.985394e+01	4.173842e+01	9.642669e+01
469	1.353145e+01	2.618869e+03	4.031162e+02	3.092966e+02	7.958786e+01	4.189643e+01	9.624777e+01
470	1.356030e+01	2.602120e+03	4.033719e+02	3.092481e+02	7.932018e+01	4.176897e+01	9.654214e+01
471	1.358915e+01	2.606521e+03	4.033377e+02	3.092585e+02	7.958612e+01	4.169980e+01	9.649216e+01
472	1.361800e+01	2.609499e+03	4.032379e+02	3.092499e+02	7.965971e+01	4.170888e+01	9.645348e+01
473	1.364686e+01	2.618107e+03	4.033471e+02	3.092623e+02	7.962564e+01	4.186437e+01	9.605602e+01
474	1.367571e+01	2.609009e+03	4.033455e+02	3.092663e+02	7.959226e+01	4.173639e+01	9.647290e+01
475	1.370456e+01	2.614010e+03	4.033074e+02	3.092678e+02	7.975240e+01	4.173243e+01	9.591999e+01
476	1.373341e+01	2.616767e+03	4.032214e+02	3.092045e+02	7.939544e+01	4.196427e+01	9.649002e+01
477	1.376226e+01	2.598325e+03	4.031918e+02	3.093513e+02	7.917822e+01	4.178284e+01	9.653402e+01
478	1.379111e+01	2.626789e+03	4.030447e+02	3.091849e+02	8.002023e+01	4.179608e+01	9.622399e+01
479	1.381997e+01	2.609443e+03	4.033328e+02	3.092972e+02	7.952551e+01	4.177837e+01	9.616407e+01
480	1.384882e+01	2.615126e+03	4.032563e+02	3.092169e+02	7.952861e+01	4.186772e+01	9.667731e+01
481	1.387767e+01	2.605077e+03	4.032272e+02	3.093549e+02	7.945691e+01	4.174447e+01	9.629990e+01
482	1.390652e+01	2.618464e+03	4.032628e+02	3.093133e+02	7.966569e+01	4.184903e+01	9.610123e+01
483	1.393537e+01	2.612310e+03	4.032359e+02	3.093810e+02	7.940986e+01	4.188518e+01	9.612485e+01
484	1.396422e+01	2.613055e+03	4.031043e+02	3.094199e+02	7.930243e+01	4.195388e+01	9.584593e+01
485	1.399308e+01	2.615161e+03	4.032535e+02	3.093743e+02	7.967706e+01	4.179027e+01	9.606838e+01
486	1.402193e+01	2.618487e+03	4.030135e+02	3.093180e+02	7.992188e+01	4.171526e+01	9.635880e+01
487	1.405078e+01	2.618461e+03	4.031321e+02	3.093326e+02	7.975977e+01	4.179962e+01	9.593273e+01
488	1.407963e+01	2.611702e+03	4.031914e+02	3.093779e+02	7.958125e+01	4.178525e+01	9.600247e+01
489	1.410848e+01	2.624227e+03	4.029769e+02	3.092980e+02	7.974775e+01	4.189798e+01	9.654800e+01
490	1.413733e+01	2.610494e+03	4.031484e+02	3.094311e+02	7.973486e+01	4.168546e+01	9.584025e+01
491	1.416619e+01	2.621619e+03	4.031114e+02	3.093799e+02	7.965137e+01	4.190699e+01	9.602313e+01
492	1.419504e+01	2.605101e+03	4.032129e+02	3.094430e+02	7.958959e+01	4.167527e+01	9.595187e+01
493	1.422389e+01	2.622419e+03	4.032468e+02	3.094738e+02	7.934113e+01	4.208370e+01	9.609607e+01
494	1.425274e+01	2.634201e+03	4.031026e+02	3.094164e+02	7.981330e+01	4.202267e+01	9.556998e+01
495	1.428159e+01	2.614282e+03	4.032777e+02	3.093867e+02	7.961098e+01	4.181091e+01	9.594311e+01
496	1.431044e+01	2.614990e+03	4.031169e+02	3.094205e+02	7.930340e+01	4.198444e+01	9.557939e+01
497	1.433930e+01	2.582569e+03	4.030466e+02	3.094095e+02	7.908012e+01	4.158098e+01	9.611127e+01
498	1.436815e+01	2.610936e+03	4.030787e+02	3.094078e+02	7.956672e+01	4.178063e+01	9.550274e+01
499	1.439700e+01	2.606929e+03	4.031669e+02	3.094178e+02	7.940820e+01	4.179979e+01	9.567477e+01
500	1.442585e+01	2.602550e+03	4.031664e+02	3.094161e+02	7.952276e+01	4.166944e+01	9.538094e+01
501	1.445470e+01	2.617158e+03	4.029558e+02	3.093772e+02	7.977802e+01	4.176927e+01	9.559854e+01
502	1.448355e+01	2.616705e+03	4.031815e+02	3.093810e+02	7.988817e+01	4.170446e+01	9.591076e+01
503	1.451241e+01	2.609009e+03	4.031862e+02	3.094850e+02	7.947395e+01	4.179852e+01	9.610320e+01
504	1.454126e+01	2.619708e+03	4.030684e+02	3.095005e+02	7.973701e+01	4.183147e+01	9.553338e+01
505	1.457011e+01	2.613504e+03	4.031379e+02	3.094730e+02	7.928023e+01	4.197284e+01	9.549124e+01
506	1.459896e+01	2.625293e+03	4.030518e+02	3.094852e+02	7.985488e+01	4.185876e+01	9.572164e+01
507	1.462781e+01	2.619015e+03	4.031121e+02	3.094799e+02	7.995703e+01	4.170531e+01	9.577147e+01
508	1.465666e+01	2.614983e+03	4.030529e+02	3.095362e+02	7.952559e+01	4.186702e+01	9.545736e+01
509	1.468552e+01	2.620882e+03	4.032675e+02	3.095155e+02	7.957203e+01	4.193697e+01	9.548772e+01
510	1.471437e+01	2.614823e+03	4.031660e+02	3.095148e+02	7.954096e+01	4.185638e+01	9.538913e+01
511	1.474322e+01	2.610895e+03	4.029942e+02	3.095032e+02	7.944234e+01	4.184537e+01	9.534553e+01
512	1.477207e+01	2.612307e+03	4.030245e+02	3.095109e+02	7.917432e+01	4.200974e+01	9.561927e+01
513	1.480092e+01	2.612085e+03	4.030177e+02	3.095673e+02	7.917855e+01	4.200392e+01	9.567826e+01
514	1.482977e+01	2.624360e+03	4.032016e+02	3.094615e+02	7.951520e+01	4.202264e+01	9.521844e+01
515	1.485863e+01	2.604554e+03	4.030420e+02	3.094631e+02	7.940970e+01	4.176090e+01	9.543256e+01
516	1.488748e+01	2.605349e+03	4.029974e+02	3.094984e+02	7.920674e+01	4.188070e+01	9.531036e+01
517	1.491633e+01	2.612971e+03	4.030404e+02	3.095157e+02	7.943288e+01	4.188364e+01	9.520094e+01
518	1.494518e+01	2.624537e+03	4.029102e+02	3.095249e+02	7.980806e+01	4.187126e+01	9.513033e+01
519	1.497403e+01	2.606521e+03	4.029680e+02	3.096329e+02	7.926797e+01	4.186716e+01	9.552046e+01
520	1.500289e+01	2.613823e+03	4.027765e+02	3.096705e+02	7.973656e+01	4.173773e+01	9.523796e+01
521	1.503174e+01	2.614041e+03	4.030018e+02	3.096439e+02	7.971343e+01	4.175332e+01	9.512532e+01
522	1.506059e+01	2.616005e+03	4.031448e+02	3.095775e+02	7.947597e+01	4.190954e+01	9.533430e+01
523	1.508944e+01	2.604138e+03	4.028558e+02	3.096167e+02	7.939169e+01	4.176371e+01	9.539677e+01
524	1.511829e+01	2.606638e+03	4.029944e+02	3.096127e+02	7.956345e+01	4.171356e+01	9.518324e+01
525	1.514714e+01	2.616726e+03	4.028902e+02	3.096630e+02	7.972559e+01	4.178983e+01	9.491960e+01
526	1.517600e+01	2.614504e+03	4.029928e+02	3.095663e+02	7.937238e+01	4.194016e+01	9.519750e+01
527	1.520485e+01	2.615593e+03	4.030977e+02	3.096597e+02	7.969368e+01	4.178847e+01	9.493609e+01
528	1.523370e+01	2.594991e+03	4.027220e+02	3.096866e+02	7.880016e+01	4.192942e+01	9.551128e+01
529	1.526255e+01	2.636459e+03	4.028686e+02	3.095967e+02	8.020142e+01	4.185516e+01	9.547110e+01
530	1.529140e+01	2.616897e+03	4.030554e+02	3.096458e+02	7.944188e+01	4.194182e+01	9.517808e+01
531	1.532025e+01	2.615233e+03	4.028670e+02	3.096976e+02	7.967754e+01	4.179117e+01	9.512971e+01
532	1.534911e+01	2.599418e+03	4.027776e+02	3.096942e+02	7.928445e+01	4.174440e+01	9.530703e+01
533	1.537796e+01	2.599822e+03	4.029963e+02	3.096422e+02	7.920809e+01	4.179114e+01	9.520190e+01
534	1.540681e+01	2.613854e+03	4.030009e+02	3.096389e+02	7.956826e+01	4.182651e+01	9.513467e+01
535	1.543566e+01	2.606052e+03	4.030812e+02	3.096100e+02	7.943554e+01	4.177133e+01	9.485085e+01
536	1.546451e+01	2.625737e+03	4.030079e+02	3.095823e+02	7.964172e+01	4.197789e+01	9.504351e+01
537	1.549336e+01	2.612201e+03	4.030702e+02	3.096866e+02	7.920801e+01	4.199016e+01	9.503093e+01
538	1.552222e+01	2.608982e+03	4.030129e+02	3.097775e+02	7.930382e+01	4.188776e+01	9.520122e+01
539	1.555107e+01	2.616649e+03	4.029846e+02	3.097438e+02	7.932042e+01	4.200206e+01	9.519268e+01
540	1.557992e+01	2.628269e+03	4.030175e+02	3.096919e+02	7.969844e+01	4.198848e+01	9.495405e+01
541	1.560877e+01	2.608503e+03	4.030158e+02	3.096620e+02	7.933647e+01	4.186283e+01	9.525813e+01
542	1.563762e+01	2.608928e+03	4.029798e+02	3.098028e+02	7.952055e+01	4.177273e+01	9.534580e+01
543	1.566647e+01	2.616369e+03	4.030638e+02	3.096609e+02	7.923166e+01	4.204461e+01	9.522868e+01
544	1.569533e+01	2.608365e+03	4.029341e+02	3.097178e+02	7.934532e+01	4.185595e+01	9.489178e+01
545	1.572418e+01	2.601078e+03	4.029192e+02	3.097789e+02	7.951526e+01	4.164981e+01	9.505674e+01
546	1.575303e+01	2.608862e+03	4.027889e+02	3.097654e+02	7.918763e+01	4.194729e+01	9.497668e+01
547	1.578188e+01	2.612758e+03	4.028996e+02	3.095710e+02	7.954333e+01	4.182206e+01	9.506651e+01
548	1.581073e+01	2.619078e+03	4.030014e+02	3.097333e+02	7.922828e+01	4.208994e+01	9.496535e+01
549	1.583958e+01	2.617231e+03	4.028400e+02	3.096694e+02	7.977780e+01	4.177054e+01	9.490820e+01
550	1.586844e+01	2.625180e+03	4.029639e+02	3.096770e+02	7.951202e+01	4.203745e+01	9.530512e+01
551	1.589729e+01	2.621326e+03	4.028988e+02	3.096768e+02	7.960444e+01	4.192701e+01	9.502539e+01
552	1.592614e+01	2.617464e+03	4.032107e+02	3.096538e+02	7.947507e+01	4.193338e+01	9.507230e+01
553	1.595499e+01	2.626065e+03	4.029738e+02	3.096055e+02	7.961181e+01	4.199892e+01	9.508888e+01
554	1.598384e+01	2.611675e+03	4.030033e+02	3.096956e+02	7.986613e+01	4.163577e+01	9.517793e+01
555	1.601269e+01	2.609196e+03	4.029083e+02	3.096552e+02	7.945790e+01	4.180996e+01	9.495176e+01
556	1.604155e+01	2.615231e+03	4.029254e+02	3.096984e+02	7.937376e+01	4.195108e+01	9.479240e+01
557	1.607040e+01	2.613519e+03	4.029007e+02	3.096506e+02	7.951725e+01	4.184798e+01	9.483237e+01
558	1.609925e+01	2.623317e+03	4.028693e+02	3.097455e+02	7.959453e+01	4.196407e+01	9.485741e+01
559	1.612810e+01	2.613424e+03	4.029370e+02	3.096805e+02	7.937406e+01	4.192194e+01	9.509463e+01
560	1.615695e+01	2.622305e+03	4.029681e+02	3.096624e+02	7.947555e+01	4.201069e+01	9.506042e+01
561	1.618580e+01	2.619918e+03	4.030960e+02	3.096820e+02	7.950151e+01	4.195874e+01	9.488788e+01
562	1.621466e+01	2.615133e+03	4.029348e+02	3.096915e+02	7.946059e+01	4.190368e+01	9.465103e+01
563	1.624351e+01	2.599801e+03	4.029524e+02	3.096860e+02	7.925154e+01	4.176788e+01	9.541805e+01
564	1.627236e+01	2.616090e+03	4.028377e+02	3.097211e+02	7.961929e+01	4.183546e+01	9.510070e+01
565	1.630121e+01	2.609650e+03	4.030789e+02	3.097157e+02	7.944309e+01	4.182503e+01	9.496019e+01
566	1.633006e+01	2.612926e+03	4.029764e+02	3.096797e+02	7.936158e+01	4.192054e+01	9.488218e+01
567	1.635892e+01	2.619935e+03	4.029952e+02	3.096987e+02	7.943801e+01	4.199255e+01	9.502784e+01
568	1.638777e+01	2.615198e+03	4.027342e+02	3.097194e+02	7.963501e+01	4.181293e+01	9.511829e+01
569	1.641662e+01	2.609189e+03	4.029041e+02	3.097002e+02	7.936472e+01	4.185894e+01	9.460163e+01
570	1.644547e+01	2.613667e+03	4.028048e+02	3.097604e+02	7.960367e+01	4.180490e+01	9.498136e+01
571	1.647432e+01	2.607235e+03	4.030823e+02	3.097577e+02	7.912708e+01	4.195322e+01	9.484611e+01
572	1.650317e+01	2.619169e+03	4.030222e+02	3.097386e+02	7.937855e+01	4.201172e+01	9.463926e+01
573	1.653203e+01	2.602210e+03	4.029753e+02	3.096003e+02	7.935919e+01	4.174988e+01	9.504352e+01
574	1.656088e+01	2.612161e+03	4.028483e+02	3.097462e+02	7.974236e+01	4.170815e+01	9.510360e+01
575	1.658973e+01	2.624852e+03	4.029161e+02	3.097094e+02	7.972287e+01	4.192103e+01	9.503587e+01
576	1.661858e+01	2.610719e+03	4.029702e+02	3.097647e+02	7.936510e+01	4.188328e+01	9.519460e+01
577	1.664743e+01	2.617137e+03	4.030130e+02	3.097804e+02	7.950123e+01	4.191435e+01	9.485387e+01
578	1.667628e+01	2.595365e+03	4.031425e+02	3.097429e+02	7.921466e+01	4.171603e+01	9.500455e+01
579	1.670514e+01	2.618601e+03	4.029220e+02	3.097236e+02	7.975504e+01	4.180433e+01	9.484837e+01
580	1.673399e+01	2.609372e+03	4.030170e+02	3.096840e+02	7.910893e+01	4.199722e+01	9.500011e+01
581	1.676284e+01	2.601791e+03	4.028649e+02	3.096679e+02	7.951615e+01	4.166076e+01	9.508749e+01
582	1.679169e+01	2.612753e+03	4.029669e+02	3.097546e+02	7.922780e+01	4.198856e+01	9.475092e+01
583	1.682054e+01	2.618169e+03	4.028737e+02	3.097138e+02	7.964447e+01	4.185547e+01	9.484368e+01
584	1.684939e+01	2.596466e+03	4.028083e+02	3.098485e+02	7.893386e+01	4.188219e+01	9.531448e+01
585	1.687825e+01	2.617728e+03	4.031212e+02	3.097455e+02	7.934592e+01	4.200588e+01	9.484122e+01
586	1.690710e+01	2.616440e+03	4.030252e+02	3.097725e+02	7.959309e+01	4.185482e+01	9.494074e+01
587	1.693595e+01	2.612348e+03	4.029566e+02	3.097873e+02	7.938315e+01	4.189989e+01	9.514533e+01
588	1.696480e+01	2.614848e+03	4.029324e+02	3.096823e+02	7.958055e+01	4.183595e+01	9.472924e+01
589	1.699365e+01	2.601755e+03	4.030846e+02	3.097715e+02	7.900996e+01	4.192709e+01	9.478603e+01
590	1.702250e+01	2.634706e+03	4.029100e+02	3.097423e+02	7.980126e+01	4.203708e+01	9.522959e+01
591	1.705136e+01	2.624806e+03	4.029483e+02	3.096100e+02	7.979020e+01	4.188492e+01	9.451996e+01
592	1.708021e+01	2.607452e+03	4.029264e+02	3.097209e+02	7.943256e+01	4.179535e+01	9.515282e+01
593	1.710906e+01	2.612836e+03	4.029225e+02	3.097272e+02	7.968756e+01	4.174762e+01	9.503378e+01
594	1.713791e+01	2.616283e+03	4.028096e+02	3.097956e+02	7.960419e+01	4.184647e+01	9.468861e+01
595	1.716676e+01	2.615937e+03	4.029442e+02	3.099020e+02	7.936106e+01	4.196912e+01	9.511546e+01
596	1.719561e+01	2.612063e+03	4.029845e+02	3.098139e+02	7.972282e+01	4.171681e+01	9.486797e+01
597	1.722447e+01	2.624229e+03	4.029193e+02	3.097073e+02	7.966201e+01	4.194310e+01	9.466993e+01
598	1.725332e+01	2.616946e+03	4.029364e+02	3.097126e+02	7.953281e+01	4.189465e+01	9.496620e+01
599	1.728217e+01	2.627196e+03	4.029054e+02	3.097458e+02	7.969868e+01	4.197121e+01	9.499577e+01
600	1.731102e+01	2.599283e+03	4.029310e+02	3.097755e+02	7.924850e+01	4.176116e+01	9.485922e+01
601	1.733987e+01	2.612052e+03	4.028354e+02	3.098050e+02	7.954023e+01	4.181240e+01	9.474950e+01
602	1.736872e+01	2.611710e+03	4.028708e+02	3.098196e+02	7.934105e+01	4.191188e+01	9.464988e+01
603	1.739758e+01	2.608923e+03	4.028317e+02	3.098110e+02	7.919622e+01	4.194371e+01	9.492847e+01
604	1.742643e+01	2.609913e+03	4.030008e+02	3.097424e+02	7.964632e+01	4.172251e+01	9.458264e+01
605	1.745528e+01	2.634586e+03	4.028455e+02	3.097909e+02	7.949655e+01	4.219628e+01	9.497646e+01
606	1.748413e+01	2.615926e+03	4.028813e+02	3.098506e+02	7.960699e+01	4.183929e+01	9.467367e+01
607	1.751298e+01	2.607388e+03	4.029929e+02	3.098210e+02	7.899720e+01	4.202465e+01	9.475091e+01
608	1.754183e+01	2.617634e+03	4.028865e+02	3.098090e+02	7.922848e+01	4.206663e+01	9.462488e+01
609	1.757069e+01	2.620403e+03	4.028084e+02	3.098225e+02	7.950967e+01	4.196220e+01	9.481722e+01
610	1.759954e+01	2.619419e+03	4.028877e+02	3.098259e+02	7.930949e+01	4.205232e+01	9.510501e+01
611	1.762839e+01	2.610913e+03	4.029023e+02	3.098186e+02	7.957434e+01	4.177626e+01	9.475315e+01
612	1.765724e+01	2.621021e+03	4.029946e+02	3.097502e+02	7.961420e+01	4.191699e+01	9.480776e+01
613	1.768609e+01	2.609853e+03	4.028810e+02	3.097346e+02	7.987315e+01	4.160307e+01	9.484912e+01
614	1.771495e+01	2.620244e+03	4.028891e+02	3.098443e+02	7.953121e+01	4.194830e+01	9.461568e+01
615	1.774380e+01	2.620716e+03	4.028734e+02	3.098166e+02	7.960445e+01	4.191725e+01	9.471510e+01
616	1.777265e+01	2.610142e+03	4.029981e+02	3.097974e+02	7.916916e+01	4.197766e+01	9.477579e+01
617	1.780150e+01	2.629520e+03	4.028997e+02	3.098033e+02	7.953861e+01	4.209287e+01	9.478059e+01
618	1.783035e+01	2.603209e+03	4.029680e+02	3.097716e+02	7.933540e+01	4.177843e+01	9.471413e+01
619	1.785920e+01	2.621379e+03	4.029033e+02	3.098306e+02	7.967629e+01	4.189005e+01	9.480354e+01
620	1.788806e+01	2.601094e+03	4.030149e+02	3.097982e+02	7.904585e+01	4.189739e+01	9.491217e+01
621	1.791691e+01	2.615715e+03	4.029854e+02	3.097751e+02	7.946022e+01	4.191320e+01	9.443723e+01
622	1.794576e+01	2.612098e+03	4.029860e+02	3.098136e+02	7.951633e+01	4.182570e+01	9.475610e+01
623	1.797461e+01	2.610259e+03	4.028823e+02	3.097172e+02	7.943115e+01	4.184108e+01	9.517516e+01
624	1.800346e+01	2.617050e+03	4.029391e+02	3.097898e+02	7.965294e+01	4.183313e+01	9.483855e+01
625	1.803231e+01	2.621620e+03	4.028571e+02	3.098181e+02	7.982178e+01	4.181754e+01	9.461057e+01
626	1.806117e+01	2.611908e+03	4.030656e+02	3.097640e+02	7.954218e+01	4.180908e+01	9.484066e+01
627	1.809002e+01	2.622190e+03	4.028213e+02	3.097579e+02	7.975671e+01	4.186076e+01	9.441225e+01
628	1.811887e+01	2.621188e+03	4.028096e+02	3.098805e+02	7.957937e+01	4.193800e+01	9.492068e+01
629	1.814772e+01	2.616182e+03	4.030020e+02	3.098740e+02	7.932267e+01	4.199337e+01	9.501058e+01
630	1.817657e+01	2.623257e+03	4.029718e+02	3.098047e+02	7.943137e+01	4.204930e+01	9.497868e+01
631	1.820542e+01	2.587398e+03	4.030988e+02	3.097808e+02	7.920139e+01	4.159495e+01	9.458195e+01
632	1.823428e+01	2.616903e+03	4.028480e+02	3.097971e+02	7.937922e+01	4.197501e+01	9.466698e+01
633	1.826313e+01	2.614982e+03	4.030135e+02	3.097822e+02	7.956441e+01	4.184658e+01	9.470837e+01
634	1.829198e+01	2.616524e+03	4.029738e+02	3.097322e+02	7.937228e+01	4.197261e+01	9.465675e+01
635	1.832083e+01	2.604823e+03	4.029564e+02	3.097943e+02	7.930161e+01	4.182215e+01	9.501650e+01
636	1.834968e+01	2.617245e+03	4.029216e+02	3.097608e+02	7.943894e+01	4.194895e+01	9.482997e+01
637	1.837853e+01	2.623730e+03	4.027749e+02	3.097612e+02	7.975806e+01	4.188462e+01	9.478054e+01
638	1.840739e+01	2.613291e+03	4.029602e+02	3.098446e+02	7.938074e+01	4.191629e+01	9.476345e+01
639	1.843624e+01	2.607607e+03	4.028734e+02	3.098124e+02	7.921026e+01	4.191513e+01	9.515598e+01
640	1.846509e+01	2.615506e+03	4.029146e+02	3.098939e+02	7.963500e+01	4.181787e+01	9.437434e+01
641	1.849394e+01	2.612416e+03	4.028750e+02	3.097768e+02	7.939382e+01	4.189535e+01	9.465707e+01
642	1.852279e+01	2.600587e+03	4.028597e+02	3.098785e+02	7.916797e+01	4.182463e+01	9.470859e+01
643	1.855164e+01	2.614465e+03	4.029062e+02	3.098106e+02	7.946955e+01	4.188824e+01	9.463837e+01
644	1.858050e+01	2.616315e+03	4.028213e+02	3.098600e+02	7.988679e+01	4.169896e+01	9.448019e+01
645	1.860935e+01	2.608398e+03	4.030889e+02	3.098168e+02	7.923569e+01	4.191439e+01	9.513221e+01
646	1.863820e+01	2.590099e+03	4.028410e+02	3.099127e+02	7.916544e+01	4.165727e+01	9.498501e+01
647	1.866705e+01	2.598384e+03	4.029652e+02	3.097622e+02	7.890324e+01	4.192941e+01	9.465255e+01
648	1.869590e+01	2.624505e+03	4.028742e+02	3.098070e+02	7.984122e+01	4.185336e+01	9.471024e+01
649	1.872475e+01	2.607220e+03	4.030045e+02	3.097629e+02	7.964195e+01	4.168174e+01	9.441991e+01
650	1.875361e+01	2.617460e+03	4.029989e+02	3.097964e+02	7.957092e+01	4.188280e+01	9.486845e+01
651	1.878246e+01	2.606905e+03	4.029448e+02	3.098213e+02	7.933630e+01	4.183727e+01	9.465815e+01
652	1.881131e+01	2.621779e+03	4.031283e+02	3.098919e+02	7.970631e+01	4.188066e+01	9.463431e+01
653	1.884016e+01	2.616908e+03	4.029478e+02	3.097903e+02	7.951935e+01	4.190113e+01	9.446549e+01
654	1.886901e+01	2.618916e+03	4.028179e+02	3.098004e+02	7.966685e+01	4.185564e+01	9.508411e+01
655	1.889786e+01	2.605874e+03	4.029267e+02	3.097513e+02	7.990565e+01	4.152274e+01	9.469187e+01
656	1.892672e+01	2.599252e+03	4.029833e+02	3.098312e+02	7.930108e+01	4.173298e+01	9.488453e+01
657	1.895557e+01	2.617114e+03	4.029041e+02	3.098394e+02	7.964928e+01	4.183608e+01	9.477922e+01
658	1.898442e+01	2.625303e+03	4.028487e+02	3.098141e+02	7.964920e+01	4.196702e+01	9.480761e+01
659	1.901327e+01	2.622744e+03	4.028857e+02	3.097980e+02	7.973542e+01	4.188077e+01	9.455598e+01
660	1.904212e+01	2.609542e+03	4.029028e+02	3.098936e+02	7.937066e+01	4.186146e+01	9.472977e+01
661	1.907098e+01	2.605661e+03	4.028929e+02	3.098065e+02	7.960188e+01	4.167779e+01	9.481066e+01
662	1.909983e+01	2.618226e+03	4.029705e+02	3.098264e+02	7.935387e+01	4.200966e+01	9.465124e+01
663	1.912868e+01	2.607094e+03	4.029547e+02	3.098582e+02	7.924747e+01	4.188721e+01	9.473264e+01
664	1.915753e+01	2.609771e+03	4.031129e+02	3.099029e+02	7.927816e+01	4.191398e+01	9.481864e+01
665	1.918638e+01	2.618939e+03	4.029654e+02	3.099333e+02	7.962123e+01	4.188000e+01	9.475826e+01
666	1.921523e+01	2.611138e+03	4.030382e+02	3.097800e+02	7.932200e+01	4.191277e+01	9.503338e+01
667	1.924409e+01	2.614045e+03	4.030034e+02	3.099118e+02	7.954302e+01	4.184283e+01	9.476029e+01
668	1.927294e+01	2.622706e+03	4.028445e+02	3.098057e+02	7.953225e+01	4.198716e+01	9.482398e+01
669	1.930179e+01	2.628889e+03	4.028443e+02	3.097497e+02	7.992670e+01	4.187844e+01	9.492059e+01
670	1.933064e+01	2.613600e+03	4.030727e+02	3.098187e+02	7.939569e+01	4.191335e+01	9.456229e+01
671	1.935949e+01	2.604605e+03	4.029507e+02	3.098299e+02	7.910288e+01	4.192371e+01	9.507584e+01
672	1.938834e+01	2.612178e+03	4.029409e+02	3.097641e+02	7.937859e+01	4.189957e+01	9.464889e+01
673	1.941720e+01	2.605180e+03	4.029266e+02	3.098249e+02	7.932272e+01	4.181675e+01	9.479372e+01
674	1.944605e+01	2.597911e+03	4.030592e+02	3.097906e+02	7.900086e+01	4.186996e+01	9.454737e+01
675	1.947490e+01	2.623204e+03	4.029201e+02	3.098577e+02	7.992749e+01	4.178746e+01	9.454056e+01
676	1.950375e+01	2.612736e+03	4.031023e+02	3.098820e+02	7.933487e+01	4.193161e+01	9.468070e+01
677	1.953260e+01	2.607756e+03	4.030791e+02	3.098537e+02	7.910588e+01	4.197284e+01	9.461163e+01
678	1.956145e+01	2.621760e+03	4.029050e+02	3.098154e+02	7.938416e+01	4.205032e+01	9.507458e+01
679	1.959031e+01	2.612979e+03	4.029625e+02	3.098344e+02	7.938177e+01	4.191073e+01	9.488375e+01
680	1.961916e+01	2.609752e+03	4.028266e+02	3.098018e+02	7.940992e+01	4.184413e+01	9.444472e+01
681	1.964801e+01	2.624918e+03	4.029314e+02	3.098017e+02	7.980621e+01	4.187831e+01	9.442168e+01
682	1.967686e+01	2.616257e+03	4.028748e+02	3.097497e+02	8.015997e+01	4.155593e+01	9.472874e+01
683	1.970571e+01	2.600123e+03	4.028289e+02	3.096864e+02	7.932137e+01	4.173629e+01	9.424039e+01
684	1.973456e+01	2.613533e+03	4.029194e+02	3.096860e+02	7.935490e+01	4.193381e+01	9.451595e+01
685	1.976342e+01	2.621598e+03	4.030283e+02	3.099237e+02	7.951434e+01	4.197887e+01	9.461199e+01
686	1.979227e+01	2.629240e+03	4.028696e+02	3.098043e+02	7.966144e+01	4.202351e+01	9.467428e+01
687	1.982112e+01	2.618675e+03	4.028664e+02	3.097223e+02	7.956500e+01	4.190536e+01	9.450539e+01
688	1.984997e+01	2.609157e+03	4.028731e+02	3.099085e+02	7.959489e+01	4.173737e+01	9.498600e+01
689	1.987882e+01	2.597827e+03	4.029435e+02	3.098934e+02	7.926696e+01	4.172805e+01	9.490522e+01
690	1.990767e+01	2.613435e+03	4.029925e+02	3.098946e+02	7.935048e+01	4.193457e+01	9.493454e+01
691	1.993653e+01	2.622622e+03	4.028529e+02	3.098573e+02	7.943300e+01	4.203828e+01	9.441657e+01
692	1.996538e+01	2.621628e+03	4.028436e+02	3.098883e+02	7.966797e+01	4.189840e+01	9.495913e+01
693	1.999423e+01	2.616967e+03	4.028661e+02	3.098465e+02	7.950184e+01	4.191130e+01	9.483715e+01
694	2.002308e+01	2.604843e+03	4.030251e+02	3.097794e+02	7.916652e+01	4.189383e+01	9.457632e+01
695	2.005193e+01	2.602396e+03	4.029779e+02	3.098634e+02	7.974680e+01	4.154992e+01	9.466973e+01
696	2.008078e+01	2.612981e+03	4.028288e+02	3.097938e+02	7.932559e+01	4.194044e+01	9.456955e+01
697	2.010964e+01	2.622078e+03	4.028364e+02	3.098788e+02	7.944719e+01	4.202205e+01	9.443511e+01
698	2.013849e+01	2.614332e+03	4.029210e+02	3.098722e+02	7.937270e+01	4.193723e+01	9.484927e+01
699	2.016734e+01	2.615650e+03	4.028853e+02	3.097413e+02	7.985777e+01	4.170351e+01	9.443826e+01
700	2.019619e+01	2.617568e+03	4.026693e+02	3.099420e+02	7.948814e+01	4.192815e+01	9.495396e+01
701	2.022504e+01	2.598394e+03	4.028996e+02	3.099328e+02	7.921989e+01	4.176196e+01	9.485942e+01
702	2.025389e+01	2.618598e+03	4.030162e+02	3.098274e+02	7.949776e+01	4.193958e+01	9.476921e+01
703	2.028275e+01	2.598166e+03	4.029690e+02	3.098961e+02	7.906897e+01	4.183800e+01	9.479558e+01
704	2.031160e+01	2.607886e+03	4.030591e+02	3.098596e+02	7.960059e+01	4.171407e+01	9.453844e+01
705	2.034045e+01	2.615581e+03	4.028419e+02	3.098944e+02	7.953378e+01	4.187229e+01	9.481367e+01
706	2.036930e+01	2.611998e+03	4.028237e+02	3.098873e+02	7.949799e+01	4.183374e+01	9.464595e+01
707	2.039815e+01	2.619031e+03	4.030515e+02	3.099345e+02	7.965212e+01	4.186522e+01	9.475798e+01
708	2.042701e+01	2.622954e+03	4.030575e+02	3.098177e+02	7.969028e+01	4.190785e+01	9.451115e+01
709	2.045586e+01	2.596292e+03	4.028724e+02	3.098581e+02	7.909407e+01	4.179456e+01	9.479198e+01
710	2.048471e+01	2.597470e+03	4.029382e+02	3.098559e+02	7.907661e+01	4.182276e+01	9.448044e+01
711	2.051356e+01	2.589578e+03	4.027423e+02	3.098340e+02	7.905039e+01	4.170951e+01	9.475256e+01
712	2.054241e+01	2.616045e+03	4.029055e+02	3.098438e+02	7.947398e+01	4.191122e+01	9.454379e+01
713	2.057126e+01	2.615799e+03	4.027680e+02	3.098607e+02	7.940948e+01	4.194132e+01	9.503658e+01
714	2.060012e+01	2.617165e+03	4.027237e+02	3.098168e+02	7.924957e+01	4.204790e+01	9.455922e+01
715	2.062897e+01	2.619285e+03	4.030220e+02	3.098907e+02	7.960629e+01	4.189339e+01	9.446442e+01
716	2.065782e+01	2.600988e+03	4.029165e+02	3.098839e+02	7.944740e+01	4.168394e+01	9.479211e+01
717	2.068667e+01	2.602104e+03	4.030051e+02	3.099713e+02	7.908762e+01	4.189154e+01	9.459309e+01
718	2.071552e+01	2.597677e+03	4.030391e+02	3.099400e+02	7.920061e+01	4.176059e+01	9.470982e+01
719	2.074437e+01	2.615602e+03	4.028857e+02	3.098498e+02	7.983154e+01	4.171644e+01	9.465195e+01
720	2.077323e+01	2.605436e+03	4.028954e+02	3.099119e+02	7.940575e+01	4.177713e+01	9.480297e+01
721	2.080208e+01	2.608667e+03	4.028974e+02	3.099191e+02	7.960249e+01	4.172556e+01	9.457861e+01
722	2.083093e+01	2.617547e+03	4.029525e+02	3.099604e+02	7.962989e+01	4.185318e+01	9.463947e+01
723	2.085978e+01	2.611340e+03	4.029775e+02	3.098752e+02	7.918425e+01	4.198892e+01	9.468134e+01
724	2.088863e+01	2.613467e+03	4.028630e+02	3.098562e+02	7.962659e+01	4.178967e+01	9.462164e+01
725	2.091748e+01	2.618795e+03	4.028808e+02	3.099731e+02	7.975552e+01	4.180718e+01	9.475776e+01
726	2.094634e+01	2.599306e+03	4.026616e+02	3.099565e+02	7.937350e+01	4.169576e+01	9.479134e+01
727	2.097519e+01	2.622844e+03	4.028345e+02	3.099266e+02	7.972108e+01	4.188991e+01	9.441259e+01
728	2.100404e+01	2.605579e+03	4.028311e+02	3.099506e+02	7.968829e+01	4.163129e+01	9.437277e+01
729	2.103289e+01	2.613467e+03	4.030804e+02	3.100138e+02	7.944286e+01	4.188632e+01	9.447718e+01
730	2.106174e+01	2.608472e+03	4.029504e+02	3.099493e+02	7.929687e+01	4.188324e+01	9.453896e+01
731	2.109059e+01	2.604478e+03	4.027644e+02	3.099295e+02	7.930999e+01	4.181219e+01	9.434970e+01
732	2.111945e+01	2.608204e+03	4.028842e+02	3.100210e+02	7.945696e+01	4.179456e+01	9.435951e+01
733	2.114830e+01	2.611620e+03	4.027808e+02	3.099704e+02	7.946638e+01	4.184433e+01	9.417762e+01
734	2.117715e+01	2.610038e+03	4.026583e+02	3.099129e+02	7.927664e+01	4.191907e+01	9.433459e+01
735	2.120600e+01	2.632762e+03	4.027513e+02	3.098781e+02	7.968711e+01	4.206624e+01	9.486057e+01
736	2.123485e+01	2.619808e+03	4.028089e+02	3.100079e+02	7.950919e+01	4.195292e+01	9.435315e+01
737	2.126370e+01	2.615277e+03	4.029253e+02	3.099940e+02	7.941378e+01	4.193068e+01	9.435217e+01
738	2.129256e+01	2.605020e+03	4.029841e+02	3.099035e+02	7.923744e+01	4.185918e+01	9.413614e+01
739	2.132141e+01	2.613686e+03	4.028669e+02	3.099977e+02	7.959652e+01	4.180898e+01	9.441414e+01
740	2.135026e+01	2.619284e+03	4.028322e+02	3.100110e+02	7.963575e+01	4.187787e+01	9.400043e+01
741	2.137911e+01	2.614522e+03	4.028481e+02	3.100263e+02	7.949006e+01	4.187836e+01	9.422625e+01
742	2.140796e+01	2.601205e+03	4.027882e+02	3.100343e+02	7.948551e+01	4.166743e+01	9.456053e+01
743	2.143681e+01	2.613978e+03	4.027701e+02	3.100272e+02	7.939597e+01	4.191926e+01	9.415368e+01
744	2.146567e+01	2.619185e+03	4.028146e+02	3.099698e+02	7.966235e+01	4.186231e+01	9.420609e+01
745	2.149452e+01	2.620154e+03	4.028061e+02	3.100191e+02	7.972065e+01	4.184717e+01	9.431593e+01
746	2.152337e+01	2.606228e+03	4.026953e+02	3.099503e+02	7.979084e+01	4.158815e+01	9.382575e+01
747	2.155222e+01	2.617741e+03	4.027904e+02	3.100182e+02	7.980730e+01	4.176324e+01	9.416617e+01
748	2.158107e+01	2.601279e+03	4.026609e+02	3.100572e+02	7.920432e+01	4.181654e+01	9.467247e+01
749	2.160992e+01	2.612139e+03	4.027872e+02	3.099873e+02	7.932603e+01	4.192670e+01	9.403601e+01
750	2.163878e+01	2.608422e+03	4.025897e+02	3.100726e+02	7.918435e+01	4.194195e+01	9.442184e+01
751	2.166763e+01	2.617255e+03	4.028677e+02	3.099860e+02	7.977818e+01	4.177073e+01	9.405492e+01
752	2.169648e+01	2.604408e+03	4.026519e+02	3.100669e+02	7.929448e+01	4.181924e+01	9.420355e+01
753	2.172533e+01	2.606543e+03	4.028496e+02	3.100811e+02	7.939062e+01	4.180284e+01	9.424062e+01
754	2.175418e+01	2.605904e+03	4.028019e+02	3.100756e+02	7.930718e+01	4.183656e+01	9.407336e+01
755	2.178304e+01	2.600453e+03	4.026046e+02	3.100357e+02	7.927385e+01	4.176660e+01	9.406920e+01
756	2.181189e+01	2.594852e+03	4.026324e+02	3.100803e+02	7.901402e+01	4.181371e+01	9.435071e+01
757	2.184074e+01	2.613552e+03	4.027480e+02	3.100431e+02	7.966656e+01	4.177006e+01	9.412374e+01
758	2.186959e+01	2.606222e+03	4.027327e+02	3.100666e+02	7.954071e+01	4.171883e+01	9.423116e+01
759	2.189844e+01	2.622714e+03	4.026977e+02	3.101009e+02	7.982988e+01	4.183075e+01	9.386999e+01
760	2.192729e+01	2.621477e+03	4.028076e+02	3.100061e+02	7.972539e+01	4.186581e+01	9.378659e+01
761	2.195615e+01	2.604425e+03	4.027134e+02	3.100773e+02	7.948255e+01	4.172056e+01	9.410785e+01
762	2.198500e+01	2.610346e+03	4.027599e+02	3.100484e+02	7.961458e+01	4.174606e+01	9.410890e+01
763	2.201385e+01	2.641605e+03	4.026288e+02	3.099568e+02	7.996979e+01	4.205833e+01	9.458372e+01
764	2.204270e+01	2.613421e+03	4.026650e+02	3.101241e+02	7.971099e+01	4.174469e+01	9.408411e+01
765	2.207155e+01	2.617658e+03	4.027673e+02	3.100948e+02	7.965111e+01	4.184381e+01	9.406369e+01
766	2.210040e+01	2.607427e+03	4.026724e+02	3.100746e+02	7.937640e+01	4.182450e+01	9.412425e+01
767	2.212926e+01	2.609651e+03	4.028165e+02	3.100839e+02	7.956107e+01	4.176302e+01	9.417323e+01
768	2.215811e+01	2.608554e+03	4.026918e+02	3.100576e+02	7.945396e+01	4.180174e+01	9.405791e+01
769	2.218696e+01	2.599421e+03	4.025915e+02	3.101874e+02	7.907739e+01	4.185375e+01	9.446789e+01
770	2.221581e+01	2.624016e+03	4.027262e+02	3.100734e+02	7.982330e+01	4.185496e+01	9.383025e+01
771	2.224466e+01	2.616504e+03	4.027945e+02	3.101093e+02	7.970486e+01	4.179715e+01	9.398392e+01
772	2.227351e+01	2.617484e+03	4.026487e+02	3.100402e+02	7.972001e+01	4.180486e+01	9.422089e+01
773	2.230237e+01	2.595688e+03	4.026311e+02	3.101073e+02	7.897939e+01	4.184550e+01	9.407984e+01
774	2.233122e+01	2.619203e+03	4.028271e+02	3.100995e+02	7.970052e+01	4.184255e+01	9.354983e+01
775	2.236007e+01	2.608392e+03	4.025680e+02	3.101103e+02	7.945684e+01	4.179763e+01	9.378355e+01
776	2.238892e+01	2.604590e+03	4.025970e+02	3.100944e+02	7.925017e+01	4.184555e+01	9.394366e+01
777	2.241777e+01	2.614533e+03	4.024973e+02	3.100794e+02	7.957346e+01	4.183463e+01	9.358560e+01
778	2.244662e+01	2.621759e+03	4.026458e+02	3.100987e+02	7.948203e+01	4.199852e+01	9.366598e+01
779	2.247548e+01	2.626488e+03	4.026745e+02	3.101006e+02	8.003951e+01	4.178122e+01	9.360235e+01
780	2.250433e+01	2.619185e+03	4.026287e+02	3.101172e+02	7.963492e+01	4.187673e+01	9.373138e+01
781	2.253318e+01	2.623293e+03	4.027104e+02	3.100810e+02	7.968460e+01	4.191626e+01	9.406912e+01
782	2.256203e+01	2.599978e+03	4.026407e+02	3.101013e+02	7.928967e+01	4.175064e+01	9.436954e+01
783	2.259088e+01	2.623309e+03	4.027000e+02	3.101287e+02	7.975787e+01	4.187801e+01	9.402525e+01
784	2.261973e+01	2.612113e+03	4.026245e+02	3.100656e+02	7.947073e+01	4.184995e+01	9.412767e+01
785	2.264859e+01	2.615016e+03	4.027033e+02	3.101063e+02	7.944380e+01	4.191066e+01	9.437509e+01
786	2.267744e+01	2.612071e+03	4.026134e+02	3.101133e+02	7.950346e+01	4.183204e+01	9.374606e+01
787	2.270629e+01	2.628339e+03	4.027800e+02	3.101002e+02	7.994714e+01	4.185896e+01	9.383981e+01
788	2.273514e+01	2.613734e+03	4.026194e+02	3.101460e+02	7.972761e+01	4.174099e+01	9.403458e+01
789	2.276399e+01	2.602101e+03	4.025996e+02	3.101373e+02	7.939618e+01	4.172868e+01	9.409129e+01
790	2.279284e+01	2.617990e+03	4.025775e+02	3.101305e+02	7.963837e+01	4.185580e+01	9.385208e+01
791	2.282170e+01	2.609348e+03	4.027405e+02	3.100943e+02	7.939176e+01	4.184723e+01	9.389912e+01
792	2.285055e+01	2.604553e+03	4.025478e+02	3.101591e+02	7.929376e+01	4.182195e+01	9.436695e+01
793	2.287940e+01	2.613490e+03	4.026724e+02	3.101190e+02	7.960435e+01	4.180173e+01	9.395074e+01
794	2.290825e+01	2.615608e+03	4.027454e+02	3.101354e+02	7.954625e+01	4.186615e+01	9.419997e+01
795	2.293710e+01	2.605156e+03	4.026718e+02	3.100807e+02	7.929951e+01	4.182859e+01	9.399260e+01
796	2.296595e+01	2.626172e+03	4.027104e+02	3.100830e+02	7.979603e+01	4.190366e+01	9.390245e+01
797	2.299481e+01	2.613707e+03	4.026429e+02	3.101355e+02	7.956469e+01	4.182602e+01	9.379600e+01
798	2.302366e+01	2.615970e+03	4.026852e+02	3.100652e+02	7.971500e+01	4.178330e+01	9.375060e+01
799	2.305251e+01	2.612048e+03	4.026906e+02	3.100866e+02	7.955030e+01	4.180703e+01	9.380928e+01
