1	2.868617e-02	2.682677e+03	4.320234e+02	3.845294e+02	7.921953e+01	4.311678e+01	1.713436e+02
2	5.737235e-02	2.700215e+03	4.328191e+02	3.836954e+02	7.922855e+01	4.339371e+01	1.739422e+02
3	8.605852e-02	2.670872e+03	4.335703e+02	3.832499e+02	7.874555e+01	4.318542e+01	1.762295e+02
4	1.147447e-01	2.668108e+03	4.344671e+02	3.821652e+02	7.877522e+01	4.312449e+01	1.789713e+02
5	1.434309e-01	2.699026e+03	4.353696e+02	3.813979e+02	7.936156e+01	4.330190e+01	2.087569e+00
6	1.721170e-01	2.667872e+03	4.362759e+02	3.807498e+02	7.892558e+01	4.303852e+01	4.501654e+00
7	2.008032e-01	2.684923e+03	4.371483e+02	3.802367e+02	7.859109e+01	4.349794e+01	7.370801e+00
8	2.294894e-01	2.688655e+03	4.383914e+02	3.794595e+02	7.892033e+01	4.337669e+01	1.068899e+01
9	2.581756e-01	2.661890e+03	4.394005e+02	3.790394e+02	7.839751e+01	4.323126e+01	1.317772e+01
10	2.868617e-01	2.689069e+03	4.404496e+02	3.785040e+02	7.903868e+01	4.331840e+01	1.653489e+01
11	3.155479e-01	2.686549e+03	4.415471e+02	3.781389e+02	7.863695e+01	4.349890e+01	1.911189e+01
12	3.442341e-01	2.697952e+03	4.427969e+02	3.775432e+02	7.912735e+01	4.341278e+01	2.210469e+01
13	3.729203e-01	2.679652e+03	4.437690e+02	3.774060e+02	7.892922e+01	4.322657e+01	2.512537e+01
14	4.016064e-01	2.682159e+03	4.449232e+02	3.772219e+02	7.876724e+01	4.335599e+01	2.800338e+01
15	4.302926e-01	2.668027e+03	4.460563e+02	3.770018e+02	7.879209e+01	4.311393e+01	3.081345e+01
16	4.589788e-01	2.686962e+03	4.473087e+02	3.768549e+02	7.902734e+01	4.329067e+01	3.418763e+01
17	4.876649e-01	2.676114e+03	4.483530e+02	3.768449e+02	7.891136e+01	4.317926e+01	3.696329e+01
18	5.163511e-01	2.673763e+03	4.495844e+02	3.767194e+02	7.887199e+01	4.316286e+01	3.996585e+01
19	5.450373e-01	2.673530e+03	4.508083e+02	3.766693e+02	7.881553e+01	4.319002e+01	4.273316e+01
20	5.737235e-01	2.687510e+03	4.519333e+02	3.769007e+02	7.924603e+01	4.318001e+01	4.564753e+01
21	6.024096e-01	2.685384e+03	4.530802e+02	3.770197e+02	7.924957e+01	4.314392e+01	4.878288e+01
22	6.310958e-01	2.683630e+03	4.541559e+02	3.773037e+02	7.938922e+01	4.303989e+01	5.191116e+01
23	6.597820e-01	2.687607e+03	4.553972e+02	3.774852e+02	7.929263e+01	4.315620e+01	5.496193e+01
24	6.884682e-01	2.683843e+03	4.564070e+02	3.780107e+02	7.958708e+01	4.293631e+01	5.799772e+01
25	7.171543e-01	2.685320e+03	4.575467e+02	3.784473e+02	7.959808e+01	4.295400e+01	6.089864e+01
26	7.458405e-01	2.688550e+03	4.586555e+02	3.789710e+02	7.981351e+01	4.288959e+01	6.389924e+01
27	7.745267e-01	2.674905e+03	4.593804e+02	3.797234e+02	7.994263e+01	4.260299e+01	6.690804e+01
28	8.032129e-01	2.677893e+03	4.605243e+02	3.802475e+02	8.007150e+01	4.258193e+01	6.980524e+01
29	8.318990e-01	2.674674e+03	4.616850e+02	3.807621e+02	8.007075e+01	4.253114e+01	7.238464e+01
30	8.605852e-01	2.671759e+03	4.626420e+02	3.815598e+02	8.034291e+01	4.234088e+01	7.512620e+01
31	8.892714e-01	2.683493e+03	4.636823e+02	3.822498e+02	7.999734e+01	4.271053e+01	7.821160e+01
32	9.179575e-01	2.685980e+03	4.646736e+02	3.829625e+02	8.029247e+01	4.259299e+01	8.059984e+01
33	9.466437e-01	2.667730e+03	4.653884e+02	3.839044e+02	8.021322e+01	4.234538e+01	8.311441e+01
34	9.753299e-01	2.685506e+03	4.664225e+02	3.847136e+02	8.043307e+01	4.251104e+01	8.553484e+01
35	1.004016e+00	2.690337e+03	4.672569e+02	3.856591e+02	8.028146e+01	4.266793e+01	8.813940e+01
36	1.032702e+00	2.693442e+03	4.683031e+02	3.866779e+02	8.071255e+01	4.248902e+01	9.065609e+01
37	1.061388e+00	2.680643e+03	4.689756e+02	3.876367e+02	8.054202e+01	4.237665e+01	9.314273e+01
38	1.090075e+00	2.683385e+03	4.697171e+02	3.885842e+02	8.035181e+01	4.252041e+01	9.538126e+01
39	1.118761e+00	2.687643e+03	4.705662e+02	3.896783e+02	8.025333e+01	4.264014e+01	9.760109e+01
40	1.147447e+00	2.687408e+03	4.711477e+02	3.908051e+02	8.027383e+01	4.262553e+01	1.001436e+02
41	1.176133e+00	2.676819e+03	4.715293e+02	3.918917e+02	8.032963e+01	4.242807e+01	1.026080e+02
42	1.204819e+00	2.672657e+03	4.721320e+02	3.930651e+02	8.038794e+01	4.233138e+01	1.050899e+02
43	1.233505e+00	2.683958e+03	4.724404e+02	3.942272e+02	8.016232e+01	4.263003e+01	1.078639e+02
44	1.262192e+00	2.674936e+03	4.730859e+02	3.954872e+02	7.983161e+01	4.266273e+01	1.103078e+02
45	1.290878e+00	2.655191e+03	4.734263e+02	3.968425e+02	7.972343e+01	4.240527e+01	1.127277e+02
46	1.319564e+00	2.674555e+03	4.737411e+02	3.978693e+02	7.951240e+01	4.282791e+01	1.152828e+02
47	1.348250e+00	2.669054e+03	4.739893e+02	3.991992e+02	7.958399e+01	4.270136e+01	1.176028e+02
48	1.376936e+00	2.674637e+03	4.740323e+02	4.004127e+02	7.955001e+01	4.280897e+01	1.205820e+02
49	1.405622e+00	2.667432e+03	4.743368e+02	4.017231e+02	7.952801e+01	4.270546e+01	1.233083e+02
50	1.434309e+00	2.686226e+03	4.743867e+02	4.030210e+02	7.931955e+01	4.311937e+01	1.255594e+02
51	1.462995e+00	2.662538e+03	4.744045e+02	4.043881e+02	7.922118e+01	4.279221e+01	1.281494e+02
52	1.491681e+00	2.676681e+03	4.744380e+02	4.055843e+02	7.928345e+01	4.298572e+01	1.307600e+02
53	1.520367e+00	2.681907e+03	4.744557e+02	4.069323e+02	7.929701e+01	4.306228e+01	1.332760e+02
54	1.549053e+00	2.674221e+03	4.742527e+02	4.080648e+02	7.905566e+01	4.306995e+01	1.359243e+02
55	1.577740e+00	2.651202e+03	4.741122e+02	4.096127e+02	7.870331e+01	4.289039e+01	1.379146e+02
56	1.606426e+00	2.672252e+03	4.739712e+02	4.107076e+02	7.927337e+01	4.292004e+01	1.409462e+02
57	1.635112e+00	2.671374e+03	4.739826e+02	4.120620e+02	7.926514e+01	4.291040e+01	1.426070e+02
58	1.663798e+00	2.662783e+03	4.734997e+02	4.132582e+02	7.936898e+01	4.271644e+01	1.453043e+02
59	1.692484e+00	2.666091e+03	4.734319e+02	4.148301e+02	7.916653e+01	4.287889e+01	1.477061e+02
60	1.721170e+00	2.653336e+03	4.729737e+02	4.161703e+02	7.903192e+01	4.274643e+01	1.492173e+02
61	1.749857e+00	2.667347e+03	4.724970e+02	4.170944e+02	7.888745e+01	4.305084e+01	1.524712e+02
62	1.778543e+00	2.681725e+03	4.718184e+02	4.181831e+02	7.849725e+01	4.349806e+01	1.553661e+02
63	1.807229e+00	2.675954e+03	4.713707e+02	4.194366e+02	7.893711e+01	4.316260e+01	1.577025e+02
64	1.835915e+00	2.662229e+03	4.707934e+02	4.204628e+02	7.856014e+01	4.314726e+01	1.607416e+02
65	1.864601e+00	2.680424e+03	4.701780e+02	4.215764e+02	7.902457e+01	4.318684e+01	1.635573e+02
66	1.893287e+00	2.680903e+03	4.694148e+02	4.225668e+02	7.914973e+01	4.312627e+01	1.657655e+02
67	1.921974e+00	2.690246e+03	4.686203e+02	4.234533e+02	7.923405e+01	4.323050e+01	1.687978e+02
68	1.950660e+00	2.687147e+03	4.677738e+02	4.241891e+02	7.907387e+01	4.326817e+01	1.707649e+02
69	1.979346e+00	2.686661e+03	4.671574e+02	4.253232e+02	7.941254e+01	4.307585e+01	1.745256e+02
70	2.008032e+00	2.686941e+03	4.662403e+02	4.261302e+02	7.925459e+01	4.316621e+01	1.768851e+02
71	2.036718e+00	2.685483e+03	4.654223e+02	4.269213e+02	7.911315e+01	4.321991e+01	1.008565e-01
72	2.065404e+00	2.678978e+03	4.645421e+02	4.278563e+02	7.846516e+01	4.347128e+01	2.757452e+00
73	2.094091e+00	2.679970e+03	4.634431e+02	4.286541e+02	7.873029e+01	4.334092e+01	5.042536e+00
74	2.122777e+00	2.672012e+03	4.625417e+02	4.292858e+02	7.844635e+01	4.336863e+01	7.972676e+00
75	2.151463e+00	2.686756e+03	4.612817e+02	4.298811e+02	7.914858e+01	4.322104e+01	1.099835e+01
76	2.180149e+00	2.691377e+03	4.602771e+02	4.303499e+02	7.914039e+01	4.329985e+01	1.348945e+01
77	2.208835e+00	2.667634e+03	4.591608e+02	4.310143e+02	7.885835e+01	4.307137e+01	1.593935e+01
78	2.237522e+00	2.675767e+03	4.580885e+02	4.314914e+02	7.862013e+01	4.333358e+01	1.901421e+01
79	2.266208e+00	2.707420e+03	4.566876e+02	4.320986e+02	7.914179e+01	4.355719e+01	2.234035e+01
80	2.294894e+00	2.682067e+03	4.555420e+02	4.325139e+02	7.841573e+01	4.354884e+01	2.458746e+01
81	2.323580e+00	2.691364e+03	4.545192e+02	4.325104e+02	7.892002e+01	4.342055e+01	2.763067e+01
82	2.352266e+00	2.695662e+03	4.534234e+02	4.327699e+02	7.906210e+01	4.341174e+01	3.060175e+01
83	2.380952e+00	2.699305e+03	4.522206e+02	4.327703e+02	7.939630e+01	4.328743e+01	3.287325e+01
84	2.409639e+00	2.684182e+03	4.509967e+02	4.329935e+02	7.889159e+01	4.332029e+01	3.591306e+01
85	2.438325e+00	2.686221e+03	4.497555e+02	4.330320e+02	7.898380e+01	4.330259e+01	3.828747e+01
86	2.467011e+00	2.691890e+03	4.486032e+02	4.331260e+02	7.913522e+01	4.331095e+01	4.082455e+01
87	2.495697e+00	2.711318e+03	4.472901e+02	4.329792e+02	7.934309e+01	4.350924e+01	4.369490e+01
88	2.524383e+00	2.691762e+03	4.461451e+02	4.330326e+02	7.914841e+01	4.330166e+01	4.656023e+01
89	2.553069e+00	2.696678e+03	4.450867e+02	4.327520e+02	7.949546e+01	4.319136e+01	4.903494e+01
90	2.581756e+00	2.708476e+03	4.438766e+02	4.325013e+02	7.974593e+01	4.324407e+01	5.213213e+01
91	2.610442e+00	2.701712e+03	4.426652e+02	4.323528e+02	7.964051e+01	4.319318e+01	5.455854e+01
92	2.639128e+00	2.691861e+03	4.413340e+02	4.320210e+02	7.953211e+01	4.309434e+01	5.722657e+01
93	2.667814e+00	2.701424e+03	4.402021e+02	4.316669e+02	7.989242e+01	4.305239e+01	5.963464e+01
94	2.696500e+00	2.702559e+03	4.392273e+02	4.311644e+02	7.988071e+01	4.307679e+01	6.266049e+01
95	2.725186e+00	2.698897e+03	4.381156e+02	4.307014e+02	7.997076e+01	4.296999e+01	6.493311e+01
96	2.753873e+00	2.704754e+03	4.370870e+02	4.302069e+02	8.054608e+01	4.275565e+01	6.758147e+01
97	2.782559e+00	2.695663e+03	4.358256e+02	4.297200e+02	8.042279e+01	4.267726e+01	7.052585e+01
98	2.811245e+00	2.694307e+03	4.349005e+02	4.290722e+02	8.029728e+01	4.272247e+01	7.282572e+01
99	2.839931e+00	2.680256e+03	4.339275e+02	4.284094e+02	8.027669e+01	4.251057e+01	7.554981e+01
100	2.868617e+00	2.685900e+03	4.328295e+02	4.277345e+02	8.024537e+01	4.261671e+01	7.773676e+01
101	2.897303e+00	2.696948e+03	4.319753e+02	4.269187e+02	8.045882e+01	4.267849e+01	8.041151e+01
102	2.925990e+00	2.683880e+03	4.312055e+02	4.260455e+02	8.015173e+01	4.263442e+01	8.283701e+01
103	2.954676e+00	2.686263e+03	4.301179e+02	4.252687e+02	8.053047e+01	4.247158e+01	8.537456e+01
104	2.983362e+00	2.701433e+03	4.294416e+02	4.243900e+02	8.072977e+01	4.260598e+01	8.784507e+01
105	3.012048e+00	2.698376e+03	4.287474e+02	4.234197e+02	8.039510e+01	4.273494e+01	9.021319e+01
106	3.040734e+00	2.697172e+03	4.279366e+02	4.224686e+02	8.069604e+01	4.255656e+01	9.303012e+01
107	3.069421e+00	2.697102e+03	4.272730e+02	4.215239e+02	8.067191e+01	4.256818e+01	9.545826e+01
108	3.098107e+00	2.689848e+03	4.266440e+02	4.205193e+02	8.068719e+01	4.244566e+01	9.790900e+01
109	3.126793e+00	2.668351e+03	4.261137e+02	4.194467e+02	8.004583e+01	4.244381e+01	1.001744e+02
110	3.155479e+00	2.686567e+03	4.254355e+02	4.183663e+02	8.046626e+01	4.251028e+01	1.024756e+02
111	3.184165e+00	2.681366e+03	4.250346e+02	4.172215e+02	8.023660e+01	4.254942e+01	1.049473e+02
112	3.212851e+00	2.676813e+03	4.245084e+02	4.160688e+02	8.007338e+01	4.256376e+01	1.078427e+02
113	3.241538e+00	2.683746e+03	4.240458e+02	4.149872e+02	7.989488e+01	4.276934e+01	1.100676e+02
114	3.270224e+00	2.697587e+03	4.236129e+02	4.138482e+02	7.989353e+01	4.299064e+01	1.125021e+02
115	3.298910e+00	2.701382e+03	4.233509e+02	4.125931e+02	7.995635e+01	4.301730e+01	1.150712e+02
116	3.327596e+00	2.681765e+03	4.233083e+02	4.116306e+02	7.951480e+01	4.294206e+01	1.176356e+02
117	3.356282e+00	2.704131e+03	4.230194e+02	4.103287e+02	7.989359e+01	4.309491e+01	1.204068e+02
118	3.384968e+00	2.690865e+03	4.228985e+02	4.090875e+02	7.942311e+01	4.313752e+01	1.231767e+02
119	3.413655e+00	2.709449e+03	4.227871e+02	4.077980e+02	7.976209e+01	4.325084e+01	1.261228e+02
120	3.442341e+00	2.700671e+03	4.228250e+02	4.066672e+02	7.965879e+01	4.316663e+01	1.288454e+02
121	3.471027e+00	2.710516e+03	4.227546e+02	4.053548e+02	8.012444e+01	4.307221e+01	1.314380e+02
122	3.499713e+00	2.702544e+03	4.229100e+02	4.042299e+02	7.946857e+01	4.329996e+01	1.342613e+02
123	3.528399e+00	2.678754e+03	4.231236e+02	4.030697e+02	7.910072e+01	4.311839e+01	1.364817e+02
124	3.557085e+00	2.691508e+03	4.233340e+02	4.017886e+02	7.932156e+01	4.320306e+01	1.392671e+02
125	3.585772e+00	2.685932e+03	4.235213e+02	4.006023e+02	7.925534e+01	4.314959e+01	1.418830e+02
126	3.614458e+00	2.696924e+03	4.238692e+02	3.993135e+02	7.936692e+01	4.326525e+01	1.448988e+02
127	3.643144e+00	2.689333e+03	4.242315e+02	3.981884e+02	7.935625e+01	4.314928e+01	1.478980e+02
128	3.671830e+00	2.692731e+03	4.246793e+02	3.970941e+02	7.943575e+01	4.316055e+01	1.501500e+02
129	3.700516e+00	2.687893e+03	4.251772e+02	3.961293e+02	7.909608e+01	4.326804e+01	1.524116e+02
130	3.729203e+00	2.676315e+03	4.257039e+02	3.950713e+02	7.816866e+01	4.359279e+01	1.551886e+02
131	3.757889e+00	2.684360e+03	4.262886e+02	3.939123e+02	7.861898e+01	4.347339e+01	1.580245e+02
132	3.786575e+00	2.682779e+03	4.268939e+02	3.929785e+02	7.894982e+01	4.326571e+01	1.603669e+02
133	3.815261e+00	2.691311e+03	4.274707e+02	3.920397e+02	7.892571e+01	4.341657e+01	1.633056e+02
134	3.843947e+00	2.659839e+03	4.281955e+02	3.910585e+02	7.806083e+01	4.338426e+01	1.656529e+02
135	3.872633e+00	2.675387e+03	4.288763e+02	3.898725e+02	7.860809e+01	4.333406e+01	1.689912e+02
136	3.901320e+00	2.683727e+03	4.298630e+02	3.889380e+02	7.933805e+01	4.306921e+01	1.717182e+02
137	3.930006e+00	2.684421e+03	4.307205e+02	3.881945e+02	7.876866e+01	4.339176e+01	1.742205e+02
138	3.958692e+00	2.701496e+03	4.315878e+02	3.871947e+02	7.930182e+01	4.337418e+01	1.773932e+02
139	3.987378e+00	2.690726e+03	4.324696e+02	3.863859e+02	7.906074e+01	4.333300e+01	2.649309e-01
140	4.016064e+00	2.679619e+03	4.334388e+02	3.858104e+02	7.871756e+01	4.334226e+01	2.897589e+00
141	4.044750e+00	2.670470e+03	4.343816e+02	3.850180e+02	7.883228e+01	4.313142e+01	5.290989e+00
142	4.073437e+00	2.688574e+03	4.355342e+02	3.842340e+02	7.890363e+01	4.338455e+01	8.781306e+00
143	4.102123e+00	2.685541e+03	4.365704e+02	3.836918e+02	7.911118e+01	4.322192e+01	1.138431e+01
144	4.130809e+00	2.721900e+03	4.374464e+02	3.829889e+02	7.846428e+01	4.416826e+01	1.313366e+01
145	4.159495e+00	2.668245e+03	4.388847e+02	3.827917e+02	7.835246e+01	4.335940e+01	1.664707e+01
146	4.188181e+00	2.684087e+03	4.400800e+02	3.821877e+02	7.920656e+01	4.314649e+01	1.964734e+01
147	4.216867e+00	2.693862e+03	4.413300e+02	3.817417e+02	7.924110e+01	4.328475e+01	2.277971e+01
148	4.245554e+00	2.677397e+03	4.425094e+02	3.814565e+02	7.888407e+01	4.321491e+01	2.549153e+01
149	4.274240e+00	2.684149e+03	4.436614e+02	3.811880e+02	7.909303e+01	4.320942e+01	2.823093e+01
150	4.302926e+00	2.677268e+03	4.448600e+02	3.810162e+02	7.876778e+01	4.327663e+01	3.153139e+01
151	4.331612e+00	2.689658e+03	4.460067e+02	3.809803e+02	7.894678e+01	4.337833e+01	3.426621e+01
152	4.360298e+00	2.680034e+03	4.474263e+02	3.807384e+02	7.907581e+01	4.315258e+01	3.685865e+01
153	4.388985e+00	2.692101e+03	4.485734e+02	3.806752e+02	7.935979e+01	4.319177e+01	3.969487e+01
154	4.417671e+00	2.677646e+03	4.498888e+02	3.806973e+02	7.909232e+01	4.310513e+01	4.236456e+01
155	4.446357e+00	2.684983e+03	4.511432e+02	3.807331e+02	7.935278e+01	4.308137e+01	4.502544e+01
156	4.475043e+00	2.679361e+03	4.523157e+02	3.808775e+02	7.914577e+01	4.310361e+01	4.793436e+01
157	4.503729e+00	2.678250e+03	4.535450e+02	3.810392e+02	7.905351e+01	4.313602e+01	5.060146e+01
158	4.532415e+00	2.686856e+03	4.548604e+02	3.812930e+02	7.925999e+01	4.316190e+01	5.327802e+01
159	4.561102e+00	2.664439e+03	4.559898e+02	3.817490e+02	7.943352e+01	4.270829e+01	5.616838e+01
160	4.589788e+00	2.678121e+03	4.572375e+02	3.820244e+02	7.932657e+01	4.298547e+01	5.874866e+01
161	4.618474e+00	2.695544e+03	4.583058e+02	3.824379e+02	7.943898e+01	4.320390e+01	6.164317e+01
162	4.647160e+00	2.687398e+03	4.596095e+02	3.829073e+02	7.978318e+01	4.288750e+01	6.398351e+01
163	4.675846e+00	2.676671e+03	4.606211e+02	3.836254e+02	7.981067e+01	4.270160e+01	6.707270e+01
164	4.704532e+00	2.677599e+03	4.617061e+02	3.842065e+02	7.983475e+01	4.270352e+01	6.967977e+01
165	4.733219e+00	2.684535e+03	4.629318e+02	3.847939e+02	8.015662e+01	4.264222e+01	7.227002e+01
166	4.761905e+00	2.676964e+03	4.640004e+02	3.855085e+02	8.007324e+01	4.256624e+01	7.454931e+01
167	4.790591e+00	2.677995e+03	4.649280e+02	3.862716e+02	8.023009e+01	4.249939e+01	7.757529e+01
168	4.819277e+00	2.688114e+03	4.660469e+02	3.870518e+02	8.031790e+01	4.261333e+01	8.016856e+01
169	4.847963e+00	2.687544e+03	4.668383e+02	3.879261e+02	8.032536e+01	4.260033e+01	8.286144e+01
170	4.876649e+00	2.679465e+03	4.678640e+02	3.888438e+02	8.060744e+01	4.232365e+01	8.529604e+01
171	4.905336e+00	2.678341e+03	4.687047e+02	3.898557e+02	8.050466e+01	4.235991e+01	8.814126e+01
172	4.934022e+00	2.677858e+03	4.694956e+02	3.908798e+02	8.038660e+01	4.241447e+01	9.055303e+01
173	4.962708e+00	2.683976e+03	4.701527e+02	3.918127e+02	8.022402e+01	4.259751e+01	9.350748e+01
174	4.991394e+00	2.667462e+03	4.709169e+02	3.929080e+02	8.049120e+01	4.219489e+01	9.555463e+01
175	5.020080e+00	2.682228e+03	4.716408e+02	3.940395e+02	8.037953e+01	4.248742e+01	9.815766e+01
176	5.048766e+00	2.683690e+03	4.719501e+02	3.950171e+02	8.034451e+01	4.252910e+01	1.007816e+02
177	5.077453e+00	2.678714e+03	4.725100e+02	3.962736e+02	8.016171e+01	4.254705e+01	1.033271e+02
178	5.106139e+00	2.678807e+03	4.730255e+02	3.974376e+02	7.999908e+01	4.263503e+01	1.060539e+02
179	5.134825e+00	2.683851e+03	4.736332e+02	3.986559e+02	8.015259e+01	4.263351e+01	1.085913e+02
180	5.163511e+00	2.675749e+03	4.739302e+02	3.997648e+02	7.980083e+01	4.269216e+01	1.109704e+02
181	5.192197e+00	2.666172e+03	4.744056e+02	4.011173e+02	7.977007e+01	4.255576e+01	1.134498e+02
182	5.220884e+00	2.669121e+03	4.746939e+02	4.023731e+02	7.967101e+01	4.265580e+01	1.160626e+02
183	5.249570e+00	2.667053e+03	4.748760e+02	4.036775e+02	7.952262e+01	4.270229e+01	1.186938e+02
184	5.278256e+00	2.671775e+03	4.750689e+02	4.048895e+02	7.939365e+01	4.284737e+01	1.213861e+02
185	5.306942e+00	2.662932e+03	4.752561e+02	4.062719e+02	7.929462e+01	4.275890e+01	1.238698e+02
186	5.335628e+00	2.680623e+03	4.753727e+02	4.074958e+02	7.955293e+01	4.290320e+01	1.271322e+02
187	5.364314e+00	2.676901e+03	4.753899e+02	4.089335e+02	7.904615e+01	4.311831e+01	1.294931e+02
188	5.393001e+00	2.668827e+03	4.751745e+02	4.100938e+02	7.899586e+01	4.301562e+01	1.323125e+02
189	5.421687e+00	2.666001e+03	4.750975e+02	4.113494e+02	7.894457e+01	4.299798e+01	1.352037e+02
190	5.450373e+00	2.649407e+03	4.750902e+02	4.128301e+02	7.880774e+01	4.280455e+01	1.373824e+02
191	5.479059e+00	2.655271e+03	4.748261e+02	4.141204e+02	7.863371e+01	4.299423e+01	1.396857e+02
192	5.507745e+00	2.670223e+03	4.745968e+02	4.152570e+02	7.956488e+01	4.273033e+01	1.425640e+02
193	5.536431e+00	2.674331e+03	4.745164e+02	4.166118e+02	7.918022e+01	4.300398e+01	1.451623e+02
194	5.565118e+00	2.678682e+03	4.740590e+02	4.178764e+02	7.887151e+01	4.324253e+01	1.468189e+02
195	5.593804e+00	2.702370e+03	4.734458e+02	4.189948e+02	7.839360e+01	4.389088e+01	1.498307e+02
196	5.622490e+00	2.666365e+03	4.732216e+02	4.202639e+02	7.897636e+01	4.298655e+01	1.526895e+02
197	5.651176e+00	2.678889e+03	4.725345e+02	4.213313e+02	7.877250e+01	4.330023e+01	1.551332e+02
198	5.679862e+00	2.669839e+03	4.721164e+02	4.223975e+02	7.902199e+01	4.301771e+01	1.584726e+02
199	5.708548e+00	2.670277e+03	4.715273e+02	4.237762e+02	7.882522e+01	4.313217e+01	1.606065e+02
200	5.737235e+00	2.672899e+03	4.707981e+02	4.248097e+02	7.894648e+01	4.310820e+01	1.635880e+02
201	5.765921e+00	2.680870e+03	4.701947e+02	4.257130e+02	7.922816e+01	4.308303e+01	1.672333e+02
202	5.794607e+00	2.673785e+03	4.693221e+02	4.266202e+02	7.867390e+01	4.327189e+01	1.695630e+02
203	5.823293e+00	2.684078e+03	4.686718e+02	4.276845e+02	7.900787e+01	4.325486e+01	1.723523e+02
204	5.851979e+00	2.688399e+03	4.677737e+02	4.285590e+02	7.844821e+01	4.363357e+01	1.747760e+02
205	5.880666e+00	2.672998e+03	4.670066e+02	4.294644e+02	7.874309e+01	4.322114e+01	1.783058e+02
206	5.909352e+00	2.684211e+03	4.658707e+02	4.302632e+02	7.882499e+01	4.335736e+01	1.181729e+00
207	5.938038e+00	2.699749e+03	4.650262e+02	4.309574e+02	7.907048e+01	4.347295e+01	4.440459e+00
208	5.966724e+00	2.693331e+03	4.640031e+02	4.317829e+02	7.921728e+01	4.328924e+01	6.478289e+00
209	5.995410e+00	2.683889e+03	4.629348e+02	4.324344e+02	7.879373e+01	4.336936e+01	9.076041e+00
210	6.024096e+00	2.696401e+03	4.618856e+02	4.329811e+02	7.867213e+01	4.363890e+01	1.236030e+01
211	6.052783e+00	2.678995e+03	4.608487e+02	4.336411e+02	7.826819e+01	4.358096e+01	1.524557e+01
212	6.081469e+00	2.682594e+03	4.595813e+02	4.342059e+02	7.880663e+01	4.334134e+01	1.789328e+01
213	6.110155e+00	2.679684e+03	4.585305e+02	4.346059e+02	7.882657e+01	4.328337e+01	2.102416e+01
214	6.138841e+00	2.693119e+03	4.573841e+02	4.349558e+02	7.890313e+01	4.345818e+01	2.361087e+01
215	6.167527e+00	2.684220e+03	4.561855e+02	4.353143e+02	7.886260e+01	4.333683e+01	2.627050e+01
216	6.196213e+00	2.694822e+03	4.550792e+02	4.355259e+02	7.907493e+01	4.339118e+01	2.881549e+01
217	6.224900e+00	2.708120e+03	4.538553e+02	4.357966e+02	7.927444e+01	4.349556e+01	3.183162e+01
218	6.253586e+00	2.696925e+03	4.525165e+02	4.360259e+02	7.910538e+01	4.340832e+01	3.455882e+01
219	6.282272e+00	2.687487e+03	4.514998e+02	4.359982e+02	7.928146e+01	4.316034e+01	3.709484e+01
220	6.310958e+00	2.700216e+03	4.501481e+02	4.360818e+02	7.946144e+01	4.326654e+01	4.015268e+01
221	6.339644e+00	2.694070e+03	4.491115e+02	4.358915e+02	7.926266e+01	4.327633e+01	4.303673e+01
222	6.368330e+00	2.698771e+03	4.476432e+02	4.359821e+02	7.955967e+01	4.319000e+01	4.607905e+01
223	6.397017e+00	2.697461e+03	4.465128e+02	4.358609e+02	7.945494e+01	4.322594e+01	4.855111e+01
224	6.425703e+00	2.709819e+03	4.454138e+02	4.354258e+02	7.985984e+01	4.320381e+01	5.115422e+01
225	6.454389e+00	2.701496e+03	4.441335e+02	4.351931e+02	7.958170e+01	4.322163e+01	5.393391e+01
226	6.483075e+00	2.693721e+03	4.430388e+02	4.348849e+02	7.962565e+01	4.307346e+01	5.689684e+01
227	6.511761e+00	2.699392e+03	4.418495e+02	4.346105e+02	7.989137e+01	4.302057e+01	5.961794e+01
228	6.540448e+00	2.691074e+03	4.405840e+02	4.341229e+02	7.980177e+01	4.293616e+01	6.225719e+01
229	6.569134e+00	2.696841e+03	4.395033e+02	4.336152e+02	8.017717e+01	4.282671e+01	6.497652e+01
230	6.597820e+00	2.702778e+03	4.383047e+02	4.330715e+02	8.019601e+01	4.291090e+01	6.769358e+01
231	6.626506e+00	2.712234e+03	4.372125e+02	4.325292e+02	8.046692e+01	4.291606e+01	7.032270e+01
232	6.655192e+00	2.694201e+03	4.361996e+02	4.318288e+02	8.032500e+01	4.270605e+01	7.275933e+01
233	6.683878e+00	2.698931e+03	4.351883e+02	4.311551e+02	8.027058e+01	4.281003e+01	7.518130e+01
234	6.712565e+00	2.701939e+03	4.342044e+02	4.304068e+02	8.061846e+01	4.267280e+01	7.781923e+01
235	6.741251e+00	2.687904e+03	4.333631e+02	4.296586e+02	8.053567e+01	4.249478e+01	8.052023e+01
236	6.769937e+00	2.701204e+03	4.323878e+02	4.287878e+02	8.052127e+01	4.271269e+01	8.332069e+01
237	6.798623e+00	2.671909e+03	4.316410e+02	4.280009e+02	8.043011e+01	4.229735e+01	8.576359e+01
238	6.827309e+00	2.685641e+03	4.309007e+02	4.270578e+02	8.046986e+01	4.249373e+01	8.826402e+01
239	6.855995e+00	2.688667e+03	4.300195e+02	4.260402e+02	8.059916e+01	4.247336e+01	9.089628e+01
240	6.884682e+00	2.695390e+03	4.293786e+02	4.251530e+02	8.063129e+01	4.256259e+01	9.331317e+01
241	6.913368e+00	2.680449e+03	4.285396e+02	4.241364e+02	8.012185e+01	4.259579e+01	9.601521e+01
242	6.942054e+00	2.692741e+03	4.279821e+02	4.231632e+02	8.069670e+01	4.248630e+01	9.848563e+01
243	6.970740e+00	2.685039e+03	4.273608e+02	4.221055e+02	8.048983e+01	4.247366e+01	1.007901e+02
244	6.999426e+00	2.680574e+03	4.270051e+02	4.209618e+02	7.997061e+01	4.267834e+01	1.034930e+02
245	7.028112e+00	2.683954e+03	4.264237e+02	4.198284e+02	8.010605e+01	4.265991e+01	1.061141e+02
246	7.056799e+00	2.695922e+03	4.259419e+02	4.188150e+02	8.017837e+01	4.281149e+01	1.087696e+02
247	7.085485e+00	2.681517e+03	4.256540e+02	4.175965e+02	7.990134e+01	4.273036e+01	1.113655e+02
248	7.114171e+00	2.685918e+03	4.253849e+02	4.164433e+02	7.999126e+01	4.275238e+01	1.133885e+02
249	7.142857e+00	2.696513e+03	4.250695e+02	4.151652e+02	7.998733e+01	4.292314e+01	1.165823e+02
250	7.171543e+00	2.681401e+03	4.249062e+02	4.140268e+02	7.927748e+01	4.306476e+01	1.188155e+02
251	7.200229e+00	2.706087e+03	4.247393e+02	4.128028e+02	7.963969e+01	4.326357e+01	1.215842e+02
252	7.228916e+00	2.694956e+03	4.246812e+02	4.115295e+02	7.946411e+01	4.318081e+01	1.242542e+02
253	7.257602e+00	2.699799e+03	4.245460e+02	4.102751e+02	7.972741e+01	4.311555e+01	1.269643e+02
254	7.286288e+00	2.699357e+03	4.246058e+02	4.090844e+02	7.962366e+01	4.316466e+01	1.297408e+02
255	7.314974e+00	2.694647e+03	4.246801e+02	4.079866e+02	7.942850e+01	4.319521e+01	1.321216e+02
256	7.343660e+00	2.691507e+03	4.247660e+02	4.066083e+02	7.934637e+01	4.318954e+01	1.353173e+02
257	7.372347e+00	2.688594e+03	4.249884e+02	4.055779e+02	7.919901e+01	4.322306e+01	1.374709e+02
258	7.401033e+00	2.714128e+03	4.251367e+02	4.042007e+02	7.933895e+01	4.355660e+01	1.406036e+02
259	7.429719e+00	2.694578e+03	4.254024e+02	4.031523e+02	7.924612e+01	4.329353e+01	1.427817e+02
260	7.458405e+00	2.693790e+03	4.257221e+02	4.020049e+02	7.919960e+01	4.330627e+01	1.456512e+02
261	7.487091e+00	2.710293e+03	4.261175e+02	4.006838e+02	7.951505e+01	4.339874e+01	1.486829e+02
262	7.515777e+00	2.688606e+03	4.264218e+02	3.995613e+02	7.917367e+01	4.323710e+01	1.517092e+02
263	7.544464e+00	2.709444e+03	4.269165e+02	3.984383e+02	7.962425e+01	4.332564e+01	1.541337e+02
264	7.573150e+00	2.702509e+03	4.274824e+02	3.974537e+02	7.920449e+01	4.344376e+01	1.568319e+02
265	7.601836e+00	2.693986e+03	4.281467e+02	3.964597e+02	7.923257e+01	4.329140e+01	1.597769e+02
266	7.630522e+00	2.699900e+03	4.287142e+02	3.954668e+02	7.917635e+01	4.341725e+01	1.618913e+02
267	7.659208e+00	2.701301e+03	4.294206e+02	3.944463e+02	7.934628e+01	4.334674e+01	1.647303e+02
268	7.687894e+00	2.697081e+03	4.300718e+02	3.932778e+02	7.925327e+01	4.332983e+01	1.673627e+02
269	7.716581e+00	2.679387e+03	4.309287e+02	3.925258e+02	7.864471e+01	4.337864e+01	1.706387e+02
270	7.745267e+00	2.690987e+03	4.317317e+02	3.915463e+02	7.892842e+01	4.340986e+01	1.728824e+02
271	7.773953e+00	2.679267e+03	4.326474e+02	3.906430e+02	7.923441e+01	4.305388e+01	1.762369e+02
272	7.802639e+00	2.692084e+03	4.335437e+02	3.898394e+02	7.928201e+01	4.323386e+01	1.787574e+02
273	7.831325e+00	2.737397e+03	4.341251e+02	3.891452e+02	7.884424e+01	4.420566e+01	1.511095e+00
274	7.860011e+00	2.675327e+03	4.354307e+02	3.884428e+02	7.874648e+01	4.325695e+01	4.336219e+00
275	7.888698e+00	2.685212e+03	4.364181e+02	3.877657e+02	7.886065e+01	4.335392e+01	7.457645e+00
276	7.917384e+00	2.674664e+03	4.377370e+02	3.871447e+02	7.899631e+01	4.310945e+01	9.969796e+00
277	7.946070e+00	2.688653e+03	4.387276e+02	3.865894e+02	7.905810e+01	4.330105e+01	1.284872e+01
278	7.974756e+00	2.695787e+03	4.399957e+02	3.859803e+02	7.932628e+01	4.326918e+01	1.596036e+01
279	8.003442e+00	2.682864e+03	4.410118e+02	3.857159e+02	7.872717e+01	4.338946e+01	1.866881e+01
280	8.032129e+00	2.703965e+03	4.422480e+02	3.849981e+02	7.926384e+01	4.343462e+01	2.191808e+01
281	8.060815e+00	2.698555e+03	4.434032e+02	3.847279e+02	7.903202e+01	4.347488e+01	2.477708e+01
282	8.089501e+00	2.703923e+03	4.446342e+02	3.845278e+02	7.922494e+01	4.345528e+01	2.769135e+01
283	8.118187e+00	2.675306e+03	4.459695e+02	3.843396e+02	7.872276e+01	4.326965e+01	3.061749e+01
284	8.146873e+00	2.676819e+03	4.471999e+02	3.842623e+02	7.888588e+01	4.320459e+01	3.352620e+01
285	8.175559e+00	2.686425e+03	4.484195e+02	3.840571e+02	7.904482e+01	4.327245e+01	3.614755e+01
286	8.204246e+00	2.693559e+03	4.496148e+02	3.838488e+02	7.871468e+01	4.356933e+01	3.949183e+01
287	8.232932e+00	2.689787e+03	4.508766e+02	3.840598e+02	7.905467e+01	4.332121e+01	4.201133e+01
288	8.261618e+00	2.691539e+03	4.522543e+02	3.840035e+02	7.926078e+01	4.323669e+01	4.452261e+01
289	8.290304e+00	2.679142e+03	4.534227e+02	3.842671e+02	7.892758e+01	4.321924e+01	4.786439e+01
290	8.318990e+00	2.686254e+03	4.545926e+02	3.844950e+02	7.938164e+01	4.308609e+01	5.047895e+01
291	8.347676e+00	2.686204e+03	4.558680e+02	3.847256e+02	7.905085e+01	4.326559e+01	5.326073e+01
292	8.376363e+00	2.681042e+03	4.569749e+02	3.850992e+02	7.948177e+01	4.294832e+01	5.643763e+01
293	8.405049e+00	2.685905e+03	4.582610e+02	3.854621e+02	7.970631e+01	4.290502e+01	5.902610e+01
294	8.433735e+00	2.692699e+03	4.595366e+02	3.857968e+02	7.974581e+01	4.299224e+01	6.139432e+01
295	8.462421e+00	2.680648e+03	4.606165e+02	3.863738e+02	7.967332e+01	4.283877e+01	6.458298e+01
296	8.491107e+00	2.682329e+03	4.616303e+02	3.869352e+02	7.997342e+01	4.270477e+01	6.683590e+01
297	8.519793e+00	2.683612e+03	4.629450e+02	3.875337e+02	7.975796e+01	4.284063e+01	6.952805e+01
298	8.548480e+00	2.691708e+03	4.639606e+02	3.882202e+02	8.023360e+01	4.271513e+01	7.239412e+01
299	8.577166e+00	2.686654e+03	4.649818e+02	3.889071e+02	8.021257e+01	4.264611e+01	7.490302e+01
300	8.605852e+00	2.681653e+03	4.661006e+02	3.896240e+02	8.034817e+01	4.249489e+01	7.760715e+01
301	8.634538e+00	2.676479e+03	4.671814e+02	3.904561e+02	8.017510e+01	4.250446e+01	8.028364e+01
302	8.663224e+00	2.687717e+03	4.680308e+02	3.913360e+02	8.048136e+01	4.252050e+01	8.269491e+01
303	8.691910e+00	2.693420e+03	4.689500e+02	3.922078e+02	8.079034e+01	4.244776e+01	8.539913e+01
304	8.720597e+00	2.692403e+03	4.698185e+02	3.932134e+02	8.058759e+01	4.253849e+01	8.820512e+01
305	8.749283e+00	2.679847e+03	4.705213e+02	3.941919e+02	8.055163e+01	4.235902e+01	9.086108e+01
306	8.777969e+00	2.687314e+03	4.715259e+02	3.952249e+02	8.046774e+01	4.252132e+01	9.333072e+01
307	8.806655e+00	2.680278e+03	4.722852e+02	3.962206e+02	8.018489e+01	4.255958e+01	9.577607e+01
308	8.835341e+00	2.686050e+03	4.728162e+02	3.973635e+02	8.034918e+01	4.256403e+01	9.790960e+01
309	8.864028e+00	2.687768e+03	4.733667e+02	3.985034e+02	8.029160e+01	4.262180e+01	1.007292e+02
310	8.892714e+00	2.677048e+03	4.739946e+02	3.995757e+02	8.005159e+01	4.257908e+01	1.033794e+02
311	8.921400e+00	2.675260e+03	4.747246e+02	4.008964e+02	7.990707e+01	4.262759e+01	1.059063e+02
312	8.950086e+00	2.675339e+03	4.750177e+02	4.019826e+02	7.983932e+01	4.266503e+01	1.088930e+02
313	8.978772e+00	2.674258e+03	4.754892e+02	4.033031e+02	7.990487e+01	4.261282e+01	1.111301e+02
314	9.007458e+00	2.683838e+03	4.758835e+02	4.044768e+02	8.004931e+01	4.268830e+01	1.137674e+02
315	9.036145e+00	2.671384e+03	4.760959e+02	4.058226e+02	7.936342e+01	4.285743e+01	1.165872e+02
316	9.064831e+00	2.670705e+03	4.764687e+02	4.071853e+02	7.961855e+01	4.270922e+01	1.189918e+02
317	9.093517e+00	2.667260e+03	4.766349e+02	4.084505e+02	7.923788e+01	4.285905e+01	1.213823e+02
318	9.122203e+00	2.670634e+03	4.767691e+02	4.096983e+02	7.926692e+01	4.289756e+01	1.241746e+02
319	9.150889e+00	2.665778e+03	4.768249e+02	4.110624e+02	7.891344e+01	4.301136e+01	1.263947e+02
320	9.179575e+00	2.667896e+03	4.767867e+02	4.123222e+02	7.950421e+01	4.272566e+01	1.292006e+02
321	9.208262e+00	2.666004e+03	4.766929e+02	4.135684e+02	7.912092e+01	4.290221e+01	1.318687e+02
322	9.236948e+00	2.671483e+03	4.767239e+02	4.147987e+02	7.906486e+01	4.302085e+01	1.346730e+02
323	9.265634e+00	2.670832e+03	4.765499e+02	4.160504e+02	7.913577e+01	4.297183e+01	1.371798e+02
324	9.294320e+00	2.733871e+03	4.756286e+02	4.174774e+02	7.854053e+01	4.431945e+01	1.384609e+02
325	9.323006e+00	2.713920e+03	4.755844e+02	4.187640e+02	7.832776e+01	4.411553e+01	1.408450e+02
326	9.351692e+00	2.704477e+03	4.751455e+02	4.199102e+02	7.845251e+01	4.389213e+01	1.439418e+02
327	9.380379e+00	2.657598e+03	4.754697e+02	4.216848e+02	7.846973e+01	4.312183e+01	1.471720e+02
328	9.409065e+00	2.650394e+03	4.748051e+02	4.225394e+02	7.873858e+01	4.285811e+01	1.501719e+02
329	9.437751e+00	2.657209e+03	4.743716e+02	4.236073e+02	7.923290e+01	4.270024e+01	1.531238e+02
330	9.466437e+00	2.676697e+03	4.736149e+02	4.248433e+02	7.809457e+01	4.364038e+01	1.553837e+02
331	9.495123e+00	2.657951e+03	4.732773e+02	4.259510e+02	7.884013e+01	4.292495e+01	1.585025e+02
332	9.523810e+00	2.665849e+03	4.727421e+02	4.269998e+02	7.900079e+01	4.296495e+01	1.611241e+02
333	9.552496e+00	2.683693e+03	4.720133e+02	4.281582e+02	7.889833e+01	4.330870e+01	1.640192e+02
334	9.581182e+00	2.694422e+03	4.705139e+02	4.301975e+02	7.896223e+01	4.344666e+01	1.697289e+02
335	9.609868e+00	2.687408e+03	4.696856e+02	4.310436e+02	7.918235e+01	4.321309e+01	1.724733e+02
336	9.638554e+00	2.700179e+03	4.687984e+02	4.319338e+02	7.887057e+01	4.359008e+01	1.748436e+02
337	9.667240e+00	2.678031e+03	4.680046e+02	4.330787e+02	7.870364e+01	4.332423e+01	1.776226e+02
338	9.695927e+00	2.676317e+03	4.670050e+02	4.337054e+02	7.878450e+01	4.325207e+01	5.866446e-01
339	9.724613e+00	2.690135e+03	4.659580e+02	4.345905e+02	7.876546e+01	4.348589e+01	3.856601e+00
340	9.753299e+00	2.693841e+03	4.650388e+02	4.352104e+02	7.893739e+01	4.345095e+01	6.996490e+00
341	9.781985e+00	2.693482e+03	4.639177e+02	4.359391e+02	7.902554e+01	4.339670e+01	9.779637e+00
342	9.810671e+00	2.692811e+03	4.628421e+02	4.364862e+02	7.876254e+01	4.353077e+01	1.257040e+01
343	9.839357e+00	2.698848e+03	4.617542e+02	4.369120e+02	7.892266e+01	4.353984e+01	1.597274e+01
344	9.868044e+00	2.697020e+03	4.606963e+02	4.374053e+02	7.927448e+01	4.331725e+01	1.825225e+01
345	9.896730e+00	2.683027e+03	4.595134e+02	4.379363e+02	7.858919e+01	4.346827e+01	2.153729e+01
346	9.925416e+00	2.690380e+03	4.581567e+02	4.384970e+02	7.885497e+01	4.344049e+01	2.452087e+01
347	9.954102e+00	2.692999e+03	4.571770e+02	4.386664e+02	7.907684e+01	4.336078e+01	2.684297e+01
348	9.982788e+00	2.703936e+03	4.559454e+02	4.389041e+02	7.930319e+01	4.341261e+01	2.921666e+01
349	1.001147e+01	2.698591e+03	4.547619e+02	4.390827e+02	7.942012e+01	4.326301e+01	3.246389e+01
350	1.004016e+01	2.681889e+03	4.535017e+02	4.392750e+02	7.886471e+01	4.329805e+01	3.519300e+01
351	1.006885e+01	2.703368e+03	4.522755e+02	4.394557e+02	7.957695e+01	4.325417e+01	3.810434e+01
352	1.009753e+01	2.697978e+03	4.510630e+02	4.393168e+02	7.931783e+01	4.330896e+01	4.110990e+01
353	1.012622e+01	2.693026e+03	4.498384e+02	4.393631e+02	7.921078e+01	4.328789e+01	4.394705e+01
354	1.015491e+01	2.698536e+03	4.485633e+02	4.392809e+02	7.968302e+01	4.311939e+01	4.672953e+01
355	1.018359e+01	2.694760e+03	4.473932e+02	4.391036e+02	7.973096e+01	4.303316e+01	4.945401e+01
356	1.021228e+01	2.703207e+03	4.462258e+02	4.388246e+02	7.962425e+01	4.322590e+01	5.231162e+01
357	1.024096e+01	2.695815e+03	4.449964e+02	4.385808e+02	7.973414e+01	4.304828e+01	5.502296e+01
358	1.026965e+01	2.698047e+03	4.438588e+02	4.382041e+02	7.976977e+01	4.306468e+01	5.752790e+01
359	1.029834e+01	2.718319e+03	4.425822e+02	4.378833e+02	8.009055e+01	4.321448e+01	6.064680e+01
360	1.032702e+01	2.700819e+03	4.416281e+02	4.373477e+02	8.022376e+01	4.286498e+01	6.303428e+01
361	1.035571e+01	2.708113e+03	4.404218e+02	4.368932e+02	8.020191e+01	4.299244e+01	6.574086e+01
362	1.038439e+01	2.694961e+03	4.392400e+02	4.363876e+02	8.023001e+01	4.276867e+01	6.823682e+01
363	1.041308e+01	2.712135e+03	4.381541e+02	4.356650e+02	8.065267e+01	4.281566e+01	7.117435e+01
364	1.044177e+01	2.690549e+03	4.371970e+02	4.349464e+02	8.042113e+01	4.259718e+01	7.396928e+01
365	1.047045e+01	2.697609e+03	4.360660e+02	4.343277e+02	8.052986e+01	4.265129e+01	7.642759e+01
366	1.049914e+01	2.707298e+03	4.351917e+02	4.335249e+02	8.038298e+01	4.288269e+01	7.899407e+01
367	1.052783e+01	2.700235e+03	4.341367e+02	4.327653e+02	8.060639e+01	4.265227e+01	8.158132e+01
368	1.055651e+01	2.681726e+03	4.333830e+02	4.318461e+02	8.054980e+01	4.238968e+01	8.383414e+01
369	1.058520e+01	2.694168e+03	4.325460e+02	4.309939e+02	8.075280e+01	4.247928e+01	8.662782e+01
370	1.061388e+01	2.692626e+03	4.316177e+02	4.301910e+02	8.050869e+01	4.258371e+01	8.903166e+01
371	1.064257e+01	2.693692e+03	4.310266e+02	4.291881e+02	8.042733e+01	4.264365e+01	9.142759e+01
372	1.067126e+01	2.689393e+03	4.301552e+02	4.281162e+02	8.040191e+01	4.258906e+01	9.400599e+01
373	1.069994e+01	2.692142e+03	4.294474e+02	4.270386e+02	8.062183e+01	4.251630e+01	9.654272e+01
374	1.072863e+01	2.702135e+03	4.289250e+02	4.260220e+02	8.074973e+01	4.260652e+01	9.914971e+01
375	1.075731e+01	2.689720e+03	4.284542e+02	4.249147e+02	8.052859e+01	4.252723e+01	1.015257e+02
376	1.078600e+01	2.704875e+03	4.279635e+02	4.238305e+02	8.023399e+01	4.292388e+01	1.040887e+02
377	1.081469e+01	2.686495e+03	4.273824e+02	4.226539e+02	7.996899e+01	4.277348e+01	1.066545e+02
378	1.084337e+01	2.689209e+03	4.269575e+02	4.215471e+02	8.025284e+01	4.266525e+01	1.093513e+02
379	1.087206e+01	2.689948e+03	4.267373e+02	4.203599e+02	8.006171e+01	4.277885e+01	1.119732e+02
380	1.090075e+01	2.692000e+03	4.263792e+02	4.192557e+02	7.999152e+01	4.284905e+01	1.144326e+02
381	1.092943e+01	2.699373e+03	4.259868e+02	4.179008e+02	8.012827e+01	4.289309e+01	1.169838e+02
382	1.095812e+01	2.696185e+03	4.258792e+02	4.168601e+02	7.972762e+01	4.305772e+01	1.197017e+02
383	1.098680e+01	2.694544e+03	4.255947e+02	4.154506e+02	7.979701e+01	4.299409e+01	1.221353e+02
384	1.101549e+01	2.706022e+03	4.256082e+02	4.142744e+02	7.996217e+01	4.308805e+01	1.250959e+02
385	1.104418e+01	2.706285e+03	4.256002e+02	4.129459e+02	7.950747e+01	4.333869e+01	1.278698e+02
386	1.107286e+01	2.710637e+03	4.256668e+02	4.117928e+02	7.951218e+01	4.340581e+01	1.305417e+02
387	1.110155e+01	2.726928e+03	4.256653e+02	4.105210e+02	7.995727e+01	4.342360e+01	1.331223e+02
388	1.113024e+01	2.692991e+03	4.258766e+02	4.095105e+02	7.920996e+01	4.328777e+01	1.351486e+02
389	1.115892e+01	2.706176e+03	4.260192e+02	4.079795e+02	7.943560e+01	4.337615e+01	1.383945e+02
390	1.118761e+01	2.694568e+03	4.262242e+02	4.067720e+02	7.930618e+01	4.326057e+01	1.408978e+02
391	1.121629e+01	2.694869e+03	4.265186e+02	4.056150e+02	7.924342e+01	4.329966e+01	1.435104e+02
392	1.124498e+01	2.710423e+03	4.268040e+02	4.043697e+02	7.949676e+01	4.341080e+01	1.465025e+02
393	1.127367e+01	2.706190e+03	4.273474e+02	4.033497e+02	7.947920e+01	4.335258e+01	1.491221e+02
394	1.130235e+01	2.704044e+03	4.276582e+02	4.020965e+02	7.930623e+01	4.341268e+01	1.522647e+02
395	1.133104e+01	2.701202e+03	4.283065e+02	4.009231e+02	7.953434e+01	4.324267e+01	1.551054e+02
396	1.135972e+01	2.710448e+03	4.289009e+02	3.999621e+02	7.940883e+01	4.345927e+01	1.576194e+02
397	1.138841e+01	2.711321e+03	4.295511e+02	3.988434e+02	7.950753e+01	4.341930e+01	1.601868e+02
398	1.141710e+01	2.699841e+03	4.301928e+02	3.978338e+02	7.910509e+01	4.345540e+01	1.627885e+02
399	1.144578e+01	2.677106e+03	4.308724e+02	3.969450e+02	7.879121e+01	4.326114e+01	1.655606e+02
400	1.147447e+01	2.696599e+03	4.316018e+02	3.958451e+02	7.906658e+01	4.342437e+01	1.683985e+02
401	1.150316e+01	2.695332e+03	4.325576e+02	3.948127e+02	7.923045e+01	4.331419e+01	1.715277e+02
402	1.153184e+01	2.689180e+03	4.333496e+02	3.940808e+02	7.893573e+01	4.337669e+01	1.745333e+02
403	1.156053e+01	2.702875e+03	4.340599e+02	3.936042e+02	7.848061e+01	4.385041e+01	1.772146e+02
404	1.158921e+01	2.700660e+03	4.352874e+02	3.924393e+02	7.923026e+01	4.339993e+01	4.546214e-01
405	1.161790e+01	2.692810e+03	4.363048e+02	3.917690e+02	7.931023e+01	4.323014e+01	3.030444e+00
406	1.164659e+01	2.682511e+03	4.372618e+02	3.911340e+02	7.917623e+01	4.313768e+01	5.693130e+00
407	1.167527e+01	2.702889e+03	4.382644e+02	3.904654e+02	7.881243e+01	4.366603e+01	9.478662e+00
408	1.170396e+01	2.679572e+03	4.393710e+02	3.898507e+02	7.877892e+01	4.330775e+01	1.146607e+01
409	1.173264e+01	2.698932e+03	4.403651e+02	3.893196e+02	7.879704e+01	4.361061e+01	1.488475e+01
410	1.176133e+01	2.691568e+03	4.418126e+02	3.886090e+02	7.892425e+01	4.342151e+01	1.771066e+01
411	1.179002e+01	2.682665e+03	4.429545e+02	3.882199e+02	7.908350e+01	4.319075e+01	2.023683e+01
412	1.181870e+01	2.681594e+03	4.441386e+02	3.880307e+02	7.890013e+01	4.327385e+01	2.367747e+01
413	1.184739e+01	2.692567e+03	4.454888e+02	3.877588e+02	7.888676e+01	4.345829e+01	2.726560e+01
414	1.187608e+01	2.705698e+03	4.466786e+02	3.873624e+02	7.930663e+01	4.343901e+01	2.955355e+01
415	1.190476e+01	2.693675e+03	4.479552e+02	3.872660e+02	7.916792e+01	4.332176e+01	3.288261e+01
416	1.193345e+01	2.695707e+03	4.492519e+02	3.871792e+02	7.947661e+01	4.318605e+01	3.574025e+01
417	1.196213e+01	2.696690e+03	4.504122e+02	3.871023e+02	7.909985e+01	4.340758e+01	3.860410e+01
418	1.199082e+01	2.683850e+03	4.516869e+02	3.871752e+02	7.888606e+01	4.331797e+01	4.136178e+01
419	1.201951e+01	2.688870e+03	4.529517e+02	3.871820e+02	7.892281e+01	4.337878e+01	4.468582e+01
420	1.204819e+01	2.682079e+03	4.542028e+02	3.873317e+02	7.897241e+01	4.324205e+01	4.725934e+01
421	1.207688e+01	2.693320e+03	4.554431e+02	3.875067e+02	7.947631e+01	4.314798e+01	5.026493e+01
422	1.210557e+01	2.680533e+03	4.567200e+02	3.877452e+02	7.900317e+01	4.320030e+01	5.269944e+01
423	1.213425e+01	2.683441e+03	4.579189e+02	3.880368e+02	7.920592e+01	4.313646e+01	5.590464e+01
424	1.216294e+01	2.683669e+03	4.592478e+02	3.884333e+02	7.942101e+01	4.302329e+01	5.878456e+01
425	1.219162e+01	2.675986e+03	4.602586e+02	3.888098e+02	7.960712e+01	4.279983e+01	6.178756e+01
426	1.222031e+01	2.688486e+03	4.614997e+02	3.892546e+02	7.986636e+01	4.286017e+01	6.435500e+01
427	1.224900e+01	2.700993e+03	4.626653e+02	3.898640e+02	8.023244e+01	4.286309e+01	6.680552e+01
428	1.227768e+01	2.675986e+03	4.636977e+02	3.904046e+02	7.992621e+01	4.262897e+01	6.972233e+01
429	1.230637e+01	2.676020e+03	4.647328e+02	3.912486e+02	8.009756e+01	4.253831e+01	7.256927e+01
430	1.233505e+01	2.691829e+03	4.658277e+02	3.918533e+02	8.039759e+01	4.262992e+01	7.511465e+01
431	1.236374e+01	2.685254e+03	4.670601e+02	3.925872e+02	8.010043e+01	4.268357e+01	7.757327e+01
432	1.239243e+01	2.694546e+03	4.679823e+02	3.934944e+02	8.045981e+01	4.263995e+01	8.029430e+01
433	1.242111e+01	2.680472e+03	4.688288e+02	3.943545e+02	8.049695e+01	4.239767e+01	8.307365e+01
434	1.244980e+01	2.690114e+03	4.697090e+02	3.952920e+02	8.054948e+01	4.252242e+01	8.575921e+01
435	1.247849e+01	2.687209e+03	4.706711e+02	3.962390e+02	8.055939e+01	4.247128e+01	8.787210e+01
436	1.250717e+01	2.676452e+03	4.716207e+02	3.972552e+02	8.057812e+01	4.229144e+01	9.038754e+01
437	1.253586e+01	2.671290e+03	4.722915e+02	3.983219e+02	8.040921e+01	4.229854e+01	9.274973e+01
438	1.256454e+01	2.674787e+03	4.730261e+02	3.993725e+02	8.010918e+01	4.251254e+01	9.566829e+01
439	1.259323e+01	2.681438e+03	4.736443e+02	4.004542e+02	8.039020e+01	4.246926e+01	9.807607e+01
440	1.262192e+01	2.675994e+03	4.742407e+02	4.016145e+02	8.044343e+01	4.235500e+01	1.005942e+02
441	1.265060e+01	2.674130e+03	4.747400e+02	4.028134e+02	7.996059e+01	4.258108e+01	1.035186e+02
442	1.267929e+01	2.683191e+03	4.752089e+02	4.040770e+02	8.043587e+01	4.247291e+01	1.056057e+02
443	1.270797e+01	2.680319e+03	4.756065e+02	4.052693e+02	8.021377e+01	4.254491e+01	1.083230e+02
444	1.273666e+01	2.678745e+03	4.760361e+02	4.066350e+02	8.003471e+01	4.261506e+01	1.108975e+02
445	1.276535e+01	2.665866e+03	4.765306e+02	4.078512e+02	7.983305e+01	4.251731e+01	1.134885e+02
446	1.279403e+01	2.654740e+03	4.768902e+02	4.091527e+02	7.944093e+01	4.254884e+01	1.161445e+02
447	1.282272e+01	2.653644e+03	4.771814e+02	4.105660e+02	7.937769e+01	4.256517e+01	1.185908e+02
448	1.285141e+01	2.683779e+03	4.772455e+02	4.115072e+02	7.965514e+01	4.289859e+01	1.216375e+02
449	1.288009e+01	2.670638e+03	4.774756e+02	4.128470e+02	7.925453e+01	4.290432e+01	1.241965e+02
450	1.290878e+01	2.687228e+03	4.775434e+02	4.140929e+02	7.972221e+01	4.291759e+01	1.267712e+02
451	1.293746e+01	2.683018e+03	4.775918e+02	4.154666e+02	7.945600e+01	4.299391e+01	1.294513e+02
452	1.296615e+01	2.652069e+03	4.773974e+02	4.166971e+02	7.891896e+01	4.278717e+01	1.321417e+02
453	1.299484e+01	2.655940e+03	4.772834e+02	4.182864e+02	7.919473e+01	4.270041e+01	1.339248e+02
454	1.302352e+01	2.670655e+03	4.772295e+02	4.193839e+02	7.884941e+01	4.312504e+01	1.376216e+02
455	1.305221e+01	2.657906e+03	4.770303e+02	4.207673e+02	7.899527e+01	4.283992e+01	1.398718e+02
456	1.308090e+01	2.681498e+03	4.768183e+02	4.221139e+02	7.929840e+01	4.305496e+01	1.428841e+02
457	1.310958e+01	2.671436e+03	4.763996e+02	4.233301e+02	7.879925e+01	4.316510e+01	1.457534e+02
458	1.313827e+01	2.688030e+03	4.758457e+02	4.244686e+02	7.887149e+01	4.339346e+01	1.470531e+02
459	1.316695e+01	2.661835e+03	4.757714e+02	4.256701e+02	7.917332e+01	4.280676e+01	1.509333e+02
460	1.319564e+01	2.675867e+03	4.751255e+02	4.266905e+02	7.893002e+01	4.316507e+01	1.536102e+02
461	1.322433e+01	2.680858e+03	4.748290e+02	4.279879e+02	7.884494e+01	4.329224e+01	1.563167e+02
462	1.325301e+01	2.674921e+03	4.742600e+02	4.292692e+02	7.889520e+01	4.316885e+01	1.586407e+02
463	1.328170e+01	2.663283e+03	4.735755e+02	4.305597e+02	7.859553e+01	4.314491e+01	1.617047e+02
464	1.331038e+01	2.681063e+03	4.728225e+02	4.313319e+02	7.899507e+01	4.321326e+01	1.650947e+02
465	1.333907e+01	2.687071e+03	4.721212e+02	4.325464e+02	7.923515e+01	4.317887e+01	1.680043e+02
466	1.336776e+01	2.670562e+03	4.713015e+02	4.335705e+02	7.876172e+01	4.317154e+01	1.706669e+02
467	1.339644e+01	2.684441e+03	4.705185e+02	4.344453e+02	7.893839e+01	4.329878e+01	1.737665e+02
468	1.342513e+01	2.690629e+03	4.695484e+02	4.352395e+02	7.865852e+01	4.355301e+01	1.763485e+02
469	1.345382e+01	2.688807e+03	4.686029e+02	4.360171e+02	7.875774e+01	4.346868e+01	1.790011e+02
470	1.348250e+01	2.692245e+03	4.676438e+02	4.371581e+02	7.858147e+01	4.362189e+01	2.436429e+00
471	1.351119e+01	2.708085e+03	4.666254e+02	4.377454e+02	7.881689e+01	4.374749e+01	5.457726e+00
472	1.353987e+01	2.692287e+03	4.656463e+02	4.383302e+02	7.903005e+01	4.337498e+01	8.432984e+00
473	1.356856e+01	2.695025e+03	4.646576e+02	4.389397e+02	7.909180e+01	4.338519e+01	1.122644e+01
474	1.359725e+01	2.709510e+03	4.633617e+02	4.397254e+02	7.882999e+01	4.376323e+01	1.400526e+01
475	1.362593e+01	2.683719e+03	4.624344e+02	4.402867e+02	7.871974e+01	4.340738e+01	1.654711e+01
476	1.365462e+01	2.701869e+03	4.612500e+02	4.405619e+02	7.897349e+01	4.356052e+01	1.969204e+01
477	1.368330e+01	2.695060e+03	4.601518e+02	4.410412e+02	7.882427e+01	4.353300e+01	2.263849e+01
478	1.371199e+01	2.711631e+03	4.590118e+02	4.413944e+02	7.948627e+01	4.343588e+01	2.551338e+01
479	1.374068e+01	2.713798e+03	4.575877e+02	4.418283e+02	7.973451e+01	4.333525e+01	2.815253e+01
480	1.376936e+01	2.682651e+03	4.564530e+02	4.420578e+02	7.861673e+01	4.344695e+01	3.130549e+01
481	1.379805e+01	2.703486e+03	4.550420e+02	4.422128e+02	7.918690e+01	4.346912e+01	3.448231e+01
482	1.382674e+01	2.704759e+03	4.539641e+02	4.421127e+02	7.923456e+01	4.346344e+01	3.673192e+01
483	1.385542e+01	2.712672e+03	4.527971e+02	4.421440e+02	7.958273e+01	4.339988e+01	3.953195e+01
484	1.388411e+01	2.711122e+03	4.514189e+02	4.422071e+02	7.953513e+01	4.340104e+01	4.218842e+01
485	1.391279e+01	2.704945e+03	4.502728e+02	4.420219e+02	7.962449e+01	4.325356e+01	4.505753e+01
486	1.394148e+01	2.696117e+03	4.491032e+02	4.416665e+02	7.947726e+01	4.319226e+01	4.777370e+01
487	1.397017e+01	2.708634e+03	4.477450e+02	4.416434e+02	7.967420e+01	4.328553e+01	5.072915e+01
488	1.399885e+01	2.702162e+03	4.465256e+02	4.414165e+02	7.981396e+01	4.310649e+01	5.361768e+01
489	1.402754e+01	2.701281e+03	4.452914e+02	4.410594e+02	7.977107e+01	4.311560e+01	5.620535e+01
490	1.405622e+01	2.702889e+03	4.441586e+02	4.406981e+02	8.002385e+01	4.300500e+01	5.880973e+01
491	1.408491e+01	2.703083e+03	4.430303e+02	4.402672e+02	8.030664e+01	4.285663e+01	6.144809e+01
492	1.411360e+01	2.707510e+03	4.418082e+02	4.398811e+02	8.020566e+01	4.298087e+01	6.447677e+01
493	1.414228e+01	2.692249e+03	4.407338e+02	4.392493e+02	7.990656e+01	4.289859e+01	6.728913e+01
494	1.417097e+01	2.696002e+03	4.396085e+02	4.387221e+02	8.037695e+01	4.270698e+01	7.016565e+01
495	1.419966e+01	2.695189e+03	4.384618e+02	4.381022e+02	8.047552e+01	4.264181e+01	7.244512e+01
496	1.422834e+01	2.695886e+03	4.375002e+02	4.374885e+02	8.074706e+01	4.250940e+01	7.510180e+01
497	1.425703e+01	2.696832e+03	4.365695e+02	4.366834e+02	8.054986e+01	4.262842e+01	7.764492e+01
498	1.428571e+01	2.697558e+03	4.355965e+02	4.359167e+02	8.050125e+01	4.266564e+01	8.009900e+01
499	1.431440e+01	2.698054e+03	4.346397e+02	4.350562e+02	8.033186e+01	4.276347e+01	8.249828e+01
500	1.434309e+01	2.701534e+03	4.337632e+02	4.342792e+02	8.070398e+01	4.262119e+01	8.509649e+01
501	1.437177e+01	2.700779e+03	4.328677e+02	4.332550e+02	8.062661e+01	4.265018e+01	8.771140e+01
502	1.440046e+01	2.700723e+03	4.320297e+02	4.322523e+02	8.068951e+01	4.261604e+01	9.035328e+01
503	1.442915e+01	2.691829e+03	4.313772e+02	4.312952e+02	8.044650e+01	4.260400e+01	9.291725e+01
504	1.445783e+01	2.706272e+03	4.307583e+02	4.302910e+02	8.055964e+01	4.277245e+01	9.556850e+01
505	1.448652e+01	2.697062e+03	4.300737e+02	4.292082e+02	8.052229e+01	4.264664e+01	9.768907e+01
506	1.451520e+01	2.705868e+03	4.294937e+02	4.280721e+02	8.046839e+01	4.281454e+01	1.002128e+02
507	1.454389e+01	2.706714e+03	4.289753e+02	4.270314e+02	8.025627e+01	4.294114e+01	1.029541e+02
508	1.457258e+01	2.693996e+03	4.283560e+02	4.258725e+02	8.003810e+01	4.285587e+01	1.050208e+02
509	1.460126e+01	2.686209e+03	4.278705e+02	4.246591e+02	8.030222e+01	4.259144e+01	1.078995e+02
510	1.462995e+01	2.672536e+03	4.276145e+02	4.235413e+02	7.994497e+01	4.256401e+01	1.103601e+02
511	1.465863e+01	2.701805e+03	4.271640e+02	4.223004e+02	8.046607e+01	4.275149e+01	1.129724e+02
512	1.468732e+01	2.692464e+03	4.269744e+02	4.211064e+02	8.013831e+01	4.277795e+01	1.161082e+02
513	1.471601e+01	2.699402e+03	4.267566e+02	4.198794e+02	7.977670e+01	4.308258e+01	1.182646e+02
514	1.474469e+01	2.706046e+03	4.267276e+02	4.187333e+02	8.002885e+01	4.305254e+01	1.213423e+02
515	1.477338e+01	2.717314e+03	4.264372e+02	4.173419e+02	8.023692e+01	4.311970e+01	1.241583e+02
516	1.480207e+01	2.689691e+03	4.264434e+02	4.162772e+02	7.950622e+01	4.307362e+01	1.261958e+02
517	1.483075e+01	2.689960e+03	4.264331e+02	4.149016e+02	7.936549e+01	4.315431e+01	1.292896e+02
518	1.485944e+01	2.684721e+03	4.265484e+02	4.136614e+02	7.929652e+01	4.310773e+01	1.319964e+02
519	1.488812e+01	2.712977e+03	4.266422e+02	4.123586e+02	7.962118e+01	4.338380e+01	1.345230e+02
520	1.491681e+01	2.704162e+03	4.267965e+02	4.111305e+02	7.921322e+01	4.346555e+01	1.376313e+02
521	1.494550e+01	2.696286e+03	4.271172e+02	4.100657e+02	7.925829e+01	4.331430e+01	1.401556e+02
522	1.497418e+01	2.715999e+03	4.273141e+02	4.087567e+02	7.935497e+01	4.357783e+01	1.430894e+02
523	1.500287e+01	2.685895e+03	4.276700e+02	4.077518e+02	7.918147e+01	4.318925e+01	1.457048e+02
524	1.503155e+01	2.699971e+03	4.280403e+02	4.065937e+02	7.926476e+01	4.336997e+01	1.481375e+02
525	1.506024e+01	2.701275e+03	4.284159e+02	4.052147e+02	7.930179e+01	4.337064e+01	1.514562e+02
526	1.508893e+01	2.705743e+03	4.289612e+02	4.041218e+02	7.956704e+01	4.329756e+01	1.542917e+02
527	1.511761e+01	2.716802e+03	4.294447e+02	4.029336e+02	7.961204e+01	4.344995e+01	1.564489e+02
528	1.514630e+01	2.709845e+03	4.301521e+02	4.018162e+02	7.946617e+01	4.341824e+01	1.594521e+02
529	1.517499e+01	2.712479e+03	4.309240e+02	4.009170e+02	7.928069e+01	4.356212e+01	1.622607e+02
530	1.520367e+01	2.704388e+03	4.314764e+02	3.998504e+02	7.920120e+01	4.347578e+01	1.648965e+02
531	1.523236e+01	2.701938e+03	4.322271e+02	3.989956e+02	7.920971e+01	4.343173e+01	1.678761e+02
532	1.526104e+01	2.687337e+03	4.330798e+02	3.980154e+02	7.905669e+01	4.328064e+01	1.708943e+02
533	1.528973e+01	2.707900e+03	4.339618e+02	3.972276e+02	7.926071e+01	4.349956e+01	1.734298e+02
534	1.531842e+01	2.693447e+03	4.349070e+02	3.963570e+02	7.870648e+01	4.357206e+01	1.760686e+02
535	1.534710e+01	2.666779e+03	4.357788e+02	3.956119e+02	7.852904e+01	4.323813e+01	1.789869e+02
536	1.537579e+01	2.682822e+03	4.369115e+02	3.946029e+02	7.881953e+01	4.333793e+01	1.684731e+00
537	1.540448e+01	2.692469e+03	4.378785e+02	3.939741e+02	7.883022e+01	4.348787e+01	4.769793e+00
538	1.543316e+01	2.680514e+03	4.389352e+02	3.931801e+02	7.884998e+01	4.328392e+01	7.549503e+00
539	1.546185e+01	2.724575e+03	4.400337e+02	3.927046e+02	7.983136e+01	4.345456e+01	1.155318e+01
540	1.549053e+01	2.704716e+03	4.411239e+02	3.919673e+02	7.864394e+01	4.378914e+01	1.364285e+01
541	1.551922e+01	2.695617e+03	4.423950e+02	3.913442e+02	7.901146e+01	4.343885e+01	1.653074e+01
542	1.554791e+01	2.696294e+03	4.436066e+02	3.909093e+02	7.925848e+01	4.331433e+01	1.949153e+01
543	1.557659e+01	2.704301e+03	4.447502e+02	3.905174e+02	7.883372e+01	4.367703e+01	2.216357e+01
544	1.560528e+01	2.706751e+03	4.461310e+02	3.901480e+02	7.948472e+01	4.335855e+01	2.523924e+01
545	1.563396e+01	2.729645e+03	4.469922e+02	3.899183e+02	7.858053e+01	4.422842e+01	2.870403e+01
546	1.566265e+01	2.694068e+03	4.484666e+02	3.898031e+02	7.888255e+01	4.348482e+01	3.161378e+01
547	1.569134e+01	2.692092e+03	4.497741e+02	3.896866e+02	7.895157e+01	4.341495e+01	3.448166e+01
548	1.572002e+01	2.681730e+03	4.509042e+02	3.897022e+02	7.904540e+01	4.319650e+01	3.697210e+01
549	1.574871e+01	2.688440e+03	4.523238e+02	3.895847e+02	7.911224e+01	4.326800e+01	3.993761e+01
550	1.577740e+01	2.682982e+03	4.533987e+02	3.896440e+02	7.898922e+01	4.324740e+01	4.245984e+01
551	1.580608e+01	2.683613e+03	4.548060e+02	3.897137e+02	7.889352e+01	4.331005e+01	4.559783e+01
552	1.583477e+01	2.674253e+03	4.561383e+02	3.898581e+02	7.894260e+01	4.313215e+01	4.788329e+01
553	1.586345e+01	2.679916e+03	4.573725e+02	3.900898e+02	7.880391e+01	4.329956e+01	5.116079e+01
554	1.589214e+01	2.676919e+03	4.585648e+02	3.903975e+02	7.933919e+01	4.295935e+01	5.424428e+01
555	1.592083e+01	2.691771e+03	4.597875e+02	3.907404e+02	7.943977e+01	4.314299e+01	5.685785e+01
556	1.594951e+01	2.688694e+03	4.609487e+02	3.910550e+02	7.958678e+01	4.301407e+01	5.952756e+01
557	1.597820e+01	2.695084e+03	4.622501e+02	3.915091e+02	7.972311e+01	4.304257e+01	6.243912e+01
558	1.600688e+01	2.688322e+03	4.634665e+02	3.921037e+02	8.003064e+01	4.276960e+01	6.524830e+01
559	1.603557e+01	2.687410e+03	4.644211e+02	3.927257e+02	7.999076e+01	4.277639e+01	6.807768e+01
560	1.606426e+01	2.681520e+03	4.656280e+02	3.932764e+02	7.982045e+01	4.277371e+01	7.094784e+01
561	1.609294e+01	2.684389e+03	4.667834e+02	3.939186e+02	8.016130e+01	4.263741e+01	7.354855e+01
562	1.612163e+01	2.676234e+03	4.678032e+02	3.947544e+02	8.016270e+01	4.250714e+01	7.642334e+01
563	1.615032e+01	2.679156e+03	4.688075e+02	3.955341e+02	8.002615e+01	4.262615e+01	7.887863e+01
564	1.617900e+01	2.688283e+03	4.698413e+02	3.963678e+02	8.045084e+01	4.254559e+01	8.155640e+01
565	1.620769e+01	2.695765e+03	4.707505e+02	3.972133e+02	8.065402e+01	4.255652e+01	8.408614e+01
566	1.623637e+01	2.682253e+03	4.715996e+02	3.983274e+02	8.055766e+01	4.239386e+01	8.689785e+01
567	1.626506e+01	2.700290e+03	4.724450e+02	3.992622e+02	8.082161e+01	4.253957e+01	8.961053e+01
568	1.629375e+01	2.691139e+03	4.731260e+02	4.002759e+02	8.067651e+01	4.247165e+01	9.211386e+01
569	1.632243e+01	2.675554e+03	4.738300e+02	4.014005e+02	8.024080e+01	4.245497e+01	9.483321e+01
570	1.635112e+01	2.676059e+03	4.745343e+02	4.024155e+02	8.043073e+01	4.236271e+01	9.701936e+01
571	1.637980e+01	2.674518e+03	4.752572e+02	4.035652e+02	8.028592e+01	4.241468e+01	9.956918e+01
572	1.640849e+01	2.663559e+03	4.757979e+02	4.048220e+02	8.012984e+01	4.232317e+01	1.024401e+02
573	1.643718e+01	2.670006e+03	4.763832e+02	4.059066e+02	8.003513e+01	4.247581e+01	1.051359e+02
574	1.646586e+01	2.682165e+03	4.768416e+02	4.072159e+02	8.047078e+01	4.243825e+01	1.077360e+02
575	1.649455e+01	2.665756e+03	4.773398e+02	4.083827e+02	7.992532e+01	4.246647e+01	1.102997e+02
576	1.652324e+01	2.670265e+03	4.775179e+02	4.095714e+02	7.993435e+01	4.253349e+01	1.127878e+02
577	1.655192e+01	2.679800e+03	4.778730e+02	4.109243e+02	7.984748e+01	4.273181e+01	1.157955e+02
578	1.658061e+01	2.683583e+03	4.780446e+02	4.120471e+02	8.005231e+01	4.268263e+01	1.188713e+02
579	1.660929e+01	2.736551e+03	4.776551e+02	4.134890e+02	7.933499e+01	4.391864e+01	1.194956e+02
580	1.663798e+01	2.676139e+03	4.783758e+02	4.146791e+02	7.964655e+01	4.278109e+01	1.238281e+02
581	1.666667e+01	2.677883e+03	4.785059e+02	4.158949e+02	7.958767e+01	4.284063e+01	1.261974e+02
582	1.669535e+01	2.679632e+03	4.784091e+02	4.170349e+02	7.913387e+01	4.311446e+01	1.294172e+02
583	1.672404e+01	2.689260e+03	4.785461e+02	4.184456e+02	7.961518e+01	4.300779e+01	1.315330e+02
584	1.675273e+01	2.653709e+03	4.784093e+02	4.199011e+02	7.925034e+01	4.263461e+01	1.337369e+02
585	1.678141e+01	2.646345e+03	4.784878e+02	4.213488e+02	7.862191e+01	4.285614e+01	1.366531e+02
586	1.681010e+01	2.635382e+03	4.783099e+02	4.227821e+02	7.869287e+01	4.264010e+01	1.388605e+02
587	1.683878e+01	2.683936e+03	4.778507e+02	4.237424e+02	7.954365e+01	4.296124e+01	1.413390e+02
588	1.686747e+01	2.672019e+03	4.776822e+02	4.250179e+02	7.909942e+01	4.301068e+01	1.446735e+02
589	1.689616e+01	2.688864e+03	4.773334e+02	4.263774e+02	7.945213e+01	4.308969e+01	1.475493e+02
590	1.692484e+01	2.669086e+03	4.767820e+02	4.275195e+02	7.913026e+01	4.294673e+01	1.506580e+02
591	1.695353e+01	2.693657e+03	4.762692e+02	4.287256e+02	7.967673e+01	4.304483e+01	1.532649e+02
592	1.698221e+01	2.675878e+03	4.756556e+02	4.297993e+02	7.938917e+01	4.291560e+01	1.555301e+02
593	1.701090e+01	2.685060e+03	4.752449e+02	4.310618e+02	7.929606e+01	4.311342e+01	1.588843e+02
594	1.703959e+01	2.679567e+03	4.745911e+02	4.323983e+02	7.893655e+01	4.322118e+01	1.609601e+02
595	1.706827e+01	2.696292e+03	4.737322e+02	4.332202e+02	7.947915e+01	4.319404e+01	1.638832e+02
596	1.709696e+01	2.675295e+03	4.731369e+02	4.344220e+02	7.896693e+01	4.313566e+01	1.667677e+02
597	1.712565e+01	2.691922e+03	4.723329e+02	4.353734e+02	7.909433e+01	4.333384e+01	1.693038e+02
598	1.715433e+01	2.670180e+03	4.716309e+02	4.363350e+02	7.902393e+01	4.302214e+01	1.724722e+02
599	1.718302e+01	2.684661e+03	4.707732e+02	4.372242e+02	7.876115e+01	4.339978e+01	1.755579e+02
600	1.721170e+01	2.688570e+03	4.699379e+02	4.384405e+02	7.892759e+01	4.337131e+01	1.784804e+02
601	1.724039e+01	2.686633e+03	4.689230e+02	4.393209e+02	7.891915e+01	4.334471e+01	1.015237e+00
602	1.726908e+01	2.691853e+03	4.679391e+02	4.399864e+02	7.873839e+01	4.352863e+01	3.718392e+00
603	1.729776e+01	2.701231e+03	4.669237e+02	4.406050e+02	7.889258e+01	4.359490e+01	6.652968e+00
604	1.732645e+01	2.694472e+03	4.658358e+02	4.410963e+02	7.918499e+01	4.332523e+01	9.533496e+00
605	1.735513e+01	2.689274e+03	4.646258e+02	4.420100e+02	7.874274e+01	4.348451e+01	1.237124e+01
606	1.738382e+01	2.710764e+03	4.635061e+02	4.424301e+02	7.868597e+01	4.386362e+01	1.574263e+01
607	1.741251e+01	2.720403e+03	4.624424e+02	4.430238e+02	7.934504e+01	4.365395e+01	1.882155e+01
608	1.744119e+01	2.737372e+03	4.612585e+02	4.430201e+02	7.930849e+01	4.394649e+01	2.032156e+01
609	1.746988e+01	2.693736e+03	4.601322e+02	4.438020e+02	7.895309e+01	4.344062e+01	2.396780e+01
610	1.749857e+01	2.690332e+03	4.588416e+02	4.442637e+02	7.886472e+01	4.343433e+01	2.700752e+01
611	1.752725e+01	2.692945e+03	4.576165e+02	4.444277e+02	7.877960e+01	4.352351e+01	3.021752e+01
612	1.755594e+01	2.703940e+03	4.564910e+02	4.446566e+02	7.931490e+01	4.340627e+01	3.302974e+01
613	1.758462e+01	2.707980e+03	4.553048e+02	4.447132e+02	7.957310e+01	4.333007e+01	3.561242e+01
614	1.761331e+01	2.710928e+03	4.539698e+02	4.447084e+02	7.953700e+01	4.339692e+01	3.852718e+01
615	1.764200e+01	2.719721e+03	4.526718e+02	4.447584e+02	7.973256e+01	4.343089e+01	4.196131e+01
616	1.767068e+01	2.701718e+03	4.514168e+02	4.448376e+02	7.941299e+01	4.331702e+01	4.427441e+01
617	1.769937e+01	2.701558e+03	4.502479e+02	4.446232e+02	7.943185e+01	4.330417e+01	4.690448e+01
618	1.772806e+01	2.686397e+03	4.491621e+02	4.443990e+02	7.927401e+01	4.314688e+01	4.975191e+01
619	1.775674e+01	2.705554e+03	4.478771e+02	4.441860e+02	7.949828e+01	4.333199e+01	5.259938e+01
620	1.778543e+01	2.688105e+03	4.467155e+02	4.438675e+02	7.949637e+01	4.305357e+01	5.556435e+01
621	1.781411e+01	2.693616e+03	4.454539e+02	4.434658e+02	7.973173e+01	4.301447e+01	5.827069e+01
622	1.784280e+01	2.709310e+03	4.443466e+02	4.429850e+02	7.996546e+01	4.313863e+01	6.064280e+01
623	1.787149e+01	2.710797e+03	4.431846e+02	4.425084e+02	8.020591e+01	4.303292e+01	6.352744e+01
624	1.790017e+01	2.702056e+03	4.420596e+02	4.419697e+02	8.030597e+01	4.284070e+01	6.656448e+01
625	1.792886e+01	2.704334e+03	4.409918e+02	4.414448e+02	8.029753e+01	4.288133e+01	6.885443e+01
626	1.795754e+01	2.696924e+03	4.399322e+02	4.408462e+02	8.023802e+01	4.279556e+01	7.164829e+01
627	1.798623e+01	2.694767e+03	4.389306e+02	4.400484e+02	8.028696e+01	4.273527e+01	7.414106e+01
628	1.801492e+01	2.696932e+03	4.378054e+02	4.394789e+02	8.059942e+01	4.260379e+01	7.681049e+01
629	1.804360e+01	2.716186e+03	4.369800e+02	4.387522e+02	8.096453e+01	4.271445e+01	7.932242e+01
630	1.807229e+01	2.703434e+03	4.359698e+02	4.379165e+02	8.065967e+01	4.267459e+01	8.201624e+01
631	1.810098e+01	2.690164e+03	4.350312e+02	4.369322e+02	8.072609e+01	4.243019e+01	8.470102e+01
632	1.812966e+01	2.704848e+03	4.340043e+02	4.360161e+02	8.129981e+01	4.236073e+01	8.741728e+01
633	1.815835e+01	2.694527e+03	4.332820e+02	4.351776e+02	8.078976e+01	4.246551e+01	8.978899e+01
634	1.818703e+01	2.700025e+03	4.326494e+02	4.342070e+02	8.031269e+01	4.280492e+01	9.261738e+01
635	1.821572e+01	2.696367e+03	4.318830e+02	4.331145e+02	8.074023e+01	4.252058e+01	9.509863e+01
636	1.824441e+01	2.685554e+03	4.313160e+02	4.321569e+02	8.028625e+01	4.258952e+01	9.809516e+01
637	1.827309e+01	2.696091e+03	4.306892e+02	4.310877e+02	8.026601e+01	4.276741e+01	1.005453e+02
638	1.830178e+01	2.692598e+03	4.300047e+02	4.300733e+02	8.039320e+01	4.264444e+01	1.028144e+02
639	1.833046e+01	2.688759e+03	4.296450e+02	4.289184e+02	8.026400e+01	4.265217e+01	1.054637e+02
640	1.835915e+01	2.696453e+03	4.291302e+02	4.277061e+02	8.036991e+01	4.271785e+01	1.078488e+02
641	1.838784e+01	2.702588e+03	4.287543e+02	4.265443e+02	8.011892e+01	4.294918e+01	1.106040e+02
642	1.841652e+01	2.694114e+03	4.283854e+02	4.253714e+02	8.006171e+01	4.284511e+01	1.132090e+02
643	1.844521e+01	2.695024e+03	4.280473e+02	4.241655e+02	7.976619e+01	4.301836e+01	1.158305e+02
644	1.847390e+01	2.686566e+03	4.279547e+02	4.229955e+02	7.954874e+01	4.300058e+01	1.182643e+02
645	1.850258e+01	2.693876e+03	4.277249e+02	4.217194e+02	7.988734e+01	4.293484e+01	1.207114e+02
646	1.853127e+01	2.690727e+03	4.277133e+02	4.205092e+02	7.961604e+01	4.303077e+01	1.234980e+02
647	1.855995e+01	2.704963e+03	4.274748e+02	4.189592e+02	7.990039e+01	4.310450e+01	1.265251e+02
648	1.858864e+01	2.706262e+03	4.274124e+02	4.178728e+02	7.970833e+01	4.322910e+01	1.290120e+02
649	1.861733e+01	2.692157e+03	4.274730e+02	4.165273e+02	7.927911e+01	4.323663e+01	1.312965e+02
650	1.864601e+01	2.694632e+03	4.276394e+02	4.153051e+02	7.942691e+01	4.319584e+01	1.341626e+02
651	1.867470e+01	2.678411e+03	4.279423e+02	4.141643e+02	7.896033e+01	4.318953e+01	1.367793e+02
652	1.870338e+01	2.716358e+03	4.279726e+02	4.127431e+02	7.956648e+01	4.346773e+01	1.395366e+02
653	1.873207e+01	2.711091e+03	4.281517e+02	4.114934e+02	7.954330e+01	4.339609e+01	1.423616e+02
654	1.876076e+01	2.708604e+03	4.284851e+02	4.101637e+02	7.939442e+01	4.343759e+01	1.454825e+02
655	1.878944e+01	2.707820e+03	4.289589e+02	4.091211e+02	7.951959e+01	4.335666e+01	1.476586e+02
656	1.881813e+01	2.717278e+03	4.294904e+02	4.080952e+02	7.945351e+01	4.354428e+01	1.503394e+02
657	1.884682e+01	2.716919e+03	4.299360e+02	4.068090e+02	7.960670e+01	4.345475e+01	1.537713e+02
658	1.887550e+01	2.710232e+03	4.304911e+02	4.058784e+02	7.902759e+01	4.366545e+01	1.559520e+02
659	1.890419e+01	2.702808e+03	4.311664e+02	4.047055e+02	7.924964e+01	4.342382e+01	1.585829e+02
660	1.893287e+01	2.710601e+03	4.317935e+02	4.038288e+02	7.898591e+01	4.369444e+01	1.618694e+02
661	1.896156e+01	2.712722e+03	4.324145e+02	4.026007e+02	7.934699e+01	4.352963e+01	1.641666e+02
662	1.899025e+01	2.685450e+03	4.331920e+02	4.018076e+02	7.899191e+01	4.328572e+01	1.669756e+02
663	1.901893e+01	2.692390e+03	4.339979e+02	4.007657e+02	7.886945e+01	4.346496e+01	1.696016e+02
664	1.904762e+01	2.683808e+03	4.348791e+02	4.000435e+02	7.867561e+01	4.343315e+01	1.726966e+02
665	1.907631e+01	2.706517e+03	4.356619e+02	3.988653e+02	7.899170e+01	4.362540e+01	1.754326e+02
666	1.910499e+01	2.690076e+03	4.366525e+02	3.979746e+02	7.923193e+01	4.322893e+01	1.786198e+02
667	1.913368e+01	2.679142e+03	4.375563e+02	3.972680e+02	7.876538e+01	4.330823e+01	9.245852e-01
668	1.916236e+01	2.703855e+03	4.385962e+02	3.964681e+02	7.929691e+01	4.341475e+01	4.020828e+00
669	1.919105e+01	2.697552e+03	4.397182e+02	3.957932e+02	7.916727e+01	4.338448e+01	6.764071e+00
670	1.921974e+01	2.697498e+03	4.407716e+02	3.952561e+02	7.888316e+01	4.353986e+01	9.967784e+00
671	1.924842e+01	2.695401e+03	4.417876e+02	3.946586e+02	7.872354e+01	4.359422e+01	1.253508e+01
672	1.927711e+01	2.683674e+03	4.429266e+02	3.940890e+02	7.917899e+01	4.315488e+01	1.521383e+01
673	1.930579e+01	2.704513e+03	4.441165e+02	3.935706e+02	7.921630e+01	4.346950e+01	1.854399e+01
674	1.933448e+01	2.677435e+03	4.453950e+02	3.931684e+02	7.885811e+01	4.322974e+01	2.125298e+01
675	1.936317e+01	2.701339e+03	4.465442e+02	3.928038e+02	7.921027e+01	4.342179e+01	2.493281e+01
676	1.939185e+01	2.698636e+03	4.476497e+02	3.926086e+02	7.903156e+01	4.347643e+01	2.773260e+01
677	1.942054e+01	2.692444e+03	4.488971e+02	3.923180e+02	7.900993e+01	4.338854e+01	3.086291e+01
678	1.944923e+01	2.693260e+03	4.503221e+02	3.921015e+02	7.899312e+01	4.341093e+01	3.374197e+01
679	1.947791e+01	2.691034e+03	4.514966e+02	3.920826e+02	7.894957e+01	4.339898e+01	3.685709e+01
680	1.950660e+01	2.692920e+03	4.527724e+02	3.920000e+02	7.907316e+01	4.336152e+01	3.968998e+01
681	1.953528e+01	2.681534e+03	4.540259e+02	3.920969e+02	7.888921e+01	4.327886e+01	4.234829e+01
682	1.956397e+01	2.690507e+03	4.553741e+02	3.921346e+02	7.899687e+01	4.336449e+01	4.548357e+01
683	1.959266e+01	2.701035e+03	4.565340e+02	3.922975e+02	7.948685e+01	4.326583e+01	4.860411e+01
684	1.962134e+01	2.684839e+03	4.579003e+02	3.924752e+02	7.933514e+01	4.308863e+01	5.108763e+01
685	1.965003e+01	2.687629e+03	4.591173e+02	3.928162e+02	7.939709e+01	4.309976e+01	5.387737e+01
686	1.967871e+01	2.690428e+03	4.603943e+02	3.932060e+02	7.964377e+01	4.301102e+01	5.684737e+01
687	1.970740e+01	2.688546e+03	4.615314e+02	3.936586e+02	7.977795e+01	4.290865e+01	5.959203e+01
688	1.973609e+01	2.691611e+03	4.626383e+02	3.940826e+02	7.976011e+01	4.296716e+01	6.238068e+01
689	1.976477e+01	2.695902e+03	4.638470e+02	3.945289e+02	7.966521e+01	4.308692e+01	6.507347e+01
690	1.979346e+01	2.683509e+03	4.650399e+02	3.951546e+02	7.982359e+01	4.280376e+01	6.770754e+01
691	1.982215e+01	2.683861e+03	4.661580e+02	3.957781e+02	7.979110e+01	4.282680e+01	7.095498e+01
692	1.985083e+01	2.693788e+03	4.672453e+02	3.964671e+02	8.043029e+01	4.264360e+01	7.322178e+01
693	1.987952e+01	2.684675e+03	4.681504e+02	3.972960e+02	8.006523e+01	4.269312e+01	7.597902e+01
694	1.990820e+01	2.695306e+03	4.693573e+02	3.979414e+02	8.058874e+01	4.258374e+01	7.829578e+01
695	1.993689e+01	2.678370e+03	4.702646e+02	3.988951e+02	8.030989e+01	4.246309e+01	8.106986e+01
696	1.996558e+01	2.696298e+03	4.712111e+02	3.997317e+02	8.061287e+01	4.258666e+01	8.408737e+01
697	1.999426e+01	2.674235e+03	4.722568e+02	4.007025e+02	8.009003e+01	4.251393e+01	8.666199e+01
698	2.002295e+01	2.690306e+03	4.730404e+02	4.016830e+02	8.071697e+01	4.243723e+01	8.928806e+01
699	2.005164e+01	2.687226e+03	4.737824e+02	4.027098e+02	8.042032e+01	4.254500e+01	9.208112e+01
700	2.008032e+01	2.681050e+03	4.745267e+02	4.037125e+02	8.062251e+01	4.234076e+01	9.469779e+01
701	2.010901e+01	2.675482e+03	4.752821e+02	4.048142e+02	8.048036e+01	4.232746e+01	9.711600e+01
702	2.013769e+01	2.679315e+03	4.758661e+02	4.059242e+02	8.031683e+01	4.247441e+01	1.002566e+02
703	2.016638e+01	2.677497e+03	4.764752e+02	4.071479e+02	8.042572e+01	4.238811e+01	1.027522e+02
704	2.019507e+01	2.678342e+03	4.769654e+02	4.083103e+02	8.032314e+01	4.245565e+01	1.053591e+02
705	2.022375e+01	2.670583e+03	4.774418e+02	4.095958e+02	8.031993e+01	4.233435e+01	1.078389e+02
706	2.025244e+01	2.663862e+03	4.779242e+02	4.108784e+02	8.014276e+01	4.232116e+01	1.102688e+02
707	2.028112e+01	2.670837e+03	4.783152e+02	4.121675e+02	7.995721e+01	4.253044e+01	1.133320e+02
708	2.030981e+01	2.677863e+03	4.785480e+02	4.133333e+02	7.999693e+01	4.262115e+01	1.157123e+02
709	2.033850e+01	2.679768e+03	4.787044e+02	4.145913e+02	7.971500e+01	4.280232e+01	1.188138e+02
710	2.036718e+01	2.675269e+03	4.788021e+02	4.158002e+02	7.959648e+01	4.279408e+01	1.213034e+02
711	2.039587e+01	2.668001e+03	4.792224e+02	4.171698e+02	7.918174e+01	4.290136e+01	1.239277e+02
712	2.042456e+01	2.680084e+03	4.791960e+02	4.182503e+02	7.903773e+01	4.317418e+01	1.264740e+02
713	2.045324e+01	2.665618e+03	4.794128e+02	4.198368e+02	7.904676e+01	4.293624e+01	1.289818e+02
714	2.048193e+01	2.664850e+03	4.792450e+02	4.211075e+02	7.929595e+01	4.278898e+01	1.316087e+02
715	2.051061e+01	2.651277e+03	4.792678e+02	4.223845e+02	7.850046e+01	4.300243e+01	1.344321e+02
716	2.053930e+01	2.632865e+03	4.793375e+02	4.239069e+02	7.835582e+01	4.278263e+01	1.361728e+02
717	2.056799e+01	2.666545e+03	4.790072e+02	4.249103e+02	7.924809e+01	4.284205e+01	1.390224e+02
718	2.059667e+01	2.665087e+03	4.788401e+02	4.261371e+02	7.893726e+01	4.298724e+01	1.418718e+02
719	2.062536e+01	2.665918e+03	4.786992e+02	4.277143e+02	7.948682e+01	4.270334e+01	1.440440e+02
720	2.065404e+01	2.687490e+03	4.781873e+02	4.285464e+02	7.997469e+01	4.278627e+01	1.468226e+02
721	2.068273e+01	2.674933e+03	4.779100e+02	4.299136e+02	7.922746e+01	4.298801e+01	1.496208e+02
722	2.071142e+01	2.678413e+03	4.775279e+02	4.312249e+02	7.932493e+01	4.299105e+01	1.524687e+02
723	2.074010e+01	2.677543e+03	4.770003e+02	4.324354e+02	7.895087e+01	4.318069e+01	1.548994e+02
724	2.076879e+01	2.671328e+03	4.764811e+02	4.337261e+02	7.894978e+01	4.308107e+01	1.573001e+02
725	2.079748e+01	2.673420e+03	4.758832e+02	4.348697e+02	7.913306e+01	4.301494e+01	1.604229e+02
726	2.082616e+01	2.696764e+03	4.750466e+02	4.357842e+02	7.912033e+01	4.339752e+01	1.625150e+02
727	2.085485e+01	2.681430e+03	4.744700e+02	4.370634e+02	7.862187e+01	4.342433e+01	1.655804e+02
728	2.088353e+01	2.687774e+03	4.737783e+02	4.380168e+02	7.900932e+01	4.331362e+01	1.682776e+02
729	2.091222e+01	2.669323e+03	4.726682e+02	4.394001e+02	7.860934e+01	4.323516e+01	1.709387e+02
730	2.094091e+01	2.679416e+03	4.718853e+02	4.401701e+02	7.870809e+01	4.334419e+01	1.738462e+02
731	2.096959e+01	2.675486e+03	4.709413e+02	4.413107e+02	7.898870e+01	4.312685e+01	1.769149e+02
732	2.099828e+01	2.681165e+03	4.701924e+02	4.417369e+02	7.905958e+01	4.317965e+01	1.797786e+02
733	2.102697e+01	2.682315e+03	4.691848e+02	4.425981e+02	7.896394e+01	4.325049e+01	2.853276e+00
734	2.105565e+01	2.689302e+03	4.681063e+02	4.432068e+02	7.871800e+01	4.349864e+01	5.877204e+00
735	2.108434e+01	2.708715e+03	4.671724e+02	4.439999e+02	7.887909e+01	4.372316e+01	8.890633e+00
736	2.111302e+01	2.697911e+03	4.660538e+02	4.446857e+02	7.864756e+01	4.367696e+01	1.173027e+01
737	2.114171e+01	2.707363e+03	4.648603e+02	4.452634e+02	7.861082e+01	4.385047e+01	1.440087e+01
738	2.117040e+01	2.703968e+03	4.636885e+02	4.457662e+02	7.931669e+01	4.340574e+01	1.687974e+01
739	2.119908e+01	2.703036e+03	4.625914e+02	4.462998e+02	7.924593e+01	4.342951e+01	2.042532e+01
740	2.122777e+01	2.715924e+03	4.615219e+02	4.464962e+02	7.935358e+01	4.357740e+01	2.323830e+01
741	2.125645e+01	2.704343e+03	4.602207e+02	4.469686e+02	7.926995e+01	4.343735e+01	2.614535e+01
742	2.128514e+01	2.697031e+03	4.589459e+02	4.472572e+02	7.863000e+01	4.367247e+01	2.859103e+01
743	2.131383e+01	2.710130e+03	4.578424e+02	4.474181e+02	7.931197e+01	4.350724e+01	3.150594e+01
744	2.134251e+01	2.700828e+03	4.564935e+02	4.476618e+02	7.898361e+01	4.353817e+01	3.420091e+01
745	2.137120e+01	2.699892e+03	4.553465e+02	4.477297e+02	7.919078e+01	4.340920e+01	3.725802e+01
746	2.139989e+01	2.720495e+03	4.540714e+02	4.478314e+02	7.985865e+01	4.337465e+01	4.017849e+01
747	2.142857e+01	2.699901e+03	4.530660e+02	4.475975e+02	7.953641e+01	4.322073e+01	4.265022e+01
748	2.145726e+01	2.711675e+03	4.517984e+02	4.475873e+02	7.956171e+01	4.339539e+01	4.544487e+01
749	2.148594e+01	2.714401e+03	4.504786e+02	4.475327e+02	7.972877e+01	4.334800e+01	4.792835e+01
750	2.151463e+01	2.702687e+03	4.491904e+02	4.473201e+02	7.945142e+01	4.331160e+01	5.117088e+01
751	2.154332e+01	2.692841e+03	4.479642e+02	4.470267e+02	7.940488e+01	4.317910e+01	5.403325e+01
752	2.157200e+01	2.700663e+03	4.467453e+02	4.466434e+02	7.977638e+01	4.310286e+01	5.705805e+01
753	2.160069e+01	2.708205e+03	4.455060e+02	4.462869e+02	8.006587e+01	4.306696e+01	5.953745e+01
754	2.162937e+01	2.706266e+03	4.444365e+02	4.457923e+02	8.018394e+01	4.297276e+01	6.211877e+01
755	2.165806e+01	2.707855e+03	4.432762e+02	4.453035e+02	8.012392e+01	4.303019e+01	6.484413e+01
756	2.168675e+01	2.718474e+03	4.421207e+02	4.447288e+02	8.050029e+01	4.299697e+01	6.747455e+01
757	2.171543e+01	2.712201e+03	4.409927e+02	4.441155e+02	8.059379e+01	4.284798e+01	7.031953e+01
758	2.174412e+01	2.692014e+03	4.401329e+02	4.435420e+02	8.070008e+01	4.247305e+01	7.294274e+01
759	2.177281e+01	2.698984e+03	4.389203e+02	4.428640e+02	8.043687e+01	4.272236e+01	7.547613e+01
760	2.180149e+01	2.694758e+03	4.378643e+02	4.421668e+02	8.055991e+01	4.259032e+01	7.840166e+01
761	2.183018e+01	2.691252e+03	4.370408e+02	4.413736e+02	8.076630e+01	4.242622e+01	8.059748e+01
762	2.185886e+01	2.697202e+03	4.359988e+02	4.405183e+02	8.043135e+01	4.269708e+01	8.339722e+01
763	2.188755e+01	2.702517e+03	4.350951e+02	4.395573e+02	8.065842e+01	4.266079e+01	8.609980e+01
764	2.191624e+01	2.679680e+03	4.343229e+02	4.387472e+02	8.043822e+01	4.241608e+01	8.872880e+01
765	2.194492e+01	2.694500e+03	4.335477e+02	4.377160e+02	8.059525e+01	4.256757e+01	9.113492e+01
766	2.197361e+01	2.692682e+03	4.329213e+02	4.366881e+02	8.081484e+01	4.242326e+01	9.337182e+01
767	2.200229e+01	2.687781e+03	4.321394e+02	4.356860e+02	8.055374e+01	4.248330e+01	9.606841e+01
768	2.203098e+01	2.686190e+03	4.315469e+02	4.346083e+02	8.036721e+01	4.255669e+01	9.852597e+01
769	2.205967e+01	2.700139e+03	4.309295e+02	4.335179e+02	8.050799e+01	4.270288e+01	1.016946e+02
770	2.208835e+01	2.690603e+03	4.304373e+02	4.324563e+02	8.036645e+01	4.262703e+01	1.037666e+02
771	2.211704e+01	2.699162e+03	4.300149e+02	4.312684e+02	8.027547e+01	4.281109e+01	1.066969e+02
772	2.214573e+01	2.694301e+03	4.294893e+02	4.300689e+02	8.009682e+01	4.282929e+01	1.095036e+02
773	2.217441e+01	2.705286e+03	4.291105e+02	4.288578e+02	8.023643e+01	4.292908e+01	1.119738e+02
774	2.220310e+01	2.698658e+03	4.287812e+02	4.276458e+02	8.012585e+01	4.288302e+01	1.145054e+02
775	2.223178e+01	2.697780e+03	4.287755e+02	4.265057e+02	7.969016e+01	4.310344e+01	1.170495e+02
776	2.226047e+01	2.700390e+03	4.285027e+02	4.251727e+02	7.994056e+01	4.301000e+01	1.199048e+02
777	2.228916e+01	2.705577e+03	4.282567e+02	4.239832e+02	7.980069e+01	4.316814e+01	1.227942e+02
778	2.231784e+01	2.699764e+03	4.281384e+02	4.227317e+02	7.964709e+01	4.315846e+01	1.251964e+02
779	2.234653e+01	2.692981e+03	4.281996e+02	4.216067e+02	7.919409e+01	4.329628e+01	1.279623e+02
780	2.237522e+01	2.705240e+03	4.281587e+02	4.201860e+02	7.959219e+01	4.327583e+01	1.309672e+02
781	2.240390e+01	2.707561e+03	4.282912e+02	4.190135e+02	7.987211e+01	4.316117e+01	1.338143e+02
782	2.243259e+01	2.711462e+03	4.284741e+02	4.178011e+02	7.948895e+01	4.343170e+01	1.362914e+02
783	2.246127e+01	2.702008e+03	4.287123e+02	4.164682e+02	7.953431e+01	4.325558e+01	1.392205e+02
784	2.248996e+01	2.708946e+03	4.290142e+02	4.153570e+02	7.943978e+01	4.341826e+01	1.419380e+02
785	2.251865e+01	2.695651e+03	4.292661e+02	4.140075e+02	7.922017e+01	4.332495e+01	1.451240e+02
786	2.254733e+01	2.701946e+03	4.295743e+02	4.128434e+02	7.912582e+01	4.347790e+01	1.473263e+02
787	2.257602e+01	2.702939e+03	4.299993e+02	4.116183e+02	7.928776e+01	4.340504e+01	1.504225e+02
788	2.260470e+01	2.710218e+03	4.304474e+02	4.104210e+02	7.965123e+01	4.332334e+01	1.526325e+02
789	2.263339e+01	2.694147e+03	4.311239e+02	4.094122e+02	7.916800e+01	4.332931e+01	1.556958e+02
790	2.266208e+01	2.706228e+03	4.316259e+02	4.082990e+02	7.938445e+01	4.340493e+01	1.583787e+02
791	2.269076e+01	2.697195e+03	4.321580e+02	4.071437e+02	7.904932e+01	4.344344e+01	1.611416e+02
792	2.271945e+01	2.688490e+03	4.329628e+02	4.061815e+02	7.900733e+01	4.332625e+01	1.642634e+02
793	2.274814e+01	2.692123e+03	4.337185e+02	4.053261e+02	7.919478e+01	4.328212e+01	1.665205e+02
794	2.277682e+01	2.704638e+03	4.344187e+02	4.042471e+02	7.908114e+01	4.354581e+01	1.693983e+02
795	2.280551e+01	2.706383e+03	4.352791e+02	4.033534e+02	7.877682e+01	4.374223e+01	1.716931e+02
796	2.283419e+01	2.703470e+03	4.362036e+02	4.024448e+02	7.918636e+01	4.346916e+01	1.752103e+02
797	2.286288e+01	2.707214e+03	4.371524e+02	4.015622e+02	7.923222e+01	4.350417e+01	1.778921e+02
798	2.289157e+01	2.712537e+03	4.380422e+02	4.007465e+02	7.924560e+01	4.358236e+01	6.164167e-01
799	2.292025e+01	2.701703e+03	4.390525e+02	4.002651e+02	7.885336e+01	4.362420e+01	3.515217e+00
