1	3.041363e-02	2.639694e+03	3.834178e+02	3.843640e+02	7.998607e+01	4.201934e+01	6.961076e+01
2	6.082725e-02	2.651341e+03	3.834611e+02	3.845934e+02	8.000610e+01	4.219419e+01	6.950507e+01
3	9.124088e-02	2.667635e+03	3.832657e+02	3.848668e+02	8.057619e+01	4.215313e+01	6.977684e+01
4	1.216545e-01	2.658922e+03	3.831646e+02	3.849226e+02	8.035597e+01	4.213060e+01	6.949007e+01
5	1.520681e-01	2.672209e+03	3.829278e+02	3.851613e+02	8.075809e+01	4.213029e+01	6.917972e+01
6	1.824818e-01	2.669704e+03	3.828071e+02	3.852687e+02	8.078798e+01	4.207523e+01	6.898434e+01
7	2.128954e-01	2.640886e+03	3.828066e+02	3.854793e+02	8.015931e+01	4.194748e+01	6.840527e+01
8	2.433090e-01	2.657080e+03	3.826082e+02	3.857402e+02	8.050329e+01	4.202437e+01	6.867739e+01
9	2.737226e-01	2.663240e+03	3.826391e+02	3.858260e+02	8.021480e+01	4.227327e+01	6.799285e+01
10	3.041363e-01	2.673582e+03	3.823921e+02	3.860969e+02	8.075546e+01	4.215332e+01	6.753767e+01
11	3.345499e-01	2.680953e+03	3.823075e+02	3.863442e+02	8.077247e+01	4.226062e+01	6.742426e+01
12	3.649635e-01	2.654774e+03	3.824048e+02	3.863922e+02	8.024213e+01	4.212455e+01	6.722820e+01
13	3.953771e-01	2.675575e+03	3.818781e+02	3.867492e+02	8.094570e+01	4.208560e+01	6.722470e+01
14	4.257908e-01	2.658914e+03	3.817477e+02	3.869973e+02	8.031332e+01	4.215284e+01	6.720142e+01
15	4.562044e-01	2.647240e+03	3.817837e+02	3.870700e+02	7.984063e+01	4.221623e+01	6.688613e+01
16	4.866180e-01	2.646444e+03	3.817068e+02	3.872258e+02	8.006907e+01	4.208313e+01	6.643297e+01
17	5.170316e-01	2.662369e+03	3.817111e+02	3.873701e+02	8.017484e+01	4.228051e+01	6.628067e+01
18	5.474453e-01	2.652501e+03	3.814305e+02	3.875718e+02	7.990665e+01	4.226519e+01	6.612792e+01
19	5.778589e-01	2.634244e+03	3.810460e+02	3.877771e+02	7.957825e+01	4.214749e+01	6.596180e+01
20	6.082725e-01	2.656223e+03	3.810684e+02	3.878351e+02	7.989956e+01	4.232824e+01	6.596368e+01
21	6.386861e-01	2.641908e+03	3.809738e+02	3.879784e+02	7.982806e+01	4.213784e+01	6.532735e+01
22	6.690998e-01	2.641327e+03	3.807113e+02	3.882357e+02	7.975677e+01	4.216623e+01	6.574229e+01
23	6.995134e-01	2.663613e+03	3.807654e+02	3.884043e+02	8.007204e+01	4.235458e+01	6.552666e+01
24	7.299270e-01	2.643169e+03	3.805789e+02	3.886012e+02	7.977411e+01	4.218646e+01	6.498844e+01
25	7.603406e-01	2.677412e+03	3.802159e+02	3.887889e+02	8.056004e+01	4.231610e+01	6.558556e+01
26	7.907543e-01	2.639555e+03	3.805273e+02	3.889212e+02	7.941473e+01	4.231943e+01	6.451178e+01
27	8.211679e-01	2.654125e+03	3.800601e+02	3.890912e+02	7.990406e+01	4.229243e+01	6.458598e+01
28	8.515815e-01	2.655490e+03	3.801346e+02	3.893777e+02	7.982575e+01	4.235570e+01	6.416501e+01
29	8.819951e-01	2.646708e+03	3.799220e+02	3.895587e+02	7.969506e+01	4.228485e+01	6.390208e+01
30	9.124088e-01	2.655722e+03	3.798679e+02	3.896017e+02	7.974924e+01	4.240003e+01	6.354839e+01
31	9.428224e-01	2.657701e+03	3.797418e+02	3.899093e+02	7.984411e+01	4.238121e+01	6.372057e+01
32	9.732360e-01	2.667246e+03	3.797213e+02	3.901181e+02	8.006390e+01	4.241666e+01	6.382553e+01
33	1.003650e+00	2.670601e+03	3.792424e+02	3.903748e+02	8.051993e+01	4.222948e+01	6.365680e+01
34	1.034063e+00	2.658265e+03	3.793489e+02	3.905689e+02	7.975243e+01	4.243893e+01	6.321587e+01
35	1.064477e+00	2.651938e+03	3.793038e+02	3.907675e+02	7.977282e+01	4.232710e+01	6.275104e+01
36	1.094891e+00	2.640979e+03	3.790447e+02	3.909811e+02	7.942444e+01	4.233707e+01	6.233978e+01
37	1.125304e+00	2.642427e+03	3.789146e+02	3.912290e+02	7.973783e+01	4.219381e+01	6.229528e+01
38	1.155718e+00	2.661358e+03	3.788841e+02	3.913072e+02	8.007332e+01	4.231805e+01	6.244879e+01
39	1.186131e+00	2.654226e+03	3.787376e+02	3.915267e+02	8.002265e+01	4.223137e+01	6.230596e+01
40	1.216545e+00	2.649042e+03	3.787018e+02	3.916518e+02	8.005718e+01	4.213070e+01	6.202222e+01
41	1.246959e+00	2.683218e+03	3.781470e+02	3.918634e+02	8.028635e+01	4.255242e+01	6.295246e+01
42	1.277372e+00	2.672300e+03	3.784462e+02	3.920227e+02	8.019383e+01	4.242817e+01	6.237343e+01
43	1.307786e+00	2.678085e+03	3.784534e+02	3.922096e+02	8.042404e+01	4.239831e+01	6.216552e+01
44	1.338200e+00	2.664753e+03	3.782554e+02	3.923953e+02	7.995445e+01	4.243502e+01	6.146579e+01
45	1.368613e+00	2.657524e+03	3.781715e+02	3.925672e+02	7.981436e+01	4.239418e+01	6.151082e+01
46	1.399027e+00	2.651400e+03	3.782499e+02	3.927420e+02	7.978087e+01	4.231424e+01	6.089771e+01
47	1.429440e+00	2.658703e+03	3.782456e+02	3.929461e+02	8.003786e+01	4.229456e+01	6.007691e+01
48	1.459854e+00	2.653208e+03	3.781028e+02	3.930796e+02	7.963857e+01	4.241877e+01	5.975489e+01
49	1.490268e+00	2.679621e+03	3.779240e+02	3.933792e+02	8.012602e+01	4.258041e+01	5.978766e+01
50	1.520681e+00	2.665611e+03	3.781869e+02	3.935439e+02	8.016722e+01	4.233602e+01	5.866151e+01
51	1.551095e+00	2.680791e+03	3.779297e+02	3.936311e+02	7.979160e+01	4.277755e+01	5.884597e+01
52	1.581509e+00	2.658048e+03	3.779792e+02	3.939159e+02	7.958888e+01	4.252267e+01	5.864637e+01
53	1.611922e+00	2.669772e+03	3.778876e+02	3.941475e+02	7.984821e+01	4.257152e+01	5.817637e+01
54	1.642336e+00	2.679630e+03	3.778446e+02	3.942189e+02	8.004713e+01	4.262252e+01	5.799720e+01
55	1.672749e+00	2.660195e+03	3.774604e+02	3.945105e+02	7.962019e+01	4.254028e+01	5.790980e+01
56	1.703163e+00	2.670468e+03	3.774980e+02	3.946839e+02	7.983400e+01	4.259019e+01	5.767448e+01
57	1.733577e+00	2.661882e+03	3.774569e+02	3.948640e+02	7.996602e+01	4.238317e+01	5.771017e+01
58	1.763990e+00	2.669796e+03	3.772279e+02	3.950691e+02	7.980236e+01	4.259636e+01	5.754460e+01
59	1.794404e+00	2.698686e+03	3.774666e+02	3.950694e+02	8.064178e+01	4.260910e+01	5.761804e+01
60	1.824818e+00	2.705233e+03	3.772307e+02	3.953938e+02	8.063267e+01	4.271730e+01	5.793380e+01
61	1.855231e+00	2.648747e+03	3.768814e+02	3.956524e+02	7.921324e+01	4.257482e+01	5.637866e+01
62	1.885645e+00	2.655447e+03	3.767781e+02	3.959289e+02	7.932490e+01	4.262243e+01	5.654963e+01
63	1.916058e+00	2.680334e+03	3.768557e+02	3.960424e+02	8.012215e+01	4.259380e+01	5.669975e+01
64	1.946472e+00	2.657617e+03	3.768132e+02	3.963041e+02	7.948206e+01	4.257292e+01	5.616347e+01
65	1.976886e+00	2.635742e+03	3.765082e+02	3.965551e+02	7.895312e+01	4.250536e+01	5.554311e+01
66	2.007299e+00	2.642960e+03	3.764143e+02	3.967601e+02	7.916489e+01	4.250775e+01	5.542765e+01
67	2.037713e+00	2.646093e+03	3.762762e+02	3.969036e+02	7.961133e+01	4.231948e+01	5.524405e+01
68	2.068127e+00	2.657741e+03	3.763049e+02	3.971707e+02	7.929478e+01	4.267545e+01	5.496101e+01
69	2.098540e+00	2.659516e+03	3.761004e+02	3.973974e+02	7.940324e+01	4.264563e+01	5.524592e+01
70	2.128954e+00	2.663445e+03	3.762683e+02	3.973844e+02	7.968800e+01	4.255602e+01	5.516328e+01
71	2.159367e+00	2.655789e+03	3.761486e+02	3.976193e+02	7.949784e+01	4.253519e+01	5.433672e+01
72	2.189781e+00	2.700301e+03	3.761734e+02	3.978460e+02	8.030026e+01	4.281592e+01	5.537439e+01
73	2.220195e+00	2.656810e+03	3.759398e+02	3.981092e+02	7.957996e+01	4.250763e+01	5.361176e+01
74	2.250608e+00	2.666004e+03	3.756888e+02	3.984185e+02	7.959223e+01	4.264816e+01	5.351149e+01
75	2.281022e+00	2.660898e+03	3.755995e+02	3.985828e+02	7.953162e+01	4.259892e+01	5.341216e+01
76	2.311436e+00	2.666472e+03	3.757280e+02	3.987195e+02	7.944447e+01	4.273497e+01	5.307448e+01
77	2.341849e+00	2.659225e+03	3.756117e+02	3.989737e+02	7.938601e+01	4.265022e+01	5.293598e+01
78	2.372263e+00	2.647589e+03	3.753938e+02	3.991941e+02	7.911071e+01	4.261137e+01	5.237000e+01
79	2.402676e+00	2.672761e+03	3.753371e+02	3.993443e+02	7.954649e+01	4.278083e+01	5.248177e+01
80	2.433090e+00	2.666251e+03	3.752043e+02	3.995958e+02	7.952582e+01	4.268772e+01	5.211498e+01
81	2.463504e+00	2.658267e+03	3.748426e+02	3.999211e+02	7.938137e+01	4.263734e+01	5.207883e+01
82	2.493917e+00	2.672911e+03	3.750685e+02	3.999728e+02	7.956073e+01	4.277558e+01	5.184650e+01
83	2.524331e+00	2.657286e+03	3.748707e+02	4.002641e+02	7.946513e+01	4.257669e+01	5.131479e+01
84	2.554745e+00	2.672038e+03	3.747165e+02	4.004810e+02	7.945931e+01	4.281619e+01	5.150683e+01
85	2.585158e+00	2.666907e+03	3.745370e+02	4.007713e+02	7.926019e+01	4.284132e+01	5.146669e+01
86	2.615572e+00	2.665661e+03	3.745332e+02	4.009932e+02	7.896346e+01	4.298223e+01	5.092560e+01
87	2.645985e+00	2.662391e+03	3.743320e+02	4.011678e+02	7.928977e+01	4.275282e+01	5.101073e+01
88	2.676399e+00	2.679448e+03	3.744079e+02	4.014071e+02	7.952296e+01	4.290055e+01	5.066445e+01
89	2.706813e+00	2.666329e+03	3.742793e+02	4.014935e+02	7.935415e+01	4.278132e+01	5.054677e+01
90	2.737226e+00	2.667787e+03	3.740360e+02	4.017046e+02	7.924742e+01	4.286236e+01	5.031382e+01
91	2.767640e+00	2.678013e+03	3.740661e+02	4.019237e+02	7.946395e+01	4.290943e+01	5.068201e+01
92	2.798054e+00	2.672231e+03	3.740434e+02	4.021309e+02	7.950470e+01	4.279483e+01	4.999910e+01
93	2.828467e+00	2.665080e+03	3.738742e+02	4.024037e+02	7.907973e+01	4.290967e+01	5.034817e+01
94	2.858881e+00	2.674093e+03	3.736429e+02	4.025660e+02	7.944134e+01	4.285881e+01	4.982788e+01
95	2.889294e+00	2.656837e+03	3.736660e+02	4.027433e+02	7.900076e+01	4.281972e+01	4.929001e+01
96	2.919708e+00	2.671652e+03	3.735457e+02	4.029631e+02	7.919946e+01	4.295045e+01	4.931853e+01
97	2.950122e+00	2.658912e+03	3.736098e+02	4.030875e+02	7.926218e+01	4.271182e+01	4.953693e+01
98	2.980535e+00	2.681570e+03	3.736405e+02	4.031425e+02	8.041676e+01	4.245733e+01	4.905592e+01
99	3.010949e+00	2.674210e+03	3.733893e+02	4.036177e+02	7.948742e+01	4.283583e+01	4.921580e+01
100	3.041363e+00	2.663369e+03	3.733656e+02	4.036845e+02	7.935782e+01	4.273186e+01	4.871719e+01
101	3.071776e+00	2.661537e+03	3.731172e+02	4.040798e+02	7.906162e+01	4.286243e+01	4.847949e+01
102	3.102190e+00	2.669855e+03	3.729641e+02	4.042964e+02	7.910062e+01	4.297520e+01	4.853127e+01
103	3.132603e+00	2.660880e+03	3.728319e+02	4.045284e+02	7.922455e+01	4.276373e+01	4.796107e+01
104	3.163017e+00	2.657114e+03	3.728063e+02	4.047993e+02	7.902955e+01	4.280857e+01	4.765829e+01
105	3.193431e+00	2.675215e+03	3.728671e+02	4.048652e+02	7.941589e+01	4.289053e+01	4.741280e+01
106	3.223844e+00	2.676465e+03	3.727569e+02	4.051759e+02	7.938047e+01	4.292971e+01	4.751241e+01
107	3.254258e+00	2.672450e+03	3.727470e+02	4.053996e+02	7.931324e+01	4.290165e+01	4.725590e+01
108	3.284672e+00	2.657530e+03	3.727755e+02	4.056083e+02	7.886968e+01	4.290207e+01	4.648253e+01
109	3.315085e+00	2.664774e+03	3.725378e+02	4.058742e+02	7.901414e+01	4.294036e+01	4.620384e+01
110	3.345499e+00	2.670061e+03	3.724845e+02	4.061449e+02	7.909765e+01	4.298013e+01	4.585105e+01
111	3.375912e+00	2.678137e+03	3.725019e+02	4.062834e+02	7.910310e+01	4.310715e+01	4.582623e+01
112	3.406326e+00	2.666316e+03	3.724319e+02	4.065382e+02	7.916467e+01	4.288351e+01	4.547494e+01
113	3.436740e+00	2.672038e+03	3.723923e+02	4.068095e+02	7.943748e+01	4.282794e+01	4.516254e+01
114	3.467153e+00	2.666913e+03	3.724029e+02	4.069029e+02	7.890456e+01	4.303451e+01	4.485082e+01
115	3.497567e+00	2.696871e+03	3.721959e+02	4.071269e+02	7.974529e+01	4.305912e+01	4.488854e+01
116	3.527981e+00	2.672819e+03	3.722888e+02	4.072951e+02	7.892897e+01	4.311648e+01	4.436475e+01
117	3.558394e+00	2.670150e+03	3.720797e+02	4.076116e+02	7.921104e+01	4.292003e+01	4.404850e+01
118	3.588808e+00	2.688537e+03	3.722287e+02	4.077986e+02	7.960954e+01	4.299926e+01	4.430821e+01
119	3.619221e+00	2.688287e+03	3.720223e+02	4.081167e+02	7.951054e+01	4.304880e+01	4.407742e+01
120	3.649635e+00	2.679907e+03	3.719284e+02	4.082934e+02	7.932713e+01	4.301382e+01	4.363136e+01
121	3.680049e+00	2.672476e+03	3.719490e+02	4.085057e+02	7.902662e+01	4.305768e+01	4.299334e+01
122	3.710462e+00	2.686015e+03	3.718482e+02	4.088113e+02	7.957624e+01	4.297690e+01	4.330306e+01
123	3.740876e+00	2.680485e+03	3.719047e+02	4.089586e+02	7.933858e+01	4.301690e+01	4.272042e+01
124	3.771290e+00	2.686738e+03	3.718482e+02	4.091954e+02	7.939951e+01	4.308416e+01	4.278541e+01
125	3.801703e+00	2.695059e+03	3.719556e+02	4.094022e+02	7.976653e+01	4.301874e+01	4.246588e+01
126	3.832117e+00	2.676703e+03	3.718338e+02	4.096826e+02	7.931292e+01	4.297010e+01	4.158638e+01
127	3.862530e+00	2.677072e+03	3.717531e+02	4.099084e+02	7.936540e+01	4.294761e+01	4.147832e+01
128	3.892944e+00	2.684951e+03	3.717730e+02	4.101411e+02	7.947746e+01	4.301327e+01	4.122494e+01
129	3.923358e+00	2.721330e+03	3.718490e+02	4.102917e+02	8.022842e+01	4.318800e+01	4.178602e+01
130	3.953771e+00	2.692939e+03	3.718967e+02	4.104753e+02	7.971114e+01	4.301478e+01	4.049434e+01
131	3.984185e+00	2.681562e+03	3.714824e+02	4.108948e+02	7.914121e+01	4.314149e+01	4.014255e+01
132	4.014599e+00	2.682577e+03	3.715727e+02	4.110766e+02	7.954861e+01	4.293680e+01	4.003671e+01
133	4.045012e+00	2.691522e+03	3.714968e+02	4.112405e+02	7.958850e+01	4.305839e+01	4.004096e+01
134	4.075426e+00	2.682817e+03	3.714268e+02	4.115800e+02	7.943707e+01	4.300095e+01	3.948779e+01
135	4.105839e+00	2.688217e+03	3.716074e+02	4.116232e+02	7.956546e+01	4.301797e+01	3.913409e+01
136	4.136253e+00	2.703759e+03	3.715028e+02	4.118669e+02	7.971198e+01	4.318715e+01	3.930206e+01
137	4.166667e+00	2.695187e+03	3.712879e+02	4.122849e+02	7.906991e+01	4.339980e+01	3.864606e+01
138	4.197080e+00	2.713987e+03	3.710610e+02	4.126127e+02	7.947620e+01	4.347913e+01	3.912250e+01
139	4.227494e+00	2.688312e+03	3.711933e+02	4.128890e+02	7.922294e+01	4.320548e+01	3.832646e+01
140	4.257908e+00	2.679242e+03	3.713664e+02	4.129676e+02	7.918557e+01	4.308004e+01	3.785020e+01
141	4.288321e+00	2.692400e+03	3.711266e+02	4.132719e+02	7.918021e+01	4.329454e+01	3.763549e+01
142	4.318735e+00	2.693266e+03	3.708899e+02	4.136873e+02	7.908517e+01	4.336050e+01	3.793961e+01
143	4.349148e+00	2.688253e+03	3.709675e+02	4.137235e+02	7.919503e+01	4.321976e+01	3.719220e+01
144	4.379562e+00	2.681982e+03	3.709136e+02	4.139423e+02	7.870694e+01	4.338633e+01	3.651416e+01
145	4.409976e+00	2.688940e+03	3.709932e+02	4.142071e+02	7.903301e+01	4.331942e+01	3.640873e+01
146	4.440389e+00	2.714120e+03	3.705971e+02	4.145577e+02	7.893261e+01	4.378070e+01	3.694354e+01
147	4.470803e+00	2.703493e+03	3.708179e+02	4.147075e+02	7.927986e+01	4.341826e+01	3.632705e+01
148	4.501217e+00	2.691232e+03	3.709339e+02	4.148421e+02	7.925296e+01	4.323602e+01	3.596148e+01
149	4.531630e+00	2.703647e+03	3.709182e+02	4.150563e+02	7.953822e+01	4.327970e+01	3.560837e+01
150	4.562044e+00	2.696021e+03	3.708091e+02	4.153748e+02	7.947552e+01	4.319168e+01	3.567021e+01
151	4.592457e+00	2.691728e+03	3.707612e+02	4.156431e+02	7.929488e+01	4.322113e+01	3.542711e+01
152	4.622871e+00	2.689655e+03	3.706571e+02	4.158725e+02	7.936697e+01	4.314862e+01	3.535737e+01
153	4.653285e+00	2.707913e+03	3.705388e+02	4.159533e+02	7.880387e+01	4.375193e+01	3.463496e+01
154	4.683698e+00	2.707797e+03	3.706966e+02	4.162401e+02	7.954122e+01	4.334450e+01	3.512520e+01
155	4.714112e+00	2.708647e+03	3.706693e+02	4.164918e+02	7.981679e+01	4.320840e+01	3.467060e+01
156	4.744526e+00	2.694347e+03	3.706933e+02	4.168300e+02	7.967671e+01	4.305585e+01	3.486120e+01
157	4.774939e+00	2.719263e+03	3.706126e+02	4.169915e+02	7.966971e+01	4.345784e+01	3.518431e+01
158	4.805353e+00	2.712725e+03	3.703778e+02	4.174539e+02	7.984765e+01	4.325674e+01	3.476836e+01
159	4.835766e+00	2.699606e+03	3.704869e+02	4.175658e+02	7.967509e+01	4.314077e+01	3.445770e+01
160	4.866180e+00	2.684670e+03	3.703484e+02	4.179927e+02	7.900607e+01	4.326538e+01	3.428400e+01
161	4.896594e+00	2.691604e+03	3.704488e+02	4.181039e+02	7.939629e+01	4.316394e+01	3.402513e+01
162	4.927007e+00	2.687633e+03	3.703663e+02	4.183895e+02	7.930569e+01	4.314949e+01	3.379466e+01
163	4.957421e+00	2.695084e+03	3.704312e+02	4.185279e+02	7.939909e+01	4.321823e+01	3.380431e+01
164	4.987835e+00	2.694617e+03	3.703055e+02	4.189181e+02	7.927431e+01	4.327876e+01	3.309219e+01
165	5.018248e+00	2.689742e+03	3.704232e+02	4.190529e+02	7.949787e+01	4.307897e+01	3.273236e+01
166	5.048662e+00	2.706389e+03	3.703489e+02	4.193395e+02	7.957666e+01	4.330266e+01	3.242809e+01
167	5.079075e+00	2.700801e+03	3.705381e+02	4.195378e+02	7.975163e+01	4.311845e+01	3.207346e+01
168	5.109489e+00	2.701825e+03	3.702945e+02	4.196848e+02	7.918266e+01	4.344474e+01	3.184283e+01
169	5.139903e+00	2.696525e+03	3.704438e+02	4.200314e+02	7.956162e+01	4.315300e+01	3.149395e+01
170	5.170316e+00	2.708695e+03	3.703824e+02	4.201791e+02	7.938477e+01	4.344432e+01	3.119056e+01
171	5.200730e+00	2.689150e+03	3.705596e+02	4.203795e+02	7.935500e+01	4.314703e+01	3.072688e+01
172	5.231144e+00	2.679210e+03	3.703058e+02	4.206763e+02	7.899673e+01	4.318250e+01	3.035701e+01
173	5.261557e+00	2.688161e+03	3.705485e+02	4.208343e+02	7.944390e+01	4.308289e+01	3.002603e+01
174	5.291971e+00	2.697999e+03	3.704779e+02	4.210180e+02	7.965507e+01	4.312593e+01	2.970480e+01
175	5.322384e+00	2.695985e+03	3.704537e+02	4.212970e+02	7.941098e+01	4.322620e+01	2.971850e+01
176	5.352798e+00	2.682558e+03	3.705396e+02	4.214626e+02	7.923113e+01	4.310855e+01	2.901294e+01
177	5.383212e+00	2.687557e+03	3.706029e+02	4.215913e+02	7.940809e+01	4.309263e+01	2.868340e+01
178	5.413625e+00	2.680842e+03	3.704918e+02	4.220232e+02	7.912456e+01	4.313900e+01	2.809469e+01
179	5.444039e+00	2.697941e+03	3.705761e+02	4.223176e+02	7.930980e+01	4.331275e+01	2.825055e+01
180	5.474453e+00	2.717207e+03	3.704542e+02	4.224313e+02	7.928725e+01	4.363444e+01	2.873247e+01
181	5.504866e+00	2.690453e+03	3.705968e+02	4.226080e+02	7.962166e+01	4.302335e+01	2.789450e+01
182	5.535280e+00	2.704079e+03	3.704369e+02	4.229538e+02	7.952961e+01	4.329129e+01	2.797672e+01
183	5.565693e+00	2.699527e+03	3.704401e+02	4.231820e+02	7.970706e+01	4.312221e+01	2.737678e+01
184	5.596107e+00	2.703161e+03	3.704985e+02	4.234333e+02	7.959232e+01	4.324251e+01	2.735611e+01
185	5.626521e+00	2.728096e+03	3.704099e+02	4.237022e+02	8.017467e+01	4.332441e+01	2.741671e+01
186	5.656934e+00	2.683538e+03	3.704197e+02	4.239299e+02	7.907125e+01	4.321149e+01	2.660099e+01
187	5.687348e+00	2.690161e+03	3.704095e+02	4.240688e+02	7.914980e+01	4.327515e+01	2.654509e+01
188	5.717762e+00	2.690078e+03	3.705114e+02	4.242720e+02	7.947088e+01	4.309898e+01	2.608388e+01
189	5.748175e+00	2.707977e+03	3.705849e+02	4.242271e+02	7.947959e+01	4.338100e+01	2.584514e+01
190	5.778589e+00	2.723023e+03	3.706405e+02	4.243066e+02	7.980203e+01	4.344577e+01	2.510649e+01
191	5.809002e+00	2.701453e+03	3.707617e+02	4.244937e+02	7.974753e+01	4.313107e+01	2.484376e+01
192	5.839416e+00	2.731250e+03	3.706919e+02	4.247457e+02	7.983681e+01	4.355804e+01	2.563702e+01
193	5.869830e+00	2.722999e+03	3.705652e+02	4.249968e+02	7.941830e+01	4.365530e+01	2.484426e+01
194	5.900243e+00	2.695962e+03	3.707968e+02	4.252193e+02	7.953168e+01	4.316022e+01	2.447577e+01
195	5.930657e+00	2.699333e+03	3.707150e+02	4.254522e+02	7.949310e+01	4.323516e+01	2.445440e+01
196	5.961071e+00	2.706440e+03	3.707647e+02	4.255528e+02	7.971796e+01	4.322672e+01	2.435413e+01
197	5.991484e+00	2.710089e+03	3.708367e+02	4.258197e+02	7.976283e+01	4.326065e+01	2.403185e+01
198	6.021898e+00	2.705046e+03	3.708191e+02	4.260829e+02	7.979031e+01	4.316528e+01	2.399895e+01
199	6.052311e+00	2.696728e+03	3.707016e+02	4.263776e+02	7.940263e+01	4.324265e+01	2.384799e+01
200	6.082725e+00	2.704674e+03	3.708090e+02	4.264012e+02	7.951399e+01	4.330934e+01	2.374348e+01
201	6.113139e+00	2.719152e+03	3.706083e+02	4.268409e+02	7.959716e+01	4.349566e+01	2.386631e+01
202	6.143552e+00	2.705843e+03	3.704996e+02	4.270667e+02	7.952544e+01	4.332182e+01	2.278429e+01
203	6.173966e+00	2.721200e+03	3.708009e+02	4.271851e+02	7.989068e+01	4.336851e+01	2.326879e+01
204	6.204380e+00	2.703347e+03	3.707483e+02	4.274458e+02	7.963165e+01	4.322412e+01	2.254943e+01
205	6.234793e+00	2.716533e+03	3.707350e+02	4.276189e+02	7.972743e+01	4.338278e+01	2.211113e+01
206	6.265207e+00	2.701178e+03	3.708177e+02	4.278537e+02	7.955276e+01	4.323228e+01	2.185534e+01
207	6.295620e+00	2.700296e+03	3.708645e+02	4.281401e+02	7.951798e+01	4.323706e+01	2.161532e+01
208	6.326034e+00	2.717541e+03	3.706000e+02	4.286055e+02	7.960923e+01	4.346332e+01	2.212580e+01
209	6.356448e+00	2.693543e+03	3.708318e+02	4.287001e+02	7.951830e+01	4.312875e+01	2.134419e+01
210	6.386861e+00	2.707202e+03	3.708897e+02	4.288540e+02	7.951907e+01	4.334705e+01	2.132488e+01
211	6.417275e+00	2.698141e+03	3.708965e+02	4.290956e+02	7.928992e+01	4.332682e+01	2.107578e+01
212	6.447689e+00	2.706400e+03	3.709511e+02	4.292500e+02	7.977876e+01	4.319315e+01	2.111304e+01
213	6.478102e+00	2.697621e+03	3.709133e+02	4.295540e+02	7.953754e+01	4.318360e+01	2.097620e+01
214	6.508516e+00	2.713890e+03	3.709013e+02	4.299329e+02	7.962133e+01	4.339832e+01	2.083732e+01
215	6.538929e+00	2.693880e+03	3.709479e+02	4.301047e+02	7.946304e+01	4.316415e+01	2.049925e+01
216	6.569343e+00	2.710180e+03	3.710307e+02	4.303159e+02	7.973606e+01	4.327664e+01	2.029602e+01
217	6.599757e+00	2.724911e+03	3.710083e+02	4.305400e+02	7.934949e+01	4.372384e+01	2.028034e+01
218	6.630170e+00	2.707947e+03	3.711564e+02	4.306844e+02	7.930827e+01	4.347422e+01	1.968269e+01
219	6.660584e+00	2.745000e+03	3.711512e+02	4.305707e+02	8.021818e+01	4.356921e+01	1.855194e+01
220	6.690998e+00	2.708655e+03	3.710096e+02	4.314783e+02	7.922576e+01	4.353088e+01	1.900256e+01
221	6.721411e+00	2.690922e+03	3.712688e+02	4.318785e+02	7.918269e+01	4.326941e+01	1.868768e+01
222	6.751825e+00	2.715850e+03	3.712177e+02	4.321535e+02	7.969752e+01	4.338815e+01	1.874338e+01
223	6.782238e+00	2.688049e+03	3.712503e+02	4.324212e+02	7.949933e+01	4.305106e+01	1.806724e+01
224	6.812652e+00	2.692416e+03	3.713658e+02	4.326117e+02	7.952763e+01	4.310566e+01	1.765885e+01
225	6.843066e+00	2.700635e+03	3.712371e+02	4.330190e+02	7.941592e+01	4.329805e+01	1.777350e+01
226	6.873479e+00	2.713103e+03	3.713851e+02	4.330223e+02	7.944376e+01	4.348271e+01	1.719845e+01
227	6.903893e+00	2.694662e+03	3.715581e+02	4.332363e+02	7.929906e+01	4.326597e+01	1.668439e+01
228	6.934307e+00	2.698523e+03	3.716251e+02	4.335524e+02	7.934631e+01	4.330215e+01	1.671583e+01
229	6.964720e+00	2.700212e+03	3.716694e+02	4.338168e+02	7.953947e+01	4.322403e+01	1.690719e+01
230	6.995134e+00	2.708438e+03	3.717339e+02	4.339717e+02	7.945032e+01	4.340435e+01	1.628444e+01
231	7.025547e+00	2.722955e+03	3.716077e+02	4.345268e+02	7.977264e+01	4.346070e+01	1.660275e+01
232	7.055961e+00	2.715249e+03	3.717487e+02	4.345681e+02	7.973255e+01	4.335948e+01	1.595328e+01
233	7.086375e+00	2.731116e+03	3.716356e+02	4.349442e+02	7.929673e+01	4.385255e+01	1.625785e+01
234	7.116788e+00	2.735721e+03	3.717424e+02	4.349984e+02	7.954533e+01	4.378923e+01	1.562414e+01
235	7.147202e+00	2.721575e+03	3.717693e+02	4.355346e+02	7.956236e+01	4.355348e+01	1.541216e+01
236	7.177616e+00	2.696693e+03	3.718830e+02	4.355634e+02	8.011561e+01	4.285727e+01	1.454320e+01
237	7.208029e+00	2.717451e+03	3.720229e+02	4.356790e+02	8.008640e+01	4.320292e+01	1.457661e+01
238	7.238443e+00	2.725228e+03	3.718443e+02	4.360753e+02	7.982948e+01	4.346600e+01	1.485688e+01
239	7.268856e+00	2.737761e+03	3.717824e+02	4.364226e+02	7.946926e+01	4.386382e+01	1.480551e+01
240	7.299270e+00	2.712852e+03	3.720852e+02	4.365215e+02	7.958443e+01	4.340184e+01	1.372299e+01
241	7.329684e+00	2.706329e+03	3.720195e+02	4.367707e+02	7.990351e+01	4.312458e+01	1.363806e+01
242	7.360097e+00	2.703533e+03	3.721044e+02	4.370485e+02	7.960640e+01	4.324081e+01	1.340885e+01
243	7.390511e+00	2.712415e+03	3.720383e+02	4.371821e+02	7.956435e+01	4.340579e+01	1.280098e+01
244	7.420925e+00	2.708611e+03	3.721366e+02	4.373143e+02	7.978236e+01	4.322649e+01	1.253079e+01
245	7.451338e+00	2.715367e+03	3.720242e+02	4.378161e+02	7.952753e+01	4.347315e+01	1.261104e+01
246	7.481752e+00	2.729223e+03	3.720182e+02	4.381511e+02	7.978187e+01	4.355569e+01	1.276166e+01
247	7.512165e+00	2.727704e+03	3.720490e+02	4.382689e+02	7.944728e+01	4.371478e+01	1.191362e+01
248	7.542579e+00	2.689742e+03	3.723009e+02	4.385670e+02	7.985699e+01	4.288524e+01	1.111663e+01
249	7.572993e+00	2.698420e+03	3.722934e+02	4.388317e+02	7.991473e+01	4.299252e+01	1.147228e+01
250	7.603406e+00	2.710152e+03	3.723108e+02	4.390589e+02	7.988084e+01	4.319776e+01	1.125935e+01
251	7.633820e+00	2.728485e+03	3.722762e+02	4.394656e+02	8.049187e+01	4.315983e+01	1.169444e+01
252	7.664234e+00	2.712643e+03	3.724757e+02	4.395100e+02	7.992696e+01	4.321251e+01	1.096444e+01
253	7.694647e+00	2.740200e+03	3.723141e+02	4.400060e+02	8.050291e+01	4.333918e+01	1.116248e+01
254	7.725061e+00	2.716403e+03	3.724769e+02	4.401463e+02	8.016506e+01	4.314387e+01	1.077703e+01
255	7.755474e+00	2.708204e+03	3.724896e+02	4.402718e+02	7.971371e+01	4.325721e+01	1.046789e+01
256	7.785888e+00	2.742032e+03	3.724241e+02	4.406634e+02	8.065359e+01	4.328713e+01	1.101583e+01
257	7.816302e+00	2.713572e+03	3.725285e+02	4.407192e+02	7.975404e+01	4.332103e+01	1.006441e+01
258	7.846715e+00	2.718498e+03	3.725512e+02	4.407331e+02	7.979273e+01	4.337863e+01	9.927440e+00
259	7.877129e+00	2.756156e+03	3.724608e+02	4.411426e+02	8.057471e+01	4.355271e+01	1.004398e+01
260	7.907543e+00	2.720724e+03	3.726482e+02	4.412761e+02	7.978828e+01	4.341656e+01	9.909513e+00
261	7.937956e+00	2.724315e+03	3.726901e+02	4.413876e+02	7.987054e+01	4.342910e+01	9.465121e+00
262	7.968370e+00	2.722273e+03	3.727134e+02	4.415675e+02	7.973385e+01	4.347094e+01	9.331084e+00
263	7.998783e+00	2.723553e+03	3.726083e+02	4.420789e+02	7.964080e+01	4.354220e+01	9.001216e+00
264	8.029197e+00	2.705601e+03	3.727199e+02	4.422095e+02	7.946139e+01	4.335285e+01	8.826479e+00
265	8.059611e+00	2.736413e+03	3.728563e+02	4.421347e+02	7.991499e+01	4.359768e+01	8.689901e+00
266	8.090024e+00	2.733174e+03	3.727903e+02	4.425297e+02	7.979521e+01	4.361145e+01	8.621360e+00
267	8.120438e+00	2.712983e+03	3.729422e+02	4.427773e+02	7.979781e+01	4.328788e+01	7.829272e+00
268	8.150852e+00	2.734297e+03	3.727957e+02	4.432543e+02	7.993037e+01	4.355560e+01	8.144878e+00
269	8.181265e+00	2.726382e+03	3.726765e+02	4.433366e+02	7.922587e+01	4.381570e+01	8.067623e+00
270	8.211679e+00	2.716987e+03	3.729096e+02	4.434249e+02	7.977804e+01	4.336251e+01	7.871212e+00
271	8.242092e+00	2.749620e+03	3.728493e+02	4.436833e+02	8.018629e+01	4.365990e+01	8.342611e+00
272	8.272506e+00	2.729952e+03	3.729397e+02	4.439141e+02	7.985529e+01	4.352726e+01	8.044369e+00
273	8.302920e+00	2.720494e+03	3.729535e+02	4.441380e+02	7.980939e+01	4.340142e+01	8.051825e+00
274	8.333333e+00	2.725746e+03	3.728210e+02	4.446401e+02	7.977208e+01	4.350554e+01	7.581720e+00
275	8.363747e+00	2.732523e+03	3.729681e+02	4.446036e+02	7.975468e+01	4.362321e+01	7.749539e+00
276	8.394161e+00	2.715113e+03	3.728767e+02	4.448572e+02	7.924344e+01	4.362493e+01	6.974456e+00
277	8.424574e+00	2.711252e+03	3.731342e+02	4.449785e+02	7.973778e+01	4.329281e+01	6.707206e+00
278	8.454988e+00	2.704227e+03	3.730803e+02	4.452969e+02	7.947298e+01	4.332453e+01	6.455648e+00
279	8.485401e+00	2.740349e+03	3.729906e+02	4.457055e+02	8.003365e+01	4.359568e+01	7.234318e+00
280	8.515815e+00	2.735802e+03	3.731097e+02	4.455186e+02	7.981168e+01	4.364439e+01	6.664234e+00
281	8.546229e+00	2.751645e+03	3.730240e+02	4.459061e+02	8.027265e+01	4.364504e+01	6.872899e+00
282	8.576642e+00	2.717060e+03	3.732143e+02	4.459515e+02	7.987789e+01	4.330946e+01	5.967557e+00
283	8.607056e+00	2.694162e+03	3.732325e+02	4.463424e+02	7.956835e+01	4.311154e+01	5.584532e+00
284	8.637470e+00	2.725819e+03	3.732316e+02	4.466010e+02	7.982436e+01	4.347821e+01	6.229024e+00
285	8.667883e+00	2.715433e+03	3.732780e+02	4.467712e+02	7.978933e+01	4.333157e+01	5.697438e+00
286	8.698297e+00	2.711052e+03	3.734770e+02	4.468151e+02	7.958752e+01	4.337135e+01	5.594617e+00
287	8.728710e+00	2.720546e+03	3.733265e+02	4.471138e+02	8.001651e+01	4.328990e+01	5.701127e+00
288	8.759124e+00	2.709793e+03	3.734106e+02	4.473266e+02	7.934246e+01	4.348511e+01	5.588586e+00
289	8.789538e+00	2.730456e+03	3.733483e+02	4.475965e+02	7.942040e+01	4.377370e+01	6.054211e+00
290	8.819951e+00	2.719224e+03	3.734601e+02	4.476917e+02	7.928056e+01	4.367052e+01	5.644338e+00
291	8.850365e+00	2.724118e+03	3.733117e+02	4.481565e+02	7.938766e+01	4.369011e+01	5.915211e+00
292	8.880779e+00	2.732376e+03	3.734515e+02	4.483546e+02	7.957246e+01	4.372076e+01	5.905752e+00
293	8.911192e+00	2.739446e+03	3.736079e+02	4.482515e+02	7.957660e+01	4.383162e+01	5.533636e+00
294	8.941606e+00	2.730263e+03	3.736871e+02	4.487133e+02	7.963923e+01	4.365033e+01	5.570777e+00
295	8.972019e+00	2.745191e+03	3.737193e+02	4.488013e+02	8.028284e+01	4.353714e+01	5.858512e+00
296	9.002433e+00	2.728279e+03	3.738077e+02	4.489237e+02	7.950189e+01	4.369396e+01	4.880797e+00
297	9.032847e+00	2.735291e+03	3.736977e+02	4.494070e+02	7.978886e+01	4.364872e+01	5.707064e+00
298	9.063260e+00	2.724988e+03	3.739251e+02	4.495037e+02	7.981133e+01	4.347206e+01	5.033119e+00
299	9.093674e+00	2.730235e+03	3.738664e+02	4.498376e+02	7.986027e+01	4.352907e+01	4.799736e+00
300	9.124088e+00	2.705903e+03	3.740737e+02	4.499378e+02	7.982887e+01	4.315811e+01	4.076876e+00
301	9.154501e+00	2.724448e+03	3.739524e+02	4.504619e+02	7.961687e+01	4.356960e+01	4.495826e+00
302	9.184915e+00	2.729372e+03	3.741039e+02	4.505509e+02	7.946822e+01	4.372998e+01	4.271214e+00
303	9.215328e+00	2.737968e+03	3.741108e+02	4.508048e+02	7.972509e+01	4.372638e+01	4.055974e+00
304	9.245742e+00	2.704572e+03	3.742902e+02	4.508519e+02	7.927279e+01	4.343947e+01	2.794589e+00
305	9.276156e+00	2.725715e+03	3.744360e+02	4.506996e+02	7.975878e+01	4.351231e+01	2.304500e+00
306	9.306569e+00	2.748684e+03	3.743467e+02	4.512956e+02	7.935429e+01	4.410263e+01	2.889246e+00
307	9.336983e+00	2.783112e+03	3.749948e+02	4.508758e+02	7.962402e+01	4.450376e+01	3.139342e+00
308	9.367397e+00	2.757520e+03	3.746608e+02	4.518218e+02	7.988068e+01	4.395285e+01	3.178469e+00
309	9.397810e+00	2.779577e+03	3.746136e+02	4.521280e+02	8.001497e+01	4.423006e+01	3.343477e+00
310	9.428224e+00	2.755716e+03	3.747158e+02	4.523021e+02	7.941661e+01	4.418076e+01	2.663902e+00
311	9.458637e+00	2.758670e+03	3.748337e+02	4.522498e+02	7.967401e+01	4.408524e+01	1.648429e+00
312	9.489051e+00	2.720332e+03	3.749806e+02	4.526564e+02	7.985863e+01	4.337207e+01	1.375951e+00
313	9.519465e+00	2.762612e+03	3.749005e+02	4.530457e+02	7.959121e+01	4.419416e+01	2.335213e+00
314	9.549878e+00	2.775221e+03	3.750128e+02	4.530836e+02	7.993654e+01	4.420408e+01	1.394054e+00
315	9.580292e+00	2.777688e+03	3.750000e+02	4.534293e+02	8.021086e+01	4.409206e+01	1.834031e+00
316	9.610706e+00	2.811728e+03	3.753641e+02	4.534062e+02	7.965024e+01	4.494655e+01	3.092104e+00
317	9.641119e+00	2.743115e+03	3.754994e+02	4.538955e+02	7.978372e+01	4.377637e+01	7.899857e-01
318	9.671533e+00	2.789356e+03	3.752178e+02	4.541494e+02	7.961179e+01	4.461046e+01	1.211685e+00
319	9.701946e+00	2.737189e+03	3.756633e+02	4.542188e+02	7.947500e+01	4.385150e+01	1.797442e+02
320	9.732360e+00	2.745061e+03	3.756537e+02	4.545829e+02	7.901827e+01	4.423180e+01	1.794637e+02
321	9.762774e+00	2.736800e+03	3.758612e+02	4.546680e+02	7.958070e+01	4.378703e+01	1.794040e+02
322	9.793187e+00	2.739445e+03	3.758343e+02	4.547550e+02	7.977124e+01	4.372465e+01	1.786855e+02
323	9.823601e+00	2.741533e+03	3.762387e+02	4.548093e+02	7.987911e+01	4.369889e+01	1.787032e+02
324	9.854015e+00	2.735599e+03	3.760687e+02	4.550948e+02	8.012063e+01	4.347286e+01	1.780182e+02
325	9.884428e+00	2.769349e+03	3.760148e+02	4.558280e+02	7.988040e+01	4.414156e+01	1.790562e+02
326	9.914842e+00	2.747628e+03	3.763676e+02	4.555709e+02	7.992670e+01	4.376996e+01	1.784700e+02
327	9.945255e+00	2.740441e+03	3.765264e+02	4.556535e+02	7.990265e+01	4.366862e+01	1.783765e+02
328	9.975669e+00	2.739634e+03	3.765153e+02	4.559992e+02	7.971658e+01	4.375766e+01	1.773148e+02
329	1.000608e+01	2.782157e+03	3.763545e+02	4.565339e+02	7.961717e+01	4.449232e+01	1.781655e+02
330	1.003650e+01	2.746721e+03	3.765758e+02	4.565334e+02	7.987108e+01	4.378599e+01	1.768902e+02
331	1.006691e+01	2.770047e+03	3.764342e+02	4.568122e+02	7.958260e+01	4.431789e+01	1.773933e+02
332	1.009732e+01	2.780590e+03	3.765847e+02	4.567432e+02	7.987709e+01	4.432256e+01	1.765518e+02
333	1.012774e+01	2.745172e+03	3.768408e+02	4.573667e+02	7.991615e+01	4.373661e+01	1.767746e+02
334	1.015815e+01	2.761927e+03	3.769443e+02	4.574245e+02	7.999982e+01	4.395753e+01	1.764507e+02
335	1.018856e+01	2.750505e+03	3.769185e+02	4.575885e+02	7.993125e+01	4.381330e+01	1.760669e+02
336	1.021898e+01	2.784963e+03	3.769743e+02	4.578508e+02	7.960844e+01	4.454208e+01	1.762378e+02
337	1.024939e+01	2.772230e+03	3.769828e+02	4.580575e+02	7.988071e+01	4.418729e+01	1.764519e+02
338	1.027981e+01	2.778864e+03	3.771239e+02	4.583730e+02	7.996625e+01	4.424567e+01	1.768813e+02
339	1.031022e+01	2.761702e+03	3.772711e+02	4.584174e+02	7.947218e+01	4.424578e+01	1.753615e+02
340	1.034063e+01	2.768476e+03	3.773059e+02	4.588551e+02	7.970245e+01	4.422616e+01	1.756611e+02
341	1.037105e+01	2.739345e+03	3.774583e+02	4.586945e+02	8.024790e+01	4.346334e+01	1.747094e+02
342	1.040146e+01	2.750420e+03	3.776480e+02	4.588795e+02	8.039857e+01	4.355729e+01	1.749502e+02
343	1.043187e+01	2.830070e+03	3.770615e+02	4.593762e+02	7.887316e+01	4.568546e+01	1.753757e+02
344	1.046229e+01	2.749246e+03	3.775713e+02	4.593063e+02	7.949112e+01	4.403572e+01	1.737336e+02
345	1.049270e+01	2.718052e+03	3.780902e+02	4.594171e+02	8.010567e+01	4.320208e+01	1.735043e+02
346	1.052311e+01	2.765450e+03	3.779863e+02	4.598033e+02	7.955696e+01	4.425861e+01	1.732693e+02
347	1.055353e+01	2.756054e+03	3.783147e+02	4.600166e+02	8.038294e+01	4.365499e+01	1.736004e+02
348	1.058394e+01	2.732778e+03	3.782504e+02	4.602023e+02	7.985893e+01	4.357034e+01	1.720453e+02
349	1.061436e+01	2.768500e+03	3.782807e+02	4.603860e+02	7.942674e+01	4.438005e+01	1.724283e+02
350	1.064477e+01	2.768775e+03	3.782915e+02	4.608322e+02	7.953519e+01	4.432395e+01	1.726521e+02
351	1.067518e+01	2.793084e+03	3.782421e+02	4.611028e+02	7.963186e+01	4.465883e+01	1.726390e+02
352	1.070560e+01	2.795282e+03	3.785118e+02	4.611995e+02	7.979803e+01	4.460089e+01	1.718522e+02
353	1.073601e+01	2.728407e+03	3.790002e+02	4.611954e+02	8.010336e+01	4.336791e+01	1.711474e+02
354	1.076642e+01	2.756734e+03	3.790386e+02	4.616156e+02	7.995602e+01	4.389892e+01	1.717879e+02
355	1.079684e+01	2.746163e+03	3.792759e+02	4.616018e+02	7.982895e+01	4.380020e+01	1.709488e+02
356	1.082725e+01	2.775164e+03	3.791918e+02	4.617501e+02	7.938239e+01	4.451175e+01	1.708243e+02
357	1.085766e+01	2.819206e+03	3.788612e+02	4.620222e+02	7.890614e+01	4.549107e+01	1.703583e+02
358	1.088808e+01	2.782196e+03	3.793468e+02	4.622116e+02	7.929266e+01	4.467503e+01	1.705464e+02
359	1.091849e+01	2.740065e+03	3.796714e+02	4.625060e+02	8.007900e+01	4.356647e+01	1.701585e+02
360	1.094891e+01	2.790728e+03	3.796747e+02	4.627300e+02	7.971449e+01	4.457490e+01	1.704415e+02
361	1.097932e+01	2.759374e+03	3.798268e+02	4.628454e+02	7.979365e+01	4.403037e+01	1.694792e+02
362	1.100973e+01	2.782073e+03	3.796927e+02	4.632804e+02	7.945621e+01	4.458110e+01	1.697526e+02
363	1.104015e+01	2.737377e+03	3.802021e+02	4.631893e+02	8.024681e+01	4.343272e+01	1.696711e+02
364	1.107056e+01	2.797557e+03	3.797410e+02	4.634907e+02	7.934908e+01	4.488975e+01	1.693156e+02
365	1.110097e+01	2.781192e+03	3.799312e+02	4.637079e+02	7.932939e+01	4.463824e+01	1.690997e+02
366	1.113139e+01	2.724915e+03	3.804588e+02	4.638975e+02	7.967010e+01	4.354795e+01	1.684816e+02
367	1.116180e+01	2.742787e+03	3.806075e+02	4.640080e+02	8.038877e+01	4.344170e+01	1.685312e+02
368	1.119221e+01	2.743055e+03	3.805727e+02	4.642876e+02	8.014851e+01	4.357618e+01	1.683119e+02
369	1.122263e+01	2.795791e+03	3.805159e+02	4.645588e+02	7.970863e+01	4.465904e+01	1.685868e+02
370	1.125304e+01	2.750020e+03	3.809061e+02	4.646435e+02	7.999918e+01	4.376837e+01	1.678058e+02
371	1.128345e+01	2.741526e+03	3.810456e+02	4.648002e+02	7.988190e+01	4.369725e+01	1.674019e+02
372	1.131387e+01	2.839899e+03	3.802437e+02	4.650883e+02	7.882709e+01	4.587092e+01	1.663978e+02
373	1.134428e+01	2.754908e+03	3.811224e+02	4.653409e+02	7.958672e+01	4.407340e+01	1.664165e+02
374	1.137470e+01	2.784229e+03	3.811914e+02	4.656669e+02	7.980874e+01	4.441858e+01	1.675318e+02
375	1.140511e+01	2.744511e+03	3.815831e+02	4.655286e+02	7.983974e+01	4.376793e+01	1.665976e+02
376	1.143552e+01	2.743414e+03	3.817067e+02	4.658325e+02	8.015342e+01	4.357922e+01	1.665341e+02
377	1.146594e+01	2.738309e+03	3.818089e+02	4.658881e+02	8.017017e+01	4.348904e+01	1.662788e+02
378	1.149635e+01	2.757104e+03	3.818239e+02	4.661557e+02	7.991857e+01	4.392539e+01	1.659650e+02
379	1.152676e+01	2.739424e+03	3.821085e+02	4.661306e+02	8.027695e+01	4.344887e+01	1.656134e+02
380	1.155718e+01	2.754921e+03	3.819762e+02	4.663643e+02	7.986666e+01	4.391913e+01	1.650987e+02
381	1.158759e+01	2.729338e+03	3.823673e+02	4.666126e+02	8.029112e+01	4.328126e+01	1.653327e+02
382	1.161800e+01	2.740161e+03	3.824126e+02	4.666869e+02	8.034571e+01	4.342337e+01	1.651683e+02
383	1.164842e+01	2.766972e+03	3.822258e+02	4.669743e+02	7.994238e+01	4.406946e+01	1.648093e+02
384	1.167883e+01	2.742341e+03	3.826638e+02	4.671934e+02	8.022620e+01	4.352266e+01	1.642473e+02
385	1.170925e+01	2.771224e+03	3.826541e+02	4.676884e+02	7.921696e+01	4.454137e+01	1.652454e+02
386	1.173966e+01	2.766848e+03	3.828669e+02	4.675186e+02	8.006001e+01	4.400275e+01	1.644203e+02
387	1.177007e+01	2.748534e+03	3.830531e+02	4.676850e+02	8.003878e+01	4.372308e+01	1.641303e+02
388	1.180049e+01	2.770689e+03	3.830476e+02	4.676566e+02	8.028629e+01	4.393964e+01	1.634763e+02
389	1.183090e+01	2.754327e+03	3.832168e+02	4.680081e+02	8.019060e+01	4.373228e+01	1.636521e+02
390	1.186131e+01	2.735431e+03	3.835080e+02	4.681400e+02	8.038735e+01	4.332596e+01	1.635899e+02
391	1.189173e+01	2.758884e+03	3.834149e+02	4.682002e+02	7.995123e+01	4.393579e+01	1.629654e+02
392	1.192214e+01	2.751457e+03	3.837077e+02	4.685181e+02	7.998904e+01	4.379680e+01	1.628815e+02
393	1.195255e+01	2.762567e+03	3.837930e+02	4.687727e+02	8.019717e+01	4.385952e+01	1.635380e+02
394	1.198297e+01	2.755815e+03	3.836892e+02	4.687099e+02	8.020692e+01	4.374701e+01	1.618294e+02
395	1.201338e+01	2.777406e+03	3.838596e+02	4.689878e+02	8.009814e+01	4.414963e+01	1.625641e+02
396	1.204380e+01	2.765993e+03	3.838786e+02	4.691400e+02	7.988284e+01	4.408672e+01	1.621080e+02
397	1.207421e+01	2.757728e+03	3.843498e+02	4.692693e+02	8.033519e+01	4.370747e+01	1.619812e+02
398	1.210462e+01	2.768450e+03	3.843526e+02	4.695982e+02	7.976189e+01	4.419278e+01	1.614848e+02
399	1.213504e+01	2.744413e+03	3.847976e+02	4.695340e+02	8.028631e+01	4.352293e+01	1.620096e+02
400	1.216545e+01	2.750447e+03	3.846411e+02	4.699324e+02	7.989095e+01	4.383448e+01	1.613587e+02
401	1.219586e+01	2.742315e+03	3.849959e+02	4.700390e+02	8.022379e+01	4.352354e+01	1.612753e+02
402	1.222628e+01	2.734761e+03	3.851914e+02	4.704342e+02	7.998869e+01	4.353123e+01	1.604638e+02
403	1.225669e+01	2.751722e+03	3.854254e+02	4.706648e+02	8.027847e+01	4.364310e+01	1.610515e+02
404	1.228710e+01	2.733729e+03	3.855172e+02	4.705971e+02	8.016985e+01	4.341647e+01	1.598931e+02
405	1.231752e+01	2.751838e+03	3.854440e+02	4.706674e+02	7.996786e+01	4.381447e+01	1.596973e+02
406	1.234793e+01	2.743175e+03	3.857316e+02	4.708851e+02	8.037468e+01	4.345547e+01	1.590540e+02
407	1.237835e+01	2.745841e+03	3.859089e+02	4.709673e+02	8.026761e+01	4.355571e+01	1.589544e+02
408	1.240876e+01	2.739644e+03	3.860384e+02	4.713419e+02	8.015932e+01	4.351612e+01	1.591427e+02
409	1.243917e+01	2.763816e+03	3.859058e+02	4.712925e+02	7.982631e+01	4.408320e+01	1.584183e+02
410	1.246959e+01	2.730195e+03	3.865287e+02	4.716010e+02	8.008592e+01	4.340579e+01	1.588458e+02
411	1.250000e+01	2.728989e+03	3.866788e+02	4.718893e+02	8.037141e+01	4.323250e+01	1.580124e+02
412	1.253041e+01	2.768557e+03	3.864787e+02	4.718644e+02	8.056786e+01	4.375239e+01	1.578220e+02
413	1.256083e+01	2.779561e+03	3.864277e+02	4.719544e+02	7.996402e+01	4.425799e+01	1.567292e+02
414	1.259124e+01	2.728865e+03	3.868817e+02	4.723426e+02	8.027549e+01	4.328218e+01	1.573657e+02
415	1.262165e+01	2.752773e+03	3.868376e+02	4.725224e+02	8.006722e+01	4.377497e+01	1.567493e+02
416	1.265207e+01	2.760272e+03	3.872500e+02	4.724893e+02	8.045527e+01	4.368250e+01	1.571510e+02
417	1.268248e+01	2.741207e+03	3.873878e+02	4.726749e+02	8.031073e+01	4.345886e+01	1.569412e+02
418	1.271290e+01	2.719772e+03	3.877162e+02	4.732005e+02	8.041789e+01	4.306158e+01	1.572297e+02
419	1.274331e+01	2.730179e+03	3.877179e+02	4.732417e+02	8.023902e+01	4.332271e+01	1.566926e+02
420	1.277372e+01	2.752689e+03	3.878821e+02	4.734229e+02	8.031567e+01	4.363821e+01	1.572891e+02
421	1.280414e+01	2.730275e+03	3.880410e+02	4.736169e+02	8.060796e+01	4.312595e+01	1.564453e+02
422	1.283455e+01	2.727065e+03	3.881770e+02	4.739290e+02	8.042258e+01	4.317453e+01	1.559995e+02
423	1.286496e+01	2.736065e+03	3.881477e+02	4.739705e+02	8.056685e+01	4.323945e+01	1.560116e+02
424	1.289538e+01	2.778099e+03	3.880080e+02	4.740054e+02	8.015179e+01	4.413108e+01	1.550791e+02
425	1.292579e+01	2.735653e+03	3.885787e+02	4.743215e+02	8.026352e+01	4.339632e+01	1.552017e+02
426	1.295620e+01	2.755493e+03	3.886308e+02	4.743469e+02	8.042886e+01	4.362118e+01	1.554646e+02
427	1.298662e+01	2.740740e+03	3.889230e+02	4.748618e+02	8.020322e+01	4.350972e+01	1.554696e+02
428	1.301703e+01	2.741338e+03	3.890041e+02	4.748560e+02	8.024458e+01	4.349677e+01	1.551115e+02
429	1.304745e+01	2.736112e+03	3.891825e+02	4.749637e+02	8.037333e+01	4.334430e+01	1.550558e+02
430	1.307786e+01	2.727874e+03	3.894254e+02	4.751245e+02	8.057930e+01	4.310334e+01	1.548212e+02
431	1.310827e+01	2.735437e+03	3.895538e+02	4.753865e+02	8.028610e+01	4.338068e+01	1.537955e+02
432	1.313869e+01	2.716988e+03	3.897687e+02	4.754801e+02	8.040847e+01	4.302254e+01	1.539465e+02
433	1.316910e+01	2.753952e+03	3.897090e+02	4.757028e+02	7.997092e+01	4.384645e+01	1.541925e+02
434	1.319951e+01	2.723857e+03	3.901681e+02	4.759491e+02	8.052087e+01	4.307111e+01	1.532196e+02
435	1.322993e+01	2.738598e+03	3.902657e+02	4.760840e+02	8.084068e+01	4.313288e+01	1.535264e+02
436	1.326034e+01	2.744640e+03	3.904492e+02	4.761348e+02	8.045554e+01	4.343497e+01	1.530168e+02
437	1.329075e+01	2.771861e+03	3.904599e+02	4.766531e+02	8.047734e+01	4.385387e+01	1.537636e+02
438	1.332117e+01	2.765914e+03	3.903272e+02	4.766176e+02	7.966508e+01	4.420596e+01	1.526777e+02
439	1.335158e+01	2.731732e+03	3.909197e+02	4.768078e+02	8.058523e+01	4.316112e+01	1.523733e+02
440	1.338200e+01	2.766269e+03	3.907898e+02	4.768288e+02	8.037338e+01	4.382201e+01	1.512216e+02
441	1.341241e+01	2.764776e+03	3.908259e+02	4.770508e+02	8.001046e+01	4.399703e+01	1.507629e+02
442	1.344282e+01	2.737012e+03	3.915058e+02	4.772618e+02	8.079034e+01	4.313475e+01	1.518096e+02
443	1.347324e+01	2.732940e+03	3.913881e+02	4.774919e+02	8.059231e+01	4.317641e+01	1.506590e+02
444	1.350365e+01	2.740711e+03	3.918137e+02	4.775856e+02	8.081794e+01	4.317831e+01	1.511176e+02
445	1.353406e+01	2.729747e+03	3.919351e+02	4.778787e+02	8.035133e+01	4.325530e+01	1.508530e+02
446	1.356448e+01	2.740304e+03	3.919753e+02	4.779259e+02	8.019724e+01	4.350604e+01	1.506704e+02
447	1.359489e+01	2.736565e+03	3.922319e+02	4.780411e+02	8.055173e+01	4.325547e+01	1.502081e+02
448	1.362530e+01	2.751364e+03	3.923451e+02	4.781416e+02	8.104431e+01	4.322507e+01	1.502167e+02
449	1.365572e+01	2.744912e+03	3.926577e+02	4.784172e+02	8.087337e+01	4.321485e+01	1.500438e+02
450	1.368613e+01	2.758827e+03	3.928982e+02	4.784660e+02	8.105677e+01	4.333565e+01	1.495832e+02
451	1.371655e+01	2.769756e+03	3.928795e+02	4.786779e+02	8.066611e+01	4.371801e+01	1.491287e+02
452	1.374696e+01	2.748754e+03	3.932395e+02	4.788928e+02	8.058431e+01	4.343057e+01	1.499132e+02
453	1.377737e+01	2.751840e+03	3.932904e+02	4.789971e+02	8.079950e+01	4.336353e+01	1.492889e+02
454	1.380779e+01	2.782016e+03	3.934371e+02	4.792499e+02	8.057040e+01	4.396370e+01	1.489364e+02
455	1.383820e+01	2.741457e+03	3.937189e+02	4.793984e+02	8.027856e+01	4.348024e+01	1.489198e+02
456	1.386861e+01	2.756232e+03	3.937516e+02	4.796602e+02	8.024375e+01	4.373354e+01	1.481349e+02
457	1.389903e+01	2.748832e+03	3.939188e+02	4.796651e+02	8.037898e+01	4.354274e+01	1.484589e+02
458	1.392944e+01	2.741341e+03	3.941573e+02	4.798870e+02	8.042555e+01	4.339894e+01	1.484095e+02
459	1.395985e+01	2.759583e+03	3.943127e+02	4.798117e+02	8.104263e+01	4.335509e+01	1.479164e+02
460	1.399027e+01	2.823219e+03	3.938704e+02	4.801757e+02	7.977008e+01	4.506244e+01	1.465151e+02
461	1.402068e+01	2.755951e+03	3.944473e+02	4.803134e+02	8.012910e+01	4.379165e+01	1.467966e+02
462	1.405109e+01	2.747764e+03	3.947603e+02	4.804585e+02	8.030878e+01	4.356388e+01	1.470268e+02
463	1.408151e+01	2.745279e+03	3.950970e+02	4.806158e+02	8.037430e+01	4.348899e+01	1.472622e+02
464	1.411192e+01	2.753070e+03	3.950783e+02	4.807262e+02	7.996944e+01	4.383321e+01	1.473416e+02
465	1.414234e+01	2.725186e+03	3.954623e+02	4.809121e+02	8.031682e+01	4.320159e+01	1.469313e+02
466	1.417275e+01	2.767354e+03	3.952338e+02	4.810417e+02	8.021099e+01	4.392795e+01	1.454505e+02
467	1.420316e+01	2.736244e+03	3.959656e+02	4.813419e+02	8.021291e+01	4.343309e+01	1.464925e+02
468	1.423358e+01	2.767957e+03	3.959138e+02	4.812677e+02	8.022990e+01	4.392717e+01	1.460653e+02
469	1.426399e+01	2.835882e+03	3.953733e+02	4.815548e+02	7.940809e+01	4.547090e+01	1.443531e+02
470	1.429440e+01	2.748594e+03	3.963009e+02	4.815270e+02	8.037735e+01	4.353986e+01	1.458501e+02
471	1.432482e+01	2.773202e+03	3.964065e+02	4.817740e+02	8.025732e+01	4.399537e+01	1.449586e+02
472	1.435523e+01	2.752578e+03	3.967261e+02	4.820770e+02	8.052554e+01	4.352273e+01	1.454046e+02
473	1.438564e+01	2.760747e+03	3.968505e+02	4.820028e+02	8.059956e+01	4.361181e+01	1.455415e+02
474	1.441606e+01	2.760813e+03	3.969851e+02	4.821653e+02	8.061823e+01	4.360275e+01	1.450654e+02
475	1.444647e+01	2.751137e+03	3.971466e+02	4.822807e+02	8.038757e+01	4.357461e+01	1.451220e+02
476	1.447689e+01	2.780416e+03	3.970421e+02	4.823831e+02	8.078815e+01	4.381999e+01	1.432853e+02
477	1.450730e+01	2.760801e+03	3.975882e+02	4.825459e+02	8.062579e+01	4.359848e+01	1.444764e+02
478	1.453771e+01	2.754575e+03	3.977747e+02	4.826753e+02	8.032539e+01	4.366283e+01	1.443938e+02
479	1.456813e+01	2.744067e+03	3.979218e+02	4.828354e+02	8.046578e+01	4.342037e+01	1.442476e+02
480	1.459854e+01	2.793813e+03	3.976490e+02	4.829122e+02	8.132955e+01	4.373802e+01	1.424273e+02
481	1.462895e+01	2.771249e+03	3.981993e+02	4.831324e+02	8.093356e+01	4.359704e+01	1.434598e+02
482	1.465937e+01	2.762888e+03	3.984753e+02	4.833958e+02	8.037524e+01	4.376744e+01	1.437527e+02
483	1.468978e+01	2.838239e+03	3.978697e+02	4.831186e+02	8.130791e+01	4.444535e+01	1.414525e+02
484	1.472019e+01	2.741214e+03	3.988885e+02	4.838217e+02	8.004355e+01	4.360404e+01	1.436925e+02
485	1.475061e+01	2.747198e+03	3.987593e+02	4.837390e+02	8.067554e+01	4.335689e+01	1.428491e+02
486	1.478102e+01	2.775047e+03	3.988853e+02	4.839099e+02	8.111958e+01	4.355667e+01	1.423123e+02
487	1.481144e+01	2.754159e+03	3.991727e+02	4.841130e+02	8.026569e+01	4.368870e+01	1.425080e+02
488	1.484185e+01	2.750228e+03	3.994075e+02	4.843254e+02	8.018098e+01	4.367243e+01	1.432785e+02
489	1.487226e+01	2.757209e+03	3.994844e+02	4.843142e+02	8.030611e+01	4.371508e+01	1.428568e+02
490	1.490268e+01	2.761268e+03	3.997162e+02	4.844969e+02	8.038361e+01	4.373722e+01	1.424286e+02
491	1.493309e+01	2.772480e+03	3.998611e+02	4.847377e+02	8.016737e+01	4.403327e+01	1.424629e+02
492	1.496350e+01	2.756273e+03	4.001771e+02	4.847787e+02	8.017228e+01	4.377317e+01	1.424078e+02
493	1.499392e+01	2.742070e+03	4.004049e+02	4.848572e+02	8.050508e+01	4.336760e+01	1.422305e+02
494	1.502433e+01	2.755036e+03	4.006182e+02	4.850488e+02	8.045232e+01	4.360123e+01	1.421746e+02
495	1.505474e+01	2.774418e+03	4.006589e+02	4.851834e+02	8.013662e+01	4.408096e+01	1.417360e+02
496	1.508516e+01	2.740476e+03	4.009720e+02	4.852381e+02	8.015745e+01	4.353036e+01	1.417444e+02
497	1.511557e+01	2.783959e+03	4.006507e+02	4.853502e+02	8.030614e+01	4.413917e+01	1.412111e+02
498	1.514599e+01	2.777895e+03	4.009541e+02	4.855809e+02	8.005506e+01	4.418116e+01	1.413391e+02
499	1.517640e+01	2.738229e+03	4.013609e+02	4.855768e+02	8.014049e+01	4.350387e+01	1.413184e+02
500	1.520681e+01	2.754137e+03	4.014294e+02	4.857234e+02	8.031218e+01	4.366306e+01	1.412985e+02
501	1.523723e+01	2.741665e+03	4.016946e+02	4.857336e+02	8.033244e+01	4.345437e+01	1.415306e+02
502	1.526764e+01	2.735929e+03	4.018688e+02	4.858741e+02	8.026274e+01	4.340112e+01	1.409648e+02
503	1.529805e+01	2.748889e+03	4.020475e+02	4.860141e+02	8.037559e+01	4.354548e+01	1.410737e+02
504	1.532847e+01	2.750510e+03	4.022553e+02	4.860308e+02	8.046634e+01	4.352203e+01	1.408130e+02
505	1.535888e+01	2.771541e+03	4.022760e+02	4.863463e+02	8.012859e+01	4.403965e+01	1.404416e+02
506	1.538929e+01	2.753740e+03	4.025763e+02	4.862246e+02	8.067361e+01	4.346119e+01	1.400598e+02
507	1.541971e+01	2.760889e+03	4.028203e+02	4.864382e+02	8.075658e+01	4.352925e+01	1.397098e+02
508	1.545012e+01	2.817002e+03	4.028367e+02	4.870369e+02	7.993636e+01	4.486967e+01	1.403009e+02
509	1.548054e+01	2.744820e+03	4.031958e+02	4.867204e+02	8.027427e+01	4.353592e+01	1.394667e+02
510	1.551095e+01	2.743900e+03	4.033900e+02	4.867851e+02	8.012996e+01	4.359970e+01	1.391902e+02
511	1.554136e+01	2.756862e+03	4.035687e+02	4.868441e+02	8.066788e+01	4.351355e+01	1.386347e+02
512	1.557178e+01	2.746216e+03	4.039327e+02	4.869871e+02	8.062264e+01	4.336984e+01	1.386692e+02
513	1.560219e+01	2.788890e+03	4.037384e+02	4.872423e+02	7.966764e+01	4.457174e+01	1.386043e+02
514	1.563260e+01	2.798167e+03	4.040513e+02	4.873472e+02	8.001669e+01	4.452492e+01	1.381922e+02
515	1.566302e+01	2.766104e+03	4.044729e+02	4.873354e+02	8.081821e+01	4.357821e+01	1.381442e+02
516	1.569343e+01	2.766772e+03	4.044869e+02	4.873474e+02	8.082123e+01	4.358711e+01	1.377574e+02
517	1.572384e+01	2.757875e+03	4.048925e+02	4.874553e+02	8.073060e+01	4.349572e+01	1.378703e+02
518	1.575426e+01	2.753378e+03	4.050743e+02	4.875992e+02	8.056087e+01	4.351628e+01	1.371837e+02
519	1.578467e+01	2.815917e+03	4.048580e+02	4.878185e+02	8.015738e+01	4.472872e+01	1.367685e+02
520	1.581509e+01	2.748979e+03	4.055064e+02	4.878676e+02	8.063499e+01	4.340683e+01	1.368081e+02
521	1.584550e+01	2.755096e+03	4.057707e+02	4.880733e+02	8.079922e+01	4.341499e+01	1.367457e+02
522	1.587591e+01	2.803399e+03	4.054985e+02	4.884243e+02	8.003847e+01	4.459604e+01	1.364087e+02
523	1.590633e+01	2.761255e+03	4.058846e+02	4.882111e+02	8.088047e+01	4.346833e+01	1.359054e+02
524	1.593674e+01	2.751284e+03	4.061963e+02	4.881903e+02	8.074447e+01	4.338431e+01	1.361407e+02
525	1.596715e+01	2.761698e+03	4.063459e+02	4.883737e+02	8.083727e+01	4.349854e+01	1.358486e+02
526	1.599757e+01	2.754442e+03	4.065268e+02	4.884372e+02	8.073817e+01	4.343750e+01	1.357591e+02
527	1.602798e+01	2.762247e+03	4.066843e+02	4.884457e+02	8.068900e+01	4.358714e+01	1.354212e+02
528	1.605839e+01	2.762691e+03	4.068253e+02	4.887320e+02	8.075678e+01	4.355754e+01	1.356258e+02
529	1.608881e+01	2.766651e+03	4.068911e+02	4.885974e+02	8.069863e+01	4.365142e+01	1.353788e+02
530	1.611922e+01	2.757034e+03	4.071142e+02	4.887088e+02	8.070768e+01	4.349480e+01	1.353188e+02
531	1.614964e+01	2.760368e+03	4.074105e+02	4.887695e+02	8.106859e+01	4.335353e+01	1.352462e+02
532	1.618005e+01	2.780523e+03	4.073481e+02	4.889180e+02	8.063033e+01	4.390745e+01	1.346493e+02
533	1.621046e+01	2.767303e+03	4.074958e+02	4.889744e+02	8.035999e+01	4.384569e+01	1.337205e+02
534	1.624088e+01	2.749984e+03	4.079716e+02	4.891268e+02	8.062350e+01	4.342887e+01	1.344984e+02
535	1.627129e+01	2.760512e+03	4.080840e+02	4.892390e+02	8.054034e+01	4.364016e+01	1.343119e+02
536	1.630170e+01	2.745981e+03	4.084176e+02	4.892188e+02	8.049619e+01	4.343424e+01	1.343706e+02
537	1.633212e+01	2.748432e+03	4.084550e+02	4.893169e+02	8.060735e+01	4.341307e+01	1.343755e+02
538	1.636253e+01	2.755424e+03	4.084721e+02	4.892321e+02	8.091705e+01	4.335694e+01	1.339445e+02
539	1.639294e+01	2.747514e+03	4.088258e+02	4.895053e+02	8.069700e+01	4.335036e+01	1.333287e+02
540	1.642336e+01	2.747817e+03	4.090617e+02	4.896181e+02	8.071378e+01	4.334612e+01	1.333365e+02
541	1.645377e+01	2.747987e+03	4.093117e+02	4.897656e+02	8.044496e+01	4.349366e+01	1.331285e+02
542	1.648418e+01	2.763751e+03	4.093086e+02	4.897644e+02	8.095068e+01	4.346988e+01	1.325907e+02
543	1.651460e+01	2.749572e+03	4.097580e+02	4.899381e+02	8.054121e+01	4.346674e+01	1.324627e+02
544	1.654501e+01	2.753617e+03	4.098471e+02	4.899178e+02	8.062268e+01	4.348670e+01	1.323159e+02
545	1.657543e+01	2.756515e+03	4.100404e+02	4.900343e+02	8.056198e+01	4.356526e+01	1.321266e+02
546	1.660584e+01	2.764331e+03	4.100702e+02	4.900927e+02	8.134492e+01	4.326829e+01	1.309325e+02
547	1.663625e+01	2.769062e+03	4.105036e+02	4.903081e+02	8.043783e+01	4.383112e+01	1.315377e+02
548	1.666667e+01	2.760659e+03	4.106000e+02	4.904754e+02	8.083046e+01	4.348584e+01	1.309634e+02
549	1.669708e+01	2.751169e+03	4.108124e+02	4.904297e+02	8.056741e+01	4.347784e+01	1.314790e+02
550	1.672749e+01	2.755239e+03	4.111199e+02	4.905956e+02	8.077168e+01	4.343204e+01	1.312565e+02
551	1.675791e+01	2.782549e+03	4.111383e+02	4.907667e+02	8.124496e+01	4.360703e+01	1.305124e+02
552	1.678832e+01	2.763119e+03	4.112692e+02	4.905178e+02	8.120335e+01	4.332472e+01	1.303810e+02
553	1.681873e+01	2.752840e+03	4.116889e+02	4.908702e+02	8.070811e+01	4.342840e+01	1.298915e+02
554	1.684915e+01	2.760734e+03	4.119221e+02	4.907987e+02	8.141993e+01	4.317218e+01	1.296673e+02
555	1.687956e+01	2.776534e+03	4.119716e+02	4.909102e+02	8.109234e+01	4.359466e+01	1.292480e+02
556	1.690998e+01	2.759959e+03	4.123588e+02	4.910806e+02	8.107970e+01	4.334117e+01	1.296363e+02
557	1.694039e+01	2.757007e+03	4.126328e+02	4.911236e+02	8.097495e+01	4.335082e+01	1.293604e+02
558	1.697080e+01	2.745849e+03	4.127242e+02	4.912844e+02	8.065867e+01	4.334468e+01	1.288187e+02
559	1.700122e+01	2.748590e+03	4.129272e+02	4.912512e+02	8.075626e+01	4.333550e+01	1.290526e+02
560	1.703163e+01	2.762743e+03	4.128401e+02	4.913488e+02	8.095403e+01	4.345224e+01	1.279573e+02
561	1.706204e+01	2.770374e+03	4.132168e+02	4.914481e+02	8.120717e+01	4.343643e+01	1.284222e+02
562	1.709246e+01	2.750223e+03	4.134677e+02	4.914345e+02	8.113757e+01	4.315748e+01	1.284170e+02
563	1.712287e+01	2.759073e+03	4.136190e+02	4.915134e+02	8.114554e+01	4.329210e+01	1.281310e+02
564	1.715328e+01	2.754034e+03	4.140114e+02	4.917402e+02	8.083997e+01	4.337637e+01	1.280299e+02
565	1.718370e+01	2.757514e+03	4.142696e+02	4.916730e+02	8.097782e+01	4.335725e+01	1.280417e+02
566	1.721411e+01	2.765727e+03	4.142294e+02	4.917764e+02	8.165181e+01	4.312744e+01	1.275109e+02
567	1.724453e+01	2.748358e+03	4.144460e+02	4.918989e+02	8.084958e+01	4.328184e+01	1.273769e+02
568	1.727494e+01	2.762150e+03	4.142849e+02	4.918484e+02	8.118544e+01	4.331908e+01	1.268976e+02
569	1.730535e+01	2.805091e+03	4.140173e+02	4.917059e+02	8.314303e+01	4.295673e+01	1.264693e+02
570	1.733577e+01	2.771957e+03	4.148754e+02	4.921515e+02	8.088725e+01	4.363315e+01	1.270903e+02
571	1.736618e+01	2.750647e+03	4.151082e+02	4.921173e+02	8.104343e+01	4.321427e+01	1.270956e+02
572	1.739659e+01	2.752231e+03	4.153373e+02	4.921718e+02	8.085880e+01	4.333788e+01	1.269160e+02
573	1.742701e+01	2.747209e+03	4.155425e+02	4.921924e+02	8.083392e+01	4.327212e+01	1.267775e+02
574	1.745742e+01	2.753971e+03	4.158687e+02	4.923088e+02	8.102919e+01	4.327410e+01	1.265948e+02
575	1.748783e+01	2.769389e+03	4.158140e+02	4.922923e+02	8.132607e+01	4.335751e+01	1.257577e+02
576	1.751825e+01	2.745079e+03	4.162365e+02	4.924290e+02	8.083935e+01	4.323566e+01	1.258293e+02
577	1.754866e+01	2.763649e+03	4.164927e+02	4.925630e+02	8.127367e+01	4.329554e+01	1.258277e+02
578	1.757908e+01	2.770750e+03	4.164947e+02	4.926307e+02	8.121931e+01	4.343584e+01	1.254002e+02
579	1.760949e+01	2.753413e+03	4.168276e+02	4.926663e+02	8.096727e+01	4.329842e+01	1.254329e+02
580	1.763990e+01	2.750649e+03	4.171139e+02	4.927390e+02	8.095406e+01	4.326200e+01	1.252431e+02
581	1.767032e+01	2.751556e+03	4.171246e+02	4.927997e+02	8.115939e+01	4.316679e+01	1.250831e+02
582	1.770073e+01	2.810024e+03	4.168110e+02	4.929342e+02	8.155514e+01	4.387012e+01	1.236656e+02
583	1.773114e+01	2.754045e+03	4.175938e+02	4.928966e+02	8.121539e+01	4.317605e+01	1.247347e+02
584	1.776156e+01	2.772361e+03	4.175673e+02	4.929533e+02	8.139172e+01	4.336903e+01	1.243837e+02
585	1.779197e+01	2.750213e+03	4.178925e+02	4.930247e+02	8.105321e+01	4.320224e+01	1.247088e+02
586	1.782238e+01	2.763389e+03	4.178938e+02	4.930083e+02	8.150215e+01	4.317010e+01	1.241586e+02
587	1.785280e+01	2.759521e+03	4.183652e+02	4.933245e+02	8.085068e+01	4.345705e+01	1.244670e+02
588	1.788321e+01	2.786015e+03	4.183365e+02	4.935179e+02	8.064779e+01	4.398465e+01	1.243068e+02
589	1.791363e+01	2.755379e+03	4.187636e+02	4.933954e+02	8.110093e+01	4.325792e+01	1.242548e+02
590	1.794404e+01	2.774381e+03	4.186462e+02	4.933727e+02	8.139927e+01	4.339660e+01	1.233669e+02
591	1.797445e+01	2.751730e+03	4.189884e+02	4.934703e+02	8.124240e+01	4.312541e+01	1.239723e+02
592	1.800487e+01	2.754042e+03	4.193426e+02	4.934873e+02	8.093093e+01	4.332774e+01	1.238831e+02
593	1.803528e+01	2.751180e+03	4.194813e+02	4.936475e+02	8.112830e+01	4.317743e+01	1.235206e+02
594	1.806569e+01	2.756904e+03	4.195803e+02	4.936949e+02	8.091962e+01	4.337883e+01	1.235719e+02
595	1.809611e+01	2.764121e+03	4.198313e+02	4.937950e+02	8.124867e+01	4.331626e+01	1.229841e+02
596	1.812652e+01	2.747046e+03	4.201142e+02	4.938561e+02	8.084593e+01	4.326313e+01	1.235260e+02
597	1.815693e+01	2.772082e+03	4.200869e+02	4.938027e+02	8.133670e+01	4.339400e+01	1.227688e+02
598	1.818735e+01	2.752694e+03	4.204924e+02	4.939109e+02	8.105743e+01	4.323897e+01	1.230455e+02
599	1.821776e+01	2.781194e+03	4.205199e+02	4.939995e+02	8.146767e+01	4.346664e+01	1.221281e+02
600	1.824818e+01	2.742618e+03	4.209662e+02	4.940887e+02	8.086449e+01	4.318348e+01	1.226987e+02
601	1.827859e+01	2.759385e+03	4.209038e+02	4.941067e+02	8.121004e+01	4.326261e+01	1.224903e+02
602	1.830900e+01	2.747062e+03	4.211761e+02	4.941782e+02	8.122475e+01	4.306160e+01	1.222878e+02
603	1.833942e+01	2.758058e+03	4.214604e+02	4.942842e+02	8.101810e+01	4.334425e+01	1.221154e+02
604	1.836983e+01	2.749269e+03	4.217455e+02	4.942920e+02	8.106196e+01	4.318274e+01	1.220365e+02
605	1.840024e+01	2.772620e+03	4.216604e+02	4.942878e+02	8.164391e+01	4.323910e+01	1.215146e+02
606	1.843066e+01	2.747421e+03	4.219873e+02	4.944324e+02	8.092877e+01	4.322473e+01	1.217317e+02
607	1.846107e+01	2.757125e+03	4.221945e+02	4.945087e+02	8.119585e+01	4.323472e+01	1.214882e+02
608	1.849148e+01	2.738763e+03	4.224893e+02	4.945272e+02	8.082578e+01	4.314342e+01	1.214905e+02
609	1.852190e+01	2.754557e+03	4.227201e+02	4.947085e+02	8.109790e+01	4.324663e+01	1.211872e+02
610	1.855231e+01	2.746425e+03	4.228651e+02	4.948045e+02	8.116179e+01	4.308501e+01	1.212333e+02
611	1.858273e+01	2.741844e+03	4.231858e+02	4.949307e+02	8.067661e+01	4.327183e+01	1.212560e+02
612	1.861314e+01	2.748373e+03	4.233323e+02	4.949905e+02	8.088279e+01	4.326429e+01	1.210874e+02
613	1.864355e+01	2.742760e+03	4.233130e+02	4.950045e+02	8.103495e+01	4.309486e+01	1.209013e+02
614	1.867397e+01	2.751675e+03	4.237124e+02	4.950692e+02	8.129128e+01	4.309861e+01	1.209724e+02
615	1.870438e+01	2.751730e+03	4.239701e+02	4.952336e+02	8.087225e+01	4.332278e+01	1.210396e+02
616	1.873479e+01	2.753803e+03	4.241066e+02	4.952839e+02	8.113938e+01	4.321268e+01	1.208263e+02
617	1.876521e+01	2.756813e+03	4.242243e+02	4.952030e+02	8.118152e+01	4.323746e+01	1.206645e+02
618	1.879562e+01	2.752056e+03	4.244691e+02	4.952994e+02	8.135787e+01	4.306931e+01	1.204876e+02
619	1.882603e+01	2.752329e+03	4.248293e+02	4.954211e+02	8.099927e+01	4.326427e+01	1.204381e+02
620	1.885645e+01	2.750873e+03	4.248696e+02	4.953599e+02	8.089583e+01	4.329668e+01	1.201832e+02
621	1.888686e+01	2.737963e+03	4.252090e+02	4.954423e+02	8.110332e+01	4.298323e+01	1.198583e+02
622	1.891727e+01	2.763534e+03	4.253964e+02	4.955374e+02	8.143021e+01	4.321050e+01	1.197271e+02
623	1.894769e+01	2.751054e+03	4.256142e+02	4.956269e+02	8.117130e+01	4.315258e+01	1.196182e+02
624	1.897810e+01	2.759442e+03	4.257308e+02	4.956610e+02	8.127135e+01	4.323086e+01	1.195034e+02
625	1.900852e+01	2.740557e+03	4.260431e+02	4.957427e+02	8.096418e+01	4.309789e+01	1.189755e+02
626	1.903893e+01	2.757371e+03	4.262536e+02	4.957964e+02	8.116885e+01	4.325297e+01	1.191570e+02
627	1.906934e+01	2.746603e+03	4.265086e+02	4.958410e+02	8.114891e+01	4.309465e+01	1.191129e+02
628	1.909976e+01	2.759694e+03	4.263860e+02	4.958750e+02	8.126177e+01	4.323991e+01	1.188902e+02
629	1.913017e+01	2.746508e+03	4.267266e+02	4.960146e+02	8.094008e+01	4.320435e+01	1.187318e+02
630	1.916058e+01	2.748579e+03	4.270265e+02	4.960210e+02	8.119228e+01	4.310261e+01	1.186162e+02
631	1.919100e+01	2.751261e+03	4.272095e+02	4.960650e+02	8.123088e+01	4.312416e+01	1.184147e+02
632	1.922141e+01	2.760505e+03	4.272790e+02	4.960565e+02	8.115993e+01	4.330689e+01	1.180249e+02
633	1.925182e+01	2.759810e+03	4.275252e+02	4.961803e+02	8.099560e+01	4.338382e+01	1.181016e+02
634	1.928224e+01	2.787742e+03	4.273964e+02	4.960903e+02	8.216876e+01	4.319724e+01	1.170975e+02
635	1.931265e+01	2.759649e+03	4.279183e+02	4.961969e+02	8.111349e+01	4.331824e+01	1.177776e+02
636	1.934307e+01	2.768797e+03	4.279449e+02	4.962910e+02	8.162169e+01	4.319123e+01	1.172160e+02
637	1.937348e+01	2.755804e+03	4.283188e+02	4.963868e+02	8.101172e+01	4.331224e+01	1.171482e+02
638	1.940389e+01	2.750687e+03	4.285805e+02	4.964472e+02	8.111996e+01	4.317413e+01	1.171613e+02
639	1.943431e+01	2.763140e+03	4.286649e+02	4.965552e+02	8.108202e+01	4.338988e+01	1.170026e+02
640	1.946472e+01	2.747367e+03	4.291184e+02	4.965168e+02	8.132424e+01	4.301369e+01	1.171365e+02
641	1.949513e+01	2.759543e+03	4.291839e+02	4.964465e+02	8.124927e+01	4.324420e+01	1.169095e+02
642	1.952555e+01	2.757436e+03	4.293583e+02	4.964559e+02	8.160118e+01	4.302483e+01	1.165132e+02
643	1.955596e+01	2.757800e+03	4.296441e+02	4.966012e+02	8.150856e+01	4.307940e+01	1.162810e+02
644	1.958637e+01	2.743403e+03	4.298299e+02	4.966023e+02	8.130509e+01	4.296175e+01	1.166472e+02
645	1.961679e+01	2.753592e+03	4.298851e+02	4.966602e+02	8.138517e+01	4.307888e+01	1.161668e+02
646	1.964720e+01	2.752599e+03	4.302995e+02	4.967365e+02	8.160983e+01	4.294480e+01	1.163465e+02
647	1.967762e+01	2.740698e+03	4.306753e+02	4.968265e+02	8.131676e+01	4.291323e+01	1.167112e+02
648	1.970803e+01	2.758738e+03	4.305624e+02	4.966991e+02	8.190243e+01	4.288681e+01	1.161013e+02
649	1.973844e+01	2.735707e+03	4.309771e+02	4.968812e+02	8.089651e+01	4.305760e+01	1.160565e+02
650	1.976886e+01	2.744842e+03	4.312906e+02	4.969258e+02	8.117496e+01	4.305320e+01	1.158659e+02
651	1.979927e+01	2.743006e+03	4.315088e+02	4.969511e+02	8.133369e+01	4.294043e+01	1.157738e+02
652	1.982968e+01	2.733519e+03	4.317151e+02	4.970415e+02	8.091256e+01	4.301464e+01	1.157499e+02
653	1.986010e+01	2.735333e+03	4.318428e+02	4.970964e+02	8.098592e+01	4.300420e+01	1.157233e+02
654	1.989051e+01	2.732519e+03	4.320557e+02	4.970713e+02	8.097937e+01	4.296342e+01	1.156607e+02
655	1.992092e+01	2.744552e+03	4.322677e+02	4.971751e+02	8.118961e+01	4.304087e+01	1.154452e+02
656	1.995134e+01	2.743963e+03	4.325069e+02	4.971742e+02	8.124960e+01	4.299987e+01	1.153738e+02
657	1.998175e+01	2.737361e+03	4.327256e+02	4.972681e+02	8.125771e+01	4.289213e+01	1.151137e+02
658	2.001217e+01	2.731569e+03	4.329493e+02	4.973297e+02	8.088581e+01	4.299817e+01	1.150415e+02
659	2.004258e+01	2.751928e+03	4.332073e+02	4.973601e+02	8.128347e+01	4.310672e+01	1.150174e+02
660	2.007299e+01	2.728289e+03	4.334391e+02	4.973713e+02	8.098986e+01	4.289137e+01	1.149596e+02
661	2.010341e+01	2.738306e+03	4.335671e+02	4.973899e+02	8.107590e+01	4.300316e+01	1.147998e+02
662	2.013382e+01	2.736930e+03	4.336401e+02	4.974622e+02	8.100462e+01	4.301937e+01	1.146168e+02
663	2.016423e+01	2.738357e+03	4.339276e+02	4.975655e+02	8.092709e+01	4.308304e+01	1.150055e+02
664	2.019465e+01	2.736199e+03	4.341576e+02	4.974990e+02	8.127904e+01	4.286268e+01	1.144045e+02
665	2.022506e+01	2.737154e+03	4.344352e+02	4.976386e+02	8.087060e+01	4.309418e+01	1.145041e+02
666	2.025547e+01	2.736724e+03	4.346142e+02	4.976312e+02	8.108060e+01	4.297581e+01	1.144901e+02
667	2.028589e+01	2.740279e+03	4.347352e+02	4.977029e+02	8.103926e+01	4.305359e+01	1.145032e+02
668	2.031630e+01	2.741486e+03	4.349870e+02	4.976703e+02	8.116927e+01	4.300357e+01	1.146868e+02
669	2.034672e+01	2.740922e+03	4.352840e+02	4.977383e+02	8.106395e+01	4.305059e+01	1.142140e+02
670	2.037713e+01	2.735972e+03	4.354374e+02	4.978528e+02	8.103792e+01	4.298664e+01	1.144966e+02
671	2.040754e+01	2.746839e+03	4.354726e+02	4.978208e+02	8.115966e+01	4.309264e+01	1.142385e+02
672	2.043796e+01	2.737805e+03	4.358370e+02	4.980193e+02	8.112471e+01	4.296942e+01	1.140897e+02
673	2.046837e+01	2.742842e+03	4.360799e+02	4.980386e+02	8.122321e+01	4.299627e+01	1.138470e+02
674	2.049878e+01	2.739102e+03	4.362133e+02	4.980563e+02	8.109398e+01	4.300607e+01	1.139722e+02
675	2.052920e+01	2.763630e+03	4.362454e+02	4.980536e+02	8.165047e+01	4.309544e+01	1.134778e+02
676	2.055961e+01	2.723937e+03	4.366445e+02	4.981470e+02	8.077663e+01	4.293599e+01	1.138851e+02
677	2.059002e+01	2.763396e+03	4.366024e+02	4.981277e+02	8.175489e+01	4.303676e+01	1.133176e+02
678	2.062044e+01	2.743017e+03	4.369967e+02	4.981984e+02	8.102753e+01	4.310286e+01	1.133489e+02
679	2.065085e+01	2.738652e+03	4.372836e+02	4.983384e+02	8.098940e+01	4.305452e+01	1.130927e+02
680	2.068127e+01	2.731307e+03	4.374610e+02	4.983154e+02	8.086900e+01	4.300298e+01	1.132785e+02
681	2.071168e+01	2.743749e+03	4.377337e+02	4.984357e+02	8.119713e+01	4.302430e+01	1.130460e+02
682	2.074209e+01	2.744243e+03	4.378861e+02	4.985116e+02	8.115400e+01	4.305492e+01	1.131416e+02
683	2.077251e+01	2.744429e+03	4.379886e+02	4.985199e+02	8.126387e+01	4.299963e+01	1.128883e+02
684	2.080292e+01	2.738931e+03	4.383294e+02	4.985246e+02	8.090208e+01	4.310539e+01	1.127022e+02
685	2.083333e+01	2.746016e+03	4.384955e+02	4.985784e+02	8.090820e+01	4.321362e+01	1.125424e+02
686	2.086375e+01	2.736134e+03	4.387793e+02	4.984929e+02	8.124488e+01	4.287967e+01	1.127923e+02
687	2.089416e+01	2.752970e+03	4.389658e+02	4.985188e+02	8.123113e+01	4.315083e+01	1.127607e+02
688	2.092457e+01	2.749379e+03	4.391545e+02	4.985643e+02	8.102612e+01	4.320357e+01	1.124385e+02
689	2.095499e+01	2.760031e+03	4.393914e+02	4.985623e+02	8.155705e+01	4.308861e+01	1.122162e+02
690	2.098540e+01	2.755048e+03	4.396768e+02	4.986830e+02	8.108617e+01	4.326060e+01	1.120733e+02
691	2.101582e+01	2.740672e+03	4.398710e+02	4.987190e+02	8.117142e+01	4.298966e+01	1.120777e+02
692	2.104623e+01	2.762630e+03	4.399306e+02	4.987909e+02	8.195261e+01	4.292102e+01	1.115305e+02
693	2.107664e+01	2.743290e+03	4.402062e+02	4.987204e+02	8.114862e+01	4.304282e+01	1.116666e+02
694	2.110706e+01	2.741892e+03	4.403742e+02	4.988078e+02	8.136519e+01	4.290637e+01	1.118457e+02
695	2.113747e+01	2.748222e+03	4.407003e+02	4.989003e+02	8.122140e+01	4.308157e+01	1.120128e+02
696	2.116788e+01	2.751484e+03	4.407796e+02	4.989523e+02	8.126141e+01	4.311146e+01	1.122086e+02
697	2.119830e+01	2.745479e+03	4.408973e+02	4.989653e+02	8.125938e+01	4.301845e+01	1.120138e+02
698	2.122871e+01	2.739768e+03	4.411461e+02	4.990900e+02	8.119402e+01	4.296352e+01	1.120678e+02
699	2.125912e+01	2.735325e+03	4.413116e+02	4.990491e+02	8.100050e+01	4.299632e+01	1.122770e+02
700	2.128954e+01	2.739558e+03	4.415379e+02	4.991131e+02	8.128636e+01	4.291143e+01	1.122240e+02
701	2.131995e+01	2.751885e+03	4.417507e+02	4.992174e+02	8.133935e+01	4.307643e+01	1.122948e+02
702	2.135036e+01	2.745480e+03	4.420689e+02	4.992900e+02	8.109717e+01	4.310450e+01	1.119841e+02
703	2.138078e+01	2.736538e+03	4.422282e+02	4.993387e+02	8.107294e+01	4.297696e+01	1.120115e+02
704	2.141119e+01	2.747139e+03	4.424745e+02	4.993930e+02	8.131932e+01	4.301274e+01	1.119719e+02
705	2.144161e+01	2.741271e+03	4.427417e+02	4.994833e+02	8.113685e+01	4.301738e+01	1.116759e+02
706	2.147202e+01	2.744427e+03	4.429486e+02	4.994889e+02	8.125005e+01	4.300690e+01	1.114789e+02
707	2.150243e+01	2.742204e+03	4.431225e+02	4.994439e+02	8.136096e+01	4.291349e+01	1.115578e+02
708	2.153285e+01	2.747575e+03	4.432243e+02	4.995565e+02	8.149970e+01	4.292434e+01	1.111569e+02
709	2.156326e+01	2.752878e+03	4.435710e+02	4.995181e+02	8.140852e+01	4.305537e+01	1.114271e+02
710	2.159367e+01	2.746889e+03	4.437169e+02	4.995132e+02	8.137129e+01	4.298135e+01	1.111726e+02
711	2.162409e+01	2.745077e+03	4.438502e+02	4.995354e+02	8.136347e+01	4.295712e+01	1.110327e+02
712	2.165450e+01	2.744920e+03	4.440428e+02	4.994867e+02	8.128579e+01	4.299571e+01	1.109406e+02
713	2.168491e+01	2.735458e+03	4.441933e+02	4.994921e+02	8.093710e+01	4.303210e+01	1.107936e+02
714	2.171533e+01	2.747077e+03	4.444124e+02	4.994052e+02	8.139284e+01	4.297290e+01	1.106085e+02
715	2.174574e+01	2.757710e+03	4.446770e+02	4.994478e+02	8.162325e+01	4.301746e+01	1.106032e+02
716	2.177616e+01	2.755582e+03	4.448617e+02	4.995923e+02	8.131001e+01	4.314986e+01	1.105106e+02
717	2.180657e+01	2.739330e+03	4.449869e+02	4.996145e+02	8.139587e+01	4.285012e+01	1.101210e+02
718	2.183698e+01	2.743446e+03	4.452522e+02	4.996618e+02	8.134857e+01	4.293947e+01	1.098617e+02
719	2.186740e+01	2.752074e+03	4.455080e+02	4.997536e+02	8.154056e+01	4.297309e+01	1.098104e+02
720	2.189781e+01	2.755466e+03	4.456059e+02	4.996931e+02	8.140684e+01	4.309672e+01	1.097849e+02
721	2.192822e+01	2.736950e+03	4.457504e+02	4.996696e+02	8.127778e+01	4.287510e+01	1.099505e+02
722	2.195864e+01	2.749430e+03	4.463953e+02	4.998118e+02	8.134235e+01	4.303641e+01	1.089467e+02
723	2.198905e+01	2.727510e+03	4.466930e+02	4.997786e+02	8.102193e+01	4.286214e+01	1.092071e+02
724	2.201946e+01	2.734390e+03	4.469001e+02	4.997859e+02	8.121417e+01	4.286855e+01	1.090487e+02
725	2.204988e+01	2.744891e+03	4.471100e+02	4.998527e+02	8.117200e+01	4.305553e+01	1.092180e+02
726	2.208029e+01	2.753049e+03	4.471471e+02	4.998124e+02	8.153539e+01	4.299104e+01	1.086637e+02
727	2.211071e+01	2.745328e+03	4.473057e+02	4.998113e+02	8.129823e+01	4.299552e+01	1.086687e+02
728	2.214112e+01	2.756715e+03	4.476245e+02	4.997998e+02	8.178188e+01	4.291853e+01	1.087716e+02
729	2.217153e+01	2.770349e+03	4.475425e+02	4.997987e+02	8.189323e+01	4.307216e+01	1.083626e+02
730	2.220195e+01	2.740705e+03	4.480861e+02	4.998825e+02	8.111181e+01	4.302178e+01	1.086588e+02
731	2.223236e+01	2.732788e+03	4.483558e+02	4.998749e+02	8.110142e+01	4.290299e+01	1.087299e+02
732	2.226277e+01	2.736821e+03	4.484774e+02	4.999634e+02	8.110316e+01	4.296539e+01	1.087351e+02
733	2.229319e+01	2.733424e+03	4.486490e+02	4.999455e+02	8.097793e+01	4.297842e+01	1.085776e+02
734	2.232360e+01	2.748079e+03	4.486802e+02	4.999950e+02	8.139156e+01	4.298926e+01	1.083441e+02
735	2.235401e+01	2.740464e+03	4.491121e+02	4.999829e+02	8.136147e+01	4.288599e+01	1.083954e+02
736	2.238443e+01	2.745545e+03	4.492245e+02	4.999727e+02	8.141301e+01	4.293831e+01	1.085367e+02
737	2.241484e+01	2.742698e+03	4.492291e+02	4.999893e+02	8.128754e+01	4.295998e+01	1.079059e+02
738	2.244526e+01	2.738315e+03	4.497800e+02	5.000507e+02	8.133717e+01	4.286516e+01	1.081186e+02
739	2.247567e+01	2.749125e+03	4.497318e+02	5.000213e+02	8.142699e+01	4.298692e+01	1.080378e+02
740	2.250608e+01	2.741655e+03	4.501658e+02	5.001210e+02	8.112477e+01	4.302981e+01	1.080229e+02
741	2.253650e+01	2.739792e+03	4.503065e+02	5.000953e+02	8.140805e+01	4.285095e+01	1.079970e+02
742	2.256691e+01	2.743710e+03	4.503946e+02	5.001277e+02	8.117632e+01	4.303472e+01	1.080252e+02
743	2.259732e+01	2.736569e+03	4.506808e+02	5.002049e+02	8.139664e+01	4.280653e+01	1.078470e+02
744	2.262774e+01	2.739728e+03	4.507796e+02	5.001209e+02	8.126368e+01	4.292607e+01	1.077429e+02
745	2.265815e+01	2.742646e+03	4.510179e+02	5.001794e+02	8.129073e+01	4.295749e+01	1.073542e+02
746	2.268856e+01	2.737416e+03	4.511934e+02	5.002418e+02	8.130788e+01	4.286652e+01	1.072621e+02
747	2.271898e+01	2.736143e+03	4.513527e+02	5.001848e+02	8.122437e+01	4.289064e+01	1.071354e+02
748	2.274939e+01	2.754267e+03	4.512408e+02	5.001965e+02	8.198203e+01	4.277573e+01	1.064362e+02
749	2.277981e+01	2.734117e+03	4.518759e+02	5.002247e+02	8.103809e+01	4.295740e+01	1.069533e+02
750	2.281022e+01	2.736482e+03	4.519740e+02	5.001781e+02	8.136107e+01	4.282388e+01	1.069973e+02
751	2.284063e+01	2.738827e+03	4.522348e+02	5.001684e+02	8.120709e+01	4.294185e+01	1.068203e+02
752	2.287105e+01	2.744715e+03	4.523944e+02	5.002323e+02	8.162768e+01	4.281243e+01	1.066206e+02
753	2.290146e+01	2.740880e+03	4.526538e+02	5.001966e+02	8.146735e+01	4.283676e+01	1.061715e+02
754	2.293187e+01	2.739189e+03	4.527713e+02	5.001756e+02	8.151566e+01	4.278495e+01	1.061773e+02
755	2.296229e+01	2.742744e+03	4.530106e+02	5.001934e+02	8.140050e+01	4.290109e+01	1.063003e+02
756	2.299270e+01	2.740632e+03	4.531335e+02	5.002453e+02	8.138970e+01	4.287374e+01	1.061074e+02
757	2.302311e+01	2.755848e+03	4.534481e+02	5.002785e+02	8.158862e+01	4.300667e+01	1.059231e+02
758	2.305353e+01	2.752659e+03	4.535089e+02	5.002562e+02	8.173970e+01	4.287750e+01	1.059031e+02
759	2.308394e+01	2.746677e+03	4.538593e+02	5.003223e+02	8.121738e+01	4.305947e+01	1.060158e+02
760	2.311436e+01	2.751216e+03	4.537773e+02	5.003192e+02	8.146512e+01	4.299947e+01	1.057142e+02
761	2.314477e+01	2.752139e+03	4.539491e+02	5.003086e+02	8.151062e+01	4.298989e+01	1.058768e+02
762	2.317518e+01	2.752328e+03	4.544155e+02	5.004283e+02	8.159856e+01	4.294650e+01	1.056702e+02
763	2.320560e+01	2.754809e+03	4.545465e+02	5.003251e+02	8.153743e+01	4.301744e+01	1.054356e+02
764	2.323601e+01	2.728817e+03	4.547887e+02	5.004049e+02	8.103809e+01	4.287413e+01	1.053699e+02
765	2.326642e+01	2.735471e+03	4.549205e+02	5.004555e+02	8.140894e+01	4.278289e+01	1.052771e+02
766	2.329684e+01	2.771016e+03	4.548796e+02	5.003594e+02	8.206845e+01	4.299054e+01	1.053021e+02
767	2.332725e+01	2.753947e+03	4.553513e+02	5.004664e+02	8.163577e+01	4.295218e+01	1.048902e+02
768	2.335766e+01	2.757565e+03	4.553462e+02	5.003985e+02	8.212068e+01	4.275465e+01	1.051371e+02
769	2.338808e+01	2.751365e+03	4.554740e+02	5.004465e+02	8.202281e+01	4.270942e+01	1.048118e+02
770	2.341849e+01	2.735152e+03	4.558647e+02	5.004273e+02	8.156707e+01	4.269497e+01	1.050639e+02
771	2.344891e+01	2.733459e+03	4.560505e+02	5.004368e+02	8.159278e+01	4.265510e+01	1.051291e+02
772	2.347932e+01	2.751004e+03	4.561727e+02	5.004785e+02	8.204320e+01	4.269320e+01	1.045592e+02
773	2.350973e+01	2.738389e+03	4.565859e+02	5.005277e+02	8.151095e+01	4.277493e+01	1.048539e+02
774	2.354015e+01	2.743065e+03	4.567298e+02	5.004774e+02	8.150105e+01	4.285318e+01	1.049779e+02
775	2.357056e+01	2.741296e+03	4.568860e+02	5.005123e+02	8.133248e+01	4.291430e+01	1.048051e+02
776	2.360097e+01	2.751319e+03	4.570436e+02	5.004998e+02	8.172710e+01	4.286324e+01	1.047597e+02
777	2.363139e+01	2.748569e+03	4.572899e+02	5.005774e+02	8.140926e+01	4.298758e+01	1.044188e+02
778	2.366180e+01	2.741208e+03	4.575609e+02	5.005387e+02	8.146211e+01	4.284464e+01	1.043960e+02
779	2.369221e+01	2.733425e+03	4.577981e+02	5.005293e+02	8.129531e+01	4.281065e+01	1.042961e+02
780	2.372263e+01	2.733854e+03	4.580212e+02	5.005494e+02	8.131889e+01	4.280495e+01	1.041222e+02
781	2.375304e+01	2.735624e+03	4.581185e+02	5.005203e+02	8.129939e+01	4.284293e+01	1.037100e+02
782	2.378345e+01	2.719943e+03	4.583720e+02	5.004070e+02	8.128343e+01	4.260572e+01	1.033946e+02
783	2.381387e+01	2.725841e+03	4.585373e+02	5.004081e+02	8.122034e+01	4.273126e+01	1.031154e+02
784	2.384428e+01	2.743714e+03	4.585564e+02	5.003258e+02	8.137782e+01	4.292822e+01	1.029607e+02
785	2.387470e+01	2.720896e+03	4.588910e+02	5.004362e+02	8.139174e+01	4.256392e+01	1.030101e+02
786	2.390511e+01	2.720520e+03	4.590312e+02	5.004050e+02	8.100603e+01	4.276068e+01	1.029437e+02
787	2.393552e+01	2.731904e+03	4.592097e+02	5.004246e+02	8.154852e+01	4.265398e+01	1.027961e+02
788	2.396594e+01	2.728520e+03	4.594395e+02	5.004484e+02	8.133587e+01	4.271251e+01	1.026067e+02
789	2.399635e+01	2.732724e+03	4.594866e+02	5.004550e+02	8.144602e+01	4.272047e+01	1.025952e+02
790	2.402676e+01	2.738599e+03	4.598643e+02	5.003963e+02	8.108663e+01	4.300206e+01	1.025078e+02
791	2.405718e+01	2.740976e+03	4.599776e+02	5.003939e+02	8.159929e+01	4.276898e+01	1.021484e+02
792	2.408759e+01	2.741623e+03	4.602077e+02	5.004436e+02	8.133990e+01	4.291550e+01	1.019102e+02
793	2.411800e+01	2.750492e+03	4.603240e+02	5.004084e+02	8.197496e+01	4.272079e+01	1.017747e+02
794	2.414842e+01	2.734600e+03	4.605495e+02	5.003216e+02	8.121178e+01	4.287310e+01	1.014403e+02
795	2.417883e+01	2.747725e+03	4.608159e+02	5.003309e+02	8.176782e+01	4.278593e+01	1.012507e+02
796	2.420925e+01	2.744201e+03	4.609243e+02	5.003574e+02	8.167692e+01	4.277861e+01	1.010691e+02
797	2.423966e+01	2.732041e+03	4.610341e+02	5.003636e+02	8.161842e+01	4.261958e+01	1.010912e+02
798	2.427007e+01	2.748418e+03	4.612390e+02	5.002204e+02	8.170441e+01	4.282994e+01	1.010127e+02
799	2.430049e+01	2.729177e+03	4.614518e+02	5.002417e+02	8.138969e+01	4.269455e+01	1.009542e+02
