1	3.036745e-02	2.694999e+03	4.382582e+02	4.104547e+02	7.999723e+01	4.289373e+01	1.424230e+02
2	6.073489e-02	2.686154e+03	4.387694e+02	4.101696e+02	7.969757e+01	4.291370e+01	1.409192e+02
3	9.110234e-02	2.696965e+03	4.395027e+02	4.102231e+02	8.008151e+01	4.287984e+01	1.391165e+02
4	1.214698e-01	2.712676e+03	4.400447e+02	4.098722e+02	8.015188e+01	4.309177e+01	1.376492e+02
5	1.518372e-01	2.686722e+03	4.406804e+02	4.096278e+02	7.976006e+01	4.288915e+01	1.362967e+02
6	1.822047e-01	2.686286e+03	4.412818e+02	4.094635e+02	7.957682e+01	4.298092e+01	1.348493e+02
7	2.125721e-01	2.727859e+03	4.418879e+02	4.093130e+02	8.001187e+01	4.340878e+01	1.333550e+02
8	2.429396e-01	2.699781e+03	4.423377e+02	4.089048e+02	7.991824e+01	4.301231e+01	1.319402e+02
9	2.733070e-01	2.694380e+03	4.430957e+02	4.086893e+02	7.987335e+01	4.295038e+01	1.302129e+02
10	3.036745e-01	2.687538e+03	4.436225e+02	4.085251e+02	7.969733e+01	4.293593e+01	1.289362e+02
11	3.340419e-01	2.703869e+03	4.442603e+02	4.084079e+02	8.007173e+01	4.299485e+01	1.277137e+02
12	3.644094e-01	2.714388e+03	4.447113e+02	4.081395e+02	8.018518e+01	4.310106e+01	1.258549e+02
13	3.947768e-01	2.690069e+03	4.454078e+02	4.077705e+02	7.990433e+01	4.286504e+01	1.243442e+02
14	4.251442e-01	2.696835e+03	4.460786e+02	4.073993e+02	8.016470e+01	4.283327e+01	1.229644e+02
15	4.555117e-01	2.697700e+03	4.466023e+02	4.070678e+02	8.015551e+01	4.285194e+01	1.213744e+02
16	4.858791e-01	2.699517e+03	4.470796e+02	4.066871e+02	7.997453e+01	4.297783e+01	1.204954e+02
17	5.162466e-01	2.699277e+03	4.476339e+02	4.062156e+02	8.010879e+01	4.290198e+01	1.187006e+02
18	5.466140e-01	2.694472e+03	4.484075e+02	4.059904e+02	8.031831e+01	4.271390e+01	1.173683e+02
19	5.769815e-01	2.693018e+03	4.489347e+02	4.055921e+02	8.012612e+01	4.279325e+01	1.164977e+02
20	6.073489e-01	2.699235e+03	4.494601e+02	4.051358e+02	8.013757e+01	4.288591e+01	1.152690e+02
21	6.377164e-01	2.702790e+03	4.501224e+02	4.047161e+02	8.030295e+01	4.285395e+01	1.140473e+02
22	6.680838e-01	2.699032e+03	4.506389e+02	4.043338e+02	8.061775e+01	4.262727e+01	1.125300e+02
23	6.984513e-01	2.692273e+03	4.511540e+02	4.038805e+02	8.029290e+01	4.269254e+01	1.117418e+02
24	7.288187e-01	2.690596e+03	4.516467e+02	4.034764e+02	8.033891e+01	4.264153e+01	1.103714e+02
25	7.591862e-01	2.693841e+03	4.521249e+02	4.030125e+02	8.032159e+01	4.270215e+01	1.088810e+02
26	7.895536e-01	2.683316e+03	4.528727e+02	4.025576e+02	8.034222e+01	4.252439e+01	1.074849e+02
27	8.199210e-01	2.684952e+03	4.533719e+02	4.022483e+02	8.041833e+01	4.251006e+01	1.064166e+02
28	8.502885e-01	2.690435e+03	4.537589e+02	4.017910e+02	8.010720e+01	4.276231e+01	1.052534e+02
29	8.806559e-01	2.687347e+03	4.541472e+02	4.011988e+02	8.042927e+01	4.254219e+01	1.036392e+02
30	9.110234e-01	2.694309e+03	4.546273e+02	4.006356e+02	8.064105e+01	4.254038e+01	1.024226e+02
31	9.413908e-01	2.690420e+03	4.550244e+02	4.000594e+02	8.058113e+01	4.251056e+01	1.010712e+02
32	9.717583e-01	2.685696e+03	4.554156e+02	3.994095e+02	8.041095e+01	4.252573e+01	9.977921e+01
33	1.002126e+00	2.675741e+03	4.558641e+02	3.987832e+02	8.015234e+01	4.250480e+01	9.900060e+01
34	1.032493e+00	2.676547e+03	4.563672e+02	3.982471e+02	8.048340e+01	4.234271e+01	9.731733e+01
35	1.062861e+00	2.693753e+03	4.567156e+02	3.975375e+02	8.075285e+01	4.247272e+01	9.633481e+01
36	1.093228e+00	2.686850e+03	4.571451e+02	3.969663e+02	8.091156e+01	4.228078e+01	9.456693e+01
37	1.123596e+00	2.695452e+03	4.573122e+02	3.963925e+02	8.086210e+01	4.244208e+01	9.382040e+01
38	1.153963e+00	2.688964e+03	4.579472e+02	3.958210e+02	8.094172e+01	4.229828e+01	9.245252e+01
39	1.184330e+00	2.686532e+03	4.581662e+02	3.950832e+02	8.058873e+01	4.244512e+01	9.104922e+01
40	1.214698e+00	2.694530e+03	4.586519e+02	3.944871e+02	8.065778e+01	4.253504e+01	9.003701e+01
41	1.245065e+00	2.677078e+03	4.587255e+02	3.940073e+02	8.047329e+01	4.235643e+01	8.890061e+01
42	1.275433e+00	2.673356e+03	4.590153e+02	3.933254e+02	8.068774e+01	4.218513e+01	8.755493e+01
43	1.305800e+00	2.680451e+03	4.592494e+02	3.926401e+02	8.064738e+01	4.231826e+01	8.638398e+01
44	1.336168e+00	2.692055e+03	4.596037e+02	3.920194e+02	8.101529e+01	4.230844e+01	8.457490e+01
45	1.366535e+00	2.676564e+03	4.597506e+02	3.914318e+02	8.067155e+01	4.224422e+01	8.401804e+01
46	1.396903e+00	2.685679e+03	4.600847e+02	3.906232e+02	8.072115e+01	4.236205e+01	8.228629e+01
47	1.427270e+00	2.685647e+03	4.602307e+02	3.899621e+02	8.042188e+01	4.251918e+01	8.109460e+01
48	1.457637e+00	2.683485e+03	4.604451e+02	3.892625e+02	8.055171e+01	4.241647e+01	8.001476e+01
49	1.488005e+00	2.674497e+03	4.607923e+02	3.884927e+02	8.022375e+01	4.244723e+01	7.891666e+01
50	1.518372e+00	2.685265e+03	4.609713e+02	3.877846e+02	8.039347e+01	4.252815e+01	7.770930e+01
51	1.548740e+00	2.699095e+03	4.611400e+02	3.870330e+02	8.082939e+01	4.251665e+01	7.642075e+01
52	1.579107e+00	2.691011e+03	4.612836e+02	3.862850e+02	8.080392e+01	4.240266e+01	7.497247e+01
53	1.609475e+00	2.683274e+03	4.610649e+02	3.857629e+02	8.040997e+01	4.248790e+01	7.430201e+01
54	1.639842e+00	2.678694e+03	4.613788e+02	3.850413e+02	8.024003e+01	4.250521e+01	7.313474e+01
55	1.670210e+00	2.681246e+03	4.613900e+02	3.844777e+02	8.019598e+01	4.256908e+01	7.238477e+01
56	1.700577e+00	2.672672e+03	4.614790e+02	3.839870e+02	8.016306e+01	4.245037e+01	7.100467e+01
57	1.730944e+00	2.672549e+03	4.617794e+02	3.834050e+02	7.993614e+01	4.256892e+01	6.935269e+01
58	1.761312e+00	2.674156e+03	4.617798e+02	3.825947e+02	8.012569e+01	4.249375e+01	6.817300e+01
59	1.791679e+00	2.686028e+03	4.619019e+02	3.818412e+02	8.008049e+01	4.270649e+01	6.739355e+01
60	1.822047e+00	2.688292e+03	4.619348e+02	3.812296e+02	8.003963e+01	4.276431e+01	6.589014e+01
61	1.852414e+00	2.682999e+03	4.620063e+02	3.804098e+02	7.976589e+01	4.282658e+01	6.440401e+01
62	1.882782e+00	2.678892e+03	4.617050e+02	3.797641e+02	7.956911e+01	4.286677e+01	6.373554e+01
63	1.913149e+00	2.674461e+03	4.617798e+02	3.791384e+02	7.975447e+01	4.269641e+01	6.213340e+01
64	1.943517e+00	2.675605e+03	4.618083e+02	3.783289e+02	7.944815e+01	4.287936e+01	6.084431e+01
65	1.973884e+00	2.679113e+03	4.617606e+02	3.776675e+02	7.955705e+01	4.287680e+01	5.955366e+01
66	2.004251e+00	2.678054e+03	4.615662e+02	3.770661e+02	7.937811e+01	4.295647e+01	5.787921e+01
67	2.034619e+00	2.674238e+03	4.615858e+02	3.764327e+02	7.936255e+01	4.290368e+01	5.638243e+01
68	2.064986e+00	2.680777e+03	4.613214e+02	3.757215e+02	7.944109e+01	4.296606e+01	5.515815e+01
69	2.095354e+00	2.673144e+03	4.614164e+02	3.748659e+02	7.938956e+01	4.287154e+01	5.380135e+01
70	2.125721e+00	2.687388e+03	4.611845e+02	3.743231e+02	7.939750e+01	4.309568e+01	5.273701e+01
71	2.156089e+00	2.670554e+03	4.611169e+02	3.736606e+02	7.887514e+01	4.310934e+01	5.169135e+01
72	2.186456e+00	2.674287e+03	4.609380e+02	3.729935e+02	7.897095e+01	4.311721e+01	5.027943e+01
73	2.216824e+00	2.680943e+03	4.606724e+02	3.724590e+02	7.934968e+01	4.301823e+01	4.893515e+01
74	2.247191e+00	2.682940e+03	4.605396e+02	3.717989e+02	7.939919e+01	4.302343e+01	4.726820e+01
75	2.277558e+00	2.688312e+03	4.602952e+02	3.711370e+02	7.936993e+01	4.312546e+01	4.554910e+01
76	2.307926e+00	2.691109e+03	4.600935e+02	3.704075e+02	7.929125e+01	4.321317e+01	4.432487e+01
77	2.338293e+00	2.683136e+03	4.599362e+02	3.697401e+02	7.921719e+01	4.312543e+01	4.309039e+01
78	2.368661e+00	2.685813e+03	4.595875e+02	3.690060e+02	7.903594e+01	4.326744e+01	4.125660e+01
79	2.399028e+00	2.688984e+03	4.593654e+02	3.684139e+02	7.920028e+01	4.322865e+01	4.035474e+01
80	2.429396e+00	2.682864e+03	4.589965e+02	3.677817e+02	7.882526e+01	4.333545e+01	3.890245e+01
81	2.459763e+00	2.681139e+03	4.586792e+02	3.674151e+02	7.885022e+01	4.329388e+01	3.759143e+01
82	2.490131e+00	2.673978e+03	4.585623e+02	3.667853e+02	7.872271e+01	4.324818e+01	3.578277e+01
83	2.520498e+00	2.691120e+03	4.583348e+02	3.661042e+02	7.922508e+01	4.324944e+01	3.457494e+01
84	2.550865e+00	2.684218e+03	4.580439e+02	3.655853e+02	7.889144e+01	4.332095e+01	3.331515e+01
85	2.581233e+00	2.694508e+03	4.578594e+02	3.647586e+02	7.924764e+01	4.329155e+01	3.190187e+01
86	2.611600e+00	2.697589e+03	4.573350e+02	3.641965e+02	7.912687e+01	4.340722e+01	3.034597e+01
87	2.641968e+00	2.695920e+03	4.568821e+02	3.637435e+02	7.894831e+01	4.347847e+01	2.938122e+01
88	2.672335e+00	2.684930e+03	4.564163e+02	3.632635e+02	7.892805e+01	4.331234e+01	2.777888e+01
89	2.702703e+00	2.686675e+03	4.559839e+02	3.627473e+02	7.882579e+01	4.339672e+01	2.614260e+01
90	2.733070e+00	2.697460e+03	4.555128e+02	3.621414e+02	7.891937e+01	4.351926e+01	2.435500e+01
91	2.763438e+00	2.694306e+03	4.549200e+02	3.617014e+02	7.909126e+01	4.337390e+01	2.247346e+01
92	2.793805e+00	2.694106e+03	4.545059e+02	3.611325e+02	7.904385e+01	4.339670e+01	2.121780e+01
93	2.824172e+00	2.716100e+03	4.542081e+02	3.604745e+02	7.958561e+01	4.345316e+01	2.009568e+01
94	2.854540e+00	2.704233e+03	4.536691e+02	3.602037e+02	7.932206e+01	4.340705e+01	1.817892e+01
95	2.884907e+00	2.704952e+03	4.532240e+02	3.598276e+02	7.920094e+01	4.348498e+01	1.644634e+01
96	2.915275e+00	2.707515e+03	4.526602e+02	3.595975e+02	7.943223e+01	4.339946e+01	1.484868e+01
97	2.945642e+00	2.696544e+03	4.520444e+02	3.590905e+02	7.897503e+01	4.347383e+01	1.286528e+01
98	2.976010e+00	2.696499e+03	4.514892e+02	3.586331e+02	7.884797e+01	4.354315e+01	1.124671e+01
99	3.006377e+00	2.715799e+03	4.509687e+02	3.583864e+02	7.937137e+01	4.356562e+01	9.377595e+00
100	3.036745e+00	2.714167e+03	4.503082e+02	3.580726e+02	7.956885e+01	4.343139e+01	7.579361e+00
101	3.067112e+00	2.717084e+03	4.497278e+02	3.579834e+02	7.965312e+01	4.343205e+01	6.799875e+00
102	3.097480e+00	2.693375e+03	4.493107e+02	3.574058e+02	7.911685e+01	4.334489e+01	4.512959e+00
103	3.127847e+00	2.707693e+03	4.487219e+02	3.571152e+02	7.907201e+01	4.360003e+01	2.692899e+00
104	3.158214e+00	2.707827e+03	4.480855e+02	3.567568e+02	7.917126e+01	4.354752e+01	1.215675e+00
105	3.188582e+00	2.698670e+03	4.474681e+02	3.568305e+02	7.925648e+01	4.335360e+01	1.798743e+02
106	3.218949e+00	2.700133e+03	4.469363e+02	3.563032e+02	7.902135e+01	4.350618e+01	1.782143e+02
107	3.249317e+00	2.697589e+03	4.463118e+02	3.560775e+02	7.872420e+01	4.362923e+01	1.765653e+02
108	3.279684e+00	2.697678e+03	4.456265e+02	3.559564e+02	7.909085e+01	4.342842e+01	1.750265e+02
109	3.310052e+00	2.690548e+03	4.450229e+02	3.558648e+02	7.895130e+01	4.339019e+01	1.733190e+02
110	3.340419e+00	2.720247e+03	4.441755e+02	3.558585e+02	7.814222e+01	4.432337e+01	1.717990e+02
111	3.370787e+00	2.693544e+03	4.438791e+02	3.554554e+02	7.898783e+01	4.341842e+01	1.700520e+02
112	3.401154e+00	2.697048e+03	4.432306e+02	3.553524e+02	7.908622e+01	4.342082e+01	1.688652e+02
113	3.431521e+00	2.700765e+03	4.425839e+02	3.553243e+02	7.913576e+01	4.345345e+01	1.669782e+02
114	3.461889e+00	2.692432e+03	4.418147e+02	3.552297e+02	7.890877e+01	4.344397e+01	1.658606e+02
115	3.492256e+00	2.701262e+03	4.413417e+02	3.549181e+02	7.903492e+01	4.351689e+01	1.638750e+02
116	3.522624e+00	2.686189e+03	4.407284e+02	3.550273e+02	7.901154e+01	4.328687e+01	1.621348e+02
117	3.552991e+00	2.681198e+03	4.400399e+02	3.549718e+02	7.889294e+01	4.327139e+01	1.603363e+02
118	3.583359e+00	2.687821e+03	4.393629e+02	3.548946e+02	7.912091e+01	4.325330e+01	1.585338e+02
119	3.613726e+00	2.691220e+03	4.388504e+02	3.550949e+02	7.906853e+01	4.333668e+01	1.569938e+02
120	3.644094e+00	2.691290e+03	4.381897e+02	3.550860e+02	7.902986e+01	4.335900e+01	1.547147e+02
121	3.674461e+00	2.683259e+03	4.375754e+02	3.551594e+02	7.885718e+01	4.332430e+01	1.532241e+02
122	3.704828e+00	2.690141e+03	4.369231e+02	3.552206e+02	7.897825e+01	4.336883e+01	1.510358e+02
123	3.735196e+00	2.688910e+03	4.362465e+02	3.553757e+02	7.885583e+01	4.341628e+01	1.491927e+02
124	3.765563e+00	2.697434e+03	4.356371e+02	3.555239e+02	7.895961e+01	4.349667e+01	1.479930e+02
125	3.795931e+00	2.679914e+03	4.350891e+02	3.556127e+02	7.899963e+01	4.319226e+01	1.464961e+02
126	3.826298e+00	2.684348e+03	4.344674e+02	3.559012e+02	7.874358e+01	4.340440e+01	1.447137e+02
127	3.856666e+00	2.688405e+03	4.338542e+02	3.559842e+02	7.901995e+01	4.331797e+01	1.432057e+02
128	3.887033e+00	2.690263e+03	4.332125e+02	3.562572e+02	7.913883e+01	4.328279e+01	1.414048e+02
129	3.917401e+00	2.696397e+03	4.325768e+02	3.566706e+02	7.932465e+01	4.327985e+01	1.392415e+02
130	3.947768e+00	2.697189e+03	4.317669e+02	3.567360e+02	7.933897e+01	4.328476e+01	1.373903e+02
131	3.978135e+00	2.674149e+03	4.314416e+02	3.573240e+02	7.898080e+01	4.310962e+01	1.358683e+02
132	4.008503e+00	2.672892e+03	4.307729e+02	3.576595e+02	7.908154e+01	4.303447e+01	1.339571e+02
133	4.038870e+00	2.680348e+03	4.301025e+02	3.578947e+02	7.951271e+01	4.292049e+01	1.320270e+02
134	4.069238e+00	2.678606e+03	4.295168e+02	3.582048e+02	7.937440e+01	4.296734e+01	1.307350e+02
135	4.099605e+00	2.666087e+03	4.289376e+02	3.585213e+02	7.913125e+01	4.289793e+01	1.294032e+02
136	4.129973e+00	2.663875e+03	4.284382e+02	3.588677e+02	7.894459e+01	4.296369e+01	1.279799e+02
137	4.160340e+00	2.674763e+03	4.278480e+02	3.592816e+02	7.914536e+01	4.302986e+01	1.261091e+02
138	4.190708e+00	2.679093e+03	4.272100e+02	3.596384e+02	7.940195e+01	4.296024e+01	1.247776e+02
139	4.221075e+00	2.660693e+03	4.265615e+02	3.599714e+02	7.915721e+01	4.279710e+01	1.236367e+02
140	4.251442e+00	2.678418e+03	4.259317e+02	3.603211e+02	7.934029e+01	4.298279e+01	1.224566e+02
141	4.281810e+00	2.664920e+03	4.252733e+02	3.606864e+02	7.939857e+01	4.273480e+01	1.213355e+02
142	4.312177e+00	2.663450e+03	4.246628e+02	3.611156e+02	7.940556e+01	4.270747e+01	1.199482e+02
143	4.342545e+00	2.664278e+03	4.241174e+02	3.616183e+02	7.960184e+01	4.261540e+01	1.183812e+02
144	4.372912e+00	2.671592e+03	4.234816e+02	3.620897e+02	7.924492e+01	4.292486e+01	1.171279e+02
145	4.403280e+00	2.677105e+03	4.229698e+02	3.625080e+02	7.971113e+01	4.276186e+01	1.157568e+02
146	4.433647e+00	2.671083e+03	4.223688e+02	3.630491e+02	7.943878e+01	4.281194e+01	1.147997e+02
147	4.464015e+00	2.679208e+03	4.217096e+02	3.634842e+02	7.989926e+01	4.269468e+01	1.134431e+02
148	4.494382e+00	2.674821e+03	4.213001e+02	3.640753e+02	7.995382e+01	4.259569e+01	1.122371e+02
149	4.524749e+00	2.669237e+03	4.205475e+02	3.645774e+02	7.989294e+01	4.253915e+01	1.106979e+02
150	4.555117e+00	2.664807e+03	4.201381e+02	3.651789e+02	7.988319e+01	4.247374e+01	1.095163e+02
151	4.585484e+00	2.658857e+03	4.197988e+02	3.656794e+02	7.992280e+01	4.235791e+01	1.085027e+02
152	4.615852e+00	2.667588e+03	4.193117e+02	3.662484e+02	7.988538e+01	4.251690e+01	1.070936e+02
153	4.646219e+00	2.659212e+03	4.188302e+02	3.668412e+02	7.981554e+01	4.242048e+01	1.058227e+02
154	4.676587e+00	2.667321e+03	4.182952e+02	3.674443e+02	8.010068e+01	4.239838e+01	1.045311e+02
155	4.706954e+00	2.667507e+03	4.177136e+02	3.679692e+02	8.050127e+01	4.219034e+01	1.029686e+02
156	4.737322e+00	2.669185e+03	4.173905e+02	3.685021e+02	8.014445e+01	4.240483e+01	1.020370e+02
157	4.767689e+00	2.695701e+03	4.167088e+02	3.690938e+02	8.110693e+01	4.231787e+01	1.004564e+02
158	4.798056e+00	2.660571e+03	4.166957e+02	3.697488e+02	8.024265e+01	4.221626e+01	9.927171e+01
159	4.828424e+00	2.657412e+03	4.161400e+02	3.703325e+02	8.053255e+01	4.201433e+01	9.800129e+01
160	4.858791e+00	2.689067e+03	4.154349e+02	3.708727e+02	8.126598e+01	4.213112e+01	9.690556e+01
161	4.889159e+00	2.664538e+03	4.152833e+02	3.715958e+02	8.041109e+01	4.219064e+01	9.610484e+01
162	4.919526e+00	2.666549e+03	4.148300e+02	3.721902e+02	8.059180e+01	4.212781e+01	9.471358e+01
163	4.949894e+00	2.665425e+03	4.146704e+02	3.729271e+02	8.047806e+01	4.216956e+01	9.327148e+01
164	4.980261e+00	2.670150e+03	4.143655e+02	3.735911e+02	8.058907e+01	4.218613e+01	9.210543e+01
165	5.010629e+00	2.661135e+03	4.138322e+02	3.742372e+02	8.075876e+01	4.195536e+01	9.093973e+01
166	5.040996e+00	2.660497e+03	4.137348e+02	3.749550e+02	8.042645e+01	4.211861e+01	8.962296e+01
167	5.071363e+00	2.660961e+03	4.133472e+02	3.757231e+02	8.009026e+01	4.230278e+01	8.795015e+01
168	5.101731e+00	2.654018e+03	4.131227e+02	3.764286e+02	8.080156e+01	4.182098e+01	8.649894e+01
169	5.132098e+00	2.660473e+03	4.129728e+02	3.771632e+02	8.057507e+01	4.204054e+01	8.502512e+01
170	5.162466e+00	2.659371e+03	4.127524e+02	3.779996e+02	8.073211e+01	4.194138e+01	8.398404e+01
171	5.192833e+00	2.662457e+03	4.124452e+02	3.787004e+02	8.039620e+01	4.216549e+01	8.265300e+01
172	5.223201e+00	2.671422e+03	4.121271e+02	3.795129e+02	8.068311e+01	4.215703e+01	8.164216e+01
173	5.253568e+00	2.665904e+03	4.119131e+02	3.802955e+02	8.077005e+01	4.202467e+01	8.024226e+01
174	5.283936e+00	2.658328e+03	4.118380e+02	3.810189e+02	8.051985e+01	4.203545e+01	7.875874e+01
175	5.314303e+00	2.655052e+03	4.116869e+02	3.816911e+02	8.027733e+01	4.211049e+01	7.732528e+01
176	5.344671e+00	2.664007e+03	4.114054e+02	3.825614e+02	8.055043e+01	4.210926e+01	7.626392e+01
177	5.375038e+00	2.668865e+03	4.111999e+02	3.833988e+02	8.047942e+01	4.222328e+01	7.498249e+01
178	5.405405e+00	2.660166e+03	4.110324e+02	3.841295e+02	8.037580e+01	4.213991e+01	7.410749e+01
179	5.435773e+00	2.673409e+03	4.110067e+02	3.849566e+02	8.077242e+01	4.214174e+01	7.299115e+01
180	5.466140e+00	2.667788e+03	4.109347e+02	3.856860e+02	8.017542e+01	4.236627e+01	7.146240e+01
181	5.496508e+00	2.654760e+03	4.107965e+02	3.865724e+02	8.005164e+01	4.222456e+01	7.066538e+01
182	5.526875e+00	2.664930e+03	4.106602e+02	3.873839e+02	8.009289e+01	4.236449e+01	6.919493e+01
183	5.557243e+00	2.666182e+03	4.104543e+02	3.882177e+02	8.013260e+01	4.236338e+01	6.836930e+01
184	5.587610e+00	2.667267e+03	4.105008e+02	3.888873e+02	8.014928e+01	4.237181e+01	6.736295e+01
185	5.617978e+00	2.668181e+03	4.104358e+02	3.896665e+02	8.016805e+01	4.237640e+01	6.637636e+01
186	5.648345e+00	2.670640e+03	4.103739e+02	3.904259e+02	8.016953e+01	4.241467e+01	6.523668e+01
187	5.678712e+00	2.683787e+03	4.103296e+02	3.913672e+02	8.031153e+01	4.254811e+01	6.451289e+01
188	5.709080e+00	2.691451e+03	4.106599e+02	3.919248e+02	8.025378e+01	4.270033e+01	6.401478e+01
189	5.739447e+00	2.676034e+03	4.103379e+02	3.929081e+02	7.994223e+01	4.262118e+01	6.217744e+01
190	5.769815e+00	2.682301e+03	4.102437e+02	3.937451e+02	8.034497e+01	4.250686e+01	6.093011e+01
191	5.800182e+00	2.675559e+03	4.103815e+02	3.945385e+02	7.997686e+01	4.259517e+01	5.932874e+01
192	5.830550e+00	2.701245e+03	4.104298e+02	3.953424e+02	8.029053e+01	4.283608e+01	5.848024e+01
193	5.860917e+00	2.676910e+03	4.108078e+02	3.960816e+02	7.968014e+01	4.277537e+01	5.642656e+01
194	5.891285e+00	2.689187e+03	4.109329e+02	3.968319e+02	7.998163e+01	4.280957e+01	5.494327e+01
195	5.921652e+00	2.688673e+03	4.111007e+02	3.975901e+02	7.990341e+01	4.284328e+01	5.344316e+01
196	5.952019e+00	2.679604e+03	4.112665e+02	3.983141e+02	7.980629e+01	4.275074e+01	5.196708e+01
197	5.982387e+00	2.682353e+03	4.115087e+02	3.990974e+02	7.970771e+01	4.284752e+01	5.058722e+01
198	6.012754e+00	2.690507e+03	4.118218e+02	3.997447e+02	7.981936e+01	4.291766e+01	4.923425e+01
199	6.043122e+00	2.690184e+03	4.119092e+02	4.006124e+02	7.994086e+01	4.284728e+01	4.814464e+01
200	6.073489e+00	2.701626e+03	4.121084e+02	4.013266e+02	8.001964e+01	4.298716e+01	4.685178e+01
201	6.103857e+00	2.711288e+03	4.123839e+02	4.020175e+02	8.023425e+01	4.302551e+01	4.530293e+01
202	6.134224e+00	2.690856e+03	4.124941e+02	4.029157e+02	7.963475e+01	4.302273e+01	4.385518e+01
203	6.164592e+00	2.690677e+03	4.128113e+02	4.035514e+02	7.985579e+01	4.290078e+01	4.281432e+01
204	6.194959e+00	2.705005e+03	4.130518e+02	4.042993e+02	7.979662e+01	4.316122e+01	4.178236e+01
205	6.225326e+00	2.716896e+03	4.133006e+02	4.049322e+02	8.008898e+01	4.319270e+01	4.038577e+01
206	6.255694e+00	2.721260e+03	4.135062e+02	4.055922e+02	7.973086e+01	4.345641e+01	3.950065e+01
207	6.286061e+00	2.707401e+03	4.139625e+02	4.065369e+02	7.993035e+01	4.312717e+01	3.709412e+01
208	6.316429e+00	2.711249e+03	4.141503e+02	4.071815e+02	8.025011e+01	4.301638e+01	3.571854e+01
209	6.346796e+00	2.713196e+03	4.145244e+02	4.080475e+02	7.992711e+01	4.322124e+01	3.495919e+01
210	6.377164e+00	2.732692e+03	4.147949e+02	4.087524e+02	8.030734e+01	4.332569e+01	3.410469e+01
211	6.407531e+00	2.703665e+03	4.152201e+02	4.091994e+02	7.995644e+01	4.305360e+01	3.131755e+01
212	6.437899e+00	2.705752e+03	4.157251e+02	4.097959e+02	7.956245e+01	4.330021e+01	3.080344e+01
213	6.468266e+00	2.707889e+03	4.160330e+02	4.105444e+02	7.962872e+01	4.329834e+01	2.918238e+01
214	6.498633e+00	2.718991e+03	4.166261e+02	4.111387e+02	7.971952e+01	4.342635e+01	2.793943e+01
215	6.529001e+00	2.720192e+03	4.169949e+02	4.118792e+02	7.970927e+01	4.345111e+01	2.695656e+01
216	6.559368e+00	2.726446e+03	4.172308e+02	4.128095e+02	8.065314e+01	4.304134e+01	2.515057e+01
217	6.589736e+00	2.711433e+03	4.178785e+02	4.130052e+02	7.931245e+01	4.352789e+01	2.338015e+01
218	6.620103e+00	2.710718e+03	4.184791e+02	4.134519e+02	7.964034e+01	4.333725e+01	2.214878e+01
219	6.650471e+00	2.715954e+03	4.189053e+02	4.142021e+02	7.989172e+01	4.328434e+01	2.095606e+01
220	6.680838e+00	2.696091e+03	4.191902e+02	4.146725e+02	7.971238e+01	4.306445e+01	1.803439e+01
221	6.711206e+00	2.701891e+03	4.197786e+02	4.151364e+02	7.950317e+01	4.327067e+01	1.788552e+01
222	6.741573e+00	2.707183e+03	4.202617e+02	4.157107e+02	7.940250e+01	4.341038e+01	1.643884e+01
223	6.771940e+00	2.708865e+03	4.208499e+02	4.160121e+02	7.937245e+01	4.345380e+01	1.490696e+01
224	6.802308e+00	2.714587e+03	4.213009e+02	4.166322e+02	7.947798e+01	4.348775e+01	1.318784e+01
225	6.832675e+00	2.697766e+03	4.217792e+02	4.170397e+02	7.926494e+01	4.333445e+01	1.073525e+01
226	6.863043e+00	2.696393e+03	4.223631e+02	4.176527e+02	7.949194e+01	4.318871e+01	9.689547e+00
227	6.893410e+00	2.677939e+03	4.228163e+02	4.181669e+02	7.916600e+01	4.306972e+01	7.709484e+00
228	6.923778e+00	2.688747e+03	4.231203e+02	4.189197e+02	7.959625e+01	4.300980e+01	6.724089e+00
229	6.954145e+00	2.690979e+03	4.236777e+02	4.191428e+02	7.955029e+01	4.307038e+01	5.636160e+00
230	6.984513e+00	2.692917e+03	4.241020e+02	4.199128e+02	7.926756e+01	4.325512e+01	4.065287e+00
231	7.014880e+00	2.690181e+03	4.247614e+02	4.201739e+02	7.934215e+01	4.317056e+01	3.029551e+00
232	7.045247e+00	2.712213e+03	4.253046e+02	4.205861e+02	8.013218e+01	4.309501e+01	2.091090e+00
233	7.075615e+00	2.685435e+03	4.259730e+02	4.211016e+02	7.943737e+01	4.304274e+01	2.005929e-01
234	7.105982e+00	2.695992e+03	4.265160e+02	4.214042e+02	7.974106e+01	4.304739e+01	1.782157e+02
235	7.136350e+00	2.681659e+03	4.270745e+02	4.218328e+02	7.965574e+01	4.286438e+01	1.770695e+02
236	7.166717e+00	2.685727e+03	4.278632e+02	4.218715e+02	7.926871e+01	4.313901e+01	1.756514e+02
237	7.197085e+00	2.675870e+03	4.285176e+02	4.223705e+02	7.914211e+01	4.304944e+01	1.735648e+02
238	7.227452e+00	2.696471e+03	4.291897e+02	4.223853e+02	7.964407e+01	4.310746e+01	1.728429e+02
239	7.257820e+00	2.688805e+03	4.298551e+02	4.229969e+02	7.981905e+01	4.289067e+01	1.716343e+02
240	7.288187e+00	2.690886e+03	4.305266e+02	4.229536e+02	7.955726e+01	4.306511e+01	1.703014e+02
241	7.318555e+00	2.690054e+03	4.312447e+02	4.233782e+02	7.971246e+01	4.296798e+01	1.687166e+02
242	7.348922e+00	2.686764e+03	4.319595e+02	4.235543e+02	7.980824e+01	4.286392e+01	1.678362e+02
243	7.379289e+00	2.695486e+03	4.325154e+02	4.238219e+02	7.994724e+01	4.292830e+01	1.663900e+02
244	7.409657e+00	2.700388e+03	4.331781e+02	4.240810e+02	7.951872e+01	4.323812e+01	1.650715e+02
245	7.440024e+00	2.693233e+03	4.338269e+02	4.243777e+02	7.996554e+01	4.288260e+01	1.641553e+02
246	7.470392e+00	2.674680e+03	4.342910e+02	4.246193e+02	8.009410e+01	4.251884e+01	1.625430e+02
247	7.500759e+00	2.692697e+03	4.351034e+02	4.248479e+02	7.977192e+01	4.297813e+01	1.620735e+02
248	7.531127e+00	2.682566e+03	4.358136e+02	4.247298e+02	7.956155e+01	4.292964e+01	1.602743e+02
249	7.561494e+00	2.702752e+03	4.365069e+02	4.247971e+02	7.961051e+01	4.322609e+01	1.584574e+02
250	7.591862e+00	2.697842e+03	4.372020e+02	4.248264e+02	8.021841e+01	4.282058e+01	1.572174e+02
251	7.622229e+00	2.701057e+03	4.380761e+02	4.250605e+02	7.993782e+01	4.302210e+01	1.562075e+02
252	7.652596e+00	2.699451e+03	4.387115e+02	4.250073e+02	8.029333e+01	4.280614e+01	1.548264e+02
253	7.682964e+00	2.688942e+03	4.392133e+02	4.248551e+02	8.028637e+01	4.264319e+01	1.532682e+02
254	7.713331e+00	2.698918e+03	4.398629e+02	4.248986e+02	8.020626e+01	4.284415e+01	1.516921e+02
255	7.743699e+00	2.711351e+03	4.407024e+02	4.248739e+02	8.034854e+01	4.296529e+01	1.505293e+02
256	7.774066e+00	2.722922e+03	4.411745e+02	4.247233e+02	7.999020e+01	4.334195e+01	1.485282e+02
257	7.804434e+00	2.703681e+03	4.420296e+02	4.247269e+02	8.015385e+01	4.294783e+01	1.471035e+02
258	7.834801e+00	2.710743e+03	4.426052e+02	4.247014e+02	8.012073e+01	4.307780e+01	1.460559e+02
259	7.865169e+00	2.696663e+03	4.431952e+02	4.246093e+02	7.998389e+01	4.292737e+01	1.444409e+02
260	7.895536e+00	2.709860e+03	4.437635e+02	4.244644e+02	8.034093e+01	4.294575e+01	1.430351e+02
261	7.925903e+00	2.689938e+03	4.446220e+02	4.245078e+02	7.981809e+01	4.290927e+01	1.419640e+02
262	7.956271e+00	2.714596e+03	4.450894e+02	4.242435e+02	8.028014e+01	4.305338e+01	1.405424e+02
263	7.986638e+00	2.695057e+03	4.458016e+02	4.242244e+02	7.988551e+01	4.295464e+01	1.399411e+02
264	8.017006e+00	2.706430e+03	4.467443e+02	4.242409e+02	8.021039e+01	4.296118e+01	1.390060e+02
265	8.047373e+00	2.718879e+03	4.473152e+02	4.240411e+02	8.045998e+01	4.302491e+01	1.374708e+02
266	8.077741e+00	2.700333e+03	4.480589e+02	4.239938e+02	7.996515e+01	4.299586e+01	1.360415e+02
267	8.108108e+00	2.768946e+03	4.480641e+02	4.237216e+02	8.052548e+01	4.378156e+01	1.328813e+02
268	8.138476e+00	2.724936e+03	4.493008e+02	4.235520e+02	8.033942e+01	4.318548e+01	1.329045e+02
269	8.168843e+00	2.708757e+03	4.501496e+02	4.233786e+02	8.026518e+01	4.296877e+01	1.322194e+02
270	8.199210e+00	2.694026e+03	4.507103e+02	4.230776e+02	8.013336e+01	4.280540e+01	1.313465e+02
271	8.229578e+00	2.700071e+03	4.514893e+02	4.229777e+02	8.001789e+01	4.296336e+01	1.302671e+02
272	8.259945e+00	2.709844e+03	4.521778e+02	4.228173e+02	8.018566e+01	4.302865e+01	1.287443e+02
273	8.290313e+00	2.708677e+03	4.527858e+02	4.226305e+02	8.034548e+01	4.292456e+01	1.273005e+02
274	8.320680e+00	2.703264e+03	4.533214e+02	4.222313e+02	8.030669e+01	4.285947e+01	1.253677e+02
275	8.351048e+00	2.692843e+03	4.540361e+02	4.219790e+02	8.023670e+01	4.273149e+01	1.239800e+02
276	8.381415e+00	2.699484e+03	4.544258e+02	4.214843e+02	8.045759e+01	4.271928e+01	1.222890e+02
277	8.411783e+00	2.703868e+03	4.549518e+02	4.212411e+02	8.024551e+01	4.290173e+01	1.210178e+02
278	8.442150e+00	2.703684e+03	4.557000e+02	4.209207e+02	8.058103e+01	4.272019e+01	1.190796e+02
279	8.472517e+00	2.714635e+03	4.559978e+02	4.205011e+02	8.061869e+01	4.287319e+01	1.175709e+02
280	8.502885e+00	2.705561e+03	4.567667e+02	4.202323e+02	8.037683e+01	4.285847e+01	1.160286e+02
281	8.533252e+00	2.735799e+03	4.570684e+02	4.199658e+02	8.090735e+01	4.305329e+01	1.139251e+02
282	8.563620e+00	2.690467e+03	4.578909e+02	4.195331e+02	8.062056e+01	4.249052e+01	1.134280e+02
283	8.593987e+00	2.699695e+03	4.584766e+02	4.192082e+02	8.041718e+01	4.274408e+01	1.120708e+02
284	8.624355e+00	2.702315e+03	4.590290e+02	4.187492e+02	8.054279e+01	4.271884e+01	1.105618e+02
285	8.654722e+00	2.695187e+03	4.595679e+02	4.182859e+02	8.033497e+01	4.271638e+01	1.097019e+02
286	8.685090e+00	2.694817e+03	4.600907e+02	4.177884e+02	8.022109e+01	4.277114e+01	1.080532e+02
287	8.715457e+00	2.714651e+03	4.604007e+02	4.172430e+02	8.111902e+01	4.260901e+01	1.068763e+02
288	8.745824e+00	2.694602e+03	4.610163e+02	4.167675e+02	8.070162e+01	4.251307e+01	1.053271e+02
289	8.776192e+00	2.710727e+03	4.614853e+02	4.162452e+02	8.099610e+01	4.261198e+01	1.036661e+02
290	8.806559e+00	2.691666e+03	4.618341e+02	4.157126e+02	8.093040e+01	4.234670e+01	1.025110e+02
291	8.836927e+00	2.692702e+03	4.621142e+02	4.149897e+02	8.073048e+01	4.246790e+01	1.011851e+02
292	8.867294e+00	2.687570e+03	4.626150e+02	4.145808e+02	8.082332e+01	4.233829e+01	9.961515e+01
293	8.897662e+00	2.715837e+03	4.629354e+02	4.140375e+02	8.110368e+01	4.263569e+01	9.855762e+01
294	8.928029e+00	2.695601e+03	4.633569e+02	4.134100e+02	8.069258e+01	4.253360e+01	9.718375e+01
295	8.958397e+00	2.700092e+03	4.637097e+02	4.128387e+02	8.111007e+01	4.238517e+01	9.562655e+01
296	8.988764e+00	2.702927e+03	4.641917e+02	4.122359e+02	8.100903e+01	4.248260e+01	9.462019e+01
297	9.019131e+00	2.691957e+03	4.643433e+02	4.117294e+02	8.096607e+01	4.233262e+01	9.318633e+01
298	9.049499e+00	2.717792e+03	4.645843e+02	4.109347e+02	8.165247e+01	4.237962e+01	9.148338e+01
299	9.079866e+00	2.707965e+03	4.649564e+02	4.102828e+02	8.115855e+01	4.248337e+01	9.016090e+01
300	9.110234e+00	2.701660e+03	4.653384e+02	4.096162e+02	8.093322e+01	4.250245e+01	8.870712e+01
301	9.140601e+00	2.702635e+03	4.656804e+02	4.089852e+02	8.112464e+01	4.241747e+01	8.760589e+01
302	9.170969e+00	2.706605e+03	4.660482e+02	4.084142e+02	8.086045e+01	4.261856e+01	8.576881e+01
303	9.201336e+00	2.701071e+03	4.662386e+02	4.077074e+02	8.077828e+01	4.257469e+01	8.502522e+01
304	9.231704e+00	2.716281e+03	4.664404e+02	4.069511e+02	8.105204e+01	4.266982e+01	8.316671e+01
305	9.262071e+00	2.690180e+03	4.664886e+02	4.064441e+02	8.089587e+01	4.234140e+01	8.170607e+01
306	9.292439e+00	2.691871e+03	4.666936e+02	4.057205e+02	8.048862e+01	4.258237e+01	8.087492e+01
307	9.322806e+00	2.698363e+03	4.669711e+02	4.050084e+02	8.098065e+01	4.242573e+01	7.987335e+01
308	9.353173e+00	2.708287e+03	4.671352e+02	4.043233e+02	8.118388e+01	4.247516e+01	7.858631e+01
309	9.383541e+00	2.711254e+03	4.672607e+02	4.035881e+02	8.079639e+01	4.272562e+01	7.717954e+01
310	9.413908e+00	2.704009e+03	4.675681e+02	4.030941e+02	8.073325e+01	4.264477e+01	7.623820e+01
311	9.444276e+00	2.689090e+03	4.677302e+02	4.024070e+02	8.037463e+01	4.259871e+01	7.548549e+01
312	9.474643e+00	2.693728e+03	4.678742e+02	4.017313e+02	8.024329e+01	4.274203e+01	7.410649e+01
313	9.505011e+00	2.697361e+03	4.679549e+02	4.011496e+02	8.030450e+01	4.276705e+01	7.313023e+01
314	9.535378e+00	2.694546e+03	4.682667e+02	4.003834e+02	8.039310e+01	4.267533e+01	7.163126e+01
315	9.565746e+00	2.692341e+03	4.682761e+02	3.997454e+02	8.037452e+01	4.265028e+01	7.084991e+01
316	9.596113e+00	2.694232e+03	4.683978e+02	3.989417e+02	8.039084e+01	4.267157e+01	6.960665e+01
317	9.626480e+00	2.714597e+03	4.684914e+02	3.982939e+02	8.083651e+01	4.275706e+01	6.795377e+01
318	9.656848e+00	2.700384e+03	4.684922e+02	3.977957e+02	8.067501e+01	4.261834e+01	6.640862e+01
319	9.687215e+00	2.704861e+03	4.687224e+02	3.972500e+02	8.040665e+01	4.283148e+01	6.501771e+01
320	9.717583e+00	2.725109e+03	4.687130e+02	3.967358e+02	8.049718e+01	4.310357e+01	6.368827e+01
321	9.747950e+00	2.720143e+03	4.687373e+02	3.959525e+02	8.043359e+01	4.305904e+01	6.230104e+01
322	9.778318e+00	2.806256e+03	4.676830e+02	3.953239e+02	8.159294e+01	4.379100e+01	6.359130e+01
323	9.808685e+00	2.703519e+03	4.685761e+02	3.946199e+02	8.039207e+01	4.281799e+01	5.962150e+01
324	9.839053e+00	2.703754e+03	4.688914e+02	3.936264e+02	7.970167e+01	4.319265e+01	5.821364e+01
325	9.869420e+00	2.722588e+03	4.686289e+02	3.929460e+02	8.014176e+01	4.325468e+01	5.695497e+01
326	9.899787e+00	2.702581e+03	4.688156e+02	3.921289e+02	7.978051e+01	4.313125e+01	5.539326e+01
327	9.930155e+00	2.751883e+03	4.680998e+02	3.913327e+02	8.037927e+01	4.359092e+01	5.609493e+01
328	9.960522e+00	2.704075e+03	4.685872e+02	3.906017e+02	7.958752e+01	4.325974e+01	5.281001e+01
329	9.990890e+00	2.689808e+03	4.684816e+02	3.898101e+02	7.942283e+01	4.312072e+01	5.137753e+01
330	1.002126e+01	2.732237e+03	4.679163e+02	3.892220e+02	7.970092e+01	4.364808e+01	5.148801e+01
331	1.005162e+01	2.696055e+03	4.680522e+02	3.883580e+02	7.921156e+01	4.333615e+01	4.917748e+01
332	1.008199e+01	2.717948e+03	4.677340e+02	3.877500e+02	8.020630e+01	4.314623e+01	4.808915e+01
333	1.011236e+01	2.698838e+03	4.677448e+02	3.868720e+02	7.955573e+01	4.319321e+01	4.667418e+01
334	1.014273e+01	2.714013e+03	4.674120e+02	3.860224e+02	7.923021e+01	4.361454e+01	4.514039e+01
335	1.017309e+01	2.706208e+03	4.673550e+02	3.853084e+02	7.952733e+01	4.332663e+01	4.403169e+01
336	1.020346e+01	2.699852e+03	4.671761e+02	3.846013e+02	7.920587e+01	4.340029e+01	4.276430e+01
337	1.023383e+01	2.700941e+03	4.667378e+02	3.841439e+02	7.951717e+01	4.324782e+01	4.141416e+01
338	1.026420e+01	2.723162e+03	4.662316e+02	3.835066e+02	7.941952e+01	4.365725e+01	4.024214e+01
339	1.029456e+01	2.719503e+03	4.662162e+02	3.825970e+02	7.948268e+01	4.356394e+01	3.791368e+01
340	1.032493e+01	2.701965e+03	4.659047e+02	3.820968e+02	7.926584e+01	4.340140e+01	3.673732e+01
341	1.035530e+01	2.713823e+03	4.656812e+02	3.812359e+02	7.950780e+01	4.345922e+01	3.511583e+01
342	1.038567e+01	2.704282e+03	4.652940e+02	3.806232e+02	7.930357e+01	4.341795e+01	3.382991e+01
343	1.041603e+01	2.712397e+03	4.649866e+02	3.798954e+02	7.950277e+01	4.343913e+01	3.250361e+01
344	1.044640e+01	2.710952e+03	4.647339e+02	3.793628e+02	7.941886e+01	4.346186e+01	3.060316e+01
345	1.047677e+01	2.708187e+03	4.643358e+02	3.790622e+02	7.954288e+01	4.334984e+01	2.969974e+01
346	1.050714e+01	2.706944e+03	4.638845e+02	3.784395e+02	7.911491e+01	4.356434e+01	2.816749e+01
347	1.053750e+01	2.694112e+03	4.635776e+02	3.779638e+02	7.888332e+01	4.348512e+01	2.689102e+01
348	1.056787e+01	2.700752e+03	4.633783e+02	3.771629e+02	7.914793e+01	4.344654e+01	2.500478e+01
349	1.059824e+01	2.701027e+03	4.627609e+02	3.767017e+02	7.894001e+01	4.356541e+01	2.315104e+01
350	1.062861e+01	2.723975e+03	4.623845e+02	3.759968e+02	7.963328e+01	4.355305e+01	2.168660e+01
351	1.065897e+01	2.720966e+03	4.619145e+02	3.754707e+02	7.926180e+01	4.370884e+01	2.078502e+01
352	1.068934e+01	2.724387e+03	4.614571e+02	3.749819e+02	7.958872e+01	4.358404e+01	1.929926e+01
353	1.071971e+01	2.722744e+03	4.609156e+02	3.746541e+02	7.926749e+01	4.373426e+01	1.743133e+01
354	1.075008e+01	2.716900e+03	4.602459e+02	3.743530e+02	7.869710e+01	4.395669e+01	1.667341e+01
355	1.078044e+01	2.705709e+03	4.598498e+02	3.738372e+02	7.896329e+01	4.362807e+01	1.433245e+01
356	1.081081e+01	2.705332e+03	4.594288e+02	3.735381e+02	7.930560e+01	4.343370e+01	1.291916e+01
357	1.084118e+01	2.711406e+03	4.588567e+02	3.731424e+02	7.906947e+01	4.366121e+01	1.132168e+01
358	1.087155e+01	2.716347e+03	4.583931e+02	3.726673e+02	7.931628e+01	4.360468e+01	9.984090e+00
359	1.090191e+01	2.698230e+03	4.577140e+02	3.723628e+02	7.898196e+01	4.349719e+01	8.290149e+00
360	1.093228e+01	2.722804e+03	4.571087e+02	3.720028e+02	7.952940e+01	4.359119e+01	6.956664e+00
361	1.096265e+01	2.730228e+03	4.565141e+02	3.716364e+02	7.930987e+01	4.383105e+01	5.067093e+00
362	1.099302e+01	2.722017e+03	4.559249e+02	3.713897e+02	7.932104e+01	4.369307e+01	3.543205e+00
363	1.102338e+01	2.713939e+03	4.553977e+02	3.711646e+02	7.916858e+01	4.364730e+01	1.771888e+00
364	1.105375e+01	2.771847e+03	4.544904e+02	3.712078e+02	7.900516e+01	4.467082e+01	1.557221e+00
365	1.108412e+01	2.704909e+03	4.542060e+02	3.706707e+02	7.908815e+01	4.354631e+01	1.782572e+02
366	1.111449e+01	2.709476e+03	4.534930e+02	3.704193e+02	7.938914e+01	4.345445e+01	1.769379e+02
367	1.114485e+01	2.735528e+03	4.528017e+02	3.699369e+02	7.961645e+01	4.374703e+01	1.749407e+02
368	1.117522e+01	2.728176e+03	4.521823e+02	3.699797e+02	7.912944e+01	4.389796e+01	1.734285e+02
369	1.120559e+01	2.715455e+03	4.517353e+02	3.701101e+02	7.941266e+01	4.353745e+01	1.716265e+02
370	1.123596e+01	2.721134e+03	4.511119e+02	3.698764e+02	7.955160e+01	4.355230e+01	1.702274e+02
371	1.126632e+01	2.713187e+03	4.503748e+02	3.695612e+02	7.934083e+01	4.354047e+01	1.687961e+02
372	1.129669e+01	2.712380e+03	4.497104e+02	3.696397e+02	7.919122e+01	4.360975e+01	1.670510e+02
373	1.132706e+01	2.725240e+03	4.491371e+02	3.693695e+02	7.922903e+01	4.379560e+01	1.648802e+02
374	1.135742e+01	2.706944e+03	4.484252e+02	3.693017e+02	7.908892e+01	4.357865e+01	1.629515e+02
375	1.138779e+01	2.716309e+03	4.478916e+02	3.695331e+02	7.928239e+01	4.362270e+01	1.615835e+02
376	1.141816e+01	2.726260e+03	4.471876e+02	3.693750e+02	7.950057e+01	4.366236e+01	1.592756e+02
377	1.144853e+01	2.713088e+03	4.465696e+02	3.693477e+02	7.934537e+01	4.353639e+01	1.571262e+02
378	1.147889e+01	2.715255e+03	4.459116e+02	3.694029e+02	7.958862e+01	4.343799e+01	1.559503e+02
379	1.150926e+01	2.701197e+03	4.452004e+02	3.695378e+02	7.928147e+01	4.338051e+01	1.539106e+02
380	1.153963e+01	2.715203e+03	4.444627e+02	3.695434e+02	7.921677e+01	4.364106e+01	1.520999e+02
381	1.157000e+01	2.709864e+03	4.438801e+02	3.696845e+02	7.927625e+01	4.352258e+01	1.506295e+02
382	1.160036e+01	2.699654e+03	4.431348e+02	3.697202e+02	7.910161e+01	4.345432e+01	1.493765e+02
383	1.163073e+01	2.694433e+03	4.425792e+02	3.698813e+02	7.898064e+01	4.343670e+01	1.474855e+02
384	1.166110e+01	2.705275e+03	4.418446e+02	3.699215e+02	7.955777e+01	4.329512e+01	1.458949e+02
385	1.169147e+01	2.709808e+03	4.412265e+02	3.702005e+02	7.932094e+01	4.349714e+01	1.437632e+02
386	1.172183e+01	2.700347e+03	4.406290e+02	3.703830e+02	7.934959e+01	4.332963e+01	1.424207e+02
387	1.175220e+01	2.695132e+03	4.400055e+02	3.705460e+02	7.914360e+01	4.335851e+01	1.408174e+02
388	1.178257e+01	2.705766e+03	4.393896e+02	3.706960e+02	7.954166e+01	4.331174e+01	1.393804e+02
389	1.181294e+01	2.704264e+03	4.387518e+02	3.710219e+02	7.938782e+01	4.337159e+01	1.375590e+02
390	1.184330e+01	2.693067e+03	4.381249e+02	3.713423e+02	7.929771e+01	4.324109e+01	1.355128e+02
391	1.187367e+01	2.697915e+03	4.375961e+02	3.715882e+02	7.909610e+01	4.342934e+01	1.338640e+02
392	1.190404e+01	2.696923e+03	4.370428e+02	3.718264e+02	7.947077e+01	4.320870e+01	1.327778e+02
393	1.193441e+01	2.688909e+03	4.362618e+02	3.720847e+02	7.905149e+01	4.330880e+01	1.310900e+02
394	1.196477e+01	2.681217e+03	4.357011e+02	3.723890e+02	7.904343e+01	4.318932e+01	1.299037e+02
395	1.199514e+01	2.683149e+03	4.351167e+02	3.727520e+02	7.962514e+01	4.290468e+01	1.281960e+02
396	1.202551e+01	2.694233e+03	4.344786e+02	3.730837e+02	7.947411e+01	4.316380e+01	1.271270e+02
397	1.205588e+01	2.687119e+03	4.338761e+02	3.734439e+02	7.923271e+01	4.318098e+01	1.258255e+02
398	1.208624e+01	2.685305e+03	4.333371e+02	3.739034e+02	7.926006e+01	4.313695e+01	1.238166e+02
399	1.211661e+01	2.678422e+03	4.325791e+02	3.741847e+02	7.954939e+01	4.286988e+01	1.224537e+02
400	1.214698e+01	2.692689e+03	4.321189e+02	3.746767e+02	7.958608e+01	4.307837e+01	1.209750e+02
401	1.217735e+01	2.691735e+03	4.316023e+02	3.750979e+02	7.982390e+01	4.293481e+01	1.193003e+02
402	1.220771e+01	2.686127e+03	4.311161e+02	3.755742e+02	7.980906e+01	4.285332e+01	1.181443e+02
403	1.223808e+01	2.694575e+03	4.304370e+02	3.759722e+02	7.970833e+01	4.304243e+01	1.168080e+02
404	1.226845e+01	2.699988e+03	4.297396e+02	3.764799e+02	8.045087e+01	4.273081e+01	1.144461e+02
405	1.229882e+01	2.680555e+03	4.295680e+02	3.769607e+02	7.997577e+01	4.267528e+01	1.138084e+02
406	1.232918e+01	2.684188e+03	4.290431e+02	3.773495e+02	8.028899e+01	4.256642e+01	1.122721e+02
407	1.235955e+01	2.675135e+03	4.284954e+02	3.778434e+02	8.010870e+01	4.251833e+01	1.110572e+02
408	1.238992e+01	2.673731e+03	4.279513e+02	3.783752e+02	7.977998e+01	4.267111e+01	1.096443e+02
409	1.242029e+01	2.676553e+03	4.276367e+02	3.788651e+02	8.012883e+01	4.253017e+01	1.085411e+02
410	1.245065e+01	2.675226e+03	4.272620e+02	3.793985e+02	8.024529e+01	4.244740e+01	1.070708e+02
411	1.248102e+01	2.680512e+03	4.265083e+02	3.799362e+02	8.024491e+01	4.253146e+01	1.060006e+02
412	1.251139e+01	2.674008e+03	4.262252e+02	3.804336e+02	8.023041e+01	4.243594e+01	1.046934e+02
413	1.254176e+01	2.677638e+03	4.257114e+02	3.810760e+02	8.032318e+01	4.244447e+01	1.031198e+02
414	1.257212e+01	2.677205e+03	4.253544e+02	3.816879e+02	8.027773e+01	4.246163e+01	1.020212e+02
415	1.260249e+01	2.675671e+03	4.250401e+02	3.823674e+02	8.044534e+01	4.234889e+01	1.004067e+02
416	1.263286e+01	2.672497e+03	4.244810e+02	3.829487e+02	8.021561e+01	4.241979e+01	9.951932e+01
417	1.266323e+01	2.676609e+03	4.242690e+02	3.836012e+02	8.053104e+01	4.231864e+01	9.791367e+01
418	1.269359e+01	2.663567e+03	4.240065e+02	3.841270e+02	8.041291e+01	4.217431e+01	9.645473e+01
419	1.272396e+01	2.655699e+03	4.235448e+02	3.847530e+02	8.007267e+01	4.222841e+01	9.528742e+01
420	1.275433e+01	2.667843e+03	4.231906e+02	3.855163e+02	8.051422e+01	4.218885e+01	9.445895e+01
421	1.278469e+01	2.682414e+03	4.229433e+02	3.860615e+02	8.081252e+01	4.226270e+01	9.270977e+01
422	1.281506e+01	2.662892e+03	4.224331e+02	3.867870e+02	8.033064e+01	4.220680e+01	9.129968e+01
423	1.284543e+01	2.672331e+03	4.222287e+02	3.874996e+02	8.047064e+01	4.228272e+01	9.044044e+01
424	1.287580e+01	2.674763e+03	4.218709e+02	3.882249e+02	8.058871e+01	4.225920e+01	8.897386e+01
425	1.290616e+01	2.676838e+03	4.218011e+02	3.889985e+02	8.066430e+01	4.225234e+01	8.755289e+01
426	1.293653e+01	2.672145e+03	4.214025e+02	3.897691e+02	8.055522e+01	4.223538e+01	8.636153e+01
427	1.296690e+01	2.680937e+03	4.213364e+02	3.905176e+02	8.047134e+01	4.241851e+01	8.517443e+01
428	1.299727e+01	2.671317e+03	4.210391e+02	3.912272e+02	8.074155e+01	4.212486e+01	8.425470e+01
429	1.302763e+01	2.674119e+03	4.208242e+02	3.919778e+02	8.070155e+01	4.218995e+01	8.318695e+01
430	1.305800e+01	2.672269e+03	4.204704e+02	3.927933e+02	8.054587e+01	4.224224e+01	8.210590e+01
431	1.308837e+01	2.680631e+03	4.202214e+02	3.935452e+02	8.066464e+01	4.231204e+01	8.075328e+01
432	1.311874e+01	2.667382e+03	4.201205e+02	3.942531e+02	8.052982e+01	4.217340e+01	7.963971e+01
433	1.314910e+01	2.695940e+03	4.198706e+02	3.949675e+02	8.124883e+01	4.224772e+01	7.797002e+01
434	1.317947e+01	2.674471e+03	4.200562e+02	3.957503e+02	8.070733e+01	4.219248e+01	7.693130e+01
435	1.320984e+01	2.676272e+03	4.197659e+02	3.965500e+02	8.062621e+01	4.226337e+01	7.541623e+01
436	1.324021e+01	2.675392e+03	4.196046e+02	3.973076e+02	8.058868e+01	4.226915e+01	7.415084e+01
437	1.327057e+01	2.667466e+03	4.195853e+02	3.980581e+02	8.027538e+01	4.230840e+01	7.295246e+01
438	1.330094e+01	2.672122e+03	4.194783e+02	3.987275e+02	8.035555e+01	4.233997e+01	7.177681e+01
439	1.333131e+01	2.673766e+03	4.194770e+02	3.995245e+02	8.058504e+01	4.224537e+01	7.040600e+01
440	1.336168e+01	2.680399e+03	4.193844e+02	4.002670e+02	8.060228e+01	4.234111e+01	6.882655e+01
441	1.339204e+01	2.671037e+03	4.192943e+02	4.010739e+02	8.007481e+01	4.247116e+01	6.749291e+01
442	1.342241e+01	2.679912e+03	4.193646e+02	4.017664e+02	8.017226e+01	4.256048e+01	6.630048e+01
443	1.345278e+01	2.679838e+03	4.193620e+02	4.026041e+02	8.033475e+01	4.247323e+01	6.509220e+01
444	1.348315e+01	2.679189e+03	4.191628e+02	4.034307e+02	8.000579e+01	4.263754e+01	6.412648e+01
445	1.351351e+01	2.692426e+03	4.192128e+02	4.043198e+02	8.053112e+01	4.256868e+01	6.269246e+01
446	1.354388e+01	2.688322e+03	4.192893e+02	4.050092e+02	8.038272e+01	4.258226e+01	6.165592e+01
447	1.357425e+01	2.673681e+03	4.192416e+02	4.058751e+02	8.004113e+01	4.253109e+01	6.019247e+01
448	1.360462e+01	2.690219e+03	4.194008e+02	4.068041e+02	8.032626e+01	4.264227e+01	5.883573e+01
449	1.363498e+01	2.685074e+03	4.192734e+02	4.077629e+02	8.029297e+01	4.257836e+01	5.832348e+01
450	1.366535e+01	2.708199e+03	4.197215e+02	4.083151e+02	8.002229e+01	4.309031e+01	5.719270e+01
451	1.369572e+01	2.700836e+03	4.197815e+02	4.092383e+02	8.022708e+01	4.286348e+01	5.524785e+01
452	1.372609e+01	2.710822e+03	4.202904e+02	4.098952e+02	8.031137e+01	4.297681e+01	5.467015e+01
453	1.375645e+01	2.694242e+03	4.201139e+02	4.107395e+02	8.010925e+01	4.282172e+01	5.279081e+01
454	1.378682e+01	2.695899e+03	4.204870e+02	4.113301e+02	7.983533e+01	4.299506e+01	5.081727e+01
455	1.381719e+01	2.707499e+03	4.206106e+02	4.122537e+02	8.001457e+01	4.308334e+01	4.967234e+01
456	1.384756e+01	2.716292e+03	4.208507e+02	4.130465e+02	8.015727e+01	4.314631e+01	4.849397e+01
457	1.387792e+01	2.704478e+03	4.207751e+02	4.139523e+02	7.973035e+01	4.318868e+01	4.757605e+01
458	1.390829e+01	2.704475e+03	4.212215e+02	4.145951e+02	7.974374e+01	4.318138e+01	4.576525e+01
459	1.393866e+01	2.700232e+03	4.215663e+02	4.152659e+02	7.975486e+01	4.310762e+01	4.401863e+01
460	1.396903e+01	2.700539e+03	4.219200e+02	4.160276e+02	7.962867e+01	4.318085e+01	4.274380e+01
461	1.399939e+01	2.729627e+03	4.221106e+02	4.167279e+02	8.047160e+01	4.318877e+01	4.117643e+01
462	1.402976e+01	2.715763e+03	4.224419e+02	4.175336e+02	7.994524e+01	4.325231e+01	3.977632e+01
463	1.406013e+01	2.704536e+03	4.225594e+02	4.182975e+02	7.980390e+01	4.314980e+01	3.799033e+01
464	1.409049e+01	2.699249e+03	4.231344e+02	4.188200e+02	7.937515e+01	4.329806e+01	3.672864e+01
465	1.412086e+01	2.688460e+03	4.235429e+02	4.195070e+02	7.922369e+01	4.320744e+01	3.457434e+01
466	1.415123e+01	2.729376e+03	4.240044e+02	4.199979e+02	7.980161e+01	4.354736e+01	3.398645e+01
467	1.418160e+01	2.707091e+03	4.241877e+02	4.207641e+02	7.954078e+01	4.333344e+01	3.203534e+01
468	1.421196e+01	2.714461e+03	4.246200e+02	4.214726e+02	7.977935e+01	4.332148e+01	3.093285e+01
469	1.424233e+01	2.698984e+03	4.250898e+02	4.219615e+02	7.937058e+01	4.329630e+01	2.942821e+01
470	1.427270e+01	2.708543e+03	4.253332e+02	4.228155e+02	7.970763e+01	4.326593e+01	2.796397e+01
471	1.430307e+01	2.705199e+03	4.259058e+02	4.231646e+02	7.963551e+01	4.325163e+01	2.652399e+01
472	1.433343e+01	2.714181e+03	4.264234e+02	4.239647e+02	7.985342e+01	4.327682e+01	2.492842e+01
473	1.436380e+01	2.712189e+03	4.270594e+02	4.242486e+02	7.989610e+01	4.322197e+01	2.310429e+01
474	1.439417e+01	2.716886e+03	4.274131e+02	4.249240e+02	7.980518e+01	4.334615e+01	2.242807e+01
475	1.442454e+01	2.714117e+03	4.278387e+02	4.255376e+02	7.962643e+01	4.339917e+01	2.047381e+01
476	1.445490e+01	2.716485e+03	4.283685e+02	4.259474e+02	7.980818e+01	4.333812e+01	1.889877e+01
477	1.448527e+01	2.693765e+03	4.288824e+02	4.264782e+02	7.930367e+01	4.324905e+01	1.757007e+01
478	1.451564e+01	2.722118e+03	4.292183e+02	4.270297e+02	7.926630e+01	4.372487e+01	1.632501e+01
479	1.454601e+01	2.709365e+03	4.296640e+02	4.276772e+02	7.932619e+01	4.348716e+01	1.469342e+01
480	1.457637e+01	2.712416e+03	4.301829e+02	4.281194e+02	7.952895e+01	4.342514e+01	1.377587e+01
481	1.460674e+01	2.687722e+03	4.305683e+02	4.289288e+02	7.939844e+01	4.310051e+01	1.213666e+01
482	1.463711e+01	2.742365e+03	4.308713e+02	4.292791e+02	7.936725e+01	4.399406e+01	1.085721e+01
483	1.466748e+01	2.679252e+03	4.316866e+02	4.299207e+02	7.882515e+01	4.327717e+01	9.103928e+00
484	1.469784e+01	2.704269e+03	4.321811e+02	4.300710e+02	7.935378e+01	4.339027e+01	7.865335e+00
485	1.472821e+01	2.706123e+03	4.326904e+02	4.305721e+02	7.968616e+01	4.323891e+01	6.234748e+00
486	1.475858e+01	2.683112e+03	4.329648e+02	4.312989e+02	7.895330e+01	4.326918e+01	4.219673e+00
487	1.478895e+01	2.690262e+03	4.335915e+02	4.313257e+02	7.952366e+01	4.307331e+01	3.101068e+00
488	1.481931e+01	2.682939e+03	4.339969e+02	4.320023e+02	7.950517e+01	4.296606e+01	1.763332e+00
489	1.484968e+01	2.694487e+03	4.345141e+02	4.324290e+02	7.909137e+01	4.337675e+01	8.584180e-01
490	1.488005e+01	2.686245e+03	4.350663e+02	4.326052e+02	7.948237e+01	4.303135e+01	1.793503e+02
491	1.491042e+01	2.724349e+03	4.353750e+02	4.331049e+02	7.914630e+01	4.382705e+01	1.785804e+02
492	1.494078e+01	2.694055e+03	4.359429e+02	4.336346e+02	7.922279e+01	4.329787e+01	1.763214e+02
493	1.497115e+01	2.696744e+03	4.366774e+02	4.336868e+02	7.965791e+01	4.310434e+01	1.753155e+02
494	1.500152e+01	2.687509e+03	4.373067e+02	4.340437e+02	7.965866e+01	4.295632e+01	1.740756e+02
495	1.503189e+01	2.693514e+03	4.378960e+02	4.341538e+02	7.945858e+01	4.316071e+01	1.721364e+02
496	1.506225e+01	2.689736e+03	4.386064e+02	4.345734e+02	7.960323e+01	4.302185e+01	1.705222e+02
497	1.509262e+01	2.698797e+03	4.391738e+02	4.346679e+02	7.966852e+01	4.313140e+01	1.695048e+02
498	1.512299e+01	2.701281e+03	4.398219e+02	4.350622e+02	7.939845e+01	4.331795e+01	1.677185e+02
499	1.515336e+01	2.696246e+03	4.405053e+02	4.351915e+02	7.939235e+01	4.324053e+01	1.659391e+02
500	1.518372e+01	2.715889e+03	4.409540e+02	4.350859e+02	7.957061e+01	4.345797e+01	1.651486e+02
501	1.521409e+01	2.683618e+03	4.417867e+02	4.352184e+02	7.947824e+01	4.299150e+01	1.629572e+02
502	1.524446e+01	2.706388e+03	4.425681e+02	4.351592e+02	7.972570e+01	4.322169e+01	1.618457e+02
503	1.527483e+01	2.696131e+03	4.432204e+02	4.353695e+02	8.001456e+01	4.290245e+01	1.601541e+02
504	1.530519e+01	2.709205e+03	4.452350e+02	4.355850e+02	8.005797e+01	4.308711e+01	1.560290e+02
505	1.533556e+01	2.694095e+03	4.459873e+02	4.355632e+02	7.994917e+01	4.290511e+01	1.544377e+02
506	1.536593e+01	2.698905e+03	4.465610e+02	4.355184e+02	8.012953e+01	4.288498e+01	1.530072e+02
507	1.539630e+01	2.708049e+03	4.472558e+02	4.355135e+02	8.025322e+01	4.296395e+01	1.515947e+02
508	1.542666e+01	2.716120e+03	4.479021e+02	4.355498e+02	7.993935e+01	4.326118e+01	1.505224e+02
509	1.545703e+01	2.721235e+03	4.485654e+02	4.355723e+02	8.020609e+01	4.319851e+01	1.488891e+02
510	1.548740e+01	2.726670e+03	4.492790e+02	4.356136e+02	8.027641e+01	4.324688e+01	1.482469e+02
511	1.551776e+01	2.716999e+03	4.499385e+02	4.358175e+02	8.002753e+01	4.322751e+01	1.469929e+02
512	1.554813e+01	2.719270e+03	4.505235e+02	4.357133e+02	8.015195e+01	4.319648e+01	1.455653e+02
513	1.557850e+01	2.717999e+03	4.511389e+02	4.358915e+02	7.990684e+01	4.330874e+01	1.438490e+02
514	1.560887e+01	2.728768e+03	4.517767e+02	4.357465e+02	8.029919e+01	4.326788e+01	1.431402e+02
515	1.563923e+01	2.712567e+03	4.523973e+02	4.354982e+02	8.001034e+01	4.316626e+01	1.414163e+02
516	1.566960e+01	2.715739e+03	4.531717e+02	4.355529e+02	8.047281e+01	4.296839e+01	1.397606e+02
517	1.569997e+01	2.717894e+03	4.537847e+02	4.354682e+02	8.009908e+01	4.320312e+01	1.381342e+02
518	1.573034e+01	2.712371e+03	4.545044e+02	4.350791e+02	8.040315e+01	4.295227e+01	1.366439e+02
519	1.576070e+01	2.715862e+03	4.549722e+02	4.347437e+02	8.043671e+01	4.298961e+01	1.354082e+02
520	1.579107e+01	2.700798e+03	4.557472e+02	4.347914e+02	8.035050e+01	4.279702e+01	1.335573e+02
521	1.582144e+01	2.719900e+03	4.563649e+02	4.343766e+02	8.042126e+01	4.306180e+01	1.327051e+02
522	1.585181e+01	2.708307e+03	4.570975e+02	4.342753e+02	8.018727e+01	4.300338e+01	1.312021e+02
523	1.588217e+01	2.717524e+03	4.577573e+02	4.340848e+02	8.047650e+01	4.299465e+01	1.300036e+02
524	1.591254e+01	2.700017e+03	4.583207e+02	4.338212e+02	8.005523e+01	4.294246e+01	1.286439e+02
525	1.594291e+01	2.694379e+03	4.591267e+02	4.335917e+02	8.011468e+01	4.282099e+01	1.272374e+02
526	1.597328e+01	2.712015e+03	4.597011e+02	4.332443e+02	8.050932e+01	4.289000e+01	1.258722e+02
527	1.600364e+01	2.758736e+03	4.596810e+02	4.326868e+02	8.156142e+01	4.306610e+01	1.235043e+02
528	1.603401e+01	2.711764e+03	4.610208e+02	4.326149e+02	8.059699e+01	4.283938e+01	1.232571e+02
529	1.606438e+01	2.697310e+03	4.618518e+02	4.322491e+02	8.045761e+01	4.268486e+01	1.217826e+02
530	1.609475e+01	2.708976e+03	4.623475e+02	4.318338e+02	8.070518e+01	4.273797e+01	1.205991e+02
531	1.612511e+01	2.729251e+03	4.628529e+02	4.314315e+02	8.057133e+01	4.312937e+01	1.186178e+02
532	1.615548e+01	2.699974e+03	4.636735e+02	4.312310e+02	8.062113e+01	4.264035e+01	1.180577e+02
533	1.618585e+01	2.697002e+03	4.643007e+02	4.306796e+02	8.037598e+01	4.272333e+01	1.171535e+02
534	1.621622e+01	2.693901e+03	4.649213e+02	4.303104e+02	8.056458e+01	4.257431e+01	1.159315e+02
535	1.624658e+01	2.699756e+03	4.654043e+02	4.298399e+02	8.062304e+01	4.263591e+01	1.140570e+02
536	1.627695e+01	2.701741e+03	4.661102e+02	4.293417e+02	8.049574e+01	4.273473e+01	1.135287e+02
537	1.630732e+01	2.712077e+03	4.666029e+02	4.289523e+02	8.041812e+01	4.293962e+01	1.119527e+02
538	1.633769e+01	2.699823e+03	4.674034e+02	4.285231e+02	8.069420e+01	4.259936e+01	1.112377e+02
539	1.636805e+01	2.702814e+03	4.677842e+02	4.280197e+02	8.047327e+01	4.276364e+01	1.102229e+02
540	1.639842e+01	2.702690e+03	4.684873e+02	4.275298e+02	8.069284e+01	4.264531e+01	1.088576e+02
541	1.642879e+01	2.707481e+03	4.690075e+02	4.270101e+02	8.098449e+01	4.256706e+01	1.077909e+02
542	1.645916e+01	2.717498e+03	4.693675e+02	4.265936e+02	8.116706e+01	4.262844e+01	1.063424e+02
543	1.648952e+01	2.699419e+03	4.701146e+02	4.260858e+02	8.075468e+01	4.256109e+01	1.051483e+02
544	1.651989e+01	2.710649e+03	4.706920e+02	4.256451e+02	8.115495e+01	4.252736e+01	1.037705e+02
545	1.655026e+01	2.697791e+03	4.709769e+02	4.249899e+02	8.066162e+01	4.258450e+01	1.022741e+02
546	1.658063e+01	2.686702e+03	4.712239e+02	4.244987e+02	8.079653e+01	4.233864e+01	1.015608e+02
547	1.661099e+01	2.702387e+03	4.716418e+02	4.239276e+02	8.091915e+01	4.252129e+01	1.001053e+02
548	1.664136e+01	2.706747e+03	4.721352e+02	4.233576e+02	8.101827e+01	4.253778e+01	9.866965e+01
549	1.667173e+01	2.707520e+03	4.725401e+02	4.227895e+02	8.129117e+01	4.240709e+01	9.745396e+01
550	1.670210e+01	2.712699e+03	4.730381e+02	4.221429e+02	8.162051e+01	4.231676e+01	9.571847e+01
551	1.673246e+01	2.700463e+03	4.732823e+02	4.216722e+02	8.142141e+01	4.222889e+01	9.463713e+01
552	1.676283e+01	2.717785e+03	4.736086e+02	4.210140e+02	8.134302e+01	4.254073e+01	9.301717e+01
553	1.679320e+01	2.711706e+03	4.739717e+02	4.205897e+02	8.114137e+01	4.255106e+01	9.192418e+01
554	1.682357e+01	2.714625e+03	4.744612e+02	4.199739e+02	8.130809e+01	4.250953e+01	9.068371e+01
555	1.685393e+01	2.724752e+03	4.747797e+02	4.195381e+02	8.143386e+01	4.260220e+01	8.912244e+01
556	1.688430e+01	2.710338e+03	4.753185e+02	4.188438e+02	8.100470e+01	4.260135e+01	8.799108e+01
557	1.691467e+01	2.713137e+03	4.756147e+02	4.181773e+02	8.117654e+01	4.255507e+01	8.686617e+01
558	1.694503e+01	2.701796e+03	4.756657e+02	4.175581e+02	8.115469e+01	4.238860e+01	8.571671e+01
559	1.697540e+01	2.710922e+03	4.762298e+02	4.167752e+02	8.115147e+01	4.253346e+01	8.399883e+01
560	1.700577e+01	2.724290e+03	4.763233e+02	4.161863e+02	8.116151e+01	4.273792e+01	8.303581e+01
561	1.703614e+01	2.707926e+03	4.766109e+02	4.153275e+02	8.092294e+01	4.260644e+01	8.157964e+01
562	1.706650e+01	2.710021e+03	4.768232e+02	4.146552e+02	8.104250e+01	4.257649e+01	7.985478e+01
563	1.709687e+01	2.714676e+03	4.770798e+02	4.139686e+02	8.130684e+01	4.251097e+01	7.906394e+01
564	1.712724e+01	2.706748e+03	4.772997e+02	4.131374e+02	8.078680e+01	4.265968e+01	7.782172e+01
565	1.715761e+01	2.706154e+03	4.774288e+02	4.123496e+02	8.087720e+01	4.260264e+01	7.639012e+01
566	1.718797e+01	2.729799e+03	4.776351e+02	4.116705e+02	8.098337e+01	4.291854e+01	7.501843e+01
567	1.721834e+01	2.721866e+03	4.779320e+02	4.109757e+02	8.090127e+01	4.283724e+01	7.354025e+01
568	1.724871e+01	2.729534e+03	4.779016e+02	4.102650e+02	8.128350e+01	4.275592e+01	7.300568e+01
569	1.727908e+01	2.723511e+03	4.781724e+02	4.095585e+02	8.117754e+01	4.271725e+01	7.207352e+01
570	1.730944e+01	2.719933e+03	4.785060e+02	4.088600e+02	8.098994e+01	4.275995e+01	7.036051e+01
571	1.733981e+01	2.731231e+03	4.785172e+02	4.082322e+02	8.103481e+01	4.291380e+01	6.925144e+01
572	1.737018e+01	2.702866e+03	4.786261e+02	4.076662e+02	8.028992e+01	4.286212e+01	6.846623e+01
573	1.740055e+01	2.715364e+03	4.787525e+02	4.069613e+02	8.040778e+01	4.299719e+01	6.697169e+01
574	1.743091e+01	2.714029e+03	4.787573e+02	4.063393e+02	8.065810e+01	4.284267e+01	6.574020e+01
575	1.746128e+01	2.706015e+03	4.787388e+02	4.057240e+02	8.029224e+01	4.291081e+01	6.493559e+01
576	1.749165e+01	2.712618e+03	4.789652e+02	4.049068e+02	8.026933e+01	4.302780e+01	6.396464e+01
577	1.752202e+01	2.717929e+03	4.789664e+02	4.041216e+02	8.030919e+01	4.309065e+01	6.281219e+01
578	1.755238e+01	2.706628e+03	4.791211e+02	4.033960e+02	8.004431e+01	4.305348e+01	6.176666e+01
579	1.758275e+01	2.710047e+03	4.789605e+02	4.027863e+02	7.981497e+01	4.323173e+01	6.051351e+01
580	1.761312e+01	2.704305e+03	4.788999e+02	4.021583e+02	7.981447e+01	4.314040e+01	5.950270e+01
581	1.764349e+01	2.715501e+03	4.789715e+02	4.014076e+02	7.996049e+01	4.323989e+01	5.835537e+01
582	1.767385e+01	2.703872e+03	4.790356e+02	4.006932e+02	7.965873e+01	4.321782e+01	5.715150e+01
583	1.770422e+01	2.713285e+03	4.789556e+02	4.000276e+02	7.989493e+01	4.324006e+01	5.587252e+01
584	1.773459e+01	2.710408e+03	4.787608e+02	3.993637e+02	7.998033e+01	4.314809e+01	5.470261e+01
585	1.776496e+01	2.702865e+03	4.786755e+02	3.986852e+02	7.993154e+01	4.305427e+01	5.352301e+01
586	1.779532e+01	2.711072e+03	4.787213e+02	3.979036e+02	7.978526e+01	4.326419e+01	5.206403e+01
587	1.782569e+01	2.715485e+03	4.786247e+02	3.971383e+02	7.980775e+01	4.332240e+01	5.134795e+01
588	1.785606e+01	2.718181e+03	4.782835e+02	3.965181e+02	7.993691e+01	4.329533e+01	5.048643e+01
589	1.788643e+01	2.706260e+03	4.783429e+02	3.957179e+02	7.947205e+01	4.335760e+01	4.890180e+01
590	1.791679e+01	2.697817e+03	4.783722e+02	3.950163e+02	7.941669e+01	4.325246e+01	4.774431e+01
591	1.794716e+01	2.705156e+03	4.781411e+02	3.943686e+02	7.945869e+01	4.334720e+01	4.637024e+01
592	1.797753e+01	2.711581e+03	4.778820e+02	3.938285e+02	7.961290e+01	4.336599e+01	4.535376e+01
593	1.800790e+01	2.716474e+03	4.777445e+02	3.932008e+02	7.960080e+01	4.345084e+01	4.368623e+01
594	1.803826e+01	2.722748e+03	4.777036e+02	3.926804e+02	7.991968e+01	4.337743e+01	4.275793e+01
595	1.806863e+01	2.760411e+03	4.769189e+02	3.922816e+02	7.975919e+01	4.406595e+01	4.304689e+01
596	1.809900e+01	2.728282e+03	4.772538e+02	3.915331e+02	8.003479e+01	4.340308e+01	4.096274e+01
597	1.812937e+01	2.714789e+03	4.768904e+02	3.911040e+02	7.971327e+01	4.336263e+01	3.977798e+01
598	1.815973e+01	2.742140e+03	4.766134e+02	3.904218e+02	7.944760e+01	4.394596e+01	3.814228e+01
599	1.819010e+01	2.738620e+03	4.765013e+02	3.897028e+02	8.011646e+01	4.352312e+01	3.651736e+01
600	1.822047e+01	2.741538e+03	4.760477e+02	3.892786e+02	7.985715e+01	4.371099e+01	3.500400e+01
601	1.825084e+01	2.738521e+03	4.755521e+02	3.889395e+02	7.954451e+01	4.383450e+01	3.412214e+01
602	1.828120e+01	2.733384e+03	4.756206e+02	3.879812e+02	7.988921e+01	4.356350e+01	3.185515e+01
603	1.831157e+01	2.738468e+03	4.748770e+02	3.879484e+02	7.984431e+01	4.366906e+01	3.121215e+01
604	1.834194e+01	2.718094e+03	4.747016e+02	3.872349e+02	7.952534e+01	4.351802e+01	2.916149e+01
605	1.837230e+01	2.718315e+03	4.743612e+02	3.868959e+02	7.933884e+01	4.362386e+01	2.793531e+01
606	1.840267e+01	2.753672e+03	4.737620e+02	3.864718e+02	8.025414e+01	4.368727e+01	2.662207e+01
607	1.843304e+01	2.740931e+03	4.733121e+02	3.859827e+02	7.981821e+01	4.372262e+01	2.495633e+01
608	1.846341e+01	2.718189e+03	4.729112e+02	3.856361e+02	7.939376e+01	4.359165e+01	2.359260e+01
609	1.849377e+01	2.740266e+03	4.726562e+02	3.846429e+02	7.982560e+01	4.370797e+01	2.155741e+01
610	1.852414e+01	2.751065e+03	4.720740e+02	3.842463e+02	7.999141e+01	4.378926e+01	2.040593e+01
611	1.855451e+01	2.747284e+03	4.715669e+02	3.837276e+02	7.988680e+01	4.378634e+01	1.836876e+01
612	1.858488e+01	2.740807e+03	4.710597e+02	3.834539e+02	7.973401e+01	4.376682e+01	1.700608e+01
613	1.861524e+01	2.731950e+03	4.705539e+02	3.832095e+02	7.967617e+01	4.365706e+01	1.528008e+01
614	1.864561e+01	2.730088e+03	4.700457e+02	3.828294e+02	7.946943e+01	4.374080e+01	1.367737e+01
615	1.867598e+01	2.731521e+03	4.695778e+02	3.822924e+02	7.964555e+01	4.366698e+01	1.168660e+01
616	1.870635e+01	2.729254e+03	4.690329e+02	3.823003e+02	7.933498e+01	4.380154e+01	1.026259e+01
617	1.873671e+01	2.726433e+03	4.684815e+02	3.819184e+02	7.943796e+01	4.369954e+01	8.350669e+00
618	1.876708e+01	2.756382e+03	4.678159e+02	3.813903e+02	7.939149e+01	4.420543e+01	6.498610e+00
619	1.879745e+01	2.740204e+03	4.673753e+02	3.813487e+02	7.971271e+01	4.376888e+01	5.228468e+00
620	1.882782e+01	2.753693e+03	4.668005e+02	3.811317e+02	7.967628e+01	4.400444e+01	3.682721e+00
621	1.885818e+01	2.726871e+03	4.663222e+02	3.809594e+02	7.947897e+01	4.368401e+01	1.535151e+00
622	1.888855e+01	2.736190e+03	4.657131e+02	3.806314e+02	7.981102e+01	4.365093e+01	3.129116e-01
623	1.891892e+01	2.771423e+03	4.648526e+02	3.802545e+02	7.907123e+01	4.462666e+01	1.784302e+02
624	1.894929e+01	2.782969e+03	4.639886e+02	3.801364e+02	7.828239e+01	4.526415e+01	1.766820e+02
625	1.897965e+01	2.732657e+03	4.639039e+02	3.799629e+02	7.928917e+01	4.388150e+01	1.752245e+02
626	1.901002e+01	2.724036e+03	4.633217e+02	3.796569e+02	7.955133e+01	4.359890e+01	1.734924e+02
627	1.904039e+01	2.737111e+03	4.627363e+02	3.795520e+02	7.942889e+01	4.387569e+01	1.719888e+02
628	1.907076e+01	2.730915e+03	4.622405e+02	3.794403e+02	7.966903e+01	4.364442e+01	1.702888e+02
629	1.910112e+01	2.729218e+03	4.615317e+02	3.793734e+02	7.969234e+01	4.360454e+01	1.686686e+02
630	1.913149e+01	2.724746e+03	4.610111e+02	3.792549e+02	7.928017e+01	4.375941e+01	1.668239e+02
631	1.916186e+01	2.727749e+03	4.604608e+02	3.792944e+02	7.944527e+01	4.371660e+01	1.650229e+02
632	1.919223e+01	2.712011e+03	4.598155e+02	3.791262e+02	7.933353e+01	4.352560e+01	1.640631e+02
633	1.922259e+01	2.729690e+03	4.591073e+02	3.791696e+02	7.902130e+01	4.398243e+01	1.624369e+02
634	1.925296e+01	2.730292e+03	4.584438e+02	3.789199e+02	7.922417e+01	4.387947e+01	1.608616e+02
635	1.928333e+01	2.742947e+03	4.578782e+02	3.788593e+02	7.983737e+01	4.374429e+01	1.592638e+02
636	1.931370e+01	2.713835e+03	4.573484e+02	3.789416e+02	7.918062e+01	4.363899e+01	1.571460e+02
637	1.934406e+01	2.719903e+03	4.567239e+02	3.791289e+02	7.928470e+01	4.367915e+01	1.562920e+02
638	1.937443e+01	2.715133e+03	4.560837e+02	3.790493e+02	7.927931e+01	4.360551e+01	1.540540e+02
639	1.940480e+01	2.717728e+03	4.555258e+02	3.791740e+02	7.953211e+01	4.350845e+01	1.520912e+02
640	1.943517e+01	2.707759e+03	4.549146e+02	3.792048e+02	7.929571e+01	4.347810e+01	1.504956e+02
641	1.946553e+01	2.717133e+03	4.542757e+02	3.791994e+02	7.940070e+01	4.357091e+01	1.485878e+02
642	1.949590e+01	2.717951e+03	4.536689e+02	3.794895e+02	7.931884e+01	4.362902e+01	1.470102e+02
643	1.952627e+01	2.724017e+03	4.530084e+02	3.796748e+02	7.938354e+01	4.369075e+01	1.452939e+02
644	1.955664e+01	2.721162e+03	4.524700e+02	3.797868e+02	7.949845e+01	4.358187e+01	1.437965e+02
645	1.958700e+01	2.725030e+03	4.517411e+02	3.799106e+02	7.959946e+01	4.358843e+01	1.419642e+02
646	1.961737e+01	2.717582e+03	4.513294e+02	3.801892e+02	7.939431e+01	4.358163e+01	1.407767e+02
647	1.964774e+01	2.705196e+03	4.504591e+02	3.801779e+02	7.944788e+01	4.335374e+01	1.389303e+02
648	1.967811e+01	2.735461e+03	4.498452e+02	3.801151e+02	8.004605e+01	4.351117e+01	1.382328e+02
649	1.970847e+01	2.705942e+03	4.494971e+02	3.805717e+02	7.938448e+01	4.340032e+01	1.363956e+02
650	1.973884e+01	2.709485e+03	4.488854e+02	3.808036e+02	7.950922e+01	4.338898e+01	1.346012e+02
651	1.976921e+01	2.690708e+03	4.482893e+02	3.809594e+02	7.920454e+01	4.325403e+01	1.331823e+02
652	1.979957e+01	2.705600e+03	4.475859e+02	3.812166e+02	7.963419e+01	4.325877e+01	1.315544e+02
653	1.982994e+01	2.692336e+03	4.469574e+02	3.815554e+02	7.940520e+01	4.317083e+01	1.302101e+02
654	1.986031e+01	2.698740e+03	4.463938e+02	3.818429e+02	7.970100e+01	4.311291e+01	1.283737e+02
655	1.989068e+01	2.714710e+03	4.456785e+02	3.822105e+02	8.003740e+01	4.318576e+01	1.265999e+02
656	1.992104e+01	2.698809e+03	4.452510e+02	3.826657e+02	7.945558e+01	4.324718e+01	1.250955e+02
657	1.995141e+01	2.699369e+03	4.446189e+02	3.829874e+02	7.963102e+01	4.316087e+01	1.235448e+02
658	1.998178e+01	2.705784e+03	4.439285e+02	3.832061e+02	7.994011e+01	4.309615e+01	1.228841e+02
659	2.001215e+01	2.675222e+03	4.435595e+02	3.838438e+02	7.920441e+01	4.300517e+01	1.205697e+02
660	2.004251e+01	2.687166e+03	4.429753e+02	3.841480e+02	7.929202e+01	4.314944e+01	1.192928e+02
661	2.007288e+01	2.688309e+03	4.424297e+02	3.847552e+02	7.979158e+01	4.289753e+01	1.176365e+02
662	2.010325e+01	2.676982e+03	4.417621e+02	3.851093e+02	7.940559e+01	4.292442e+01	1.165305e+02
663	2.013362e+01	2.680638e+03	4.412622e+02	3.856011e+02	7.956810e+01	4.289526e+01	1.149279e+02
664	2.016398e+01	2.678339e+03	4.407840e+02	3.859525e+02	7.985306e+01	4.270553e+01	1.136774e+02
665	2.019435e+01	2.679188e+03	4.403312e+02	3.864600e+02	7.980727e+01	4.274358e+01	1.120357e+02
666	2.022472e+01	2.671819e+03	4.399269e+02	3.869693e+02	7.997791e+01	4.253507e+01	1.105881e+02
667	2.025509e+01	2.702898e+03	4.390222e+02	3.872772e+02	8.041156e+01	4.279779e+01	1.088002e+02
668	2.028545e+01	2.678724e+03	4.388191e+02	3.877151e+02	8.001095e+01	4.262738e+01	1.077390e+02
669	2.031582e+01	2.675684e+03	4.383930e+02	3.883054e+02	7.988498e+01	4.264615e+01	1.068235e+02
670	2.034619e+01	2.697069e+03	4.378926e+02	3.888336e+02	8.035303e+01	4.273659e+01	1.053552e+02
671	2.037656e+01	2.684706e+03	4.375043e+02	3.894373e+02	8.050853e+01	4.245853e+01	1.040483e+02
672	2.040692e+01	2.681291e+03	4.369908e+02	3.900033e+02	8.038461e+01	4.246990e+01	1.025984e+02
673	2.043729e+01	2.697393e+03	4.364560e+02	3.906143e+02	8.074892e+01	4.253218e+01	1.014431e+02
674	2.046766e+01	2.697782e+03	4.360537e+02	3.911238e+02	8.062631e+01	4.260301e+01	1.001278e+02
675	2.049803e+01	2.691954e+03	4.358111e+02	3.916907e+02	8.034259e+01	4.266109e+01	9.901133e+01
676	2.052839e+01	2.680635e+03	4.353371e+02	3.923230e+02	8.056399e+01	4.236496e+01	9.757590e+01
677	2.055876e+01	2.680293e+03	4.351172e+02	3.930410e+02	8.055842e+01	4.236250e+01	9.614996e+01
678	2.058913e+01	2.684710e+03	4.346405e+02	3.937041e+02	8.055359e+01	4.243484e+01	9.494465e+01
679	2.061950e+01	2.678051e+03	4.341539e+02	3.943988e+02	8.040488e+01	4.240788e+01	9.388370e+01
680	2.064986e+01	2.678093e+03	4.339304e+02	3.950180e+02	8.071952e+01	4.224324e+01	9.231944e+01
681	2.068023e+01	2.685079e+03	4.335533e+02	3.958158e+02	8.091848e+01	4.224930e+01	9.104770e+01
682	2.071060e+01	2.678669e+03	4.333756e+02	3.964435e+02	8.052208e+01	4.235592e+01	8.972449e+01
683	2.074097e+01	2.682637e+03	4.330312e+02	3.970291e+02	8.071491e+01	4.231733e+01	8.876819e+01
684	2.077133e+01	2.689372e+03	4.328011e+02	3.977935e+02	8.098145e+01	4.228394e+01	8.720432e+01
685	2.080170e+01	2.680084e+03	4.324165e+02	3.984959e+02	8.058829e+01	4.234348e+01	8.622829e+01
686	2.083207e+01	2.687413e+03	4.321495e+02	3.992769e+02	8.062091e+01	4.244210e+01	8.452499e+01
687	2.086244e+01	2.690378e+03	4.320768e+02	4.000726e+02	8.075967e+01	4.241592e+01	8.340433e+01
688	2.089280e+01	2.680334e+03	4.318840e+02	4.007184e+02	8.075646e+01	4.225925e+01	8.175566e+01
689	2.092317e+01	2.681580e+03	4.314658e+02	4.015122e+02	8.055317e+01	4.238560e+01	8.106081e+01
690	2.095354e+01	2.680476e+03	4.314062e+02	4.023539e+02	8.046523e+01	4.241444e+01	7.951480e+01
691	2.098391e+01	2.679669e+03	4.312775e+02	4.030240e+02	8.065092e+01	4.230405e+01	7.846609e+01
692	2.101427e+01	2.695796e+03	4.310735e+02	4.037854e+02	8.088987e+01	4.243293e+01	7.725907e+01
693	2.104464e+01	2.680694e+03	4.308589e+02	4.045956e+02	8.043581e+01	4.243340e+01	7.624680e+01
694	2.107501e+01	2.702119e+03	4.307917e+02	4.053417e+02	8.067912e+01	4.264356e+01	7.477249e+01
695	2.110538e+01	2.690080e+03	4.306487e+02	4.062318e+02	8.044294e+01	4.257821e+01	7.350858e+01
696	2.113574e+01	2.698863e+03	4.305120e+02	4.069124e+02	8.083437e+01	4.251037e+01	7.240611e+01
697	2.116611e+01	2.684670e+03	4.306624e+02	4.076546e+02	8.053782e+01	4.244252e+01	7.072137e+01
698	2.119648e+01	2.689813e+03	4.306511e+02	4.083220e+02	8.056252e+01	4.251079e+01	6.847966e+01
699	2.122684e+01	2.693930e+03	4.307607e+02	4.090522e+02	8.060844e+01	4.255161e+01	6.702660e+01
700	2.125721e+01	2.686855e+03	4.307771e+02	4.098350e+02	8.019698e+01	4.265759e+01	6.570520e+01
701	2.128758e+01	2.682247e+03	4.308091e+02	4.105926e+02	8.020255e+01	4.258148e+01	6.424826e+01
702	2.131795e+01	2.697308e+03	4.307896e+02	4.115062e+02	8.041096e+01	4.270960e+01	6.273907e+01
703	2.134831e+01	2.694745e+03	4.308105e+02	4.122414e+02	8.011987e+01	4.282403e+01	6.129861e+01
704	2.137868e+01	2.711726e+03	4.307410e+02	4.130652e+02	8.068892e+01	4.278998e+01	6.034177e+01
705	2.140905e+01	2.693810e+03	4.310260e+02	4.137224e+02	8.013063e+01	4.280342e+01	5.854980e+01
706	2.143942e+01	2.698034e+03	4.310190e+02	4.143424e+02	8.012615e+01	4.287294e+01	5.740809e+01
707	2.146978e+01	2.702739e+03	4.312859e+02	4.149449e+02	8.005046e+01	4.298831e+01	5.571606e+01
708	2.150015e+01	2.718818e+03	4.313329e+02	4.155931e+02	8.014358e+01	4.319381e+01	5.465577e+01
709	2.153052e+01	2.702621e+03	4.316451e+02	4.164295e+02	8.019402e+01	4.290949e+01	5.273645e+01
710	2.156089e+01	2.717931e+03	4.318220e+02	4.170095e+02	7.989404e+01	4.331459e+01	5.199979e+01
711	2.159125e+01	2.726221e+03	4.321676e+02	4.177824e+02	8.027669e+01	4.323960e+01	5.045493e+01
712	2.162162e+01	2.699821e+03	4.325498e+02	4.184985e+02	8.009761e+01	4.291661e+01	4.836867e+01
713	2.165199e+01	2.702289e+03	4.327171e+02	4.193906e+02	7.998107e+01	4.301844e+01	4.738264e+01
714	2.168236e+01	2.691773e+03	4.329717e+02	4.200301e+02	7.960014e+01	4.305611e+01	4.554410e+01
715	2.171272e+01	2.694775e+03	4.333794e+02	4.206161e+02	7.973175e+01	4.303297e+01	4.429748e+01
716	2.174309e+01	2.698220e+03	4.334620e+02	4.212649e+02	7.945338e+01	4.323894e+01	4.256092e+01
717	2.177346e+01	2.691801e+03	4.336440e+02	4.220404e+02	7.942651e+01	4.315068e+01	4.126123e+01
718	2.180383e+01	2.714595e+03	4.339062e+02	4.227521e+02	8.022680e+01	4.308199e+01	4.006553e+01
719	2.183419e+01	2.721497e+03	4.342211e+02	4.233904e+02	8.039571e+01	4.310078e+01	3.831891e+01
720	2.186456e+01	2.703315e+03	4.346698e+02	4.239228e+02	7.966590e+01	4.320503e+01	3.607449e+01
721	2.189493e+01	2.714400e+03	4.350376e+02	4.244356e+02	7.967559e+01	4.337692e+01	3.498145e+01
722	2.192530e+01	2.711132e+03	4.353792e+02	4.249948e+02	7.965514e+01	4.333581e+01	3.325628e+01
723	2.195566e+01	2.711815e+03	4.356747e+02	4.257636e+02	7.972900e+01	4.330658e+01	3.178459e+01
724	2.198603e+01	2.718133e+03	4.359964e+02	4.261748e+02	7.988506e+01	4.332267e+01	3.049273e+01
725	2.201640e+01	2.715799e+03	4.364034e+02	4.269185e+02	7.991153e+01	4.327114e+01	2.996851e+01
726	2.204677e+01	2.714332e+03	4.368686e+02	4.273586e+02	7.979076e+01	4.331322e+01	2.842604e+01
727	2.207713e+01	2.739071e+03	4.370334e+02	4.282741e+02	8.006182e+01	4.356001e+01	2.729656e+01
728	2.210750e+01	2.728453e+03	4.376494e+02	4.287460e+02	7.993447e+01	4.346028e+01	2.565914e+01
729	2.213787e+01	2.716002e+03	4.380521e+02	4.292232e+02	7.952438e+01	4.348504e+01	2.441913e+01
730	2.216824e+01	2.715701e+03	4.384586e+02	4.298925e+02	7.993929e+01	4.325454e+01	2.276921e+01
731	2.219860e+01	2.712678e+03	4.387813e+02	4.304579e+02	7.973454e+01	4.331734e+01	2.123317e+01
732	2.222897e+01	2.739690e+03	4.389714e+02	4.311123e+02	7.994798e+01	4.363190e+01	2.059537e+01
733	2.225934e+01	2.724510e+03	4.394054e+02	4.317776e+02	7.981796e+01	4.346083e+01	1.875767e+01
734	2.228971e+01	2.727729e+03	4.395518e+02	4.328651e+02	8.019798e+01	4.330599e+01	1.786226e+01
735	2.232007e+01	2.689063e+03	4.402356e+02	4.330962e+02	7.923979e+01	4.320835e+01	1.570014e+01
736	2.235044e+01	2.698079e+03	4.408536e+02	4.336273e+02	7.940075e+01	4.326534e+01	1.469446e+01
737	2.238081e+01	2.700779e+03	4.412940e+02	4.341655e+02	7.934418e+01	4.333952e+01	1.277850e+01
738	2.241118e+01	2.706923e+03	4.419500e+02	4.346382e+02	7.943066e+01	4.339082e+01	1.176305e+01
739	2.244154e+01	2.697924e+03	4.424724e+02	4.351707e+02	7.956888e+01	4.317145e+01	1.104333e+01
740	2.247191e+01	2.707795e+03	4.430536e+02	4.356172e+02	7.947553e+01	4.338028e+01	1.029021e+01
741	2.250228e+01	2.711359e+03	4.434994e+02	4.362291e+02	7.940119e+01	4.347805e+01	8.905540e+00
742	2.253265e+01	2.717577e+03	4.437080e+02	4.370059e+02	7.880688e+01	4.390639e+01	8.338406e+00
743	2.256301e+01	2.709992e+03	4.445261e+02	4.375148e+02	7.972268e+01	4.328090e+01	6.633132e+00
744	2.259338e+01	2.705144e+03	4.450308e+02	4.377153e+02	7.926714e+01	4.345176e+01	4.990178e+00
745	2.262375e+01	2.684158e+03	4.458691e+02	4.381732e+02	7.929086e+01	4.310177e+01	3.616410e+00
746	2.265411e+01	2.681232e+03	4.463954e+02	4.387193e+02	7.962092e+01	4.287630e+01	2.235883e+00
747	2.268448e+01	2.691173e+03	4.472145e+02	4.389144e+02	7.916332e+01	4.328403e+01	1.424608e+00
748	2.271485e+01	2.688974e+03	4.477328e+02	4.395121e+02	7.916737e+01	4.324646e+01	1.798151e+02
749	2.274522e+01	2.680952e+03	4.483121e+02	4.401409e+02	7.936388e+01	4.301068e+01	1.785156e+02
750	2.277558e+01	2.673797e+03	4.489649e+02	4.403925e+02	7.920249e+01	4.298330e+01	1.772506e+02
751	2.280595e+01	2.681349e+03	4.496237e+02	4.406458e+02	7.927830e+01	4.306348e+01	1.755136e+02
752	2.283632e+01	2.700854e+03	4.504047e+02	4.407506e+02	7.959739e+01	4.320285e+01	1.751040e+02
753	2.286669e+01	2.705430e+03	4.510127e+02	4.409213e+02	7.964629e+01	4.324947e+01	1.735980e+02
754	2.289705e+01	2.694141e+03	4.517131e+02	4.414919e+02	7.915677e+01	4.333535e+01	1.722773e+02
755	2.292742e+01	2.700610e+03	4.522386e+02	4.418266e+02	7.871552e+01	4.368291e+01	1.704853e+02
756	2.295779e+01	2.687847e+03	4.530626e+02	4.421557e+02	7.922724e+01	4.319566e+01	1.688481e+02
757	2.298816e+01	2.693395e+03	4.537748e+02	4.421117e+02	7.941959e+01	4.317999e+01	1.679319e+02
758	2.301852e+01	2.699594e+03	4.544142e+02	4.423470e+02	7.959190e+01	4.318567e+01	1.663136e+02
759	2.304889e+01	2.701930e+03	4.551196e+02	4.426068e+02	7.981398e+01	4.310278e+01	1.648123e+02
760	2.307926e+01	2.710791e+03	4.555067e+02	4.429899e+02	7.934592e+01	4.349923e+01	1.648678e+02
761	2.310963e+01	2.708633e+03	4.562782e+02	4.429250e+02	7.972586e+01	4.325746e+01	1.623412e+02
762	2.313999e+01	2.680764e+03	4.570126e+02	4.433972e+02	7.931307e+01	4.303520e+01	1.612952e+02
763	2.317036e+01	2.715388e+03	4.576244e+02	4.434735e+02	7.932465e+01	4.358468e+01	1.600968e+02
764	2.320073e+01	2.684311e+03	4.585212e+02	4.435456e+02	7.901701e+01	4.325361e+01	1.585743e+02
765	2.323110e+01	2.705852e+03	4.590154e+02	4.436717e+02	7.935130e+01	4.341703e+01	1.577535e+02
766	2.326146e+01	2.718602e+03	4.598300e+02	4.437377e+02	7.930678e+01	4.364611e+01	1.562217e+02
767	2.329183e+01	2.710230e+03	4.605836e+02	4.436156e+02	7.979831e+01	4.324368e+01	1.543818e+02
768	2.332220e+01	2.703247e+03	4.612454e+02	4.435861e+02	7.958906e+01	4.324566e+01	1.537925e+02
769	2.335257e+01	2.688407e+03	4.620006e+02	4.437692e+02	7.933778e+01	4.314447e+01	1.522756e+02
770	2.338293e+01	2.741901e+03	4.626172e+02	4.438256e+02	7.990282e+01	4.369179e+01	1.514897e+02
771	2.341330e+01	2.739368e+03	4.634672e+02	4.437553e+02	7.977612e+01	4.372076e+01	1.503441e+02
772	2.344367e+01	2.717340e+03	4.643451e+02	4.435034e+02	7.994292e+01	4.327868e+01	1.487426e+02
773	2.347404e+01	2.705952e+03	4.651425e+02	4.437861e+02	7.978079e+01	4.318489e+01	1.472792e+02
774	2.350440e+01	2.720092e+03	4.657525e+02	4.435907e+02	8.016909e+01	4.320030e+01	1.463652e+02
775	2.353477e+01	2.722642e+03	4.663474e+02	4.434183e+02	8.015398e+01	4.324895e+01	1.448756e+02
776	2.356514e+01	2.725935e+03	4.670803e+02	4.432425e+02	8.011593e+01	4.332183e+01	1.437555e+02
777	2.359551e+01	2.709364e+03	4.677569e+02	4.432985e+02	8.017992e+01	4.302410e+01	1.417899e+02
778	2.362587e+01	2.718399e+03	4.684650e+02	4.433091e+02	8.024720e+01	4.313139e+01	1.409373e+02
779	2.365624e+01	2.725130e+03	4.691485e+02	4.431064e+02	8.029521e+01	4.321232e+01	1.394482e+02
780	2.368661e+01	2.714259e+03	4.699254e+02	4.431948e+02	8.036221e+01	4.300407e+01	1.381319e+02
781	2.371698e+01	2.719872e+03	4.706396e+02	4.430570e+02	8.022221e+01	4.316819e+01	1.369092e+02
782	2.374734e+01	2.703775e+03	4.712811e+02	4.431451e+02	8.001274e+01	4.302506e+01	1.351708e+02
783	2.377771e+01	2.708771e+03	4.719901e+02	4.429613e+02	7.990524e+01	4.316256e+01	1.340571e+02
784	2.380808e+01	2.717721e+03	4.726290e+02	4.427611e+02	7.987066e+01	4.332392e+01	1.329032e+02
785	2.383845e+01	2.727732e+03	4.732495e+02	4.424940e+02	8.033550e+01	4.323189e+01	1.316521e+02
786	2.386881e+01	2.708143e+03	4.741095e+02	4.424756e+02	8.015847e+01	4.301622e+01	1.300453e+02
787	2.389918e+01	2.700198e+03	4.747689e+02	4.421483e+02	8.014313e+01	4.289824e+01	1.287033e+02
788	2.392955e+01	2.708406e+03	4.755341e+02	4.418112e+02	8.045786e+01	4.286032e+01	1.270762e+02
789	2.395991e+01	2.715398e+03	4.760703e+02	4.414764e+02	8.049464e+01	4.295133e+01	1.257548e+02
790	2.399028e+01	2.713181e+03	4.767269e+02	4.411794e+02	8.074101e+01	4.278531e+01	1.241533e+02
791	2.402065e+01	2.706590e+03	4.774636e+02	4.409111e+02	8.039906e+01	4.286291e+01	1.232384e+02
792	2.405102e+01	2.720856e+03	4.780124e+02	4.405395e+02	8.054589e+01	4.301028e+01	1.218183e+02
793	2.408138e+01	2.708306e+03	4.787683e+02	4.403960e+02	8.066658e+01	4.274784e+01	1.201522e+02
794	2.411175e+01	2.713871e+03	4.793460e+02	4.401347e+02	8.075472e+01	4.278893e+01	1.188984e+02
795	2.414212e+01	2.706212e+03	4.798199e+02	4.395972e+02	8.055004e+01	4.277658e+01	1.175318e+02
796	2.417249e+01	2.718731e+03	4.804725e+02	4.392215e+02	8.054478e+01	4.297727e+01	1.162924e+02
797	2.420285e+01	2.699560e+03	4.810144e+02	4.389493e+02	8.046713e+01	4.271540e+01	1.147972e+02
798	2.423322e+01	2.706007e+03	4.818060e+02	4.384231e+02	8.095491e+01	4.255943e+01	1.135560e+02
799	2.426359e+01	2.705405e+03	4.820922e+02	4.379909e+02	8.103031e+01	4.251036e+01	1.120260e+02
