1	3.031222e-02	2.627835e+03	4.302187e+02	3.327983e+02	7.840784e+01	4.267257e+01	5.760740e+01
2	6.062443e-02	2.629748e+03	4.306427e+02	3.329863e+02	7.845218e+01	4.267950e+01	5.918233e+01
3	9.093665e-02	2.631772e+03	4.308773e+02	3.331904e+02	7.871759e+01	4.256832e+01	6.049451e+01
4	1.212489e-01	2.635273e+03	4.314318e+02	3.334285e+02	7.908793e+01	4.242536e+01	6.202757e+01
5	1.515611e-01	2.607573e+03	4.318235e+02	3.336707e+02	7.852460e+01	4.228057e+01	6.349326e+01
6	1.818733e-01	2.619950e+03	4.322286e+02	3.339014e+02	7.851243e+01	4.248784e+01	6.497546e+01
7	2.121855e-01	2.650508e+03	4.322852e+02	3.342037e+02	7.941176e+01	4.249663e+01	6.692565e+01
8	2.424977e-01	2.622472e+03	4.330489e+02	3.343964e+02	7.884168e+01	4.235114e+01	6.750053e+01
9	2.728099e-01	2.659440e+03	4.331806e+02	3.347412e+02	8.018360e+01	4.222939e+01	7.009636e+01
10	3.031222e-01	2.647909e+03	4.339127e+02	3.348375e+02	8.003583e+01	4.212391e+01	7.098216e+01
11	3.334344e-01	2.625516e+03	4.342378e+02	3.351475e+02	7.893479e+01	4.235029e+01	7.217194e+01
12	3.637466e-01	2.628768e+03	4.348192e+02	3.353190e+02	7.903180e+01	4.235069e+01	7.358558e+01
13	3.940588e-01	2.653103e+03	4.351698e+02	3.356041e+02	8.027310e+01	4.208179e+01	7.533600e+01
14	4.243710e-01	2.645584e+03	4.357136e+02	3.358696e+02	7.961715e+01	4.230825e+01	7.656570e+01
15	4.546832e-01	2.633688e+03	4.362593e+02	3.361842e+02	7.953889e+01	4.215945e+01	7.801199e+01
16	4.849955e-01	2.639476e+03	4.365942e+02	3.365001e+02	7.974252e+01	4.214421e+01	7.949471e+01
17	5.153077e-01	2.637744e+03	4.370087e+02	3.369325e+02	7.952744e+01	4.223045e+01	8.065466e+01
18	5.456199e-01	2.640621e+03	4.371601e+02	3.373734e+02	7.982003e+01	4.212154e+01	8.240379e+01
19	5.759321e-01	2.654975e+03	4.377869e+02	3.376495e+02	7.990160e+01	4.230729e+01	8.380273e+01
20	6.062443e-01	2.626332e+03	4.379897e+02	3.379942e+02	7.947590e+01	4.207501e+01	8.496822e+01
21	6.365565e-01	2.634849e+03	4.382966e+02	3.383545e+02	7.962508e+01	4.213237e+01	8.641059e+01
22	6.668687e-01	2.642522e+03	4.386991e+02	3.387278e+02	7.977157e+01	4.217747e+01	8.781857e+01
23	6.971810e-01	2.638949e+03	4.389868e+02	3.390096e+02	7.965406e+01	4.218258e+01	8.879702e+01
24	7.274932e-01	2.650298e+03	4.393067e+02	3.393401e+02	8.024745e+01	4.205073e+01	9.017654e+01
25	7.578054e-01	2.634629e+03	4.396471e+02	3.398170e+02	7.958120e+01	4.215209e+01	9.114382e+01
26	7.881176e-01	2.640813e+03	4.400340e+02	3.401778e+02	7.951871e+01	4.228424e+01	9.214121e+01
27	8.184298e-01	2.637467e+03	4.402723e+02	3.405627e+02	7.965061e+01	4.216072e+01	9.315729e+01
28	8.487420e-01	2.634688e+03	4.405900e+02	3.409026e+02	7.944946e+01	4.222293e+01	9.475262e+01
29	8.790543e-01	2.637592e+03	4.407579e+02	3.412387e+02	7.929358e+01	4.235257e+01	9.605957e+01
30	9.093665e-01	2.631270e+03	4.411727e+02	3.416462e+02	7.926077e+01	4.226854e+01	9.721986e+01
31	9.396787e-01	2.636617e+03	4.413265e+02	3.421047e+02	7.925549e+01	4.235725e+01	9.836014e+01
32	9.699909e-01	2.638343e+03	4.416824e+02	3.425271e+02	7.943502e+01	4.228920e+01	9.973766e+01
33	1.000303e+00	2.643679e+03	4.420336e+02	3.430147e+02	7.945325e+01	4.236500e+01	1.009189e+02
34	1.030615e+00	2.654897e+03	4.423633e+02	3.433810e+02	7.941441e+01	4.256557e+01	1.023922e+02
35	1.060928e+00	2.651935e+03	4.425102e+02	3.437190e+02	7.947784e+01	4.248415e+01	1.035558e+02
36	1.091240e+00	2.649746e+03	4.427566e+02	3.441695e+02	7.958761e+01	4.239054e+01	1.047460e+02
37	1.121552e+00	2.655673e+03	4.430760e+02	3.446823e+02	7.951087e+01	4.252635e+01	1.062058e+02
38	1.151864e+00	2.684660e+03	4.435525e+02	3.450861e+02	7.963309e+01	4.292456e+01	1.068859e+02
39	1.182176e+00	2.652676e+03	4.434404e+02	3.455397e+02	7.918915e+01	4.265095e+01	1.087401e+02
40	1.212489e+00	2.648330e+03	4.436403e+02	3.460647e+02	7.912650e+01	4.261478e+01	1.101753e+02
41	1.242801e+00	2.645644e+03	4.437716e+02	3.464745e+02	7.911881e+01	4.257570e+01	1.116833e+02
42	1.273113e+00	2.665636e+03	4.438763e+02	3.469289e+02	7.962479e+01	4.262483e+01	1.130603e+02
43	1.303425e+00	2.651431e+03	4.440486e+02	3.473264e+02	7.911140e+01	4.267282e+01	1.142791e+02
44	1.333737e+00	2.671183e+03	4.442909e+02	3.478830e+02	7.945655e+01	4.280397e+01	1.156178e+02
45	1.364050e+00	2.661237e+03	4.444273e+02	3.484181e+02	7.927260e+01	4.274354e+01	1.166611e+02
46	1.394362e+00	2.645650e+03	4.444548e+02	3.488544e+02	7.903060e+01	4.262332e+01	1.180556e+02
47	1.424674e+00	2.660185e+03	4.445339e+02	3.493254e+02	7.884478e+01	4.295850e+01	1.191129e+02
48	1.454986e+00	2.676112e+03	4.447576e+02	3.498634e+02	7.912959e+01	4.306014e+01	1.204380e+02
49	1.485299e+00	2.663258e+03	4.447895e+02	3.502823e+02	7.922678e+01	4.280074e+01	1.215917e+02
50	1.515611e+00	2.673814e+03	4.448665e+02	3.508421e+02	7.895611e+01	4.311769e+01	1.233168e+02
51	1.545923e+00	2.671578e+03	4.449371e+02	3.512534e+02	7.919554e+01	4.295139e+01	1.247398e+02
52	1.576235e+00	2.674095e+03	4.450344e+02	3.518660e+02	7.907748e+01	4.305604e+01	1.259583e+02
53	1.606547e+00	2.671452e+03	4.451221e+02	3.522661e+02	7.896941e+01	4.307236e+01	1.275989e+02
54	1.636860e+00	2.672692e+03	4.450765e+02	3.527206e+02	7.881324e+01	4.317773e+01	1.288139e+02
55	1.667172e+00	2.669988e+03	4.452394e+02	3.532622e+02	7.885216e+01	4.311276e+01	1.301115e+02
56	1.697484e+00	2.675722e+03	4.452613e+02	3.538100e+02	7.881764e+01	4.322427e+01	1.313469e+02
57	1.727796e+00	2.679635e+03	4.453749e+02	3.544798e+02	7.906892e+01	4.314991e+01	1.330683e+02
58	1.758109e+00	2.688044e+03	4.452744e+02	3.548593e+02	7.929302e+01	4.316299e+01	1.338188e+02
59	1.788421e+00	2.689516e+03	4.452307e+02	3.552910e+02	7.891051e+01	4.339597e+01	1.351504e+02
60	1.818733e+00	2.693914e+03	4.451115e+02	3.559790e+02	7.877872e+01	4.353965e+01	1.365421e+02
61	1.849045e+00	2.676272e+03	4.451165e+02	3.562549e+02	7.894860e+01	4.316143e+01	1.381327e+02
62	1.879357e+00	2.689599e+03	4.451140e+02	3.568638e+02	7.922225e+01	4.322654e+01	1.392108e+02
63	1.909670e+00	2.690555e+03	4.451571e+02	3.573248e+02	7.911257e+01	4.330185e+01	1.404119e+02
64	1.939982e+00	2.686800e+03	4.450763e+02	3.577830e+02	7.915950e+01	4.321578e+01	1.420298e+02
65	1.970294e+00	2.680143e+03	4.450865e+02	3.583203e+02	7.908654e+01	4.314848e+01	1.427619e+02
66	2.000606e+00	2.690623e+03	4.449459e+02	3.588231e+02	7.905418e+01	4.333494e+01	1.438820e+02
67	2.030918e+00	2.684846e+03	4.447478e+02	3.592750e+02	7.919346e+01	4.316583e+01	1.457210e+02
68	2.061231e+00	2.686466e+03	4.446281e+02	3.596154e+02	7.914780e+01	4.321680e+01	1.472199e+02
69	2.091543e+00	2.698397e+03	4.445770e+02	3.601047e+02	7.942270e+01	4.325848e+01	1.484064e+02
70	2.121855e+00	2.683699e+03	4.443867e+02	3.605528e+02	7.913925e+01	4.317696e+01	1.498914e+02
71	2.152167e+00	2.697131e+03	4.443462e+02	3.611317e+02	7.937662e+01	4.326329e+01	1.506213e+02
72	2.182480e+00	2.695870e+03	4.440821e+02	3.614440e+02	7.946938e+01	4.319259e+01	1.520816e+02
73	2.212792e+00	2.708948e+03	4.438522e+02	3.619551e+02	7.916364e+01	4.356974e+01	1.537843e+02
74	2.243104e+00	2.692537e+03	4.436172e+02	3.623585e+02	7.891560e+01	4.344192e+01	1.553258e+02
75	2.273416e+00	2.691372e+03	4.434794e+02	3.627868e+02	7.934527e+01	4.318798e+01	1.563145e+02
76	2.303728e+00	2.688094e+03	4.432196e+02	3.632767e+02	7.871173e+01	4.348256e+01	1.579119e+02
77	2.334041e+00	2.720046e+03	4.427929e+02	3.632690e+02	7.950761e+01	4.355898e+01	1.578287e+02
78	2.364353e+00	2.700652e+03	4.428536e+02	3.638799e+02	7.920187e+01	4.341534e+01	1.599333e+02
79	2.394665e+00	2.688705e+03	4.427858e+02	3.642560e+02	7.931959e+01	4.315914e+01	1.616409e+02
80	2.424977e+00	2.684656e+03	4.424215e+02	3.647279e+02	7.920092e+01	4.315872e+01	1.628008e+02
81	2.455289e+00	2.698715e+03	4.422232e+02	3.651660e+02	7.919841e+01	4.338610e+01	1.642735e+02
82	2.485602e+00	2.684564e+03	4.418607e+02	3.654104e+02	7.910776e+01	4.320807e+01	1.655455e+02
83	2.515914e+00	2.698481e+03	4.417560e+02	3.659160e+02	7.920171e+01	4.338054e+01	1.666583e+02
84	2.546226e+00	2.680194e+03	4.414257e+02	3.662124e+02	7.907706e+01	4.315448e+01	1.680763e+02
85	2.576538e+00	2.687299e+03	4.411500e+02	3.664894e+02	7.892138e+01	4.335423e+01	1.695478e+02
86	2.606851e+00	2.699117e+03	4.409145e+02	3.670249e+02	7.959512e+01	4.317630e+01	1.711986e+02
87	2.637163e+00	2.711263e+03	4.407480e+02	3.675955e+02	8.002625e+01	4.313694e+01	1.717227e+02
88	2.667475e+00	2.686454e+03	4.400839e+02	3.675306e+02	7.905297e+01	4.326846e+01	1.736358e+02
89	2.697787e+00	2.694005e+03	4.397829e+02	3.677956e+02	7.912141e+01	4.335254e+01	1.753611e+02
90	2.728099e+00	2.700380e+03	4.394074e+02	3.682634e+02	7.945156e+01	4.327455e+01	1.765973e+02
91	2.758412e+00	2.705254e+03	4.390115e+02	3.687985e+02	7.917551e+01	4.350381e+01	1.785256e+02
92	2.788724e+00	2.700293e+03	4.386632e+02	3.687918e+02	7.927624e+01	4.336886e+01	1.796997e+02
93	2.819036e+00	2.735112e+03	4.381649e+02	3.695352e+02	7.930189e+01	4.391387e+01	1.719014e+00
94	2.849348e+00	2.705486e+03	4.378896e+02	3.695334e+02	7.933336e+01	4.342098e+01	2.253963e+00
95	2.879661e+00	2.701729e+03	4.375485e+02	3.698706e+02	7.941037e+01	4.331863e+01	3.952800e+00
96	2.909973e+00	2.683087e+03	4.373011e+02	3.700887e+02	7.965505e+01	4.288758e+01	5.311295e+00
97	2.940285e+00	2.689647e+03	4.368647e+02	3.704778e+02	7.947967e+01	4.308731e+01	6.749594e+00
98	2.970597e+00	2.690358e+03	4.364322e+02	3.704786e+02	7.917435e+01	4.326490e+01	8.344955e+00
99	3.000909e+00	2.686031e+03	4.361117e+02	3.707100e+02	7.921199e+01	4.317479e+01	9.323589e+00
100	3.031222e+00	2.723131e+03	4.354787e+02	3.713134e+02	8.000829e+01	4.333548e+01	1.190084e+01
101	3.061534e+00	2.691349e+03	4.353623e+02	3.711677e+02	7.941663e+01	4.314880e+01	1.228992e+01
102	3.091846e+00	2.676678e+03	4.347945e+02	3.714695e+02	7.951048e+01	4.286293e+01	1.315134e+01
103	3.122158e+00	2.670937e+03	4.343947e+02	3.715919e+02	7.921904e+01	4.292835e+01	1.481485e+01
104	3.152470e+00	2.676463e+03	4.340572e+02	3.717487e+02	7.914851e+01	4.305550e+01	1.598439e+01
105	3.182783e+00	2.690867e+03	4.335180e+02	3.719116e+02	7.918045e+01	4.326974e+01	1.772554e+01
106	3.213095e+00	2.694195e+03	4.331804e+02	3.723023e+02	7.945670e+01	4.317265e+01	1.851886e+01
107	3.243407e+00	2.683239e+03	4.327110e+02	3.725952e+02	7.917744e+01	4.314874e+01	1.982552e+01
108	3.273719e+00	2.685836e+03	4.324385e+02	3.726913e+02	7.949037e+01	4.302047e+01	2.092136e+01
109	3.304032e+00	2.686843e+03	4.319205e+02	3.727683e+02	7.900590e+01	4.330051e+01	2.238895e+01
110	3.334344e+00	2.672624e+03	4.314310e+02	3.730886e+02	7.922893e+01	4.295010e+01	2.344631e+01
111	3.364656e+00	2.667124e+03	4.312443e+02	3.731973e+02	7.925822e+01	4.284587e+01	2.445863e+01
112	3.394968e+00	2.675908e+03	4.308923e+02	3.733011e+02	7.939961e+01	4.291043e+01	2.592658e+01
113	3.425280e+00	2.675523e+03	4.303045e+02	3.736088e+02	7.922554e+01	4.299852e+01	2.712393e+01
114	3.455593e+00	2.664616e+03	4.299876e+02	3.736422e+02	7.911746e+01	4.288175e+01	2.847612e+01
115	3.485905e+00	2.673944e+03	4.295632e+02	3.737796e+02	7.948150e+01	4.283476e+01	3.038532e+01
116	3.516217e+00	2.673035e+03	4.293314e+02	3.737785e+02	7.921352e+01	4.296506e+01	3.133976e+01
117	3.546529e+00	2.671688e+03	4.289196e+02	3.740251e+02	7.941288e+01	4.283560e+01	3.243231e+01
118	3.576841e+00	2.667663e+03	4.284933e+02	3.739234e+02	7.925562e+01	4.285593e+01	3.419486e+01
119	3.607154e+00	2.676096e+03	4.281003e+02	3.740536e+02	7.930051e+01	4.296708e+01	3.586582e+01
120	3.637466e+00	2.684423e+03	4.274845e+02	3.741013e+02	7.924605e+01	4.313039e+01	3.736399e+01
121	3.667778e+00	2.681083e+03	4.272116e+02	3.740769e+02	7.945002e+01	4.296615e+01	3.838558e+01
122	3.698090e+00	2.699794e+03	4.265770e+02	3.742908e+02	7.980215e+01	4.307509e+01	4.021675e+01
123	3.728403e+00	2.669328e+03	4.263331e+02	3.741513e+02	7.934653e+01	4.283355e+01	4.086067e+01
124	3.758715e+00	2.665280e+03	4.258193e+02	3.743960e+02	7.946649e+01	4.270404e+01	4.226398e+01
125	3.789027e+00	2.674354e+03	4.254195e+02	3.742749e+02	7.969799e+01	4.272496e+01	4.338692e+01
126	3.819339e+00	2.692397e+03	4.246133e+02	3.746384e+02	8.016644e+01	4.276186e+01	4.504697e+01
127	3.849651e+00	2.674740e+03	4.244407e+02	3.743971e+02	7.943537e+01	4.287240e+01	4.618300e+01
128	3.879964e+00	2.670824e+03	4.239908e+02	3.745316e+02	7.927095e+01	4.289842e+01	4.673323e+01
129	3.910276e+00	2.675469e+03	4.236176e+02	3.743940e+02	7.981663e+01	4.267924e+01	4.852324e+01
130	3.940588e+00	2.670301e+03	4.231839e+02	3.745724e+02	7.968427e+01	4.266755e+01	4.951305e+01
131	3.970900e+00	2.669575e+03	4.227710e+02	3.745316e+02	7.968049e+01	4.265797e+01	5.087179e+01
132	4.001212e+00	2.676192e+03	4.223573e+02	3.745654e+02	7.978201e+01	4.270930e+01	5.189573e+01
133	4.031525e+00	2.671754e+03	4.220730e+02	3.744216e+02	7.992715e+01	4.256104e+01	5.307986e+01
134	4.061837e+00	2.693896e+03	4.212194e+02	3.745069e+02	8.045608e+01	4.263165e+01	5.550861e+01
135	4.092149e+00	2.670998e+03	4.211015e+02	3.744442e+02	8.008627e+01	4.246445e+01	5.569276e+01
136	4.122461e+00	2.708093e+03	4.204431e+02	3.741226e+02	7.967549e+01	4.327619e+01	5.798426e+01
137	4.152774e+00	2.653417e+03	4.204810e+02	3.740104e+02	7.962059e+01	4.243168e+01	5.837377e+01
138	4.183086e+00	2.687541e+03	4.196307e+02	3.739927e+02	8.062366e+01	4.244267e+01	6.005832e+01
139	4.213398e+00	2.660246e+03	4.195991e+02	3.737504e+02	7.989827e+01	4.239304e+01	6.106115e+01
140	4.243710e+00	2.666136e+03	4.190571e+02	3.736576e+02	8.013290e+01	4.236250e+01	6.233627e+01
141	4.274022e+00	2.665926e+03	4.185703e+02	3.735906e+02	8.001056e+01	4.242393e+01	6.370142e+01
142	4.304335e+00	2.658188e+03	4.182044e+02	3.735023e+02	8.010126e+01	4.225289e+01	6.478162e+01
143	4.334647e+00	2.665200e+03	4.178318e+02	3.732993e+02	8.031296e+01	4.225269e+01	6.614510e+01
144	4.364959e+00	2.667556e+03	4.175798e+02	3.730949e+02	8.039204e+01	4.224842e+01	6.734151e+01
145	4.395271e+00	2.668681e+03	4.171499e+02	3.728469e+02	8.025465e+01	4.233862e+01	6.881419e+01
146	4.425584e+00	2.669988e+03	4.167583e+02	3.726159e+02	8.048954e+01	4.223573e+01	6.971282e+01
147	4.455896e+00	2.658679e+03	4.163857e+02	3.723687e+02	8.055473e+01	4.202280e+01	7.152776e+01
148	4.486208e+00	2.663478e+03	4.160406e+02	3.721594e+02	8.041856e+01	4.216994e+01	7.274500e+01
149	4.516520e+00	2.673662e+03	4.158572e+02	3.718095e+02	8.069694e+01	4.218514e+01	7.403832e+01
150	4.546832e+00	2.666015e+03	4.154689e+02	3.716534e+02	8.053579e+01	4.214866e+01	7.511114e+01
151	4.577145e+00	2.650088e+03	4.151153e+02	3.713980e+02	8.034560e+01	4.199604e+01	7.619617e+01
152	4.607457e+00	2.648351e+03	4.146750e+02	3.710359e+02	8.054718e+01	4.186349e+01	7.791911e+01
153	4.637769e+00	2.663782e+03	4.143302e+02	3.708450e+02	8.069095e+01	4.203238e+01	7.916213e+01
154	4.668081e+00	2.656172e+03	4.139592e+02	3.705081e+02	8.074943e+01	4.188195e+01	8.060294e+01
155	4.698393e+00	2.653513e+03	4.136136e+02	3.702002e+02	8.039722e+01	4.202332e+01	8.187648e+01
156	4.728706e+00	2.649987e+03	4.132586e+02	3.698586e+02	8.063966e+01	4.184130e+01	8.344121e+01
157	4.759018e+00	2.651599e+03	4.129539e+02	3.695764e+02	8.072878e+01	4.182053e+01	8.448919e+01
158	4.789330e+00	2.662908e+03	4.126381e+02	3.692469e+02	8.063998e+01	4.204514e+01	8.568512e+01
159	4.819642e+00	2.647390e+03	4.122637e+02	3.688918e+02	8.013811e+01	4.206191e+01	8.720773e+01
160	4.849955e+00	2.652634e+03	4.119657e+02	3.685398e+02	8.050838e+01	4.195139e+01	8.839181e+01
161	4.880267e+00	2.656257e+03	4.115703e+02	3.681106e+02	8.045217e+01	4.203803e+01	8.946039e+01
162	4.910579e+00	2.644905e+03	4.112719e+02	3.678268e+02	8.030244e+01	4.193642e+01	9.107571e+01
163	4.940891e+00	2.651208e+03	4.110293e+02	3.674435e+02	8.065078e+01	4.185481e+01	9.230524e+01
164	4.971203e+00	2.654016e+03	4.107430e+02	3.671376e+02	8.040961e+01	4.202481e+01	9.333088e+01
165	5.001516e+00	2.642643e+03	4.105202e+02	3.668498e+02	8.000195e+01	4.205794e+01	9.467036e+01
166	5.031828e+00	2.654020e+03	4.101754e+02	3.664333e+02	8.055283e+01	4.195015e+01	9.585635e+01
167	5.062140e+00	2.651083e+03	4.098237e+02	3.661151e+02	8.054292e+01	4.190889e+01	9.708082e+01
168	5.092452e+00	2.647558e+03	4.096749e+02	3.657912e+02	8.049174e+01	4.187976e+01	9.809393e+01
169	5.122764e+00	2.657205e+03	4.094482e+02	3.653750e+02	8.059424e+01	4.197892e+01	9.938916e+01
170	5.153077e+00	2.668325e+03	4.091102e+02	3.650112e+02	8.087424e+01	4.200864e+01	1.006992e+02
171	5.183389e+00	2.660252e+03	4.090023e+02	3.646415e+02	8.041262e+01	4.212196e+01	1.019713e+02
172	5.213701e+00	2.656135e+03	4.087104e+02	3.643333e+02	8.010829e+01	4.221655e+01	1.029162e+02
173	5.244013e+00	2.652546e+03	4.083842e+02	3.638712e+02	7.988741e+01	4.227608e+01	1.039071e+02
174	5.274326e+00	2.651419e+03	4.084150e+02	3.635605e+02	7.989659e+01	4.225326e+01	1.050133e+02
175	5.304638e+00	2.670488e+03	4.080507e+02	3.632024e+02	8.027611e+01	4.235595e+01	1.061930e+02
176	5.334950e+00	2.663459e+03	4.078910e+02	3.627376e+02	8.005703e+01	4.236007e+01	1.077742e+02
177	5.365262e+00	2.652370e+03	4.080215e+02	3.623711e+02	7.978867e+01	4.232559e+01	1.090403e+02
178	5.395574e+00	2.671928e+03	4.077853e+02	3.618136e+02	8.022265e+01	4.240703e+01	1.108098e+02
179	5.425887e+00	2.660635e+03	4.076451e+02	3.614737e+02	7.995380e+01	4.236978e+01	1.119070e+02
180	5.456199e+00	2.670059e+03	4.074935e+02	3.609558e+02	8.018330e+01	4.239817e+01	1.134774e+02
181	5.486511e+00	2.663919e+03	4.074757e+02	3.605432e+02	8.001146e+01	4.239151e+01	1.146388e+02
182	5.516823e+00	2.660141e+03	4.074684e+02	3.601571e+02	7.953194e+01	4.258662e+01	1.160495e+02
183	5.547135e+00	2.665510e+03	4.073385e+02	3.596759e+02	8.000925e+01	4.241801e+01	1.169928e+02
184	5.577448e+00	2.667567e+03	4.073238e+02	3.592570e+02	7.961823e+01	4.265922e+01	1.184657e+02
185	5.607760e+00	2.670700e+03	4.072675e+02	3.588213e+02	7.995878e+01	4.252743e+01	1.199528e+02
186	5.638072e+00	2.679054e+03	4.072585e+02	3.584009e+02	7.982864e+01	4.273000e+01	1.213704e+02
187	5.668384e+00	2.673730e+03	4.071916e+02	3.579531e+02	7.986189e+01	4.262733e+01	1.227466e+02
188	5.698697e+00	2.665267e+03	4.071537e+02	3.573609e+02	7.953221e+01	4.266854e+01	1.239232e+02
189	5.729009e+00	2.672037e+03	4.071748e+02	3.570125e+02	7.964646e+01	4.271556e+01	1.252037e+02
190	5.759321e+00	2.666797e+03	4.071362e+02	3.566421e+02	7.942052e+01	4.275308e+01	1.266087e+02
191	5.789633e+00	2.670299e+03	4.071054e+02	3.560669e+02	7.958210e+01	4.272230e+01	1.277683e+02
192	5.819945e+00	2.659813e+03	4.072958e+02	3.557007e+02	7.937508e+01	4.266553e+01	1.292560e+02
193	5.850258e+00	2.658236e+03	4.071075e+02	3.550428e+02	7.913048e+01	4.277203e+01	1.305803e+02
194	5.880570e+00	2.665643e+03	4.072000e+02	3.545568e+02	7.940621e+01	4.274228e+01	1.320514e+02
195	5.910882e+00	2.662001e+03	4.072252e+02	3.541888e+02	7.925812e+01	4.276363e+01	1.333686e+02
196	5.941194e+00	2.672976e+03	4.073701e+02	3.536759e+02	7.946201e+01	4.282977e+01	1.349409e+02
197	5.971507e+00	2.666095e+03	4.074839e+02	3.532139e+02	7.915342e+01	4.288605e+01	1.361051e+02
198	6.001819e+00	2.679252e+03	4.073795e+02	3.526306e+02	7.952056e+01	4.289871e+01	1.372025e+02
199	6.032131e+00	2.671434e+03	4.075255e+02	3.522111e+02	7.938072e+01	4.284889e+01	1.387855e+02
200	6.062443e+00	2.670949e+03	4.077451e+02	3.518216e+02	7.932771e+01	4.286974e+01	1.400306e+02
201	6.092755e+00	2.678796e+03	4.078434e+02	3.514443e+02	7.937807e+01	4.296840e+01	1.413819e+02
202	6.123068e+00	2.678126e+03	4.077753e+02	3.509010e+02	7.910934e+01	4.310358e+01	1.425945e+02
203	6.153380e+00	2.683892e+03	4.079764e+02	3.505565e+02	7.939100e+01	4.304313e+01	1.441701e+02
204	6.183692e+00	2.685518e+03	4.082091e+02	3.500212e+02	7.931818e+01	4.310876e+01	1.455823e+02
205	6.214004e+00	2.705135e+03	4.083223e+02	3.497860e+02	7.929040e+01	4.343886e+01	1.467255e+02
206	6.244316e+00	2.679708e+03	4.085528e+02	3.492927e+02	7.942065e+01	4.295998e+01	1.482161e+02
207	6.274629e+00	2.675306e+03	4.086085e+02	3.487928e+02	7.922506e+01	4.299530e+01	1.494819e+02
208	6.304941e+00	2.686225e+03	4.087841e+02	3.483678e+02	7.920822e+01	4.317996e+01	1.505933e+02
209	6.335253e+00	2.688818e+03	4.088407e+02	3.479304e+02	7.926292e+01	4.319183e+01	1.512540e+02
210	6.365565e+00	2.676564e+03	4.090377e+02	3.475873e+02	7.927613e+01	4.298782e+01	1.529797e+02
211	6.395878e+00	2.680306e+03	4.093150e+02	3.472740e+02	7.910098e+01	4.314323e+01	1.546275e+02
212	6.426190e+00	2.696922e+03	4.094479e+02	3.466717e+02	7.966375e+01	4.310402e+01	1.557263e+02
213	6.456502e+00	2.689525e+03	4.097348e+02	3.463647e+02	7.937882e+01	4.314010e+01	1.568666e+02
214	6.486814e+00	2.687623e+03	4.100144e+02	3.460998e+02	7.951034e+01	4.303828e+01	1.585524e+02
215	6.517126e+00	2.700538e+03	4.101974e+02	3.456256e+02	7.950069e+01	4.325034e+01	1.596598e+02
216	6.547439e+00	2.694811e+03	4.106129e+02	3.451740e+02	7.967304e+01	4.306526e+01	1.616620e+02
217	6.577751e+00	2.677347e+03	4.107790e+02	3.449240e+02	7.911707e+01	4.308683e+01	1.632762e+02
218	6.608063e+00	2.683752e+03	4.110766e+02	3.445620e+02	7.940374e+01	4.303398e+01	1.646120e+02
219	6.638375e+00	2.694603e+03	4.113731e+02	3.441650e+02	7.934864e+01	4.323798e+01	1.657210e+02
220	6.668687e+00	2.687253e+03	4.116325e+02	3.439394e+02	7.950986e+01	4.303262e+01	1.672124e+02
221	6.699000e+00	2.684061e+03	4.120341e+02	3.435657e+02	7.905434e+01	4.322916e+01	1.682740e+02
222	6.729312e+00	2.685249e+03	4.123639e+02	3.434435e+02	7.905162e+01	4.324977e+01	1.695941e+02
223	6.759624e+00	2.685079e+03	4.127353e+02	3.430929e+02	7.907687e+01	4.323323e+01	1.713600e+02
224	6.789936e+00	2.691419e+03	4.129750e+02	3.426799e+02	7.930872e+01	4.320863e+01	1.723521e+02
225	6.820249e+00	2.690219e+03	4.132845e+02	3.423700e+02	7.926662e+01	4.321230e+01	1.739516e+02
226	6.850561e+00	2.693715e+03	4.135386e+02	3.421596e+02	7.941495e+01	4.318764e+01	1.755170e+02
227	6.880873e+00	2.702616e+03	4.138253e+02	3.415791e+02	7.960757e+01	4.322550e+01	1.768777e+02
228	6.911185e+00	2.706304e+03	4.143398e+02	3.412473e+02	7.959637e+01	4.329058e+01	1.781098e+02
229	6.941497e+00	2.697935e+03	4.145818e+02	3.408617e+02	7.935282e+01	4.328917e+01	1.795015e+02
230	6.971810e+00	2.691190e+03	4.148535e+02	3.407877e+02	7.913565e+01	4.329944e+01	4.650657e-01
231	7.002122e+00	2.692989e+03	4.152038e+02	3.406314e+02	7.947037e+01	4.314590e+01	2.110229e+00
232	7.032434e+00	2.684986e+03	4.155043e+02	3.403884e+02	7.919753e+01	4.316587e+01	3.050816e+00
233	7.062746e+00	2.683189e+03	4.159248e+02	3.402608e+02	7.870165e+01	4.340877e+01	4.466560e+00
234	7.093059e+00	2.681812e+03	4.162609e+02	3.400807e+02	7.897989e+01	4.323365e+01	5.907261e+00
235	7.123371e+00	2.686363e+03	4.167439e+02	3.396599e+02	7.891151e+01	4.334454e+01	7.452317e+00
236	7.153683e+00	2.662746e+03	4.170077e+02	3.396785e+02	7.838828e+01	4.325027e+01	9.251686e+00
237	7.183995e+00	2.679270e+03	4.173638e+02	3.394253e+02	7.869915e+01	4.334674e+01	1.042265e+01
238	7.214307e+00	2.679045e+03	4.178097e+02	3.392872e+02	7.859106e+01	4.340272e+01	1.221848e+01
239	7.244620e+00	2.672833e+03	4.182198e+02	3.390297e+02	7.868688e+01	4.324935e+01	1.327460e+01
240	7.274932e+00	2.706043e+03	4.185421e+02	3.386801e+02	7.877160e+01	4.373963e+01	1.506763e+01
241	7.305244e+00	2.673360e+03	4.189512e+02	3.385177e+02	7.835303e+01	4.344219e+01	1.594616e+01
242	7.335556e+00	2.664577e+03	4.193779e+02	3.383698e+02	7.855685e+01	4.318713e+01	1.721544e+01
243	7.365868e+00	2.666351e+03	4.198883e+02	3.382500e+02	7.837862e+01	4.331415e+01	1.888571e+01
244	7.396181e+00	2.723181e+03	4.200496e+02	3.379351e+02	7.800364e+01	4.445000e+01	1.943820e+01
245	7.426493e+00	2.665506e+03	4.206585e+02	3.381734e+02	7.853674e+01	4.321325e+01	2.161815e+01
246	7.456805e+00	2.685412e+03	4.212516e+02	3.378897e+02	7.931577e+01	4.310836e+01	2.301922e+01
247	7.487117e+00	2.661204e+03	4.215574e+02	3.378438e+02	7.874008e+01	4.303209e+01	2.446492e+01
248	7.517430e+00	2.679475e+03	4.218189e+02	3.378784e+02	7.871413e+01	4.334182e+01	2.574251e+01
249	7.547742e+00	2.660282e+03	4.223318e+02	3.376956e+02	7.835741e+01	4.322726e+01	2.715759e+01
250	7.578054e+00	2.672677e+03	4.227100e+02	3.374062e+02	7.888952e+01	4.313575e+01	2.804800e+01
251	7.608366e+00	2.661803e+03	4.231603e+02	3.375186e+02	7.846056e+01	4.319512e+01	2.977220e+01
252	7.638678e+00	2.703354e+03	4.232246e+02	3.374378e+02	7.812005e+01	4.406062e+01	3.274981e+01
253	7.668991e+00	2.665725e+03	4.240969e+02	3.373701e+02	7.868861e+01	4.313338e+01	3.241809e+01
254	7.699303e+00	2.664326e+03	4.243287e+02	3.374324e+02	7.826021e+01	4.334674e+01	3.418726e+01
255	7.729615e+00	2.653829e+03	4.248775e+02	3.374276e+02	7.834174e+01	4.313104e+01	3.550013e+01
256	7.759927e+00	2.658267e+03	4.253719e+02	3.373094e+02	7.845285e+01	4.314197e+01	3.679333e+01
257	7.790239e+00	2.650406e+03	4.258141e+02	3.374471e+02	7.853118e+01	4.297149e+01	3.867533e+01
258	7.820552e+00	2.648631e+03	4.263973e+02	3.372598e+02	7.848161e+01	4.296983e+01	3.974426e+01
259	7.850864e+00	2.655733e+03	4.267583e+02	3.373063e+02	7.869313e+01	4.296924e+01	4.101502e+01
260	7.881176e+00	2.656186e+03	4.271385e+02	3.374186e+02	7.885123e+01	4.289040e+01	4.202492e+01
261	7.911488e+00	2.653193e+03	4.277049e+02	3.373089e+02	7.860902e+01	4.297408e+01	4.364583e+01
262	7.941801e+00	2.639746e+03	4.280860e+02	3.372967e+02	7.826382e+01	4.294485e+01	4.479014e+01
263	7.972113e+00	2.655415e+03	4.287014e+02	3.373123e+02	7.884280e+01	4.288254e+01	4.625951e+01
264	8.002425e+00	2.624540e+03	4.290455e+02	3.374999e+02	7.817033e+01	4.274855e+01	4.806752e+01
265	8.032737e+00	2.658912e+03	4.296211e+02	3.374789e+02	7.880545e+01	4.295937e+01	4.911089e+01
266	8.063049e+00	2.641959e+03	4.299547e+02	3.376682e+02	7.847364e+01	4.286594e+01	5.065902e+01
267	8.093362e+00	2.635481e+03	4.303547e+02	3.377500e+02	7.830999e+01	4.285019e+01	5.194016e+01
268	8.123674e+00	2.649394e+03	4.305957e+02	3.378269e+02	7.849409e+01	4.297538e+01	5.325799e+01
269	8.153986e+00	2.634601e+03	4.311541e+02	3.380845e+02	7.882929e+01	4.255371e+01	5.471563e+01
270	8.184298e+00	2.624498e+03	4.315406e+02	3.382757e+02	7.844918e+01	4.259591e+01	5.616489e+01
271	8.214610e+00	2.642569e+03	4.319576e+02	3.383299e+02	7.907001e+01	4.255246e+01	5.754698e+01
272	8.244923e+00	2.623152e+03	4.324572e+02	3.384578e+02	7.859388e+01	4.249568e+01	5.889017e+01
273	8.275235e+00	2.626503e+03	4.330026e+02	3.385462e+02	7.860202e+01	4.254557e+01	6.040610e+01
274	8.305547e+00	2.633025e+03	4.334322e+02	3.386973e+02	7.881901e+01	4.253380e+01	6.170804e+01
275	8.335859e+00	2.631422e+03	4.339407e+02	3.388772e+02	7.880099e+01	4.251762e+01	6.302502e+01
276	8.366172e+00	2.628930e+03	4.343601e+02	3.390976e+02	7.884225e+01	4.245513e+01	6.417902e+01
277	8.396484e+00	2.623928e+03	4.348086e+02	3.392574e+02	7.864278e+01	4.248183e+01	6.564626e+01
278	8.426796e+00	2.627882e+03	4.351967e+02	3.393888e+02	7.880862e+01	4.245631e+01	6.666312e+01
279	8.457108e+00	2.626948e+03	4.356867e+02	3.396299e+02	7.885738e+01	4.241497e+01	6.805804e+01
280	8.487420e+00	2.623139e+03	4.360447e+02	3.398078e+02	7.863368e+01	4.247397e+01	6.937574e+01
281	8.517733e+00	2.636834e+03	4.365746e+02	3.400463e+02	7.926546e+01	4.235542e+01	7.081038e+01
282	8.548045e+00	2.628874e+03	4.371230e+02	3.402481e+02	7.924397e+01	4.223899e+01	7.182442e+01
283	8.578357e+00	2.640047e+03	4.374390e+02	3.404228e+02	7.930979e+01	4.238333e+01	7.287067e+01
284	8.608669e+00	2.632039e+03	4.379294e+02	3.407548e+02	7.969323e+01	4.205145e+01	7.448898e+01
285	8.638982e+00	2.630673e+03	4.384669e+02	3.409376e+02	7.987874e+01	4.193201e+01	7.566142e+01
286	8.669294e+00	2.634729e+03	4.387488e+02	3.412195e+02	7.971217e+01	4.208443e+01	7.690382e+01
287	8.699606e+00	2.633690e+03	4.392382e+02	3.415020e+02	7.975883e+01	4.204321e+01	7.802290e+01
288	8.729918e+00	2.637977e+03	4.393447e+02	3.419130e+02	7.976642e+01	4.210765e+01	7.956648e+01
289	8.760230e+00	2.638499e+03	4.398800e+02	3.422549e+02	7.992143e+01	4.203431e+01	8.077329e+01
290	8.790543e+00	2.641395e+03	4.402075e+02	3.424611e+02	7.980000e+01	4.214446e+01	8.172810e+01
291	8.820855e+00	2.637563e+03	4.405787e+02	3.427759e+02	7.970150e+01	4.213534e+01	8.275870e+01
292	8.851167e+00	2.635340e+03	4.408591e+02	3.431831e+02	7.959129e+01	4.215812e+01	8.415255e+01
293	8.881479e+00	2.636747e+03	4.412742e+02	3.433818e+02	7.947555e+01	4.224206e+01	8.507047e+01
294	8.911791e+00	2.647521e+03	4.415570e+02	3.438020e+02	7.960482e+01	4.234578e+01	8.646220e+01
295	8.942104e+00	2.624010e+03	4.419150e+02	3.440883e+02	7.926701e+01	4.214860e+01	8.764758e+01
296	8.972416e+00	2.642990e+03	4.422669e+02	3.444397e+02	7.958224e+01	4.228531e+01	8.883379e+01
297	9.002728e+00	2.632127e+03	4.426241e+02	3.447687e+02	7.962392e+01	4.208947e+01	8.973639e+01
298	9.033040e+00	2.632960e+03	4.429771e+02	3.450743e+02	7.943767e+01	4.220150e+01	9.089191e+01
299	9.063353e+00	2.621433e+03	4.432676e+02	3.454764e+02	7.938947e+01	4.204224e+01	9.206042e+01
300	9.093665e+00	2.637795e+03	4.436286e+02	3.458183e+02	7.965959e+01	4.216121e+01	9.312994e+01
301	9.123977e+00	2.639487e+03	4.440452e+02	3.461035e+02	7.958038e+01	4.223024e+01	9.416274e+01
302	9.154289e+00	2.654509e+03	4.443459e+02	3.465227e+02	7.966640e+01	4.242474e+01	9.558075e+01
303	9.184601e+00	2.649864e+03	4.445882e+02	3.469414e+02	7.981561e+01	4.227132e+01	9.681556e+01
304	9.214914e+00	2.645340e+03	4.449097e+02	3.472797e+02	7.958054e+01	4.232381e+01	9.803024e+01
305	9.245226e+00	2.652773e+03	4.451153e+02	3.476485e+02	7.966483e+01	4.239782e+01	9.892726e+01
306	9.275538e+00	2.649273e+03	4.453313e+02	3.480424e+02	7.952209e+01	4.241788e+01	1.004162e+02
307	9.305850e+00	2.655734e+03	4.457823e+02	3.484335e+02	7.980032e+01	4.237309e+01	1.009488e+02
308	9.336162e+00	2.655800e+03	4.460517e+02	3.488345e+02	7.982072e+01	4.236331e+01	1.019620e+02
309	9.366475e+00	2.646015e+03	4.463731e+02	3.492531e+02	7.958787e+01	4.233071e+01	1.031976e+02
310	9.396787e+00	2.650787e+03	4.466108e+02	3.497010e+02	7.963364e+01	4.238268e+01	1.042268e+02
311	9.427099e+00	2.656294e+03	4.468066e+02	3.501140e+02	7.993726e+01	4.230941e+01	1.053626e+02
312	9.457411e+00	2.658369e+03	4.468778e+02	3.504742e+02	7.974452e+01	4.244480e+01	1.062012e+02
313	9.487724e+00	2.659290e+03	4.472668e+02	3.509818e+02	7.980091e+01	4.242951e+01	1.075416e+02
314	9.518036e+00	2.672739e+03	4.471892e+02	3.513303e+02	8.005995e+01	4.250611e+01	1.085275e+02
315	9.548348e+00	2.648440e+03	4.475560e+02	3.517432e+02	7.940086e+01	4.246930e+01	1.097432e+02
316	9.578660e+00	2.665878e+03	4.474933e+02	3.521335e+02	7.966589e+01	4.260671e+01	1.110225e+02
317	9.608972e+00	2.659938e+03	4.476978e+02	3.525544e+02	7.949531e+01	4.260300e+01	1.118757e+02
318	9.639285e+00	2.656184e+03	4.479764e+02	3.530351e+02	7.927916e+01	4.265886e+01	1.131732e+02
319	9.669597e+00	2.659114e+03	4.481523e+02	3.535350e+02	7.939308e+01	4.264464e+01	1.142928e+02
320	9.699909e+00	2.666866e+03	4.483851e+02	3.540293e+02	7.949780e+01	4.271263e+01	1.154997e+02
321	9.730221e+00	2.661892e+03	4.483952e+02	3.543896e+02	7.926427e+01	4.275856e+01	1.162629e+02
322	9.760533e+00	2.669797e+03	4.483648e+02	3.547352e+02	7.940562e+01	4.280920e+01	1.174658e+02
323	9.790846e+00	2.662530e+03	4.486404e+02	3.552776e+02	7.930922e+01	4.274456e+01	1.184900e+02
324	9.821158e+00	2.669423e+03	4.488217e+02	3.558496e+02	7.928181e+01	4.287005e+01	1.198231e+02
325	9.851470e+00	2.664533e+03	4.487363e+02	3.561832e+02	7.912498e+01	4.287633e+01	1.206881e+02
326	9.881782e+00	2.670611e+03	4.489494e+02	3.567365e+02	7.894140e+01	4.307407e+01	1.223664e+02
327	9.912095e+00	2.675746e+03	4.489655e+02	3.571399e+02	7.924493e+01	4.299159e+01	1.235497e+02
328	9.942407e+00	2.688062e+03	4.489677e+02	3.576383e+02	7.965570e+01	4.296675e+01	1.245002e+02
329	9.972719e+00	2.674844e+03	4.491297e+02	3.580323e+02	7.894849e+01	4.313847e+01	1.260737e+02
330	1.000303e+01	2.686751e+03	4.491424e+02	3.585307e+02	7.919904e+01	4.319342e+01	1.271293e+02
331	1.003334e+01	2.686561e+03	4.491403e+02	3.590843e+02	7.912404e+01	4.323130e+01	1.286082e+02
332	1.006366e+01	2.677667e+03	4.492611e+02	3.595902e+02	7.898190e+01	4.316573e+01	1.304100e+02
333	1.009397e+01	2.682383e+03	4.492926e+02	3.600781e+02	7.920044e+01	4.312244e+01	1.309124e+02
334	1.012428e+01	2.683570e+03	4.491071e+02	3.603556e+02	7.917595e+01	4.315487e+01	1.318292e+02
335	1.015459e+01	2.684202e+03	4.491105e+02	3.608073e+02	7.919342e+01	4.315550e+01	1.332921e+02
336	1.018490e+01	2.674881e+03	4.491191e+02	3.612787e+02	7.889522e+01	4.316819e+01	1.346459e+02
337	1.021522e+01	2.687034e+03	4.492922e+02	3.619521e+02	7.886638e+01	4.338018e+01	1.359448e+02
338	1.024553e+01	2.698733e+03	4.491509e+02	3.624611e+02	7.923545e+01	4.336612e+01	1.370877e+02
339	1.027584e+01	2.685885e+03	4.490297e+02	3.629279e+02	7.908685e+01	4.324075e+01	1.388000e+02
340	1.030615e+01	2.690341e+03	4.490463e+02	3.634213e+02	7.909162e+01	4.330987e+01	1.402723e+02
341	1.033647e+01	2.685771e+03	4.489355e+02	3.638589e+02	7.915509e+01	4.320164e+01	1.414675e+02
342	1.036678e+01	2.700995e+03	4.488169e+02	3.643550e+02	7.945773e+01	4.328105e+01	1.426940e+02
343	1.039709e+01	2.693623e+03	4.485597e+02	3.647719e+02	7.921232e+01	4.329664e+01	1.439957e+02
344	1.042740e+01	2.712123e+03	4.485894e+02	3.652706e+02	7.975835e+01	4.329556e+01	1.450403e+02
345	1.045771e+01	2.682096e+03	4.484154e+02	3.656377e+02	7.920145e+01	4.311728e+01	1.467799e+02
346	1.048803e+01	2.716477e+03	4.481309e+02	3.663089e+02	7.893294e+01	4.381853e+01	1.479828e+02
347	1.051834e+01	2.676842e+03	4.482205e+02	3.666854e+02	7.904841e+01	4.311612e+01	1.494928e+02
348	1.054865e+01	2.692454e+03	4.480797e+02	3.672636e+02	7.917920e+01	4.329595e+01	1.507557e+02
349	1.057896e+01	2.693832e+03	4.477823e+02	3.676809e+02	7.908677e+01	4.336874e+01	1.521496e+02
350	1.060928e+01	2.690049e+03	4.476159e+02	3.680636e+02	7.910164e+01	4.329969e+01	1.533718e+02
351	1.063959e+01	2.700541e+03	4.473927e+02	3.685888e+02	7.930204e+01	4.335872e+01	1.550564e+02
352	1.066990e+01	2.690960e+03	4.473535e+02	3.690080e+02	7.932177e+01	4.319415e+01	1.561684e+02
353	1.070021e+01	2.717260e+03	4.469370e+02	3.694593e+02	7.924443e+01	4.365887e+01	1.572285e+02
354	1.073052e+01	2.714923e+03	4.470142e+02	3.700128e+02	7.978469e+01	4.332595e+01	1.582120e+02
355	1.076084e+01	2.706107e+03	4.467880e+02	3.705728e+02	7.941827e+01	4.338450e+01	1.596422e+02
356	1.079115e+01	2.689803e+03	4.467110e+02	3.710146e+02	7.924107e+01	4.321955e+01	1.609987e+02
357	1.082146e+01	2.690040e+03	4.465418e+02	3.715231e+02	7.933543e+01	4.317195e+01	1.622524e+02
358	1.085177e+01	2.696316e+03	4.462980e+02	3.718661e+02	7.949130e+01	4.318782e+01	1.634367e+02
359	1.088209e+01	2.697249e+03	4.460376e+02	3.723190e+02	7.903559e+01	4.345186e+01	1.647053e+02
360	1.091240e+01	2.701118e+03	4.457599e+02	3.726221e+02	7.935801e+01	4.333741e+01	1.661935e+02
361	1.094271e+01	2.689796e+03	4.454532e+02	3.728481e+02	7.936158e+01	4.315381e+01	1.673481e+02
362	1.097302e+01	2.688032e+03	4.453957e+02	3.735043e+02	7.940613e+01	4.310131e+01	1.684985e+02
363	1.100333e+01	2.696910e+03	4.450037e+02	3.738778e+02	7.898444e+01	4.347454e+01	1.699698e+02
364	1.103365e+01	2.809171e+03	4.441212e+02	3.750127e+02	7.951013e+01	4.498481e+01	1.736710e+02
365	1.106396e+01	2.705943e+03	4.444053e+02	3.745224e+02	7.918461e+01	4.350989e+01	1.723767e+02
366	1.109427e+01	2.697205e+03	4.440788e+02	3.749470e+02	7.933213e+01	4.328875e+01	1.739126e+02
367	1.112458e+01	2.694715e+03	4.438893e+02	3.753118e+02	7.922651e+01	4.330643e+01	1.746591e+02
368	1.115490e+01	2.678354e+03	4.434381e+02	3.754490e+02	7.917993e+01	4.306882e+01	1.764791e+02
369	1.118521e+01	2.685063e+03	4.432030e+02	3.759435e+02	7.909277e+01	4.322429e+01	1.774797e+02
370	1.121552e+01	2.696551e+03	4.427975e+02	3.762364e+02	7.957376e+01	4.314683e+01	1.788435e+02
371	1.124583e+01	2.701712e+03	4.424176e+02	3.769360e+02	7.963741e+01	4.319486e+01	5.378234e-01
372	1.127614e+01	2.711473e+03	4.419573e+02	3.772602e+02	7.933647e+01	4.351536e+01	2.091604e+00
373	1.130646e+01	2.698073e+03	4.416509e+02	3.773319e+02	7.921687e+01	4.336567e+01	3.115456e+00
374	1.133677e+01	2.686237e+03	4.414133e+02	3.775886e+02	7.932170e+01	4.311838e+01	4.255045e+00
375	1.136708e+01	2.695037e+03	4.409929e+02	3.780177e+02	7.913435e+01	4.336205e+01	5.406481e+00
376	1.139739e+01	2.695655e+03	4.405200e+02	3.781515e+02	7.934634e+01	4.325612e+01	6.914200e+00
377	1.142771e+01	2.693365e+03	4.401849e+02	3.783611e+02	7.908145e+01	4.336413e+01	8.598411e+00
378	1.145802e+01	2.700501e+03	4.398253e+02	3.785463e+02	7.939992e+01	4.330463e+01	9.524351e+00
379	1.148833e+01	2.703189e+03	4.394011e+02	3.787751e+02	7.913234e+01	4.349432e+01	1.101859e+01
380	1.151864e+01	2.682215e+03	4.390313e+02	3.789233e+02	7.928397e+01	4.307432e+01	1.247590e+01
381	1.154895e+01	2.681902e+03	4.385616e+02	3.791600e+02	7.942146e+01	4.299472e+01	1.354992e+01
382	1.157927e+01	2.699099e+03	4.381667e+02	3.793944e+02	7.951208e+01	4.322110e+01	1.527648e+01
383	1.160958e+01	2.702751e+03	4.377883e+02	3.795681e+02	7.959941e+01	4.323210e+01	1.668713e+01
384	1.163989e+01	2.689270e+03	4.373999e+02	3.797644e+02	7.934585e+01	4.315393e+01	1.824199e+01
385	1.167020e+01	2.684744e+03	4.370558e+02	3.799121e+02	7.922469e+01	4.314718e+01	1.954697e+01
386	1.170052e+01	2.697891e+03	4.365857e+02	3.800820e+02	7.977442e+01	4.305968e+01	2.076466e+01
387	1.173083e+01	2.696208e+03	4.361002e+02	3.802325e+02	7.948473e+01	4.318966e+01	2.236010e+01
388	1.176114e+01	2.694151e+03	4.355787e+02	3.804974e+02	7.973282e+01	4.302242e+01	2.369621e+01
389	1.179145e+01	2.711281e+03	4.351586e+02	3.807059e+02	7.990578e+01	4.320226e+01	2.519921e+01
390	1.182176e+01	2.696342e+03	4.347628e+02	3.806210e+02	7.910592e+01	4.339864e+01	2.651271e+01
391	1.185208e+01	2.673816e+03	4.343331e+02	3.808470e+02	7.944098e+01	4.285456e+01	2.772276e+01
392	1.188239e+01	2.704881e+03	4.338055e+02	3.811442e+02	7.979565e+01	4.315976e+01	2.964645e+01
393	1.191270e+01	2.705261e+03	4.334204e+02	3.810398e+02	7.965482e+01	4.324214e+01	3.092400e+01
394	1.194301e+01	2.686480e+03	4.330793e+02	3.812376e+02	7.963422e+01	4.295304e+01	3.200069e+01
395	1.197333e+01	2.678610e+03	4.326108e+02	3.812042e+02	7.933984e+01	4.298613e+01	3.333180e+01
396	1.200364e+01	2.683755e+03	4.322435e+02	3.811834e+02	7.957573e+01	4.294102e+01	3.447403e+01
397	1.203395e+01	2.674584e+03	4.317328e+02	3.812495e+02	7.921155e+01	4.299102e+01	3.617975e+01
398	1.206426e+01	2.684238e+03	4.313729e+02	3.812245e+02	7.954276e+01	4.296655e+01	3.715828e+01
399	1.209457e+01	2.693799e+03	4.307954e+02	3.812916e+02	8.003024e+01	4.285694e+01	3.881945e+01
400	1.212489e+01	2.678091e+03	4.304586e+02	3.812743e+02	7.955081e+01	4.286382e+01	3.983709e+01
401	1.215520e+01	2.684306e+03	4.299879e+02	3.812290e+02	7.966978e+01	4.289913e+01	4.095223e+01
402	1.218551e+01	2.685753e+03	4.295567e+02	3.812558e+02	7.967181e+01	4.292116e+01	4.284084e+01
403	1.221582e+01	2.684138e+03	4.291860e+02	3.812845e+02	7.959650e+01	4.293595e+01	4.384116e+01
404	1.224614e+01	2.679745e+03	4.287403e+02	3.811843e+02	7.966820e+01	4.282709e+01	4.509444e+01
405	1.227645e+01	2.682128e+03	4.284196e+02	3.811192e+02	7.968190e+01	4.285780e+01	4.651811e+01
406	1.230676e+01	2.675322e+03	4.279762e+02	3.811006e+02	7.940651e+01	4.289731e+01	4.775555e+01
407	1.233707e+01	2.704308e+03	4.279085e+02	3.809706e+02	7.995243e+01	4.306601e+01	4.949615e+01
408	1.236738e+01	2.685735e+03	4.269595e+02	3.810800e+02	7.974643e+01	4.288071e+01	5.055266e+01
409	1.239770e+01	2.676063e+03	4.266755e+02	3.810698e+02	7.955165e+01	4.283091e+01	5.139339e+01
410	1.242801e+01	2.673278e+03	4.262670e+02	3.810706e+02	7.957214e+01	4.277532e+01	5.216123e+01
411	1.245832e+01	2.672813e+03	4.259212e+02	3.809513e+02	7.952693e+01	4.279218e+01	5.330099e+01
412	1.248863e+01	2.662359e+03	4.254805e+02	3.809308e+02	7.950406e+01	4.263708e+01	5.435530e+01
413	1.251895e+01	2.664623e+03	4.250327e+02	3.808736e+02	7.965165e+01	4.259426e+01	5.558865e+01
414	1.254926e+01	2.658708e+03	4.247152e+02	3.807495e+02	7.985244e+01	4.239285e+01	5.673587e+01
415	1.257957e+01	2.657313e+03	4.241971e+02	3.806400e+02	7.959031e+01	4.251015e+01	5.822716e+01
416	1.260988e+01	2.648638e+03	4.237304e+02	3.806112e+02	7.948695e+01	4.242647e+01	5.906314e+01
417	1.264019e+01	2.662376e+03	4.233305e+02	3.805610e+02	7.996566e+01	4.239123e+01	6.075597e+01
418	1.267051e+01	2.659373e+03	4.228442e+02	3.805342e+02	7.961053e+01	4.253230e+01	6.153744e+01
419	1.270082e+01	2.667577e+03	4.224779e+02	3.804492e+02	7.993164e+01	4.249212e+01	6.288205e+01
420	1.273113e+01	2.661962e+03	4.220174e+02	3.803064e+02	8.004356e+01	4.234339e+01	6.381795e+01
421	1.276144e+01	2.669196e+03	4.215975e+02	3.802420e+02	8.015313e+01	4.240041e+01	6.514056e+01
422	1.279176e+01	2.667744e+03	4.211793e+02	3.800952e+02	8.047247e+01	4.220919e+01	6.603371e+01
423	1.282207e+01	2.663340e+03	4.207901e+02	3.799982e+02	8.031151e+01	4.222396e+01	6.732629e+01
424	1.285238e+01	2.655780e+03	4.203515e+02	3.797572e+02	7.996500e+01	4.228655e+01	6.887748e+01
425	1.288269e+01	2.652648e+03	4.200075e+02	3.795641e+02	8.011266e+01	4.215883e+01	7.021261e+01
426	1.291300e+01	2.667436e+03	4.195722e+02	3.793066e+02	8.021804e+01	4.233816e+01	7.175726e+01
427	1.294332e+01	2.661758e+03	4.191124e+02	3.790441e+02	8.045511e+01	4.212356e+01	7.275832e+01
428	1.297363e+01	2.654211e+03	4.188834e+02	3.788029e+02	8.035028e+01	4.205893e+01	7.376613e+01
429	1.300394e+01	2.645888e+03	4.186951e+02	3.785511e+02	8.006973e+01	4.207394e+01	7.506937e+01
430	1.303425e+01	2.648714e+03	4.181920e+02	3.783159e+02	8.008364e+01	4.211156e+01	7.626473e+01
431	1.306457e+01	2.655505e+03	4.177462e+02	3.780320e+02	8.056667e+01	4.196641e+01	7.772150e+01
432	1.309488e+01	2.657469e+03	4.173331e+02	3.777836e+02	8.050827e+01	4.202792e+01	7.857647e+01
433	1.312519e+01	2.657931e+03	4.169990e+02	3.774749e+02	8.061534e+01	4.197939e+01	8.011189e+01
434	1.315550e+01	2.670848e+03	4.163477e+02	3.773514e+02	8.066244e+01	4.215876e+01	8.116035e+01
435	1.318581e+01	2.651471e+03	4.163419e+02	3.768839e+02	8.041348e+01	4.198249e+01	8.287404e+01
436	1.321613e+01	2.658690e+03	4.159265e+02	3.765917e+02	8.091769e+01	4.183448e+01	8.366212e+01
437	1.324644e+01	2.662943e+03	4.156439e+02	3.761602e+02	8.065383e+01	4.203847e+01	8.526598e+01
438	1.327675e+01	2.651715e+03	4.153287e+02	3.759099e+02	8.025976e+01	4.206677e+01	8.630897e+01
439	1.330706e+01	2.653071e+03	4.149739e+02	3.755960e+02	8.060493e+01	4.190805e+01	8.752404e+01
440	1.333737e+01	2.660760e+03	4.147658e+02	3.752015e+02	8.066183e+01	4.199986e+01	8.854218e+01
441	1.336769e+01	2.654696e+03	4.144368e+02	3.749113e+02	8.036018e+01	4.206142e+01	8.963538e+01
442	1.339800e+01	2.650308e+03	4.143447e+02	3.745723e+02	8.047002e+01	4.193459e+01	9.090937e+01
443	1.342831e+01	2.645673e+03	4.139792e+02	3.742273e+02	8.033797e+01	4.193006e+01	9.213882e+01
444	1.345862e+01	2.652892e+03	4.137501e+02	3.739008e+02	8.036774e+01	4.202889e+01	9.310773e+01
445	1.348894e+01	2.651741e+03	4.134855e+02	3.735898e+02	8.023561e+01	4.207985e+01	9.446319e+01
446	1.351925e+01	2.660007e+03	4.131047e+02	3.730769e+02	8.056799e+01	4.203688e+01	9.540924e+01
447	1.354956e+01	2.646094e+03	4.128632e+02	3.727632e+02	8.056673e+01	4.181765e+01	9.642564e+01
448	1.357987e+01	2.666758e+03	4.126925e+02	3.723542e+02	8.041893e+01	4.222168e+01	9.787524e+01
449	1.361018e+01	2.656743e+03	4.125756e+02	3.720544e+02	8.021803e+01	4.216845e+01	9.885954e+01
450	1.364050e+01	2.647967e+03	4.125202e+02	3.715463e+02	8.024396e+01	4.201558e+01	1.002515e+02
451	1.367081e+01	2.656071e+03	4.123062e+02	3.710628e+02	8.032243e+01	4.210299e+01	1.017774e+02
452	1.370112e+01	2.652631e+03	4.120794e+02	3.706553e+02	8.010516e+01	4.216251e+01	1.031245e+02
453	1.373143e+01	2.650814e+03	4.120753e+02	3.703882e+02	7.989368e+01	4.224517e+01	1.040493e+02
454	1.376175e+01	2.667993e+03	4.118445e+02	3.699330e+02	8.031027e+01	4.229837e+01	1.051531e+02
455	1.379206e+01	2.664319e+03	4.116882e+02	3.695070e+02	8.004380e+01	4.238074e+01	1.065194e+02
456	1.382237e+01	2.660712e+03	4.114479e+02	3.690922e+02	8.003189e+01	4.232967e+01	1.073176e+02
457	1.385268e+01	2.663852e+03	4.112382e+02	3.686143e+02	8.016012e+01	4.231184e+01	1.086709e+02
458	1.388299e+01	2.664839e+03	4.110771e+02	3.681816e+02	8.015122e+01	4.233221e+01	1.097401e+02
459	1.391331e+01	2.655972e+03	4.110310e+02	3.678581e+02	7.976985e+01	4.239307e+01	1.107962e+02
460	1.394362e+01	2.661858e+03	4.108159e+02	3.674884e+02	8.005791e+01	4.233414e+01	1.120985e+02
461	1.397393e+01	2.666395e+03	4.106933e+02	3.670026e+02	7.962167e+01	4.263864e+01	1.131255e+02
462	1.400424e+01	2.647147e+03	4.106994e+02	3.666004e+02	7.963116e+01	4.232579e+01	1.144758e+02
463	1.403456e+01	2.657523e+03	4.106126e+02	3.662496e+02	7.928278e+01	4.267842e+01	1.155216e+02
464	1.406487e+01	2.656047e+03	4.105238e+02	3.657606e+02	7.974079e+01	4.240972e+01	1.170727e+02
465	1.409518e+01	2.659842e+03	4.104559e+02	3.653422e+02	7.970547e+01	4.248913e+01	1.179258e+02
466	1.412549e+01	2.663876e+03	4.103350e+02	3.649222e+02	7.962918e+01	4.259433e+01	1.194233e+02
467	1.415580e+01	2.668231e+03	4.101830e+02	3.643323e+02	7.987355e+01	4.253344e+01	1.208374e+02
468	1.418612e+01	2.668639e+03	4.102311e+02	3.639028e+02	7.971362e+01	4.262530e+01	1.219070e+02
469	1.421643e+01	2.673610e+03	4.103548e+02	3.635465e+02	7.963611e+01	4.274626e+01	1.231949e+02
470	1.424674e+01	2.669327e+03	4.103132e+02	3.630811e+02	7.950101e+01	4.275030e+01	1.246019e+02
471	1.427705e+01	2.692402e+03	4.102305e+02	3.626000e+02	7.964301e+01	4.304298e+01	1.255300e+02
472	1.430737e+01	2.674479e+03	4.103502e+02	3.621786e+02	7.945950e+01	4.285519e+01	1.269451e+02
473	1.433768e+01	2.682058e+03	4.102410e+02	3.616255e+02	7.941891e+01	4.299860e+01	1.280556e+02
474	1.436799e+01	2.671238e+03	4.103405e+02	3.612383e+02	7.948629e+01	4.278885e+01	1.295774e+02
475	1.439830e+01	2.680154e+03	4.103128e+02	3.607681e+02	7.959028e+01	4.287557e+01	1.306023e+02
476	1.442861e+01	2.684834e+03	4.103390e+02	3.603163e+02	7.945544e+01	4.302332e+01	1.324053e+02
477	1.445893e+01	2.679362e+03	4.103196e+02	3.598878e+02	7.949960e+01	4.291179e+01	1.331976e+02
478	1.448924e+01	2.679861e+03	4.103514e+02	3.593969e+02	7.943085e+01	4.295692e+01	1.345815e+02
479	1.451955e+01	2.670388e+03	4.105054e+02	3.589743e+02	7.927235e+01	4.289066e+01	1.358687e+02
480	1.454986e+01	2.675006e+03	4.106457e+02	3.585129e+02	7.946892e+01	4.285856e+01	1.368428e+02
481	1.458018e+01	2.671479e+03	4.107843e+02	3.581233e+02	7.940289e+01	4.283765e+01	1.383641e+02
482	1.461049e+01	2.692122e+03	4.106183e+02	3.577019e+02	7.908929e+01	4.333984e+01	1.392708e+02
483	1.464080e+01	2.676984e+03	4.109247e+02	3.572122e+02	7.921965e+01	4.302522e+01	1.409592e+02
484	1.467111e+01	2.680277e+03	4.111215e+02	3.568084e+02	7.942829e+01	4.296498e+01	1.424178e+02
485	1.470142e+01	2.670255e+03	4.110699e+02	3.562703e+02	7.907726e+01	4.299433e+01	1.434271e+02
486	1.473174e+01	2.670705e+03	4.114345e+02	3.559577e+02	7.899437e+01	4.304671e+01	1.452155e+02
487	1.476205e+01	2.678120e+03	4.115343e+02	3.554734e+02	7.928926e+01	4.300567e+01	1.461984e+02
488	1.479236e+01	2.679940e+03	4.116891e+02	3.551269e+02	7.893067e+01	4.323042e+01	1.479735e+02
489	1.482267e+01	2.661866e+03	4.119378e+02	3.545797e+02	7.895491e+01	4.292567e+01	1.491630e+02
490	1.485299e+01	2.673863e+03	4.120286e+02	3.542090e+02	7.928642e+01	4.293886e+01	1.500496e+02
491	1.488330e+01	2.693722e+03	4.121500e+02	3.537814e+02	7.955479e+01	4.311185e+01	1.516007e+02
492	1.491361e+01	2.672988e+03	4.125096e+02	3.535637e+02	7.888236e+01	4.314468e+01	1.533789e+02
493	1.494392e+01	2.681642e+03	4.125738e+02	3.528833e+02	7.914647e+01	4.313992e+01	1.548145e+02
494	1.497423e+01	2.686090e+03	4.128464e+02	3.525479e+02	7.902758e+01	4.327649e+01	1.560735e+02
495	1.500455e+01	2.693545e+03	4.129636e+02	3.519120e+02	7.938989e+01	4.319855e+01	1.573778e+02
496	1.503486e+01	2.701705e+03	4.131302e+02	3.516147e+02	7.922349e+01	4.342043e+01	1.583937e+02
497	1.506517e+01	2.696063e+03	4.134794e+02	3.512697e+02	7.945277e+01	4.320471e+01	1.596576e+02
498	1.509548e+01	2.690281e+03	4.137825e+02	3.508316e+02	7.937005e+01	4.315699e+01	1.612381e+02
499	1.512580e+01	2.697644e+03	4.140287e+02	3.504494e+02	7.944002e+01	4.323698e+01	1.628206e+02
500	1.515611e+01	2.697240e+03	4.142997e+02	3.500755e+02	7.937318e+01	4.326691e+01	1.643304e+02
501	1.518642e+01	2.691982e+03	4.144670e+02	3.497386e+02	7.919180e+01	4.328147e+01	1.653817e+02
502	1.521673e+01	2.699582e+03	4.148006e+02	3.494622e+02	7.942222e+01	4.327774e+01	1.666769e+02
503	1.524704e+01	2.684573e+03	4.152083e+02	3.491071e+02	7.888886e+01	4.332810e+01	1.681086e+02
504	1.527736e+01	2.692268e+03	4.154471e+02	3.487490e+02	7.892656e+01	4.343154e+01	1.693656e+02
505	1.530767e+01	2.687664e+03	4.158985e+02	3.484588e+02	7.897909e+01	4.332843e+01	1.709538e+02
506	1.533798e+01	2.691487e+03	4.161601e+02	3.481204e+02	7.894617e+01	4.340816e+01	1.724127e+02
507	1.536829e+01	2.699381e+03	4.165875e+02	3.479737e+02	7.896707e+01	4.352395e+01	1.742134e+02
508	1.539861e+01	2.694091e+03	4.168542e+02	3.476629e+02	7.897564e+01	4.343394e+01	1.756619e+02
509	1.542892e+01	2.723526e+03	4.169733e+02	3.471994e+02	7.889409e+01	4.395388e+01	1.764178e+02
510	1.545923e+01	2.692589e+03	4.175315e+02	3.469350e+02	7.896613e+01	4.341496e+01	1.782499e+02
511	1.548954e+01	2.693367e+03	4.177632e+02	3.470020e+02	7.866628e+01	4.359303e+01	1.796594e+02
512	1.551985e+01	2.701957e+03	4.180277e+02	3.465670e+02	7.853239e+01	4.380661e+01	7.771752e-01
513	1.555017e+01	2.709680e+03	4.182956e+02	3.459946e+02	7.900132e+01	4.367106e+01	1.427877e+00
514	1.558048e+01	2.681901e+03	4.188097e+02	3.461164e+02	7.864312e+01	4.342023e+01	3.224328e+00
515	1.561079e+01	2.696014e+03	4.192762e+02	3.457344e+02	7.949483e+01	4.318108e+01	4.740886e+00
516	1.564110e+01	2.686815e+03	4.196580e+02	3.455384e+02	7.871088e+01	4.346234e+01	6.471077e+00
517	1.567142e+01	2.702381e+03	4.199442e+02	3.452675e+02	7.900712e+01	4.355022e+01	8.228891e+00
518	1.570173e+01	2.681159e+03	4.202770e+02	3.451505e+02	7.843374e+01	4.352410e+01	9.261961e+00
519	1.573204e+01	2.692185e+03	4.206251e+02	3.450709e+02	7.924162e+01	4.325752e+01	1.093769e+01
520	1.576235e+01	2.684050e+03	4.211111e+02	3.447190e+02	7.838602e+01	4.359755e+01	1.209951e+01
521	1.579266e+01	2.696976e+03	4.214245e+02	3.446429e+02	7.869238e+01	4.363697e+01	1.381398e+01
522	1.582298e+01	2.701644e+03	4.218386e+02	3.443116e+02	7.871112e+01	4.370208e+01	1.494837e+01
523	1.585329e+01	2.693617e+03	4.222808e+02	3.442820e+02	7.902937e+01	4.339678e+01	1.630064e+01
524	1.588360e+01	2.682592e+03	4.228882e+02	3.440970e+02	7.892055e+01	4.327874e+01	1.753635e+01
525	1.591391e+01	2.676851e+03	4.231487e+02	3.438656e+02	7.868579e+01	4.331497e+01	1.892910e+01
526	1.594423e+01	2.664644e+03	4.236650e+02	3.438877e+02	7.855605e+01	4.318865e+01	2.045220e+01
527	1.597454e+01	2.674979e+03	4.239911e+02	3.437583e+02	7.848329e+01	4.339636e+01	2.188632e+01
528	1.600485e+01	2.678647e+03	4.245585e+02	3.436697e+02	7.873181e+01	4.331870e+01	2.358499e+01
529	1.603516e+01	2.682596e+03	4.249722e+02	3.436742e+02	7.885604e+01	4.331422e+01	2.538836e+01
530	1.606547e+01	2.678794e+03	4.254427e+02	3.435971e+02	7.859630e+01	4.339576e+01	2.637743e+01
531	1.609579e+01	2.665315e+03	4.258759e+02	3.436770e+02	7.848027e+01	4.324124e+01	2.863133e+01
532	1.612610e+01	2.676781e+03	4.263246e+02	3.433875e+02	7.900298e+01	4.313993e+01	2.921402e+01
533	1.615641e+01	2.659078e+03	4.268012e+02	3.435003e+02	7.869314e+01	4.302336e+01	3.113116e+01
534	1.618672e+01	2.661911e+03	4.271629e+02	3.435133e+02	7.867327e+01	4.308007e+01	3.320919e+01
535	1.621704e+01	2.668973e+03	4.278292e+02	3.432412e+02	7.886388e+01	4.308997e+01	3.384085e+01
536	1.624735e+01	2.677689e+03	4.284129e+02	3.429912e+02	7.900157e+01	4.315535e+01	3.488553e+01
537	1.627766e+01	2.659053e+03	4.284751e+02	3.434338e+02	7.860625e+01	4.307052e+01	3.680353e+01
538	1.630797e+01	2.655216e+03	4.290751e+02	3.432274e+02	7.846632e+01	4.308507e+01	3.732164e+01
539	1.633828e+01	2.671110e+03	4.293775e+02	3.434619e+02	7.912437e+01	4.298249e+01	3.959369e+01
540	1.636860e+01	2.655840e+03	4.297888e+02	3.435534e+02	7.850117e+01	4.307605e+01	4.072216e+01
541	1.639891e+01	2.652742e+03	4.302751e+02	3.436227e+02	7.856970e+01	4.298827e+01	4.276593e+01
542	1.642922e+01	2.646000e+03	4.308071e+02	3.437144e+02	7.818259e+01	4.309132e+01	4.420898e+01
543	1.645953e+01	2.660760e+03	4.313354e+02	3.437010e+02	7.909990e+01	4.282919e+01	4.550287e+01
544	1.648985e+01	2.645732e+03	4.317020e+02	3.439147e+02	7.863998e+01	4.283636e+01	4.680045e+01
545	1.652016e+01	2.638499e+03	4.322417e+02	3.438537e+02	7.805588e+01	4.303892e+01	4.794484e+01
546	1.655047e+01	2.637863e+03	4.326927e+02	3.439868e+02	7.840548e+01	4.283669e+01	4.990399e+01
547	1.658078e+01	2.649073e+03	4.331132e+02	3.440703e+02	7.847262e+01	4.298193e+01	5.103009e+01
548	1.661109e+01	2.637076e+03	4.335845e+02	3.442749e+02	7.838171e+01	4.283689e+01	5.258140e+01
549	1.664141e+01	2.641773e+03	4.340484e+02	3.443500e+02	7.888116e+01	4.264148e+01	5.423985e+01
550	1.667172e+01	2.636690e+03	4.345849e+02	3.444709e+02	7.894477e+01	4.252515e+01	5.591768e+01
551	1.670203e+01	2.648549e+03	4.349598e+02	3.447641e+02	7.881038e+01	4.278925e+01	5.709571e+01
552	1.673234e+01	2.631123e+03	4.353031e+02	3.450037e+02	7.859828e+01	4.262243e+01	5.861851e+01
553	1.676266e+01	2.646143e+03	4.357476e+02	3.451250e+02	7.870682e+01	4.280663e+01	5.993462e+01
554	1.679297e+01	2.644734e+03	4.361327e+02	3.453154e+02	7.849530e+01	4.289912e+01	6.168254e+01
555	1.682328e+01	2.646565e+03	4.368676e+02	3.455289e+02	7.903048e+01	4.263811e+01	6.264029e+01
556	1.685359e+01	2.634096e+03	4.372533e+02	3.457337e+02	7.873428e+01	4.259688e+01	6.413347e+01
557	1.688390e+01	2.635670e+03	4.376401e+02	3.459625e+02	7.932656e+01	4.230410e+01	6.511866e+01
558	1.691422e+01	2.632435e+03	4.382003e+02	3.461127e+02	7.923035e+01	4.230349e+01	6.690983e+01
559	1.694453e+01	2.640817e+03	4.384325e+02	3.464323e+02	7.957316e+01	4.225536e+01	6.814732e+01
560	1.697484e+01	2.641242e+03	4.390288e+02	3.465922e+02	7.956879e+01	4.226449e+01	6.905589e+01
561	1.700515e+01	2.638617e+03	4.394917e+02	3.467433e+02	7.917210e+01	4.243403e+01	7.049886e+01
562	1.703547e+01	2.644346e+03	4.400065e+02	3.469846e+02	7.956339e+01	4.231702e+01	7.200647e+01
563	1.706578e+01	2.650927e+03	4.401934e+02	3.474005e+02	7.980592e+01	4.229342e+01	7.280162e+01
564	1.709609e+01	2.644399e+03	4.406185e+02	3.476744e+02	7.963352e+01	4.228060e+01	7.459250e+01
565	1.712640e+01	2.649995e+03	4.410355e+02	3.478180e+02	7.948740e+01	4.244796e+01	7.569221e+01
566	1.715671e+01	2.632507e+03	4.414880e+02	3.481256e+02	7.953763e+01	4.214121e+01	7.726769e+01
567	1.718703e+01	2.641525e+03	4.417285e+02	3.484410e+02	7.985286e+01	4.211864e+01	7.842843e+01
568	1.721734e+01	2.642578e+03	4.421513e+02	3.488062e+02	7.968410e+01	4.222467e+01	7.958805e+01
569	1.724765e+01	2.639133e+03	4.423961e+02	3.492278e+02	7.978986e+01	4.211372e+01	8.098833e+01
570	1.727796e+01	2.646895e+03	4.429698e+02	3.494543e+02	7.957018e+01	4.235420e+01	8.243256e+01
571	1.730828e+01	2.636156e+03	4.433167e+02	3.498435e+02	7.979984e+01	4.206097e+01	8.330241e+01
572	1.733859e+01	2.642337e+03	4.435086e+02	3.502194e+02	7.987204e+01	4.212147e+01	8.482378e+01
573	1.736890e+01	2.649047e+03	4.438631e+02	3.505917e+02	7.973851e+01	4.229914e+01	8.599614e+01
574	1.739921e+01	2.653916e+03	4.443408e+02	3.510066e+02	8.009914e+01	4.218611e+01	8.724613e+01
575	1.742952e+01	2.644581e+03	4.446380e+02	3.513612e+02	7.989399e+01	4.214566e+01	8.897335e+01
576	1.745984e+01	2.649257e+03	4.449629e+02	3.517594e+02	8.007117e+01	4.212676e+01	8.987567e+01
577	1.749015e+01	2.651219e+03	4.453918e+02	3.521635e+02	8.022967e+01	4.207467e+01	9.130173e+01
578	1.752046e+01	2.645606e+03	4.455255e+02	3.525954e+02	7.983945e+01	4.219080e+01	9.254559e+01
579	1.755077e+01	2.652300e+03	4.457664e+02	3.529547e+02	7.988244e+01	4.227479e+01	9.359855e+01
580	1.758109e+01	2.645908e+03	4.464525e+02	3.533910e+02	7.981601e+01	4.220801e+01	9.517307e+01
581	1.761140e+01	2.639366e+03	4.466707e+02	3.536732e+02	7.943121e+01	4.230762e+01	9.599346e+01
582	1.764171e+01	2.643704e+03	4.470297e+02	3.541219e+02	7.973021e+01	4.221824e+01	9.717473e+01
583	1.767202e+01	2.648842e+03	4.472905e+02	3.544879e+02	7.992342e+01	4.219803e+01	9.848419e+01
584	1.770233e+01	2.656934e+03	4.474916e+02	3.547761e+02	7.979494e+01	4.239508e+01	9.974900e+01
585	1.773265e+01	2.667367e+03	4.476465e+02	3.552039e+02	8.012697e+01	4.238519e+01	1.010357e+02
586	1.776296e+01	2.650959e+03	4.478354e+02	3.556738e+02	7.938873e+01	4.251619e+01	1.023382e+02
587	1.779327e+01	2.654634e+03	4.480925e+02	3.560242e+02	7.995708e+01	4.227248e+01	1.032905e+02
588	1.782358e+01	2.690389e+03	4.478312e+02	3.564563e+02	8.086782e+01	4.235937e+01	1.035303e+02
589	1.785390e+01	2.657159e+03	4.484999e+02	3.569507e+02	7.963233e+01	4.248525e+01	1.055470e+02
590	1.788421e+01	2.661929e+03	4.486295e+02	3.572808e+02	7.966021e+01	4.254662e+01	1.066505e+02
591	1.791452e+01	2.665832e+03	4.488636e+02	3.577579e+02	7.955757e+01	4.266399e+01	1.080471e+02
592	1.794483e+01	2.669898e+03	4.490549e+02	3.582485e+02	7.974115e+01	4.263068e+01	1.095891e+02
593	1.797514e+01	2.659146e+03	4.492397e+02	3.586973e+02	7.925857e+01	4.271753e+01	1.105517e+02
594	1.800546e+01	2.656030e+03	4.493453e+02	3.591286e+02	7.912109e+01	4.274161e+01	1.119005e+02
595	1.803577e+01	2.659058e+03	4.496649e+02	3.597128e+02	7.917567e+01	4.276083e+01	1.132878e+02
596	1.806608e+01	2.665188e+03	4.496672e+02	3.600569e+02	7.963690e+01	4.261118e+01	1.145113e+02
597	1.809639e+01	2.660670e+03	4.499218e+02	3.605295e+02	7.913612e+01	4.280814e+01	1.156948e+02
598	1.812671e+01	2.662072e+03	4.500991e+02	3.610044e+02	7.890673e+01	4.295521e+01	1.165521e+02
599	1.815702e+01	2.678949e+03	4.502367e+02	3.614715e+02	7.958849e+01	4.285726e+01	1.181262e+02
600	1.818733e+01	2.671835e+03	4.502149e+02	3.619313e+02	7.927995e+01	4.290979e+01	1.191655e+02
601	1.821764e+01	2.670776e+03	4.502553e+02	3.623838e+02	7.925401e+01	4.290683e+01	1.204476e+02
602	1.824795e+01	2.672364e+03	4.504398e+02	3.629451e+02	7.929051e+01	4.291257e+01	1.219011e+02
603	1.827827e+01	2.690351e+03	4.501621e+02	3.632396e+02	7.985123e+01	4.289804e+01	1.226099e+02
604	1.830858e+01	2.674182e+03	4.505422e+02	3.639203e+02	7.929722e+01	4.293813e+01	1.242263e+02
605	1.833889e+01	2.670459e+03	4.506078e+02	3.644345e+02	7.909950e+01	4.298553e+01	1.255065e+02
606	1.836920e+01	2.686520e+03	4.506968e+02	3.648871e+02	7.952332e+01	4.301359e+01	1.266882e+02
607	1.839952e+01	2.672099e+03	4.505372e+02	3.653176e+02	7.902500e+01	4.305247e+01	1.288049e+02
608	1.842983e+01	2.690516e+03	4.507465e+02	3.659700e+02	7.908801e+01	4.331468e+01	1.297207e+02
609	1.846014e+01	2.684852e+03	4.505203e+02	3.663566e+02	7.925434e+01	4.313278e+01	1.312285e+02
610	1.849045e+01	2.668219e+03	4.504461e+02	3.668645e+02	7.921458e+01	4.288708e+01	1.329953e+02
611	1.852076e+01	2.687873e+03	4.503883e+02	3.673465e+02	7.932053e+01	4.314527e+01	1.341344e+02
612	1.855108e+01	2.699855e+03	4.504540e+02	3.678131e+02	7.958538e+01	4.319339e+01	1.351770e+02
613	1.858139e+01	2.696753e+03	4.504192e+02	3.684134e+02	7.935199e+01	4.327066e+01	1.366345e+02
614	1.861170e+01	2.684342e+03	4.502325e+02	3.688798e+02	7.910473e+01	4.320615e+01	1.381888e+02
615	1.864201e+01	2.685461e+03	4.502309e+02	3.693448e+02	7.909327e+01	4.323042e+01	1.392801e+02
616	1.867232e+01	2.682231e+03	4.503012e+02	3.698026e+02	7.920010e+01	4.312018e+01	1.398582e+02
617	1.870264e+01	2.685324e+03	4.502120e+02	3.703022e+02	7.911592e+01	4.321584e+01	1.413265e+02
618	1.873295e+01	2.716366e+03	4.500695e+02	3.708834e+02	7.935812e+01	4.358199e+01	1.421370e+02
619	1.876326e+01	2.702607e+03	4.502111e+02	3.713565e+02	7.959586e+01	4.323173e+01	1.435802e+02
620	1.879357e+01	2.687503e+03	4.499509e+02	3.716605e+02	7.940702e+01	4.309235e+01	1.449266e+02
621	1.882389e+01	2.689186e+03	4.499531e+02	3.721344e+02	7.913071e+01	4.326990e+01	1.464524e+02
622	1.885420e+01	2.685588e+03	4.497687e+02	3.725975e+02	7.939915e+01	4.306590e+01	1.475227e+02
623	1.888451e+01	2.695321e+03	4.497053e+02	3.731593e+02	7.922575e+01	4.331660e+01	1.486802e+02
624	1.891482e+01	2.691653e+03	4.495260e+02	3.736301e+02	7.944474e+01	4.313841e+01	1.497665e+02
625	1.894513e+01	2.686130e+03	4.492585e+02	3.739907e+02	7.932072e+01	4.311719e+01	1.513043e+02
626	1.897545e+01	2.703578e+03	4.492716e+02	3.745151e+02	7.961857e+01	4.323492e+01	1.523535e+02
627	1.900576e+01	2.705709e+03	4.491501e+02	3.749215e+02	7.982546e+01	4.315685e+01	1.538494e+02
628	1.903607e+01	2.695032e+03	4.488190e+02	3.754090e+02	7.939968e+01	4.321706e+01	1.551522e+02
629	1.906638e+01	2.694533e+03	4.485702e+02	3.757677e+02	7.935633e+01	4.323267e+01	1.562187e+02
630	1.909670e+01	2.697481e+03	4.483889e+02	3.763127e+02	7.911633e+01	4.341125e+01	1.573795e+02
631	1.912701e+01	2.694996e+03	4.482415e+02	3.768931e+02	7.940926e+01	4.321127e+01	1.591149e+02
632	1.915732e+01	2.692541e+03	4.479035e+02	3.771461e+02	7.921018e+01	4.328041e+01	1.600404e+02
633	1.918763e+01	2.684786e+03	4.478334e+02	3.776969e+02	7.927246e+01	4.312186e+01	1.616405e+02
634	1.921794e+01	2.685148e+03	4.474741e+02	3.780942e+02	7.944614e+01	4.303338e+01	1.630078e+02
635	1.924826e+01	2.697911e+03	4.473061e+02	3.784980e+02	7.962405e+01	4.314132e+01	1.641398e+02
636	1.927857e+01	2.695080e+03	4.470298e+02	3.790155e+02	7.956450e+01	4.312831e+01	1.651851e+02
637	1.930888e+01	2.697554e+03	4.467157e+02	3.793167e+02	7.912217e+01	4.340923e+01	1.663097e+02
638	1.933919e+01	2.715627e+03	4.464326e+02	3.795131e+02	7.990884e+01	4.326985e+01	1.671757e+02
639	1.936951e+01	2.780595e+03	4.457230e+02	3.809885e+02	7.864838e+01	4.501508e+01	1.707476e+02
640	1.939982e+01	2.691487e+03	4.461380e+02	3.806970e+02	7.935061e+01	4.318691e+01	1.701369e+02
641	1.943013e+01	2.698861e+03	4.457959e+02	3.810017e+02	7.950099e+01	4.322331e+01	1.715306e+02
642	1.946044e+01	2.682978e+03	4.456139e+02	3.813690e+02	7.926917e+01	4.309462e+01	1.727785e+02
643	1.949075e+01	2.707903e+03	4.451232e+02	3.818979e+02	7.968629e+01	4.326729e+01	1.746127e+02
644	1.952107e+01	2.705448e+03	4.450417e+02	3.820140e+02	7.965494e+01	4.324508e+01	1.746173e+02
645	1.955138e+01	2.704787e+03	4.445900e+02	3.824323e+02	7.949172e+01	4.332328e+01	1.765921e+02
646	1.958169e+01	2.692413e+03	4.443360e+02	3.826979e+02	7.947078e+01	4.313644e+01	1.777359e+02
647	1.961200e+01	2.695577e+03	4.439109e+02	3.831544e+02	7.923322e+01	4.331661e+01	1.787516e+02
648	1.964232e+01	2.706594e+03	4.436285e+02	3.835219e+02	7.972342e+01	4.322623e+01	1.798256e+02
649	1.967263e+01	2.714292e+03	4.432557e+02	3.839764e+02	7.989771e+01	4.325460e+01	1.687006e+00
650	1.970294e+01	2.704974e+03	4.430031e+02	3.840239e+02	7.956862e+01	4.328440e+01	2.764558e+00
651	1.973325e+01	2.708077e+03	4.425845e+02	3.843545e+02	7.984596e+01	4.318354e+01	4.359039e+00
652	1.976356e+01	2.703358e+03	4.421250e+02	3.847277e+02	7.935609e+01	4.337440e+01	5.418131e+00
653	1.979388e+01	2.689094e+03	4.419074e+02	3.848722e+02	7.950887e+01	4.306264e+01	6.845200e+00
654	1.982419e+01	2.696186e+03	4.414052e+02	3.851084e+02	7.970899e+01	4.306780e+01	7.953949e+00
655	1.985450e+01	2.696998e+03	4.409361e+02	3.854776e+02	7.949740e+01	4.319543e+01	9.354869e+00
656	1.988481e+01	2.729198e+03	4.403644e+02	3.858354e+02	7.933297e+01	4.380175e+01	1.128072e+01
657	1.991513e+01	2.690230e+03	4.403265e+02	3.858490e+02	7.957083e+01	4.304726e+01	1.206973e+01
658	1.994544e+01	2.697291e+03	4.398406e+02	3.861606e+02	7.956311e+01	4.316444e+01	1.337535e+01
659	1.997575e+01	2.706418e+03	4.393299e+02	3.865846e+02	7.990810e+01	4.312352e+01	1.546151e+01
660	2.000606e+01	2.688378e+03	4.390157e+02	3.865319e+02	7.959547e+01	4.300432e+01	1.642806e+01
661	2.003637e+01	2.696897e+03	4.385619e+02	3.869394e+02	7.933572e+01	4.328184e+01	1.797633e+01
662	2.006669e+01	2.695927e+03	4.382736e+02	3.870448e+02	7.964897e+01	4.309610e+01	1.921338e+01
663	2.009700e+01	2.696928e+03	4.378017e+02	3.872293e+02	7.968042e+01	4.309510e+01	2.054528e+01
664	2.012731e+01	2.703020e+03	4.373660e+02	3.874421e+02	7.973443e+01	4.316318e+01	2.220713e+01
665	2.015762e+01	2.682795e+03	4.370345e+02	3.874831e+02	7.952673e+01	4.295211e+01	2.343832e+01
666	2.018794e+01	2.689190e+03	4.365269e+02	3.877182e+02	7.946017e+01	4.309056e+01	2.455989e+01
667	2.021825e+01	2.701650e+03	4.360457e+02	3.877342e+02	7.935772e+01	4.334610e+01	2.602502e+01
668	2.024856e+01	2.695377e+03	4.356761e+02	3.878069e+02	7.950791e+01	4.316376e+01	2.756219e+01
669	2.027887e+01	2.699408e+03	4.351963e+02	3.879565e+02	7.979190e+01	4.307446e+01	2.860578e+01
670	2.030918e+01	2.710800e+03	4.347436e+02	3.881363e+02	7.967790e+01	4.331813e+01	3.010315e+01
671	2.033950e+01	2.701299e+03	4.343575e+02	3.880346e+02	7.950040e+01	4.326268e+01	3.157643e+01
672	2.036981e+01	2.694054e+03	4.339663e+02	3.881446e+02	7.930145e+01	4.325490e+01	3.284433e+01
673	2.040012e+01	2.695508e+03	4.335769e+02	3.881537e+02	7.952251e+01	4.315794e+01	3.406518e+01
674	2.043043e+01	2.695384e+03	4.330457e+02	3.881989e+02	7.970374e+01	4.305783e+01	3.556607e+01
675	2.046075e+01	2.730705e+03	4.322773e+02	3.884476e+02	7.973368e+01	4.360568e+01	3.764808e+01
676	2.049106e+01	2.699499e+03	4.322832e+02	3.883125e+02	7.976650e+01	4.308963e+01	3.812996e+01
677	2.052137e+01	2.683472e+03	4.319291e+02	3.882546e+02	7.928259e+01	4.309525e+01	3.983461e+01
678	2.055168e+01	2.696629e+03	4.314235e+02	3.883788e+02	7.989936e+01	4.297224e+01	4.094844e+01
679	2.058199e+01	2.685101e+03	4.311424e+02	3.882812e+02	7.954826e+01	4.297739e+01	4.201901e+01
680	2.061231e+01	2.693139e+03	4.305964e+02	3.883806e+02	7.970945e+01	4.301888e+01	4.326551e+01
681	2.064262e+01	2.687938e+03	4.302350e+02	3.883272e+02	7.951952e+01	4.303835e+01	4.460443e+01
682	2.067293e+01	2.681396e+03	4.297856e+02	3.883015e+02	7.963255e+01	4.287266e+01	4.592952e+01
683	2.070324e+01	2.688355e+03	4.294029e+02	3.882504e+02	8.000768e+01	4.278239e+01	4.709369e+01
684	2.073356e+01	2.693317e+03	4.287571e+02	3.883341e+02	7.970364e+01	4.302486e+01	4.846725e+01
685	2.076387e+01	2.678927e+03	4.285132e+02	3.882339e+02	7.977101e+01	4.275883e+01	4.954942e+01
686	2.079418e+01	2.688441e+03	4.280445e+02	3.882030e+02	8.013415e+01	4.271625e+01	5.106384e+01
687	2.082449e+01	2.684081e+03	4.275930e+02	3.880840e+02	7.985661e+01	4.279518e+01	5.215837e+01
688	2.085480e+01	2.684245e+03	4.272787e+02	3.880099e+02	7.999350e+01	4.272456e+01	5.323793e+01
689	2.088512e+01	2.666629e+03	4.268825e+02	3.880466e+02	7.960502e+01	4.265130e+01	5.398948e+01
690	2.091543e+01	2.672851e+03	4.264705e+02	3.879908e+02	7.967924e+01	4.271099e+01	5.499566e+01
691	2.094574e+01	2.665786e+03	4.261975e+02	3.879988e+02	7.975573e+01	4.255724e+01	5.619337e+01
692	2.097605e+01	2.668390e+03	4.255940e+02	3.879402e+02	7.989886e+01	4.252251e+01	5.701411e+01
693	2.100637e+01	2.672599e+03	4.253329e+02	3.878593e+02	7.983759e+01	4.262226e+01	5.820081e+01
694	2.103668e+01	2.665295e+03	4.248697e+02	3.879100e+02	7.997523e+01	4.243263e+01	5.940297e+01
695	2.106699e+01	2.671962e+03	4.243709e+02	3.877815e+02	8.009148e+01	4.247702e+01	6.053999e+01
696	2.109730e+01	2.659843e+03	4.240237e+02	3.876615e+02	8.003131e+01	4.231615e+01	6.154311e+01
697	2.112761e+01	2.672862e+03	4.235042e+02	3.875681e+02	7.971154e+01	4.269387e+01	6.291195e+01
698	2.115793e+01	2.662460e+03	4.231530e+02	3.873670e+02	7.992729e+01	4.241291e+01	6.396114e+01
699	2.118824e+01	2.661855e+03	4.226900e+02	3.873991e+02	8.024519e+01	4.223529e+01	6.513323e+01
700	2.121855e+01	2.661256e+03	4.224025e+02	3.871681e+02	8.007339e+01	4.231639e+01	6.655886e+01
701	2.124886e+01	2.674412e+03	4.218612e+02	3.870294e+02	8.046251e+01	4.231993e+01	6.739875e+01
702	2.127918e+01	2.654956e+03	4.215928e+02	3.868521e+02	7.971722e+01	4.240482e+01	6.882933e+01
703	2.130949e+01	2.657018e+03	4.212210e+02	3.867785e+02	8.022221e+01	4.217062e+01	6.979794e+01
704	2.133980e+01	2.666521e+03	4.206907e+02	3.865795e+02	8.058989e+01	4.212837e+01	7.140511e+01
705	2.137011e+01	2.667748e+03	4.204342e+02	3.863746e+02	8.032490e+01	4.228680e+01	7.209270e+01
706	2.140042e+01	2.657616e+03	4.200255e+02	3.861104e+02	8.058376e+01	4.199086e+01	7.393974e+01
707	2.143074e+01	2.666430e+03	4.195471e+02	3.859611e+02	8.026414e+01	4.229789e+01	7.467271e+01
708	2.146105e+01	2.661312e+03	4.192655e+02	3.856547e+02	8.034917e+01	4.217203e+01	7.568158e+01
709	2.149136e+01	2.658381e+03	4.189757e+02	3.854407e+02	8.041618e+01	4.209048e+01	7.683196e+01
710	2.152167e+01	2.649403e+03	4.186349e+02	3.851391e+02	8.050117e+01	4.190405e+01	7.824319e+01
711	2.155199e+01	2.658426e+03	4.183339e+02	3.848706e+02	8.052256e+01	4.203559e+01	7.949310e+01
712	2.158230e+01	2.654515e+03	4.178860e+02	3.845837e+02	8.062114e+01	4.192242e+01	8.062562e+01
713	2.161261e+01	2.666533e+03	4.174071e+02	3.843087e+02	8.084435e+01	4.199595e+01	8.177386e+01
714	2.164292e+01	2.662711e+03	4.171718e+02	3.839928e+02	8.080696e+01	4.195515e+01	8.318477e+01
715	2.167323e+01	2.658206e+03	4.168972e+02	3.836449e+02	8.073046e+01	4.192386e+01	8.468281e+01
716	2.170355e+01	2.649771e+03	4.162601e+02	3.830222e+02	8.046905e+01	4.192660e+01	8.688567e+01
717	2.173386e+01	2.663387e+03	4.159348e+02	3.827747e+02	8.076472e+01	4.198776e+01	8.792765e+01
718	2.176417e+01	2.657603e+03	4.156477e+02	3.823888e+02	8.048440e+01	4.204250e+01	8.912715e+01
719	2.179448e+01	2.671085e+03	4.153181e+02	3.820028e+02	8.062331e+01	4.218298e+01	9.031711e+01
720	2.182480e+01	2.671956e+03	4.150730e+02	3.817505e+02	8.076651e+01	4.212192e+01	9.142484e+01
721	2.185511e+01	2.662192e+03	4.148489e+02	3.813765e+02	8.075136e+01	4.197587e+01	9.272467e+01
722	2.188542e+01	2.663343e+03	4.145367e+02	3.810362e+02	8.024166e+01	4.226075e+01	9.358330e+01
723	2.191573e+01	2.665222e+03	4.142470e+02	3.807983e+02	8.071088e+01	4.204471e+01	9.478389e+01
724	2.194604e+01	2.679319e+03	4.139846e+02	3.804638e+02	8.070995e+01	4.226759e+01	9.600500e+01
725	2.197636e+01	2.667435e+03	4.136958e+02	3.801184e+02	8.086325e+01	4.200034e+01	9.704914e+01
726	2.200667e+01	2.660096e+03	4.135155e+02	3.796519e+02	8.039040e+01	4.213114e+01	9.827531e+01
727	2.203698e+01	2.658522e+03	4.132945e+02	3.792863e+02	8.011127e+01	4.225293e+01	9.957480e+01
728	2.206729e+01	2.656024e+03	4.129173e+02	3.789296e+02	8.040231e+01	4.206042e+01	1.005360e+02
729	2.209761e+01	2.658176e+03	4.128923e+02	3.785495e+02	8.007956e+01	4.226416e+01	1.018535e+02
730	2.212792e+01	2.670827e+03	4.126597e+02	3.782594e+02	8.047040e+01	4.225906e+01	1.027475e+02
731	2.215823e+01	2.665842e+03	4.123489e+02	3.777691e+02	8.022273e+01	4.231039e+01	1.040443e+02
732	2.218854e+01	2.667065e+03	4.122227e+02	3.774231e+02	8.020988e+01	4.233660e+01	1.045338e+02
733	2.221885e+01	2.672423e+03	4.120057e+02	3.770620e+02	8.034023e+01	4.235281e+01	1.058916e+02
734	2.224917e+01	2.660502e+03	4.118003e+02	3.767300e+02	8.006169e+01	4.231058e+01	1.070227e+02
735	2.227948e+01	2.678709e+03	4.116151e+02	3.763520e+02	8.015544e+01	4.255031e+01	1.080494e+02
736	2.230979e+01	2.674030e+03	4.115453e+02	3.761047e+02	7.997336e+01	4.257268e+01	1.088768e+02
737	2.234010e+01	2.675750e+03	4.114987e+02	3.757328e+02	8.015270e+01	4.250475e+01	1.098548e+02
738	2.237042e+01	2.667006e+03	4.113087e+02	3.753639e+02	7.998185e+01	4.245635e+01	1.107841e+02
739	2.240073e+01	2.668668e+03	4.112578e+02	3.750161e+02	7.991773e+01	4.251689e+01	1.120216e+02
740	2.243104e+01	2.681866e+03	4.109652e+02	3.746963e+02	8.015250e+01	4.260201e+01	1.128377e+02
741	2.246135e+01	2.663499e+03	4.107455e+02	3.741887e+02	7.970716e+01	4.254664e+01	1.140264e+02
742	2.249166e+01	2.670689e+03	4.107471e+02	3.738351e+02	7.957426e+01	4.273275e+01	1.154001e+02
743	2.252198e+01	2.661991e+03	4.106237e+02	3.732851e+02	7.948637e+01	4.264068e+01	1.167981e+02
744	2.255229e+01	2.671099e+03	4.105141e+02	3.728510e+02	7.959520e+01	4.272807e+01	1.176425e+02
745	2.258260e+01	2.670490e+03	4.104209e+02	3.723454e+02	7.975327e+01	4.263366e+01	1.186999e+02
746	2.261291e+01	2.674586e+03	4.102886e+02	3.719693e+02	7.955747e+01	4.280414e+01	1.200687e+02
747	2.264323e+01	2.679989e+03	4.101967e+02	3.716143e+02	7.973393e+01	4.279568e+01	1.212424e+02
748	2.267354e+01	2.668321e+03	4.103243e+02	3.713006e+02	7.927914e+01	4.285379e+01	1.220097e+02
749	2.270385e+01	2.667657e+03	4.102145e+02	3.708044e+02	7.937453e+01	4.279164e+01	1.235914e+02
750	2.273416e+01	2.666898e+03	4.103080e+02	3.704113e+02	7.926461e+01	4.283879e+01	1.249875e+02
751	2.276447e+01	2.669040e+03	4.100960e+02	3.697905e+02	7.938595e+01	4.280766e+01	1.265286e+02
752	2.279479e+01	2.686060e+03	4.100624e+02	3.695473e+02	7.942014e+01	4.306210e+01	1.273985e+02
753	2.282510e+01	2.683802e+03	4.101517e+02	3.690638e+02	7.954681e+01	4.295738e+01	1.289118e+02
754	2.285541e+01	2.692965e+03	4.100762e+02	3.686774e+02	7.934583e+01	4.321323e+01	1.293912e+02
755	2.288572e+01	2.686552e+03	4.101823e+02	3.682359e+02	7.932626e+01	4.312095e+01	1.312399e+02
756	2.291604e+01	2.696283e+03	4.101393e+02	3.678928e+02	7.920736e+01	4.334211e+01	1.324406e+02
757	2.294635e+01	2.676176e+03	4.101783e+02	3.673510e+02	7.924908e+01	4.299625e+01	1.339496e+02
758	2.297666e+01	2.683928e+03	4.103211e+02	3.669492e+02	7.933028e+01	4.307666e+01	1.352725e+02
759	2.300697e+01	2.686392e+03	4.103783e+02	3.666146e+02	7.917955e+01	4.319828e+01	1.361430e+02
760	2.303728e+01	2.677156e+03	4.104633e+02	3.660261e+02	7.929361e+01	4.298783e+01	1.374262e+02
761	2.306760e+01	2.689449e+03	4.103904e+02	3.655682e+02	7.927644e+01	4.319459e+01	1.386431e+02
762	2.309791e+01	2.669050e+03	4.106828e+02	3.652304e+02	7.896670e+01	4.303511e+01	1.398486e+02
763	2.312822e+01	2.673750e+03	4.107012e+02	3.647846e+02	7.916962e+01	4.300039e+01	1.409520e+02
764	2.315853e+01	2.681883e+03	4.108641e+02	3.643185e+02	7.932263e+01	4.304798e+01	1.421033e+02
765	2.318885e+01	2.681211e+03	4.108926e+02	3.638519e+02	7.911463e+01	4.315034e+01	1.435424e+02
766	2.321916e+01	2.679797e+03	4.109972e+02	3.635376e+02	7.916861e+01	4.309819e+01	1.444957e+02
767	2.324947e+01	2.694361e+03	4.109903e+02	3.630739e+02	7.930244e+01	4.325929e+01	1.457777e+02
768	2.327978e+01	2.681299e+03	4.112130e+02	3.626940e+02	7.934544e+01	4.302623e+01	1.471833e+02
769	2.331009e+01	2.688027e+03	4.114423e+02	3.623466e+02	7.939963e+01	4.310476e+01	1.483712e+02
770	2.334041e+01	2.678992e+03	4.115600e+02	3.618961e+02	7.940841e+01	4.295513e+01	1.495220e+02
771	2.337072e+01	2.695781e+03	4.117805e+02	3.616182e+02	7.950940e+01	4.316942e+01	1.509065e+02
772	2.340103e+01	2.697504e+03	4.118512e+02	3.610616e+02	7.958170e+01	4.315777e+01	1.519249e+02
773	2.343134e+01	2.686380e+03	4.120558e+02	3.607573e+02	7.903272e+01	4.327835e+01	1.534771e+02
774	2.346166e+01	2.681340e+03	4.122731e+02	3.603655e+02	7.928458e+01	4.305993e+01	1.546932e+02
775	2.349197e+01	2.692430e+03	4.125565e+02	3.601021e+02	7.904952e+01	4.336658e+01	1.560688e+02
776	2.352228e+01	2.685786e+03	4.127414e+02	3.597295e+02	7.905066e+01	4.325896e+01	1.576282e+02
777	2.355259e+01	2.695169e+03	4.129730e+02	3.593482e+02	7.889939e+01	4.349331e+01	1.584913e+02
778	2.358290e+01	2.677925e+03	4.132374e+02	3.590060e+02	7.905256e+01	4.313131e+01	1.599883e+02
779	2.361322e+01	2.678782e+03	4.134868e+02	3.584721e+02	7.909938e+01	4.311958e+01	1.618343e+02
780	2.364353e+01	2.692415e+03	4.136524e+02	3.581217e+02	7.896413e+01	4.341324e+01	1.627095e+02
781	2.367384e+01	2.693424e+03	4.137872e+02	3.578606e+02	7.893310e+01	4.344659e+01	1.638272e+02
782	2.370415e+01	2.688125e+03	4.140489e+02	3.574629e+02	7.933632e+01	4.314073e+01	1.652567e+02
783	2.373446e+01	2.676016e+03	4.143343e+02	3.571862e+02	7.906400e+01	4.309432e+01	1.663436e+02
784	2.376478e+01	2.679703e+03	4.146544e+02	3.569698e+02	7.882378e+01	4.328522e+01	1.674500e+02
785	2.379509e+01	2.695347e+03	4.149617e+02	3.565094e+02	7.913062e+01	4.336908e+01	1.691810e+02
786	2.382540e+01	2.690023e+03	4.152693e+02	3.563553e+02	7.905430e+01	4.332520e+01	1.704948e+02
787	2.385571e+01	2.683485e+03	4.156176e+02	3.560485e+02	7.916149e+01	4.316137e+01	1.719039e+02
788	2.388603e+01	2.691935e+03	4.159114e+02	3.556031e+02	7.903247e+01	4.336797e+01	1.731528e+02
789	2.391634e+01	2.692075e+03	4.161694e+02	3.553561e+02	7.883246e+01	4.348027e+01	1.746008e+02
790	2.394665e+01	2.697874e+03	4.163777e+02	3.550048e+02	7.891050e+01	4.353083e+01	1.758255e+02
791	2.397696e+01	2.693149e+03	4.166713e+02	3.548126e+02	7.890373e+01	4.345832e+01	1.772529e+02
792	2.400727e+01	2.694578e+03	4.169887e+02	3.544262e+02	7.883234e+01	4.352076e+01	1.784635e+02
793	2.403759e+01	2.683949e+03	4.173951e+02	3.543268e+02	7.861031e+01	4.347152e+01	1.799887e+02
794	2.406790e+01	2.719588e+03	4.174015e+02	3.538607e+02	7.893587e+01	4.386709e+01	9.324114e-01
795	2.409821e+01	2.693271e+03	4.179857e+02	3.537194e+02	7.874043e+01	4.355042e+01	2.312667e+00
796	2.412852e+01	2.704681e+03	4.182745e+02	3.534283e+02	7.860735e+01	4.380897e+01	4.119030e+00
797	2.415884e+01	2.689643e+03	4.187759e+02	3.532935e+02	7.862267e+01	4.355690e+01	5.500223e+00
798	2.418915e+01	2.668640e+03	4.189674e+02	3.531064e+02	7.829882e+01	4.339552e+01	6.674547e+00
799	2.421946e+01	2.698156e+03	4.195065e+02	3.526400e+02	7.900835e+01	4.348147e+01	8.527781e+00
