1	3.036745e-02	2.720234e+03	4.608593e+02	3.554109e+02	7.924068e+01	4.370873e+01	1.703164e+02
2	6.073489e-02	2.729390e+03	4.592804e+02	3.546663e+02	7.937348e+01	4.378247e+01	1.674360e+02
3	9.110234e-02	2.699083e+03	4.577195e+02	3.534830e+02	7.910242e+01	4.344467e+01	1.641361e+02
4	1.214698e-01	2.690565e+03	4.560803e+02	3.527038e+02	7.898579e+01	4.337151e+01	1.608291e+02
5	1.518372e-01	2.709301e+03	4.544336e+02	3.518873e+02	7.908218e+01	4.362030e+01	1.574966e+02
6	1.822047e-01	2.693704e+03	4.526623e+02	3.515402e+02	7.896407e+01	4.343407e+01	1.544314e+02
7	2.125721e-01	2.700759e+03	4.508138e+02	3.509387e+02	7.908185e+01	4.348297e+01	1.513845e+02
8	2.429396e-01	2.704510e+03	4.489750e+02	3.505770e+02	7.924550e+01	4.345343e+01	1.482039e+02
9	2.733070e-01	2.690209e+03	4.472462e+02	3.504456e+02	7.893270e+01	4.339495e+01	1.452790e+02
10	3.036745e-01	2.675718e+03	4.454996e+02	3.502352e+02	7.866681e+01	4.330709e+01	1.418862e+02
11	3.340419e-01	2.686157e+03	4.435433e+02	3.500508e+02	7.919987e+01	4.318342e+01	1.388778e+02
12	3.644094e-01	2.680115e+03	4.417654e+02	3.500205e+02	7.900480e+01	4.319268e+01	1.357373e+02
13	3.947768e-01	2.670346e+03	4.397122e+02	3.501095e+02	7.870393e+01	4.319975e+01	1.326921e+02
14	4.251442e-01	2.675098e+03	4.379263e+02	3.504456e+02	7.892789e+01	4.315383e+01	1.296362e+02
15	4.555117e-01	2.667201e+03	4.360045e+02	3.506352e+02	7.898054e+01	4.299776e+01	1.266583e+02
16	4.858791e-01	2.671577e+03	4.341387e+02	3.509171e+02	7.926988e+01	4.291109e+01	1.236212e+02
17	5.162466e-01	2.671913e+03	4.325508e+02	3.511835e+02	7.939190e+01	4.285053e+01	1.208517e+02
18	5.466140e-01	2.670973e+03	4.308573e+02	3.517529e+02	7.955866e+01	4.274567e+01	1.177141e+02
19	5.769815e-01	2.673978e+03	4.289559e+02	3.523514e+02	7.956993e+01	4.278770e+01	1.149469e+02
20	6.073489e-01	2.678187e+03	4.272452e+02	3.531223e+02	8.017190e+01	4.253328e+01	1.119460e+02
21	6.377164e-01	2.672795e+03	4.254989e+02	3.541898e+02	8.007594e+01	4.249852e+01	1.086105e+02
22	6.680838e-01	2.674527e+03	4.237558e+02	3.552010e+02	8.057334e+01	4.226352e+01	1.060866e+02
23	6.984513e-01	2.664371e+03	4.222693e+02	3.563458e+02	8.012360e+01	4.233937e+01	1.028911e+02
24	7.288187e-01	2.660809e+03	4.206761e+02	3.575376e+02	8.046909e+01	4.210123e+01	9.987978e+01
25	7.591862e-01	2.670425e+03	4.191313e+02	3.586411e+02	8.059151e+01	4.218919e+01	9.780995e+01
26	7.895536e-01	2.667475e+03	4.176375e+02	3.600244e+02	8.065096e+01	4.211152e+01	9.440157e+01
27	8.199210e-01	2.663769e+03	4.161677e+02	3.614335e+02	8.053122e+01	4.211555e+01	9.150527e+01
28	8.502885e-01	2.660558e+03	4.149865e+02	3.627777e+02	8.061543e+01	4.202084e+01	8.910233e+01
29	8.806559e-01	2.668898e+03	4.135886e+02	3.643763e+02	8.044832e+01	4.224011e+01	8.634774e+01
30	9.110234e-01	2.671768e+03	4.125516e+02	3.660560e+02	8.071020e+01	4.214834e+01	8.358891e+01
31	9.413908e-01	2.676948e+03	4.113247e+02	3.676206e+02	8.071888e+01	4.222551e+01	8.067561e+01
32	9.717583e-01	2.680624e+03	4.103119e+02	3.693595e+02	8.067002e+01	4.230911e+01	7.767601e+01
33	1.002126e+00	2.707457e+03	4.087969e+02	3.712292e+02	8.194231e+01	4.206913e+01	7.663128e+01
34	1.032493e+00	2.659516e+03	4.084473e+02	3.730115e+02	8.014640e+01	4.225019e+01	7.293734e+01
35	1.062861e+00	2.665593e+03	4.078505e+02	3.748299e+02	8.014684e+01	4.234650e+01	7.008349e+01
36	1.093228e+00	2.664884e+03	4.068709e+02	3.764383e+02	8.039264e+01	4.220580e+01	6.785638e+01
37	1.123596e+00	2.657288e+03	4.058915e+02	3.778178e+02	7.989352e+01	4.234842e+01	6.478663e+01
38	1.153963e+00	2.673314e+03	4.051630e+02	3.792628e+02	8.006036e+01	4.251504e+01	6.264459e+01
39	1.184330e+00	2.674022e+03	4.046448e+02	3.809054e+02	8.001501e+01	4.255039e+01	6.004586e+01
40	1.214698e+00	2.665831e+03	4.042820e+02	3.827184e+02	7.932855e+01	4.278713e+01	5.785744e+01
41	1.245065e+00	2.668384e+03	4.041799e+02	3.847518e+02	7.921545e+01	4.288926e+01	5.521948e+01
42	1.275433e+00	2.706782e+03	4.043552e+02	3.865684e+02	7.984112e+01	4.316550e+01	5.269344e+01
43	1.305800e+00	2.674808e+03	4.040890e+02	3.887036e+02	7.933202e+01	4.292934e+01	4.869506e+01
44	1.336168e+00	2.687505e+03	4.041937e+02	3.907732e+02	7.937627e+01	4.310907e+01	4.567839e+01
45	1.366535e+00	2.690006e+03	4.044362e+02	3.927510e+02	7.955772e+01	4.305079e+01	4.303326e+01
46	1.396903e+00	2.696603e+03	4.046145e+02	3.947382e+02	7.958861e+01	4.313961e+01	4.049612e+01
47	1.427270e+00	2.706396e+03	4.049260e+02	3.968675e+02	7.985718e+01	4.315067e+01	3.752068e+01
48	1.457637e+00	2.697819e+03	4.053643e+02	3.987843e+02	7.935313e+01	4.328715e+01	3.458540e+01
49	1.488005e+00	2.687171e+03	4.057285e+02	4.010523e+02	7.923470e+01	4.318074e+01	3.152436e+01
50	1.518372e+00	2.692139e+03	4.063117e+02	4.029119e+02	7.958733e+01	4.306889e+01	2.862196e+01
51	1.548740e+00	2.666738e+03	4.068188e+02	4.050635e+02	7.879732e+01	4.309026e+01	2.545135e+01
52	1.579107e+00	2.696885e+03	4.078076e+02	4.067279e+02	7.934484e+01	4.327668e+01	2.320308e+01
53	1.609475e+00	2.705830e+03	4.089383e+02	4.083912e+02	7.921866e+01	4.348937e+01	2.080929e+01
54	1.639842e+00	2.710436e+03	4.098624e+02	4.103935e+02	7.934521e+01	4.349392e+01	1.741302e+01
55	1.670210e+00	2.722305e+03	4.108420e+02	4.121902e+02	7.982365e+01	4.342254e+01	1.498067e+01
56	1.700577e+00	2.717630e+03	4.118020e+02	4.136521e+02	7.949850e+01	4.352528e+01	1.189577e+01
57	1.730944e+00	2.721427e+03	4.128464e+02	4.154188e+02	8.033065e+01	4.313457e+01	9.823356e+00
58	1.761312e+00	2.687777e+03	4.140698e+02	4.169867e+02	7.932860e+01	4.313934e+01	6.817190e+00
59	1.791679e+00	2.705662e+03	4.151525e+02	4.186137e+02	7.965652e+01	4.324763e+01	3.621605e+00
60	1.822047e+00	2.716616e+03	4.165641e+02	4.199998e+02	8.000512e+01	4.323352e+01	1.024782e+00
61	1.852414e+00	2.691921e+03	4.180888e+02	4.212651e+02	7.949313e+01	4.311642e+01	1.779579e+02
62	1.882782e+00	2.713451e+03	4.197028e+02	4.223110e+02	7.951397e+01	4.344989e+01	1.751833e+02
63	1.913149e+00	2.700118e+03	4.212568e+02	4.236586e+02	7.984148e+01	4.305903e+01	1.721275e+02
64	1.943517e+00	2.689715e+03	4.227659e+02	4.247111e+02	7.986930e+01	4.287819e+01	1.695399e+02
65	1.973884e+00	2.713457e+03	4.245021e+02	4.256784e+02	7.965314e+01	4.337406e+01	1.666107e+02
66	2.004251e+00	2.708485e+03	4.261194e+02	4.264230e+02	8.014594e+01	4.302839e+01	1.635714e+02
67	2.034619e+00	2.700806e+03	4.279412e+02	4.271150e+02	8.036173e+01	4.279117e+01	1.600689e+02
68	2.064986e+00	2.721095e+03	4.296133e+02	4.274052e+02	7.963501e+01	4.350606e+01	1.576404e+02
69	2.095354e+00	2.715828e+03	4.316781e+02	4.278543e+02	7.985755e+01	4.330085e+01	1.538999e+02
70	2.125721e+00	2.707721e+03	4.335978e+02	4.282921e+02	8.029848e+01	4.293454e+01	1.494526e+02
71	2.156089e+00	2.697964e+03	4.352950e+02	4.280784e+02	8.037276e+01	4.274028e+01	1.469908e+02
72	2.186456e+00	2.713765e+03	4.372152e+02	4.281666e+02	8.022887e+01	4.306770e+01	1.435759e+02
73	2.216824e+00	2.705705e+03	4.392106e+02	4.282869e+02	8.036531e+01	4.286689e+01	1.405023e+02
74	2.247191e+00	2.699282e+03	4.409050e+02	4.279553e+02	7.999451e+01	4.296336e+01	1.376661e+02
75	2.277558e+00	2.705965e+03	4.427291e+02	4.278010e+02	7.969047e+01	4.323405e+01	1.348799e+02
76	2.307926e+00	2.700822e+03	4.446761e+02	4.277311e+02	7.997469e+01	4.299852e+01	1.318089e+02
77	2.338293e+00	2.680615e+03	4.465500e+02	4.273720e+02	7.978078e+01	4.278054e+01	1.286197e+02
78	2.368661e+00	2.690354e+03	4.485223e+02	4.269159e+02	8.008611e+01	4.277227e+01	1.258988e+02
79	2.399028e+00	2.684509e+03	4.505690e+02	4.264036e+02	8.020163e+01	4.261787e+01	1.230057e+02
80	2.429396e+00	2.702401e+03	4.523108e+02	4.257493e+02	8.011593e+01	4.294782e+01	1.200926e+02
81	2.459763e+00	2.696102e+03	4.541312e+02	4.252194e+02	8.017628e+01	4.281546e+01	1.166096e+02
82	2.490131e+00	2.690840e+03	4.560095e+02	4.246410e+02	8.042778e+01	4.259827e+01	1.142027e+02
83	2.520498e+00	2.692170e+03	4.576484e+02	4.238683e+02	8.045278e+01	4.260608e+01	1.108957e+02
84	2.550865e+00	2.699246e+03	4.611312e+02	4.218134e+02	8.042565e+01	4.273248e+01	1.053607e+02
85	2.581233e+00	2.693312e+03	4.625634e+02	4.207735e+02	8.124502e+01	4.220851e+01	1.022320e+02
86	2.611600e+00	2.694465e+03	4.640186e+02	4.194705e+02	8.092400e+01	4.239409e+01	9.969842e+01
87	2.641968e+00	2.683671e+03	4.657669e+02	4.182663e+02	8.094804e+01	4.221172e+01	9.682797e+01
88	2.672335e+00	2.699546e+03	4.670556e+02	4.169838e+02	8.108802e+01	4.238813e+01	9.404089e+01
89	2.702703e+00	2.695905e+03	4.685339e+02	4.156139e+02	8.068892e+01	4.254032e+01	9.194431e+01
90	2.733070e+00	2.677985e+03	4.697607e+02	4.141346e+02	8.066860e+01	4.226820e+01	8.903928e+01
91	2.763438e+00	2.684420e+03	4.709650e+02	4.126794e+02	8.032312e+01	4.255200e+01	8.625379e+01
92	2.793805e+00	2.693753e+03	4.723468e+02	4.110202e+02	8.068407e+01	4.250893e+01	8.383053e+01
93	2.824172e+00	2.702503e+03	4.735999e+02	4.093910e+02	8.109198e+01	4.243247e+01	8.115992e+01
94	2.854540e+00	2.697313e+03	4.745046e+02	4.078755e+02	8.102271e+01	4.238720e+01	7.901025e+01
95	2.884907e+00	2.700925e+03	4.754390e+02	4.062229e+02	8.082617e+01	4.254717e+01	7.636491e+01
96	2.915275e+00	2.705449e+03	4.763289e+02	4.043572e+02	8.056107e+01	4.275867e+01	7.404221e+01
97	2.945642e+00	2.696649e+03	4.772021e+02	4.025832e+02	8.051508e+01	4.264394e+01	7.121741e+01
98	2.976010e+00	2.714901e+03	4.780378e+02	4.008092e+02	8.036346e+01	4.301357e+01	6.833665e+01
99	3.006377e+00	2.706180e+03	4.785115e+02	3.990074e+02	7.997170e+01	4.308543e+01	6.558469e+01
100	3.036745e+00	2.688884e+03	4.791079e+02	3.970485e+02	7.943272e+01	4.310054e+01	6.305437e+01
101	3.067112e+00	2.705203e+03	4.794902e+02	3.952400e+02	7.986323e+01	4.312838e+01	6.021879e+01
102	3.097480e+00	2.710984e+03	4.797624e+02	3.932415e+02	7.951896e+01	4.340766e+01	5.797184e+01
103	3.127847e+00	2.707111e+03	4.802300e+02	3.912281e+02	7.961572e+01	4.329296e+01	5.448925e+01
104	3.158214e+00	2.716154e+03	4.801623e+02	3.894375e+02	7.975670e+01	4.336081e+01	5.192723e+01
105	3.188582e+00	2.705603e+03	4.806095e+02	3.875374e+02	7.933287e+01	4.342312e+01	4.949723e+01
106	3.218949e+00	2.697238e+03	4.809372e+02	3.853935e+02	7.924466e+01	4.333706e+01	4.644019e+01
107	3.249317e+00	2.744978e+03	4.805500e+02	3.836877e+02	8.025611e+01	4.354827e+01	4.448424e+01
108	3.279684e+00	2.705124e+03	4.807931e+02	3.817760e+02	7.912797e+01	4.352786e+01	4.094571e+01
109	3.310052e+00	2.707459e+03	4.806450e+02	3.798062e+02	7.934352e+01	4.344707e+01	3.822464e+01
110	3.340419e+00	2.713471e+03	4.802918e+02	3.778813e+02	7.935203e+01	4.353888e+01	3.564184e+01
111	3.370787e+00	2.717719e+03	4.798501e+02	3.761280e+02	7.905401e+01	4.377143e+01	3.329102e+01
112	3.401154e+00	2.706358e+03	4.796283e+02	3.739966e+02	7.904790e+01	4.359183e+01	3.028347e+01
113	3.431521e+00	2.717039e+03	4.791113e+02	3.721929e+02	7.923192e+01	4.366221e+01	2.735846e+01
114	3.461889e+00	2.706173e+03	4.783572e+02	3.703643e+02	7.925469e+01	4.347511e+01	2.437737e+01
115	3.492256e+00	2.830922e+03	4.766303e+02	3.693073e+02	8.037171e+01	4.484714e+01	2.495084e+01
116	3.522624e+00	2.725533e+03	4.768560e+02	3.668234e+02	7.958772e+01	4.360292e+01	1.844466e+01
117	3.552991e+00	2.721078e+03	4.761897e+02	3.653605e+02	7.918431e+01	4.375341e+01	1.571366e+01
118	3.583359e+00	2.714935e+03	4.754229e+02	3.636116e+02	7.927268e+01	4.360598e+01	1.280679e+01
119	3.613726e+00	2.718728e+03	4.744133e+02	3.623798e+02	7.892361e+01	4.386003e+01	1.057106e+01
120	3.644094e+00	2.738068e+03	4.730979e+02	3.604835e+02	7.943331e+01	4.388860e+01	6.724188e+00
121	3.674461e+00	2.730147e+03	4.718799e+02	3.592399e+02	7.938114e+01	4.379039e+01	4.399049e+00
122	3.704828e+00	2.721061e+03	4.705970e+02	3.577580e+02	7.954406e+01	4.355527e+01	6.897275e-01
123	3.735196e+00	2.722716e+03	4.690675e+02	3.564457e+02	7.908302e+01	4.383583e+01	1.773309e+02
124	3.765563e+00	2.724511e+03	4.676879e+02	3.552318e+02	7.954713e+01	4.360880e+01	1.744164e+02
125	3.795931e+00	2.732177e+03	4.662899e+02	3.537944e+02	7.987974e+01	4.354942e+01	1.716189e+02
126	3.826298e+00	2.719444e+03	4.646926e+02	3.527273e+02	7.950856e+01	4.354882e+01	1.684603e+02
127	3.856666e+00	2.714878e+03	4.632117e+02	3.517102e+02	7.960606e+01	4.342244e+01	1.660614e+02
128	3.887033e+00	2.709136e+03	4.615880e+02	3.507166e+02	7.929969e+01	4.349802e+01	1.630430e+02
129	3.917401e+00	2.708231e+03	4.597543e+02	3.499904e+02	7.889829e+01	4.370471e+01	1.596158e+02
130	3.947768e+00	2.719673e+03	4.579925e+02	3.490721e+02	7.930227e+01	4.366578e+01	1.567007e+02
131	3.978135e+00	2.703837e+03	4.561745e+02	3.484356e+02	7.927295e+01	4.342757e+01	1.540587e+02
132	4.008503e+00	2.700279e+03	4.544352e+02	3.481028e+02	7.919707e+01	4.341198e+01	1.507512e+02
133	4.038870e+00	2.707431e+03	4.526081e+02	3.476986e+02	7.948245e+01	4.337069e+01	1.476116e+02
134	4.069238e+00	2.701199e+03	4.507125e+02	3.472156e+02	7.916505e+01	4.344434e+01	1.444132e+02
135	4.099605e+00	2.684020e+03	4.488704e+02	3.471007e+02	7.915680e+01	4.317254e+01	1.411016e+02
136	4.129973e+00	2.684272e+03	4.468470e+02	3.469548e+02	7.909064e+01	4.321270e+01	1.380649e+02
137	4.160340e+00	2.691640e+03	4.448654e+02	3.470227e+02	7.941615e+01	4.315373e+01	1.349452e+02
138	4.190708e+00	2.685379e+03	4.427672e+02	3.471508e+02	7.953264e+01	4.299028e+01	1.316538e+02
139	4.221075e+00	2.684364e+03	4.408406e+02	3.472335e+02	7.924215e+01	4.313157e+01	1.283115e+02
140	4.251442e+00	2.675013e+03	4.388265e+02	3.473350e+02	7.921644e+01	4.299527e+01	1.259114e+02
141	4.281810e+00	2.676386e+03	4.368830e+02	3.475724e+02	7.945230e+01	4.288964e+01	1.228222e+02
142	4.312177e+00	2.680451e+03	4.350347e+02	3.479356e+02	7.948794e+01	4.293552e+01	1.200767e+02
143	4.342545e+00	2.673775e+03	4.332330e+02	3.485918e+02	7.983012e+01	4.264500e+01	1.168791e+02
144	4.372912e+00	2.669232e+03	4.313663e+02	3.491880e+02	7.968513e+01	4.265002e+01	1.140702e+02
145	4.403280e+00	2.679893e+03	4.292491e+02	3.498026e+02	7.989218e+01	4.270938e+01	1.114682e+02
146	4.433647e+00	2.670722e+03	4.274665e+02	3.504978e+02	8.030378e+01	4.234507e+01	1.090189e+02
147	4.464015e+00	2.692469e+03	4.255656e+02	3.514631e+02	8.096824e+01	4.233954e+01	1.059745e+02
148	4.494382e+00	2.680764e+03	4.239971e+02	3.524207e+02	8.046408e+01	4.241961e+01	1.036510e+02
149	4.524749e+00	2.665849e+03	4.224403e+02	3.535446e+02	8.060335e+01	4.211071e+01	1.010725e+02
150	4.555117e+00	2.664918e+03	4.208398e+02	3.546994e+02	8.060574e+01	4.209475e+01	9.810279e+01
151	4.585484e+00	2.665722e+03	4.191625e+02	3.559212e+02	8.073800e+01	4.203848e+01	9.545193e+01
152	4.615852e+00	2.666343e+03	4.176600e+02	3.571928e+02	8.082195e+01	4.200459e+01	9.301778e+01
153	4.646219e+00	2.651851e+03	4.161070e+02	3.585614e+02	8.061530e+01	4.188338e+01	9.022851e+01
154	4.676587e+00	2.678240e+03	4.145539e+02	3.599709e+02	8.098712e+01	4.210597e+01	8.784039e+01
155	4.706954e+00	2.670577e+03	4.131761e+02	3.616736e+02	8.098430e+01	4.198695e+01	8.522520e+01
156	4.737322e+00	2.660053e+03	4.119568e+02	3.631296e+02	8.060856e+01	4.201645e+01	8.285387e+01
157	4.767689e+00	2.659504e+03	4.107179e+02	3.648959e+02	8.062839e+01	4.199743e+01	8.031277e+01
158	4.798056e+00	2.669775e+03	4.095500e+02	3.667470e+02	8.086761e+01	4.203491e+01	7.773365e+01
159	4.828424e+00	2.670722e+03	4.085402e+02	3.684175e+02	8.049561e+01	4.224415e+01	7.526276e+01
160	4.858791e+00	2.680536e+03	4.076698e+02	3.701906e+02	8.081291e+01	4.223291e+01	7.338451e+01
161	4.889159e+00	2.685597e+03	4.070316e+02	3.721292e+02	8.072982e+01	4.235620e+01	7.030658e+01
162	4.919526e+00	2.680982e+03	4.059812e+02	3.741309e+02	8.059080e+01	4.235635e+01	6.779616e+01
163	4.949894e+00	2.657809e+03	4.054490e+02	3.759199e+02	8.007063e+01	4.226302e+01	6.541246e+01
164	4.980261e+00	2.672384e+03	4.047490e+02	3.777565e+02	8.012905e+01	4.246382e+01	6.258945e+01
165	5.010629e+00	2.669226e+03	4.044778e+02	3.797481e+02	7.989107e+01	4.253997e+01	5.968702e+01
166	5.040996e+00	2.679789e+03	4.038552e+02	3.816438e+02	7.970586e+01	4.280756e+01	5.728106e+01
167	5.071363e+00	2.664629e+03	4.037360e+02	3.836502e+02	7.920422e+01	4.283498e+01	5.462606e+01
168	5.101731e+00	2.664560e+03	4.033505e+02	3.859378e+02	7.916570e+01	4.285471e+01	5.168794e+01
169	5.132098e+00	2.715390e+03	4.031242e+02	3.879153e+02	7.992450e+01	4.325759e+01	5.014874e+01
170	5.162466e+00	2.697670e+03	4.032644e+02	3.899395e+02	7.952215e+01	4.319275e+01	4.626169e+01
171	5.192833e+00	2.688774e+03	4.035463e+02	3.919765e+02	7.966803e+01	4.297148e+01	4.334999e+01
172	5.223201e+00	2.698205e+03	4.037112e+02	3.941780e+02	7.977434e+01	4.306474e+01	3.974187e+01
173	5.253568e+00	2.709185e+03	4.038639e+02	3.963453e+02	7.985711e+01	4.319517e+01	3.725068e+01
174	5.283936e+00	2.693708e+03	4.040708e+02	3.984120e+02	7.943913e+01	4.317438e+01	3.446059e+01
175	5.314303e+00	2.690797e+03	4.043743e+02	4.005836e+02	7.943839e+01	4.312813e+01	3.157797e+01
176	5.344671e+00	2.691066e+03	4.050587e+02	4.024708e+02	7.931713e+01	4.319838e+01	2.888498e+01
177	5.375038e+00	2.705545e+03	4.056380e+02	4.043928e+02	7.945889e+01	4.335332e+01	2.649134e+01
178	5.405405e+00	2.704034e+03	4.064253e+02	4.063956e+02	7.941000e+01	4.335579e+01	2.383462e+01
179	5.435773e+00	2.704759e+03	4.072026e+02	4.081410e+02	7.928215e+01	4.343734e+01	2.111427e+01
180	5.466140e+00	2.713290e+03	4.081925e+02	4.100602e+02	7.976962e+01	4.330807e+01	1.740646e+01
181	5.496508e+00	2.720936e+03	4.092062e+02	4.120656e+02	7.975933e+01	4.343572e+01	1.549424e+01
182	5.526875e+00	2.724061e+03	4.104427e+02	4.133329e+02	7.968450e+01	4.352643e+01	1.284395e+01
183	5.557243e+00	2.721469e+03	4.113286e+02	4.150770e+02	7.982628e+01	4.340779e+01	9.695021e+00
184	5.587610e+00	2.711710e+03	4.121584e+02	4.167755e+02	7.965718e+01	4.334395e+01	6.881528e+00
185	5.617978e+00	2.702295e+03	4.133270e+02	4.180657e+02	7.960482e+01	4.322187e+01	4.346369e+00
186	5.648345e+00	2.718220e+03	4.144096e+02	4.198822e+02	7.940287e+01	4.358715e+01	1.353609e+00
187	5.678712e+00	2.718106e+03	4.160388e+02	4.213469e+02	7.971075e+01	4.341698e+01	1.781534e+02
188	5.709080e+00	2.700299e+03	4.176484e+02	4.223869e+02	7.971204e+01	4.313184e+01	1.748415e+02
189	5.739447e+00	2.717247e+03	4.193764e+02	4.234788e+02	7.955817e+01	4.348651e+01	1.725059e+02
190	5.769815e+00	2.748926e+03	4.209311e+02	4.245688e+02	7.984890e+01	4.383331e+01	1.704170e+02
191	5.800182e+00	2.708857e+03	4.225537e+02	4.258252e+02	7.942860e+01	4.342295e+01	1.665765e+02
192	5.830550e+00	2.712687e+03	4.244963e+02	4.263534e+02	8.039891e+01	4.295954e+01	1.630708e+02
193	5.860917e+00	2.702869e+03	4.262412e+02	4.272829e+02	7.997041e+01	4.303342e+01	1.604926e+02
194	5.891285e+00	2.708880e+03	4.280436e+02	4.279396e+02	7.990556e+01	4.316412e+01	1.574505e+02
195	5.921652e+00	2.734831e+03	4.299106e+02	4.286017e+02	7.996603e+01	4.354467e+01	1.546510e+02
196	5.952019e+00	2.719022e+03	4.316606e+02	4.286330e+02	8.004417e+01	4.325070e+01	1.517739e+02
197	5.982387e+00	2.716539e+03	4.339548e+02	4.292153e+02	8.047058e+01	4.298223e+01	1.486010e+02
198	6.012754e+00	2.713090e+03	4.357885e+02	4.295269e+02	8.033456e+01	4.300034e+01	1.458111e+02
199	6.043122e+00	2.714385e+03	4.378513e+02	4.297785e+02	7.998576e+01	4.320847e+01	1.427034e+02
200	6.073489e+00	2.723512e+03	4.399089e+02	4.299545e+02	8.050590e+01	4.307365e+01	1.394524e+02
201	6.103857e+00	2.705767e+03	4.417972e+02	4.298249e+02	8.038366e+01	4.285808e+01	1.367446e+02
202	6.134224e+00	2.702713e+03	4.436003e+02	4.296879e+02	8.008251e+01	4.297069e+01	1.341183e+02
203	6.164592e+00	2.698991e+03	4.455977e+02	4.297564e+02	8.003860e+01	4.293505e+01	1.313447e+02
204	6.194959e+00	2.702335e+03	4.475955e+02	4.293579e+02	7.977007e+01	4.313296e+01	1.284931e+02
205	6.225326e+00	2.690893e+03	4.497785e+02	4.292243e+02	7.997588e+01	4.283982e+01	1.257108e+02
206	6.255694e+00	2.704285e+03	4.515952e+02	4.289442e+02	8.005289e+01	4.301160e+01	1.226955e+02
207	6.286061e+00	2.701212e+03	4.533696e+02	4.282457e+02	8.017046e+01	4.289971e+01	1.196440e+02
208	6.316429e+00	2.701402e+03	4.555385e+02	4.277705e+02	8.025346e+01	4.285837e+01	1.172206e+02
209	6.346796e+00	2.699996e+03	4.573034e+02	4.270740e+02	8.024812e+01	4.283890e+01	1.148460e+02
210	6.377164e+00	2.688353e+03	4.593269e+02	4.264427e+02	8.044929e+01	4.254752e+01	1.118713e+02
211	6.407531e+00	2.707775e+03	4.611643e+02	4.256640e+02	8.054274e+01	4.280517e+01	1.090427e+02
212	6.437899e+00	2.691433e+03	4.628003e+02	4.247852e+02	8.029110e+01	4.268019e+01	1.062542e+02
213	6.468266e+00	2.705197e+03	4.645861e+02	4.236357e+02	8.064090e+01	4.271236e+01	1.036883e+02
214	6.498633e+00	2.685028e+03	4.663733e+02	4.225709e+02	8.040765e+01	4.251690e+01	1.011218e+02
215	6.529001e+00	2.695281e+03	4.679340e+02	4.215472e+02	8.096616e+01	4.238485e+01	9.883812e+01
216	6.559368e+00	2.687337e+03	4.697310e+02	4.203560e+02	8.061567e+01	4.244365e+01	9.654400e+01
217	6.589736e+00	2.695091e+03	4.713643e+02	4.191194e+02	8.140200e+01	4.215494e+01	9.381632e+01
218	6.620103e+00	2.690948e+03	4.727594e+02	4.177705e+02	8.090347e+01	4.234950e+01	9.151194e+01
219	6.650471e+00	2.690209e+03	4.744322e+02	4.163121e+02	8.084888e+01	4.236646e+01	8.875094e+01
220	6.680838e+00	2.703448e+03	4.755971e+02	4.148943e+02	8.085592e+01	4.257124e+01	8.677327e+01
221	6.711206e+00	2.686438e+03	4.769449e+02	4.133353e+02	8.051210e+01	4.248404e+01	8.452370e+01
222	6.741573e+00	2.707737e+03	4.784476e+02	4.117576e+02	8.118912e+01	4.246379e+01	8.203973e+01
223	6.771940e+00	2.703392e+03	4.796966e+02	4.102285e+02	8.090562e+01	4.254420e+01	7.947343e+01
224	6.802308e+00	2.696521e+03	4.807552e+02	4.086748e+02	8.046751e+01	4.266711e+01	7.748502e+01
225	6.832675e+00	2.715360e+03	4.817061e+02	4.071011e+02	8.136435e+01	4.249163e+01	7.489014e+01
226	6.863043e+00	2.706064e+03	4.829960e+02	4.052784e+02	8.054531e+01	4.277676e+01	7.228731e+01
227	6.893410e+00	2.700204e+03	4.838014e+02	4.037454e+02	8.012654e+01	4.290721e+01	7.021685e+01
228	6.923778e+00	2.710569e+03	4.846205e+02	4.021437e+02	8.051172e+01	4.286586e+01	6.808382e+01
229	6.954145e+00	2.709661e+03	4.854358e+02	4.002248e+02	8.017789e+01	4.302991e+01	6.507977e+01
230	6.984513e+00	2.694538e+03	4.862004e+02	3.983601e+02	8.023549e+01	4.275904e+01	6.255363e+01
231	7.014880e+00	2.702812e+03	4.868600e+02	3.964793e+02	7.973370e+01	4.316026e+01	5.974215e+01
232	7.045247e+00	2.693298e+03	4.871399e+02	3.947619e+02	7.929528e+01	4.324613e+01	5.749335e+01
233	7.075615e+00	2.710382e+03	4.875220e+02	3.928397e+02	7.979679e+01	4.324693e+01	5.502118e+01
234	7.105982e+00	2.708934e+03	4.877137e+02	3.910113e+02	7.969520e+01	4.327892e+01	5.230936e+01
235	7.136350e+00	2.710974e+03	4.879747e+02	3.889472e+02	7.955078e+01	4.339013e+01	4.939636e+01
236	7.166717e+00	2.720152e+03	4.881676e+02	3.868459e+02	7.960346e+01	4.350823e+01	4.644321e+01
237	7.197085e+00	2.712635e+03	4.880853e+02	3.849021e+02	7.964323e+01	4.336633e+01	4.341163e+01
238	7.227452e+00	2.716229e+03	4.882593e+02	3.830075e+02	7.962655e+01	4.343288e+01	4.123375e+01
239	7.257820e+00	2.723198e+03	4.882523e+02	3.811054e+02	7.966685e+01	4.352228e+01	3.847525e+01
240	7.288187e+00	2.723808e+03	4.879513e+02	3.795036e+02	7.964764e+01	4.354253e+01	3.594550e+01
241	7.318555e+00	2.736226e+03	4.875527e+02	3.776348e+02	7.971120e+01	4.370617e+01	3.289369e+01
242	7.348922e+00	2.717414e+03	4.870230e+02	3.760786e+02	7.939138e+01	4.358054e+01	2.984516e+01
243	7.379289e+00	2.725283e+03	4.867355e+02	3.745025e+02	7.946381e+01	4.366689e+01	2.692513e+01
244	7.409657e+00	2.724684e+03	4.863134e+02	3.727263e+02	7.952514e+01	4.362363e+01	2.391176e+01
245	7.440024e+00	2.733511e+03	4.856017e+02	3.713335e+02	7.939289e+01	4.383786e+01	2.163565e+01
246	7.470392e+00	2.756344e+03	4.848145e+02	3.697841e+02	7.979990e+01	4.397858e+01	1.826035e+01
247	7.500759e+00	2.735018e+03	4.842909e+02	3.682606e+02	7.971146e+01	4.368673e+01	1.542729e+01
248	7.531127e+00	2.729458e+03	4.834564e+02	3.668997e+02	7.980244e+01	4.354822e+01	1.228089e+01
249	7.561494e+00	2.729919e+03	4.827023e+02	3.651472e+02	7.940457e+01	4.377382e+01	9.854222e+00
250	7.591862e+00	2.756495e+03	4.815425e+02	3.636037e+02	8.010600e+01	4.381292e+01	7.258178e+00
251	7.622229e+00	2.738017e+03	4.806149e+02	3.618858e+02	7.945834e+01	4.387395e+01	3.931139e+00
252	7.652596e+00	2.723127e+03	4.796041e+02	3.606002e+02	7.950506e+01	4.360972e+01	1.383265e+00
253	7.682964e+00	2.736788e+03	4.785278e+02	3.592307e+02	7.984182e+01	4.364363e+01	1.785663e+02
254	7.713331e+00	2.724059e+03	4.773570e+02	3.582388e+02	7.945275e+01	4.365335e+01	1.760506e+02
255	7.743699e+00	2.741625e+03	4.761187e+02	3.570180e+02	7.975724e+01	4.376713e+01	1.730743e+02
256	7.774066e+00	2.736655e+03	4.749307e+02	3.561756e+02	7.970085e+01	4.371870e+01	1.704950e+02
257	7.804434e+00	2.728647e+03	4.736122e+02	3.552891e+02	7.947198e+01	4.371630e+01	1.670877e+02
258	7.834801e+00	2.727127e+03	4.721376e+02	3.542184e+02	7.995027e+01	4.343057e+01	1.640699e+02
259	7.865169e+00	2.729487e+03	4.706844e+02	3.533791e+02	7.949317e+01	4.371810e+01	1.611014e+02
260	7.895536e+00	2.723497e+03	4.690772e+02	3.526870e+02	7.963203e+01	4.354609e+01	1.580965e+02
261	7.925903e+00	2.732897e+03	4.671844e+02	3.518478e+02	7.972268e+01	4.364671e+01	1.547345e+02
262	7.956271e+00	2.706303e+03	4.654934e+02	3.512345e+02	7.915598e+01	4.353141e+01	1.522236e+02
263	7.986638e+00	2.710914e+03	4.635884e+02	3.506625e+02	7.928694e+01	4.353355e+01	1.492229e+02
264	8.017006e+00	2.708624e+03	4.616341e+02	3.503326e+02	7.924869e+01	4.351778e+01	1.459844e+02
265	8.047373e+00	2.697656e+03	4.598639e+02	3.501330e+02	7.901104e+01	4.347192e+01	1.432992e+02
266	8.077741e+00	2.703482e+03	4.578728e+02	3.499988e+02	7.913705e+01	4.349645e+01	1.397734e+02
267	8.108108e+00	2.688601e+03	4.560589e+02	3.496851e+02	7.896552e+01	4.335099e+01	1.373555e+02
268	8.138476e+00	2.703052e+03	4.539888e+02	3.496530e+02	7.939681e+01	4.334724e+01	1.340484e+02
269	8.168843e+00	2.674740e+03	4.522267e+02	3.499245e+02	7.890472e+01	4.316073e+01	1.314987e+02
270	8.199210e+00	2.698805e+03	4.500162e+02	3.499653e+02	7.950417e+01	4.322069e+01	1.282151e+02
271	8.229578e+00	2.679775e+03	4.481765e+02	3.501285e+02	7.927187e+01	4.304169e+01	1.254682e+02
272	8.259945e+00	2.671561e+03	4.464391e+02	3.503554e+02	7.936861e+01	4.285746e+01	1.228783e+02
273	8.290313e+00	2.679554e+03	4.447734e+02	3.507315e+02	7.932569e+01	4.300895e+01	1.201716e+02
274	8.320680e+00	2.676398e+03	4.432072e+02	3.512665e+02	7.964847e+01	4.278420e+01	1.175486e+02
275	8.351048e+00	2.680252e+03	4.414772e+02	3.518553e+02	7.989317e+01	4.271458e+01	1.139290e+02
276	8.381415e+00	2.673021e+03	4.399778e+02	3.523966e+02	7.961781e+01	4.274667e+01	1.116408e+02
277	8.411783e+00	2.669470e+03	4.385420e+02	3.531301e+02	7.971768e+01	4.263640e+01	1.088166e+02
278	8.442150e+00	2.659217e+03	4.370981e+02	3.538455e+02	7.997368e+01	4.233668e+01	1.061755e+02
279	8.472517e+00	2.672306e+03	4.356085e+02	3.547984e+02	8.025165e+01	4.239771e+01	1.032454e+02
280	8.502885e+00	2.685534e+03	4.341670e+02	3.557971e+02	8.076627e+01	4.233609e+01	1.007203e+02
281	8.533252e+00	2.665407e+03	4.327728e+02	3.567277e+02	8.040581e+01	4.220717e+01	9.827934e+01
282	8.563620e+00	2.663762e+03	4.312266e+02	3.577118e+02	8.046095e+01	4.215222e+01	9.631123e+01
283	8.593987e+00	2.667447e+03	4.298557e+02	3.587785e+02	8.039572e+01	4.224478e+01	9.353951e+01
284	8.624355e+00	2.662123e+03	4.283762e+02	3.599731e+02	8.033412e+01	4.219278e+01	9.114003e+01
285	8.654722e+00	2.672321e+03	4.269384e+02	3.614806e+02	8.060809e+01	4.221046e+01	8.861772e+01
286	8.685090e+00	2.677503e+03	4.254442e+02	3.630324e+02	8.121282e+01	4.197739e+01	8.570840e+01
287	8.715457e+00	2.662800e+03	4.242065e+02	3.646718e+02	8.064050e+01	4.204318e+01	8.373694e+01
288	8.745824e+00	2.673450e+03	4.229045e+02	3.663056e+02	8.055669e+01	4.225523e+01	8.163811e+01
289	8.776192e+00	2.662917e+03	4.217014e+02	3.680211e+02	8.031861e+01	4.221352e+01	7.898431e+01
290	8.806559e+00	2.670697e+03	4.209302e+02	3.697434e+02	8.038074e+01	4.230413e+01	7.647855e+01
291	8.836927e+00	2.669893e+03	4.197211e+02	3.715528e+02	8.062363e+01	4.216398e+01	7.395215e+01
292	8.867294e+00	2.662683e+03	4.187909e+02	3.733223e+02	8.023192e+01	4.225542e+01	7.159371e+01
293	8.897662e+00	2.664679e+03	4.181075e+02	3.752834e+02	8.031348e+01	4.224416e+01	6.891082e+01
294	8.928029e+00	2.675907e+03	4.171915e+02	3.772445e+02	8.021555e+01	4.247394e+01	6.643568e+01
295	8.958397e+00	2.655693e+03	4.160720e+02	3.788284e+02	7.983781e+01	4.235253e+01	6.404179e+01
296	8.988764e+00	2.661910e+03	4.155120e+02	3.803548e+02	8.010419e+01	4.231052e+01	6.202997e+01
297	9.019131e+00	2.666378e+03	4.149237e+02	3.820870e+02	7.980134e+01	4.254237e+01	5.990941e+01
298	9.049499e+00	2.656797e+03	4.148028e+02	3.837128e+02	7.964313e+01	4.247371e+01	5.773725e+01
299	9.079866e+00	2.677777e+03	4.143138e+02	3.855837e+02	7.984055e+01	4.270326e+01	5.443290e+01
300	9.110234e+00	2.669904e+03	4.139382e+02	3.873333e+02	7.949692e+01	4.276175e+01	5.232032e+01
301	9.140601e+00	2.688651e+03	4.135675e+02	3.893112e+02	7.993466e+01	4.282619e+01	5.002858e+01
302	9.170969e+00	2.676489e+03	4.136050e+02	3.912298e+02	7.961435e+01	4.280399e+01	4.696335e+01
303	9.201336e+00	2.693887e+03	4.138406e+02	3.932721e+02	7.985664e+01	4.295151e+01	4.402603e+01
304	9.231704e+00	2.691131e+03	4.139391e+02	3.951966e+02	7.958958e+01	4.305155e+01	4.187951e+01
305	9.262071e+00	2.686558e+03	4.138865e+02	3.970105e+02	7.946662e+01	4.304488e+01	3.910448e+01
306	9.292439e+00	2.701611e+03	4.138620e+02	3.991608e+02	7.985368e+01	4.307627e+01	3.733562e+01
307	9.322806e+00	2.700086e+03	4.142692e+02	4.010698e+02	7.953347e+01	4.322528e+01	3.414615e+01
308	9.353173e+00	2.713930e+03	4.145143e+02	4.033394e+02	7.988096e+01	4.325790e+01	3.097411e+01
309	9.383541e+00	2.707206e+03	4.149248e+02	4.054286e+02	7.944540e+01	4.338730e+01	2.853033e+01
310	9.413908e+00	2.699409e+03	4.154085e+02	4.075319e+02	7.924821e+01	4.336999e+01	2.500181e+01
311	9.444276e+00	2.692184e+03	4.161309e+02	4.095560e+02	7.932599e+01	4.321150e+01	2.213564e+01
312	9.474643e+00	2.708231e+03	4.170597e+02	4.112155e+02	7.970339e+01	4.326324e+01	1.969917e+01
313	9.505011e+00	2.702897e+03	4.177346e+02	4.133399e+02	7.944331e+01	4.331938e+01	1.687897e+01
314	9.535378e+00	2.712820e+03	4.189732e+02	4.149971e+02	7.919908e+01	4.361250e+01	1.468117e+01
315	9.565746e+00	2.701857e+03	4.201154e+02	4.166369e+02	7.894936e+01	4.357364e+01	1.134629e+01
316	9.596113e+00	2.706821e+03	4.211765e+02	4.185697e+02	8.005679e+01	4.304984e+01	8.106148e+00
317	9.626480e+00	2.706861e+03	4.222016e+02	4.199154e+02	7.987025e+01	4.315102e+01	5.166090e+00
318	9.656848e+00	2.712606e+03	4.232756e+02	4.218069e+02	7.992326e+01	4.321391e+01	3.571427e+00
319	9.687215e+00	2.681376e+03	4.246992e+02	4.231296e+02	7.923253e+01	4.308879e+01	1.128276e-02
320	9.717583e+00	2.709731e+03	4.260625e+02	4.244107e+02	7.936259e+01	4.347308e+01	1.775099e+02
321	9.747950e+00	2.705370e+03	4.273699e+02	4.257574e+02	7.990335e+01	4.310938e+01	1.751088e+02
322	9.778318e+00	2.738472e+03	4.282855e+02	4.274557e+02	7.873605e+01	4.428380e+01	1.735424e+02
323	9.808685e+00	2.705340e+03	4.302580e+02	4.278687e+02	7.989139e+01	4.311535e+01	1.689178e+02
324	9.839053e+00	2.695831e+03	4.320025e+02	4.290177e+02	7.951459e+01	4.316742e+01	1.661023e+02
325	9.869420e+00	2.701457e+03	4.338389e+02	4.301905e+02	7.996891e+01	4.301174e+01	1.630312e+02
326	9.899787e+00	2.706381e+03	4.354668e+02	4.313742e+02	7.934895e+01	4.342680e+01	1.606530e+02
327	9.930155e+00	2.697067e+03	4.375386e+02	4.320625e+02	7.987804e+01	4.299069e+01	1.577856e+02
328	9.960522e+00	2.690508e+03	4.393945e+02	4.326225e+02	7.972400e+01	4.296901e+01	1.547616e+02
329	9.990890e+00	2.698110e+03	4.413547e+02	4.329690e+02	8.022132e+01	4.282328e+01	1.523145e+02
330	1.002126e+01	2.731501e+03	4.433641e+02	4.335784e+02	8.026067e+01	4.333200e+01	1.489141e+02
331	1.005162e+01	2.742419e+03	4.454489e+02	4.338618e+02	8.021020e+01	4.353257e+01	1.471669e+02
332	1.008199e+01	2.697038e+03	4.473136e+02	4.346369e+02	8.035285e+01	4.273620e+01	1.441290e+02
333	1.011236e+01	2.704958e+03	4.493090e+02	4.348190e+02	8.048537e+01	4.279113e+01	1.411159e+02
334	1.014273e+01	2.707713e+03	4.512455e+02	4.349695e+02	8.001363e+01	4.308725e+01	1.389570e+02
335	1.017309e+01	2.720797e+03	4.531653e+02	4.350539e+02	8.043976e+01	4.306610e+01	1.360225e+02
336	1.020346e+01	2.707921e+03	4.554235e+02	4.353399e+02	8.032014e+01	4.292612e+01	1.335450e+02
337	1.023383e+01	2.699131e+03	4.574311e+02	4.352735e+02	8.007391e+01	4.291835e+01	1.307227e+02
338	1.026420e+01	2.705148e+03	4.592427e+02	4.349606e+02	8.030804e+01	4.288863e+01	1.280624e+02
339	1.029456e+01	2.693648e+03	4.612301e+02	4.347699e+02	7.986095e+01	4.294539e+01	1.250801e+02
340	1.032493e+01	2.699072e+03	4.634482e+02	4.346079e+02	8.025118e+01	4.282261e+01	1.221613e+02
341	1.035530e+01	2.691348e+03	4.653341e+02	4.342109e+02	8.010291e+01	4.277910e+01	1.194375e+02
342	1.038567e+01	2.699229e+03	4.674631e+02	4.339235e+02	8.106280e+01	4.239632e+01	1.167743e+02
343	1.041603e+01	2.689759e+03	4.693469e+02	4.332732e+02	8.014061e+01	4.273374e+01	1.147068e+02
344	1.044640e+01	2.695990e+03	4.711977e+02	4.326255e+02	8.048905e+01	4.264730e+01	1.121018e+02
345	1.047677e+01	2.693989e+03	4.732388e+02	4.318644e+02	8.064771e+01	4.253181e+01	1.093219e+02
346	1.050714e+01	2.696035e+03	4.750137e+02	4.312005e+02	8.068710e+01	4.254333e+01	1.069865e+02
347	1.053750e+01	2.726676e+03	4.767955e+02	4.304745e+02	8.143559e+01	4.263138e+01	1.033356e+02
348	1.056787e+01	2.697016e+03	4.787660e+02	4.294333e+02	8.090837e+01	4.244243e+01	1.018335e+02
349	1.059824e+01	2.704965e+03	4.806372e+02	4.283428e+02	8.125558e+01	4.238562e+01	9.926059e+01
350	1.062861e+01	2.695391e+03	4.821973e+02	4.272451e+02	8.068806e+01	4.253266e+01	9.694195e+01
351	1.065897e+01	2.686254e+03	4.836117e+02	4.259877e+02	8.065645e+01	4.240510e+01	9.468389e+01
352	1.068934e+01	2.696930e+03	4.853095e+02	4.247765e+02	8.092049e+01	4.243471e+01	9.188989e+01
353	1.071971e+01	2.713674e+03	4.866542e+02	4.234017e+02	8.130788e+01	4.249474e+01	8.916118e+01
354	1.075008e+01	2.680382e+03	4.880919e+02	4.220051e+02	8.052749e+01	4.238017e+01	8.706652e+01
355	1.078044e+01	2.698910e+03	4.898049e+02	4.205005e+02	8.087702e+01	4.248869e+01	8.417852e+01
356	1.081081e+01	2.710264e+03	4.909553e+02	4.189799e+02	8.107068e+01	4.256551e+01	8.196275e+01
357	1.084118e+01	2.716704e+03	4.921423e+02	4.172601e+02	8.121117e+01	4.259285e+01	7.928883e+01
358	1.087155e+01	2.715729e+03	4.933542e+02	4.156524e+02	8.081552e+01	4.278601e+01	7.725716e+01
359	1.090191e+01	2.716605e+03	4.942136e+02	4.142320e+02	8.109853e+01	4.265046e+01	7.491154e+01
360	1.093228e+01	2.709919e+03	4.953188e+02	4.126256e+02	8.063254e+01	4.279136e+01	7.262076e+01
361	1.096265e+01	2.723836e+03	4.960810e+02	4.110732e+02	8.097903e+01	4.282709e+01	7.016814e+01
362	1.099302e+01	2.718783e+03	4.969281e+02	4.095829e+02	8.082109e+01	4.283117e+01	6.824058e+01
363	1.102338e+01	2.711366e+03	4.974548e+02	4.080246e+02	8.043372e+01	4.292004e+01	6.568539e+01
364	1.105375e+01	2.712978e+03	4.982106e+02	4.063245e+02	8.004046e+01	4.315657e+01	6.320889e+01
365	1.108412e+01	2.706730e+03	4.986446e+02	4.046717e+02	7.981873e+01	4.317678e+01	6.033351e+01
366	1.111449e+01	2.704010e+03	4.993348e+02	4.028900e+02	7.974619e+01	4.317263e+01	5.760770e+01
367	1.114485e+01	2.730230e+03	4.996863e+02	4.011464e+02	7.980680e+01	4.355816e+01	5.548326e+01
368	1.117522e+01	2.716396e+03	5.001151e+02	3.991832e+02	7.985236e+01	4.331272e+01	5.279589e+01
369	1.120559e+01	2.712238e+03	5.004687e+02	3.974332e+02	7.963882e+01	4.336237e+01	5.034667e+01
370	1.123596e+01	2.729703e+03	5.007872e+02	3.955357e+02	7.952972e+01	4.370146e+01	4.759222e+01
371	1.126632e+01	2.721222e+03	5.008251e+02	3.937019e+02	7.976239e+01	4.343860e+01	4.472845e+01
372	1.129669e+01	2.735666e+03	5.009718e+02	3.915481e+02	7.979417e+01	4.365179e+01	4.196130e+01
373	1.132706e+01	2.729635e+03	5.009821e+02	3.898618e+02	7.931156e+01	4.382059e+01	3.966206e+01
374	1.135742e+01	2.721691e+03	5.009688e+02	3.878659e+02	7.963264e+01	4.351689e+01	3.669791e+01
375	1.138779e+01	2.742898e+03	5.009704e+02	3.857730e+02	8.033255e+01	4.347387e+01	3.418458e+01
376	1.141816e+01	2.724895e+03	5.007202e+02	3.842979e+02	7.973288e+01	4.351334e+01	3.216965e+01
377	1.144853e+01	2.750569e+03	5.004680e+02	3.822866e+02	8.011668e+01	4.371291e+01	2.893082e+01
378	1.147889e+01	2.714962e+03	4.999906e+02	3.808733e+02	7.912535e+01	4.368761e+01	2.660966e+01
379	1.150926e+01	2.761649e+03	4.994920e+02	3.788258e+02	8.007621e+01	4.391117e+01	2.299953e+01
380	1.153963e+01	2.753284e+03	4.988713e+02	3.775145e+02	8.000234e+01	4.381859e+01	2.096158e+01
381	1.157000e+01	2.748301e+03	4.981329e+02	3.761299e+02	8.035273e+01	4.354855e+01	1.780772e+01
382	1.160036e+01	2.767997e+03	4.974081e+02	3.747839e+02	8.019196e+01	4.394859e+01	1.505503e+01
383	1.163073e+01	2.753926e+03	4.965531e+02	3.736260e+02	8.033488e+01	4.364738e+01	1.152902e+01
384	1.166110e+01	2.743477e+03	4.956941e+02	3.722303e+02	7.953425e+01	4.391948e+01	9.066209e+00
385	1.169147e+01	2.756958e+03	4.947362e+02	3.707548e+02	7.996392e+01	4.389815e+01	6.127642e+00
386	1.172183e+01	2.745275e+03	4.936745e+02	3.694565e+02	7.986183e+01	4.376800e+01	2.292474e+00
387	1.175220e+01	2.763698e+03	4.923892e+02	3.682345e+02	7.972812e+01	4.413562e+01	1.787903e+02
388	1.178257e+01	2.751047e+03	4.913700e+02	3.673246e+02	7.976001e+01	4.391601e+01	1.757313e+02
389	1.181294e+01	2.765725e+03	4.901169e+02	3.664578e+02	7.961302e+01	4.423185e+01	1.724269e+02
390	1.184330e+01	2.750902e+03	4.888074e+02	3.653443e+02	7.983247e+01	4.387383e+01	1.696566e+02
391	1.187367e+01	2.755765e+03	4.876817e+02	3.645652e+02	7.988531e+01	4.392233e+01	1.662630e+02
392	1.190404e+01	2.738138e+03	4.862223e+02	3.637248e+02	7.943098e+01	4.389101e+01	1.634093e+02
393	1.193441e+01	2.749779e+03	4.847319e+02	3.628770e+02	7.999599e+01	4.376629e+01	1.607615e+02
394	1.196477e+01	2.766903e+03	4.829009e+02	3.619945e+02	7.954112e+01	4.429069e+01	1.583649e+02
395	1.199514e+01	2.734937e+03	4.814702e+02	3.612115e+02	7.958675e+01	4.375389e+01	1.554150e+02
396	1.202551e+01	2.749369e+03	4.796560e+02	3.603573e+02	7.954321e+01	4.400885e+01	1.522072e+02
397	1.205588e+01	2.732992e+03	4.778159e+02	3.596229e+02	7.948280e+01	4.377996e+01	1.496724e+02
398	1.208624e+01	2.734149e+03	4.759388e+02	3.590641e+02	7.996253e+01	4.353572e+01	1.463978e+02
399	1.211661e+01	2.723782e+03	4.740526e+02	3.587615e+02	7.936565e+01	4.369683e+01	1.439679e+02
400	1.214698e+01	2.713996e+03	4.721641e+02	3.585808e+02	7.935704e+01	4.354456e+01	1.410766e+02
401	1.217735e+01	2.686397e+03	4.705009e+02	3.585406e+02	7.872194e+01	4.344947e+01	1.379496e+02
402	1.220771e+01	2.707781e+03	4.685628e+02	3.584198e+02	7.944905e+01	4.339452e+01	1.345689e+02
403	1.223808e+01	2.697725e+03	4.666224e+02	3.583800e+02	7.909466e+01	4.342708e+01	1.318714e+02
404	1.226845e+01	2.698187e+03	4.645630e+02	3.586039e+02	7.935533e+01	4.329184e+01	1.284991e+02
405	1.229882e+01	2.692875e+03	4.627552e+02	3.589595e+02	7.935388e+01	4.320741e+01	1.255794e+02
406	1.232918e+01	2.697761e+03	4.607672e+02	3.593917e+02	7.958050e+01	4.316254e+01	1.221671e+02
407	1.235955e+01	2.691416e+03	4.589264e+02	3.599790e+02	7.963050e+01	4.303397e+01	1.191618e+02
408	1.238992e+01	2.688705e+03	4.570719e+02	3.606720e+02	7.981540e+01	4.289103e+01	1.164852e+02
409	1.242029e+01	2.690517e+03	4.550789e+02	3.614038e+02	7.959017e+01	4.304140e+01	1.130925e+02
410	1.245065e+01	2.685034e+03	4.532376e+02	3.623503e+02	7.985182e+01	4.281294e+01	1.102761e+02
411	1.248102e+01	2.690579e+03	4.514408e+02	3.630051e+02	8.039683e+01	4.261053e+01	1.079397e+02
412	1.251139e+01	2.681489e+03	4.496928e+02	3.641041e+02	7.996027e+01	4.269843e+01	1.050768e+02
413	1.254176e+01	2.671314e+03	4.480154e+02	3.650672e+02	8.018107e+01	4.241928e+01	1.018782e+02
414	1.257212e+01	2.677998e+03	4.463095e+02	3.661190e+02	8.018480e+01	4.252343e+01	9.945238e+01
415	1.260249e+01	2.678146e+03	4.445817e+02	3.673608e+02	8.035997e+01	4.243308e+01	9.706158e+01
416	1.263286e+01	2.687352e+03	4.432444e+02	3.686943e+02	8.040137e+01	4.255703e+01	9.418059e+01
417	1.266323e+01	2.678084e+03	4.415939e+02	3.701142e+02	8.057582e+01	4.231844e+01	9.151568e+01
418	1.269359e+01	2.689959e+03	4.403539e+02	3.716482e+02	8.058006e+01	4.250384e+01	8.874581e+01
419	1.272396e+01	2.664443e+03	4.388331e+02	3.730821e+02	8.048052e+01	4.215274e+01	8.622606e+01
420	1.275433e+01	2.680135e+03	4.374562e+02	3.746352e+02	8.045537e+01	4.241425e+01	8.378955e+01
421	1.278469e+01	2.675742e+03	4.363535e+02	3.763374e+02	8.050020e+01	4.232114e+01	8.119074e+01
422	1.281506e+01	2.677651e+03	4.353115e+02	3.780963e+02	8.051653e+01	4.234274e+01	7.854996e+01
423	1.284543e+01	2.682453e+03	4.340330e+02	3.798809e+02	8.031216e+01	4.252663e+01	7.557494e+01
424	1.287580e+01	2.673426e+03	4.331302e+02	3.815836e+02	8.038575e+01	4.234471e+01	7.328662e+01
425	1.290616e+01	2.677011e+03	4.322515e+02	3.836307e+02	8.026168e+01	4.246704e+01	7.100196e+01
426	1.293653e+01	2.679945e+03	4.314236e+02	3.854542e+02	8.014674e+01	4.257457e+01	6.826950e+01
427	1.296690e+01	2.675577e+03	4.309316e+02	3.874597e+02	7.988107e+01	4.264653e+01	6.542660e+01
428	1.299727e+01	2.697932e+03	4.302859e+02	3.895133e+02	8.033833e+01	4.275809e+01	6.307755e+01
429	1.302763e+01	2.682335e+03	4.296871e+02	3.915426e+02	7.983236e+01	4.278034e+01	6.045318e+01
430	1.305800e+01	2.678990e+03	4.291020e+02	3.937133e+02	7.990468e+01	4.268831e+01	5.769684e+01
431	1.308837e+01	2.673614e+03	4.286659e+02	3.956940e+02	7.925610e+01	4.295128e+01	5.523662e+01
432	1.311874e+01	2.697853e+03	4.283419e+02	3.978561e+02	8.027377e+01	4.279122e+01	5.274529e+01
433	1.314910e+01	2.705450e+03	4.281599e+02	3.999964e+02	7.996648e+01	4.307662e+01	4.984473e+01
434	1.317947e+01	2.691415e+03	4.280549e+02	4.020632e+02	7.945495e+01	4.312904e+01	4.768795e+01
435	1.320984e+01	2.699987e+03	4.281519e+02	4.040498e+02	7.929166e+01	4.335551e+01	4.462079e+01
436	1.324021e+01	2.718155e+03	4.283306e+02	4.062720e+02	7.972508e+01	4.340995e+01	4.155943e+01
437	1.327057e+01	2.706338e+03	4.289111e+02	4.082899e+02	7.973292e+01	4.321698e+01	3.787138e+01
438	1.330094e+01	2.695624e+03	4.293060e+02	4.103358e+02	7.936917e+01	4.324318e+01	3.479930e+01
439	1.333131e+01	2.718076e+03	4.297116e+02	4.125126e+02	7.967332e+01	4.343690e+01	3.162830e+01
440	1.336168e+01	2.707485e+03	4.303331e+02	4.145316e+02	7.958265e+01	4.331693e+01	2.910815e+01
441	1.339204e+01	2.698008e+03	4.309509e+02	4.165114e+02	7.940401e+01	4.326243e+01	2.599146e+01
442	1.342241e+01	2.700254e+03	4.317002e+02	4.184394e+02	7.917661e+01	4.342280e+01	2.342071e+01
443	1.345278e+01	2.704241e+03	4.328296e+02	4.202118e+02	7.945478e+01	4.333467e+01	2.102272e+01
444	1.348315e+01	2.696388e+03	4.334283e+02	4.225357e+02	7.949328e+01	4.318790e+01	1.713283e+01
445	1.351351e+01	2.705241e+03	4.346523e+02	4.240169e+02	7.941828e+01	4.337062e+01	1.500312e+01
446	1.354388e+01	2.698007e+03	4.356562e+02	4.259002e+02	7.941152e+01	4.325832e+01	1.174651e+01
447	1.357425e+01	2.704667e+03	4.366909e+02	4.277375e+02	7.974207e+01	4.318535e+01	9.566529e+00
448	1.360462e+01	2.694872e+03	4.379856e+02	4.295509e+02	7.927842e+01	4.328059e+01	6.224520e+00
449	1.363498e+01	2.678052e+03	4.392928e+02	4.310017e+02	7.923782e+01	4.303250e+01	3.543793e+00
450	1.366535e+01	2.682866e+03	4.407762e+02	4.325090e+02	7.898413e+01	4.324832e+01	3.191016e-01
451	1.369572e+01	2.663859e+03	4.421588e+02	4.341697e+02	7.900243e+01	4.293197e+01	1.776791e+02
452	1.372609e+01	2.698795e+03	4.437981e+02	4.354313e+02	7.900187e+01	4.349533e+01	1.750052e+02
453	1.375645e+01	2.695308e+03	4.452604e+02	4.369135e+02	7.968713e+01	4.306558e+01	1.719497e+02
454	1.378682e+01	2.706204e+03	4.469845e+02	4.379917e+02	7.995446e+01	4.309511e+01	1.696093e+02
455	1.381719e+01	2.694848e+03	4.486139e+02	4.390915e+02	7.959093e+01	4.311027e+01	1.665536e+02
456	1.384756e+01	2.725034e+03	4.501094e+02	4.403077e+02	7.905171e+01	4.389053e+01	1.638415e+02
457	1.387792e+01	2.694404e+03	4.523054e+02	4.411270e+02	7.994625e+01	4.291160e+01	1.606548e+02
458	1.390829e+01	2.683830e+03	4.542427e+02	4.423367e+02	7.934050e+01	4.306953e+01	1.580125e+02
459	1.393866e+01	2.723680e+03	4.559332e+02	4.429017e+02	7.944975e+01	4.364894e+01	1.549918e+02
460	1.396903e+01	2.715867e+03	4.577585e+02	4.436915e+02	8.023061e+01	4.310012e+01	1.532808e+02
461	1.399939e+01	2.709000e+03	4.596342e+02	4.447280e+02	8.033529e+01	4.293512e+01	1.496147e+02
462	1.402976e+01	2.692756e+03	4.615668e+02	4.449722e+02	7.939452e+01	4.318338e+01	1.471617e+02
463	1.406013e+01	2.716860e+03	4.636328e+02	4.453938e+02	8.026449e+01	4.309769e+01	1.438891e+02
464	1.409049e+01	2.708601e+03	4.656384e+02	4.456586e+02	7.997950e+01	4.311977e+01	1.413637e+02
465	1.412086e+01	2.707262e+03	4.676776e+02	4.460136e+02	8.002782e+01	4.307244e+01	1.383139e+02
466	1.415123e+01	2.721738e+03	4.696106e+02	4.460682e+02	8.041270e+01	4.309548e+01	1.357615e+02
467	1.418160e+01	2.726798e+03	4.715765e+02	4.459264e+02	8.017028e+01	4.330616e+01	1.331126e+02
468	1.421196e+01	2.698515e+03	4.737040e+02	4.460567e+02	8.013822e+01	4.287413e+01	1.303380e+02
469	1.424233e+01	2.708721e+03	4.756250e+02	4.458661e+02	8.045469e+01	4.286700e+01	1.277255e+02
470	1.427270e+01	2.720027e+03	4.775871e+02	4.457851e+02	8.072301e+01	4.290284e+01	1.250231e+02
471	1.430307e+01	2.709668e+03	4.794751e+02	4.458303e+02	8.018367e+01	4.302693e+01	1.226282e+02
472	1.433343e+01	2.704318e+03	4.815022e+02	4.456212e+02	8.053232e+01	4.275605e+01	1.203609e+02
473	1.436380e+01	2.716394e+03	4.833329e+02	4.450677e+02	8.101651e+01	4.269032e+01	1.172112e+02
474	1.439417e+01	2.705962e+03	4.851015e+02	4.444438e+02	8.103848e+01	4.251483e+01	1.148896e+02
475	1.442454e+01	2.706928e+03	4.872527e+02	4.438376e+02	8.058435e+01	4.276969e+01	1.119985e+02
476	1.445490e+01	2.734044e+03	4.887228e+02	4.431520e+02	8.153305e+01	4.269548e+01	1.090429e+02
477	1.448527e+01	2.699020e+03	4.906937e+02	4.424922e+02	8.095464e+01	4.244968e+01	1.072537e+02
478	1.451564e+01	2.715157e+03	4.923937e+02	4.416511e+02	8.107466e+01	4.264027e+01	1.046723e+02
479	1.454601e+01	2.710801e+03	4.941473e+02	4.406858e+02	8.138214e+01	4.241101e+01	1.019764e+02
480	1.457637e+01	2.711132e+03	4.957765e+02	4.397615e+02	8.131583e+01	4.245079e+01	9.960156e+01
481	1.460674e+01	2.704300e+03	4.974333e+02	4.388940e+02	8.134592e+01	4.232814e+01	9.701797e+01
482	1.463711e+01	2.699193e+03	4.991493e+02	4.377591e+02	8.124086e+01	4.230285e+01	9.448294e+01
483	1.466748e+01	2.717918e+03	5.005827e+02	4.366404e+02	8.116180e+01	4.263780e+01	9.237221e+01
484	1.469784e+01	2.706848e+03	5.021842e+02	4.351959e+02	8.131841e+01	4.238236e+01	8.997084e+01
485	1.472821e+01	2.723843e+03	5.037284e+02	4.338110e+02	8.138665e+01	4.261269e+01	8.724130e+01
486	1.475858e+01	2.718213e+03	5.049739e+02	4.325100e+02	8.134280e+01	4.254754e+01	8.456664e+01
487	1.478895e+01	2.724763e+03	5.063862e+02	4.310043e+02	8.108717e+01	4.278453e+01	8.199884e+01
488	1.481931e+01	2.726740e+03	5.076300e+02	4.292860e+02	8.116728e+01	4.277331e+01	7.952528e+01
489	1.484968e+01	2.727635e+03	5.087018e+02	4.277236e+02	8.138724e+01	4.267170e+01	7.718893e+01
490	1.488005e+01	2.734203e+03	5.099035e+02	4.259890e+02	8.138955e+01	4.277324e+01	7.484486e+01
491	1.491042e+01	2.727966e+03	5.112540e+02	4.242292e+02	8.128423e+01	4.273097e+01	7.223531e+01
492	1.494078e+01	2.742066e+03	5.122145e+02	4.225831e+02	8.124575e+01	4.297218e+01	7.004462e+01
493	1.497115e+01	2.714514e+03	5.130296e+02	4.210098e+02	8.047742e+01	4.294654e+01	6.802243e+01
494	1.500152e+01	2.742250e+03	5.137972e+02	4.191161e+02	8.095361e+01	4.313015e+01	6.541816e+01
495	1.503189e+01	2.746542e+03	5.145909e+02	4.173815e+02	8.077053e+01	4.329556e+01	6.280101e+01
496	1.506225e+01	2.749596e+03	5.147764e+02	4.158721e+02	8.102492e+01	4.320762e+01	6.053825e+01
497	1.509262e+01	2.745224e+03	5.154595e+02	4.142000e+02	8.075873e+01	4.328111e+01	5.754259e+01
498	1.512299e+01	2.732064e+03	5.161453e+02	4.123445e+02	8.026677e+01	4.333763e+01	5.492093e+01
499	1.515336e+01	2.743310e+03	5.164875e+02	4.103472e+02	8.060054e+01	4.333582e+01	5.298653e+01
500	1.518372e+01	2.745743e+03	5.170530e+02	4.083196e+02	8.040136e+01	4.348171e+01	5.035313e+01
501	1.521409e+01	2.732907e+03	5.173855e+02	4.064042e+02	7.988935e+01	4.355581e+01	4.765751e+01
502	1.524446e+01	2.756431e+03	5.175853e+02	4.042579e+02	8.017941e+01	4.377179e+01	4.525864e+01
503	1.527483e+01	2.747291e+03	5.176518e+02	4.024076e+02	8.033460e+01	4.354238e+01	4.298264e+01
504	1.530519e+01	2.729398e+03	5.175920e+02	4.006615e+02	7.966520e+01	4.362228e+01	4.065778e+01
505	1.533556e+01	2.748646e+03	5.175657e+02	3.984202e+02	7.974502e+01	4.388593e+01	3.709430e+01
506	1.536593e+01	2.765848e+03	5.172128e+02	3.964573e+02	7.982335e+01	4.411725e+01	3.491037e+01
507	1.539630e+01	2.766687e+03	5.175292e+02	3.944458e+02	8.016977e+01	4.393995e+01	3.268091e+01
508	1.542666e+01	2.830042e+03	5.166340e+02	3.925833e+02	7.997489e+01	4.505566e+01	3.177485e+01
509	1.545703e+01	2.749325e+03	5.172194e+02	3.901813e+02	7.989476e+01	4.381450e+01	2.734029e+01
510	1.548740e+01	2.770348e+03	5.168712e+02	3.882923e+02	8.005029e+01	4.406376e+01	2.521616e+01
511	1.551776e+01	2.769955e+03	5.164010e+02	3.863963e+02	8.014390e+01	4.400605e+01	2.253251e+01
512	1.554813e+01	2.779069e+03	5.156567e+02	3.845283e+02	8.027348e+01	4.407957e+01	2.023079e+01
513	1.557850e+01	2.806428e+03	5.146152e+02	3.825891e+02	7.948309e+01	4.495617e+01	1.754544e+01
514	1.560887e+01	2.783229e+03	5.140495e+02	3.808589e+02	8.075385e+01	4.388295e+01	1.508382e+01
515	1.563923e+01	2.781015e+03	5.130698e+02	3.792490e+02	7.998317e+01	4.427054e+01	1.261080e+01
516	1.566960e+01	2.771821e+03	5.124719e+02	3.777282e+02	8.017799e+01	4.401698e+01	9.657101e+00
517	1.569997e+01	2.784096e+03	5.114451e+02	3.762460e+02	8.016003e+01	4.422180e+01	6.586531e+00
518	1.573034e+01	2.775680e+03	5.103904e+02	3.747936e+02	8.015411e+01	4.409139e+01	3.973528e+00
519	1.576070e+01	2.801647e+03	5.090067e+02	3.733127e+02	8.025900e+01	4.444570e+01	2.712875e-01
520	1.579107e+01	2.764138e+03	5.080099e+02	3.723393e+02	7.989990e+01	4.404774e+01	1.778036e+02
521	1.582144e+01	2.772515e+03	5.068460e+02	3.714126e+02	8.006787e+01	4.408855e+01	1.745156e+02
522	1.585181e+01	2.770549e+03	5.057011e+02	3.704992e+02	8.018108e+01	4.399508e+01	1.708677e+02
523	1.588217e+01	2.775215e+03	5.041004e+02	3.695263e+02	7.994852e+01	4.419736e+01	1.673714e+02
524	1.591254e+01	2.744491e+03	5.027599e+02	3.686443e+02	7.979061e+01	4.379456e+01	1.645824e+02
525	1.594291e+01	2.767786e+03	5.013217e+02	3.678863e+02	8.009627e+01	4.399773e+01	1.615563e+02
526	1.597328e+01	2.773172e+03	4.996930e+02	3.671367e+02	8.010493e+01	4.407859e+01	1.582004e+02
527	1.600364e+01	2.798257e+03	4.981924e+02	3.669846e+02	7.997707e+01	4.454842e+01	1.566075e+02
528	1.603401e+01	2.750818e+03	4.966703e+02	3.660079e+02	8.009856e+01	4.372676e+01	1.526434e+02
529	1.606438e+01	2.747031e+03	4.951884e+02	3.655698e+02	7.980849e+01	4.382527e+01	1.495993e+02
530	1.609475e+01	2.755187e+03	4.935382e+02	3.649406e+02	7.985091e+01	4.393203e+01	1.466693e+02
531	1.612511e+01	2.764996e+03	4.919160e+02	3.644999e+02	7.943784e+01	4.431770e+01	1.431117e+02
532	1.615548e+01	2.745599e+03	4.904828e+02	3.640362e+02	7.976904e+01	4.382409e+01	1.410250e+02
533	1.618585e+01	2.752639e+03	4.886967e+02	3.637489e+02	7.990310e+01	4.386273e+01	1.379725e+02
534	1.621622e+01	2.729483e+03	4.871022e+02	3.637119e+02	7.964699e+01	4.363361e+01	1.352460e+02
535	1.624658e+01	2.730622e+03	4.852916e+02	3.636956e+02	7.962659e+01	4.366300e+01	1.325494e+02
536	1.627695e+01	2.722289e+03	4.836476e+02	3.636898e+02	7.955641e+01	4.356815e+01	1.294239e+02
537	1.630732e+01	2.714985e+03	4.820336e+02	3.638039e+02	7.969159e+01	4.337756e+01	1.264538e+02
538	1.633769e+01	2.696967e+03	4.804250e+02	3.639105e+02	7.919346e+01	4.336072e+01	1.240269e+02
539	1.636805e+01	2.696737e+03	4.788093e+02	3.642483e+02	7.955729e+01	4.315874e+01	1.214839e+02
540	1.639842e+01	2.708420e+03	4.773445e+02	3.646869e+02	7.977608e+01	4.322684e+01	1.179364e+02
541	1.642879e+01	2.713280e+03	4.756130e+02	3.651290e+02	8.027838e+01	4.303345e+01	1.151148e+02
542	1.645916e+01	2.694898e+03	4.743288e+02	3.660049e+02	7.985286e+01	4.296966e+01	1.118344e+02
543	1.648952e+01	2.700931e+03	4.730416e+02	3.668695e+02	8.013969e+01	4.291172e+01	1.082881e+02
544	1.651989e+01	2.689092e+03	4.714294e+02	3.676896e+02	8.021795e+01	4.268194e+01	1.058627e+02
545	1.655026e+01	2.697947e+03	4.697978e+02	3.685091e+02	8.041814e+01	4.271589e+01	1.026448e+02
546	1.658063e+01	2.673370e+03	4.683022e+02	3.696082e+02	8.015690e+01	4.246472e+01	9.965227e+01
547	1.661099e+01	2.667360e+03	4.668778e+02	3.706092e+02	8.000945e+01	4.244734e+01	9.691582e+01
548	1.664136e+01	2.693279e+03	4.654651e+02	3.717325e+02	8.043445e+01	4.263335e+01	9.402810e+01
549	1.667173e+01	2.693915e+03	4.638824e+02	3.729543e+02	8.095824e+01	4.236750e+01	9.141025e+01
550	1.670210e+01	2.697319e+03	4.626627e+02	3.741736e+02	8.086353e+01	4.247073e+01	8.864757e+01
551	1.673246e+01	2.697216e+03	4.615034e+02	3.755042e+02	8.048684e+01	4.266787e+01	8.593201e+01
552	1.676283e+01	2.684737e+03	4.603182e+02	3.770891e+02	8.023573e+01	4.260338e+01	8.342533e+01
553	1.679320e+01	2.697559e+03	4.590832e+02	3.786629e+02	8.067318e+01	4.257472e+01	8.084266e+01
554	1.682357e+01	2.687468e+03	4.583110e+02	3.802891e+02	8.013498e+01	4.270034e+01	7.784704e+01
555	1.685393e+01	2.688372e+03	4.572561e+02	3.818331e+02	8.065988e+01	4.243674e+01	7.508374e+01
556	1.688430e+01	2.685978e+03	4.565039e+02	3.834124e+02	8.026270e+01	4.260875e+01	7.279720e+01
557	1.691467e+01	2.689575e+03	4.558083e+02	3.849641e+02	8.023006e+01	4.268317e+01	7.043101e+01
558	1.694503e+01	2.689813e+03	4.547911e+02	3.867911e+02	8.007587e+01	4.276915e+01	6.746486e+01
559	1.697540e+01	2.692771e+03	4.542210e+02	3.884825e+02	7.998721e+01	4.286364e+01	6.478130e+01
560	1.700577e+01	2.690109e+03	4.536022e+02	3.902853e+02	7.952644e+01	4.306937e+01	6.218539e+01
561	1.703614e+01	2.698497e+03	4.531642e+02	3.918760e+02	8.007818e+01	4.290598e+01	5.967510e+01
562	1.706650e+01	2.725869e+03	4.527712e+02	3.937237e+02	8.062818e+01	4.304554e+01	5.684063e+01
563	1.709687e+01	2.699379e+03	4.524258e+02	3.954788e+02	7.985537e+01	4.303976e+01	5.461336e+01
564	1.712724e+01	2.695700e+03	4.522588e+02	3.974004e+02	7.959578e+01	4.312128e+01	5.165082e+01
565	1.715761e+01	2.708844e+03	4.520955e+02	3.991322e+02	7.994980e+01	4.313966e+01	4.911765e+01
566	1.718797e+01	2.716433e+03	4.520139e+02	4.012420e+02	8.013194e+01	4.316219e+01	4.629721e+01
567	1.721834e+01	2.724604e+03	4.520135e+02	4.032774e+02	8.000519e+01	4.336061e+01	4.384814e+01
568	1.724871e+01	2.715983e+03	4.520309e+02	4.052890e+02	7.982227e+01	4.332246e+01	4.092067e+01
569	1.727908e+01	2.704066e+03	4.522760e+02	4.074112e+02	7.954068e+01	4.328508e+01	3.830401e+01
570	1.730944e+01	2.720184e+03	4.525594e+02	4.094510e+02	7.976572e+01	4.342023e+01	3.599580e+01
571	1.733981e+01	2.743520e+03	4.527713e+02	4.117037e+02	8.004633e+01	4.363921e+01	3.291543e+01
572	1.737018e+01	2.739047e+03	4.533017e+02	4.136299e+02	8.022810e+01	4.346935e+01	2.967285e+01
573	1.740055e+01	2.752632e+03	4.537044e+02	4.157991e+02	8.062278e+01	4.347110e+01	2.728981e+01
574	1.743091e+01	2.721682e+03	4.545284e+02	4.174781e+02	7.967620e+01	4.349295e+01	2.425713e+01
575	1.746128e+01	2.742175e+03	4.550481e+02	4.195733e+02	7.968945e+01	4.381314e+01	2.239079e+01
576	1.749165e+01	2.722169e+03	4.559523e+02	4.215256e+02	7.975415e+01	4.345822e+01	1.914399e+01
577	1.752202e+01	2.738046e+03	4.566254e+02	4.236289e+02	8.014027e+01	4.350109e+01	1.689563e+01
578	1.755238e+01	2.740224e+03	4.575984e+02	4.254194e+02	7.987728e+01	4.367903e+01	1.424506e+01
579	1.758275e+01	2.715730e+03	4.584708e+02	4.273312e+02	7.937958e+01	4.356000e+01	1.117478e+01
580	1.761312e+01	2.707881e+03	4.596178e+02	4.289983e+02	7.935551e+01	4.344728e+01	8.452101e+00
581	1.764349e+01	2.739415e+03	4.606829e+02	4.309160e+02	7.994731e+01	4.362787e+01	6.184855e+00
582	1.767385e+01	2.715590e+03	4.620216e+02	4.323933e+02	7.946185e+01	4.351267e+01	2.776948e+00
583	1.770422e+01	2.708785e+03	4.634985e+02	4.340941e+02	7.942474e+01	4.342391e+01	1.792283e+02
584	1.773459e+01	2.718742e+03	4.650096e+02	4.352567e+02	7.945237e+01	4.356837e+01	1.769122e+02
585	1.776496e+01	2.731890e+03	4.666064e+02	4.369527e+02	7.969963e+01	4.364325e+01	1.742279e+02
586	1.779532e+01	2.729668e+03	4.681837e+02	4.382379e+02	7.955376e+01	4.368771e+01	1.709877e+02
587	1.782569e+01	2.698866e+03	4.697844e+02	4.396647e+02	7.904575e+01	4.347233e+01	1.682319e+02
588	1.785606e+01	2.697891e+03	4.715438e+02	4.408763e+02	7.937524e+01	4.327623e+01	1.656336e+02
589	1.788643e+01	2.738760e+03	4.729749e+02	4.417642e+02	8.045852e+01	4.334031e+01	1.627387e+02
590	1.791679e+01	2.711221e+03	4.749939e+02	4.428915e+02	7.931190e+01	4.352478e+01	1.599704e+02
591	1.794716e+01	2.704341e+03	4.767148e+02	4.440316e+02	7.944757e+01	4.334021e+01	1.576621e+02
592	1.797753e+01	2.698960e+03	4.786775e+02	4.450463e+02	7.957770e+01	4.318324e+01	1.541569e+02
593	1.800790e+01	2.720182e+03	4.803549e+02	4.456796e+02	7.968015e+01	4.346682e+01	1.518561e+02
594	1.803826e+01	2.718902e+03	4.819056e+02	4.461822e+02	7.973466e+01	4.341666e+01	1.492988e+02
595	1.806863e+01	2.724945e+03	4.836526e+02	4.467453e+02	7.952905e+01	4.362567e+01	1.463124e+02
596	1.809900e+01	2.715708e+03	4.852873e+02	4.470107e+02	7.965150e+01	4.341094e+01	1.431853e+02
597	1.812937e+01	2.731223e+03	4.869207e+02	4.472976e+02	8.010154e+01	4.341367e+01	1.409899e+02
598	1.815973e+01	2.731468e+03	4.889192e+02	4.476638e+02	8.009302e+01	4.342217e+01	1.386415e+02
599	1.819010e+01	2.714019e+03	4.905372e+02	4.480583e+02	7.996526e+01	4.321371e+01	1.353711e+02
600	1.822047e+01	2.705228e+03	4.923957e+02	4.480141e+02	8.012897e+01	4.298574e+01	1.324896e+02
601	1.825084e+01	2.717351e+03	4.942419e+02	4.481320e+02	8.050442e+01	4.297700e+01	1.293351e+02
602	1.828120e+01	2.714723e+03	4.961031e+02	4.481581e+02	8.036571e+01	4.300955e+01	1.265354e+02
603	1.831157e+01	2.711213e+03	4.978624e+02	4.478390e+02	8.041120e+01	4.292964e+01	1.241203e+02
604	1.834194e+01	2.717863e+03	4.995887e+02	4.475985e+02	8.038767e+01	4.304752e+01	1.214542e+02
605	1.837230e+01	2.712699e+03	5.013392e+02	4.474191e+02	8.074201e+01	4.277719e+01	1.186862e+02
606	1.840267e+01	2.709088e+03	5.032273e+02	4.470375e+02	8.067989e+01	4.275314e+01	1.156116e+02
607	1.843304e+01	2.700300e+03	5.050950e+02	4.465102e+02	8.061710e+01	4.264763e+01	1.125951e+02
608	1.846341e+01	2.712684e+03	5.066380e+02	4.458365e+02	8.100698e+01	4.263702e+01	1.102971e+02
609	1.849377e+01	2.709536e+03	5.082220e+02	4.451870e+02	8.113731e+01	4.251914e+01	1.074468e+02
610	1.852414e+01	2.704155e+03	5.096792e+02	4.444506e+02	8.126597e+01	4.236752e+01	1.045843e+02
611	1.855451e+01	2.720425e+03	5.110659e+02	4.434569e+02	8.139805e+01	4.255326e+01	1.022656e+02
612	1.858488e+01	2.723781e+03	5.128268e+02	4.426857e+02	8.170879e+01	4.244373e+01	9.962005e+01
613	1.861524e+01	2.700425e+03	5.142360e+02	4.415826e+02	8.130086e+01	4.229092e+01	9.736631e+01
614	1.864561e+01	2.714695e+03	5.158854e+02	4.406024e+02	8.138655e+01	4.246964e+01	9.497555e+01
615	1.867598e+01	2.728166e+03	5.172376e+02	4.395116e+02	8.154437e+01	4.259778e+01	9.240969e+01
616	1.870635e+01	2.730271e+03	5.184476e+02	4.384262e+02	8.134869e+01	4.273318e+01	8.968835e+01
617	1.873671e+01	2.732946e+03	5.195920e+02	4.371337e+02	8.180267e+01	4.253767e+01	8.681351e+01
618	1.876708e+01	2.725943e+03	5.208190e+02	4.357055e+02	8.154891e+01	4.256070e+01	8.400813e+01
619	1.879745e+01	2.722685e+03	5.220247e+02	4.343262e+02	8.147989e+01	4.254583e+01	8.165157e+01
620	1.882782e+01	2.736796e+03	5.232209e+02	4.328352e+02	8.166245e+01	4.267073e+01	7.900304e+01
621	1.885818e+01	2.739190e+03	5.244498e+02	4.313984e+02	8.133652e+01	4.287920e+01	7.650928e+01
622	1.888855e+01	2.737497e+03	5.254794e+02	4.299179e+02	8.153085e+01	4.275056e+01	7.393861e+01
623	1.891892e+01	2.735482e+03	5.265583e+02	4.282756e+02	8.086050e+01	4.307323e+01	7.151004e+01
624	1.894929e+01	2.759369e+03	5.271353e+02	4.268832e+02	8.146436e+01	4.312729e+01	6.936391e+01
625	1.897965e+01	2.746052e+03	5.280045e+02	4.254057e+02	8.115964e+01	4.308030e+01	6.659972e+01
626	1.901002e+01	2.735837e+03	5.286475e+02	4.238954e+02	8.087200e+01	4.307270e+01	6.340466e+01
627	1.904039e+01	2.740753e+03	5.292002e+02	4.220481e+02	8.022449e+01	4.349838e+01	6.027015e+01
628	1.907076e+01	2.746181e+03	5.298824e+02	4.203089e+02	8.062411e+01	4.336850e+01	5.749311e+01
629	1.910112e+01	2.761508e+03	5.301569e+02	4.186140e+02	8.046558e+01	4.369646e+01	5.508278e+01
630	1.913149e+01	2.758809e+03	5.304834e+02	4.169924e+02	8.082331e+01	4.346053e+01	5.227763e+01
631	1.916186e+01	2.764542e+03	5.308052e+02	4.151663e+02	8.057869e+01	4.368306e+01	4.931443e+01
632	1.919223e+01	2.772436e+03	5.311360e+02	4.132750e+02	8.050824e+01	4.384614e+01	4.667238e+01
633	1.922259e+01	2.760170e+03	5.312470e+02	4.115388e+02	8.024899e+01	4.379317e+01	4.355962e+01
634	1.925296e+01	2.773888e+03	5.310617e+02	4.099508e+02	8.063438e+01	4.380047e+01	4.048295e+01
635	1.928333e+01	2.795444e+03	5.307427e+02	4.084969e+02	8.090466e+01	4.399339e+01	3.787294e+01
636	1.931370e+01	2.806372e+03	5.306967e+02	4.070573e+02	8.040620e+01	4.443916e+01	3.393026e+01
637	1.934406e+01	2.775502e+03	5.304128e+02	4.050618e+02	8.033878e+01	4.398722e+01	3.124397e+01
638	1.937443e+01	2.771084e+03	5.301884e+02	4.034674e+02	8.024598e+01	4.396799e+01	2.834199e+01
639	1.940480e+01	2.785236e+03	5.295220e+02	4.020381e+02	8.052058e+01	4.404182e+01	2.584285e+01
640	1.943517e+01	2.791605e+03	5.290920e+02	3.999876e+02	8.016216e+01	4.433990e+01	2.256181e+01
641	1.946553e+01	2.775012e+03	5.285854e+02	3.984823e+02	8.046920e+01	4.390816e+01	1.973712e+01
642	1.949590e+01	2.815326e+03	5.277382e+02	3.967730e+02	8.022608e+01	4.468103e+01	1.772353e+01
643	1.952627e+01	2.783654e+03	5.272877e+02	3.951834e+02	8.023538e+01	4.417326e+01	1.464222e+01
644	1.955664e+01	2.789060e+03	5.264601e+02	3.935389e+02	8.042961e+01	4.415216e+01	1.201898e+01
645	1.958700e+01	2.787762e+03	5.256151e+02	3.919898e+02	8.006355e+01	4.433340e+01	9.070396e+00
646	1.961737e+01	2.834573e+03	5.245105e+02	3.901248e+02	8.056726e+01	4.479600e+01	5.431349e+00
647	1.964774e+01	2.784369e+03	5.238353e+02	3.889196e+02	8.028748e+01	4.415593e+01	3.314923e+00
648	1.967811e+01	2.830635e+03	5.224861e+02	3.877767e+02	8.022844e+01	4.492268e+01	7.679898e-01
649	1.970847e+01	2.772962e+03	5.214871e+02	3.864589e+02	8.049421e+01	4.386210e+01	1.774394e+02
650	1.973884e+01	2.824712e+03	5.201386e+02	3.857153e+02	8.095579e+01	4.442591e+01	1.750244e+02
651	1.976921e+01	2.812002e+03	5.186581e+02	3.841178e+02	8.046553e+01	4.449548e+01	1.700506e+02
652	1.979957e+01	2.794071e+03	5.177159e+02	3.835554e+02	8.032662e+01	4.428820e+01	1.676582e+02
653	1.982994e+01	2.828271e+03	5.159778e+02	3.826067e+02	8.000301e+01	4.501163e+01	1.637178e+02
654	1.986031e+01	2.788618e+03	5.147042e+02	3.819256e+02	8.013703e+01	4.430635e+01	1.611481e+02
655	1.989068e+01	2.783720e+03	5.132120e+02	3.812049e+02	8.007660e+01	4.426189e+01	1.577886e+02
656	1.992104e+01	2.804073e+03	5.114465e+02	3.807580e+02	7.978905e+01	4.474619e+01	1.542857e+02
657	1.995141e+01	2.756962e+03	5.100367e+02	3.803677e+02	7.989241e+01	4.393750e+01	1.510679e+02
658	1.998178e+01	2.764392e+03	5.084467e+02	3.799529e+02	7.991769e+01	4.404198e+01	1.473744e+02
659	2.001215e+01	2.764490e+03	5.067487e+02	3.795022e+02	7.994331e+01	4.402943e+01	1.443765e+02
660	2.004251e+01	2.750332e+03	5.052042e+02	3.795939e+02	7.984221e+01	4.385941e+01	1.413424e+02
661	2.007288e+01	2.755228e+03	5.035421e+02	3.795272e+02	7.993122e+01	4.388855e+01	1.378883e+02
662	2.010325e+01	2.745851e+03	5.018328e+02	3.795360e+02	8.000396e+01	4.369941e+01	1.344166e+02
663	2.013362e+01	2.746104e+03	5.000925e+02	3.796633e+02	8.000150e+01	4.370478e+01	1.310182e+02
664	2.016398e+01	2.742637e+03	4.985949e+02	3.799951e+02	7.989044e+01	4.371028e+01	1.276547e+02
665	2.019435e+01	2.736744e+03	4.967791e+02	3.803237e+02	7.999326e+01	4.356030e+01	1.243352e+02
666	2.022472e+01	2.724609e+03	4.951725e+02	3.807148e+02	8.004623e+01	4.333846e+01	1.211775e+02
667	2.025509e+01	2.703207e+03	4.938279e+02	3.812060e+02	7.977171e+01	4.314601e+01	1.178232e+02
668	2.028545e+01	2.707133e+03	4.919901e+02	3.817103e+02	8.022202e+01	4.296612e+01	1.144145e+02
669	2.031582e+01	2.702231e+03	4.907785e+02	3.824827e+02	7.993967e+01	4.303980e+01	1.114578e+02
670	2.034619e+01	2.792662e+03	4.900139e+02	3.830927e+02	8.047452e+01	4.418452e+01	1.057890e+02
671	2.037656e+01	2.709372e+03	4.872860e+02	3.840318e+02	8.053639e+01	4.283379e+01	1.056414e+02
672	2.040692e+01	2.704474e+03	4.860065e+02	3.852127e+02	8.026603e+01	4.290039e+01	1.028158e+02
673	2.043729e+01	2.700450e+03	4.843647e+02	3.858708e+02	8.051694e+01	4.270306e+01	1.005461e+02
674	2.046766e+01	2.702618e+03	4.828787e+02	3.867411e+02	8.043688e+01	4.277988e+01	9.806555e+01
675	2.049803e+01	2.687798e+03	4.814166e+02	3.876735e+02	8.034685e+01	4.259297e+01	9.549984e+01
676	2.052839e+01	2.694573e+03	4.801689e+02	3.888662e+02	8.027639e+01	4.273781e+01	9.323737e+01
677	2.055876e+01	2.685420e+03	4.786805e+02	3.901125e+02	8.039270e+01	4.253101e+01	9.055595e+01
678	2.058913e+01	2.689743e+03	4.774064e+02	3.914014e+02	8.022723e+01	4.268734e+01	8.786831e+01
679	2.061950e+01	2.703441e+03	4.761340e+02	3.926211e+02	8.054376e+01	4.273613e+01	8.544466e+01
680	2.064986e+01	2.693015e+03	4.746297e+02	3.940892e+02	8.042249e+01	4.263550e+01	8.298813e+01
681	2.068023e+01	2.699234e+03	4.737682e+02	3.953216e+02	8.033180e+01	4.278221e+01	8.023734e+01
682	2.071060e+01	2.704706e+03	4.726177e+02	3.969293e+02	8.051546e+01	4.277116e+01	7.699120e+01
683	2.074097e+01	2.722925e+03	4.714165e+02	3.986149e+02	8.064604e+01	4.298953e+01	7.484968e+01
684	2.077133e+01	2.708736e+03	4.703769e+02	4.003052e+02	8.043375e+01	4.287839e+01	7.268302e+01
685	2.080170e+01	2.720177e+03	4.692961e+02	4.022228e+02	8.055206e+01	4.299625e+01	6.995831e+01
686	2.083207e+01	2.712556e+03	4.684803e+02	4.037383e+02	8.062701e+01	4.283594e+01	6.714774e+01
687	2.086244e+01	2.705574e+03	4.676725e+02	4.054644e+02	8.041893e+01	4.283622e+01	6.462843e+01
688	2.089280e+01	2.725422e+03	4.668777e+02	4.073354e+02	8.034540e+01	4.318996e+01	6.186233e+01
689	2.092317e+01	2.731037e+03	4.664136e+02	4.091712e+02	8.026006e+01	4.332496e+01	5.949543e+01
690	2.095354e+01	2.723219e+03	4.656474e+02	4.112442e+02	8.036058e+01	4.314691e+01	5.723386e+01
691	2.098391e+01	2.732546e+03	4.652755e+02	4.133159e+02	8.051340e+01	4.321251e+01	5.447066e+01
692	2.101427e+01	2.730658e+03	4.647931e+02	4.153395e+02	8.013537e+01	4.338635e+01	5.241594e+01
693	2.104464e+01	2.745461e+03	4.642378e+02	4.174182e+02	8.025057e+01	4.355893e+01	5.052687e+01
694	2.107501e+01	2.730651e+03	4.639787e+02	4.196290e+02	7.997914e+01	4.347100e+01	4.785449e+01
695	2.110538e+01	2.741972e+03	4.637394e+02	4.217081e+02	8.022221e+01	4.351897e+01	4.519650e+01
696	2.113574e+01	2.731546e+03	4.637119e+02	4.237713e+02	7.987740e+01	4.354063e+01	4.351278e+01
697	2.116611e+01	2.747828e+03	4.640725e+02	4.257403e+02	8.008865e+01	4.368463e+01	4.069648e+01
698	2.119648e+01	2.739688e+03	4.639626e+02	4.281154e+02	8.000214e+01	4.360233e+01	3.825926e+01
699	2.122684e+01	2.749832e+03	4.641949e+02	4.301740e+02	7.991743e+01	4.381016e+01	3.519284e+01
700	2.125721e+01	2.735591e+03	4.645636e+02	4.322429e+02	7.981953e+01	4.363671e+01	3.289805e+01
701	2.128758e+01	2.746003e+03	4.648012e+02	4.344396e+02	7.982373e+01	4.380051e+01	3.013138e+01
702	2.131795e+01	2.742908e+03	4.654438e+02	4.364070e+02	7.989933e+01	4.370974e+01	2.745454e+01
703	2.134831e+01	2.752629e+03	4.660865e+02	4.385166e+02	8.020293e+01	4.369861e+01	2.467749e+01
704	2.137868e+01	2.749214e+03	4.669140e+02	4.403563e+02	8.007181e+01	4.371587e+01	2.156021e+01
705	2.140905e+01	2.749268e+03	4.676281e+02	4.423939e+02	7.973542e+01	4.390116e+01	1.911516e+01
706	2.143942e+01	2.764948e+03	4.684620e+02	4.444995e+02	8.029968e+01	4.384129e+01	1.686676e+01
707	2.146978e+01	2.743004e+03	4.692878e+02	4.463647e+02	8.007855e+01	4.361345e+01	1.346237e+01
708	2.150015e+01	2.742074e+03	4.703959e+02	4.479361e+02	7.962994e+01	4.384428e+01	1.031906e+01
709	2.153052e+01	2.741956e+03	4.711810e+02	4.497961e+02	7.933145e+01	4.400735e+01	8.141554e+00
710	2.156089e+01	2.747328e+03	4.721295e+02	4.514130e+02	7.968844e+01	4.389603e+01	5.373679e+00
711	2.159125e+01	2.744719e+03	4.731802e+02	4.529737e+02	7.961329e+01	4.389574e+01	2.448496e+00
712	2.162162e+01	2.727559e+03	4.745074e+02	4.541239e+02	7.977302e+01	4.353397e+01	1.791968e+02
713	2.165199e+01	2.733176e+03	4.756916e+02	4.556806e+02	7.962450e+01	4.370498e+01	1.762063e+02
714	2.168236e+01	2.746376e+03	4.770353e+02	4.571465e+02	8.017274e+01	4.361576e+01	1.739479e+02
715	2.171272e+01	2.731512e+03	4.784314e+02	4.587623e+02	7.960284e+01	4.369026e+01	1.708697e+02
716	2.174309e+01	2.745906e+03	4.799481e+02	4.598657e+02	7.973869e+01	4.384566e+01	1.676149e+02
717	2.177346e+01	2.723823e+03	4.816888e+02	4.612911e+02	7.952222e+01	4.361145e+01	1.650666e+02
718	2.180383e+01	2.708221e+03	4.835230e+02	4.621946e+02	7.930726e+01	4.347917e+01	1.621530e+02
719	2.183419e+01	2.716558e+03	4.852707e+02	4.633125e+02	7.944894e+01	4.353525e+01	1.593639e+02
720	2.186456e+01	2.725340e+03	4.867268e+02	4.642760e+02	7.945125e+01	4.367472e+01	1.570531e+02
721	2.189493e+01	2.736951e+03	4.883482e+02	4.652099e+02	7.991982e+01	4.360363e+01	1.537537e+02
722	2.192530e+01	2.737982e+03	4.898619e+02	4.659700e+02	7.997604e+01	4.358940e+01	1.518361e+02
723	2.195566e+01	2.739557e+03	4.915871e+02	4.665902e+02	7.995699e+01	4.362487e+01	1.489120e+02
724	2.198603e+01	2.742155e+03	4.932599e+02	4.672062e+02	8.011965e+01	4.357757e+01	1.454673e+02
725	2.201640e+01	2.734628e+03	4.950375e+02	4.678307e+02	8.001588e+01	4.351431e+01	1.420550e+02
726	2.204677e+01	2.747661e+03	4.965690e+02	4.679325e+02	8.029303e+01	4.357079e+01	1.398428e+02
727	2.207713e+01	2.749008e+03	4.984096e+02	4.682077e+02	8.058628e+01	4.343352e+01	1.371264e+02
728	2.210750e+01	2.785398e+03	4.997382e+02	4.681745e+02	8.157850e+01	4.347321e+01	1.328894e+02
729	2.213787e+01	2.729709e+03	5.021781e+02	4.685337e+02	8.022976e+01	4.332025e+01	1.309764e+02
730	2.216824e+01	2.735795e+03	5.040108e+02	4.686307e+02	8.002695e+01	4.352686e+01	1.281861e+02
731	2.219860e+01	2.738240e+03	5.059621e+02	4.685357e+02	8.054541e+01	4.328533e+01	1.249806e+02
732	2.222897e+01	2.729447e+03	5.078012e+02	4.681931e+02	8.048289e+01	4.317985e+01	1.222358e+02
733	2.225934e+01	2.738818e+03	5.097103e+02	4.678772e+02	8.069823e+01	4.321248e+01	1.196320e+02
734	2.228971e+01	2.740308e+03	5.118305e+02	4.675305e+02	8.083192e+01	4.316449e+01	1.167703e+02
735	2.232007e+01	2.740001e+03	5.137363e+02	4.671732e+02	8.099080e+01	4.307499e+01	1.139243e+02
736	2.235044e+01	2.736553e+03	5.158989e+02	4.667579e+02	8.093756e+01	4.304908e+01	1.116700e+02
737	2.238081e+01	2.725497e+03	5.179324e+02	4.662805e+02	8.094061e+01	4.287354e+01	1.095201e+02
738	2.241118e+01	2.728876e+03	5.198786e+02	4.655129e+02	8.111379e+01	4.283505e+01	1.071617e+02
739	2.244154e+01	2.721853e+03	5.217539e+02	4.649371e+02	8.108949e+01	4.273762e+01	1.045713e+02
740	2.247191e+01	2.728041e+03	5.235315e+02	4.641900e+02	8.121338e+01	4.276943e+01	1.023498e+02
741	2.250228e+01	2.728658e+03	5.252140e+02	4.631961e+02	8.149073e+01	4.263350e+01	9.968525e+01
742	2.253265e+01	2.743368e+03	5.268400e+02	4.621134e+02	8.190608e+01	4.264597e+01	9.693297e+01
743	2.256301e+01	2.742408e+03	5.285535e+02	4.611416e+02	8.172058e+01	4.272781e+01	9.485528e+01
744	2.259338e+01	2.735610e+03	5.301444e+02	4.600425e+02	8.164500e+01	4.266137e+01	9.244679e+01
745	2.262375e+01	2.730761e+03	5.314068e+02	4.588991e+02	8.148447e+01	4.266964e+01	8.941304e+01
746	2.265411e+01	2.736131e+03	5.327531e+02	4.576953e+02	8.154946e+01	4.271948e+01	8.680271e+01
747	2.268448e+01	2.734418e+03	5.339327e+02	4.565656e+02	8.166605e+01	4.263178e+01	8.408215e+01
748	2.271485e+01	2.759104e+03	5.347405e+02	4.552214e+02	8.205674e+01	4.281184e+01	8.150448e+01
749	2.274522e+01	2.732175e+03	5.359398e+02	4.537946e+02	8.112676e+01	4.287996e+01	7.838609e+01
750	2.277558e+01	2.751370e+03	5.368273e+02	4.524016e+02	8.135503e+01	4.306007e+01	7.544498e+01
751	2.280595e+01	2.808370e+03	5.370267e+02	4.509339e+02	8.278461e+01	4.319315e+01	7.379853e+01
752	2.283632e+01	2.762489e+03	5.382984e+02	4.493244e+02	8.162726e+01	4.308989e+01	6.991451e+01
753	2.286669e+01	2.756736e+03	5.389807e+02	4.477607e+02	8.133836e+01	4.315289e+01	6.691507e+01
754	2.289705e+01	2.760644e+03	5.395756e+02	4.459737e+02	8.117614e+01	4.330043e+01	6.357252e+01
755	2.292742e+01	2.775686e+03	5.398622e+02	4.442711e+02	8.105848e+01	4.359955e+01	6.020333e+01
756	2.295779e+01	2.772485e+03	5.401628e+02	4.427563e+02	8.113260e+01	4.350949e+01	5.733915e+01
757	2.298816e+01	2.788994e+03	5.401927e+02	4.412763e+02	8.116652e+01	4.375027e+01	5.435172e+01
758	2.301852e+01	2.773938e+03	5.404788e+02	4.394797e+02	8.066255e+01	4.378596e+01	5.057531e+01
759	2.304889e+01	2.800979e+03	5.403388e+02	4.377799e+02	8.080980e+01	4.413223e+01	4.836647e+01
760	2.307926e+01	2.794548e+03	5.405925e+02	4.359165e+02	8.082795e+01	4.402103e+01	4.461979e+01
761	2.310963e+01	2.786640e+03	5.404734e+02	4.343177e+02	8.065590e+01	4.399009e+01	4.146684e+01
762	2.313999e+01	2.800143e+03	5.400613e+02	4.327303e+02	8.105473e+01	4.398574e+01	3.896668e+01
763	2.317036e+01	2.797898e+03	5.398209e+02	4.311225e+02	8.088043e+01	4.404519e+01	3.543423e+01
764	2.320073e+01	2.800557e+03	5.395645e+02	4.292542e+02	8.082906e+01	4.411508e+01	3.259336e+01
765	2.323110e+01	2.798578e+03	5.391992e+02	4.274400e+02	8.064666e+01	4.418361e+01	2.959927e+01
766	2.326146e+01	2.784319e+03	5.386650e+02	4.259362e+02	8.025993e+01	4.417029e+01	2.661745e+01
767	2.329183e+01	2.805307e+03	5.381760e+02	4.243721e+02	8.066785e+01	4.427821e+01	2.392405e+01
768	2.332220e+01	2.845339e+03	5.375319e+02	4.226851e+02	8.125632e+01	4.458482e+01	2.140327e+01
769	2.335257e+01	2.804147e+03	5.370960e+02	4.210496e+02	8.046074e+01	4.437383e+01	1.788601e+01
770	2.338293e+01	2.790642e+03	5.363669e+02	4.195300e+02	8.053833e+01	4.411757e+01	1.497752e+01
771	2.341330e+01	2.814942e+03	5.353461e+02	4.182819e+02	8.076632e+01	4.437612e+01	1.229793e+01
772	2.344367e+01	2.824647e+03	5.343126e+02	4.169044e+02	8.070905e+01	4.456070e+01	9.071790e+00
773	2.347404e+01	2.818765e+03	5.334898e+02	4.156083e+02	8.065799e+01	4.449606e+01	6.371736e+00
774	2.350440e+01	2.826542e+03	5.323149e+02	4.142626e+02	8.041705e+01	4.475252e+01	2.964460e+00
775	2.353477e+01	2.803773e+03	5.313640e+02	4.129391e+02	8.052455e+01	4.433275e+01	2.770899e-03
776	2.356514e+01	2.796755e+03	5.300701e+02	4.117946e+02	8.028012e+01	4.435642e+01	1.768012e+02
777	2.359551e+01	2.801491e+03	5.289287e+02	4.108875e+02	8.017469e+01	4.448997e+01	1.741609e+02
778	2.362587e+01	2.819321e+03	5.274408e+02	4.095915e+02	8.079963e+01	4.442682e+01	1.703378e+02
779	2.365624e+01	2.798748e+03	5.261488e+02	4.087152e+02	8.015025e+01	4.445996e+01	1.680316e+02
780	2.368661e+01	2.799679e+03	5.248234e+02	4.080212e+02	8.017310e+01	4.446207e+01	1.643770e+02
781	2.371698e+01	2.794389e+03	5.233977e+02	4.071877e+02	8.034493e+01	4.428315e+01	1.616245e+02
782	2.374734e+01	2.788939e+03	5.219058e+02	4.064118e+02	8.010863e+01	4.432715e+01	1.588174e+02
783	2.377771e+01	2.792910e+03	5.202831e+02	4.056509e+02	8.008072e+01	4.440574e+01	1.554828e+02
784	2.380808e+01	2.791323e+03	5.189618e+02	4.055096e+02	8.008320e+01	4.437913e+01	1.523670e+02
785	2.383845e+01	2.780366e+03	5.171858e+02	4.049088e+02	7.998757e+01	4.425777e+01	1.485425e+02
786	2.386881e+01	2.779547e+03	5.156766e+02	4.046283e+02	8.025186e+01	4.409903e+01	1.452636e+02
787	2.389918e+01	2.773036e+03	5.140400e+02	4.042915e+02	8.039305e+01	4.391846e+01	1.417690e+02
788	2.392955e+01	2.762457e+03	5.123861e+02	4.041021e+02	8.004087e+01	4.394342e+01	1.390129e+02
789	2.395991e+01	2.771098e+03	5.107562e+02	4.042155e+02	8.013615e+01	4.402847e+01	1.352511e+02
790	2.399028e+01	2.756798e+03	5.090400e+02	4.042131e+02	8.006036e+01	4.384272e+01	1.327835e+02
791	2.402065e+01	2.762879e+03	5.072437e+02	4.043236e+02	8.021117e+01	4.385682e+01	1.300639e+02
792	2.405102e+01	2.753627e+03	5.054708e+02	4.044585e+02	8.019151e+01	4.372067e+01	1.270935e+02
793	2.408138e+01	2.751798e+03	5.038091e+02	4.048871e+02	7.995153e+01	4.382277e+01	1.239905e+02
794	2.411175e+01	2.757010e+03	5.021070e+02	4.052527e+02	8.064524e+01	4.352810e+01	1.210508e+02
795	2.414212e+01	2.736082e+03	5.006134e+02	4.057104e+02	8.015356e+01	4.346267e+01	1.186173e+02
796	2.417249e+01	2.726189e+03	4.989974e+02	4.061638e+02	8.014269e+01	4.331140e+01	1.151057e+02
797	2.420285e+01	2.723246e+03	4.975241e+02	4.068847e+02	8.013683e+01	4.326781e+01	1.119705e+02
798	2.423322e+01	2.721245e+03	4.958872e+02	4.076603e+02	8.020674e+01	4.319833e+01	1.093971e+02
799	2.426359e+01	2.729782e+03	4.941828e+02	4.084270e+02	8.044265e+01	4.320676e+01	1.065117e+02
