1	3.032141e-02	2.736112e+03	4.855740e+02	4.047704e+02	7.960050e+01	4.376513e+01	3.907734e+01
2	6.064281e-02	2.730990e+03	4.855413e+02	4.029374e+02	7.946694e+01	4.375662e+01	3.687815e+01
3	9.096422e-02	2.739889e+03	4.853700e+02	4.008972e+02	7.972736e+01	4.375581e+01	3.417606e+01
4	1.212856e-01	2.738248e+03	4.848766e+02	3.992378e+02	7.935828e+01	4.393298e+01	3.192805e+01
5	1.516070e-01	2.725119e+03	4.844794e+02	3.971707e+02	7.924989e+01	4.378214e+01	2.916565e+01
6	1.819284e-01	2.737426e+03	4.841646e+02	3.949694e+02	7.933800e+01	4.393102e+01	2.630178e+01
7	2.122498e-01	2.741015e+03	4.837368e+02	3.929896e+02	7.958164e+01	4.385394e+01	2.447054e+01
8	2.425713e-01	2.729264e+03	4.831928e+02	3.912687e+02	7.937331e+01	4.378054e+01	2.183603e+01
9	2.728927e-01	2.736949e+03	4.823615e+02	3.892773e+02	7.913624e+01	4.403535e+01	1.940186e+01
10	3.032141e-01	2.728636e+03	4.815962e+02	3.875628e+02	7.882280e+01	4.407618e+01	1.692934e+01
11	3.335355e-01	2.740995e+03	4.808759e+02	3.854763e+02	7.969318e+01	4.379224e+01	1.388631e+01
12	3.638569e-01	2.759961e+03	4.801237e+02	3.839675e+02	7.981331e+01	4.402890e+01	1.142460e+01
13	3.941783e-01	2.772850e+03	4.788759e+02	3.821390e+02	7.943093e+01	4.444744e+01	7.523305e+00
14	4.244997e-01	2.733738e+03	4.781190e+02	3.807447e+02	7.961337e+01	4.372008e+01	5.670999e+00
15	4.548211e-01	2.743973e+03	4.768361e+02	3.788616e+02	7.918430e+01	4.412156e+01	3.194312e+00
16	4.851425e-01	2.741634e+03	4.757202e+02	3.773257e+02	7.955958e+01	4.387600e+01	2.289091e-01
17	5.154639e-01	2.749142e+03	4.745469e+02	3.759901e+02	7.953092e+01	4.401201e+01	1.787271e+02
18	5.457853e-01	2.720969e+03	4.733612e+02	3.741887e+02	7.947551e+01	4.359135e+01	1.759038e+02
19	5.761067e-01	2.731520e+03	4.719971e+02	3.728714e+02	7.941606e+01	4.379314e+01	1.735623e+02
20	6.064281e-01	2.739471e+03	4.705488e+02	3.714690e+02	7.958781e+01	4.382584e+01	1.708071e+02
21	6.367495e-01	2.729695e+03	4.689412e+02	3.702900e+02	7.928649e+01	4.383541e+01	1.685761e+02
22	6.670710e-01	2.733712e+03	4.673547e+02	3.691572e+02	7.917166e+01	4.396358e+01	1.660445e+02
23	6.973924e-01	2.727200e+03	4.658965e+02	3.678199e+02	7.949034e+01	4.368303e+01	1.630520e+02
24	7.277138e-01	2.721328e+03	4.643454e+02	3.668018e+02	7.917717e+01	4.376139e+01	1.609197e+02
25	7.580352e-01	2.712083e+03	4.625479e+02	3.660383e+02	7.911124e+01	4.364907e+01	1.583330e+02
26	7.883566e-01	2.736760e+03	4.604256e+02	3.648911e+02	7.948113e+01	4.384124e+01	1.547872e+02
27	8.186780e-01	2.734657e+03	4.588560e+02	3.643196e+02	7.942675e+01	4.383754e+01	1.528709e+02
28	8.489994e-01	2.713866e+03	4.571560e+02	3.639862e+02	7.895198e+01	4.376586e+01	1.498662e+02
29	8.793208e-01	2.716397e+03	4.552183e+02	3.635979e+02	7.919722e+01	4.367104e+01	1.470372e+02
30	9.096422e-01	2.708904e+03	4.529384e+02	3.629865e+02	7.949326e+01	4.338837e+01	1.441631e+02
31	9.399636e-01	2.693637e+03	4.511360e+02	3.627896e+02	7.915454e+01	4.332847e+01	1.414241e+02
32	9.702850e-01	2.706041e+03	4.492038e+02	3.625934e+02	7.866770e+01	4.379736e+01	1.389745e+02
33	1.000606e+00	2.691943e+03	4.472428e+02	3.624255e+02	7.914686e+01	4.330543e+01	1.362969e+02
34	1.030928e+00	2.695832e+03	4.451624e+02	3.623081e+02	7.924003e+01	4.331699e+01	1.334516e+02
35	1.061249e+00	2.701137e+03	4.429304e+02	3.622023e+02	7.952944e+01	4.324429e+01	1.301529e+02
36	1.091571e+00	2.690414e+03	4.410234e+02	3.624437e+02	7.924023e+01	4.322983e+01	1.277561e+02
37	1.121892e+00	2.675285e+03	4.392244e+02	3.627873e+02	7.926630e+01	4.297260e+01	1.247701e+02
38	1.152213e+00	2.696550e+03	4.370192e+02	3.630344e+02	7.974730e+01	4.305292e+01	1.225128e+02
39	1.182535e+00	2.676586e+03	4.351198e+02	3.635595e+02	7.955600e+01	4.283693e+01	1.198930e+02
40	1.212856e+00	2.661755e+03	4.329993e+02	3.641193e+02	7.916136e+01	4.281195e+01	1.171369e+02
41	1.243178e+00	2.661605e+03	4.309776e+02	3.647281e+02	7.948301e+01	4.263630e+01	1.148506e+02
42	1.273499e+00	2.675037e+03	4.288326e+02	3.651722e+02	7.979042e+01	4.268636e+01	1.125871e+02
43	1.303820e+00	2.680275e+03	4.271366e+02	3.660502e+02	7.969563e+01	4.282083e+01	1.095789e+02
44	1.334142e+00	2.681525e+03	4.251833e+02	3.667895e+02	8.032783e+01	4.250362e+01	1.075563e+02
45	1.364463e+00	2.689585e+03	4.232556e+02	3.678260e+02	8.047709e+01	4.255231e+01	1.049042e+02
46	1.394785e+00	2.671134e+03	4.216263e+02	3.689539e+02	8.023895e+01	4.238581e+01	1.021138e+02
47	1.425106e+00	2.676582e+03	4.196425e+02	3.702273e+02	8.014576e+01	4.252164e+01	9.964642e+01
48	1.455428e+00	2.680430e+03	4.180217e+02	3.715313e+02	8.050906e+01	4.239063e+01	9.702140e+01
49	1.485749e+00	2.680605e+03	4.162578e+02	3.727277e+02	8.067930e+01	4.230395e+01	9.469426e+01
50	1.516070e+00	2.679020e+03	4.148012e+02	3.741745e+02	8.073293e+01	4.225084e+01	9.264058e+01
51	1.546392e+00	2.676513e+03	4.131307e+02	3.756018e+02	8.067177e+01	4.224331e+01	9.003616e+01
52	1.576713e+00	2.668396e+03	4.117624e+02	3.770625e+02	8.053910e+01	4.218457e+01	8.790640e+01
53	1.607035e+00	2.677020e+03	4.100765e+02	3.786172e+02	8.072231e+01	4.222486e+01	8.566389e+01
54	1.637356e+00	2.673911e+03	4.087324e+02	3.801604e+02	8.041183e+01	4.233867e+01	8.314939e+01
55	1.667677e+00	2.687005e+03	4.075493e+02	3.818001e+02	8.083890e+01	4.232122e+01	8.082130e+01
56	1.697999e+00	2.674087e+03	4.064583e+02	3.836221e+02	8.085454e+01	4.210961e+01	7.904288e+01
57	1.728320e+00	2.674906e+03	4.052711e+02	3.853438e+02	8.041013e+01	4.235532e+01	7.641005e+01
58	1.758642e+00	2.671461e+03	4.040282e+02	3.871589e+02	8.028427e+01	4.236708e+01	7.452463e+01
59	1.788963e+00	2.680932e+03	4.031534e+02	3.890299e+02	8.012857e+01	4.259990e+01	7.181586e+01
60	1.819284e+00	2.661909e+03	4.021693e+02	3.908338e+02	7.994242e+01	4.239611e+01	6.988125e+01
61	1.849606e+00	2.662642e+03	4.012551e+02	3.926748e+02	7.990719e+01	4.242649e+01	6.777015e+01
62	1.879927e+00	2.683647e+03	4.005000e+02	3.947057e+02	8.038323e+01	4.250795e+01	6.540534e+01
63	1.910249e+00	2.683484e+03	3.996136e+02	3.966620e+02	8.011456e+01	4.264791e+01	6.315207e+01
64	1.940570e+00	2.690004e+03	3.989684e+02	3.986404e+02	8.007397e+01	4.277319e+01	6.081450e+01
65	1.970891e+00	2.691796e+03	3.984657e+02	4.008032e+02	7.990315e+01	4.289318e+01	5.808101e+01
66	2.001213e+00	2.694436e+03	3.980466e+02	4.030402e+02	7.962483e+01	4.308533e+01	5.548612e+01
67	2.031534e+00	2.682709e+03	3.977431e+02	4.051049e+02	7.972116e+01	4.284599e+01	5.314436e+01
68	2.061856e+00	2.702447e+03	3.972458e+02	4.074110e+02	8.030714e+01	4.284628e+01	5.024614e+01
69	2.092177e+00	2.724696e+03	3.970884e+02	4.095735e+02	8.060277e+01	4.304059e+01	4.856108e+01
70	2.122498e+00	2.705758e+03	3.973375e+02	4.117090e+02	7.998906e+01	4.306936e+01	4.591991e+01
71	2.152820e+00	2.699522e+03	3.973964e+02	4.139783e+02	7.966824e+01	4.314314e+01	4.312243e+01
72	2.183141e+00	2.712628e+03	3.975127e+02	4.162000e+02	7.967059e+01	4.335132e+01	4.098090e+01
73	2.213463e+00	2.690125e+03	3.973576e+02	4.184659e+02	7.914262e+01	4.327849e+01	3.817005e+01
74	2.243784e+00	2.688911e+03	3.976558e+02	4.204505e+02	7.904610e+01	4.331178e+01	3.547431e+01
75	2.274106e+00	2.713271e+03	3.980434e+02	4.226797e+02	7.949328e+01	4.345831e+01	3.316328e+01
76	2.304427e+00	2.731766e+03	3.984330e+02	4.249399e+02	7.986939e+01	4.354850e+01	3.156498e+01
77	2.334748e+00	2.706538e+03	3.989518e+02	4.269346e+02	7.927991e+01	4.346715e+01	2.800282e+01
78	2.365070e+00	2.735628e+03	3.994808e+02	4.290698e+02	7.981049e+01	4.364225e+01	2.621724e+01
79	2.395391e+00	2.736362e+03	4.001772e+02	4.308676e+02	7.952612e+01	4.381006e+01	2.320697e+01
80	2.425713e+00	2.739099e+03	4.005388e+02	4.331866e+02	7.917715e+01	4.404717e+01	2.096396e+01
81	2.456034e+00	2.708567e+03	4.014807e+02	4.351691e+02	7.929461e+01	4.349166e+01	1.835492e+01
82	2.486355e+00	2.696341e+03	4.025263e+02	4.368998e+02	7.903938e+01	4.343515e+01	1.575674e+01
83	2.516677e+00	2.738344e+03	4.034476e+02	4.391556e+02	8.002747e+01	4.356714e+01	1.399604e+01
84	2.546998e+00	2.720068e+03	4.045321e+02	4.407258e+02	7.950274e+01	4.356199e+01	1.069153e+01
85	2.577320e+00	2.727022e+03	4.057331e+02	4.425624e+02	8.048223e+01	4.314186e+01	8.519489e+00
86	2.607641e+00	2.740282e+03	4.068366e+02	4.444248e+02	7.974644e+01	4.375161e+01	6.307667e+00
87	2.637962e+00	2.706001e+03	4.081567e+02	4.461388e+02	8.002008e+01	4.305653e+01	2.841046e+00
88	2.668284e+00	2.720321e+03	4.093305e+02	4.477539e+02	7.969057e+01	4.346336e+01	7.166644e-01
89	2.698605e+00	2.718813e+03	4.110550e+02	4.493129e+02	7.997845e+01	4.328292e+01	1.781142e+02
90	2.728927e+00	2.724998e+03	4.122630e+02	4.506239e+02	7.984572e+01	4.345349e+01	1.755280e+02
91	2.759248e+00	2.710240e+03	4.139376e+02	4.522462e+02	7.980322e+01	4.324118e+01	1.729025e+02
92	2.789569e+00	2.722975e+03	4.156597e+02	4.533247e+02	8.067938e+01	4.297256e+01	1.706905e+02
93	2.819891e+00	2.727197e+03	4.174199e+02	4.546374e+02	8.004348e+01	4.338111e+01	1.676035e+02
94	2.850212e+00	2.776370e+03	4.190306e+02	4.559309e+02	8.042039e+01	4.395632e+01	1.660271e+02
95	2.880534e+00	2.743925e+03	4.208860e+02	4.566062e+02	8.040813e+01	4.344927e+01	1.622090e+02
96	2.910855e+00	2.788381e+03	4.224450e+02	4.571187e+02	8.035389e+01	4.418302e+01	1.579800e+02
97	2.941176e+00	2.735673e+03	4.248553e+02	4.581103e+02	8.052924e+01	4.325345e+01	1.557525e+02
98	2.971498e+00	2.777449e+03	4.267920e+02	4.582578e+02	8.043552e+01	4.396513e+01	1.541632e+02
99	3.001819e+00	2.760856e+03	4.284602e+02	4.590846e+02	8.013014e+01	4.386903e+01	1.491154e+02
100	3.032141e+00	2.762138e+03	4.308174e+02	4.594387e+02	8.031074e+01	4.379070e+01	1.479695e+02
101	3.062462e+00	2.736253e+03	4.328672e+02	4.599135e+02	8.080874e+01	4.311298e+01	1.445642e+02
102	3.092784e+00	2.763860e+03	4.348184e+02	4.603368e+02	8.114191e+01	4.336916e+01	1.418828e+02
103	3.123105e+00	2.749263e+03	4.368839e+02	4.606146e+02	8.080711e+01	4.331884e+01	1.393995e+02
104	3.153426e+00	2.759887e+03	4.387141e+02	4.605806e+02	8.090249e+01	4.343497e+01	1.364042e+02
105	3.183748e+00	2.752841e+03	4.409342e+02	4.607000e+02	8.093269e+01	4.330791e+01	1.339185e+02
106	3.214069e+00	2.739938e+03	4.429822e+02	4.607440e+02	8.061382e+01	4.327542e+01	1.318560e+02
107	3.244391e+00	2.742751e+03	4.450132e+02	4.605638e+02	8.068127e+01	4.328364e+01	1.287427e+02
108	3.274712e+00	2.795382e+03	4.467239e+02	4.600806e+02	8.030891e+01	4.431876e+01	1.260832e+02
109	3.305033e+00	2.740156e+03	4.491637e+02	4.599034e+02	8.092105e+01	4.311456e+01	1.231934e+02
110	3.335355e+00	2.734700e+03	4.511599e+02	4.596177e+02	8.101952e+01	4.297642e+01	1.205650e+02
111	3.365676e+00	2.720688e+03	4.530026e+02	4.593016e+02	8.070093e+01	4.292500e+01	1.185445e+02
112	3.395998e+00	2.769059e+03	4.547902e+02	4.588255e+02	8.134840e+01	4.334044e+01	1.148407e+02
113	3.426319e+00	2.738725e+03	4.571103e+02	4.582221e+02	8.115928e+01	4.296555e+01	1.129442e+02
114	3.456640e+00	2.727903e+03	4.589977e+02	4.574958e+02	8.120428e+01	4.277206e+01	1.103136e+02
115	3.486962e+00	2.701158e+03	4.607473e+02	4.564903e+02	8.076990e+01	4.258048e+01	1.080011e+02
116	3.517283e+00	2.733604e+03	4.626833e+02	4.555505e+02	8.127051e+01	4.282652e+01	1.049859e+02
117	3.547605e+00	2.712598e+03	4.644474e+02	4.544054e+02	8.103680e+01	4.261998e+01	1.027585e+02
118	3.577926e+00	2.700051e+03	4.663456e+02	4.533723e+02	8.067377e+01	4.261375e+01	1.001948e+02
119	3.608247e+00	2.711916e+03	4.680674e+02	4.522329e+02	8.114920e+01	4.255024e+01	9.766432e+01
120	3.638569e+00	2.705418e+03	4.695676e+02	4.507239e+02	8.093224e+01	4.256208e+01	9.524807e+01
121	3.668890e+00	2.700445e+03	4.709568e+02	4.493622e+02	8.079930e+01	4.255375e+01	9.305077e+01
122	3.699212e+00	2.725725e+03	4.724579e+02	4.478816e+02	8.200632e+01	4.231991e+01	8.988167e+01
123	3.729533e+00	2.704460e+03	4.741968e+02	4.463509e+02	8.124624e+01	4.238258e+01	8.784933e+01
124	3.759854e+00	2.710723e+03	4.753552e+02	4.448577e+02	8.113500e+01	4.253897e+01	8.558272e+01
125	3.790176e+00	2.721661e+03	4.767588e+02	4.433301e+02	8.124745e+01	4.265150e+01	8.263265e+01
126	3.820497e+00	2.720079e+03	4.780480e+02	4.417928e+02	8.126851e+01	4.261568e+01	8.069634e+01
127	3.850819e+00	2.742913e+03	4.788702e+02	4.401614e+02	8.173882e+01	4.272616e+01	7.890349e+01
128	3.881140e+00	2.707814e+03	4.804476e+02	4.386386e+02	8.104007e+01	4.254310e+01	7.648087e+01
129	3.911461e+00	2.718050e+03	4.814595e+02	4.368869e+02	8.073628e+01	4.286460e+01	7.410857e+01
130	3.941783e+00	2.706529e+03	4.824359e+02	4.353014e+02	8.046272e+01	4.282803e+01	7.191521e+01
131	3.972104e+00	2.726851e+03	4.835394e+02	4.335662e+02	8.075840e+01	4.299162e+01	6.945752e+01
132	4.002426e+00	2.721771e+03	4.844021e+02	4.317271e+02	8.044984e+01	4.307611e+01	6.721996e+01
133	4.032747e+00	2.726404e+03	4.852281e+02	4.299342e+02	8.040199e+01	4.317511e+01	6.495991e+01
134	4.063069e+00	2.762097e+03	4.857319e+02	4.280634e+02	8.118375e+01	4.331915e+01	6.314681e+01
135	4.093390e+00	2.789749e+03	4.858820e+02	4.261893e+02	8.112861e+01	4.378257e+01	6.183992e+01
136	4.123711e+00	2.716512e+03	4.871061e+02	4.240451e+02	7.971069e+01	4.339155e+01	5.756804e+01
137	4.154033e+00	2.733565e+03	4.874587e+02	4.220509e+02	8.024434e+01	4.337356e+01	5.522151e+01
138	4.184354e+00	2.739350e+03	4.876588e+02	4.200841e+02	7.995972e+01	4.362006e+01	5.280977e+01
139	4.214676e+00	2.738167e+03	4.881457e+02	4.179199e+02	7.989785e+01	4.363499e+01	5.072613e+01
140	4.244997e+00	2.724637e+03	4.886682e+02	4.159530e+02	7.967175e+01	4.354261e+01	4.810871e+01
141	4.275318e+00	2.737939e+03	4.888468e+02	4.141875e+02	7.979312e+01	4.368863e+01	4.633871e+01
142	4.305640e+00	2.740795e+03	4.891547e+02	4.121617e+02	8.003857e+01	4.360009e+01	4.335589e+01
143	4.335961e+00	2.734949e+03	4.891369e+02	4.103748e+02	7.905710e+01	4.404723e+01	4.083933e+01
144	4.366283e+00	2.724128e+03	4.889648e+02	4.085401e+02	7.909856e+01	4.384994e+01	3.888996e+01
145	4.396604e+00	2.751240e+03	4.888297e+02	4.064613e+02	7.985694e+01	4.386578e+01	3.573235e+01
146	4.426925e+00	2.740770e+03	4.887736e+02	4.043523e+02	7.970950e+01	4.377968e+01	3.320647e+01
147	4.457247e+00	2.741011e+03	4.882747e+02	4.024983e+02	7.957269e+01	4.385881e+01	3.072422e+01
148	4.487568e+00	2.763302e+03	4.875115e+02	4.004574e+02	7.937330e+01	4.432657e+01	2.905719e+01
149	4.517890e+00	2.725934e+03	4.873431e+02	3.981817e+02	7.904558e+01	4.390842e+01	2.486403e+01
150	4.548211e+00	2.737856e+03	4.868769e+02	3.964317e+02	7.936980e+01	4.392032e+01	2.262966e+01
151	4.578532e+00	2.739079e+03	4.863477e+02	3.944188e+02	7.930466e+01	4.397603e+01	2.031409e+01
152	4.608854e+00	2.763177e+03	4.856546e+02	3.923713e+02	8.010004e+01	4.392240e+01	1.777212e+01
153	4.639175e+00	2.766182e+03	4.845821e+02	3.907292e+02	8.022328e+01	4.390263e+01	1.559058e+01
154	4.669497e+00	2.748658e+03	4.839482e+02	3.886373e+02	7.960345e+01	4.396416e+01	1.251857e+01
155	4.699818e+00	2.748416e+03	4.828405e+02	3.871598e+02	7.938093e+01	4.408353e+01	1.002029e+01
156	4.730139e+00	2.743261e+03	4.816483e+02	3.856404e+02	7.936079e+01	4.401202e+01	7.200613e+00
157	4.760461e+00	2.757012e+03	4.805813e+02	3.839917e+02	7.959437e+01	4.410282e+01	4.338795e+00
158	4.790782e+00	2.741799e+03	4.794633e+02	3.824881e+02	7.946728e+01	4.392962e+01	1.158209e+00
159	4.821104e+00	2.776148e+03	4.780085e+02	3.807949e+02	7.922517e+01	4.461589e+01	1.783959e+02
160	4.851425e+00	2.752490e+03	4.769024e+02	3.794544e+02	7.975407e+01	4.394232e+01	1.764628e+02
161	4.881747e+00	2.739691e+03	4.756513e+02	3.781444e+02	7.958304e+01	4.383199e+01	1.741671e+02
162	4.912068e+00	2.746244e+03	4.741815e+02	3.769464e+02	7.963058e+01	4.391061e+01	1.709946e+02
163	4.942389e+00	2.743228e+03	4.725052e+02	3.756703e+02	7.965400e+01	4.384948e+01	1.681884e+02
164	4.972711e+00	2.725505e+03	4.709713e+02	3.748055e+02	7.943949e+01	4.368383e+01	1.657745e+02
165	5.003032e+00	2.745588e+03	4.691469e+02	3.737654e+02	7.964362e+01	4.389292e+01	1.627283e+02
166	5.033354e+00	2.735921e+03	4.673656e+02	3.731016e+02	7.940672e+01	4.386888e+01	1.596262e+02
167	5.063675e+00	2.736018e+03	4.655326e+02	3.725638e+02	7.912445e+01	4.402692e+01	1.565463e+02
168	5.093996e+00	2.728412e+03	4.635772e+02	3.718069e+02	7.958343e+01	4.365133e+01	1.534569e+02
169	5.124318e+00	2.729081e+03	4.615624e+02	3.711962e+02	7.954623e+01	4.368245e+01	1.503274e+02
170	5.154639e+00	2.724808e+03	4.597291e+02	3.706940e+02	7.945745e+01	4.366278e+01	1.477673e+02
171	5.184961e+00	2.720108e+03	4.576270e+02	3.701744e+02	7.929116e+01	4.367888e+01	1.452803e+02
172	5.215282e+00	2.728341e+03	4.557647e+02	3.700222e+02	7.940698e+01	4.374718e+01	1.419170e+02
173	5.245603e+00	2.685412e+03	4.538811e+02	3.701567e+02	7.905776e+01	4.324905e+01	1.384029e+02
174	5.275925e+00	2.696243e+03	4.516002e+02	3.699407e+02	7.914752e+01	4.337423e+01	1.356120e+02
175	5.306246e+00	2.692713e+03	4.495659e+02	3.698238e+02	7.913064e+01	4.332670e+01	1.330024e+02
176	5.336568e+00	2.708610e+03	4.473892e+02	3.699260e+02	7.979674e+01	4.321869e+01	1.299274e+02
177	5.366889e+00	2.691367e+03	4.455292e+02	3.702682e+02	7.932846e+01	4.319704e+01	1.276902e+02
178	5.397210e+00	2.691664e+03	4.433403e+02	3.705988e+02	7.933904e+01	4.319605e+01	1.243801e+02
179	5.427532e+00	2.688456e+03	4.413955e+02	3.710833e+02	7.956802e+01	4.302041e+01	1.213168e+02
180	5.457853e+00	2.688128e+03	4.393851e+02	3.717380e+02	7.969370e+01	4.294733e+01	1.186664e+02
181	5.488175e+00	2.687437e+03	4.373984e+02	3.722071e+02	7.982581e+01	4.286521e+01	1.163053e+02
182	5.518496e+00	2.684749e+03	4.356221e+02	3.730039e+02	7.967410e+01	4.290389e+01	1.134697e+02
183	5.548817e+00	2.691954e+03	4.337194e+02	3.739877e+02	8.002395e+01	4.283095e+01	1.105045e+02
184	5.579139e+00	2.682220e+03	4.319444e+02	3.750760e+02	7.983280e+01	4.277826e+01	1.076624e+02
185	5.609460e+00	2.669778e+03	4.303229e+02	3.762665e+02	8.009631e+01	4.243974e+01	1.047388e+02
186	5.639782e+00	2.682246e+03	4.285308e+02	3.774035e+02	8.014081e+01	4.261426e+01	1.018258e+02
187	5.670103e+00	2.687941e+03	4.269991e+02	3.788547e+02	8.037794e+01	4.257876e+01	9.897808e+01
188	5.700424e+00	2.691056e+03	4.253625e+02	3.802914e+02	8.085964e+01	4.237415e+01	9.623055e+01
189	5.730746e+00	2.669317e+03	4.238929e+02	3.816776e+02	8.042873e+01	4.225705e+01	9.351286e+01
190	5.761067e+00	2.671575e+03	4.221629e+02	3.832167e+02	8.042815e+01	4.229309e+01	9.083679e+01
191	5.791389e+00	2.675874e+03	4.208580e+02	3.849899e+02	8.046764e+01	4.234035e+01	8.856442e+01
192	5.821710e+00	2.684910e+03	4.197705e+02	3.867401e+02	8.069680e+01	4.236269e+01	8.556313e+01
193	5.852032e+00	2.680989e+03	4.185327e+02	3.886110e+02	8.068311e+01	4.230800e+01	8.278777e+01
194	5.882353e+00	2.681295e+03	4.175538e+02	3.904938e+02	8.063117e+01	4.234008e+01	8.011110e+01
195	5.912674e+00	2.682579e+03	4.167594e+02	3.924148e+02	8.021024e+01	4.258267e+01	7.755467e+01
196	5.942996e+00	2.663088e+03	4.159742e+02	3.944035e+02	8.013828e+01	4.231123e+01	7.515844e+01
197	5.973317e+00	2.677923e+03	4.150526e+02	3.964661e+02	8.032018e+01	4.245057e+01	7.252623e+01
198	6.003639e+00	2.694133e+03	4.143791e+02	3.986236e+02	8.061758e+01	4.254998e+01	6.991832e+01
199	6.033960e+00	2.688270e+03	4.138051e+02	4.007732e+02	8.045015e+01	4.254574e+01	6.676886e+01
200	6.064281e+00	2.686279e+03	4.136294e+02	4.028367e+02	8.007282e+01	4.271457e+01	6.410626e+01
201	6.094603e+00	2.694784e+03	4.134252e+02	4.049852e+02	8.020080e+01	4.278144e+01	6.085633e+01
202	6.124924e+00	2.699446e+03	4.131451e+02	4.071797e+02	8.021429e+01	4.284825e+01	5.816221e+01
203	6.155246e+00	2.704418e+03	4.130690e+02	4.093828e+02	7.997852e+01	4.305372e+01	5.522091e+01
204	6.185567e+00	2.699172e+03	4.131132e+02	4.115396e+02	7.960167e+01	4.317363e+01	5.215296e+01
205	6.215888e+00	2.697524e+03	4.131383e+02	4.137572e+02	7.971014e+01	4.308855e+01	4.931669e+01
206	6.246210e+00	2.724029e+03	4.131248e+02	4.159957e+02	7.990810e+01	4.340414e+01	4.734484e+01
207	6.276531e+00	2.734471e+03	4.130401e+02	4.183230e+02	8.027515e+01	4.337128e+01	4.494258e+01
208	6.306853e+00	2.698173e+03	4.136499e+02	4.203298e+02	7.930679e+01	4.331812e+01	4.189705e+01
209	6.337174e+00	2.712688e+03	4.141208e+02	4.223772e+02	7.973975e+01	4.331467e+01	3.861258e+01
210	6.367495e+00	2.745522e+03	4.142690e+02	4.246059e+02	8.029095e+01	4.353800e+01	3.611194e+01
211	6.397817e+00	2.745723e+03	4.148436e+02	4.267275e+02	7.989277e+01	4.375819e+01	3.355227e+01
212	6.428138e+00	2.731573e+03	4.154540e+02	4.287330e+02	7.979699e+01	4.358493e+01	3.018739e+01
213	6.458460e+00	2.708356e+03	4.158095e+02	4.308918e+02	7.922362e+01	4.352725e+01	2.689881e+01
214	6.488781e+00	2.728487e+03	4.164941e+02	4.329250e+02	7.906755e+01	4.393734e+01	2.457287e+01
215	6.519102e+00	2.717693e+03	4.173081e+02	4.348589e+02	7.937170e+01	4.359581e+01	2.188337e+01
216	6.549424e+00	2.719460e+03	4.183268e+02	4.365845e+02	7.927680e+01	4.367638e+01	1.894870e+01
217	6.579745e+00	2.728612e+03	4.193779e+02	4.384697e+02	7.953471e+01	4.368126e+01	1.594529e+01
218	6.610067e+00	2.722955e+03	4.205804e+02	4.401165e+02	8.018190e+01	4.323886e+01	1.307105e+01
219	6.640388e+00	2.711131e+03	4.213649e+02	4.421853e+02	7.932778e+01	4.351464e+01	1.037949e+01
220	6.670710e+00	2.727561e+03	4.224605e+02	4.438363e+02	7.916621e+01	4.386768e+01	7.926641e+00
221	6.701031e+00	2.720776e+03	4.239122e+02	4.453785e+02	7.946038e+01	4.359656e+01	4.706664e+00
222	6.731352e+00	2.736156e+03	4.253615e+02	4.467057e+02	7.983028e+01	4.363985e+01	1.885804e+00
223	6.761674e+00	2.698159e+03	4.269969e+02	4.481972e+02	7.936716e+01	4.328494e+01	1.785130e+02
224	6.791995e+00	2.719893e+03	4.285476e+02	4.493912e+02	8.015964e+01	4.320223e+01	1.758964e+02
225	6.822317e+00	2.750848e+03	4.300928e+02	4.507069e+02	7.978275e+01	4.390033e+01	1.734007e+02
226	6.852638e+00	2.756043e+03	4.317616e+02	4.522537e+02	7.922887e+01	4.429071e+01	1.709338e+02
227	6.882959e+00	2.740262e+03	4.338181e+02	4.530060e+02	7.999850e+01	4.361345e+01	1.674261e+02
228	6.913281e+00	2.735744e+03	4.353732e+02	4.537731e+02	8.012359e+01	4.347355e+01	1.641587e+02
229	6.943602e+00	2.738312e+03	4.369414e+02	4.549586e+02	8.006377e+01	4.354688e+01	1.618057e+02
230	6.973924e+00	2.729212e+03	4.387367e+02	4.557788e+02	8.029653e+01	4.327635e+01	1.590623e+02
231	7.004245e+00	2.749063e+03	4.404191e+02	4.563070e+02	8.014362e+01	4.367428e+01	1.562137e+02
232	7.034566e+00	2.737694e+03	4.424143e+02	4.569914e+02	8.021235e+01	4.345640e+01	1.533175e+02
233	7.064888e+00	2.743854e+03	4.445466e+02	4.574656e+02	8.029461e+01	4.350957e+01	1.513537e+02
234	7.095209e+00	2.758784e+03	4.463351e+02	4.578770e+02	8.054272e+01	4.361155e+01	1.480849e+02
235	7.125531e+00	2.743500e+03	4.483513e+02	4.581666e+02	8.063733e+01	4.331906e+01	1.450959e+02
236	7.155852e+00	2.728625e+03	4.506192e+02	4.585402e+02	8.029504e+01	4.326784e+01	1.420117e+02
237	7.186173e+00	2.751969e+03	4.524765e+02	4.586127e+02	7.998853e+01	4.380522e+01	1.393853e+02
238	7.216495e+00	2.740583e+03	4.545549e+02	4.583346e+02	8.065132e+01	4.326548e+01	1.356774e+02
239	7.246816e+00	2.734032e+03	4.564482e+02	4.580301e+02	8.041307e+01	4.328995e+01	1.328552e+02
240	7.277138e+00	2.735655e+03	4.585559e+02	4.578530e+02	8.047989e+01	4.327968e+01	1.303094e+02
241	7.307459e+00	2.719187e+03	4.605240e+02	4.576363e+02	8.036029e+01	4.308317e+01	1.272774e+02
242	7.337780e+00	2.731160e+03	4.625053e+02	4.573532e+02	8.103125e+01	4.291456e+01	1.247925e+02
243	7.368102e+00	2.723119e+03	4.645391e+02	4.570251e+02	8.093211e+01	4.284063e+01	1.220297e+02
244	7.398423e+00	2.717716e+03	4.662821e+02	4.564806e+02	8.056508e+01	4.295042e+01	1.192843e+02
245	7.428745e+00	2.717913e+03	4.684322e+02	4.558749e+02	8.071623e+01	4.287309e+01	1.165822e+02
246	7.459066e+00	2.710735e+03	4.702379e+02	4.551015e+02	8.054383e+01	4.285138e+01	1.136921e+02
247	7.489388e+00	2.726379e+03	4.722786e+02	4.544170e+02	8.113489e+01	4.278473e+01	1.106291e+02
248	7.519709e+00	2.704357e+03	4.739670e+02	4.534901e+02	8.084540e+01	4.259110e+01	1.081934e+02
249	7.550030e+00	2.733101e+03	4.757024e+02	4.525157e+02	8.126154e+01	4.282337e+01	1.054357e+02
250	7.580352e+00	2.722844e+03	4.773852e+02	4.514971e+02	8.123820e+01	4.267491e+01	1.027257e+02
251	7.610673e+00	2.722098e+03	4.790872e+02	4.504155e+02	8.125598e+01	4.265388e+01	1.004104e+02
252	7.640995e+00	2.729055e+03	4.810698e+02	4.494701e+02	8.149895e+01	4.263541e+01	9.804333e+01
253	7.671316e+00	2.732622e+03	4.828017e+02	4.483526e+02	8.176485e+01	4.255231e+01	9.562701e+01
254	7.701637e+00	2.700656e+03	4.844796e+02	4.470745e+02	8.166428e+01	4.210632e+01	9.344244e+01
255	7.731959e+00	2.726872e+03	4.858506e+02	4.457715e+02	8.167395e+01	4.251003e+01	9.047645e+01
256	7.762280e+00	2.712637e+03	4.870498e+02	4.442761e+02	8.143159e+01	4.241397e+01	8.798107e+01
257	7.792602e+00	2.711208e+03	4.881295e+02	4.429955e+02	8.155236e+01	4.232885e+01	8.506323e+01
258	7.822923e+00	2.719975e+03	4.891076e+02	4.416302e+02	8.134033e+01	4.257642e+01	8.205380e+01
259	7.853244e+00	2.728546e+03	4.901937e+02	4.399632e+02	8.163136e+01	4.255830e+01	7.891686e+01
260	7.883566e+00	2.722118e+03	4.911005e+02	4.383729e+02	8.123597e+01	4.266470e+01	7.617292e+01
261	7.913887e+00	2.744507e+03	4.919305e+02	4.367289e+02	8.150328e+01	4.287453e+01	7.398324e+01
262	7.944209e+00	2.722576e+03	4.929422e+02	4.351039e+02	8.088357e+01	4.285780e+01	7.139719e+01
263	7.974530e+00	2.713261e+03	4.936342e+02	4.335341e+02	8.028467e+01	4.302977e+01	6.882902e+01
264	8.004851e+00	2.708523e+03	4.942598e+02	4.319058e+02	8.032681e+01	4.293211e+01	6.649767e+01
265	8.035173e+00	2.723817e+03	4.947033e+02	4.301046e+02	8.042496e+01	4.312183e+01	6.339412e+01
266	8.065494e+00	2.738051e+03	4.951712e+02	4.284316e+02	8.039028e+01	4.336587e+01	6.040873e+01
267	8.095816e+00	2.761370e+03	4.951132e+02	4.267137e+02	8.046154e+01	4.369647e+01	5.793908e+01
268	8.126137e+00	2.744302e+03	4.955796e+02	4.247360e+02	8.018311e+01	4.357718e+01	5.423798e+01
269	8.156458e+00	2.744174e+03	4.959465e+02	4.229828e+02	8.024019e+01	4.354416e+01	5.106462e+01
270	8.186780e+00	2.741652e+03	4.957640e+02	4.213327e+02	7.987981e+01	4.370041e+01	4.919817e+01
271	8.217101e+00	2.727723e+03	4.958721e+02	4.193579e+02	7.953030e+01	4.366946e+01	4.547350e+01
272	8.247423e+00	2.752088e+03	4.957181e+02	4.174813e+02	8.005791e+01	4.376915e+01	4.266433e+01
273	8.277744e+00	2.757939e+03	4.953909e+02	4.156848e+02	7.983235e+01	4.398614e+01	3.942594e+01
274	8.308065e+00	2.749209e+03	4.948531e+02	4.140630e+02	7.964722e+01	4.394882e+01	3.580979e+01
275	8.338387e+00	2.750611e+03	4.943852e+02	4.121359e+02	7.968540e+01	4.395017e+01	3.304755e+01
276	8.368708e+00	2.750025e+03	4.937507e+02	4.105522e+02	7.954902e+01	4.401613e+01	2.952982e+01
277	8.399030e+00	2.754117e+03	4.933020e+02	4.087929e+02	7.982928e+01	4.392687e+01	2.573997e+01
278	8.429351e+00	2.761967e+03	4.926282e+02	4.072635e+02	7.991855e+01	4.400287e+01	2.295078e+01
279	8.459673e+00	2.768292e+03	4.918592e+02	4.056982e+02	7.995020e+01	4.408617e+01	2.010169e+01
280	8.489994e+00	2.764035e+03	4.907686e+02	4.043215e+02	7.957964e+01	4.422335e+01	1.730347e+01
281	8.520315e+00	2.782468e+03	4.897157e+02	4.028248e+02	8.015289e+01	4.419988e+01	1.404050e+01
282	8.550637e+00	2.770433e+03	4.887774e+02	4.013422e+02	8.004840e+01	4.406615e+01	1.113858e+01
283	8.580958e+00	2.792142e+03	4.874822e+02	4.001062e+02	8.014400e+01	4.435847e+01	8.746820e+00
284	8.611280e+00	2.778757e+03	4.864723e+02	3.986151e+02	7.976808e+01	4.435387e+01	4.802967e+00
285	8.641601e+00	2.778855e+03	4.850427e+02	3.975435e+02	7.990881e+01	4.427732e+01	2.071388e+00
286	8.671922e+00	2.760141e+03	4.839184e+02	3.964188e+02	7.975259e+01	4.406529e+01	1.784775e+02
287	8.702244e+00	2.768952e+03	4.828078e+02	3.953249e+02	8.008767e+01	4.402101e+01	1.757747e+02
288	8.732565e+00	2.749199e+03	4.813851e+02	3.942708e+02	7.965048e+01	4.394686e+01	1.730984e+02
289	8.762887e+00	2.767497e+03	4.798373e+02	3.932841e+02	7.975335e+01	4.418230e+01	1.695566e+02
290	8.793208e+00	2.768035e+03	4.783547e+02	3.922996e+02	8.000685e+01	4.405087e+01	1.667607e+02
291	8.823529e+00	2.752419e+03	4.769418e+02	3.915684e+02	7.957224e+01	4.404160e+01	1.642667e+02
292	8.853851e+00	2.748634e+03	4.753492e+02	3.908890e+02	7.970636e+01	4.390703e+01	1.610284e+02
293	8.884172e+00	2.757071e+03	4.736477e+02	3.902274e+02	7.961172e+01	4.409416e+01	1.577795e+02
294	8.914494e+00	2.749797e+03	4.719850e+02	3.897888e+02	7.946056e+01	4.406148e+01	1.543690e+02
295	8.944815e+00	2.739709e+03	4.701638e+02	3.895039e+02	7.939551e+01	4.393581e+01	1.506387e+02
296	8.975136e+00	2.746327e+03	4.683918e+02	3.893780e+02	7.962782e+01	4.391344e+01	1.470865e+02
297	9.005458e+00	2.732433e+03	4.665975e+02	3.891180e+02	7.988144e+01	4.355256e+01	1.438507e+02
298	9.035779e+00	2.737394e+03	4.648383e+02	3.891821e+02	7.975634e+01	4.370008e+01	1.409985e+02
299	9.066101e+00	2.716794e+03	4.630706e+02	3.891096e+02	7.916376e+01	4.369587e+01	1.382740e+02
300	9.096422e+00	2.716642e+03	4.612444e+02	3.893709e+02	7.945238e+01	4.353470e+01	1.347557e+02
301	9.126743e+00	2.709401e+03	4.594925e+02	3.897880e+02	7.939613e+01	4.344943e+01	1.309634e+02
302	9.157065e+00	2.717814e+03	4.577220e+02	3.902115e+02	7.947520e+01	4.354099e+01	1.273657e+02
303	9.187386e+00	2.715347e+03	4.558117e+02	3.906496e+02	7.996809e+01	4.323333e+01	1.239229e+02
304	9.217708e+00	2.707204e+03	4.540836e+02	3.911805e+02	7.953148e+01	4.334031e+01	1.210558e+02
305	9.248029e+00	2.692390e+03	4.523238e+02	3.918729e+02	7.966887e+01	4.302882e+01	1.175819e+02
306	9.278351e+00	2.694375e+03	4.504181e+02	3.925520e+02	7.964114e+01	4.307553e+01	1.148066e+02
307	9.308672e+00	2.693935e+03	4.487289e+02	3.935228e+02	7.983121e+01	4.296597e+01	1.117704e+02
308	9.338993e+00	2.699490e+03	4.470438e+02	3.944038e+02	8.009690e+01	4.291174e+01	1.087588e+02
309	9.369315e+00	2.693972e+03	4.455717e+02	3.956115e+02	8.029933e+01	4.271606e+01	1.053589e+02
310	9.399636e+00	2.700721e+03	4.439461e+02	3.967927e+02	8.032085e+01	4.281160e+01	1.023298e+02
311	9.429958e+00	2.689091e+03	4.423132e+02	3.980651e+02	8.021175e+01	4.268523e+01	9.962695e+01
312	9.460279e+00	2.695644e+03	4.410429e+02	3.995326e+02	8.070696e+01	4.252670e+01	9.634373e+01
313	9.490600e+00	2.697515e+03	4.396593e+02	4.009840e+02	8.098566e+01	4.240976e+01	9.323377e+01
314	9.520922e+00	2.700963e+03	4.385723e+02	4.026470e+02	8.076795e+01	4.257844e+01	9.005885e+01
315	9.551243e+00	2.699865e+03	4.371326e+02	4.042694e+02	8.088166e+01	4.250129e+01	8.726000e+01
316	9.581565e+00	2.699328e+03	4.363008e+02	4.059282e+02	8.063701e+01	4.262176e+01	8.379847e+01
317	9.611886e+00	2.706307e+03	4.352874e+02	4.076928e+02	8.101577e+01	4.253218e+01	8.088638e+01
318	9.642207e+00	2.713971e+03	4.342697e+02	4.095814e+02	8.099768e+01	4.266215e+01	7.808051e+01
319	9.672529e+00	2.711277e+03	4.333923e+02	4.115101e+02	8.081943e+01	4.271380e+01	7.525478e+01
320	9.702850e+00	2.698384e+03	4.330666e+02	4.132507e+02	8.060238e+01	4.262516e+01	7.186225e+01
321	9.733172e+00	2.713478e+03	4.324230e+02	4.151455e+02	8.069840e+01	4.281259e+01	6.857178e+01
322	9.763493e+00	2.710831e+03	4.323413e+02	4.169359e+02	8.054949e+01	4.284989e+01	6.495689e+01
323	9.793814e+00	2.722269e+03	4.318005e+02	4.191187e+02	8.039367e+01	4.311409e+01	6.182908e+01
324	9.824136e+00	2.715043e+03	4.317618e+02	4.211140e+02	8.047244e+01	4.295756e+01	5.813652e+01
325	9.854457e+00	2.722258e+03	4.317679e+02	4.230156e+02	8.016605e+01	4.323634e+01	5.517266e+01
326	9.884779e+00	2.709672e+03	4.318197e+02	4.249604e+02	8.002048e+01	4.311473e+01	5.190414e+01
327	9.915100e+00	2.711035e+03	4.318204e+02	4.271747e+02	7.969501e+01	4.331258e+01	4.880331e+01
328	9.945421e+00	2.730817e+03	4.317635e+02	4.293509e+02	8.004231e+01	4.343932e+01	4.592270e+01
329	9.975743e+00	2.715178e+03	4.321642e+02	4.313456e+02	7.978050e+01	4.333229e+01	4.247820e+01
330	1.000606e+01	2.752819e+03	4.320509e+02	4.334649e+02	8.038419e+01	4.360307e+01	4.068219e+01
331	1.003639e+01	2.735358e+03	4.327731e+02	4.354516e+02	7.954892e+01	4.378144e+01	3.706725e+01
332	1.006671e+01	2.734525e+03	4.333706e+02	4.373619e+02	7.957454e+01	4.375401e+01	3.342367e+01
333	1.009703e+01	2.765642e+03	4.338567e+02	4.394758e+02	7.963313e+01	4.421934e+01	3.091160e+01
334	1.012735e+01	2.734853e+03	4.349326e+02	4.413299e+02	7.970745e+01	4.368629e+01	2.696328e+01
335	1.015767e+01	2.748520e+03	4.358512e+02	4.431264e+02	7.972081e+01	4.389725e+01	2.376076e+01
336	1.018799e+01	2.729177e+03	4.367805e+02	4.450293e+02	7.933134e+01	4.380231e+01	1.982495e+01
337	1.021831e+01	2.753585e+03	4.377368e+02	4.469228e+02	7.976255e+01	4.395513e+01	1.778018e+01
338	1.024864e+01	2.720447e+03	4.387406e+02	4.486496e+02	7.909011e+01	4.379538e+01	1.325813e+01
339	1.027896e+01	2.706469e+03	4.401089e+02	4.503362e+02	7.831216e+01	4.400316e+01	9.334427e+00
340	1.030928e+01	2.723778e+03	4.416847e+02	4.514498e+02	7.950252e+01	4.362154e+01	5.986686e+00
341	1.033960e+01	2.727878e+03	4.429711e+02	4.528491e+02	7.992423e+01	4.345669e+01	3.009345e+00
342	1.036992e+01	2.706772e+03	4.444181e+02	4.546152e+02	7.934533e+01	4.343505e+01	1.791081e+02
343	1.040024e+01	2.722611e+03	4.460411e+02	4.559964e+02	7.981100e+01	4.343432e+01	1.764586e+02
344	1.043056e+01	2.708477e+03	4.477257e+02	4.571263e+02	7.942224e+01	4.342033e+01	1.728047e+02
345	1.046089e+01	2.726599e+03	4.493891e+02	4.581544e+02	8.004674e+01	4.336983e+01	1.703801e+02
346	1.049121e+01	2.709823e+03	4.511431e+02	4.593542e+02	7.973910e+01	4.326929e+01	1.671160e+02
347	1.052153e+01	2.731144e+03	4.530297e+02	4.602012e+02	7.983443e+01	4.355766e+01	1.642753e+02
348	1.055185e+01	2.738326e+03	4.546239e+02	4.616005e+02	7.928049e+01	4.397733e+01	1.613255e+02
349	1.058217e+01	2.739170e+03	4.566994e+02	4.616438e+02	8.033787e+01	4.341191e+01	1.578710e+02
350	1.061249e+01	2.731921e+03	4.586360e+02	4.627050e+02	8.013281e+01	4.340781e+01	1.545674e+02
351	1.064281e+01	2.724341e+03	4.605600e+02	4.631525e+02	7.998648e+01	4.336656e+01	1.509897e+02
352	1.067314e+01	2.744789e+03	4.624672e+02	4.634110e+02	8.023299e+01	4.355782e+01	1.475922e+02
353	1.070346e+01	2.747262e+03	4.643958e+02	4.637322e+02	8.043108e+01	4.348969e+01	1.445087e+02
354	1.073378e+01	2.754227e+03	4.660010e+02	4.637992e+02	8.056429e+01	4.352785e+01	1.400318e+02
355	1.076410e+01	2.740352e+03	4.684036e+02	4.640945e+02	8.049040e+01	4.334834e+01	1.377282e+02
356	1.079442e+01	2.725013e+03	4.703340e+02	4.641045e+02	8.037061e+01	4.316994e+01	1.342639e+02
357	1.082474e+01	2.731349e+03	4.722117e+02	4.638158e+02	8.043586e+01	4.323521e+01	1.307079e+02
358	1.085506e+01	2.746823e+03	4.737376e+02	4.634598e+02	8.021031e+01	4.360242e+01	1.272553e+02
359	1.088539e+01	2.735221e+03	4.760656e+02	4.629984e+02	8.079047e+01	4.310646e+01	1.241692e+02
360	1.091571e+01	2.735272e+03	4.780652e+02	4.626507e+02	8.066016e+01	4.317690e+01	1.208808e+02
361	1.094603e+01	2.734055e+03	4.800262e+02	4.622220e+02	8.093156e+01	4.301297e+01	1.180248e+02
362	1.097635e+01	2.706923e+03	4.818363e+02	4.616859e+02	8.070912e+01	4.270349e+01	1.152193e+02
363	1.100667e+01	2.726243e+03	4.837836e+02	4.610009e+02	8.116254e+01	4.276800e+01	1.119980e+02
364	1.103699e+01	2.707534e+03	4.854749e+02	4.599879e+02	8.086710e+01	4.262969e+01	1.090458e+02
365	1.106731e+01	2.735359e+03	4.874061e+02	4.591424e+02	8.150206e+01	4.273225e+01	1.059624e+02
366	1.109763e+01	2.728754e+03	4.891362e+02	4.580809e+02	8.132558e+01	4.272158e+01	1.031221e+02
367	1.112796e+01	2.711567e+03	4.905733e+02	4.569787e+02	8.103358e+01	4.260548e+01	1.007627e+02
368	1.115828e+01	2.718011e+03	4.924531e+02	4.557717e+02	8.156489e+01	4.242854e+01	9.738866e+01
369	1.118860e+01	2.722199e+03	4.941486e+02	4.546432e+02	8.136855e+01	4.259645e+01	9.468236e+01
370	1.121892e+01	2.728125e+03	4.956827e+02	4.533137e+02	8.138157e+01	4.268235e+01	9.198442e+01
371	1.124924e+01	2.725169e+03	4.970417e+02	4.518595e+02	8.152785e+01	4.255960e+01	8.936817e+01
372	1.127956e+01	2.726545e+03	4.983143e+02	4.505075e+02	8.143678e+01	4.262872e+01	8.588996e+01
373	1.130988e+01	2.735678e+03	4.992671e+02	4.488293e+02	8.140035e+01	4.279065e+01	8.260391e+01
374	1.134021e+01	2.736018e+03	5.002392e+02	4.470932e+02	8.156299e+01	4.271063e+01	7.963092e+01
375	1.137053e+01	2.742345e+03	5.009949e+02	4.453647e+02	8.165275e+01	4.276233e+01	7.653883e+01
376	1.140085e+01	2.738556e+03	5.019879e+02	4.437074e+02	8.129443e+01	4.289148e+01	7.371905e+01
377	1.143117e+01	2.736924e+03	5.030354e+02	4.418769e+02	8.112209e+01	4.295698e+01	7.042426e+01
378	1.146149e+01	2.750171e+03	5.033266e+02	4.401270e+02	8.112336e+01	4.316423e+01	6.794257e+01
379	1.149181e+01	2.749404e+03	5.040471e+02	4.383022e+02	8.101714e+01	4.320875e+01	6.440880e+01
380	1.152213e+01	2.736503e+03	5.043531e+02	4.364313e+02	8.047198e+01	4.329736e+01	6.171709e+01
381	1.155246e+01	2.739160e+03	5.048902e+02	4.343642e+02	8.037126e+01	4.339370e+01	5.792337e+01
382	1.158278e+01	2.771176e+03	5.050909e+02	4.323937e+02	8.037947e+01	4.389642e+01	5.423328e+01
383	1.161310e+01	2.758399e+03	5.051455e+02	4.305592e+02	8.036479e+01	4.370200e+01	5.136312e+01
384	1.164342e+01	2.766863e+03	5.051072e+02	4.284902e+02	8.036101e+01	4.383816e+01	4.762889e+01
385	1.167374e+01	2.760380e+03	5.050923e+02	4.264967e+02	8.033875e+01	4.374757e+01	4.380173e+01
386	1.170406e+01	2.756294e+03	5.044503e+02	4.249019e+02	7.978753e+01	4.398460e+01	4.076985e+01
387	1.173438e+01	2.769880e+03	5.040179e+02	4.230692e+02	8.026052e+01	4.394092e+01	3.806429e+01
388	1.176471e+01	2.754727e+03	5.037241e+02	4.211535e+02	7.991390e+01	4.389008e+01	3.444043e+01
389	1.179503e+01	2.769967e+03	5.031585e+02	4.190917e+02	8.009103e+01	4.403529e+01	3.137810e+01
390	1.182535e+01	2.758110e+03	5.024673e+02	4.174500e+02	7.966805e+01	4.407959e+01	2.830038e+01
391	1.185567e+01	2.809919e+03	5.016157e+02	4.155334e+02	8.081514e+01	4.427017e+01	2.501270e+01
392	1.188599e+01	2.782851e+03	5.011061e+02	4.136804e+02	8.017048e+01	4.419627e+01	2.194378e+01
393	1.191631e+01	2.771175e+03	5.006345e+02	4.116557e+02	7.969687e+01	4.427237e+01	1.860680e+01
394	1.194663e+01	2.769771e+03	5.002511e+02	4.097154e+02	7.997401e+01	4.409661e+01	1.600805e+01
395	1.197696e+01	2.790100e+03	4.995339e+02	4.082094e+02	8.008501e+01	4.435868e+01	1.384564e+01
396	1.200728e+01	2.805637e+03	4.986173e+02	4.064646e+02	8.004826e+01	4.462617e+01	9.779624e+00
397	1.203760e+01	2.820577e+03	4.972609e+02	4.054656e+02	7.959802e+01	4.511758e+01	8.763758e+00
398	1.206792e+01	2.771795e+03	4.965692e+02	4.033940e+02	7.969810e+01	4.428160e+01	3.493689e+00
399	1.209824e+01	2.792157e+03	4.954992e+02	4.016802e+02	7.997913e+01	4.445015e+01	1.052103e-01
400	1.212856e+01	2.775232e+03	4.943085e+02	4.004968e+02	8.015486e+01	4.408385e+01	1.772961e+02
401	1.215888e+01	2.770434e+03	4.930057e+02	3.991161e+02	7.984762e+01	4.417698e+01	1.742358e+02
402	1.218921e+01	2.772473e+03	4.916270e+02	3.978395e+02	7.966257e+01	4.431218e+01	1.711523e+02
403	1.221953e+01	2.772132e+03	4.900522e+02	3.965535e+02	7.964095e+01	4.431876e+01	1.679579e+02
404	1.224985e+01	2.760395e+03	4.886145e+02	3.955302e+02	7.965604e+01	4.412276e+01	1.653641e+02
405	1.228017e+01	2.762480e+03	4.850419e+02	3.938605e+02	7.968497e+01	4.414006e+01	1.579261e+02
406	1.231049e+01	2.764515e+03	4.832785e+02	3.934939e+02	7.982526e+01	4.409494e+01	1.539921e+02
407	1.234081e+01	2.820834e+03	4.811820e+02	3.932820e+02	7.935343e+01	4.526078e+01	1.516905e+02
408	1.237113e+01	2.756094e+03	4.794586e+02	3.925195e+02	7.981117e+01	4.396837e+01	1.475551e+02
409	1.240146e+01	2.735109e+03	4.774193e+02	3.921904e+02	7.961551e+01	4.374084e+01	1.442399e+02
410	1.243178e+01	2.742378e+03	4.753940e+02	3.921553e+02	7.947499e+01	4.393462e+01	1.404887e+02
411	1.246210e+01	2.731376e+03	4.734405e+02	3.921941e+02	7.972280e+01	4.362235e+01	1.372144e+02
412	1.249242e+01	2.724563e+03	4.715434e+02	3.922724e+02	7.951254e+01	4.362861e+01	1.336892e+02
413	1.252274e+01	2.731808e+03	4.695855e+02	3.926607e+02	7.959935e+01	4.369691e+01	1.297862e+02
414	1.255306e+01	2.723789e+03	4.675656e+02	3.930675e+02	7.963319e+01	4.355014e+01	1.261044e+02
415	1.258338e+01	2.730949e+03	4.656393e+02	3.935140e+02	7.987260e+01	4.353374e+01	1.225939e+02
416	1.261371e+01	2.731093e+03	4.636974e+02	3.941932e+02	8.004537e+01	4.344206e+01	1.187816e+02
417	1.264403e+01	2.714421e+03	4.617885e+02	3.948448e+02	8.017136e+01	4.310901e+01	1.153557e+02
418	1.267435e+01	2.695760e+03	4.602109e+02	3.957274e+02	7.993819e+01	4.293752e+01	1.121770e+02
419	1.270467e+01	2.711143e+03	4.582455e+02	3.967203e+02	8.027066e+01	4.300368e+01	1.090321e+02
420	1.273499e+01	2.705993e+03	4.564274e+02	3.976515e+02	8.053410e+01	4.278159e+01	1.060403e+02
421	1.276531e+01	2.699347e+03	4.549501e+02	3.986687e+02	8.016780e+01	4.287151e+01	1.028039e+02
422	1.279563e+01	2.697299e+03	4.531673e+02	3.998622e+02	8.019089e+01	4.282666e+01	9.986567e+01
423	1.282596e+01	2.691978e+03	4.515552e+02	4.009665e+02	8.041621e+01	4.262242e+01	9.684119e+01
424	1.285628e+01	2.709567e+03	4.498760e+02	4.023275e+02	8.081038e+01	4.269164e+01	9.406240e+01
425	1.288660e+01	2.687677e+03	4.488638e+02	4.038566e+02	8.024179e+01	4.264681e+01	9.094164e+01
426	1.291692e+01	2.716796e+03	4.471920e+02	4.054885e+02	8.123328e+01	4.258270e+01	8.758744e+01
427	1.294724e+01	2.698970e+03	4.461593e+02	4.072740e+02	8.060024e+01	4.263554e+01	8.480599e+01
428	1.297756e+01	2.711887e+03	4.448500e+02	4.091106e+02	8.086629e+01	4.269866e+01	8.162375e+01
429	1.300788e+01	2.702380e+03	4.439544e+02	4.108030e+02	8.098856e+01	4.248473e+01	7.884763e+01
430	1.303820e+01	2.705420e+03	4.430565e+02	4.126719e+02	8.067694e+01	4.269680e+01	7.573746e+01
431	1.306853e+01	2.701508e+03	4.422911e+02	4.147084e+02	8.058586e+01	4.268325e+01	7.230035e+01
432	1.309885e+01	2.719683e+03	4.416503e+02	4.165984e+02	8.090035e+01	4.280337e+01	6.932453e+01
433	1.312917e+01	2.711190e+03	4.411489e+02	4.186728e+02	8.050514e+01	4.287917e+01	6.607533e+01
434	1.315949e+01	2.717671e+03	4.409046e+02	4.206992e+02	8.052116e+01	4.297313e+01	6.278855e+01
435	1.318981e+01	2.717236e+03	4.404821e+02	4.230109e+02	8.011082e+01	4.318633e+01	5.934906e+01
436	1.322013e+01	2.723891e+03	4.401975e+02	4.250575e+02	8.035004e+01	4.316321e+01	5.639686e+01
437	1.325045e+01	2.719452e+03	4.401295e+02	4.270702e+02	8.011597e+01	4.321878e+01	5.348367e+01
438	1.328078e+01	2.754135e+03	4.399420e+02	4.293112e+02	8.077042e+01	4.341532e+01	5.029232e+01
439	1.331110e+01	2.739055e+03	4.401122e+02	4.313216e+02	7.998112e+01	4.360370e+01	4.660356e+01
440	1.334142e+01	2.748332e+03	4.403996e+02	4.335600e+02	8.023357e+01	4.361373e+01	4.312400e+01
441	1.337174e+01	2.753232e+03	4.406001e+02	4.356688e+02	8.044617e+01	4.357602e+01	3.985652e+01
442	1.340206e+01	2.735442e+03	4.411294e+02	4.376099e+02	8.015469e+01	4.345189e+01	3.674882e+01
443	1.343238e+01	2.738750e+03	4.414367e+02	4.397499e+02	7.973540e+01	4.373320e+01	3.359843e+01
444	1.346270e+01	2.743905e+03	4.421216e+02	4.417536e+02	7.993218e+01	4.370766e+01	3.032998e+01
445	1.349303e+01	2.758177e+03	4.426505e+02	4.437661e+02	7.982344e+01	4.399484e+01	2.692284e+01
446	1.352335e+01	2.734635e+03	4.437305e+02	4.454509e+02	7.960770e+01	4.373755e+01	2.352750e+01
447	1.355367e+01	2.717595e+03	4.444297e+02	4.475108e+02	7.937134e+01	4.359444e+01	1.956652e+01
448	1.358399e+01	2.731908e+03	4.452478e+02	4.492385e+02	7.945970e+01	4.377531e+01	1.690441e+01
449	1.361431e+01	2.760860e+03	4.459163e+02	4.511533e+02	7.908250e+01	4.445024e+01	1.425713e+01
450	1.364463e+01	2.724174e+03	4.473857e+02	4.528146e+02	7.947198e+01	4.364463e+01	9.549754e+00
451	1.367495e+01	2.703417e+03	4.488518e+02	4.544572e+02	7.889843e+01	4.362694e+01	6.300515e+00
452	1.370528e+01	2.708287e+03	4.501631e+02	4.560493e+02	7.897799e+01	4.366151e+01	3.190508e+00
453	1.373560e+01	2.727100e+03	4.517713e+02	4.573859e+02	7.928484e+01	4.379465e+01	4.269302e-01
454	1.376592e+01	2.714111e+03	4.529737e+02	4.590857e+02	7.915131e+01	4.365959e+01	1.766981e+02
455	1.379624e+01	2.717515e+03	4.547567e+02	4.602970e+02	7.924221e+01	4.366420e+01	1.741676e+02
456	1.382656e+01	2.730328e+03	4.562203e+02	4.616576e+02	7.962261e+01	4.366048e+01	1.716810e+02
457	1.385688e+01	2.733886e+03	4.579333e+02	4.630706e+02	7.987439e+01	4.357957e+01	1.696714e+02
458	1.388720e+01	2.754945e+03	4.594545e+02	4.640902e+02	7.974397e+01	4.398709e+01	1.664217e+02
459	1.391753e+01	2.796703e+03	4.609509e+02	4.646074e+02	7.951131e+01	4.478448e+01	1.639166e+02
460	1.394785e+01	2.727697e+03	4.632828e+02	4.657819e+02	7.985004e+01	4.349417e+01	1.596593e+02
461	1.397817e+01	2.733974e+03	4.651743e+02	4.665198e+02	7.966792e+01	4.369393e+01	1.563755e+02
462	1.400849e+01	2.777226e+03	4.667218e+02	4.672596e+02	8.059690e+01	4.387357e+01	1.532192e+02
463	1.403881e+01	2.747046e+03	4.689983e+02	4.681263e+02	8.043604e+01	4.348359e+01	1.507993e+02
464	1.406913e+01	2.786011e+03	4.704233e+02	4.681691e+02	8.020150e+01	4.422935e+01	1.453645e+02
465	1.409945e+01	2.735354e+03	4.726843e+02	4.685972e+02	8.013702e+01	4.346007e+01	1.435253e+02
466	1.412978e+01	2.743105e+03	4.745834e+02	4.686108e+02	8.018799e+01	4.355552e+01	1.402485e+02
467	1.416010e+01	2.737287e+03	4.766180e+02	4.685443e+02	8.030917e+01	4.339756e+01	1.366095e+02
468	1.419042e+01	2.738923e+03	4.786326e+02	4.685093e+02	8.045797e+01	4.334318e+01	1.339758e+02
469	1.422074e+01	2.741323e+03	4.806020e+02	4.684807e+02	8.052058e+01	4.334745e+01	1.308857e+02
470	1.425106e+01	2.754450e+03	4.825549e+02	4.682854e+02	8.071155e+01	4.345195e+01	1.272591e+02
471	1.428138e+01	2.743980e+03	4.845293e+02	4.679591e+02	8.093539e+01	4.316707e+01	1.244085e+02
472	1.431170e+01	2.740020e+03	4.866133e+02	4.675188e+02	8.090385e+01	4.312159e+01	1.215214e+02
473	1.434203e+01	2.728390e+03	4.886596e+02	4.670691e+02	8.087328e+01	4.295478e+01	1.184960e+02
474	1.437235e+01	2.724440e+03	4.903659e+02	4.662646e+02	8.067025e+01	4.300054e+01	1.148547e+02
475	1.440267e+01	2.720962e+03	4.921770e+02	4.653155e+02	8.086876e+01	4.284023e+01	1.111412e+02
476	1.443299e+01	2.723476e+03	4.940394e+02	4.644266e+02	8.123193e+01	4.268811e+01	1.077398e+02
477	1.446331e+01	2.736998e+03	4.956296e+02	4.633396e+02	8.112646e+01	4.295582e+01	1.049234e+02
478	1.449363e+01	2.734464e+03	4.971346e+02	4.621280e+02	8.141965e+01	4.276151e+01	1.014559e+02
479	1.452395e+01	2.740838e+03	4.989091e+02	4.607672e+02	8.142113e+01	4.286041e+01	9.789367e+01
480	1.455428e+01	2.728478e+03	5.003062e+02	4.592910e+02	8.120689e+01	4.277971e+01	9.495595e+01
481	1.458460e+01	2.727746e+03	5.017016e+02	4.578549e+02	8.158258e+01	4.257127e+01	9.184301e+01
482	1.461492e+01	2.730857e+03	5.028334e+02	4.563601e+02	8.158997e+01	4.261597e+01	8.877022e+01
483	1.464524e+01	2.748967e+03	5.040425e+02	4.546428e+02	8.179736e+01	4.278980e+01	8.582874e+01
484	1.467556e+01	2.743317e+03	5.051877e+02	4.529355e+02	8.118919e+01	4.302173e+01	8.246573e+01
485	1.470588e+01	2.745170e+03	5.061561e+02	4.511890e+02	8.196783e+01	4.264183e+01	7.906778e+01
486	1.473620e+01	2.743760e+03	5.068958e+02	4.493837e+02	8.166273e+01	4.277917e+01	7.610562e+01
487	1.476653e+01	2.732065e+03	5.078410e+02	4.475052e+02	8.096249e+01	4.296525e+01	7.276135e+01
488	1.479685e+01	2.740864e+03	5.084132e+02	4.456645e+02	8.093549e+01	4.311800e+01	6.924525e+01
489	1.482717e+01	2.732978e+03	5.090704e+02	4.436857e+02	8.091747e+01	4.300352e+01	6.607055e+01
490	1.485749e+01	2.747581e+03	5.094128e+02	4.417816e+02	8.065718e+01	4.337281e+01	6.228186e+01
491	1.488781e+01	2.766521e+03	5.094358e+02	4.399922e+02	8.081226e+01	4.358798e+01	5.936407e+01
492	1.491813e+01	2.758456e+03	5.098753e+02	4.379091e+02	8.034420e+01	4.371412e+01	5.548042e+01
493	1.494845e+01	2.755811e+03	5.099832e+02	4.358616e+02	8.042370e+01	4.362902e+01	5.202171e+01
494	1.497878e+01	2.757306e+03	5.097917e+02	4.339354e+02	8.035364e+01	4.369075e+01	4.881756e+01
495	1.500910e+01	2.787212e+03	5.093994e+02	4.320125e+02	8.038140e+01	4.414937e+01	4.589520e+01
496	1.503942e+01	2.767427e+03	5.091759e+02	4.300052e+02	8.022609e+01	4.392084e+01	4.134314e+01
497	1.506974e+01	2.769279e+03	5.089359e+02	4.279829e+02	7.985857e+01	4.415250e+01	3.856372e+01
498	1.510006e+01	2.757136e+03	5.083558e+02	4.262864e+02	8.021860e+01	4.376161e+01	3.579761e+01
499	1.513038e+01	2.772507e+03	5.079507e+02	4.241331e+02	8.030920e+01	4.395593e+01	3.208503e+01
500	1.516070e+01	2.834295e+03	5.067966e+02	4.224967e+02	8.034016e+01	4.491821e+01	3.009886e+01
501	1.519102e+01	2.792024e+03	5.062041e+02	4.205253e+02	8.009494e+01	4.438376e+01	2.558065e+01
502	1.522135e+01	2.781483e+03	5.055067e+02	4.185695e+02	8.043224e+01	4.403078e+01	2.189395e+01
503	1.525167e+01	2.781372e+03	5.042691e+02	4.170490e+02	7.980872e+01	4.437300e+01	1.854619e+01
504	1.528199e+01	2.790920e+03	5.032802e+02	4.153508e+02	7.995052e+01	4.444636e+01	1.499701e+01
505	1.531231e+01	2.784621e+03	5.021036e+02	4.138037e+02	8.028066e+01	4.416367e+01	1.203252e+01
506	1.534263e+01	2.797195e+03	5.007759e+02	4.124572e+02	8.012361e+01	4.445007e+01	9.064473e+00
507	1.537295e+01	2.791096e+03	4.991843e+02	4.111576e+02	8.014811e+01	4.433959e+01	4.336335e+00
508	1.540327e+01	2.811114e+03	4.976374e+02	4.102311e+02	8.000813e+01	4.473572e+01	9.608822e-01
509	1.543360e+01	2.793818e+03	4.962043e+02	4.087444e+02	8.029314e+01	4.430266e+01	1.763793e+02
510	1.546392e+01	2.785453e+03	4.944281e+02	4.076574e+02	7.961889e+01	4.454406e+01	1.724589e+02
511	1.549424e+01	2.789570e+03	4.927616e+02	4.067649e+02	7.995244e+01	4.442380e+01	1.691634e+02
512	1.552456e+01	2.776298e+03	4.908524e+02	4.057169e+02	8.016432e+01	4.409558e+01	1.653857e+02
513	1.555488e+01	2.778073e+03	4.892360e+02	4.051402e+02	7.966798e+01	4.439866e+01	1.622607e+02
514	1.558520e+01	2.766370e+03	4.872500e+02	4.044161e+02	7.957344e+01	4.426416e+01	1.589254e+02
515	1.561552e+01	2.772833e+03	4.855801e+02	4.041814e+02	7.963927e+01	4.433089e+01	1.557397e+02
516	1.564585e+01	2.761384e+03	4.835763e+02	4.035802e+02	7.967838e+01	4.412618e+01	1.513444e+02
517	1.567617e+01	2.767913e+03	4.814601e+02	4.031777e+02	7.979846e+01	4.416397e+01	1.482004e+02
518	1.570649e+01	2.763694e+03	4.795778e+02	4.030315e+02	7.983378e+01	4.407714e+01	1.447497e+02
519	1.573681e+01	2.732746e+03	4.775034e+02	4.030945e+02	7.947490e+01	4.378037e+01	1.409100e+02
520	1.576713e+01	2.749052e+03	4.754438e+02	4.030672e+02	7.968701e+01	4.392436e+01	1.372512e+02
521	1.579745e+01	2.744375e+03	4.734005e+02	4.032594e+02	7.968284e+01	4.385194e+01	1.333172e+02
522	1.582777e+01	2.735455e+03	4.715119e+02	4.034949e+02	7.963052e+01	4.373811e+01	1.303403e+02
523	1.585810e+01	2.740380e+03	4.695415e+02	4.038694e+02	7.997192e+01	4.362983e+01	1.270798e+02
524	1.588842e+01	2.723342e+03	4.675486e+02	4.044744e+02	7.945319e+01	4.364163e+01	1.237705e+02
525	1.591874e+01	2.727516e+03	4.657105e+02	4.050905e+02	7.991433e+01	4.345630e+01	1.199534e+02
526	1.594906e+01	2.734351e+03	4.638134e+02	4.058163e+02	8.028997e+01	4.336138e+01	1.160342e+02
527	1.597938e+01	2.718941e+03	4.619283e+02	4.065516e+02	8.006885e+01	4.323609e+01	1.132042e+02
528	1.600970e+01	2.711945e+03	4.601529e+02	4.076857e+02	8.013784e+01	4.308771e+01	1.096649e+02
529	1.604002e+01	2.685654e+03	4.586310e+02	4.088381e+02	7.979354e+01	4.285411e+01	1.065169e+02
530	1.607035e+01	2.706105e+03	4.567181e+02	4.098976e+02	8.056986e+01	4.276437e+01	1.033808e+02
531	1.610067e+01	2.697378e+03	4.552297e+02	4.111428e+02	8.040189e+01	4.271552e+01	1.003582e+02
532	1.613099e+01	2.696775e+03	4.538752e+02	4.123807e+02	8.065903e+01	4.256982e+01	9.714474e+01
533	1.616131e+01	2.697725e+03	4.522098e+02	4.136512e+02	8.047829e+01	4.268045e+01	9.414434e+01
534	1.619163e+01	2.695841e+03	4.508583e+02	4.151072e+02	8.036434e+01	4.271113e+01	9.108457e+01
535	1.622195e+01	2.700128e+03	4.494886e+02	4.168065e+02	8.063035e+01	4.263791e+01	8.809087e+01
536	1.625227e+01	2.723554e+03	4.481080e+02	4.184473e+02	8.101025e+01	4.280615e+01	8.553696e+01
537	1.628260e+01	2.700747e+03	4.471511e+02	4.203022e+02	8.079691e+01	4.255977e+01	8.195026e+01
538	1.631292e+01	2.718422e+03	4.461664e+02	4.221706e+02	8.091737e+01	4.277453e+01	7.881938e+01
539	1.634324e+01	2.723044e+03	4.453223e+02	4.240044e+02	8.078441e+01	4.291777e+01	7.590833e+01
540	1.637356e+01	2.733713e+03	4.446181e+02	4.259481e+02	8.069744e+01	4.313237e+01	7.226092e+01
541	1.640388e+01	2.716068e+03	4.441031e+02	4.280760e+02	8.054339e+01	4.293593e+01	6.940427e+01
542	1.643420e+01	2.725938e+03	4.433806e+02	4.299545e+02	8.068843e+01	4.301450e+01	6.704118e+01
543	1.646452e+01	2.736220e+03	4.428981e+02	4.319852e+02	8.088554e+01	4.307153e+01	6.411753e+01
544	1.649485e+01	2.730111e+03	4.425865e+02	4.340855e+02	8.063169e+01	4.311065e+01	6.078868e+01
545	1.652517e+01	2.746049e+03	4.423704e+02	4.361731e+02	8.081239e+01	4.326538e+01	5.679259e+01
546	1.655549e+01	2.753510e+03	4.423850e+02	4.382456e+02	8.065733e+01	4.346633e+01	5.333837e+01
547	1.658581e+01	2.749936e+03	4.425245e+02	4.403938e+02	8.040361e+01	4.354690e+01	4.977002e+01
548	1.661613e+01	2.735453e+03	4.427741e+02	4.424424e+02	8.010988e+01	4.347638e+01	4.606773e+01
549	1.664645e+01	2.748717e+03	4.427090e+02	4.445091e+02	7.944717e+01	4.405160e+01	4.311650e+01
550	1.667677e+01	2.756987e+03	4.432459e+02	4.466842e+02	8.040274e+01	4.365902e+01	3.939420e+01
551	1.670710e+01	2.738470e+03	4.435954e+02	4.486956e+02	8.025558e+01	4.344531e+01	3.589376e+01
552	1.673742e+01	2.755225e+03	4.439626e+02	4.507836e+02	8.041438e+01	4.362481e+01	3.315569e+01
553	1.676774e+01	2.753692e+03	4.447049e+02	4.527962e+02	8.008295e+01	4.378097e+01	2.941197e+01
554	1.679806e+01	2.758889e+03	4.453278e+02	4.547746e+02	7.992500e+01	4.395028e+01	2.634267e+01
555	1.682838e+01	2.730571e+03	4.463694e+02	4.567212e+02	7.973756e+01	4.360142e+01	2.247867e+01
556	1.685870e+01	2.728161e+03	4.472081e+02	4.587373e+02	7.961024e+01	4.363261e+01	1.947936e+01
557	1.688902e+01	2.745336e+03	4.483793e+02	4.605468e+02	7.998674e+01	4.370062e+01	1.621951e+01
558	1.691935e+01	2.734987e+03	4.496136e+02	4.623954e+02	7.987305e+01	4.359785e+01	1.279079e+01
559	1.694967e+01	2.754861e+03	4.508264e+02	4.637969e+02	7.939722e+01	4.417784e+01	1.013990e+01
560	1.697999e+01	2.740513e+03	4.519778e+02	4.658803e+02	7.972598e+01	4.376653e+01	5.627851e+00
561	1.701031e+01	2.722648e+03	4.536334e+02	4.671689e+02	7.907047e+01	4.384169e+01	2.296582e+00
562	1.704063e+01	2.720281e+03	4.552601e+02	4.685666e+02	7.925549e+01	4.370131e+01	1.792339e+02
563	1.707095e+01	2.735010e+03	4.568245e+02	4.695211e+02	7.980503e+01	4.363539e+01	1.756524e+02
564	1.710127e+01	2.745394e+03	4.584820e+02	4.709906e+02	8.012414e+01	4.362660e+01	1.720685e+02
565	1.713159e+01	2.733109e+03	4.602163e+02	4.722141e+02	7.974587e+01	4.363740e+01	1.687824e+02
566	1.716192e+01	2.809397e+03	4.616905e+02	4.731304e+02	7.928500e+01	4.511617e+01	1.669317e+02
567	1.719224e+01	2.780665e+03	4.635288e+02	4.737602e+02	7.974882e+01	4.439505e+01	1.619793e+02
568	1.722256e+01	2.753687e+03	4.657683e+02	4.745569e+02	8.009572e+01	4.377392e+01	1.588032e+02
569	1.725288e+01	2.753816e+03	4.676309e+02	4.752000e+02	7.970123e+01	4.399265e+01	1.557753e+02
570	1.728320e+01	2.753133e+03	4.697776e+02	4.757263e+02	8.026531e+01	4.367264e+01	1.517097e+02
571	1.731352e+01	2.753517e+03	4.716178e+02	4.759959e+02	7.958879e+01	4.405001e+01	1.479784e+02
572	1.734384e+01	2.764939e+03	4.736771e+02	4.760381e+02	8.069102e+01	4.362852e+01	1.447175e+02
573	1.737417e+01	2.755573e+03	4.756502e+02	4.760225e+02	8.034843e+01	4.366613e+01	1.410791e+02
574	1.740449e+01	2.754273e+03	4.777787e+02	4.759784e+02	8.031302e+01	4.366477e+01	1.378542e+02
575	1.743481e+01	2.739128e+03	4.797919e+02	4.758498e+02	8.005994e+01	4.356194e+01	1.345250e+02
576	1.746513e+01	2.756971e+03	4.814865e+02	4.754974e+02	8.087482e+01	4.340393e+01	1.304203e+02
577	1.749545e+01	2.741661e+03	4.833608e+02	4.749752e+02	8.068668e+01	4.326354e+01	1.266660e+02
578	1.752577e+01	2.736006e+03	4.855396e+02	4.744725e+02	8.090229e+01	4.305923e+01	1.236589e+02
579	1.755609e+01	2.734634e+03	4.875945e+02	4.738473e+02	8.080816e+01	4.308778e+01	1.205550e+02
580	1.758642e+01	2.731348e+03	4.897911e+02	4.733545e+02	8.092588e+01	4.297340e+01	1.177176e+02
581	1.761674e+01	2.731230e+03	4.914378e+02	4.725058e+02	8.123571e+01	4.280765e+01	1.143229e+02
582	1.764706e+01	2.749177e+03	4.932709e+02	4.716636e+02	8.145381e+01	4.297356e+01	1.113243e+02
583	1.767738e+01	2.732199e+03	4.951553e+02	4.709660e+02	8.113470e+01	4.287615e+01	1.085919e+02
584	1.770770e+01	2.736880e+03	4.969156e+02	4.698322e+02	8.136547e+01	4.282780e+01	1.050943e+02
585	1.773802e+01	2.729213e+03	4.986237e+02	4.687183e+02	8.127275e+01	4.275655e+01	1.024348e+02
586	1.776834e+01	2.735024e+03	5.001024e+02	4.674682e+02	8.142438e+01	4.276779e+01	9.892684e+01
587	1.779867e+01	2.739722e+03	5.017106e+02	4.660453e+02	8.174769e+01	4.267181e+01	9.560715e+01
588	1.782899e+01	2.743273e+03	5.028058e+02	4.646314e+02	8.197622e+01	4.260802e+01	9.227235e+01
589	1.785931e+01	2.752069e+03	5.044072e+02	4.632309e+02	8.189953e+01	4.278466e+01	8.912694e+01
590	1.788963e+01	2.734567e+03	5.056642e+02	4.617290e+02	8.140169e+01	4.277256e+01	8.631667e+01
591	1.791995e+01	2.731367e+03	5.070208e+02	4.600833e+02	8.125432e+01	4.279999e+01	8.362778e+01
592	1.795027e+01	2.739514e+03	5.080259e+02	4.585049e+02	8.154200e+01	4.277620e+01	8.051462e+01
593	1.798059e+01	2.746882e+03	5.091348e+02	4.567472e+02	8.158194e+01	4.287025e+01	7.753542e+01
594	1.801092e+01	2.742356e+03	5.098449e+02	4.549945e+02	8.169866e+01	4.273847e+01	7.437522e+01
595	1.804124e+01	2.743632e+03	5.106772e+02	4.531470e+02	8.108055e+01	4.308433e+01	7.143763e+01
596	1.807156e+01	2.779685e+03	5.109449e+02	4.511562e+02	8.186163e+01	4.323399e+01	6.791314e+01
597	1.810188e+01	2.754526e+03	5.117078e+02	4.493136e+02	8.112775e+01	4.323023e+01	6.409738e+01
598	1.813220e+01	2.781565e+03	5.118718e+02	4.473008e+02	8.120388e+01	4.361367e+01	6.087146e+01
599	1.816252e+01	2.770735e+03	5.120730e+02	4.454120e+02	8.122989e+01	4.342994e+01	5.730027e+01
600	1.819284e+01	2.785003e+03	5.121992e+02	4.432691e+02	8.121255e+01	4.366291e+01	5.368542e+01
601	1.822317e+01	2.781181e+03	5.121573e+02	4.412872e+02	8.050836e+01	4.398438e+01	5.047699e+01
602	1.825349e+01	2.784179e+03	5.119523e+02	4.393069e+02	8.056002e+01	4.400356e+01	4.720567e+01
603	1.828381e+01	2.771258e+03	5.116700e+02	4.375026e+02	8.041100e+01	4.388051e+01	4.310155e+01
604	1.831413e+01	2.770064e+03	5.112910e+02	4.355689e+02	8.026127e+01	4.394343e+01	4.046846e+01
605	1.834445e+01	2.771006e+03	5.110088e+02	4.333987e+02	8.020139e+01	4.399120e+01	3.670670e+01
606	1.837477e+01	2.792937e+03	5.104972e+02	4.315308e+02	8.049287e+01	4.417880e+01	3.278225e+01
607	1.840509e+01	2.786938e+03	5.097435e+02	4.297028e+02	8.038548e+01	4.414280e+01	2.970294e+01
608	1.843542e+01	2.833483e+03	5.088439e+02	4.279688e+02	8.032266e+01	4.491513e+01	2.650275e+01
609	1.846574e+01	2.813114e+03	5.080272e+02	4.263830e+02	8.108363e+01	4.417375e+01	2.277835e+01
610	1.849606e+01	2.877981e+03	5.064993e+02	4.254010e+02	8.214748e+01	4.460707e+01	2.138835e+01
611	1.852638e+01	2.799833e+03	5.060207e+02	4.227897e+02	8.044010e+01	4.431693e+01	1.470621e+01
612	1.855670e+01	2.786861e+03	5.048403e+02	4.213956e+02	8.014050e+01	4.427650e+01	1.128402e+01
613	1.858702e+01	2.796847e+03	5.032596e+02	4.198598e+02	8.020794e+01	4.439780e+01	7.771751e+00
614	1.861734e+01	2.799371e+03	5.017841e+02	4.182626e+02	8.020138e+01	4.444150e+01	3.530516e+00
615	1.864767e+01	2.796247e+03	5.002404e+02	4.170203e+02	8.009665e+01	4.444995e+01	3.308858e-01
616	1.867799e+01	2.796708e+03	4.986896e+02	4.159945e+02	7.953313e+01	4.477228e+01	1.771356e+02
617	1.870831e+01	2.780279e+03	4.971786e+02	4.149451e+02	7.966161e+01	4.443748e+01	1.730574e+02
618	1.873863e+01	2.799103e+03	4.953994e+02	4.139222e+02	8.002590e+01	4.453469e+01	1.686160e+02
619	1.876895e+01	2.782576e+03	4.937366e+02	4.133849e+02	7.966515e+01	4.447222e+01	1.652643e+02
620	1.879927e+01	2.778927e+03	4.918791e+02	4.124215e+02	8.000201e+01	4.422689e+01	1.615290e+02
621	1.882959e+01	2.791935e+03	4.898468e+02	4.115912e+02	8.002950e+01	4.441864e+01	1.579547e+02
622	1.885992e+01	2.770319e+03	4.882739e+02	4.113752e+02	7.954311e+01	4.434426e+01	1.545458e+02
623	1.889024e+01	2.810664e+03	4.860672e+02	4.109785e+02	7.930235e+01	4.512664e+01	1.501926e+02
624	1.892056e+01	2.789057e+03	4.842460e+02	4.106971e+02	7.948586e+01	4.467635e+01	1.468643e+02
625	1.895088e+01	2.757450e+03	4.823996e+02	4.105100e+02	7.945669e+01	4.418627e+01	1.431604e+02
626	1.898120e+01	2.746868e+03	4.804734e+02	4.103553e+02	7.952596e+01	4.397835e+01	1.398630e+02
627	1.901152e+01	2.736072e+03	4.784909e+02	4.103997e+02	7.937085e+01	4.389111e+01	1.363303e+02
628	1.904184e+01	2.741692e+03	4.764584e+02	4.104803e+02	7.966623e+01	4.381821e+01	1.331008e+02
629	1.907216e+01	2.726476e+03	4.745190e+02	4.107415e+02	7.936002e+01	4.374315e+01	1.296637e+02
630	1.910249e+01	2.721118e+03	4.726924e+02	4.111055e+02	7.964810e+01	4.349928e+01	1.266921e+02
631	1.913281e+01	2.751949e+03	4.704406e+02	4.114179e+02	8.019842e+01	4.369027e+01	1.227578e+02
632	1.916313e+01	2.728180e+03	4.686560e+02	4.117763e+02	8.007287e+01	4.338081e+01	1.198938e+02
633	1.919345e+01	2.715171e+03	4.666010e+02	4.123785e+02	7.997816e+01	4.322509e+01	1.166889e+02
634	1.922377e+01	2.715949e+03	4.648794e+02	4.132957e+02	7.994926e+01	4.325310e+01	1.133684e+02
635	1.925409e+01	2.718651e+03	4.630761e+02	4.142284e+02	8.049863e+01	4.300065e+01	1.098923e+02
636	1.928441e+01	2.705600e+03	4.616606e+02	4.153492e+02	8.024952e+01	4.292707e+01	1.064151e+02
637	1.931474e+01	2.703847e+03	4.599041e+02	4.164864e+02	8.033024e+01	4.285616e+01	1.024308e+02
638	1.934506e+01	2.704342e+03	4.585468e+02	4.179234e+02	8.038961e+01	4.283234e+01	9.931715e+01
639	1.937538e+01	2.709017e+03	4.570170e+02	4.193560e+02	8.072295e+01	4.272920e+01	9.581847e+01
640	1.940570e+01	2.725221e+03	4.553336e+02	4.207524e+02	8.133148e+01	4.266317e+01	9.306555e+01
641	1.943602e+01	2.707106e+03	4.541850e+02	4.223397e+02	8.072027e+01	4.270049e+01	8.996634e+01
642	1.946634e+01	2.718173e+03	4.529438e+02	4.240439e+02	8.099097e+01	4.273175e+01	8.704517e+01
643	1.949666e+01	2.727496e+03	4.517637e+02	4.258156e+02	8.134212e+01	4.269321e+01	8.369009e+01
644	1.952699e+01	2.707503e+03	4.506196e+02	4.275706e+02	8.073964e+01	4.269650e+01	8.091388e+01
645	1.955731e+01	2.715459e+03	4.496359e+02	4.294689e+02	8.129173e+01	4.253114e+01	7.771104e+01
646	1.958763e+01	2.768901e+03	4.485419e+02	4.314138e+02	8.207409e+01	4.295477e+01	7.485670e+01
647	1.961795e+01	2.728851e+03	4.482828e+02	4.333264e+02	8.087134e+01	4.296307e+01	7.188353e+01
648	1.964827e+01	2.733267e+03	4.476294e+02	4.354576e+02	8.096369e+01	4.298352e+01	6.846212e+01
649	1.967859e+01	2.729102e+03	4.472605e+02	4.375772e+02	8.064940e+01	4.308527e+01	6.490010e+01
650	1.970891e+01	2.742269e+03	4.465031e+02	4.397204e+02	8.121803e+01	4.299002e+01	6.242704e+01
651	1.973924e+01	2.752840e+03	4.460392e+02	4.418569e+02	8.094750e+01	4.329997e+01	5.963472e+01
652	1.976956e+01	2.738846e+03	4.458653e+02	4.437925e+02	8.050171e+01	4.331842e+01	5.619064e+01
653	1.979988e+01	2.750499e+03	4.456115e+02	4.459301e+02	8.015166e+01	4.369272e+01	5.291669e+01
654	1.983020e+01	2.754671e+03	4.455586e+02	4.481839e+02	8.051264e+01	4.356280e+01	4.933880e+01
655	1.986052e+01	2.759993e+03	4.457742e+02	4.502201e+02	8.023429e+01	4.379838e+01	4.637583e+01
656	1.989084e+01	2.767756e+03	4.459825e+02	4.523180e+02	8.063654e+01	4.370247e+01	4.309288e+01
657	1.992116e+01	2.756047e+03	4.464443e+02	4.542651e+02	8.022337e+01	4.374172e+01	3.940852e+01
658	1.995149e+01	2.766256e+03	4.468011e+02	4.565512e+02	8.070754e+01	4.364036e+01	3.603690e+01
659	1.998181e+01	2.751182e+03	4.475028e+02	4.584350e+02	8.026999e+01	4.363914e+01	3.262878e+01
660	2.001213e+01	2.747987e+03	4.482717e+02	4.603867e+02	8.009023e+01	4.368629e+01	2.896791e+01
661	2.004245e+01	2.764941e+03	4.491392e+02	4.623202e+02	7.993999e+01	4.403844e+01	2.575865e+01
662	2.007277e+01	2.761213e+03	4.499951e+02	4.642977e+02	8.005473e+01	4.391603e+01	2.226453e+01
663	2.010309e+01	2.750340e+03	4.511311e+02	4.660154e+02	7.979662e+01	4.388459e+01	1.965263e+01
664	2.013341e+01	2.757326e+03	4.521946e+02	4.679776e+02	7.974680e+01	4.402354e+01	1.624767e+01
665	2.016374e+01	2.772456e+03	4.532669e+02	4.697142e+02	7.992366e+01	4.416716e+01	1.282448e+01
666	2.019406e+01	2.780258e+03	4.548527e+02	4.714156e+02	8.034926e+01	4.405685e+01	9.615420e+00
667	2.022438e+01	2.766257e+03	4.561541e+02	4.727974e+02	8.010469e+01	4.396880e+01	5.351617e+00
668	2.025470e+01	2.777026e+03	4.574449e+02	4.745060e+02	7.974792e+01	4.433744e+01	2.385616e+00
669	2.028502e+01	2.750794e+03	4.592054e+02	4.759799e+02	8.010256e+01	4.372420e+01	1.789521e+02
670	2.031534e+01	2.755083e+03	4.607967e+02	4.776467e+02	7.986536e+01	4.392242e+01	1.756581e+02
671	2.034566e+01	2.754535e+03	4.625356e+02	4.784037e+02	8.018585e+01	4.373817e+01	1.723130e+02
672	2.037599e+01	2.723553e+03	4.641993e+02	4.798866e+02	7.943730e+01	4.365374e+01	1.681377e+02
673	2.040631e+01	2.737951e+03	4.659364e+02	4.804153e+02	7.987060e+01	4.364644e+01	1.656655e+02
674	2.043663e+01	2.759419e+03	4.677654e+02	4.814329e+02	8.007137e+01	4.387837e+01	1.620054e+02
675	2.046695e+01	2.795484e+03	4.694355e+02	4.822624e+02	7.960496e+01	4.471230e+01	1.583358e+02
676	2.049727e+01	2.816139e+03	4.713112e+02	4.833330e+02	7.962930e+01	4.502890e+01	1.565333e+02
677	2.052759e+01	2.762246e+03	4.735684e+02	4.835739e+02	7.989674e+01	4.401933e+01	1.524406e+02
678	2.055791e+01	2.769659e+03	4.753489e+02	4.839901e+02	7.953111e+01	4.434038e+01	1.488794e+02
679	2.058824e+01	2.747572e+03	4.775422e+02	4.844158e+02	7.977921e+01	4.384999e+01	1.460011e+02
680	2.061856e+01	2.770512e+03	4.795627e+02	4.844777e+02	8.045810e+01	4.384301e+01	1.430303e+02
681	2.064888e+01	2.780400e+03	4.816312e+02	4.846953e+02	8.073299e+01	4.384968e+01	1.399526e+02
682	2.067920e+01	2.774208e+03	4.836135e+02	4.846426e+02	8.064380e+01	4.380040e+01	1.368298e+02
683	2.070952e+01	2.776041e+03	4.858266e+02	4.846644e+02	8.031408e+01	4.400928e+01	1.338568e+02
684	2.073984e+01	2.767775e+03	4.878068e+02	4.844588e+02	8.023144e+01	4.392343e+01	1.306685e+02
685	2.077016e+01	2.779889e+03	4.894444e+02	4.839555e+02	8.095988e+01	4.371875e+01	1.262340e+02
686	2.080049e+01	2.768092e+03	4.920336e+02	4.834421e+02	8.104480e+01	4.348761e+01	1.236639e+02
687	2.083081e+01	2.767127e+03	4.941011e+02	4.829079e+02	8.117728e+01	4.340150e+01	1.203095e+02
688	2.086113e+01	2.753989e+03	4.959547e+02	4.822737e+02	8.103187e+01	4.327294e+01	1.169238e+02
689	2.089145e+01	2.740794e+03	4.978934e+02	4.814855e+02	8.110017e+01	4.302935e+01	1.135657e+02
690	2.092177e+01	2.727416e+03	5.001104e+02	4.806665e+02	8.083891e+01	4.295770e+01	1.111008e+02
691	2.095209e+01	2.756924e+03	5.015250e+02	4.795655e+02	8.192915e+01	4.284464e+01	1.073965e+02
692	2.098241e+01	2.744946e+03	5.035275e+02	4.786137e+02	8.185480e+01	4.269724e+01	1.041277e+02
693	2.101273e+01	2.751977e+03	5.050525e+02	4.773436e+02	8.197540e+01	4.274363e+01	1.013893e+02
694	2.104306e+01	2.728500e+03	5.069407e+02	4.760574e+02	8.126817e+01	4.274779e+01	9.825252e+01
695	2.107338e+01	2.747924e+03	5.081833e+02	4.746009e+02	8.225053e+01	4.253790e+01	9.494748e+01
696	2.110370e+01	2.744396e+03	5.097154e+02	4.731219e+02	8.182541e+01	4.270402e+01	9.211015e+01
697	2.113402e+01	2.743410e+03	5.110021e+02	4.715592e+02	8.176522e+01	4.272010e+01	8.889579e+01
698	2.116434e+01	2.738331e+03	5.123134e+02	4.699903e+02	8.133391e+01	4.286713e+01	8.549181e+01
699	2.119466e+01	2.782971e+03	5.132126e+02	4.683294e+02	8.257263e+01	4.291238e+01	8.254371e+01
700	2.122498e+01	2.749671e+03	5.144888e+02	4.665724e+02	8.135924e+01	4.303125e+01	7.927578e+01
701	2.125531e+01	2.749109e+03	5.155215e+02	4.647079e+02	8.128883e+01	4.305972e+01	7.647388e+01
702	2.128563e+01	2.753264e+03	5.163106e+02	4.628612e+02	8.146909e+01	4.302938e+01	7.351936e+01
703	2.131595e+01	2.753590e+03	5.171888e+02	4.610791e+02	8.093433e+01	4.331882e+01	7.034203e+01
704	2.134627e+01	2.762795e+03	5.178687e+02	4.590689e+02	8.134004e+01	4.324685e+01	6.629773e+01
705	2.137659e+01	2.784141e+03	5.183514e+02	4.570330e+02	8.139996e+01	4.354890e+01	6.273903e+01
706	2.140691e+01	2.782694e+03	5.187249e+02	4.551745e+02	8.116517e+01	4.365218e+01	5.925502e+01
707	2.143723e+01	2.779631e+03	5.190526e+02	4.531411e+02	8.085244e+01	4.377279e+01	5.589127e+01
708	2.146756e+01	2.759707e+03	5.192308e+02	4.513391e+02	8.038625e+01	4.371105e+01	5.232251e+01
709	2.149788e+01	2.795104e+03	5.191223e+02	4.494256e+02	8.075819e+01	4.406782e+01	4.862177e+01
710	2.152820e+01	2.783380e+03	5.190439e+02	4.474167e+02	8.058699e+01	4.397620e+01	4.466230e+01
711	2.155852e+01	2.791523e+03	5.187551e+02	4.453320e+02	8.048880e+01	4.415866e+01	4.091309e+01
712	2.158884e+01	2.794565e+03	5.182067e+02	4.434664e+02	8.072868e+01	4.407543e+01	3.692379e+01
713	2.161916e+01	2.787922e+03	5.174319e+02	4.419243e+02	8.030237e+01	4.420409e+01	3.338560e+01
714	2.164948e+01	2.799413e+03	5.167798e+02	4.399401e+02	8.054980e+01	4.424993e+01	2.947770e+01
715	2.167981e+01	2.801488e+03	5.161805e+02	4.378983e+02	8.038360e+01	4.437430e+01	2.575484e+01
716	2.171013e+01	2.815939e+03	5.150032e+02	4.362073e+02	8.062447e+01	4.446993e+01	2.252949e+01
717	2.174045e+01	2.831282e+03	5.139022e+02	4.345791e+02	8.097684e+01	4.451767e+01	1.975998e+01
718	2.177077e+01	2.830753e+03	5.128481e+02	4.329259e+02	8.070552e+01	4.465899e+01	1.616463e+01
719	2.180109e+01	2.819920e+03	5.117570e+02	4.314175e+02	7.994777e+01	4.490974e+01	1.156901e+01
720	2.183141e+01	2.834845e+03	5.104488e+02	4.301350e+02	8.088111e+01	4.462644e+01	8.033743e+00
721	2.186173e+01	2.851198e+03	5.089528e+02	4.288990e+02	8.077464e+01	4.494304e+01	3.396104e+00
722	2.189206e+01	2.806721e+03	5.077846e+02	4.278105e+02	8.021972e+01	4.454800e+01	1.788360e+02
723	2.192238e+01	2.820123e+03	5.060343e+02	4.267020e+02	8.007345e+01	4.484249e+01	1.752938e+02
724	2.195270e+01	2.807830e+03	5.044590e+02	4.256712e+02	8.041629e+01	4.445666e+01	1.712775e+02
725	2.198302e+01	2.798427e+03	5.027166e+02	4.247755e+02	8.012032e+01	4.447147e+01	1.669693e+02
726	2.201334e+01	2.809677e+03	5.006910e+02	4.238064e+02	8.004382e+01	4.469292e+01	1.633031e+02
727	2.204366e+01	2.793007e+03	4.990228e+02	4.232248e+02	8.016065e+01	4.436300e+01	1.598164e+02
728	2.207398e+01	2.791540e+03	4.970736e+02	4.227986e+02	7.992285e+01	4.447162e+01	1.559016e+02
729	2.210431e+01	2.788214e+03	4.950913e+02	4.222367e+02	8.001421e+01	4.436793e+01	1.516818e+02
730	2.213463e+01	2.796942e+03	4.931447e+02	4.220052e+02	8.009539e+01	4.446170e+01	1.475791e+02
731	2.216495e+01	2.785184e+03	4.912769e+02	4.220191e+02	8.014871e+01	4.424533e+01	1.445597e+02
732	2.219527e+01	2.757504e+03	4.892563e+02	4.221324e+02	7.974146e+01	4.402933e+01	1.402038e+02
733	2.222559e+01	2.759322e+03	4.873369e+02	4.221874e+02	7.946255e+01	4.421301e+01	1.369598e+02
734	2.225591e+01	2.742949e+03	4.855647e+02	4.225546e+02	7.923679e+01	4.407588e+01	1.329316e+02
735	2.228623e+01	2.770672e+03	4.832321e+02	4.227962e+02	7.904846e+01	4.462742e+01	1.293374e+02
736	2.231656e+01	2.743300e+03	4.813850e+02	4.231416e+02	8.001048e+01	4.365525e+01	1.258852e+02
737	2.234688e+01	2.729764e+03	4.794835e+02	4.237121e+02	7.993185e+01	4.348258e+01	1.225918e+02
738	2.237720e+01	2.730098e+03	4.776385e+02	4.245498e+02	7.972314e+01	4.360176e+01	1.187859e+02
739	2.240752e+01	2.731312e+03	4.757832e+02	4.253686e+02	8.015924e+01	4.338383e+01	1.150645e+02
740	2.243784e+01	2.743417e+03	4.739767e+02	4.263007e+02	8.052958e+01	4.337570e+01	1.117851e+02
741	2.246816e+01	2.718968e+03	4.720977e+02	4.275443e+02	8.035920e+01	4.308029e+01	1.080728e+02
742	2.249848e+01	2.722826e+03	4.706724e+02	4.287769e+02	8.028354e+01	4.318207e+01	1.047876e+02
743	2.252881e+01	2.716120e+03	4.690183e+02	4.299016e+02	8.053385e+01	4.294184e+01	1.014027e+02
744	2.255913e+01	2.698462e+03	4.677200e+02	4.314612e+02	8.048005e+01	4.269118e+01	9.780984e+01
745	2.258945e+01	2.722607e+03	4.663703e+02	4.329784e+02	8.071617e+01	4.294717e+01	9.428703e+01
746	2.261977e+01	2.711344e+03	4.650673e+02	4.345536e+02	8.061015e+01	4.282576e+01	9.112362e+01
747	2.265009e+01	2.703895e+03	4.636922e+02	4.361955e+02	8.065170e+01	4.268609e+01	8.814754e+01
748	2.268041e+01	2.705708e+03	4.624501e+02	4.377990e+02	8.059631e+01	4.274407e+01	8.547218e+01
749	2.271073e+01	2.713276e+03	4.613874e+02	4.396449e+02	8.094930e+01	4.267671e+01	8.223033e+01
750	2.274106e+01	2.727198e+03	4.603206e+02	4.414126e+02	8.088657e+01	4.292896e+01	7.934464e+01
751	2.277138e+01	2.722124e+03	4.594321e+02	4.433445e+02	8.098275e+01	4.279819e+01	7.608472e+01
752	2.280170e+01	2.766374e+03	4.582630e+02	4.454966e+02	8.227354e+01	4.281154e+01	7.337812e+01
753	2.283202e+01	2.731422e+03	4.581555e+02	4.474081e+02	8.076039e+01	4.306263e+01	6.998690e+01
754	2.286234e+01	2.738601e+03	4.573631e+02	4.494423e+02	8.079105e+01	4.315942e+01	6.692793e+01
755	2.289266e+01	2.730765e+03	4.571238e+02	4.515103e+02	8.056499e+01	4.315669e+01	6.385713e+01
756	2.292298e+01	2.745222e+03	4.567103e+02	4.535004e+02	8.057887e+01	4.337769e+01	6.008804e+01
757	2.295331e+01	2.752550e+03	4.566457e+02	4.555616e+02	8.062814e+01	4.346690e+01	5.652555e+01
758	2.298363e+01	2.762027e+03	4.565687e+02	4.576058e+02	8.045783e+01	4.370888e+01	5.328805e+01
759	2.301395e+01	2.760468e+03	4.566568e+02	4.597254e+02	8.055745e+01	4.363020e+01	4.970454e+01
760	2.304427e+01	2.766173e+03	4.568012e+02	4.618281e+02	8.026174e+01	4.388145e+01	4.673172e+01
761	2.307459e+01	2.765851e+03	4.571160e+02	4.640852e+02	8.051698e+01	4.373724e+01	4.323533e+01
762	2.310491e+01	2.775287e+03	4.574414e+02	4.661281e+02	8.055046e+01	4.386821e+01	4.028931e+01
763	2.313523e+01	2.777025e+03	4.581824e+02	4.682304e+02	8.064361e+01	4.384498e+01	3.752147e+01
764	2.316555e+01	2.757365e+03	4.586305e+02	4.705386e+02	8.017065e+01	4.379142e+01	3.385600e+01
765	2.319588e+01	2.777618e+03	4.592592e+02	4.725807e+02	8.054133e+01	4.391004e+01	3.095542e+01
766	2.322620e+01	2.796026e+03	4.600437e+02	4.745727e+02	8.070013e+01	4.411407e+01	2.829750e+01
767	2.325652e+01	2.793524e+03	4.608379e+02	4.765345e+02	8.031780e+01	4.428439e+01	2.551628e+01
768	2.328684e+01	2.769986e+03	4.620411e+02	4.784043e+02	8.022591e+01	4.396156e+01	2.173037e+01
769	2.331716e+01	2.805313e+03	4.627801e+02	4.803616e+02	8.078227e+01	4.421558e+01	1.916362e+01
770	2.334748e+01	2.777653e+03	4.636180e+02	4.823354e+02	7.994981e+01	4.423547e+01	1.553295e+01
771	2.337780e+01	2.774106e+03	4.651128e+02	4.838669e+02	8.051910e+01	4.386663e+01	1.238183e+01
772	2.340813e+01	2.787451e+03	4.663737e+02	4.855192e+02	8.035011e+01	4.417036e+01	9.476466e+00
773	2.343845e+01	2.796753e+03	4.674242e+02	4.872395e+02	8.002516e+01	4.449771e+01	6.698430e+00
774	2.346877e+01	2.784381e+03	4.691068e+02	4.885822e+02	8.024499e+01	4.417951e+01	3.026286e+00
775	2.349909e+01	2.793083e+03	4.705810e+02	4.899823e+02	8.058530e+01	4.413044e+01	1.793988e+02
776	2.352941e+01	2.772167e+03	4.721084e+02	4.914784e+02	8.017764e+01	4.402266e+01	1.762752e+02
777	2.355973e+01	2.759208e+03	4.738188e+02	4.927434e+02	8.028825e+01	4.375650e+01	1.727798e+02
778	2.359005e+01	2.759970e+03	4.754927e+02	4.940493e+02	8.037608e+01	4.372076e+01	1.696118e+02
779	2.362038e+01	2.790537e+03	4.772462e+02	4.951649e+02	8.035033e+01	4.421914e+01	1.663837e+02
780	2.365070e+01	2.761576e+03	4.791107e+02	4.959870e+02	7.990551e+01	4.400382e+01	1.629702e+02
781	2.368102e+01	2.787217e+03	4.808415e+02	4.966129e+02	8.009340e+01	4.430821e+01	1.590894e+02
782	2.371134e+01	2.782652e+03	4.829063e+02	4.973594e+02	8.027472e+01	4.413572e+01	1.559075e+02
783	2.374166e+01	2.779656e+03	4.849039e+02	4.981169e+02	8.028197e+01	4.408421e+01	1.521885e+02
784	2.377198e+01	2.770950e+03	4.868691e+02	4.986713e+02	8.003691e+01	4.408070e+01	1.489054e+02
785	2.380230e+01	2.800686e+03	4.887971e+02	4.989246e+02	8.022823e+01	4.444750e+01	1.452687e+02
786	2.383263e+01	2.780372e+03	4.909989e+02	4.990321e+02	8.024203e+01	4.411753e+01	1.424386e+02
787	2.386295e+01	2.780168e+03	4.930057e+02	4.990797e+02	8.053145e+01	4.395575e+01	1.390336e+02
788	2.389327e+01	2.784827e+03	4.949379e+02	4.991969e+02	8.097157e+01	4.379008e+01	1.359111e+02
789	2.392359e+01	2.789368e+03	4.969561e+02	4.990277e+02	8.086020e+01	4.392191e+01	1.320779e+02
790	2.395391e+01	2.768926e+03	4.993055e+02	4.992478e+02	8.048698e+01	4.380220e+01	1.291446e+02
791	2.398423e+01	2.790365e+03	5.011109e+02	4.990287e+02	8.035572e+01	4.421344e+01	1.258584e+02
792	2.401455e+01	2.797708e+03	5.028882e+02	4.986858e+02	8.044225e+01	4.428211e+01	1.218228e+02
793	2.404488e+01	2.760898e+03	5.051869e+02	4.980610e+02	8.057652e+01	4.362666e+01	1.194713e+02
794	2.407520e+01	2.813185e+03	5.067487e+02	4.974771e+02	8.124173e+01	4.408890e+01	1.153837e+02
795	2.410552e+01	2.759317e+03	5.093401e+02	4.966868e+02	8.130144e+01	4.321291e+01	1.140344e+02
796	2.413584e+01	2.751571e+03	5.109172e+02	4.957176e+02	8.136191e+01	4.305958e+01	1.107133e+02
797	2.416616e+01	2.748380e+03	5.127491e+02	4.947758e+02	8.119216e+01	4.309956e+01	1.077978e+02
798	2.419648e+01	2.752199e+03	5.145223e+02	4.936470e+02	8.132494e+01	4.308897e+01	1.042688e+02
799	2.422680e+01	2.745035e+03	5.162319e+02	4.924399e+02	8.156106e+01	4.285239e+01	1.010836e+02
