1	3.034901e-02	2.638431e+03	4.395492e+02	3.407125e+02	7.979781e+01	4.209833e+01	9.021130e+01
2	6.069803e-02	2.642854e+03	4.399620e+02	3.411548e+02	7.956220e+01	4.229378e+01	9.184472e+01
3	9.104704e-02	2.643674e+03	4.404659e+02	3.417405e+02	7.941954e+01	4.238289e+01	9.348269e+01
4	1.213961e-01	2.644587e+03	4.409820e+02	3.422710e+02	7.939528e+01	4.241049e+01	9.541045e+01
5	1.517451e-01	2.629211e+03	4.413223e+02	3.428923e+02	7.947044e+01	4.212404e+01	9.668751e+01
6	1.820941e-01	2.648595e+03	4.418468e+02	3.434292e+02	7.974928e+01	4.228623e+01	9.824671e+01
7	2.124431e-01	2.645055e+03	4.422923e+02	3.438714e+02	7.979413e+01	4.220596e+01	1.000492e+02
8	2.427921e-01	2.641125e+03	4.427778e+02	3.445233e+02	7.904653e+01	4.254183e+01	1.015287e+02
9	2.731411e-01	2.636833e+03	4.430883e+02	3.450238e+02	7.947526e+01	4.224360e+01	1.026297e+02
10	3.034901e-01	2.661917e+03	4.433651e+02	3.456599e+02	7.996595e+01	4.238376e+01	1.042671e+02
11	3.338392e-01	2.645331e+03	4.435625e+02	3.463275e+02	7.931884e+01	4.246330e+01	1.058499e+02
12	3.641882e-01	2.650172e+03	4.438994e+02	3.470478e+02	7.941641e+01	4.248875e+01	1.078087e+02
13	3.945372e-01	2.660917e+03	4.440370e+02	3.478043e+02	7.970515e+01	4.250648e+01	1.091885e+02
14	4.248862e-01	2.653215e+03	4.444371e+02	3.483013e+02	7.918958e+01	4.265937e+01	1.108713e+02
15	4.552352e-01	2.660183e+03	4.446089e+02	3.488790e+02	7.950107e+01	4.260383e+01	1.124342e+02
16	4.855842e-01	2.642646e+03	4.448474e+02	3.495739e+02	7.898613e+01	4.259890e+01	1.141760e+02
17	5.159332e-01	2.662736e+03	4.449804e+02	3.502476e+02	7.913305e+01	4.284304e+01	1.154267e+02
18	5.462822e-01	2.659619e+03	4.451823e+02	3.509449e+02	7.914162e+01	4.278825e+01	1.172998e+02
19	5.766313e-01	2.662071e+03	4.453403e+02	3.515783e+02	7.902876e+01	4.288887e+01	1.189205e+02
20	6.069803e-01	2.659561e+03	4.453976e+02	3.524378e+02	7.893800e+01	4.289770e+01	1.206092e+02
21	6.373293e-01	2.673937e+03	4.455120e+02	3.531581e+02	7.943190e+01	4.286140e+01	1.224424e+02
22	6.676783e-01	2.664867e+03	4.457465e+02	3.539098e+02	7.887361e+01	4.301837e+01	1.237479e+02
23	6.980273e-01	2.665224e+03	4.457812e+02	3.545635e+02	7.897562e+01	4.296856e+01	1.250808e+02
24	7.283763e-01	2.667325e+03	4.457498e+02	3.553331e+02	7.867096e+01	4.316896e+01	1.271547e+02
25	7.587253e-01	2.672892e+03	4.458842e+02	3.560667e+02	7.883541e+01	4.316883e+01	1.289916e+02
26	7.890744e-01	2.676258e+03	4.459183e+02	3.567102e+02	7.892899e+01	4.317193e+01	1.307128e+02
27	8.194234e-01	2.681592e+03	4.458459e+02	3.574700e+02	7.915727e+01	4.313323e+01	1.320070e+02
28	8.497724e-01	2.685749e+03	4.459714e+02	3.582127e+02	7.909379e+01	4.323476e+01	1.338160e+02
29	8.801214e-01	2.683999e+03	4.457663e+02	3.588267e+02	7.918707e+01	4.315571e+01	1.359435e+02
30	9.104704e-01	2.684717e+03	4.455961e+02	3.594688e+02	7.918948e+01	4.316593e+01	1.374121e+02
31	9.408194e-01	2.676485e+03	4.454481e+02	3.601736e+02	7.911066e+01	4.307645e+01	1.392648e+02
32	9.711684e-01	2.687433e+03	4.453879e+02	3.609426e+02	7.924263e+01	4.318063e+01	1.412786e+02
33	1.001517e+00	2.687898e+03	4.452784e+02	3.617145e+02	7.932159e+01	4.314510e+01	1.432807e+02
34	1.031866e+00	2.693937e+03	4.450555e+02	3.623268e+02	7.934339e+01	4.323016e+01	1.449075e+02
35	1.062215e+00	2.690626e+03	4.448871e+02	3.629688e+02	7.924442e+01	4.323095e+01	1.463183e+02
36	1.092564e+00	2.691561e+03	4.445850e+02	3.635766e+02	7.875572e+01	4.351432e+01	1.475486e+02
37	1.122914e+00	2.685604e+03	4.445469e+02	3.642965e+02	7.934126e+01	4.309759e+01	1.495088e+02
38	1.153263e+00	2.690826e+03	4.442784e+02	3.649735e+02	7.932398e+01	4.319080e+01	1.513054e+02
39	1.183612e+00	2.686647e+03	4.442065e+02	3.657227e+02	7.919234e+01	4.319540e+01	1.526506e+02
40	1.213961e+00	2.692785e+03	4.438839e+02	3.662921e+02	7.933142e+01	4.321818e+01	1.545892e+02
41	1.244310e+00	2.689337e+03	4.434500e+02	3.669573e+02	7.907059e+01	4.330523e+01	1.563877e+02
42	1.274659e+00	2.694818e+03	4.432056e+02	3.675171e+02	7.941833e+01	4.320349e+01	1.576161e+02
43	1.305008e+00	2.698833e+03	4.429395e+02	3.681978e+02	7.926499e+01	4.335156e+01	1.591133e+02
44	1.335357e+00	2.694419e+03	4.426221e+02	3.688263e+02	7.923372e+01	4.329774e+01	1.608529e+02
45	1.365706e+00	2.703103e+03	4.421951e+02	3.692803e+02	7.949354e+01	4.329532e+01	1.627620e+02
46	1.396055e+00	2.687327e+03	4.417341e+02	3.698889e+02	7.925754e+01	4.317080e+01	1.646068e+02
47	1.426404e+00	2.699699e+03	4.415300e+02	3.705651e+02	7.930199e+01	4.334523e+01	1.662724e+02
48	1.456753e+00	2.682443e+03	4.412448e+02	3.712370e+02	7.917532e+01	4.313708e+01	1.684192e+02
49	1.487102e+00	2.675164e+03	4.408432e+02	3.718330e+02	7.930792e+01	4.294810e+01	1.700680e+02
50	1.517451e+00	2.706911e+03	4.404317e+02	3.723241e+02	7.937305e+01	4.342212e+01	1.712034e+02
51	1.547800e+00	2.686170e+03	4.399619e+02	3.729831e+02	7.950079e+01	4.302017e+01	1.730678e+02
52	1.578149e+00	2.686106e+03	4.394561e+02	3.735135e+02	7.948360e+01	4.302845e+01	1.750802e+02
53	1.608498e+00	2.702487e+03	4.387030e+02	3.740013e+02	7.906781e+01	4.351851e+01	1.768828e+02
54	1.638847e+00	2.688701e+03	4.384117e+02	3.745341e+02	7.925119e+01	4.319633e+01	1.787427e+02
55	1.669196e+00	2.699882e+03	4.378235e+02	3.750054e+02	7.959730e+01	4.318735e+01	4.163004e-01
56	1.699545e+00	2.690728e+03	4.373521e+02	3.751896e+02	7.912863e+01	4.329585e+01	2.314123e+00
57	1.729894e+00	2.691981e+03	4.367848e+02	3.758008e+02	7.933760e+01	4.320192e+01	4.027209e+00
58	1.760243e+00	2.696040e+03	4.361741e+02	3.760865e+02	7.897955e+01	4.346321e+01	6.301673e+00
59	1.790592e+00	2.685096e+03	4.357318e+02	3.764803e+02	7.920328e+01	4.316450e+01	7.937246e+00
60	1.820941e+00	2.680453e+03	4.350388e+02	3.769999e+02	7.949731e+01	4.293050e+01	9.545958e+00
61	1.851290e+00	2.684222e+03	4.344449e+02	3.774693e+02	7.960374e+01	4.293338e+01	1.149807e+01
62	1.881639e+00	2.670355e+03	4.337717e+02	3.777586e+02	7.945230e+01	4.279300e+01	1.314609e+01
63	1.911988e+00	2.681247e+03	4.332971e+02	3.781790e+02	7.949702e+01	4.294337e+01	1.503099e+01
64	1.942337e+00	2.693891e+03	4.327500e+02	3.785297e+02	7.924107e+01	4.328524e+01	1.675496e+01
65	1.972686e+00	2.684344e+03	4.321422e+02	3.788077e+02	7.921509e+01	4.314599e+01	1.857187e+01
66	2.003035e+00	2.672410e+03	4.315883e+02	3.788762e+02	7.914749e+01	4.299086e+01	2.079550e+01
67	2.033384e+00	2.694252e+03	4.309184e+02	3.793001e+02	7.956968e+01	4.311225e+01	2.236915e+01
68	2.063733e+00	2.681832e+03	4.303163e+02	3.796427e+02	7.951723e+01	4.294181e+01	2.377819e+01
69	2.094082e+00	2.674885e+03	4.296900e+02	3.798863e+02	7.926929e+01	4.296455e+01	2.545569e+01
70	2.124431e+00	2.688957e+03	4.291245e+02	3.802409e+02	7.974391e+01	4.293351e+01	2.700785e+01
71	2.154780e+00	2.683757e+03	4.285705e+02	3.803855e+02	7.951212e+01	4.297540e+01	2.840122e+01
72	2.185129e+00	2.694718e+03	4.278936e+02	3.805147e+02	7.981881e+01	4.298512e+01	3.069860e+01
73	2.215478e+00	2.688012e+03	4.273150e+02	3.806822e+02	7.937613e+01	4.311728e+01	3.211646e+01
74	2.245827e+00	2.697373e+03	4.266689e+02	3.809991e+02	7.977664e+01	4.305023e+01	3.381435e+01
75	2.276176e+00	2.690333e+03	4.261926e+02	3.810281e+02	7.977634e+01	4.293802e+01	3.526478e+01
76	2.306525e+00	2.686020e+03	4.256111e+02	3.810335e+02	7.972553e+01	4.289651e+01	3.718220e+01
77	2.336874e+00	2.686472e+03	4.250503e+02	3.811211e+02	8.001386e+01	4.274912e+01	3.876199e+01
78	2.367223e+00	2.674008e+03	4.245524e+02	3.810378e+02	7.934259e+01	4.291077e+01	4.116380e+01
79	2.397572e+00	2.678096e+03	4.239414e+02	3.811884e+02	7.970502e+01	4.278097e+01	4.276985e+01
80	2.427921e+00	2.663707e+03	4.234701e+02	3.810347e+02	7.914487e+01	4.285227e+01	4.454493e+01
81	2.458270e+00	2.691070e+03	4.225472e+02	3.812292e+02	7.991843e+01	4.287342e+01	4.637984e+01
82	2.488619e+00	2.681905e+03	4.219984e+02	3.811443e+02	8.007230e+01	4.264531e+01	4.784208e+01
83	2.518968e+00	2.675314e+03	4.214469e+02	3.810387e+02	7.982390e+01	4.267288e+01	4.962001e+01
84	2.549317e+00	2.675813e+03	4.208766e+02	3.809258e+02	7.984364e+01	4.267028e+01	5.171060e+01
85	2.579666e+00	2.689188e+03	4.201625e+02	3.809138e+02	8.037167e+01	4.260183e+01	5.359852e+01
86	2.610015e+00	2.669818e+03	4.194765e+02	3.806940e+02	7.955558e+01	4.272884e+01	5.557553e+01
87	2.640364e+00	2.670870e+03	4.190481e+02	3.805269e+02	7.988904e+01	4.256726e+01	5.687203e+01
88	2.670713e+00	2.666627e+03	4.184034e+02	3.804118e+02	7.988718e+01	4.250062e+01	5.835482e+01
89	2.701062e+00	2.679266e+03	4.177200e+02	3.802506e+02	8.011610e+01	4.258004e+01	6.028787e+01
90	2.731411e+00	2.670685e+03	4.170240e+02	3.800837e+02	8.023774e+01	4.237933e+01	6.205436e+01
91	2.761760e+00	2.667155e+03	4.162687e+02	3.799605e+02	8.028777e+01	4.229694e+01	6.375130e+01
92	2.792109e+00	2.662507e+03	4.156806e+02	3.797311e+02	8.017696e+01	4.228159e+01	6.580730e+01
93	2.822458e+00	2.664213e+03	4.151314e+02	3.794557e+02	8.022618e+01	4.228272e+01	6.745309e+01
94	2.852807e+00	2.655889e+03	4.147153e+02	3.791475e+02	8.007740e+01	4.222893e+01	6.915133e+01
95	2.883156e+00	2.658362e+03	4.140395e+02	3.788410e+02	8.008300e+01	4.226530e+01	7.066142e+01
96	2.913505e+00	2.664575e+03	4.134048e+02	3.784507e+02	8.061569e+01	4.208415e+01	7.238161e+01
97	2.943854e+00	2.663902e+03	4.127815e+02	3.780326e+02	8.061196e+01	4.207546e+01	7.438129e+01
98	2.974203e+00	2.658101e+03	4.122504e+02	3.775711e+02	8.040104e+01	4.209397e+01	7.658698e+01
99	3.004552e+00	2.661898e+03	4.117208e+02	3.770903e+02	8.069676e+01	4.199962e+01	7.823890e+01
100	3.034901e+00	2.654681e+03	4.113296e+02	3.765771e+02	8.050944e+01	4.198322e+01	8.018916e+01
101	3.065250e+00	2.658124e+03	4.106948e+02	3.760480e+02	8.035730e+01	4.211724e+01	8.189989e+01
102	3.095599e+00	2.659411e+03	4.101833e+02	3.755559e+02	8.076510e+01	4.192488e+01	8.364473e+01
103	3.125948e+00	2.665924e+03	4.097592e+02	3.749968e+02	8.081447e+01	4.200188e+01	8.510688e+01
104	3.156297e+00	2.655458e+03	4.093063e+02	3.745539e+02	8.055985e+01	4.196922e+01	8.698857e+01
105	3.186646e+00	2.660657e+03	4.088627e+02	3.740312e+02	8.067849e+01	4.198955e+01	8.841715e+01
106	3.216995e+00	2.657212e+03	4.084247e+02	3.735859e+02	8.074248e+01	4.190195e+01	9.028696e+01
107	3.247344e+00	2.663828e+03	4.079909e+02	3.729979e+02	8.062479e+01	4.206759e+01	9.193887e+01
108	3.277693e+00	2.651128e+03	4.077795e+02	3.725268e+02	8.047217e+01	4.194644e+01	9.351272e+01
109	3.308042e+00	2.659563e+03	4.073471e+02	3.719803e+02	8.042635e+01	4.210387e+01	9.496250e+01
110	3.338392e+00	2.657461e+03	4.069674e+02	3.713225e+02	8.050801e+01	4.202792e+01	9.716461e+01
111	3.368741e+00	2.664381e+03	4.066656e+02	3.706545e+02	8.058234e+01	4.209849e+01	9.872536e+01
112	3.399090e+00	2.650820e+03	4.064681e+02	3.700575e+02	8.025291e+01	4.205616e+01	1.001912e+02
113	3.429439e+00	2.652793e+03	4.062046e+02	3.693800e+02	8.031316e+01	4.205589e+01	1.018927e+02
114	3.459788e+00	2.663090e+03	4.056787e+02	3.688221e+02	8.033817e+01	4.220598e+01	1.031411e+02
115	3.490137e+00	2.664080e+03	4.056900e+02	3.683134e+02	8.046714e+01	4.215401e+01	1.048294e+02
116	3.520486e+00	2.665278e+03	4.054959e+02	3.676770e+02	8.015708e+01	4.233608e+01	1.067758e+02
117	3.550835e+00	2.674754e+03	4.051411e+02	3.669822e+02	8.020466e+01	4.246141e+01	1.085920e+02
118	3.581184e+00	2.648070e+03	4.050087e+02	3.664269e+02	7.996466e+01	4.216397e+01	1.102109e+02
119	3.611533e+00	2.659482e+03	4.048507e+02	3.657878e+02	7.993560e+01	4.236107e+01	1.117758e+02
120	3.641882e+00	2.659711e+03	4.047090e+02	3.651416e+02	7.987636e+01	4.239614e+01	1.136887e+02
121	3.672231e+00	2.649237e+03	4.047777e+02	3.646172e+02	7.946286e+01	4.244892e+01	1.152951e+02
122	3.702580e+00	2.650605e+03	4.046883e+02	3.639518e+02	7.946825e+01	4.246796e+01	1.169142e+02
123	3.732929e+00	2.667399e+03	4.045811e+02	3.633821e+02	7.984447e+01	4.253567e+01	1.181885e+02
124	3.763278e+00	2.669247e+03	4.044536e+02	3.626642e+02	7.956377e+01	4.271531e+01	1.203067e+02
125	3.793627e+00	2.675111e+03	4.041045e+02	3.620719e+02	7.972901e+01	4.272042e+01	1.208895e+02
126	3.823976e+00	2.657179e+03	4.042801e+02	3.615356e+02	7.905437e+01	4.279619e+01	1.230591e+02
127	3.854325e+00	2.740115e+03	4.034682e+02	3.607372e+02	8.070050e+01	4.323174e+01	1.226094e+02
128	3.884674e+00	2.659210e+03	4.041933e+02	3.604519e+02	7.925608e+01	4.271989e+01	1.257341e+02
129	3.915023e+00	2.686421e+03	4.039589e+02	3.597955e+02	7.970182e+01	4.291568e+01	1.270504e+02
130	3.945372e+00	2.664072e+03	4.041184e+02	3.592446e+02	7.933915e+01	4.275320e+01	1.289142e+02
131	3.975721e+00	2.667795e+03	4.041695e+02	3.586350e+02	7.932224e+01	4.282206e+01	1.307788e+02
132	4.006070e+00	2.684604e+03	4.041507e+02	3.579816e+02	7.935774e+01	4.307259e+01	1.319104e+02
133	4.036419e+00	2.667934e+03	4.043718e+02	3.572665e+02	7.915907e+01	4.291257e+01	1.343169e+02
134	4.066768e+00	2.674134e+03	4.044670e+02	3.567697e+02	7.933079e+01	4.291919e+01	1.360667e+02
135	4.097117e+00	2.674350e+03	4.047051e+02	3.560663e+02	7.933431e+01	4.292075e+01	1.378396e+02
136	4.127466e+00	2.672742e+03	4.047647e+02	3.553111e+02	7.922656e+01	4.295327e+01	1.395724e+02
137	4.157815e+00	2.679747e+03	4.049451e+02	3.547391e+02	7.919291e+01	4.308415e+01	1.410177e+02
138	4.188164e+00	2.671137e+03	4.052464e+02	3.541264e+02	7.925916e+01	4.290983e+01	1.429578e+02
139	4.218513e+00	2.681209e+03	4.054659e+02	3.535052e+02	7.906566e+01	4.317705e+01	1.447831e+02
140	4.248862e+00	2.701591e+03	4.055397e+02	3.526901e+02	7.994363e+01	4.302747e+01	1.465706e+02
141	4.279211e+00	2.675457e+03	4.061198e+02	3.523298e+02	7.907571e+01	4.307894e+01	1.483676e+02
142	4.309560e+00	2.671222e+03	4.062980e+02	3.515893e+02	7.914358e+01	4.297387e+01	1.499701e+02
143	4.339909e+00	2.671569e+03	4.064792e+02	3.509869e+02	7.907278e+01	4.301793e+01	1.516991e+02
144	4.370258e+00	2.688094e+03	4.068544e+02	3.504721e+02	7.941327e+01	4.309843e+01	1.534852e+02
145	4.400607e+00	2.685737e+03	4.071947e+02	3.500190e+02	7.914668e+01	4.320569e+01	1.551580e+02
146	4.430956e+00	2.683799e+03	4.075367e+02	3.494293e+02	7.919528e+01	4.314801e+01	1.565229e+02
147	4.461305e+00	2.685548e+03	4.079401e+02	3.488400e+02	7.916787e+01	4.319109e+01	1.587378e+02
148	4.491654e+00	2.680031e+03	4.083523e+02	3.484465e+02	7.872910e+01	4.334258e+01	1.603177e+02
149	4.522003e+00	2.680970e+03	4.086901e+02	3.479746e+02	7.901137e+01	4.320287e+01	1.622655e+02
150	4.552352e+00	2.678716e+03	4.090769e+02	3.473048e+02	7.926606e+01	4.302784e+01	1.641120e+02
151	4.582701e+00	2.692649e+03	4.093823e+02	3.465664e+02	7.911999e+01	4.333149e+01	1.656600e+02
152	4.613050e+00	2.691502e+03	4.097841e+02	3.464688e+02	7.918546e+01	4.327722e+01	1.675830e+02
153	4.643399e+00	2.697165e+03	4.103711e+02	3.456684e+02	7.930655e+01	4.330206e+01	1.692346e+02
154	4.673748e+00	2.687188e+03	4.108946e+02	3.453915e+02	7.909124e+01	4.325933e+01	1.710928e+02
155	4.704097e+00	2.676074e+03	4.113757e+02	3.448623e+02	7.939004e+01	4.291828e+01	1.727953e+02
156	4.734446e+00	2.694286e+03	4.118344e+02	3.445188e+02	7.881036e+01	4.352818e+01	1.745011e+02
157	4.764795e+00	2.690296e+03	4.123566e+02	3.439847e+02	7.896264e+01	4.337989e+01	1.766587e+02
158	4.795144e+00	2.679397e+03	4.129117e+02	3.436836e+02	7.923877e+01	4.305360e+01	1.782201e+02
159	4.825493e+00	2.671763e+03	4.134551e+02	3.432966e+02	7.862017e+01	4.326872e+01	4.483571e-01
160	4.855842e+00	2.719742e+03	4.141096e+02	3.424335e+02	7.920411e+01	4.372100e+01	2.946576e+00
161	4.886191e+00	2.675325e+03	4.144827e+02	3.425389e+02	7.831780e+01	4.349368e+01	4.384187e+00
162	4.916540e+00	2.699970e+03	4.149256e+02	3.421114e+02	7.866236e+01	4.370208e+01	6.515892e+00
163	4.946889e+00	2.696093e+03	4.156432e+02	3.419547e+02	7.878835e+01	4.356955e+01	8.389467e+00
164	4.977238e+00	2.680284e+03	4.161844e+02	3.416926e+02	7.872895e+01	4.334674e+01	1.011935e+01
165	5.007587e+00	2.689701e+03	4.166263e+02	3.415765e+02	7.869463e+01	4.351801e+01	1.159247e+01
166	5.037936e+00	2.696605e+03	4.172669e+02	3.411707e+02	7.868519e+01	4.363495e+01	1.394322e+01
167	5.068285e+00	2.676604e+03	4.179833e+02	3.409825e+02	7.846936e+01	4.343042e+01	1.594977e+01
168	5.098634e+00	2.657814e+03	4.186051e+02	3.409051e+02	7.845326e+01	4.313440e+01	1.744014e+01
169	5.128983e+00	2.682710e+03	4.193244e+02	3.406880e+02	7.882996e+01	4.333039e+01	2.004500e+01
170	5.159332e+00	2.751499e+03	4.192000e+02	3.408691e+02	7.865240e+01	4.454178e+01	2.434286e+01
171	5.189681e+00	2.674678e+03	4.205529e+02	3.403910e+02	7.862358e+01	4.331406e+01	2.401916e+01
172	5.220030e+00	2.669950e+03	4.211125e+02	3.402838e+02	7.854854e+01	4.327879e+01	2.549028e+01
173	5.250379e+00	2.733783e+03	4.209689e+02	3.404511e+02	7.813407e+01	4.454856e+01	2.945005e+01
174	5.280728e+00	2.679042e+03	4.224776e+02	3.396627e+02	7.868716e+01	4.334966e+01	2.859097e+01
175	5.311077e+00	2.657390e+03	4.230742e+02	3.398231e+02	7.838170e+01	4.316688e+01	3.062720e+01
176	5.341426e+00	2.672996e+03	4.238316e+02	3.395891e+02	7.852891e+01	4.333899e+01	3.275631e+01
177	5.371775e+00	2.674066e+03	4.244078e+02	3.396185e+02	7.863630e+01	4.329714e+01	3.509712e+01
178	5.402124e+00	2.665079e+03	4.249998e+02	3.397281e+02	7.851416e+01	4.321875e+01	3.736118e+01
179	5.432473e+00	2.651581e+03	4.258394e+02	3.397010e+02	7.869886e+01	4.289894e+01	3.881355e+01
180	5.462822e+00	2.694932e+03	4.257691e+02	3.401575e+02	7.888640e+01	4.349665e+01	4.268846e+01
181	5.493171e+00	2.652347e+03	4.267777e+02	3.402790e+02	7.846117e+01	4.304133e+01	4.390577e+01
182	5.523520e+00	2.638017e+03	4.276003e+02	3.402950e+02	7.821294e+01	4.294464e+01	4.521283e+01
183	5.553869e+00	2.634640e+03	4.283696e+02	3.403190e+02	7.823777e+01	4.287607e+01	4.699485e+01
184	5.584219e+00	2.645954e+03	4.291328e+02	3.403730e+02	7.846733e+01	4.293421e+01	4.898246e+01
185	5.614568e+00	2.630316e+03	4.297746e+02	3.405624e+02	7.807790e+01	4.289334e+01	5.134368e+01
186	5.644917e+00	2.629248e+03	4.302809e+02	3.409014e+02	7.844462e+01	4.267549e+01	5.326678e+01
187	5.675266e+00	2.637602e+03	4.310164e+02	3.411059e+02	7.820111e+01	4.294440e+01	5.511445e+01
188	5.705615e+00	2.641102e+03	4.318181e+02	3.412979e+02	7.886126e+01	4.264141e+01	5.747618e+01
189	5.735964e+00	2.636140e+03	4.322493e+02	3.415896e+02	7.856968e+01	4.271925e+01	5.912869e+01
190	5.766313e+00	2.642914e+03	4.329171e+02	3.420252e+02	7.903441e+01	4.257719e+01	6.204007e+01
191	5.796662e+00	2.620326e+03	4.334513e+02	3.425502e+02	7.842482e+01	4.254142e+01	6.402706e+01
192	5.827011e+00	2.639587e+03	4.342607e+02	3.428662e+02	7.915742e+01	4.245750e+01	6.587681e+01
193	5.857360e+00	2.634700e+03	4.348543e+02	3.432059e+02	7.913927e+01	4.238861e+01	6.798402e+01
194	5.887709e+00	2.636154e+03	4.356204e+02	3.435570e+02	7.943784e+01	4.225261e+01	7.004491e+01
195	5.918058e+00	2.644135e+03	4.363780e+02	3.440117e+02	7.994250e+01	4.211298e+01	7.248579e+01
196	5.948407e+00	2.639629e+03	4.368815e+02	3.444898e+02	7.964886e+01	4.219622e+01	7.366441e+01
197	5.978756e+00	2.640095e+03	4.375542e+02	3.448169e+02	7.964396e+01	4.220626e+01	7.560004e+01
198	6.009105e+00	2.634231e+03	4.382320e+02	3.452709e+02	7.974183e+01	4.206082e+01	7.766572e+01
199	6.039454e+00	2.616288e+03	4.386027e+02	3.457919e+02	7.934671e+01	4.198235e+01	7.944137e+01
200	6.069803e+00	2.638722e+03	4.390293e+02	3.463726e+02	7.974793e+01	4.212931e+01	8.102633e+01
201	6.100152e+00	2.635969e+03	4.398808e+02	3.467032e+02	7.966523e+01	4.212905e+01	8.299697e+01
202	6.130501e+00	2.648873e+03	4.402070e+02	3.473997e+02	7.951563e+01	4.241492e+01	8.478559e+01
203	6.160850e+00	2.632801e+03	4.406371e+02	3.480205e+02	7.980636e+01	4.200399e+01	8.657669e+01
204	6.191199e+00	2.633994e+03	4.411854e+02	3.485186e+02	7.932166e+01	4.227982e+01	8.847018e+01
205	6.221548e+00	2.633848e+03	4.416179e+02	3.492055e+02	7.955194e+01	4.215510e+01	9.018938e+01
206	6.251897e+00	2.628314e+03	4.417964e+02	3.498681e+02	7.956084e+01	4.206182e+01	9.186555e+01
207	6.282246e+00	2.640657e+03	4.424435e+02	3.504285e+02	7.960181e+01	4.223760e+01	9.365347e+01
208	6.312595e+00	2.627721e+03	4.429287e+02	3.511380e+02	7.938955e+01	4.214305e+01	9.524497e+01
209	6.342944e+00	2.640300e+03	4.432245e+02	3.516742e+02	7.959870e+01	4.223354e+01	9.672742e+01
210	6.373293e+00	2.659713e+03	4.436866e+02	3.523184e+02	8.014403e+01	4.225457e+01	9.795634e+01
211	6.403642e+00	2.676068e+03	4.442449e+02	3.529323e+02	8.049471e+01	4.232918e+01	9.934500e+01
212	6.433991e+00	2.646743e+03	4.443104e+02	3.536143e+02	7.986964e+01	4.219297e+01	1.013434e+02
213	6.464340e+00	2.653151e+03	4.446569e+02	3.541741e+02	7.979818e+01	4.233301e+01	1.030731e+02
214	6.494689e+00	2.692959e+03	4.453117e+02	3.548855e+02	8.044228e+01	4.262413e+01	1.044109e+02
215	6.525038e+00	2.659647e+03	4.453697e+02	3.556720e+02	7.973540e+01	4.247007e+01	1.062351e+02
216	6.555387e+00	2.663226e+03	4.458452e+02	3.563226e+02	7.941494e+01	4.269883e+01	1.081787e+02
217	6.585736e+00	2.657646e+03	4.458625e+02	3.569311e+02	7.942664e+01	4.260309e+01	1.099509e+02
218	6.616085e+00	2.664306e+03	4.459365e+02	3.576397e+02	7.956160e+01	4.263741e+01	1.117120e+02
219	6.646434e+00	2.661770e+03	4.462357e+02	3.583954e+02	7.936117e+01	4.270440e+01	1.133188e+02
220	6.676783e+00	2.658761e+03	4.464407e+02	3.592025e+02	7.933455e+01	4.267044e+01	1.153193e+02
221	6.707132e+00	2.664560e+03	4.464745e+02	3.599668e+02	7.931729e+01	4.277280e+01	1.166334e+02
222	6.737481e+00	2.660388e+03	4.466561e+02	3.607133e+02	7.918130e+01	4.277918e+01	1.189661e+02
223	6.767830e+00	2.677713e+03	4.468585e+02	3.615403e+02	7.941022e+01	4.293364e+01	1.207932e+02
224	6.798179e+00	2.682053e+03	4.469145e+02	3.623191e+02	7.975074e+01	4.281962e+01	1.225291e+02
225	6.828528e+00	2.667769e+03	4.469121e+02	3.630095e+02	7.919286e+01	4.289161e+01	1.240470e+02
226	6.858877e+00	2.692718e+03	4.469051e+02	3.636843e+02	7.953359e+01	4.310727e+01	1.252529e+02
227	6.889226e+00	2.671706e+03	4.470049e+02	3.644624e+02	7.916102e+01	4.297218e+01	1.275542e+02
228	6.919575e+00	2.672868e+03	4.468671e+02	3.652887e+02	7.877255e+01	4.320288e+01	1.288981e+02
229	6.949924e+00	2.684631e+03	4.470021e+02	3.661693e+02	7.922164e+01	4.314703e+01	1.312201e+02
230	6.980273e+00	2.683518e+03	4.467767e+02	3.667661e+02	7.919621e+01	4.314299e+01	1.328883e+02
231	7.010622e+00	2.687971e+03	4.468363e+02	3.674602e+02	7.905791e+01	4.329018e+01	1.344825e+02
232	7.040971e+00	2.697649e+03	4.468171e+02	3.682687e+02	7.946186e+01	4.322519e+01	1.363436e+02
233	7.071320e+00	2.689783e+03	4.468185e+02	3.689615e+02	7.939262e+01	4.313674e+01	1.380461e+02
234	7.101669e+00	2.693128e+03	4.466530e+02	3.697077e+02	7.918220e+01	4.330516e+01	1.398512e+02
235	7.132018e+00	2.709223e+03	4.462455e+02	3.703406e+02	7.990828e+01	4.316811e+01	1.412370e+02
236	7.162367e+00	2.735163e+03	4.460225e+02	3.712265e+02	7.948418e+01	4.381396e+01	1.431501e+02
237	7.192716e+00	2.692668e+03	4.461115e+02	3.718502e+02	7.939880e+01	4.317964e+01	1.452538e+02
238	7.223065e+00	2.707629e+03	4.458154e+02	3.724902e+02	7.966081e+01	4.327674e+01	1.467739e+02
239	7.253414e+00	2.701068e+03	4.456491e+02	3.732870e+02	7.956754e+01	4.322247e+01	1.485847e+02
240	7.283763e+00	2.698286e+03	4.453674e+02	3.739418e+02	7.956535e+01	4.317915e+01	1.504978e+02
241	7.314112e+00	2.702019e+03	4.451114e+02	3.744742e+02	7.959355e+01	4.322358e+01	1.521027e+02
242	7.344461e+00	2.710507e+03	4.445988e+02	3.751474e+02	7.913499e+01	4.361060e+01	1.531806e+02
243	7.374810e+00	2.701243e+03	4.447117e+02	3.761161e+02	7.970511e+01	4.315067e+01	1.552648e+02
244	7.405159e+00	2.691132e+03	4.442901e+02	3.766700e+02	7.942742e+01	4.313945e+01	1.571912e+02
245	7.435508e+00	2.691644e+03	4.440230e+02	3.773079e+02	7.913022e+01	4.330972e+01	1.589059e+02
246	7.465857e+00	2.681493e+03	4.436669e+02	3.780160e+02	7.914717e+01	4.313714e+01	1.606940e+02
247	7.496206e+00	2.679610e+03	4.432309e+02	3.785164e+02	7.918892e+01	4.308412e+01	1.623111e+02
248	7.526555e+00	2.686667e+03	4.429634e+02	3.793633e+02	7.944964e+01	4.305584e+01	1.644016e+02
249	7.556904e+00	2.680855e+03	4.424529e+02	3.799403e+02	7.946442e+01	4.295470e+01	1.659753e+02
250	7.587253e+00	2.693501e+03	4.420400e+02	3.806089e+02	7.953455e+01	4.311927e+01	1.676085e+02
251	7.617602e+00	2.689198e+03	4.415612e+02	3.810922e+02	7.961436e+01	4.300723e+01	1.696917e+02
252	7.647951e+00	2.690196e+03	4.411506e+02	3.817960e+02	7.954575e+01	4.306030e+01	1.711590e+02
253	7.678300e+00	2.696973e+03	4.407575e+02	3.823826e+02	7.932733e+01	4.328764e+01	1.730804e+02
254	7.708649e+00	2.673244e+03	4.402776e+02	3.828759e+02	7.941276e+01	4.286063e+01	1.745628e+02
255	7.738998e+00	2.689848e+03	4.396789e+02	3.834944e+02	7.950077e+01	4.307909e+01	1.767021e+02
256	7.769347e+00	2.696180e+03	4.392722e+02	3.838040e+02	7.944107e+01	4.321295e+01	1.785203e+02
257	7.799697e+00	2.692669e+03	4.388563e+02	3.843573e+02	7.946320e+01	4.314465e+01	4.654314e-02
258	7.830046e+00	2.693676e+03	4.383161e+02	3.848716e+02	7.957594e+01	4.309965e+01	1.325650e+00
259	7.860395e+00	2.695431e+03	4.375935e+02	3.856059e+02	7.956879e+01	4.313160e+01	3.510435e+00
260	7.890744e+00	2.669997e+03	4.369690e+02	3.860053e+02	7.935638e+01	4.283897e+01	4.592659e+00
261	7.921093e+00	2.661611e+03	4.364716e+02	3.865368e+02	7.945586e+01	4.265096e+01	6.271832e+00
262	7.951442e+00	2.672770e+03	4.358759e+02	3.868394e+02	7.939433e+01	4.286296e+01	8.121676e+00
263	7.981791e+00	2.687187e+03	4.350519e+02	3.874331e+02	7.913542e+01	4.323516e+01	9.641150e+00
264	8.012140e+00	2.697759e+03	4.347894e+02	3.873679e+02	7.969344e+01	4.310133e+01	1.212836e+01
265	8.042489e+00	2.694975e+03	4.343026e+02	3.879658e+02	7.933216e+01	4.325294e+01	1.398235e+01
266	8.072838e+00	2.684372e+03	4.335923e+02	3.883337e+02	7.958722e+01	4.294470e+01	1.527110e+01
267	8.103187e+00	2.684638e+03	4.331315e+02	3.882851e+02	7.936363e+01	4.306994e+01	1.707756e+01
268	8.133536e+00	2.722312e+03	4.321884e+02	3.885437e+02	7.905420e+01	4.384530e+01	1.935813e+01
269	8.163885e+00	2.687826e+03	4.319298e+02	3.885580e+02	7.960253e+01	4.299167e+01	2.077368e+01
270	8.194234e+00	2.688945e+03	4.311841e+02	3.885948e+02	7.945988e+01	4.308680e+01	2.270520e+01
271	8.224583e+00	2.680055e+03	4.306010e+02	3.888917e+02	7.943017e+01	4.296040e+01	2.477604e+01
272	8.254932e+00	2.697002e+03	4.298599e+02	3.891139e+02	7.972473e+01	4.307233e+01	2.684247e+01
273	8.285281e+00	2.678014e+03	4.292436e+02	3.892920e+02	7.947200e+01	4.290509e+01	2.815632e+01
274	8.315630e+00	2.687521e+03	4.286181e+02	3.894302e+02	7.974749e+01	4.290867e+01	2.999934e+01
275	8.345979e+00	2.690066e+03	4.278936e+02	3.895876e+02	7.956452e+01	4.304806e+01	3.186925e+01
276	8.376328e+00	2.687326e+03	4.273326e+02	3.895996e+02	7.967025e+01	4.294714e+01	3.342670e+01
277	8.406677e+00	2.681911e+03	4.267375e+02	3.897286e+02	7.944326e+01	4.298307e+01	3.508240e+01
278	8.437026e+00	2.683103e+03	4.262261e+02	3.894252e+02	7.952261e+01	4.295927e+01	3.729487e+01
279	8.467375e+00	2.676675e+03	4.255275e+02	3.894216e+02	7.918120e+01	4.304113e+01	3.954919e+01
280	8.497724e+00	2.674771e+03	4.248927e+02	3.894132e+02	7.920531e+01	4.299743e+01	4.129986e+01
281	8.528073e+00	2.677481e+03	4.242176e+02	3.893685e+02	7.932810e+01	4.297437e+01	4.309733e+01
282	8.558422e+00	2.684323e+03	4.235176e+02	3.894538e+02	7.966766e+01	4.290055e+01	4.484493e+01
283	8.588771e+00	2.678488e+03	4.229407e+02	3.893345e+02	7.933931e+01	4.298445e+01	4.642899e+01
284	8.619120e+00	2.685710e+03	4.222818e+02	3.892628e+02	7.985670e+01	4.282110e+01	4.837959e+01
285	8.649469e+00	2.668090e+03	4.216171e+02	3.891586e+02	7.944398e+01	4.276117e+01	5.030011e+01
286	8.679818e+00	2.675215e+03	4.209952e+02	3.889243e+02	7.960943e+01	4.278626e+01	5.200683e+01
287	8.710167e+00	2.685642e+03	4.202122e+02	3.889076e+02	8.020816e+01	4.263239e+01	5.398035e+01
288	8.740516e+00	2.667720e+03	4.198141e+02	3.885262e+02	7.985254e+01	4.253648e+01	5.593893e+01
289	8.770865e+00	2.677417e+03	4.190512e+02	3.883731e+02	7.968362e+01	4.278161e+01	5.770723e+01
290	8.801214e+00	2.654343e+03	4.185989e+02	3.881690e+02	7.947086e+01	4.252646e+01	5.943488e+01
291	8.831563e+00	2.671437e+03	4.177711e+02	3.880384e+02	7.993465e+01	4.255199e+01	6.132779e+01
292	8.861912e+00	2.678033e+03	4.170236e+02	3.878938e+02	8.025499e+01	4.248679e+01	6.294175e+01
293	8.892261e+00	2.669092e+03	4.164665e+02	3.877078e+02	8.016093e+01	4.239464e+01	6.452817e+01
294	8.922610e+00	2.665689e+03	4.157620e+02	3.874866e+02	8.022909e+01	4.230462e+01	6.584566e+01
295	8.952959e+00	2.664939e+03	4.153354e+02	3.872313e+02	7.984830e+01	4.249440e+01	6.761370e+01
296	8.983308e+00	2.679364e+03	4.144904e+02	3.870535e+02	8.068041e+01	4.228377e+01	6.920626e+01
297	9.013657e+00	2.674873e+03	4.142880e+02	3.866309e+02	8.038648e+01	4.236724e+01	7.082187e+01
298	9.044006e+00	2.662378e+03	4.136537e+02	3.862944e+02	8.024493e+01	4.224373e+01	7.229266e+01
299	9.074355e+00	2.673829e+03	4.131251e+02	3.858141e+02	8.062195e+01	4.222702e+01	7.439062e+01
300	9.104704e+00	2.676272e+03	4.124847e+02	3.854592e+02	8.066740e+01	4.224179e+01	7.604759e+01
301	9.135053e+00	2.662940e+03	4.119294e+02	3.850948e+02	8.019379e+01	4.227960e+01	7.756857e+01
302	9.165402e+00	2.678151e+03	4.112069e+02	3.847921e+02	8.085009e+01	4.217593e+01	7.933722e+01
303	9.195751e+00	2.666751e+03	4.105296e+02	3.843927e+02	8.078999e+01	4.202765e+01	8.046310e+01
304	9.226100e+00	2.665007e+03	4.101139e+02	3.837982e+02	8.060130e+01	4.209848e+01	8.219893e+01
305	9.256449e+00	2.661767e+03	4.095341e+02	3.833293e+02	8.038391e+01	4.216102e+01	8.425969e+01
306	9.286798e+00	2.677079e+03	4.090913e+02	3.828601e+02	8.107272e+01	4.204329e+01	8.617488e+01
307	9.317147e+00	2.667769e+03	4.086371e+02	3.823690e+02	8.063023e+01	4.212699e+01	8.751314e+01
308	9.347496e+00	2.657934e+03	4.080883e+02	3.817484e+02	8.040289e+01	4.209036e+01	8.953246e+01
309	9.377845e+00	2.661795e+03	4.077654e+02	3.811280e+02	8.052812e+01	4.208595e+01	9.140025e+01
310	9.408194e+00	2.664372e+03	4.072777e+02	3.807176e+02	8.051867e+01	4.213164e+01	9.305913e+01
311	9.438543e+00	2.664770e+03	4.069236e+02	3.801306e+02	8.073678e+01	4.202410e+01	9.459119e+01
312	9.468892e+00	2.671285e+03	4.064187e+02	3.795472e+02	8.051421e+01	4.224330e+01	9.619197e+01
313	9.499241e+00	2.670259e+03	4.060720e+02	3.789242e+02	8.055123e+01	4.220767e+01	9.783862e+01
314	9.529590e+00	2.656872e+03	4.058734e+02	3.783409e+02	8.061916e+01	4.196067e+01	9.928800e+01
315	9.559939e+00	2.668024e+03	4.056219e+02	3.776462e+02	8.037442e+01	4.226511e+01	1.013503e+02
316	9.590288e+00	2.668876e+03	4.055616e+02	3.769244e+02	8.042657e+01	4.225119e+01	1.030682e+02
317	9.620637e+00	2.661361e+03	4.054465e+02	3.762773e+02	8.038625e+01	4.215335e+01	1.052025e+02
318	9.650986e+00	2.670279e+03	4.051058e+02	3.756762e+02	8.017267e+01	4.240728e+01	1.063151e+02
319	9.681335e+00	2.677214e+03	4.049417e+02	3.750269e+02	8.027412e+01	4.246368e+01	1.080091e+02
320	9.711684e+00	2.650375e+03	4.045719e+02	3.743164e+02	7.994081e+01	4.221326e+01	1.095125e+02
321	9.742033e+00	2.653098e+03	4.044546e+02	3.737530e+02	7.962648e+01	4.242344e+01	1.113880e+02
322	9.772382e+00	2.673190e+03	4.042229e+02	3.731873e+02	8.013599e+01	4.247293e+01	1.131803e+02
323	9.802731e+00	2.664467e+03	4.042010e+02	3.726071e+02	7.957248e+01	4.263416e+01	1.147220e+02
324	9.833080e+00	2.665728e+03	4.040602e+02	3.718768e+02	7.980669e+01	4.252914e+01	1.163277e+02
325	9.863429e+00	2.658569e+03	4.040330e+02	3.713159e+02	7.936304e+01	4.265204e+01	1.177440e+02
326	9.893778e+00	2.686363e+03	4.035443e+02	3.706908e+02	7.992279e+01	4.279610e+01	1.185905e+02
327	9.924127e+00	2.654802e+03	4.037887e+02	3.700889e+02	7.931393e+01	4.261798e+01	1.208250e+02
328	9.954476e+00	2.671047e+03	4.036378e+02	3.692307e+02	7.954704e+01	4.275310e+01	1.229398e+02
329	9.984825e+00	2.685651e+03	4.036747e+02	3.685608e+02	7.988892e+01	4.280290e+01	1.242511e+02
330	1.001517e+01	2.676404e+03	4.037929e+02	3.679767e+02	7.926039e+01	4.299378e+01	1.263006e+02
331	1.004552e+01	2.677949e+03	4.036629e+02	3.673203e+02	7.939207e+01	4.294725e+01	1.278664e+02
332	1.007587e+01	2.686072e+03	4.037511e+02	3.666107e+02	7.956499e+01	4.298389e+01	1.293027e+02
333	1.010622e+01	2.682037e+03	4.037015e+02	3.660231e+02	7.941535e+01	4.300019e+01	1.305838e+02
334	1.013657e+01	2.684067e+03	4.038423e+02	3.652792e+02	7.963503e+01	4.291403e+01	1.321336e+02
335	1.016692e+01	2.678893e+03	4.039832e+02	3.646867e+02	7.953092e+01	4.288738e+01	1.342710e+02
336	1.019727e+01	2.691075e+03	4.041666e+02	3.639218e+02	7.929163e+01	4.321242e+01	1.359335e+02
337	1.022762e+01	2.689245e+03	4.044606e+02	3.634043e+02	7.925684e+01	4.320200e+01	1.377092e+02
338	1.025797e+01	2.680831e+03	4.045657e+02	3.626526e+02	7.926997e+01	4.305969e+01	1.396347e+02
339	1.028832e+01	2.678432e+03	4.047518e+02	3.618897e+02	7.926220e+01	4.302538e+01	1.412745e+02
340	1.031866e+01	2.661321e+03	4.048468e+02	3.613236e+02	7.903197e+01	4.287505e+01	1.429806e+02
341	1.034901e+01	2.686866e+03	4.050323e+02	3.606945e+02	7.933996e+01	4.311855e+01	1.444626e+02
342	1.037936e+01	2.692372e+03	4.053049e+02	3.601895e+02	7.934112e+01	4.320628e+01	1.464200e+02
343	1.040971e+01	2.675441e+03	4.054387e+02	3.596144e+02	7.918241e+01	4.302063e+01	1.480845e+02
344	1.044006e+01	2.683092e+03	4.056341e+02	3.589612e+02	7.928188e+01	4.308953e+01	1.496249e+02
345	1.047041e+01	2.678394e+03	4.060656e+02	3.584728e+02	7.932331e+01	4.299162e+01	1.511942e+02
346	1.050076e+01	2.695866e+03	4.061329e+02	3.576474e+02	7.996134e+01	4.292678e+01	1.527223e+02
347	1.053111e+01	2.674431e+03	4.066315e+02	3.572191e+02	7.911891e+01	4.303891e+01	1.551450e+02
348	1.056146e+01	2.689867e+03	4.070674e+02	3.568447e+02	7.915105e+01	4.326973e+01	1.568793e+02
349	1.059181e+01	2.692795e+03	4.072744e+02	3.561123e+02	7.944093e+01	4.315877e+01	1.581700e+02
350	1.062215e+01	2.679690e+03	4.078389e+02	3.556998e+02	7.927384e+01	4.303925e+01	1.607454e+02
351	1.065250e+01	2.683064e+03	4.081900e+02	3.550906e+02	7.896443e+01	4.326230e+01	1.618272e+02
352	1.068285e+01	2.706343e+03	4.084023e+02	3.544444e+02	7.948551e+01	4.335159e+01	1.632723e+02
353	1.071320e+01	2.691684e+03	4.088146e+02	3.538816e+02	7.907581e+01	4.334016e+01	1.656862e+02
354	1.074355e+01	2.689427e+03	4.092981e+02	3.533468e+02	7.932832e+01	4.316599e+01	1.673331e+02
355	1.077390e+01	2.705746e+03	4.095695e+02	3.529619e+02	7.916062e+01	4.351990e+01	1.691678e+02
356	1.080425e+01	2.682041e+03	4.101303e+02	3.524209e+02	7.913217e+01	4.315414e+01	1.709911e+02
357	1.083460e+01	2.692910e+03	4.107397e+02	3.521378e+02	7.945431e+01	4.315335e+01	1.728776e+02
358	1.086495e+01	2.683991e+03	4.112602e+02	3.516115e+02	7.937421e+01	4.305382e+01	1.749100e+02
359	1.089530e+01	2.688048e+03	4.116603e+02	3.511937e+02	7.880426e+01	4.343076e+01	1.764107e+02
360	1.092564e+01	2.696408e+03	4.121946e+02	3.508069e+02	7.887153e+01	4.352867e+01	1.784831e+02
361	1.095599e+01	2.685396e+03	4.128750e+02	3.506256e+02	7.937089e+01	4.307816e+01	1.093660e+00
362	1.098634e+01	2.683895e+03	4.134320e+02	3.502609e+02	7.873874e+01	4.339975e+01	2.964726e+00
363	1.101669e+01	2.685166e+03	4.141087e+02	3.499751e+02	7.857256e+01	4.351213e+01	5.375833e+00
364	1.104704e+01	2.707220e+03	4.146005e+02	3.496475e+02	7.822144e+01	4.406644e+01	7.588822e+00
365	1.107739e+01	2.677516e+03	4.154221e+02	3.495785e+02	7.893819e+01	4.318720e+01	1.001282e+01
366	1.110774e+01	2.679357e+03	4.159599e+02	3.494196e+02	7.863193e+01	4.338522e+01	1.216994e+01
367	1.113809e+01	2.684461e+03	4.166563e+02	3.492996e+02	7.866676e+01	4.344862e+01	1.422612e+01
368	1.116844e+01	2.690564e+03	4.172258e+02	3.493104e+02	7.857389e+01	4.359886e+01	1.696406e+01
369	1.119879e+01	2.686597e+03	4.177843e+02	3.493285e+02	7.867398e+01	4.347921e+01	1.890409e+01
370	1.122914e+01	2.677553e+03	4.185927e+02	3.490122e+02	7.851117e+01	4.342270e+01	2.096317e+01
371	1.125948e+01	2.681530e+03	4.192573e+02	3.490618e+02	7.864758e+01	4.341177e+01	2.310330e+01
372	1.128983e+01	2.666075e+03	4.199357e+02	3.491452e+02	7.823813e+01	4.338745e+01	2.601282e+01
373	1.132018e+01	2.685066e+03	4.205312e+02	3.489890e+02	7.862095e+01	4.348373e+01	2.768132e+01
374	1.135053e+01	2.662990e+03	4.211539e+02	3.492046e+02	7.840837e+01	4.324315e+01	3.030907e+01
375	1.138088e+01	2.701238e+03	4.217089e+02	3.492598e+02	7.928743e+01	4.337790e+01	3.330008e+01
376	1.141123e+01	2.670304e+03	4.225633e+02	3.490310e+02	7.849188e+01	4.331578e+01	3.454093e+01
377	1.144158e+01	2.699388e+03	4.229435e+02	3.493134e+02	7.879018e+01	4.362178e+01	3.773573e+01
378	1.147193e+01	2.670244e+03	4.238268e+02	3.492681e+02	7.855967e+01	4.327742e+01	3.870830e+01
379	1.150228e+01	2.647031e+03	4.245902e+02	3.494547e+02	7.818819e+01	4.310503e+01	4.084753e+01
380	1.153263e+01	2.657615e+03	4.252235e+02	3.494316e+02	7.849839e+01	4.310637e+01	4.286572e+01
381	1.156297e+01	2.652251e+03	4.255923e+02	3.498094e+02	7.815063e+01	4.321080e+01	4.540369e+01
382	1.159332e+01	2.662429e+03	4.265806e+02	3.497779e+02	7.855920e+01	4.315103e+01	4.715112e+01
383	1.162367e+01	2.652906e+03	4.273362e+02	3.499178e+02	7.853836e+01	4.300808e+01	4.873028e+01
384	1.165402e+01	2.652132e+03	4.279308e+02	3.501371e+02	7.862428e+01	4.294856e+01	5.078773e+01
385	1.168437e+01	2.647423e+03	4.286564e+02	3.503587e+02	7.864034e+01	4.286355e+01	5.319016e+01
386	1.171472e+01	2.652058e+03	4.291809e+02	3.506365e+02	7.852370e+01	4.300237e+01	5.541850e+01
387	1.174507e+01	2.639437e+03	4.299411e+02	3.509076e+02	7.873686e+01	4.268186e+01	5.726275e+01
388	1.177542e+01	2.669189e+03	4.304869e+02	3.511647e+02	7.934303e+01	4.283322e+01	5.964558e+01
389	1.180577e+01	2.659004e+03	4.312970e+02	3.515026e+02	7.949468e+01	4.258837e+01	6.184410e+01
390	1.183612e+01	2.651577e+03	4.319097e+02	3.517972e+02	7.883615e+01	4.282417e+01	6.312315e+01
391	1.186646e+01	2.653671e+03	4.327080e+02	3.521679e+02	7.957521e+01	4.245994e+01	6.547403e+01
392	1.189681e+01	2.644313e+03	4.331437e+02	3.523635e+02	7.941614e+01	4.239495e+01	6.737462e+01
393	1.192716e+01	2.641637e+03	4.336363e+02	3.529192e+02	7.932548e+01	4.240046e+01	6.946664e+01
394	1.195751e+01	2.642076e+03	4.341497e+02	3.533253e+02	7.927226e+01	4.243597e+01	7.164774e+01
395	1.198786e+01	2.652497e+03	4.348878e+02	3.537616e+02	7.970444e+01	4.237235e+01	7.335490e+01
396	1.201821e+01	2.645107e+03	4.353971e+02	3.541497e+02	7.970662e+01	4.225315e+01	7.494091e+01
397	1.204856e+01	2.633161e+03	4.360778e+02	3.546001e+02	7.948457e+01	4.217982e+01	7.655777e+01
398	1.207891e+01	2.640038e+03	4.366937e+02	3.549653e+02	7.960487e+01	4.222607e+01	7.867081e+01
399	1.210926e+01	2.652063e+03	4.372771e+02	3.555611e+02	7.981847e+01	4.230489e+01	8.036680e+01
400	1.213961e+01	2.658139e+03	4.376849e+02	3.561151e+02	7.991720e+01	4.234943e+01	8.217076e+01
401	1.216995e+01	2.654216e+03	4.381818e+02	3.566406e+02	7.990868e+01	4.229143e+01	8.431693e+01
402	1.220030e+01	2.650636e+03	4.385037e+02	3.572219e+02	7.986263e+01	4.225874e+01	8.638845e+01
403	1.223065e+01	2.635095e+03	4.390126e+02	3.577740e+02	7.943639e+01	4.223640e+01	8.821732e+01
404	1.226100e+01	2.653823e+03	4.394484e+02	3.583938e+02	7.961886e+01	4.243909e+01	9.035509e+01
405	1.229135e+01	2.651074e+03	4.399112e+02	3.590031e+02	7.979593e+01	4.230107e+01	9.206015e+01
406	1.232170e+01	2.664304e+03	4.403468e+02	3.595547e+02	7.998135e+01	4.241360e+01	9.370648e+01
407	1.235205e+01	2.658558e+03	4.407530e+02	3.601436e+02	8.015477e+01	4.223056e+01	9.532341e+01
408	1.238240e+01	2.638157e+03	4.411677e+02	3.608658e+02	7.949115e+01	4.225634e+01	9.712070e+01
409	1.241275e+01	2.656815e+03	4.415896e+02	3.614820e+02	7.995396e+01	4.230887e+01	9.890461e+01
410	1.244310e+01	2.658370e+03	4.418226e+02	3.620567e+02	7.969721e+01	4.247002e+01	1.005431e+02
411	1.247344e+01	2.653404e+03	4.422121e+02	3.627116e+02	7.986046e+01	4.230403e+01	1.025039e+02
412	1.250379e+01	2.660319e+03	4.424706e+02	3.632899e+02	7.991920e+01	4.238310e+01	1.040783e+02
413	1.253414e+01	2.670997e+03	4.427901e+02	3.638831e+02	7.992017e+01	4.255270e+01	1.058822e+02
414	1.256449e+01	2.683698e+03	4.430998e+02	3.645924e+02	8.009979e+01	4.265917e+01	1.077539e+02
415	1.259484e+01	2.665803e+03	4.432622e+02	3.653203e+02	7.974324e+01	4.256418e+01	1.093600e+02
416	1.262519e+01	2.663770e+03	4.435414e+02	3.660384e+02	7.972180e+01	4.254316e+01	1.112400e+02
417	1.265554e+01	2.669455e+03	4.436514e+02	3.667483e+02	7.954240e+01	4.273012e+01	1.130471e+02
418	1.268589e+01	2.669705e+03	4.438472e+02	3.674992e+02	7.956170e+01	4.272374e+01	1.148941e+02
419	1.271624e+01	2.668397e+03	4.438743e+02	3.681743e+02	7.915340e+01	4.292310e+01	1.167429e+02
420	1.274659e+01	2.672082e+03	4.439224e+02	3.690479e+02	7.899087e+01	4.307081e+01	1.188444e+02
421	1.277693e+01	2.672652e+03	4.439913e+02	3.698620e+02	7.958203e+01	4.275999e+01	1.205631e+02
422	1.280728e+01	2.670305e+03	4.441620e+02	3.706255e+02	7.962071e+01	4.270168e+01	1.223602e+02
423	1.283763e+01	2.670188e+03	4.441898e+02	3.712275e+02	7.943262e+01	4.280092e+01	1.238483e+02
424	1.286798e+01	2.687498e+03	4.443462e+02	3.721258e+02	7.950005e+01	4.304184e+01	1.257903e+02
425	1.289833e+01	2.684955e+03	4.443554e+02	3.728539e+02	7.947681e+01	4.301369e+01	1.273982e+02
426	1.292868e+01	2.695593e+03	4.440581e+02	3.736071e+02	7.947565e+01	4.318474e+01	1.290524e+02
427	1.295903e+01	2.691613e+03	4.442751e+02	3.744002e+02	7.950842e+01	4.310322e+01	1.308695e+02
428	1.298938e+01	2.698246e+03	4.440999e+02	3.750358e+02	7.937893e+01	4.327991e+01	1.322039e+02
429	1.301973e+01	2.688469e+03	4.440240e+02	3.758028e+02	7.917146e+01	4.323610e+01	1.339948e+02
430	1.305008e+01	2.695804e+03	4.439348e+02	3.765952e+02	7.958690e+01	4.312776e+01	1.360269e+02
431	1.308042e+01	2.696818e+03	4.436856e+02	3.772057e+02	7.964682e+01	4.311152e+01	1.377990e+02
432	1.311077e+01	2.696733e+03	4.433565e+02	3.779709e+02	7.933028e+01	4.328218e+01	1.397303e+02
433	1.314112e+01	2.690960e+03	4.432227e+02	3.785706e+02	7.938004e+01	4.316244e+01	1.418273e+02
434	1.317147e+01	2.697302e+03	4.430123e+02	3.793012e+02	7.963833e+01	4.312385e+01	1.436955e+02
435	1.320182e+01	2.699260e+03	4.428248e+02	3.800595e+02	7.981516e+01	4.305956e+01	1.454726e+02
436	1.323217e+01	2.713550e+03	4.424979e+02	3.808677e+02	7.990572e+01	4.323844e+01	1.477059e+02
437	1.326252e+01	2.687019e+03	4.423701e+02	3.817126e+02	7.952459e+01	4.302089e+01	1.495685e+02
438	1.329287e+01	2.707600e+03	4.421509e+02	3.824669e+02	7.978651e+01	4.320810e+01	1.510574e+02
439	1.332322e+01	2.691245e+03	4.417761e+02	3.829730e+02	7.967371e+01	4.300791e+01	1.533068e+02
440	1.335357e+01	2.681019e+03	4.413148e+02	3.835885e+02	7.947526e+01	4.295148e+01	1.550799e+02
441	1.338392e+01	2.682228e+03	4.412234e+02	3.844451e+02	7.971714e+01	4.284047e+01	1.564547e+02
442	1.341426e+01	2.690961e+03	4.406686e+02	3.850083e+02	7.972385e+01	4.297632e+01	1.582330e+02
443	1.344461e+01	2.693005e+03	4.402130e+02	3.855179e+02	7.951468e+01	4.312210e+01	1.604063e+02
444	1.347496e+01	2.688428e+03	4.397091e+02	3.861122e+02	7.979880e+01	4.289555e+01	1.622155e+02
445	1.350531e+01	2.694246e+03	4.393364e+02	3.866098e+02	7.994983e+01	4.290716e+01	1.640705e+02
446	1.353566e+01	2.692361e+03	4.389517e+02	3.872436e+02	7.976498e+01	4.297651e+01	1.664479e+02
447	1.356601e+01	2.693734e+03	4.383220e+02	3.877395e+02	7.989651e+01	4.292763e+01	1.679806e+02
448	1.359636e+01	2.707295e+03	4.378449e+02	3.883196e+02	8.019983e+01	4.298058e+01	1.697065e+02
449	1.362671e+01	2.693317e+03	4.375284e+02	3.889920e+02	7.968256e+01	4.303624e+01	1.724266e+02
450	1.365706e+01	2.689689e+03	4.370215e+02	3.894760e+02	7.951679e+01	4.306786e+01	1.741287e+02
451	1.368741e+01	2.691687e+03	4.365435e+02	3.898299e+02	7.961151e+01	4.304858e+01	1.761178e+02
452	1.371775e+01	2.699501e+03	4.358345e+02	3.903678e+02	7.989589e+01	4.301988e+01	1.778692e+02
453	1.374810e+01	2.698071e+03	4.353101e+02	3.906622e+02	7.968239e+01	4.311230e+01	5.449503e-02
454	1.377845e+01	2.680653e+03	4.347124e+02	3.909461e+02	7.967345e+01	4.283878e+01	2.344555e+00
455	1.380880e+01	2.712315e+03	4.342112e+02	3.913029e+02	7.971403e+01	4.332270e+01	4.859889e+00
456	1.383915e+01	2.684949e+03	4.335230e+02	3.915690e+02	7.958060e+01	4.295750e+01	6.684902e+00
457	1.386950e+01	2.684950e+03	4.330137e+02	3.918917e+02	7.955975e+01	4.296877e+01	8.010350e+00
458	1.389985e+01	2.687263e+03	4.324962e+02	3.921167e+02	7.945934e+01	4.306013e+01	1.025978e+01
459	1.393020e+01	2.717855e+03	4.316190e+02	3.924487e+02	7.960071e+01	4.347298e+01	1.313008e+01
460	1.396055e+01	2.697947e+03	4.310951e+02	3.927099e+02	7.982626e+01	4.303262e+01	1.454850e+01
461	1.399090e+01	2.687598e+03	4.306148e+02	3.928388e+02	7.955433e+01	4.301408e+01	1.634933e+01
462	1.402124e+01	2.693639e+03	4.298039e+02	3.928423e+02	7.920419e+01	4.330134e+01	1.842006e+01
463	1.405159e+01	2.718937e+03	4.289964e+02	3.932876e+02	7.945002e+01	4.357278e+01	2.045955e+01
464	1.408194e+01	2.687712e+03	4.286768e+02	3.934690e+02	7.916960e+01	4.322493e+01	2.194904e+01
465	1.411229e+01	2.696065e+03	4.279027e+02	3.937429e+02	7.977795e+01	4.302864e+01	2.364894e+01
466	1.414264e+01	2.693598e+03	4.272871e+02	3.939763e+02	7.964510e+01	4.306097e+01	2.573570e+01
467	1.417299e+01	2.699918e+03	4.266132e+02	3.940685e+02	7.977942e+01	4.308934e+01	2.755619e+01
468	1.420334e+01	2.690340e+03	4.259870e+02	3.942396e+02	7.938578e+01	4.314939e+01	2.955507e+01
469	1.423369e+01	2.702118e+03	4.253288e+02	3.942515e+02	7.948790e+01	4.328260e+01	3.190006e+01
470	1.426404e+01	2.695026e+03	4.246244e+02	3.945428e+02	7.983545e+01	4.298108e+01	3.345596e+01
471	1.429439e+01	2.710006e+03	4.238206e+02	3.945044e+02	7.959414e+01	4.335102e+01	3.605813e+01
472	1.432473e+01	2.690624e+03	4.233626e+02	3.945212e+02	7.987134e+01	4.289159e+01	3.735487e+01
473	1.435508e+01	2.695031e+03	4.226148e+02	3.945392e+02	7.996208e+01	4.291308e+01	3.919774e+01
474	1.438543e+01	2.683730e+03	4.218493e+02	3.946459e+02	7.953309e+01	4.296365e+01	4.094923e+01
475	1.441578e+01	2.690025e+03	4.214052e+02	3.946570e+02	7.968338e+01	4.298319e+01	4.271421e+01
476	1.444613e+01	2.686727e+03	4.207881e+02	3.947408e+02	7.974485e+01	4.289740e+01	4.387724e+01
477	1.447648e+01	2.686859e+03	4.202319e+02	3.946328e+02	7.951710e+01	4.302238e+01	4.602206e+01
478	1.450683e+01	2.683086e+03	4.197213e+02	3.944213e+02	7.972939e+01	4.284758e+01	4.745708e+01
479	1.453718e+01	2.688193e+03	4.189498e+02	3.944236e+02	7.977347e+01	4.290541e+01	4.972380e+01
480	1.456753e+01	2.677902e+03	4.184065e+02	3.941536e+02	7.962337e+01	4.282174e+01	5.162411e+01
481	1.459788e+01	2.682083e+03	4.177667e+02	3.940177e+02	7.996721e+01	4.270419e+01	5.381792e+01
482	1.462822e+01	2.677346e+03	4.172120e+02	3.936889e+02	7.995255e+01	4.263657e+01	5.545045e+01
483	1.465857e+01	2.665688e+03	4.166809e+02	3.932833e+02	7.982175e+01	4.252048e+01	5.810750e+01
484	1.468892e+01	2.669167e+03	4.161004e+02	3.929616e+02	7.984654e+01	4.256276e+01	5.996399e+01
485	1.471927e+01	2.666277e+03	4.155783e+02	3.927127e+02	7.990622e+01	4.248492e+01	6.197295e+01
486	1.474962e+01	2.670046e+03	4.150613e+02	3.923012e+02	7.992345e+01	4.253580e+01	6.435677e+01
487	1.477997e+01	2.666461e+03	4.145411e+02	3.919480e+02	7.993015e+01	4.247512e+01	6.633835e+01
488	1.481032e+01	2.660432e+03	4.140505e+02	3.915479e+02	8.029070e+01	4.218879e+01	6.759995e+01
489	1.484067e+01	2.668604e+03	4.135909e+02	3.912729e+02	8.038255e+01	4.227002e+01	6.977191e+01
490	1.487102e+01	2.661686e+03	4.130108e+02	3.907989e+02	8.039262e+01	4.215517e+01	7.180692e+01
491	1.490137e+01	2.661901e+03	4.125406e+02	3.903693e+02	7.989752e+01	4.241981e+01	7.395599e+01
492	1.493171e+01	2.665178e+03	4.119891e+02	3.899345e+02	8.042508e+01	4.219343e+01	7.576176e+01
493	1.496206e+01	2.654380e+03	4.114577e+02	3.894149e+02	8.040765e+01	4.203160e+01	7.753719e+01
494	1.499241e+01	2.664258e+03	4.107922e+02	3.889161e+02	8.032196e+01	4.223302e+01	7.949833e+01
495	1.502276e+01	2.665202e+03	4.103869e+02	3.883813e+02	8.044446e+01	4.218365e+01	8.149850e+01
496	1.505311e+01	2.653460e+03	4.098661e+02	3.879549e+02	8.055885e+01	4.193816e+01	8.306524e+01
497	1.508346e+01	2.664322e+03	4.092598e+02	3.875085e+02	8.071090e+01	4.203050e+01	8.456639e+01
498	1.511381e+01	2.656677e+03	4.090525e+02	3.870132e+02	8.044911e+01	4.204629e+01	8.643093e+01
499	1.514416e+01	2.675045e+03	4.084925e+02	3.865097e+02	8.109698e+01	4.199876e+01	8.769241e+01
500	1.517451e+01	2.669938e+03	4.079551e+02	3.859766e+02	8.060460e+01	4.217466e+01	8.921564e+01
501	1.520486e+01	2.665474e+03	4.074658e+02	3.854928e+02	8.050523e+01	4.215611e+01	9.112814e+01
502	1.523520e+01	2.662409e+03	4.070174e+02	3.848882e+02	8.055177e+01	4.208330e+01	9.275718e+01
503	1.526555e+01	2.663024e+03	4.066782e+02	3.842499e+02	8.071764e+01	4.200652e+01	9.457870e+01
504	1.529590e+01	2.673786e+03	4.062363e+02	3.836258e+02	8.071297e+01	4.217872e+01	9.656716e+01
505	1.532625e+01	2.670251e+03	4.061286e+02	3.829925e+02	8.059904e+01	4.218250e+01	9.831458e+01
506	1.535660e+01	2.668883e+03	4.057023e+02	3.823000e+02	8.035025e+01	4.229144e+01	1.002381e+02
507	1.538695e+01	2.677465e+03	4.056418e+02	3.816738e+02	8.068023e+01	4.225389e+01	1.021808e+02
508	1.541730e+01	2.669213e+03	4.053762e+02	3.809645e+02	8.059080e+01	4.217042e+01	1.041445e+02
509	1.544765e+01	2.671949e+03	4.052107e+02	3.802003e+02	8.023077e+01	4.240308e+01	1.057240e+02
510	1.547800e+01	2.684725e+03	4.049575e+02	3.794680e+02	8.058639e+01	4.241781e+01	1.078461e+02
511	1.550835e+01	2.685654e+03	4.048743e+02	3.787368e+02	8.057583e+01	4.243804e+01	1.097579e+02
512	1.553869e+01	2.675806e+03	4.049572e+02	3.780785e+02	8.028326e+01	4.243651e+01	1.116606e+02
513	1.556904e+01	2.667437e+03	4.047968e+02	3.773808e+02	7.990232e+01	4.250547e+01	1.133742e+02
514	1.559939e+01	2.660779e+03	4.048670e+02	3.767430e+02	7.985113e+01	4.242656e+01	1.151084e+02
515	1.562974e+01	2.666441e+03	4.045961e+02	3.759615e+02	7.995965e+01	4.245915e+01	1.168918e+02
516	1.566009e+01	2.674967e+03	4.046020e+02	3.753352e+02	7.976571e+01	4.269846e+01	1.186795e+02
517	1.569044e+01	2.680432e+03	4.044596e+02	3.745356e+02	7.987876e+01	4.272515e+01	1.208262e+02
518	1.572079e+01	2.673980e+03	4.046450e+02	3.739734e+02	7.966403e+01	4.273719e+01	1.225559e+02
519	1.575114e+01	2.662394e+03	4.046873e+02	3.732732e+02	7.909577e+01	4.285773e+01	1.242551e+02
520	1.578149e+01	2.678523e+03	4.046527e+02	3.725306e+02	7.930351e+01	4.300442e+01	1.264021e+02
521	1.581184e+01	2.681275e+03	4.047285e+02	3.718348e+02	7.968705e+01	4.284140e+01	1.282957e+02
522	1.584219e+01	2.704407e+03	4.043708e+02	3.710782e+02	7.961921e+01	4.324783e+01	1.292192e+02
523	1.587253e+01	2.686102e+03	4.046845e+02	3.705652e+02	7.952509e+01	4.300594e+01	1.314256e+02
524	1.590288e+01	2.682921e+03	4.047855e+02	3.698770e+02	7.910891e+01	4.318099e+01	1.332142e+02
525	1.593323e+01	2.683425e+03	4.050155e+02	3.692871e+02	7.949492e+01	4.297939e+01	1.352768e+02
526	1.596358e+01	2.687325e+03	4.053068e+02	3.685293e+02	7.941300e+01	4.308624e+01	1.375198e+02
527	1.599393e+01	2.680184e+03	4.055238e+02	3.679990e+02	7.903708e+01	4.317615e+01	1.393885e+02
528	1.602428e+01	2.702269e+03	4.056915e+02	3.673696e+02	7.965478e+01	4.319434e+01	1.413971e+02
529	1.605463e+01	2.694447e+03	4.057078e+02	3.665343e+02	7.934489e+01	4.323752e+01	1.431159e+02
530	1.608498e+01	2.697748e+03	4.059113e+02	3.659759e+02	7.974821e+01	4.307156e+01	1.448539e+02
531	1.611533e+01	2.699316e+03	4.060616e+02	3.653214e+02	7.939619e+01	4.328767e+01	1.469899e+02
532	1.614568e+01	2.689890e+03	4.064390e+02	3.648961e+02	7.933432e+01	4.317015e+01	1.486295e+02
533	1.617602e+01	2.697501e+03	4.066986e+02	3.641628e+02	7.938722e+01	4.326345e+01	1.511364e+02
534	1.620637e+01	2.682560e+03	4.070419e+02	3.636886e+02	7.925947e+01	4.309317e+01	1.530080e+02
535	1.623672e+01	2.683479e+03	4.074029e+02	3.630886e+02	7.905938e+01	4.321704e+01	1.549177e+02
536	1.626707e+01	2.683839e+03	4.077460e+02	3.626459e+02	7.901677e+01	4.324613e+01	1.565211e+02
537	1.629742e+01	2.683028e+03	4.080966e+02	3.619473e+02	7.904443e+01	4.321793e+01	1.583571e+02
538	1.632777e+01	2.711250e+03	4.082776e+02	3.617452e+02	7.923901e+01	4.356529e+01	1.609348e+02
539	1.635812e+01	2.689450e+03	4.086377e+02	3.608253e+02	7.908114e+01	4.330127e+01	1.619889e+02
540	1.638847e+01	2.685524e+03	4.090133e+02	3.602693e+02	7.918468e+01	4.318152e+01	1.638201e+02
541	1.641882e+01	2.694759e+03	4.094529e+02	3.597249e+02	7.920962e+01	4.331637e+01	1.658949e+02
542	1.644917e+01	2.703892e+03	4.099246e+02	3.595418e+02	7.928848e+01	4.341996e+01	1.682231e+02
543	1.647951e+01	2.710860e+03	4.104381e+02	3.592335e+02	7.922327e+01	4.356768e+01	1.701262e+02
544	1.650986e+01	2.689497e+03	4.109326e+02	3.585868e+02	7.885443e+01	4.342652e+01	1.717680e+02
545	1.654021e+01	2.688110e+03	4.114469e+02	3.583305e+02	7.892914e+01	4.336304e+01	1.737115e+02
546	1.657056e+01	2.697054e+03	4.118758e+02	3.579906e+02	7.851736e+01	4.373549e+01	1.758409e+02
547	1.660091e+01	2.684275e+03	4.125784e+02	3.577107e+02	7.892873e+01	4.330141e+01	1.780217e+02
548	1.663126e+01	2.700056e+03	4.130904e+02	3.574124e+02	7.913611e+01	4.344183e+01	1.345464e-01
549	1.666161e+01	2.687219e+03	4.136599e+02	3.571522e+02	7.886257e+01	4.338526e+01	2.186900e+00
550	1.669196e+01	2.681155e+03	4.142586e+02	3.569537e+02	7.846581e+01	4.350625e+01	4.600597e+00
551	1.672231e+01	2.684773e+03	4.148592e+02	3.566824e+02	7.873183e+01	4.341775e+01	6.759582e+00
552	1.675266e+01	2.711234e+03	4.151688e+02	3.564082e+02	7.792766e+01	4.429814e+01	8.828004e+00
553	1.678300e+01	2.673476e+03	4.160943e+02	3.563322e+02	7.839581e+01	4.342036e+01	1.088994e+01
554	1.681335e+01	2.673767e+03	4.165986e+02	3.563632e+02	7.879057e+01	4.320753e+01	1.300548e+01
555	1.684370e+01	2.672523e+03	4.171693e+02	3.563497e+02	7.840414e+01	4.340028e+01	1.543355e+01
556	1.687405e+01	2.684138e+03	4.178456e+02	3.561230e+02	7.849023e+01	4.354109e+01	1.792733e+01
557	1.690440e+01	2.669294e+03	4.183759e+02	3.563124e+02	7.780630e+01	4.368092e+01	2.051235e+01
558	1.693475e+01	2.669249e+03	4.190939e+02	3.561312e+02	7.816772e+01	4.347823e+01	2.251717e+01
559	1.696510e+01	2.689027e+03	4.197260e+02	3.563008e+02	7.886682e+01	4.341212e+01	2.571547e+01
560	1.699545e+01	2.657374e+03	4.204800e+02	3.561447e+02	7.829420e+01	4.321486e+01	2.745548e+01
561	1.702580e+01	2.662914e+03	4.210789e+02	3.562101e+02	7.846466e+01	4.321089e+01	3.010072e+01
562	1.705615e+01	2.676217e+03	4.218023e+02	3.562526e+02	7.871866e+01	4.328662e+01	3.196175e+01
563	1.708649e+01	2.706246e+03	4.224484e+02	3.564553e+02	7.968318e+01	4.324250e+01	3.492280e+01
564	1.711684e+01	2.668031e+03	4.230977e+02	3.565614e+02	7.855572e+01	4.324374e+01	3.669906e+01
565	1.714719e+01	2.666220e+03	4.237810e+02	3.568327e+02	7.839162e+01	4.330484e+01	3.901311e+01
566	1.717754e+01	2.645924e+03	4.244815e+02	3.569927e+02	7.824201e+01	4.305737e+01	4.131769e+01
567	1.720789e+01	2.668106e+03	4.250658e+02	3.571597e+02	7.876125e+01	4.313210e+01	4.340895e+01
568	1.723824e+01	2.667175e+03	4.258599e+02	3.572529e+02	7.848077e+01	4.327115e+01	4.585345e+01
569	1.726859e+01	2.655748e+03	4.264054e+02	3.575718e+02	7.819476e+01	4.324334e+01	4.802381e+01
570	1.729894e+01	2.666530e+03	4.270403e+02	3.576824e+02	7.828085e+01	4.337117e+01	5.005668e+01
571	1.732929e+01	2.652380e+03	4.276826e+02	3.579589e+02	7.862341e+01	4.295305e+01	5.223332e+01
572	1.735964e+01	2.656497e+03	4.283468e+02	3.582111e+02	7.855588e+01	4.305671e+01	5.484415e+01
573	1.738998e+01	2.649646e+03	4.289575e+02	3.585364e+02	7.852619e+01	4.296190e+01	5.676777e+01
574	1.742033e+01	2.651104e+03	4.297090e+02	3.588093e+02	7.902979e+01	4.271162e+01	5.874403e+01
575	1.745068e+01	2.664680e+03	4.302937e+02	3.590616e+02	7.932716e+01	4.276941e+01	6.076484e+01
576	1.748103e+01	2.653488e+03	4.308231e+02	3.594497e+02	7.909898e+01	4.271263e+01	6.286000e+01
577	1.751138e+01	2.654186e+03	4.313611e+02	3.598542e+02	7.937949e+01	4.257289e+01	6.518384e+01
578	1.754173e+01	2.659049e+03	4.318738e+02	3.603770e+02	7.925693e+01	4.271685e+01	6.727991e+01
579	1.757208e+01	2.659683e+03	4.325396e+02	3.608438e+02	7.959404e+01	4.254606e+01	6.925385e+01
580	1.760243e+01	2.649879e+03	4.328488e+02	3.613703e+02	7.940028e+01	4.249268e+01	7.105167e+01
581	1.763278e+01	2.660576e+03	4.335950e+02	3.618916e+02	7.979263e+01	4.245443e+01	7.317926e+01
582	1.766313e+01	2.666949e+03	4.341523e+02	3.623237e+02	7.999318e+01	4.244942e+01	7.561973e+01
583	1.769347e+01	2.651624e+03	4.346670e+02	3.627998e+02	7.974866e+01	4.233491e+01	7.706781e+01
584	1.772382e+01	2.652996e+03	4.351758e+02	3.632538e+02	7.991840e+01	4.226685e+01	7.907033e+01
585	1.775417e+01	2.657270e+03	4.357390e+02	3.637908e+02	8.014632e+01	4.221456e+01	8.108355e+01
586	1.778452e+01	2.655485e+03	4.362411e+02	3.644202e+02	7.998403e+01	4.227180e+01	8.304270e+01
587	1.781487e+01	2.648859e+03	4.366777e+02	3.650149e+02	7.998024e+01	4.216832e+01	8.505128e+01
588	1.784522e+01	2.655726e+03	4.371761e+02	3.656446e+02	7.987800e+01	4.233175e+01	8.699004e+01
589	1.787557e+01	2.669189e+03	4.376093e+02	3.662624e+02	8.026029e+01	4.234369e+01	8.904903e+01
590	1.790592e+01	2.663882e+03	4.379913e+02	3.669698e+02	8.030217e+01	4.223747e+01	9.079095e+01
591	1.793627e+01	2.664636e+03	4.384157e+02	3.675796e+02	8.009138e+01	4.236062e+01	9.262090e+01
592	1.796662e+01	2.661319e+03	4.388124e+02	3.682559e+02	7.975537e+01	4.248613e+01	9.483266e+01
593	1.799697e+01	2.667406e+03	4.391896e+02	3.689171e+02	8.017700e+01	4.235937e+01	9.623470e+01
594	1.802731e+01	2.663954e+03	4.391875e+02	3.695840e+02	8.031665e+01	4.223099e+01	9.837366e+01
595	1.805766e+01	2.662835e+03	4.398236e+02	3.703159e+02	7.998275e+01	4.238947e+01	1.001069e+02
596	1.808801e+01	2.659008e+03	4.399424e+02	3.711060e+02	7.961011e+01	4.252669e+01	1.023605e+02
597	1.811836e+01	2.676162e+03	4.402344e+02	3.718515e+02	8.005997e+01	4.256054e+01	1.046036e+02
598	1.814871e+01	2.670239e+03	4.403573e+02	3.724946e+02	7.992396e+01	4.253860e+01	1.065185e+02
599	1.817906e+01	2.665428e+03	4.405161e+02	3.732706e+02	7.986427e+01	4.249369e+01	1.080199e+02
600	1.820941e+01	2.672969e+03	4.408267e+02	3.739836e+02	7.968851e+01	4.270791e+01	1.103458e+02
601	1.823976e+01	2.685958e+03	4.407482e+02	3.747362e+02	8.003972e+01	4.272713e+01	1.121705e+02
602	1.827011e+01	2.680007e+03	4.410188e+02	3.754761e+02	7.981016e+01	4.275510e+01	1.143947e+02
603	1.830046e+01	2.685502e+03	4.410674e+02	3.762087e+02	7.972465e+01	4.288872e+01	1.159755e+02
604	1.833080e+01	2.670047e+03	4.412886e+02	3.770566e+02	7.962499e+01	4.269526e+01	1.176680e+02
605	1.836115e+01	2.680918e+03	4.415121e+02	3.777422e+02	7.961883e+01	4.287241e+01	1.197218e+02
606	1.839150e+01	2.683161e+03	4.414859e+02	3.785037e+02	7.978554e+01	4.281862e+01	1.215842e+02
607	1.842185e+01	2.678080e+03	4.414988e+02	3.791868e+02	7.970763e+01	4.277930e+01	1.231838e+02
608	1.845220e+01	2.682797e+03	4.416464e+02	3.799944e+02	7.964509e+01	4.288831e+01	1.251194e+02
609	1.848255e+01	2.691849e+03	4.415943e+02	3.807576e+02	7.984171e+01	4.292704e+01	1.269399e+02
610	1.851290e+01	2.683487e+03	4.414417e+02	3.815077e+02	7.949347e+01	4.298116e+01	1.285986e+02
611	1.854325e+01	2.677415e+03	4.414024e+02	3.823259e+02	7.942560e+01	4.292055e+01	1.305765e+02
612	1.857360e+01	2.677265e+03	4.412121e+02	3.830021e+02	7.933344e+01	4.296801e+01	1.328926e+02
613	1.860395e+01	2.679766e+03	4.410944e+02	3.836875e+02	7.929335e+01	4.302989e+01	1.345592e+02
614	1.863429e+01	2.691327e+03	4.408500e+02	3.843162e+02	7.941493e+01	4.314937e+01	1.368938e+02
615	1.866464e+01	2.718812e+03	4.405146e+02	3.850227e+02	7.996838e+01	4.328835e+01	1.382644e+02
616	1.869499e+01	2.689291e+03	4.405455e+02	3.858302e+02	7.934990e+01	4.315207e+01	1.402068e+02
617	1.872534e+01	2.668830e+03	4.404206e+02	3.866109e+02	7.941122e+01	4.279067e+01	1.426064e+02
618	1.875569e+01	2.696283e+03	4.402093e+02	3.874443e+02	7.987884e+01	4.297777e+01	1.439356e+02
619	1.878604e+01	2.689803e+03	4.398122e+02	3.880176e+02	7.943737e+01	4.311275e+01	1.460874e+02
620	1.881639e+01	2.692646e+03	4.395144e+02	3.885886e+02	8.004731e+01	4.282946e+01	1.477777e+02
621	1.884674e+01	2.678844e+03	4.392083e+02	3.892285e+02	7.954849e+01	4.287711e+01	1.499513e+02
622	1.887709e+01	2.680777e+03	4.388222e+02	3.899425e+02	7.969367e+01	4.282988e+01	1.523261e+02
623	1.890744e+01	2.673809e+03	4.384123e+02	3.905614e+02	7.963023e+01	4.275259e+01	1.545617e+02
624	1.893778e+01	2.699639e+03	4.382200e+02	3.912750e+02	7.965701e+01	4.315109e+01	1.560757e+02
625	1.896813e+01	2.709494e+03	4.376477e+02	3.918097e+02	7.964764e+01	4.331372e+01	1.581263e+02
626	1.899848e+01	2.707962e+03	4.373299e+02	3.925010e+02	7.992510e+01	4.313894e+01	1.599043e+02
627	1.902883e+01	2.697017e+03	4.370518e+02	3.931989e+02	8.019785e+01	4.281845e+01	1.614812e+02
628	1.905918e+01	2.696570e+03	4.364582e+02	3.936875e+02	7.981583e+01	4.301628e+01	1.638223e+02
629	1.908953e+01	2.701405e+03	4.360895e+02	3.943304e+02	7.996356e+01	4.301379e+01	1.649437e+02
630	1.911988e+01	2.684505e+03	4.356732e+02	3.949057e+02	7.989738e+01	4.278009e+01	1.669418e+02
631	1.915023e+01	2.712952e+03	4.352747e+02	3.954036e+02	7.979818e+01	4.328717e+01	1.686264e+02
632	1.918058e+01	2.678929e+03	4.347827e+02	3.959878e+02	7.964755e+01	4.282515e+01	1.707658e+02
633	1.921093e+01	2.681206e+03	4.343101e+02	3.965223e+02	7.996172e+01	4.269314e+01	1.728982e+02
634	1.924127e+01	2.686876e+03	4.337878e+02	3.970197e+02	7.956464e+01	4.299696e+01	1.744176e+02
635	1.927162e+01	2.674821e+03	4.331217e+02	3.974739e+02	7.959807e+01	4.278605e+01	1.764128e+02
636	1.930197e+01	2.700372e+03	4.324739e+02	3.979158e+02	7.991658e+01	4.302262e+01	1.790771e+02
637	1.933232e+01	2.711967e+03	4.320374e+02	3.979683e+02	7.982888e+01	4.325481e+01	1.039754e+00
638	1.936267e+01	2.703016e+03	4.313801e+02	3.984293e+02	8.004291e+01	4.299678e+01	3.245080e+00
639	1.939302e+01	2.684567e+03	4.305789e+02	3.991245e+02	7.965987e+01	4.290865e+01	4.208261e+00
640	1.942337e+01	2.671867e+03	4.300456e+02	3.995263e+02	7.926990e+01	4.291574e+01	6.588058e+00
641	1.945372e+01	2.678092e+03	4.293356e+02	3.996981e+02	7.965076e+01	4.281004e+01	8.732541e+00
642	1.948407e+01	2.693526e+03	4.286726e+02	4.000413e+02	7.975519e+01	4.300039e+01	1.096728e+01
643	1.951442e+01	2.689578e+03	4.279819e+02	4.002365e+02	7.958592e+01	4.302868e+01	1.298690e+01
644	1.954476e+01	2.703943e+03	4.272812e+02	4.003404e+02	7.918697e+01	4.347644e+01	1.533190e+01
645	1.957511e+01	2.704395e+03	4.267648e+02	4.005633e+02	7.991982e+01	4.308496e+01	1.759371e+01
646	1.960546e+01	2.688767e+03	4.257530e+02	4.008720e+02	7.972399e+01	4.294121e+01	1.889399e+01
647	1.963581e+01	2.730645e+03	4.252584e+02	4.008003e+02	7.938733e+01	4.379496e+01	2.245584e+01
648	1.966616e+01	2.734637e+03	4.245009e+02	4.010208e+02	7.958554e+01	4.374975e+01	2.446288e+01
649	1.969651e+01	2.692090e+03	4.238027e+02	4.012939e+02	7.973666e+01	4.298746e+01	2.532019e+01
650	1.972686e+01	2.700114e+03	4.233516e+02	4.013730e+02	7.942437e+01	4.328510e+01	2.805266e+01
651	1.975721e+01	2.716071e+03	4.227456e+02	4.012973e+02	7.988084e+01	4.329210e+01	3.023487e+01
652	1.978756e+01	2.712832e+03	4.220257e+02	4.013715e+02	7.996627e+01	4.319427e+01	3.187825e+01
653	1.981791e+01	2.700989e+03	4.213741e+02	4.012830e+02	7.972984e+01	4.313324e+01	3.433329e+01
654	1.984825e+01	2.678824e+03	4.208215e+02	4.013287e+02	7.944106e+01	4.293478e+01	3.637775e+01
655	1.987860e+01	2.720641e+03	4.198268e+02	4.013056e+02	7.958035e+01	4.352868e+01	3.937219e+01
656	1.990895e+01	2.695441e+03	4.195420e+02	4.012752e+02	7.958330e+01	4.312389e+01	4.038844e+01
657	1.993930e+01	2.677152e+03	4.190089e+02	4.011268e+02	7.946967e+01	4.289253e+01	4.244725e+01
658	1.996965e+01	2.675920e+03	4.183616e+02	4.008476e+02	7.943447e+01	4.289180e+01	4.462924e+01
659	2.000000e+01	2.692571e+03	4.177026e+02	4.007676e+02	7.986681e+01	4.292506e+01	4.617784e+01
660	2.003035e+01	2.699025e+03	4.167691e+02	4.006523e+02	7.941991e+01	4.327007e+01	4.926689e+01
661	2.006070e+01	2.684502e+03	4.163436e+02	4.006065e+02	7.994896e+01	4.275246e+01	5.098748e+01
662	2.009105e+01	2.689152e+03	4.158292e+02	4.002911e+02	7.998611e+01	4.280663e+01	5.249033e+01
663	2.012140e+01	2.676259e+03	4.151852e+02	4.001055e+02	7.978178e+01	4.271049e+01	5.480161e+01
664	2.015175e+01	2.660741e+03	4.145819e+02	3.998409e+02	7.974767e+01	4.248100e+01	5.653530e+01
665	2.018209e+01	2.679962e+03	4.139713e+02	3.996416e+02	7.987824e+01	4.271794e+01	5.864096e+01
666	2.021244e+01	2.669674e+03	4.135117e+02	3.992313e+02	8.025291e+01	4.235528e+01	6.043349e+01
667	2.024279e+01	2.677921e+03	4.126339e+02	3.990593e+02	8.006919e+01	4.258361e+01	6.280381e+01
668	2.027314e+01	2.660169e+03	4.122675e+02	3.986168e+02	8.004493e+01	4.231414e+01	6.467082e+01
669	2.030349e+01	2.685347e+03	4.114136e+02	3.983242e+02	8.073925e+01	4.234731e+01	6.656336e+01
670	2.033384e+01	2.667693e+03	4.110918e+02	3.979563e+02	8.007542e+01	4.241767e+01	6.844942e+01
671	2.036419e+01	2.673513e+03	4.105354e+02	3.975703e+02	8.048196e+01	4.229547e+01	6.991781e+01
672	2.039454e+01	2.665164e+03	4.101013e+02	3.970846e+02	8.020354e+01	4.230976e+01	7.178339e+01
673	2.042489e+01	2.671536e+03	4.092877e+02	3.967527e+02	8.043288e+01	4.228999e+01	7.409644e+01
674	2.045524e+01	2.655327e+03	4.087824e+02	3.962982e+02	8.029248e+01	4.210690e+01	7.573332e+01
675	2.048558e+01	2.662097e+03	4.081935e+02	3.958960e+02	8.018961e+01	4.226841e+01	7.752854e+01
676	2.051593e+01	2.665499e+03	4.077849e+02	3.955187e+02	8.043063e+01	4.219559e+01	7.935458e+01
677	2.054628e+01	2.659477e+03	4.073209e+02	3.948999e+02	8.039405e+01	4.211943e+01	8.114658e+01
678	2.057663e+01	2.659959e+03	4.068152e+02	3.944263e+02	8.055115e+01	4.204490e+01	8.303590e+01
679	2.060698e+01	2.650221e+03	4.064400e+02	3.939416e+02	8.035960e+01	4.199083e+01	8.479271e+01
680	2.063733e+01	2.660938e+03	4.060428e+02	3.933857e+02	8.082116e+01	4.191986e+01	8.672870e+01
681	2.066768e+01	2.677579e+03	4.054255e+02	3.927990e+02	8.073250e+01	4.222835e+01	8.821876e+01
682	2.069803e+01	2.663181e+03	4.048943e+02	3.921797e+02	8.077346e+01	4.197997e+01	9.012140e+01
683	2.072838e+01	2.659607e+03	4.046548e+02	3.916734e+02	8.040540e+01	4.211554e+01	9.174277e+01
684	2.075873e+01	2.666650e+03	4.042008e+02	3.910652e+02	8.058400e+01	4.213347e+01	9.339289e+01
685	2.078907e+01	2.669977e+03	4.039243e+02	3.904537e+02	8.048566e+01	4.223760e+01	9.543630e+01
686	2.081942e+01	2.663852e+03	4.033472e+02	3.897822e+02	8.083608e+01	4.195801e+01	9.717105e+01
687	2.084977e+01	2.669868e+03	4.032030e+02	3.892392e+02	8.044117e+01	4.225923e+01	9.911602e+01
688	2.088012e+01	2.666232e+03	4.028197e+02	3.887327e+02	8.042252e+01	4.221146e+01	1.006429e+02
689	2.091047e+01	2.669806e+03	4.023879e+02	3.880732e+02	8.049619e+01	4.222936e+01	1.020661e+02
690	2.094082e+01	2.666484e+03	4.021212e+02	3.875271e+02	8.001112e+01	4.243251e+01	1.033094e+02
691	2.097117e+01	2.681357e+03	4.018802e+02	3.868711e+02	8.025140e+01	4.254144e+01	1.052492e+02
692	2.100152e+01	2.681144e+03	4.014190e+02	3.860031e+02	8.041133e+01	4.245345e+01	1.073070e+02
693	2.103187e+01	2.653867e+03	4.013151e+02	3.854552e+02	7.950385e+01	4.250120e+01	1.087727e+02
694	2.106222e+01	2.681287e+03	4.009656e+02	3.848403e+02	8.012302e+01	4.260849e+01	1.102691e+02
695	2.109256e+01	2.677618e+03	4.008152e+02	3.841845e+02	7.994981e+01	4.264236e+01	1.121688e+02
696	2.112291e+01	2.671357e+03	4.006632e+02	3.835300e+02	7.992301e+01	4.255692e+01	1.138157e+02
697	2.115326e+01	2.682008e+03	4.005769e+02	3.828176e+02	8.003920e+01	4.266457e+01	1.154831e+02
698	2.118361e+01	2.669263e+03	4.004682e+02	3.821193e+02	7.970691e+01	4.263885e+01	1.172463e+02
699	2.121396e+01	2.677872e+03	4.004607e+02	3.813527e+02	7.993793e+01	4.265275e+01	1.190417e+02
700	2.124431e+01	2.684803e+03	4.002881e+02	3.806735e+02	7.981229e+01	4.283046e+01	1.210286e+02
701	2.127466e+01	2.673593e+03	4.004224e+02	3.800244e+02	7.956781e+01	4.278268e+01	1.225520e+02
702	2.130501e+01	2.680033e+03	4.003980e+02	3.793546e+02	7.929691e+01	4.303225e+01	1.246785e+02
703	2.133536e+01	2.688419e+03	4.003793e+02	3.785435e+02	7.970927e+01	4.294358e+01	1.267992e+02
704	2.136571e+01	2.686451e+03	4.006281e+02	3.779180e+02	7.922764e+01	4.317301e+01	1.286844e+02
705	2.139605e+01	2.689656e+03	4.005623e+02	3.771566e+02	7.947322e+01	4.309095e+01	1.302422e+02
706	2.142640e+01	2.696890e+03	4.007725e+02	3.766006e+02	7.959607e+01	4.314016e+01	1.323155e+02
707	2.145675e+01	2.698147e+03	4.006196e+02	3.758047e+02	7.937607e+01	4.327990e+01	1.340143e+02
708	2.148710e+01	2.689756e+03	4.008937e+02	3.750350e+02	7.940758e+01	4.312817e+01	1.362624e+02
709	2.151745e+01	2.687929e+03	4.012876e+02	3.745760e+02	7.927408e+01	4.317146e+01	1.384871e+02
710	2.154780e+01	2.679124e+03	4.015145e+02	3.738189e+02	7.931537e+01	4.300764e+01	1.403311e+02
711	2.157815e+01	2.696256e+03	4.017548e+02	3.730656e+02	7.953878e+01	4.316108e+01	1.426791e+02
712	2.160850e+01	2.694296e+03	4.020482e+02	3.725696e+02	7.939198e+01	4.320946e+01	1.443007e+02
713	2.163885e+01	2.699048e+03	4.021870e+02	3.721082e+02	7.958668e+01	4.317978e+01	1.455637e+02
714	2.166920e+01	2.704086e+03	4.024430e+02	3.715300e+02	7.958498e+01	4.326130e+01	1.472845e+02
715	2.169954e+01	2.695510e+03	4.027775e+02	3.708813e+02	7.923646e+01	4.331378e+01	1.499609e+02
716	2.172989e+01	2.690044e+03	4.031866e+02	3.703691e+02	7.894502e+01	4.338552e+01	1.513154e+02
717	2.176024e+01	2.706954e+03	4.033853e+02	3.697472e+02	7.894287e+01	4.365942e+01	1.532672e+02
718	2.179059e+01	2.698421e+03	4.037104e+02	3.691943e+02	7.913967e+01	4.341358e+01	1.548353e+02
719	2.182094e+01	2.684115e+03	4.039545e+02	3.685919e+02	7.924093e+01	4.312823e+01	1.568089e+02
720	2.185129e+01	2.689063e+03	4.042264e+02	3.681610e+02	7.921853e+01	4.321996e+01	1.582218e+02
721	2.188164e+01	2.704540e+03	4.046343e+02	3.673387e+02	7.950024e+01	4.331468e+01	1.603706e+02
722	2.191199e+01	2.694054e+03	4.048945e+02	3.668876e+02	7.905228e+01	4.339124e+01	1.617749e+02
723	2.194234e+01	2.682665e+03	4.053358e+02	3.663763e+02	7.919715e+01	4.312877e+01	1.635620e+02
724	2.197269e+01	2.686261e+03	4.056630e+02	3.660406e+02	7.924914e+01	4.315825e+01	1.649708e+02
725	2.200303e+01	2.708922e+03	4.061111e+02	3.653546e+02	7.943755e+01	4.341910e+01	1.669646e+02
726	2.203338e+01	2.705854e+03	4.065383e+02	3.648031e+02	7.950420e+01	4.333356e+01	1.689406e+02
727	2.206373e+01	2.703405e+03	4.070078e+02	3.646894e+02	7.932108e+01	4.339428e+01	1.712459e+02
728	2.209408e+01	2.693760e+03	4.074799e+02	3.639782e+02	7.914090e+01	4.333791e+01	1.732205e+02
729	2.212443e+01	2.715771e+03	4.080145e+02	3.635786e+02	7.927090e+01	4.362038e+01	1.753756e+02
730	2.215478e+01	2.695614e+03	4.086344e+02	3.634761e+02	7.913684e+01	4.336996e+01	1.774574e+02
731	2.218513e+01	2.693993e+03	4.093309e+02	3.631772e+02	7.904954e+01	4.339176e+01	1.796140e+02
732	2.221548e+01	2.706016e+03	4.097781e+02	3.629391e+02	7.917727e+01	4.351509e+01	1.578562e+00
733	2.224583e+01	2.748416e+03	4.106638e+02	3.621782e+02	8.042451e+01	4.351151e+01	5.274499e+00
734	2.227618e+01	2.693741e+03	4.109683e+02	3.626375e+02	7.880242e+01	4.352375e+01	5.891592e+00
735	2.230653e+01	2.711276e+03	4.117141e+02	3.619209e+02	7.927879e+01	4.354385e+01	7.945636e+00
736	2.233687e+01	2.717885e+03	4.123214e+02	3.617891e+02	7.972661e+01	4.340482e+01	1.071563e+01
737	2.236722e+01	2.690058e+03	4.132929e+02	3.619574e+02	7.838015e+01	4.369841e+01	1.476191e+01
738	2.239757e+01	2.695644e+03	4.140559e+02	3.617803e+02	7.843791e+01	4.375691e+01	1.697492e+01
739	2.242792e+01	2.675598e+03	4.147776e+02	3.617305e+02	7.845290e+01	4.342323e+01	1.885850e+01
740	2.245827e+01	2.685903e+03	4.152864e+02	3.619446e+02	7.841991e+01	4.360879e+01	2.160776e+01
741	2.248862e+01	2.670561e+03	4.160445e+02	3.618156e+02	7.831940e+01	4.341535e+01	2.386206e+01
742	2.251897e+01	2.670759e+03	4.165953e+02	3.620165e+02	7.823808e+01	4.346369e+01	2.634871e+01
743	2.254932e+01	2.700233e+03	4.171605e+02	3.617700e+02	7.869676e+01	4.368723e+01	2.794857e+01
744	2.257967e+01	2.669117e+03	4.179671e+02	3.620531e+02	7.835423e+01	4.337257e+01	3.108331e+01
745	2.261002e+01	2.683615e+03	4.186581e+02	3.621185e+02	7.854395e+01	4.350283e+01	3.309594e+01
746	2.264036e+01	2.688512e+03	4.194202e+02	3.620422e+02	7.880737e+01	4.343655e+01	3.507268e+01
747	2.267071e+01	2.668413e+03	4.199313e+02	3.623823e+02	7.861491e+01	4.321736e+01	3.745679e+01
748	2.270106e+01	2.677468e+03	4.206016e+02	3.625440e+02	7.868331e+01	4.332632e+01	3.954078e+01
749	2.273141e+01	2.674296e+03	4.213435e+02	3.624355e+02	7.874986e+01	4.323841e+01	4.126382e+01
750	2.276176e+01	2.659501e+03	4.217300e+02	3.629997e+02	7.834108e+01	4.322358e+01	4.392041e+01
751	2.279211e+01	2.660374e+03	4.225703e+02	3.630449e+02	7.823363e+01	4.329716e+01	4.625903e+01
752	2.282246e+01	2.656580e+03	4.231437e+02	3.633748e+02	7.856440e+01	4.305338e+01	4.833525e+01
753	2.285281e+01	2.649680e+03	4.236453e+02	3.638026e+02	7.846784e+01	4.299439e+01	5.085174e+01
754	2.288316e+01	2.664637e+03	4.244575e+02	3.639107e+02	7.872012e+01	4.309852e+01	5.303780e+01
755	2.291351e+01	2.662267e+03	4.249801e+02	3.642769e+02	7.883704e+01	4.299634e+01	5.521957e+01
756	2.294385e+01	2.650922e+03	4.256748e+02	3.645656e+02	7.884581e+01	4.280835e+01	5.729052e+01
757	2.297420e+01	2.670572e+03	4.262798e+02	3.647976e+02	7.949105e+01	4.277561e+01	5.957800e+01
758	2.300455e+01	2.643804e+03	4.273188e+02	3.657091e+02	7.842592e+01	4.292197e+01	6.385112e+01
759	2.303490e+01	2.669163e+03	4.279384e+02	3.660375e+02	7.985526e+01	4.255806e+01	6.606522e+01
760	2.306525e+01	2.646857e+03	4.283956e+02	3.665380e+02	7.906498e+01	4.262422e+01	6.809209e+01
761	2.309560e+01	2.669153e+03	4.288952e+02	3.670195e+02	7.996830e+01	4.249773e+01	7.005665e+01
762	2.312595e+01	2.646927e+03	4.296539e+02	3.674296e+02	7.931537e+01	4.249078e+01	7.194607e+01
763	2.315630e+01	2.660611e+03	4.301189e+02	3.679502e+02	7.976945e+01	4.246733e+01	7.415993e+01
764	2.318665e+01	2.660033e+03	4.306074e+02	3.684986e+02	7.994107e+01	4.236695e+01	7.604398e+01
765	2.321700e+01	2.661198e+03	4.311849e+02	3.690293e+02	7.986845e+01	4.242404e+01	7.826885e+01
766	2.324734e+01	2.661278e+03	4.316992e+02	3.696007e+02	8.013896e+01	4.228212e+01	8.078059e+01
767	2.327769e+01	2.656268e+03	4.321771e+02	3.702156e+02	7.994653e+01	4.230408e+01	8.229068e+01
768	2.330804e+01	2.683510e+03	4.325410e+02	3.708182e+02	8.064758e+01	4.236645e+01	8.452053e+01
769	2.333839e+01	2.660212e+03	4.331037e+02	3.713590e+02	8.003867e+01	4.231813e+01	8.587551e+01
770	2.336874e+01	2.665505e+03	4.335013e+02	3.720298e+02	8.009228e+01	4.237396e+01	8.788784e+01
771	2.339909e+01	2.682421e+03	4.339008e+02	3.725819e+02	8.022179e+01	4.257403e+01	8.961350e+01
772	2.342944e+01	2.678999e+03	4.342847e+02	3.731665e+02	8.048056e+01	4.238300e+01	9.126723e+01
773	2.345979e+01	2.668185e+03	4.346754e+02	3.738661e+02	8.021718e+01	4.235052e+01	9.285095e+01
774	2.349014e+01	2.670384e+03	4.351393e+02	3.745889e+02	8.032449e+01	4.232878e+01	9.490762e+01
775	2.352049e+01	2.680496e+03	4.356027e+02	3.753396e+02	8.026701e+01	4.251950e+01	9.694067e+01
776	2.355083e+01	2.675316e+03	4.357718e+02	3.759158e+02	7.997729e+01	4.259106e+01	9.926457e+01
777	2.358118e+01	2.665436e+03	4.360712e+02	3.766739e+02	7.999810e+01	4.242274e+01	1.009672e+02
778	2.361153e+01	2.672240e+03	4.363331e+02	3.773399e+02	8.010120e+01	4.247630e+01	1.028323e+02
779	2.364188e+01	2.673236e+03	4.365784e+02	3.780191e+02	7.992290e+01	4.258692e+01	1.050571e+02
780	2.367223e+01	2.682889e+03	4.368935e+02	3.788639e+02	8.000202e+01	4.269843e+01	1.061902e+02
781	2.370258e+01	2.683545e+03	4.369370e+02	3.795618e+02	7.989543e+01	4.276585e+01	1.086496e+02
782	2.373293e+01	2.680231e+03	4.369731e+02	3.802412e+02	7.981512e+01	4.275601e+01	1.107257e+02
783	2.376328e+01	2.692288e+03	4.371971e+02	3.810701e+02	8.003431e+01	4.283073e+01	1.126298e+02
784	2.379363e+01	2.687527e+03	4.372335e+02	3.817807e+02	7.987488e+01	4.284032e+01	1.145587e+02
785	2.382398e+01	2.671665e+03	4.373802e+02	3.826386e+02	7.967625e+01	4.269365e+01	1.168925e+02
786	2.385432e+01	2.679826e+03	4.373868e+02	3.833176e+02	7.988142e+01	4.271407e+01	1.184959e+02
787	2.388467e+01	2.671305e+03	4.374690e+02	3.840584e+02	7.924426e+01	4.292060e+01	1.205466e+02
788	2.391502e+01	2.684096e+03	4.374593e+02	3.848722e+02	7.963961e+01	4.291202e+01	1.226289e+02
789	2.394537e+01	2.682739e+03	4.373589e+02	3.855802e+02	7.941786e+01	4.301010e+01	1.243639e+02
790	2.397572e+01	2.682915e+03	4.373444e+02	3.863500e+02	7.955580e+01	4.293833e+01	1.263377e+02
791	2.400607e+01	2.683346e+03	4.371596e+02	3.871928e+02	7.958846e+01	4.292761e+01	1.286070e+02
792	2.403642e+01	2.717833e+03	4.369048e+02	3.878787e+02	7.961836e+01	4.346300e+01	1.291876e+02
793	2.406677e+01	2.684474e+03	4.369716e+02	3.886107e+02	7.949369e+01	4.299685e+01	1.321646e+02
794	2.409712e+01	2.685131e+03	4.368194e+02	3.893296e+02	7.959418e+01	4.295308e+01	1.342185e+02
795	2.412747e+01	2.733580e+03	4.362563e+02	3.903265e+02	7.838807e+01	4.440091e+01	1.366424e+02
796	2.415781e+01	2.678639e+03	4.362368e+02	3.905996e+02	7.939173e+01	4.295849e+01	1.384136e+02
797	2.418816e+01	2.700210e+03	4.363036e+02	3.914762e+02	7.978546e+01	4.309074e+01	1.404596e+02
798	2.421851e+01	2.698399e+03	4.359243e+02	3.921475e+02	7.967089e+01	4.312376e+01	1.423233e+02
799	2.424886e+01	2.691525e+03	4.355628e+02	3.928340e+02	7.980293e+01	4.294273e+01	1.445372e+02
