1	3.039514e-02	2.672707e+03	4.578065e+02	3.510631e+02	7.885441e+01	4.315544e+01	1.475580e+02
2	6.079027e-02	2.671208e+03	4.578391e+02	3.533761e+02	7.893237e+01	4.308863e+01	1.494948e+02
3	9.118541e-02	2.673805e+03	4.577923e+02	3.557067e+02	7.871803e+01	4.324797e+01	1.518758e+02
4	1.215805e-01	2.672284e+03	4.578424e+02	3.578706e+02	7.904504e+01	4.304454e+01	1.540780e+02
5	1.519757e-01	2.674187e+03	4.575946e+02	3.601063e+02	7.916040e+01	4.301242e+01	1.561485e+02
6	1.823708e-01	2.691627e+03	4.577023e+02	3.625267e+02	7.931187e+01	4.321025e+01	1.585071e+02
7	2.127660e-01	2.694872e+03	4.573737e+02	3.647880e+02	7.930403e+01	4.326663e+01	1.604044e+02
8	2.431611e-01	2.678057e+03	4.570225e+02	3.669416e+02	7.908834e+01	4.311391e+01	1.627160e+02
9	2.735562e-01	2.680134e+03	4.567189e+02	3.693784e+02	7.973125e+01	4.279944e+01	1.648543e+02
10	3.039514e-01	2.679828e+03	4.561430e+02	3.713978e+02	7.901247e+01	4.318385e+01	1.665003e+02
11	3.343465e-01	2.695324e+03	4.554682e+02	3.737305e+02	7.926295e+01	4.329630e+01	1.691769e+02
12	3.647416e-01	2.746826e+03	4.544985e+02	3.751663e+02	8.104288e+01	4.315454e+01	1.693495e+02
13	3.951368e-01	2.684732e+03	4.541526e+02	3.779420e+02	7.939146e+01	4.305636e+01	1.733285e+02
14	4.255319e-01	2.683798e+03	4.532764e+02	3.801250e+02	7.956635e+01	4.294676e+01	1.755850e+02
15	4.559271e-01	2.684618e+03	4.524041e+02	3.822716e+02	7.972527e+01	4.287425e+01	1.774980e+02
16	4.863222e-01	2.684269e+03	4.515135e+02	3.841512e+02	7.929891e+01	4.309917e+01	4.934051e-01
17	5.167173e-01	2.678299e+03	4.505942e+02	3.862007e+02	7.922815e+01	4.304173e+01	2.532341e+00
18	5.471125e-01	2.664917e+03	4.493048e+02	3.880984e+02	7.914210e+01	4.287323e+01	4.577544e+00
19	5.775076e-01	2.683756e+03	4.480356e+02	3.897463e+02	7.931729e+01	4.308095e+01	7.916136e+00
20	6.079027e-01	2.679210e+03	4.468333e+02	3.916534e+02	7.947829e+01	4.292085e+01	1.003264e+01
21	6.382979e-01	2.679015e+03	4.456328e+02	3.930967e+02	7.927277e+01	4.302900e+01	1.288262e+01
22	6.686930e-01	2.663885e+03	4.440511e+02	3.948333e+02	7.889841e+01	4.298900e+01	1.508402e+01
23	6.990881e-01	2.685198e+03	4.424529e+02	3.964525e+02	7.938166e+01	4.306915e+01	1.806315e+01
24	7.294833e-01	2.674280e+03	4.409017e+02	3.978103e+02	7.915755e+01	4.301547e+01	2.024861e+01
25	7.598784e-01	2.674108e+03	4.391107e+02	3.994214e+02	7.924369e+01	4.296595e+01	2.230779e+01
26	7.902736e-01	2.695917e+03	4.375966e+02	4.006735e+02	7.960542e+01	4.311953e+01	2.482692e+01
27	8.206687e-01	2.690303e+03	4.357477e+02	4.018451e+02	7.935471e+01	4.316568e+01	2.699052e+01
28	8.510638e-01	2.688945e+03	4.335945e+02	4.033228e+02	7.910524e+01	4.327996e+01	2.950279e+01
29	8.814590e-01	2.694003e+03	4.317621e+02	4.043061e+02	7.966448e+01	4.305697e+01	3.153664e+01
30	9.118541e-01	2.694762e+03	4.296804e+02	4.053416e+02	7.953149e+01	4.314112e+01	3.454900e+01
31	9.422492e-01	2.671725e+03	4.275843e+02	4.061120e+02	7.922237e+01	4.293920e+01	3.676041e+01
32	9.726444e-01	2.714478e+03	4.255114e+02	4.070308e+02	8.022756e+01	4.307972e+01	4.027445e+01
33	1.003040e+00	2.694151e+03	4.236210e+02	4.075657e+02	7.997947e+01	4.288975e+01	4.245850e+01
34	1.033435e+00	2.703230e+03	4.214579e+02	4.080958e+02	7.988079e+01	4.308745e+01	4.476173e+01
35	1.063830e+00	2.677501e+03	4.191860e+02	4.087408e+02	7.959937e+01	4.282822e+01	4.658695e+01
36	1.094225e+00	2.683780e+03	4.172314e+02	4.090965e+02	7.964986e+01	4.290145e+01	4.903285e+01
37	1.124620e+00	2.693330e+03	4.150068e+02	4.094428e+02	7.983046e+01	4.295671e+01	5.168442e+01
38	1.155015e+00	2.672896e+03	4.128517e+02	4.096143e+02	7.965849e+01	4.272283e+01	5.441527e+01
39	1.185410e+00	2.690260e+03	4.107271e+02	4.098113e+02	8.035951e+01	4.262526e+01	5.650424e+01
40	1.215805e+00	2.673106e+03	4.085167e+02	4.100300e+02	7.991019e+01	4.259161e+01	5.858722e+01
41	1.246201e+00	2.678883e+03	4.061775e+02	4.099039e+02	8.038747e+01	4.243024e+01	6.139066e+01
42	1.276596e+00	2.658783e+03	4.040346e+02	4.098338e+02	7.988009e+01	4.237937e+01	6.359442e+01
43	1.306991e+00	2.682434e+03	4.018198e+02	4.094878e+02	8.037250e+01	4.249440e+01	6.629829e+01
44	1.337386e+00	2.672233e+03	3.994613e+02	4.092232e+02	8.039776e+01	4.231950e+01	6.844318e+01
45	1.367781e+00	2.686775e+03	3.971869e+02	4.088960e+02	8.073215e+01	4.237356e+01	7.114307e+01
46	1.398176e+00	2.671009e+03	3.949433e+02	4.084565e+02	8.041325e+01	4.229196e+01	7.293796e+01
47	1.428571e+00	2.673447e+03	3.928785e+02	4.079000e+02	8.030511e+01	4.238757e+01	7.517402e+01
48	1.458967e+00	2.667127e+03	3.906521e+02	4.073795e+02	8.035192e+01	4.226273e+01	7.706493e+01
49	1.489362e+00	2.675856e+03	3.885934e+02	4.067452e+02	8.087519e+01	4.212670e+01	7.900327e+01
50	1.519757e+00	2.672194e+03	3.865197e+02	4.059627e+02	8.063911e+01	4.219222e+01	8.109454e+01
51	1.550152e+00	2.674702e+03	3.847011e+02	4.049547e+02	8.092834e+01	4.208089e+01	8.348090e+01
52	1.580547e+00	2.660919e+03	3.824810e+02	4.038424e+02	8.044957e+01	4.211318e+01	8.546953e+01
53	1.610942e+00	2.664964e+03	3.806012e+02	4.028075e+02	8.068813e+01	4.205250e+01	8.775957e+01
54	1.641337e+00	2.664413e+03	3.789443e+02	4.015949e+02	8.053761e+01	4.212238e+01	8.956551e+01
55	1.671733e+00	2.676769e+03	3.772588e+02	4.002331e+02	8.077155e+01	4.219516e+01	9.218179e+01
56	1.702128e+00	2.660823e+03	3.754849e+02	3.989313e+02	8.044211e+01	4.211557e+01	9.464186e+01
57	1.732523e+00	2.669209e+03	3.739772e+02	3.974928e+02	8.060001e+01	4.216553e+01	9.685477e+01
58	1.762918e+00	2.679473e+03	3.725219e+02	3.961363e+02	8.044953e+01	4.240685e+01	9.918204e+01
59	1.793313e+00	2.673390e+03	3.710242e+02	3.944962e+02	8.016049e+01	4.246313e+01	1.015716e+02
60	1.823708e+00	2.676797e+03	3.695321e+02	3.929160e+02	8.019003e+01	4.250160e+01	1.036553e+02
61	1.854103e+00	2.665936e+03	3.680932e+02	3.912116e+02	8.040117e+01	4.221799e+01	1.058579e+02
62	1.884498e+00	2.682475e+03	3.666474e+02	3.894647e+02	8.033045e+01	4.251730e+01	1.079788e+02
63	1.914894e+00	2.692400e+03	3.653918e+02	3.877289e+02	8.038202e+01	4.264722e+01	1.099321e+02
64	1.945289e+00	2.691642e+03	3.640847e+02	3.861063e+02	8.026439e+01	4.269770e+01	1.120297e+02
65	1.975684e+00	2.677327e+03	3.627946e+02	3.843123e+02	8.037183e+01	4.241386e+01	1.137431e+02
66	2.006079e+00	2.685917e+03	3.615056e+02	3.824980e+02	8.013814e+01	4.267400e+01	1.154796e+02
67	2.036474e+00	2.686178e+03	3.604159e+02	3.807210e+02	7.999373e+01	4.275521e+01	1.179713e+02
68	2.066869e+00	2.691116e+03	3.592639e+02	3.787917e+02	7.985043e+01	4.291067e+01	1.200509e+02
69	2.097264e+00	2.676713e+03	3.582847e+02	3.767665e+02	7.973951e+01	4.274039e+01	1.225126e+02
70	2.127660e+00	2.685833e+03	3.574886e+02	3.745917e+02	7.960471e+01	4.295863e+01	1.246464e+02
71	2.158055e+00	2.661262e+03	3.566642e+02	3.727539e+02	7.884008e+01	4.297844e+01	1.269978e+02
72	2.188450e+00	2.684113e+03	3.559445e+02	3.707462e+02	7.962995e+01	4.291750e+01	1.289021e+02
73	2.218845e+00	2.685335e+03	3.551407e+02	3.687186e+02	7.982170e+01	4.283390e+01	1.310974e+02
74	2.249240e+00	2.692521e+03	3.546157e+02	3.665921e+02	7.995228e+01	4.287837e+01	1.337267e+02
75	2.279635e+00	2.684472e+03	3.543205e+02	3.644096e+02	7.948132e+01	4.300351e+01	1.360648e+02
76	2.310030e+00	2.693451e+03	3.539435e+02	3.623444e+02	7.980985e+01	4.296973e+01	1.379747e+02
77	2.340426e+00	2.702853e+03	3.534730e+02	3.602955e+02	7.999367e+01	4.302064e+01	1.397857e+02
78	2.370821e+00	2.702683e+03	3.530392e+02	3.582600e+02	7.955775e+01	4.325365e+01	1.415810e+02
79	2.401216e+00	2.713706e+03	3.527807e+02	3.560871e+02	8.027663e+01	4.304114e+01	1.432931e+02
80	2.431611e+00	2.691887e+03	3.530125e+02	3.541310e+02	7.931055e+01	4.321514e+01	1.458188e+02
81	2.462006e+00	2.705560e+03	3.528827e+02	3.518959e+02	7.944280e+01	4.336234e+01	1.482668e+02
82	2.492401e+00	2.702551e+03	3.528678e+02	3.495791e+02	7.978628e+01	4.312766e+01	1.506864e+02
83	2.522796e+00	2.696592e+03	3.530582e+02	3.475114e+02	7.957669e+01	4.314590e+01	1.527744e+02
84	2.553191e+00	2.714055e+03	3.532020e+02	3.453276e+02	7.976923e+01	4.332048e+01	1.542337e+02
85	2.583587e+00	2.721292e+03	3.533732e+02	3.430132e+02	7.983536e+01	4.340002e+01	1.563492e+02
86	2.613982e+00	2.687866e+03	3.536783e+02	3.410126e+02	7.958879e+01	4.299973e+01	1.586699e+02
87	2.644377e+00	2.698879e+03	3.541004e+02	3.391487e+02	7.959566e+01	4.317219e+01	1.605065e+02
88	2.674772e+00	2.696916e+03	3.546297e+02	3.370392e+02	7.939448e+01	4.325011e+01	1.625136e+02
89	2.705167e+00	2.689967e+03	3.551152e+02	3.349450e+02	7.970480e+01	4.297072e+01	1.649254e+02
90	2.735562e+00	2.710817e+03	3.559679e+02	3.331262e+02	7.939306e+01	4.347382e+01	1.674952e+02
91	2.765957e+00	2.692161e+03	3.568986e+02	3.310152e+02	7.954929e+01	4.308984e+01	1.699803e+02
92	2.796353e+00	2.734478e+03	3.572883e+02	3.292102e+02	7.929148e+01	4.390945e+01	1.723696e+02
93	2.826748e+00	2.707752e+03	3.582884e+02	3.269031e+02	7.968025e+01	4.326814e+01	1.740093e+02
94	2.857143e+00	2.686658e+03	3.592870e+02	3.249079e+02	7.977411e+01	4.288058e+01	1.767950e+02
95	2.887538e+00	2.697889e+03	3.601535e+02	3.230668e+02	7.941521e+01	4.325442e+01	1.792739e+02
96	2.917933e+00	2.699640e+03	3.614659e+02	3.212545e+02	7.960767e+01	4.317786e+01	2.136104e+00
97	2.948328e+00	2.678106e+03	3.625867e+02	3.195955e+02	7.902856e+01	4.314732e+01	4.371208e+00
98	2.978723e+00	2.701814e+03	3.639062e+02	3.178678e+02	7.908794e+01	4.349659e+01	7.283123e+00
99	3.009119e+00	2.690677e+03	3.652431e+02	3.162089e+02	7.913814e+01	4.328983e+01	9.579060e+00
100	3.039514e+00	2.712151e+03	3.666778e+02	3.144978e+02	7.940623e+01	4.348800e+01	1.190876e+01
101	3.069909e+00	2.682606e+03	3.681479e+02	3.130891e+02	7.878979e+01	4.335079e+01	1.445592e+01
102	3.100304e+00	2.690886e+03	3.699491e+02	3.115733e+02	7.889066e+01	4.342899e+01	1.741478e+01
103	3.130699e+00	2.699018e+03	3.713919e+02	3.103540e+02	7.921351e+01	4.338270e+01	1.974474e+01
104	3.161094e+00	2.694298e+03	3.731425e+02	3.089713e+02	7.932954e+01	4.324350e+01	2.207230e+01
105	3.191489e+00	2.678444e+03	3.750585e+02	3.075785e+02	7.942237e+01	4.293880e+01	2.426776e+01
106	3.221884e+00	2.701957e+03	3.766409e+02	3.065035e+02	7.882153e+01	4.364592e+01	2.694358e+01
107	3.252280e+00	2.706564e+03	3.784501e+02	3.053296e+02	7.889842e+01	4.367774e+01	3.018109e+01
108	3.282675e+00	2.671679e+03	3.807283e+02	3.042642e+02	7.929890e+01	4.289703e+01	3.200057e+01
109	3.313070e+00	2.689780e+03	3.824212e+02	3.033500e+02	7.901183e+01	4.334457e+01	3.467095e+01
110	3.343465e+00	2.675955e+03	3.845394e+02	3.026206e+02	7.945866e+01	4.287929e+01	3.705729e+01
111	3.373860e+00	2.680291e+03	3.866530e+02	3.018346e+02	7.945180e+01	4.295249e+01	3.992023e+01
112	3.404255e+00	2.674877e+03	3.888221e+02	3.012831e+02	7.930242e+01	4.294647e+01	4.200537e+01
113	3.434650e+00	2.676991e+03	3.910287e+02	3.008318e+02	7.918997e+01	4.304145e+01	4.479108e+01
114	3.465046e+00	2.682571e+03	3.930491e+02	3.005554e+02	7.942616e+01	4.300290e+01	4.740920e+01
115	3.495441e+00	2.673019e+03	3.952328e+02	3.002602e+02	7.929188e+01	4.292234e+01	5.026252e+01
116	3.525836e+00	2.668464e+03	3.973924e+02	3.000524e+02	7.937760e+01	4.280292e+01	5.301636e+01
117	3.556231e+00	2.660076e+03	3.994687e+02	3.001632e+02	7.906911e+01	4.283485e+01	5.537853e+01
118	3.586626e+00	2.650334e+03	4.015584e+02	3.001019e+02	7.934947e+01	4.252719e+01	5.785973e+01
119	3.617021e+00	2.659647e+03	4.041258e+02	3.000439e+02	7.930660e+01	4.269969e+01	5.999121e+01
120	3.647416e+00	2.644810e+03	4.063503e+02	3.003906e+02	7.895947e+01	4.264816e+01	6.246467e+01
121	3.677812e+00	2.637954e+03	4.084585e+02	3.006140e+02	7.937805e+01	4.231330e+01	6.451416e+01
122	3.708207e+00	2.640912e+03	4.107059e+02	3.009836e+02	7.912573e+01	4.249583e+01	6.661330e+01
123	3.738602e+00	2.620207e+03	4.128211e+02	3.013740e+02	7.872345e+01	4.237811e+01	6.878199e+01
124	3.768997e+00	2.656158e+03	4.152240e+02	3.018112e+02	7.966890e+01	4.244976e+01	7.079413e+01
125	3.799392e+00	2.653607e+03	4.172596e+02	3.023176e+02	7.982449e+01	4.232632e+01	7.268148e+01
126	3.829787e+00	2.632572e+03	4.193332e+02	3.029896e+02	7.918291e+01	4.233104e+01	7.519621e+01
127	3.860182e+00	2.666920e+03	4.213639e+02	3.035641e+02	7.991071e+01	4.249278e+01	7.738491e+01
128	3.890578e+00	2.636533e+03	4.238209e+02	3.043321e+02	7.948302e+01	4.223465e+01	7.951604e+01
129	3.920973e+00	2.616142e+03	4.257753e+02	3.051620e+02	7.895688e+01	4.218727e+01	8.142839e+01
130	3.951368e+00	2.621826e+03	4.280444e+02	3.062292e+02	7.924184e+01	4.212689e+01	8.315661e+01
131	3.981763e+00	2.623464e+03	4.301516e+02	3.072280e+02	7.933657e+01	4.210288e+01	8.526965e+01
132	4.012158e+00	2.628588e+03	4.321631e+02	3.082386e+02	7.923778e+01	4.223771e+01	8.716449e+01
133	4.042553e+00	2.637008e+03	4.344733e+02	3.094213e+02	7.942586e+01	4.227267e+01	8.922933e+01
134	4.072948e+00	2.643029e+03	4.363160e+02	3.107812e+02	7.940508e+01	4.238027e+01	9.127736e+01
135	4.103343e+00	2.650276e+03	4.383604e+02	3.120095e+02	7.959615e+01	4.239447e+01	9.366441e+01
136	4.133739e+00	2.630370e+03	4.398981e+02	3.132898e+02	7.901565e+01	4.238517e+01	9.602048e+01
137	4.164134e+00	2.648799e+03	4.418477e+02	3.145813e+02	7.926160e+01	4.254968e+01	9.798544e+01
138	4.194529e+00	2.632494e+03	4.432864e+02	3.161357e+02	7.881863e+01	4.252541e+01	9.991007e+01
139	4.224924e+00	2.644123e+03	4.451165e+02	3.178530e+02	7.901337e+01	4.260801e+01	1.017815e+02
140	4.255319e+00	2.644085e+03	4.467132e+02	3.195866e+02	7.884052e+01	4.270080e+01	1.037877e+02
141	4.285714e+00	2.628116e+03	4.481282e+02	3.212903e+02	7.853789e+01	4.260645e+01	1.062234e+02
142	4.316109e+00	2.650034e+03	4.496931e+02	3.231808e+02	7.892834e+01	4.274927e+01	1.086242e+02
143	4.346505e+00	2.637325e+03	4.509584e+02	3.249437e+02	7.836720e+01	4.284888e+01	1.101830e+02
144	4.376900e+00	2.644712e+03	4.523049e+02	3.269459e+02	7.880196e+01	4.273183e+01	1.122355e+02
145	4.407295e+00	2.639480e+03	4.536906e+02	3.289384e+02	7.856862e+01	4.277395e+01	1.143710e+02
146	4.437690e+00	2.637535e+03	4.547585e+02	3.308361e+02	7.845175e+01	4.280610e+01	1.168477e+02
147	4.468085e+00	2.657959e+03	4.561297e+02	3.329210e+02	7.898710e+01	4.284521e+01	1.190108e+02
148	4.498480e+00	2.654963e+03	4.571781e+02	3.349430e+02	7.847523e+01	4.307607e+01	1.203153e+02
149	4.528875e+00	2.658541e+03	4.582899e+02	3.368664e+02	7.881825e+01	4.294640e+01	1.223115e+02
150	4.559271e+00	2.654718e+03	4.594442e+02	3.391074e+02	7.863755e+01	4.298318e+01	1.241191e+02
151	4.589666e+00	2.666422e+03	4.602951e+02	3.410726e+02	7.905598e+01	4.294417e+01	1.265551e+02
152	4.620061e+00	2.650556e+03	4.611951e+02	3.432110e+02	7.849797e+01	4.299210e+01	1.288041e+02
153	4.650456e+00	2.664862e+03	4.620252e+02	3.453753e+02	7.876748e+01	4.307626e+01	1.307893e+02
154	4.680851e+00	2.666262e+03	4.626669e+02	3.474207e+02	7.883179e+01	4.306371e+01	1.322188e+02
155	4.711246e+00	2.655273e+03	4.631896e+02	3.497079e+02	7.847012e+01	4.308389e+01	1.344388e+02
156	4.741641e+00	2.658641e+03	4.637761e+02	3.518557e+02	7.857503e+01	4.308095e+01	1.361554e+02
157	4.772036e+00	2.669925e+03	4.642722e+02	3.540931e+02	7.881034e+01	4.313461e+01	1.385367e+02
158	4.802432e+00	2.665971e+03	4.647404e+02	3.564454e+02	7.865810e+01	4.315409e+01	1.407827e+02
159	4.832827e+00	2.690306e+03	4.650591e+02	3.589478e+02	7.958595e+01	4.304031e+01	1.431901e+02
160	4.863222e+00	2.680444e+03	4.651778e+02	3.612275e+02	7.921378e+01	4.308400e+01	1.452513e+02
161	4.893617e+00	2.686152e+03	4.653605e+02	3.636321e+02	7.943259e+01	4.305683e+01	1.469127e+02
162	4.924012e+00	2.675274e+03	4.654192e+02	3.658664e+02	7.917850e+01	4.302007e+01	1.492919e+02
163	4.954407e+00	2.697347e+03	4.655259e+02	3.682631e+02	7.955824e+01	4.316798e+01	1.513223e+02
164	4.984802e+00	2.694432e+03	4.656408e+02	3.705994e+02	7.964111e+01	4.307647e+01	1.532054e+02
165	5.015198e+00	2.678207e+03	4.654684e+02	3.730116e+02	7.947988e+01	4.290392e+01	1.552587e+02
166	5.045593e+00	2.692807e+03	4.651181e+02	3.751867e+02	7.967971e+01	4.302964e+01	1.578316e+02
167	5.075988e+00	2.700177e+03	4.650140e+02	3.774963e+02	8.002886e+01	4.295916e+01	1.598492e+02
168	5.106383e+00	2.702178e+03	4.645710e+02	3.797015e+02	7.988277e+01	4.306960e+01	1.619187e+02
169	5.136778e+00	2.704867e+03	4.639946e+02	3.818616e+02	7.993919e+01	4.308205e+01	1.640516e+02
170	5.167173e+00	2.701861e+03	4.635243e+02	3.839387e+02	7.983058e+01	4.309272e+01	1.667217e+02
171	5.197568e+00	2.699026e+03	4.630346e+02	3.860528e+02	8.004458e+01	4.293242e+01	1.693447e+02
172	5.227964e+00	2.682891e+03	4.623776e+02	3.883289e+02	7.966859e+01	4.287716e+01	1.708974e+02
173	5.258359e+00	2.684836e+03	4.615489e+02	3.904961e+02	7.927187e+01	4.312298e+01	1.730262e+02
174	5.288754e+00	2.717957e+03	4.603356e+02	3.924812e+02	7.954449e+01	4.350534e+01	1.760752e+02
175	5.319149e+00	2.682898e+03	4.594450e+02	3.944568e+02	7.982310e+01	4.279427e+01	1.777615e+02
176	5.349544e+00	2.680908e+03	4.584178e+02	3.965937e+02	7.947664e+01	4.294894e+01	1.229339e-01
177	5.379939e+00	2.687213e+03	4.573319e+02	3.983533e+02	7.931010e+01	4.314036e+01	2.091596e+00
178	5.410334e+00	2.688550e+03	4.562351e+02	4.001802e+02	7.980035e+01	4.289666e+01	4.518037e+00
179	5.440729e+00	2.679464e+03	4.547855e+02	4.020710e+02	7.937830e+01	4.297900e+01	6.543199e+00
180	5.471125e+00	2.693954e+03	4.535084e+02	4.037486e+02	7.937720e+01	4.321201e+01	8.838367e+00
181	5.501520e+00	2.685199e+03	4.521349e+02	4.053644e+02	7.954047e+01	4.298317e+01	1.110094e+01
182	5.531915e+00	2.686226e+03	4.506339e+02	4.070327e+02	7.947356e+01	4.303581e+01	1.380759e+01
183	5.562310e+00	2.699970e+03	4.491434e+02	4.084499e+02	7.956601e+01	4.320575e+01	1.669127e+01
184	5.592705e+00	2.699242e+03	4.473911e+02	4.098491e+02	7.980235e+01	4.306617e+01	1.923148e+01
185	5.623100e+00	2.717988e+03	4.454931e+02	4.112109e+02	7.991675e+01	4.330318e+01	2.192440e+01
186	5.653495e+00	2.706031e+03	4.436658e+02	4.127325e+02	7.986588e+01	4.314014e+01	2.419421e+01
187	5.683891e+00	2.721100e+03	4.419156e+02	4.137319e+02	7.995190e+01	4.333371e+01	2.728134e+01
188	5.714286e+00	2.708637e+03	4.399971e+02	4.148724e+02	7.999966e+01	4.310947e+01	2.945987e+01
189	5.744681e+00	2.703415e+03	4.378990e+02	4.159321e+02	7.953410e+01	4.327824e+01	3.184882e+01
190	5.775076e+00	2.683914e+03	4.358492e+02	4.168744e+02	7.902343e+01	4.324369e+01	3.397031e+01
191	5.805471e+00	2.706226e+03	4.338914e+02	4.177091e+02	7.985188e+01	4.315081e+01	3.700913e+01
192	5.835866e+00	2.698474e+03	4.322076e+02	4.183488e+02	7.985333e+01	4.302642e+01	3.916216e+01
193	5.866261e+00	2.678740e+03	4.299074e+02	4.192359e+02	7.937132e+01	4.297116e+01	4.170770e+01
194	5.896657e+00	2.692628e+03	4.278855e+02	4.195489e+02	7.961578e+01	4.306131e+01	4.420908e+01
195	5.927052e+00	2.690316e+03	4.256829e+02	4.200129e+02	7.953289e+01	4.306919e+01	4.647322e+01
196	5.957447e+00	2.697508e+03	4.235337e+02	4.204568e+02	7.985109e+01	4.301223e+01	4.898629e+01
197	5.987842e+00	2.685116e+03	4.213398e+02	4.207388e+02	7.947205e+01	4.301884e+01	5.186677e+01
198	6.018237e+00	2.684880e+03	4.192292e+02	4.208600e+02	7.986996e+01	4.280077e+01	5.340445e+01
199	6.048632e+00	2.711370e+03	4.170874e+02	4.210631e+02	8.019633e+01	4.304716e+01	5.650874e+01
200	6.079027e+00	2.716260e+03	4.146499e+02	4.210134e+02	7.980746e+01	4.333492e+01	5.900378e+01
201	6.109422e+00	2.691735e+03	4.126511e+02	4.210697e+02	8.014919e+01	4.276055e+01	6.103737e+01
202	6.139818e+00	2.692201e+03	4.105294e+02	4.209750e+02	8.028857e+01	4.269370e+01	6.234164e+01
203	6.170213e+00	2.683665e+03	4.084155e+02	4.208047e+02	8.028030e+01	4.256273e+01	6.458138e+01
204	6.200608e+00	2.684745e+03	4.063004e+02	4.205488e+02	8.028738e+01	4.257610e+01	6.654759e+01
205	6.231003e+00	2.681039e+03	4.041559e+02	4.202750e+02	8.045107e+01	4.243082e+01	6.870950e+01
206	6.261398e+00	2.683161e+03	4.019517e+02	4.198544e+02	8.024798e+01	4.257187e+01	7.091045e+01
207	6.291793e+00	2.703060e+03	3.996477e+02	4.192549e+02	8.106092e+01	4.245749e+01	7.323936e+01
208	6.322188e+00	2.685029e+03	3.975551e+02	4.186721e+02	8.071092e+01	4.235716e+01	7.512991e+01
209	6.352584e+00	2.681983e+03	3.955916e+02	4.179399e+02	8.080975e+01	4.225735e+01	7.728948e+01
210	6.382979e+00	2.670451e+03	3.932970e+02	4.172658e+02	8.048870e+01	4.224349e+01	7.946799e+01
211	6.413374e+00	2.680797e+03	3.914633e+02	4.164079e+02	8.084217e+01	4.222174e+01	8.117892e+01
212	6.443769e+00	2.675052e+03	3.895271e+02	4.154664e+02	8.068728e+01	4.221212e+01	8.329951e+01
213	6.474164e+00	2.694427e+03	3.875481e+02	4.144942e+02	8.070316e+01	4.250951e+01	8.576065e+01
214	6.504559e+00	2.680881e+03	3.856213e+02	4.135238e+02	8.065348e+01	4.232184e+01	8.772083e+01
215	6.534954e+00	2.685821e+03	3.837885e+02	4.123358e+02	8.066798e+01	4.239220e+01	8.988407e+01
216	6.565350e+00	2.694929e+03	3.821308e+02	4.110971e+02	8.110986e+01	4.230423e+01	9.199061e+01
217	6.595745e+00	2.690569e+03	3.803347e+02	4.098606e+02	8.109039e+01	4.224593e+01	9.400158e+01
218	6.626140e+00	2.687412e+03	3.788255e+02	4.085145e+02	8.059624e+01	4.245506e+01	9.599651e+01
219	6.656535e+00	2.689538e+03	3.771846e+02	4.069636e+02	8.046144e+01	4.255985e+01	9.844379e+01
220	6.686930e+00	2.696468e+03	3.755504e+02	4.054114e+02	8.115677e+01	4.230392e+01	1.006863e+02
221	6.717325e+00	2.689966e+03	3.742341e+02	4.038308e+02	8.033057e+01	4.263596e+01	1.031663e+02
222	6.747720e+00	2.681905e+03	3.728782e+02	4.022802e+02	8.032224e+01	4.251260e+01	1.050838e+02
223	6.778116e+00	2.671201e+03	3.713301e+02	4.006080e+02	7.990302e+01	4.256509e+01	1.074197e+02
224	6.808511e+00	2.679608e+03	3.698849e+02	3.989746e+02	7.999669e+01	4.264906e+01	1.096024e+02
225	6.838906e+00	2.689584e+03	3.687924e+02	3.972192e+02	8.019212e+01	4.270351e+01	1.115028e+02
226	6.869301e+00	2.694432e+03	3.675764e+02	3.954027e+02	8.009490e+01	4.283241e+01	1.133886e+02
227	6.899696e+00	2.689275e+03	3.664685e+02	3.932780e+02	7.982752e+01	4.289361e+01	1.159437e+02
228	6.930091e+00	2.688941e+03	3.653393e+02	3.912407e+02	8.021183e+01	4.268281e+01	1.176970e+02
229	6.960486e+00	2.680231e+03	3.643883e+02	3.893130e+02	8.003650e+01	4.263775e+01	1.192608e+02
230	6.990881e+00	2.676681e+03	3.633885e+02	3.872472e+02	7.941491e+01	4.291457e+01	1.214213e+02
231	7.021277e+00	2.729089e+03	3.619175e+02	3.852420e+02	8.067473e+01	4.307153e+01	1.227518e+02
232	7.051672e+00	2.714910e+03	3.609437e+02	3.830533e+02	8.023259e+01	4.308387e+01	1.245004e+02
233	7.082067e+00	2.683920e+03	3.605922e+02	3.811829e+02	7.945676e+01	4.300796e+01	1.277678e+02
234	7.112462e+00	2.696168e+03	3.598003e+02	3.789640e+02	7.973151e+01	4.305535e+01	1.294864e+02
235	7.142857e+00	2.689988e+03	3.590412e+02	3.767400e+02	7.976953e+01	4.293618e+01	1.319156e+02
236	7.173252e+00	2.698731e+03	3.585121e+02	3.746294e+02	7.944402e+01	4.325222e+01	1.337781e+02
237	7.203647e+00	2.703612e+03	3.581106e+02	3.725522e+02	7.963605e+01	4.322597e+01	1.361274e+02
238	7.234043e+00	2.699391e+03	3.577799e+02	3.703570e+02	7.993588e+01	4.299661e+01	1.383354e+02
239	7.264438e+00	2.705396e+03	3.574842e+02	3.684208e+02	7.977827e+01	4.317739e+01	1.411646e+02
240	7.294833e+00	2.695190e+03	3.574135e+02	3.663224e+02	7.971318e+01	4.304962e+01	1.428902e+02
241	7.325228e+00	2.693276e+03	3.573334e+02	3.640822e+02	7.959634e+01	4.308221e+01	1.453941e+02
242	7.355623e+00	2.704823e+03	3.572169e+02	3.617627e+02	7.965857e+01	4.323310e+01	1.472618e+02
243	7.386018e+00	2.712932e+03	3.571907e+02	3.594838e+02	7.972623e+01	4.332591e+01	1.490298e+02
244	7.416413e+00	2.708145e+03	3.574936e+02	3.573840e+02	7.952316e+01	4.335992e+01	1.517172e+02
245	7.446809e+00	2.689731e+03	3.578432e+02	3.553217e+02	7.929402e+01	4.318953e+01	1.537423e+02
246	7.477204e+00	2.698555e+03	3.579017e+02	3.529277e+02	7.984977e+01	4.302964e+01	1.556330e+02
247	7.507599e+00	2.695387e+03	3.583154e+02	3.506672e+02	7.935440e+01	4.324743e+01	1.577040e+02
248	7.537994e+00	2.694773e+03	3.585226e+02	3.485410e+02	7.947176e+01	4.317372e+01	1.597479e+02
249	7.568389e+00	2.702283e+03	3.589890e+02	3.465266e+02	7.945899e+01	4.330100e+01	1.616483e+02
250	7.598784e+00	2.674663e+03	3.593057e+02	3.443712e+02	8.010232e+01	4.251420e+01	1.636789e+02
251	7.629179e+00	2.676865e+03	3.598657e+02	3.422218e+02	7.947253e+01	4.288640e+01	1.649088e+02
252	7.659574e+00	2.689630e+03	3.606301e+02	3.402899e+02	7.918710e+01	4.324623e+01	1.678182e+02
253	7.689970e+00	2.688114e+03	3.613481e+02	3.382817e+02	7.946761e+01	4.306929e+01	1.698420e+02
254	7.720365e+00	2.693643e+03	3.621469e+02	3.361654e+02	7.944194e+01	4.317182e+01	1.723153e+02
255	7.750760e+00	2.675676e+03	3.628310e+02	3.343506e+02	7.919874e+01	4.301554e+01	1.747971e+02
256	7.781155e+00	2.674640e+03	3.636329e+02	3.324343e+02	7.884650e+01	4.319097e+01	1.772309e+02
257	7.811550e+00	2.694059e+03	3.644908e+02	3.307995e+02	7.882930e+01	4.351406e+01	5.750965e-01
258	7.841945e+00	2.676449e+03	3.659117e+02	3.290887e+02	7.878744e+01	4.325259e+01	3.474625e+00
259	7.872340e+00	2.677344e+03	3.673472e+02	3.273049e+02	7.913148e+01	4.307894e+01	6.066167e+00
260	7.902736e+00	2.676486e+03	3.686550e+02	3.258106e+02	7.906364e+01	4.310208e+01	8.467276e+00
261	7.933131e+00	2.698971e+03	3.702826e+02	3.238612e+02	7.934717e+01	4.330887e+01	1.121691e+01
262	7.963526e+00	2.702223e+03	3.717763e+02	3.221648e+02	7.924906e+01	4.341474e+01	1.348303e+01
263	7.993921e+00	2.695971e+03	3.732318e+02	3.207504e+02	7.964707e+01	4.309784e+01	1.628358e+01
264	8.024316e+00	2.694598e+03	3.750019e+02	3.192547e+02	7.941339e+01	4.320264e+01	1.876547e+01
265	8.054711e+00	2.677892e+03	3.766169e+02	3.180684e+02	7.928655e+01	4.300348e+01	2.137480e+01
266	8.085106e+00	2.675242e+03	3.786186e+02	3.166893e+02	7.893050e+01	4.315472e+01	2.381008e+01
267	8.115502e+00	2.694149e+03	3.805367e+02	3.157034e+02	7.941415e+01	4.319504e+01	2.735452e+01
268	8.145897e+00	2.677365e+03	3.826399e+02	3.144322e+02	7.907536e+01	4.310985e+01	2.966616e+01
269	8.176292e+00	2.690548e+03	3.846222e+02	3.134088e+02	7.950412e+01	4.308849e+01	3.184098e+01
270	8.206687e+00	2.660617e+03	3.883996e+02	3.119529e+02	7.898169e+01	4.289099e+01	3.635318e+01
271	8.237082e+00	2.668225e+03	3.905953e+02	3.112326e+02	7.911341e+01	4.294202e+01	3.922740e+01
272	8.267477e+00	2.653773e+03	3.928015e+02	3.106266e+02	7.838242e+01	4.310773e+01	4.170777e+01
273	8.297872e+00	2.635115e+03	3.949596e+02	3.102633e+02	7.791649e+01	4.306062e+01	4.468515e+01
274	8.328267e+00	2.651598e+03	3.970700e+02	3.097219e+02	7.888213e+01	4.279954e+01	4.685259e+01
275	8.358663e+00	2.664977e+03	3.992068e+02	3.093628e+02	7.906022e+01	4.291861e+01	4.972315e+01
276	8.389058e+00	2.673953e+03	4.015989e+02	3.089818e+02	7.926568e+01	4.295153e+01	5.179009e+01
277	8.419453e+00	2.650043e+03	4.035517e+02	3.092342e+02	7.878067e+01	4.282953e+01	5.497789e+01
278	8.449848e+00	2.627243e+03	4.056651e+02	3.092271e+02	7.809271e+01	4.283511e+01	5.734079e+01
279	8.480243e+00	2.640456e+03	4.080126e+02	3.094061e+02	7.882108e+01	4.265272e+01	6.012312e+01
280	8.510638e+00	2.640338e+03	4.103210e+02	3.095783e+02	7.876436e+01	4.268153e+01	6.252169e+01
281	8.541033e+00	2.623120e+03	4.126072e+02	3.098357e+02	7.848338e+01	4.255500e+01	6.486184e+01
282	8.571429e+00	2.631377e+03	4.149013e+02	3.101941e+02	7.872470e+01	4.255809e+01	6.704896e+01
283	8.601824e+00	2.623517e+03	4.170324e+02	3.106671e+02	7.909226e+01	4.223379e+01	6.904160e+01
284	8.632219e+00	2.635435e+03	4.193029e+02	3.110641e+02	7.905929e+01	4.244334e+01	7.115865e+01
285	8.662614e+00	2.636127e+03	4.212443e+02	3.115283e+02	7.935767e+01	4.229485e+01	7.307530e+01
286	8.693009e+00	2.628810e+03	4.236290e+02	3.120867e+02	7.914037e+01	4.229327e+01	7.526523e+01
287	8.723404e+00	2.629669e+03	4.258938e+02	3.127574e+02	7.916479e+01	4.229404e+01	7.718591e+01
288	8.753799e+00	2.618470e+03	4.279263e+02	3.136369e+02	7.919519e+01	4.209775e+01	7.990189e+01
289	8.784195e+00	2.621481e+03	4.298587e+02	3.144693e+02	7.914318e+01	4.217386e+01	8.194791e+01
290	8.814590e+00	2.632679e+03	4.321412e+02	3.153385e+02	7.920038e+01	4.232342e+01	8.378751e+01
291	8.844985e+00	2.636659e+03	4.342494e+02	3.163836e+02	7.914124e+01	4.241908e+01	8.595966e+01
292	8.875380e+00	2.628178e+03	4.361988e+02	3.174122e+02	7.869789e+01	4.252084e+01	8.811885e+01
293	8.905775e+00	2.627223e+03	4.380985e+02	3.186717e+02	7.949473e+01	4.207933e+01	9.010681e+01
294	8.936170e+00	2.610967e+03	4.400352e+02	3.198529e+02	7.898599e+01	4.208831e+01	9.254867e+01
295	8.966565e+00	2.623377e+03	4.419525e+02	3.212778e+02	7.935879e+01	4.208969e+01	9.447874e+01
296	8.996960e+00	2.634141e+03	4.437114e+02	3.226453e+02	7.908594e+01	4.240821e+01	9.629411e+01
297	9.027356e+00	2.646378e+03	4.454691e+02	3.241531e+02	7.971424e+01	4.226939e+01	9.828517e+01
298	9.057751e+00	2.633036e+03	4.471987e+02	3.256259e+02	7.909252e+01	4.238689e+01	1.000789e+02
299	9.088146e+00	2.645009e+03	4.488438e+02	3.271988e+02	7.901543e+01	4.262117e+01	1.022019e+02
300	9.118541e+00	2.648069e+03	4.505312e+02	3.290131e+02	7.903240e+01	4.266132e+01	1.050419e+02
301	9.148936e+00	2.650629e+03	4.519771e+02	3.308176e+02	7.932318e+01	4.254603e+01	1.071503e+02
302	9.179331e+00	2.634903e+03	4.534112e+02	3.326050e+02	7.894759e+01	4.249481e+01	1.090067e+02
303	9.209726e+00	2.647880e+03	4.548188e+02	3.345867e+02	7.905327e+01	4.264701e+01	1.109948e+02
304	9.240122e+00	2.648278e+03	4.560054e+02	3.365422e+02	7.903176e+01	4.266504e+01	1.134062e+02
305	9.270517e+00	2.643936e+03	4.571719e+02	3.383153e+02	7.854446e+01	4.285935e+01	1.147315e+02
306	9.300912e+00	2.653706e+03	4.584032e+02	3.404130e+02	7.922316e+01	4.264919e+01	1.169623e+02
307	9.331307e+00	2.643862e+03	4.597069e+02	3.425375e+02	7.873388e+01	4.275504e+01	1.193300e+02
308	9.361702e+00	2.662201e+03	4.608546e+02	3.446716e+02	7.912760e+01	4.283738e+01	1.210856e+02
309	9.392097e+00	2.646143e+03	4.618570e+02	3.467769e+02	7.861076e+01	4.285894e+01	1.230156e+02
310	9.422492e+00	2.657816e+03	4.628800e+02	3.487585e+02	7.875710e+01	4.296801e+01	1.243643e+02
311	9.452888e+00	2.654557e+03	4.638422e+02	3.508856e+02	7.856297e+01	4.302137e+01	1.268769e+02
312	9.483283e+00	2.652333e+03	4.645148e+02	3.529882e+02	7.869662e+01	4.291233e+01	1.285655e+02
313	9.513678e+00	2.668430e+03	4.652494e+02	3.548134e+02	7.896190e+01	4.302772e+01	1.302699e+02
314	9.544073e+00	2.671139e+03	4.659704e+02	3.565025e+02	7.876470e+01	4.317924e+01	1.327949e+02
315	9.574468e+00	2.678709e+03	4.666469e+02	3.585516e+02	7.899527e+01	4.317521e+01	1.353347e+02
316	9.604863e+00	2.672912e+03	4.672351e+02	3.607641e+02	7.882906e+01	4.317263e+01	1.370631e+02
317	9.635258e+00	2.685645e+03	4.675544e+02	3.630336e+02	7.926502e+01	4.313971e+01	1.393728e+02
318	9.665653e+00	2.668332e+03	4.679197e+02	3.654284e+02	7.916104e+01	4.291790e+01	1.409217e+02
319	9.696049e+00	2.677830e+03	4.683964e+02	3.678480e+02	7.931380e+01	4.298772e+01	1.428457e+02
320	9.726444e+00	2.684169e+03	4.688081e+02	3.702809e+02	7.944265e+01	4.301959e+01	1.444156e+02
321	9.756839e+00	2.673256e+03	4.687907e+02	3.723680e+02	7.936540e+01	4.288639e+01	1.463914e+02
322	9.787234e+00	2.696526e+03	4.688245e+02	3.747872e+02	7.978050e+01	4.303463e+01	1.485480e+02
323	9.817629e+00	2.701969e+03	4.692096e+02	3.770001e+02	7.983551e+01	4.309177e+01	1.503498e+02
324	9.848024e+00	2.691442e+03	4.693187e+02	3.791767e+02	7.974751e+01	4.297125e+01	1.519502e+02
325	9.878419e+00	2.684038e+03	4.691463e+02	3.811823e+02	7.966996e+01	4.289476e+01	1.535251e+02
326	9.908815e+00	2.703257e+03	4.690784e+02	3.836144e+02	8.000541e+01	4.302077e+01	1.548594e+02
327	9.939210e+00	2.714758e+03	4.688566e+02	3.858407e+02	8.007906e+01	4.316405e+01	1.564503e+02
328	9.969605e+00	2.690338e+03	4.685021e+02	3.882585e+02	7.965292e+01	4.300464e+01	1.584190e+02
329	1.000000e+01	2.696811e+03	4.678961e+02	3.902446e+02	7.980130e+01	4.302795e+01	1.610645e+02
330	1.003040e+01	2.671811e+03	4.674416e+02	3.929072e+02	7.940392e+01	4.284241e+01	1.628976e+02
331	1.006079e+01	2.681760e+03	4.670937e+02	3.947320e+02	7.942671e+01	4.298960e+01	1.656089e+02
332	1.009119e+01	2.687817e+03	4.664853e+02	3.970764e+02	7.981602e+01	4.287654e+01	1.675176e+02
333	1.012158e+01	2.703906e+03	4.657389e+02	3.989952e+02	7.978561e+01	4.314964e+01	1.697723e+02
334	1.015198e+01	2.704883e+03	4.650015e+02	4.011106e+02	8.005801e+01	4.301835e+01	1.717417e+02
335	1.018237e+01	2.690062e+03	4.641693e+02	4.033968e+02	7.981892e+01	4.291080e+01	1.737811e+02
336	1.021277e+01	2.687379e+03	4.631082e+02	4.055181e+02	7.978638e+01	4.288548e+01	1.756692e+02
337	1.024316e+01	2.701128e+03	4.619370e+02	4.074998e+02	7.959933e+01	4.320618e+01	1.780099e+02
338	1.027356e+01	2.704816e+03	4.610709e+02	4.092182e+02	8.008675e+01	4.300185e+01	4.066935e-01
339	1.030395e+01	2.687480e+03	4.599450e+02	4.112222e+02	7.935153e+01	4.312211e+01	2.463856e+00
340	1.033435e+01	2.692790e+03	4.585586e+02	4.130814e+02	7.951159e+01	4.312034e+01	4.248769e+00
341	1.036474e+01	2.705946e+03	4.573929e+02	4.147737e+02	7.994799e+01	4.309449e+01	6.973184e+00
342	1.039514e+01	2.700965e+03	4.559171e+02	4.163340e+02	7.973530e+01	4.312990e+01	9.128676e+00
343	1.042553e+01	2.715488e+03	4.545024e+02	4.183169e+02	7.999146e+01	4.322294e+01	1.127805e+01
344	1.045593e+01	2.685160e+03	4.529323e+02	4.200080e+02	7.921967e+01	4.315660e+01	1.288695e+01
345	1.048632e+01	2.700143e+03	4.514657e+02	4.213172e+02	7.974696e+01	4.311048e+01	1.500686e+01
346	1.051672e+01	2.706019e+03	4.499166e+02	4.229238e+02	7.984227e+01	4.315271e+01	1.714547e+01
347	1.054711e+01	2.712990e+03	4.482379e+02	4.243223e+02	7.991852e+01	4.322261e+01	1.984587e+01
348	1.057751e+01	2.718723e+03	4.464849e+02	4.256013e+02	7.957315e+01	4.350193e+01	2.195381e+01
349	1.060790e+01	2.712858e+03	4.448751e+02	4.269385e+02	7.974346e+01	4.331538e+01	2.423130e+01
350	1.063830e+01	2.707315e+03	4.426634e+02	4.286865e+02	7.968844e+01	4.325672e+01	2.675232e+01
351	1.066869e+01	2.699817e+03	4.410650e+02	4.295959e+02	7.956898e+01	4.320169e+01	2.852307e+01
352	1.069909e+01	2.718880e+03	4.392250e+02	4.305768e+02	8.002958e+01	4.325632e+01	3.126199e+01
353	1.072948e+01	2.723813e+03	4.371375e+02	4.316307e+02	8.013800e+01	4.327618e+01	3.384342e+01
354	1.075988e+01	2.692990e+03	4.351655e+02	4.326191e+02	7.958565e+01	4.308342e+01	3.533224e+01
355	1.079027e+01	2.699258e+03	4.332407e+02	4.333580e+02	7.950169e+01	4.322930e+01	3.780430e+01
356	1.082067e+01	2.713901e+03	4.311587e+02	4.339016e+02	8.008820e+01	4.314550e+01	4.084661e+01
357	1.085106e+01	2.713244e+03	4.288210e+02	4.345210e+02	7.995518e+01	4.320682e+01	4.324198e+01
358	1.088146e+01	2.737600e+03	4.265425e+02	4.350527e+02	8.060422e+01	4.324364e+01	4.599993e+01
359	1.091185e+01	2.704312e+03	4.244324e+02	4.353538e+02	7.990219e+01	4.309315e+01	4.787128e+01
360	1.094225e+01	2.697050e+03	4.222760e+02	4.356843e+02	7.968537e+01	4.309437e+01	4.980049e+01
361	1.097264e+01	2.708194e+03	4.199721e+02	4.360888e+02	7.986551e+01	4.317483e+01	5.221582e+01
362	1.100304e+01	2.703477e+03	4.178470e+02	4.363280e+02	8.007333e+01	4.298777e+01	5.473643e+01
363	1.103343e+01	2.699737e+03	4.156872e+02	4.361810e+02	8.017459e+01	4.287407e+01	5.708339e+01
364	1.106383e+01	2.691639e+03	4.134722e+02	4.363911e+02	8.018874e+01	4.273794e+01	5.917691e+01
365	1.109422e+01	2.703023e+03	4.113930e+02	4.363358e+02	8.034232e+01	4.283665e+01	6.109406e+01
366	1.112462e+01	2.699692e+03	4.091248e+02	4.362223e+02	8.046256e+01	4.271992e+01	6.352635e+01
367	1.115502e+01	2.702869e+03	4.069012e+02	4.359051e+02	8.065919e+01	4.266592e+01	6.557842e+01
368	1.118541e+01	2.707416e+03	4.046723e+02	4.355062e+02	8.066740e+01	4.273336e+01	6.749010e+01
369	1.121581e+01	2.702823e+03	4.025015e+02	4.351733e+02	8.066430e+01	4.266250e+01	6.971051e+01
370	1.124620e+01	2.693318e+03	4.001347e+02	4.348532e+02	8.054205e+01	4.257701e+01	7.179331e+01
371	1.127660e+01	2.684173e+03	3.981551e+02	4.341564e+02	8.077485e+01	4.231013e+01	7.362526e+01
372	1.130699e+01	2.690562e+03	3.960620e+02	4.336793e+02	8.063414e+01	4.248486e+01	7.584264e+01
373	1.133739e+01	2.695931e+03	3.942643e+02	4.330266e+02	8.094022e+01	4.240866e+01	7.823558e+01
374	1.136778e+01	2.696071e+03	3.922006e+02	4.323728e+02	8.099101e+01	4.238426e+01	8.094709e+01
375	1.139818e+01	2.695338e+03	3.901353e+02	4.315704e+02	8.128997e+01	4.221690e+01	8.232754e+01
376	1.142857e+01	2.689201e+03	3.880717e+02	4.307222e+02	8.098755e+01	4.227807e+01	8.336877e+01
377	1.145897e+01	2.693862e+03	3.860462e+02	4.298141e+02	8.100645e+01	4.234146e+01	8.480779e+01
378	1.148936e+01	2.700884e+03	3.841625e+02	4.288484e+02	8.123129e+01	4.233432e+01	8.695532e+01
379	1.151976e+01	2.695770e+03	3.822896e+02	4.277884e+02	8.136944e+01	4.218243e+01	8.912820e+01
380	1.155015e+01	2.698179e+03	3.803687e+02	4.267613e+02	8.109790e+01	4.236150e+01	9.115852e+01
381	1.158055e+01	2.685924e+03	3.785297e+02	4.255788e+02	8.102640e+01	4.220631e+01	9.300266e+01
382	1.161094e+01	2.699360e+03	3.767230e+02	4.243059e+02	8.072961e+01	4.257337e+01	9.467349e+01
383	1.164134e+01	2.694516e+03	3.750611e+02	4.229994e+02	8.090803e+01	4.240327e+01	9.676024e+01
384	1.167173e+01	2.697314e+03	3.734386e+02	4.214936e+02	8.101487e+01	4.239132e+01	9.810452e+01
385	1.170213e+01	2.689530e+03	3.718712e+02	4.200793e+02	8.051328e+01	4.253231e+01	1.004322e+02
386	1.173252e+01	2.710485e+03	3.701645e+02	4.186303e+02	8.077190e+01	4.272644e+01	1.021816e+02
387	1.176292e+01	2.709033e+03	3.687731e+02	4.170631e+02	8.046838e+01	4.286464e+01	1.038290e+02
388	1.179331e+01	2.722544e+03	3.673204e+02	4.155103e+02	8.091002e+01	4.284328e+01	1.054759e+02
389	1.182371e+01	2.703737e+03	3.658274e+02	4.139095e+02	8.062130e+01	4.269969e+01	1.074961e+02
390	1.185410e+01	2.707070e+03	3.644294e+02	4.122082e+02	8.070322e+01	4.270893e+01	1.089551e+02
391	1.188450e+01	2.708815e+03	3.631741e+02	4.104689e+02	8.055436e+01	4.281544e+01	1.108426e+02
392	1.191489e+01	2.707225e+03	3.617432e+02	4.086903e+02	8.062461e+01	4.275302e+01	1.132746e+02
393	1.194529e+01	2.712939e+03	3.604661e+02	4.069291e+02	8.024481e+01	4.304604e+01	1.153587e+02
394	1.197568e+01	2.716011e+03	3.595118e+02	4.051180e+02	8.008595e+01	4.318027e+01	1.173878e+02
395	1.200608e+01	2.714343e+03	3.584532e+02	4.030574e+02	8.040724e+01	4.298132e+01	1.192483e+02
396	1.203647e+01	2.703616e+03	3.577241e+02	4.011747e+02	8.022460e+01	4.290892e+01	1.212755e+02
397	1.206687e+01	2.701452e+03	3.568991e+02	3.990588e+02	7.969955e+01	4.315702e+01	1.230984e+02
398	1.209726e+01	2.709028e+03	3.559867e+02	3.969335e+02	8.021191e+01	4.300162e+01	1.248554e+02
399	1.212766e+01	2.718348e+03	3.552254e+02	3.948856e+02	7.998521e+01	4.327185e+01	1.266203e+02
400	1.215805e+01	2.702881e+03	3.544121e+02	3.927498e+02	7.959708e+01	4.323544e+01	1.289068e+02
401	1.218845e+01	2.699808e+03	3.538203e+02	3.905362e+02	7.949395e+01	4.324231e+01	1.309485e+02
402	1.221884e+01	2.715687e+03	3.531908e+02	3.883227e+02	8.029485e+01	4.306278e+01	1.330437e+02
403	1.224924e+01	2.727625e+03	3.524770e+02	3.861291e+02	7.971399e+01	4.356726e+01	1.346682e+02
404	1.227964e+01	2.727814e+03	3.522236e+02	3.841133e+02	7.985790e+01	4.349176e+01	1.365753e+02
405	1.231003e+01	2.705443e+03	3.520299e+02	3.819933e+02	7.928424e+01	4.344718e+01	1.390493e+02
406	1.234043e+01	2.738664e+03	3.514322e+02	3.796585e+02	7.989158e+01	4.364635e+01	1.404230e+02
407	1.237082e+01	2.715052e+03	3.511835e+02	3.777443e+02	7.930515e+01	4.359000e+01	1.425077e+02
408	1.240122e+01	2.712628e+03	3.511158e+02	3.756850e+02	7.942074e+01	4.348769e+01	1.451174e+02
409	1.243161e+01	2.722081e+03	3.511372e+02	3.734994e+02	7.958970e+01	4.354660e+01	1.479043e+02
410	1.246201e+01	2.714153e+03	3.511373e+02	3.712067e+02	7.957881e+01	4.342571e+01	1.496079e+02
411	1.249240e+01	2.737630e+03	3.511965e+02	3.687901e+02	8.051611e+01	4.329145e+01	1.518361e+02
412	1.252280e+01	2.725152e+03	3.513784e+02	3.669453e+02	7.977032e+01	4.349703e+01	1.536822e+02
413	1.255319e+01	2.714511e+03	3.515055e+02	3.647219e+02	7.960570e+01	4.341677e+01	1.555561e+02
414	1.258359e+01	2.723771e+03	3.518578e+02	3.623648e+02	7.943477e+01	4.365863e+01	1.574236e+02
415	1.261398e+01	2.715586e+03	3.522624e+02	3.602252e+02	7.945306e+01	4.351741e+01	1.588472e+02
416	1.264438e+01	2.711281e+03	3.527729e+02	3.583769e+02	7.963503e+01	4.334914e+01	1.605064e+02
417	1.267477e+01	2.733205e+03	3.530278e+02	3.560299e+02	7.999031e+01	4.350557e+01	1.617300e+02
418	1.270517e+01	2.690676e+03	3.538099e+02	3.540044e+02	7.938835e+01	4.315337e+01	1.644751e+02
419	1.273556e+01	2.717110e+03	3.544453e+02	3.519999e+02	7.938994e+01	4.357645e+01	1.661273e+02
420	1.276596e+01	2.728391e+03	3.551898e+02	3.498140e+02	7.958028e+01	4.365271e+01	1.682962e+02
421	1.279635e+01	2.696935e+03	3.558187e+02	3.479234e+02	7.922852e+01	4.334101e+01	1.700544e+02
422	1.282675e+01	2.702362e+03	3.565310e+02	3.459240e+02	7.936102e+01	4.335572e+01	1.720562e+02
423	1.285714e+01	2.696361e+03	3.575721e+02	3.440350e+02	7.910683e+01	4.339845e+01	1.738773e+02
424	1.288754e+01	2.713083e+03	3.584641e+02	3.417662e+02	7.922553e+01	4.360217e+01	1.762817e+02
425	1.291793e+01	2.697902e+03	3.594399e+02	3.401104e+02	7.898660e+01	4.348935e+01	1.782193e+02
426	1.294833e+01	2.702752e+03	3.603991e+02	3.381516e+02	7.877095e+01	4.368681e+01	2.887234e-01
427	1.297872e+01	2.701199e+03	3.614776e+02	3.363935e+02	7.912685e+01	4.346531e+01	2.453324e+00
428	1.300912e+01	2.691149e+03	3.628127e+02	3.345807e+02	7.902727e+01	4.335816e+01	4.452476e+00
429	1.303951e+01	2.701057e+03	3.640908e+02	3.329280e+02	7.874920e+01	4.367146e+01	6.748376e+00
430	1.306991e+01	2.703834e+03	3.655362e+02	3.312059e+02	7.907765e+01	4.353479e+01	9.477298e+00
431	1.310030e+01	2.737769e+03	3.667120e+02	3.295410e+02	7.886262e+01	4.420137e+01	1.216724e+01
432	1.313070e+01	2.695857e+03	3.683568e+02	3.283030e+02	7.927544e+01	4.329805e+01	1.476578e+01
433	1.316109e+01	2.683442e+03	3.701373e+02	3.268351e+02	7.946779e+01	4.299433e+01	1.670326e+01
434	1.319149e+01	2.690986e+03	3.717410e+02	3.254702e+02	7.927873e+01	4.321801e+01	1.983597e+01
435	1.322188e+01	2.700732e+03	3.734871e+02	3.241106e+02	7.976225e+01	4.311161e+01	2.171071e+01
436	1.325228e+01	2.670364e+03	3.751610e+02	3.227316e+02	7.918846e+01	4.293571e+01	2.413561e+01
437	1.328267e+01	2.665756e+03	3.766988e+02	3.217153e+02	7.916067e+01	4.287668e+01	2.623715e+01
438	1.331307e+01	2.687201e+03	3.789870e+02	3.203777e+02	7.899173e+01	4.331403e+01	2.922673e+01
439	1.334347e+01	2.662310e+03	3.806045e+02	3.194698e+02	7.904416e+01	4.288436e+01	3.145350e+01
440	1.337386e+01	2.693051e+03	3.827670e+02	3.183148e+02	7.958108e+01	4.308687e+01	3.430397e+01
441	1.340426e+01	2.690974e+03	3.846093e+02	3.176730e+02	7.945422e+01	4.312237e+01	3.652705e+01
442	1.343465e+01	2.677530e+03	3.868287e+02	3.166955e+02	7.890866e+01	4.320359e+01	3.911081e+01
443	1.346505e+01	2.671272e+03	3.888450e+02	3.161267e+02	7.906512e+01	4.301731e+01	4.179478e+01
444	1.349544e+01	2.673211e+03	3.908445e+02	3.156445e+02	7.930319e+01	4.291930e+01	4.423388e+01
445	1.352584e+01	2.656720e+03	3.930688e+02	3.150162e+02	7.894073e+01	4.285038e+01	4.602871e+01
446	1.355623e+01	2.657648e+03	3.951194e+02	3.146377e+02	7.907461e+01	4.279278e+01	4.800170e+01
447	1.358663e+01	2.654100e+03	3.972811e+02	3.144419e+02	7.866743e+01	4.295686e+01	5.035598e+01
448	1.361702e+01	2.639694e+03	3.992790e+02	3.142404e+02	7.835085e+01	4.289631e+01	5.246465e+01
449	1.364742e+01	2.652304e+03	4.014526e+02	3.139724e+02	7.918043e+01	4.264965e+01	5.465569e+01
450	1.367781e+01	2.645782e+03	4.035245e+02	3.139509e+02	7.832339e+01	4.301032e+01	5.730205e+01
451	1.370821e+01	2.627098e+03	4.057141e+02	3.138056e+02	7.847063e+01	4.262646e+01	5.948081e+01
452	1.373860e+01	2.648042e+03	4.079917e+02	3.140186e+02	7.921483e+01	4.256263e+01	6.137563e+01
453	1.376900e+01	2.624485e+03	4.100767e+02	3.141206e+02	7.832571e+01	4.266285e+01	6.343458e+01
454	1.379939e+01	2.628037e+03	4.121981e+02	3.144116e+02	7.900920e+01	4.235102e+01	6.528586e+01
455	1.382979e+01	2.615977e+03	4.144864e+02	3.146176e+02	7.873756e+01	4.230212e+01	6.721878e+01
456	1.386018e+01	2.628085e+03	4.165786e+02	3.149938e+02	7.887138e+01	4.242580e+01	6.944675e+01
457	1.389058e+01	2.633764e+03	4.187638e+02	3.154046e+02	7.917761e+01	4.235303e+01	7.101556e+01
458	1.392097e+01	2.618988e+03	4.209969e+02	3.159410e+02	7.927714e+01	4.206256e+01	7.324847e+01
459	1.395137e+01	2.615582e+03	4.229966e+02	3.165087e+02	7.876875e+01	4.227898e+01	7.524754e+01
460	1.398176e+01	2.602779e+03	4.249527e+02	3.173148e+02	7.828181e+01	4.233372e+01	7.754668e+01
461	1.401216e+01	2.631477e+03	4.271248e+02	3.179631e+02	7.942646e+01	4.218368e+01	7.949817e+01
462	1.404255e+01	2.620845e+03	4.290781e+02	3.186373e+02	7.911444e+01	4.217894e+01	8.154766e+01
463	1.407295e+01	2.627415e+03	4.312046e+02	3.194615e+02	7.921668e+01	4.223011e+01	8.331330e+01
464	1.410334e+01	2.622670e+03	4.330471e+02	3.203709e+02	7.922176e+01	4.215113e+01	8.554028e+01
465	1.413374e+01	2.634621e+03	4.351524e+02	3.215080e+02	7.942709e+01	4.223374e+01	8.777795e+01
466	1.416413e+01	2.614668e+03	4.368994e+02	3.226146e+02	7.887587e+01	4.220681e+01	8.964243e+01
467	1.419453e+01	2.631818e+03	4.388811e+02	3.237908e+02	7.906079e+01	4.238428e+01	9.145303e+01
468	1.422492e+01	2.628375e+03	4.404056e+02	3.250999e+02	7.935440e+01	4.217221e+01	9.374346e+01
469	1.425532e+01	2.637131e+03	4.424787e+02	3.264931e+02	7.917087e+01	4.241080e+01	9.620670e+01
470	1.428571e+01	2.637196e+03	4.440760e+02	3.279674e+02	7.893192e+01	4.254023e+01	9.785179e+01
471	1.431611e+01	2.619723e+03	4.458816e+02	3.295121e+02	7.881454e+01	4.232132e+01	9.949577e+01
472	1.434650e+01	2.625212e+03	4.475416e+02	3.309039e+02	7.886012e+01	4.238547e+01	1.012056e+02
473	1.437690e+01	2.633143e+03	4.494613e+02	3.326161e+02	7.901035e+01	4.243269e+01	1.031208e+02
474	1.440729e+01	2.629673e+03	4.508314e+02	3.342004e+02	7.895001e+01	4.240915e+01	1.041027e+02
475	1.443769e+01	2.654964e+03	4.524297e+02	3.358615e+02	7.939271e+01	4.257828e+01	1.064290e+02
476	1.446809e+01	2.647231e+03	4.537755e+02	3.376039e+02	7.923948e+01	4.253635e+01	1.080016e+02
477	1.449848e+01	2.645451e+03	4.552299e+02	3.393908e+02	7.925423e+01	4.249986e+01	1.097051e+02
478	1.452888e+01	2.646920e+03	4.567438e+02	3.411484e+02	7.911721e+01	4.259710e+01	1.115478e+02
479	1.455927e+01	2.654190e+03	4.581212e+02	3.428629e+02	7.918492e+01	4.267757e+01	1.132505e+02
480	1.458967e+01	2.643364e+03	4.594717e+02	3.448582e+02	7.904382e+01	4.257936e+01	1.152925e+02
481	1.462006e+01	2.659569e+03	4.604634e+02	3.466229e+02	7.924435e+01	4.273199e+01	1.169315e+02
482	1.465046e+01	2.647137e+03	4.617430e+02	3.487374e+02	7.885880e+01	4.274018e+01	1.190483e+02
483	1.468085e+01	2.645413e+03	4.627192e+02	3.507252e+02	7.879221e+01	4.274844e+01	1.209999e+02
484	1.471125e+01	2.656294e+03	4.638224e+02	3.528497e+02	7.913467e+01	4.273852e+01	1.235550e+02
485	1.474164e+01	2.666098e+03	4.646036e+02	3.547378e+02	7.894624e+01	4.299865e+01	1.257246e+02
486	1.477204e+01	2.654493e+03	4.653497e+02	3.569107e+02	7.865820e+01	4.296825e+01	1.277199e+02
487	1.480243e+01	2.671443e+03	4.663294e+02	3.590815e+02	7.945016e+01	4.281159e+01	1.296629e+02
488	1.483283e+01	2.667580e+03	4.671768e+02	3.609003e+02	7.915251e+01	4.291043e+01	1.306296e+02
489	1.486322e+01	2.679515e+03	4.679570e+02	3.626216e+02	7.938319e+01	4.297717e+01	1.318243e+02
490	1.489362e+01	2.664954e+03	4.686294e+02	3.641468e+02	7.917330e+01	4.285693e+01	1.331168e+02
491	1.492401e+01	2.682159e+03	4.694612e+02	3.661927e+02	7.922846e+01	4.310359e+01	1.343788e+02
492	1.495441e+01	2.664778e+03	4.698444e+02	3.683716e+02	7.916929e+01	4.285627e+01	1.365893e+02
493	1.498480e+01	2.665314e+03	4.705189e+02	3.706333e+02	7.918176e+01	4.285814e+01	1.387863e+02
494	1.501520e+01	2.709794e+03	4.711253e+02	3.728417e+02	8.004633e+01	4.310275e+01	1.401071e+02
495	1.504559e+01	2.685680e+03	4.713482e+02	3.749601e+02	7.918252e+01	4.318522e+01	1.420428e+02
496	1.507599e+01	2.694391e+03	4.716812e+02	3.772658e+02	7.964001e+01	4.307640e+01	1.440122e+02
497	1.510638e+01	2.699616e+03	4.719618e+02	3.793731e+02	7.983733e+01	4.305326e+01	1.455943e+02
498	1.513678e+01	2.708296e+03	4.722622e+02	3.818469e+02	8.012464e+01	4.303682e+01	1.471768e+02
499	1.516717e+01	2.701065e+03	4.722456e+02	3.840177e+02	7.985972e+01	4.306430e+01	1.496431e+02
500	1.519757e+01	2.698637e+03	4.724650e+02	3.865063e+02	7.984785e+01	4.303198e+01	1.510723e+02
501	1.522796e+01	2.693371e+03	4.724459e+02	3.884381e+02	7.994089e+01	4.289802e+01	1.530064e+02
502	1.525836e+01	2.709240e+03	4.725018e+02	3.905465e+02	8.013226e+01	4.304773e+01	1.547093e+02
503	1.528875e+01	2.691944e+03	4.725197e+02	3.927369e+02	7.974188e+01	4.298230e+01	1.573274e+02
504	1.531915e+01	2.695046e+03	4.721541e+02	3.950929e+02	7.974274e+01	4.303137e+01	1.588823e+02
505	1.534954e+01	2.684477e+03	4.717919e+02	3.972757e+02	7.974935e+01	4.285905e+01	1.605442e+02
506	1.537994e+01	2.708470e+03	4.714725e+02	3.993685e+02	7.979048e+01	4.321984e+01	1.631143e+02
507	1.541033e+01	2.700073e+03	4.708286e+02	4.014111e+02	7.991407e+01	4.301920e+01	1.648140e+02
508	1.544073e+01	2.690159e+03	4.703163e+02	4.036171e+02	8.003334e+01	4.279737e+01	1.667488e+02
509	1.547112e+01	2.693557e+03	4.695180e+02	4.058011e+02	7.969645e+01	4.303257e+01	1.685684e+02
510	1.550152e+01	2.688254e+03	4.689798e+02	4.079479e+02	7.990182e+01	4.283746e+01	1.710878e+02
511	1.553191e+01	2.701201e+03	4.681557e+02	4.100774e+02	7.987617e+01	4.305759e+01	1.723709e+02
512	1.556231e+01	2.708022e+03	4.672029e+02	4.122418e+02	7.931832e+01	4.346992e+01	1.748831e+02
513	1.559271e+01	2.709568e+03	4.662999e+02	4.140181e+02	7.958102e+01	4.335115e+01	1.768328e+02
514	1.562310e+01	2.701633e+03	4.653702e+02	4.160249e+02	7.953766e+01	4.324776e+01	1.792778e+02
515	1.565350e+01	2.691982e+03	4.642733e+02	4.183992e+02	7.933809e+01	4.320167e+01	7.260304e-01
516	1.568389e+01	2.698029e+03	4.630562e+02	4.199091e+02	7.953511e+01	4.319146e+01	2.837356e+00
517	1.571429e+01	2.717143e+03	4.619848e+02	4.214504e+02	7.988461e+01	4.330713e+01	5.695380e+00
518	1.574468e+01	2.724396e+03	4.603037e+02	4.232434e+02	7.949521e+01	4.363545e+01	8.044658e+00
519	1.577508e+01	2.687681e+03	4.591055e+02	4.250687e+02	7.914374e+01	4.323856e+01	9.799040e+00
520	1.580547e+01	2.694075e+03	4.575479e+02	4.265042e+02	7.968864e+01	4.304506e+01	1.243306e+01
521	1.583587e+01	2.699751e+03	4.562803e+02	4.282331e+02	7.941859e+01	4.328242e+01	1.451933e+01
522	1.586626e+01	2.711075e+03	4.548834e+02	4.294923e+02	7.959237e+01	4.336909e+01	1.720684e+01
523	1.589666e+01	2.714487e+03	4.534192e+02	4.309932e+02	7.985690e+01	4.327982e+01	1.921520e+01
524	1.592705e+01	2.712116e+03	4.518318e+02	4.323309e+02	7.973898e+01	4.330597e+01	2.113814e+01
525	1.595745e+01	2.772018e+03	4.497056e+02	4.336527e+02	7.873596e+01	4.482631e+01	2.383469e+01
526	1.598784e+01	2.725701e+03	4.484154e+02	4.349618e+02	7.989233e+01	4.343935e+01	2.574710e+01
527	1.601824e+01	2.717731e+03	4.464158e+02	4.361540e+02	7.957853e+01	4.348312e+01	2.738039e+01
528	1.604863e+01	2.739347e+03	4.443112e+02	4.374091e+02	8.044541e+01	4.335667e+01	3.065346e+01
529	1.607903e+01	2.719826e+03	4.426043e+02	4.379110e+02	7.991798e+01	4.333180e+01	3.328167e+01
530	1.610942e+01	2.734026e+03	4.405945e+02	4.390104e+02	8.009636e+01	4.346103e+01	3.564385e+01
531	1.613982e+01	2.733619e+03	4.386337e+02	4.398259e+02	8.031035e+01	4.333878e+01	3.774339e+01
532	1.617021e+01	2.702614e+03	4.364377e+02	4.407137e+02	7.964460e+01	4.320538e+01	3.979809e+01
533	1.620061e+01	2.718445e+03	4.343299e+02	4.412176e+02	8.002703e+01	4.325079e+01	4.255755e+01
534	1.623100e+01	2.713536e+03	4.319494e+02	4.420825e+02	8.008529e+01	4.314127e+01	4.496041e+01
535	1.626140e+01	2.711215e+03	4.300544e+02	4.423360e+02	7.991831e+01	4.319444e+01	4.738874e+01
536	1.629179e+01	2.709381e+03	4.278777e+02	4.427139e+02	8.011160e+01	4.306108e+01	4.971836e+01
537	1.632219e+01	2.705289e+03	4.256172e+02	4.430804e+02	8.014626e+01	4.297744e+01	5.201488e+01
538	1.635258e+01	2.704896e+03	4.234018e+02	4.432939e+02	8.021415e+01	4.293483e+01	5.429100e+01
539	1.638298e+01	2.717074e+03	4.212709e+02	4.432560e+02	8.001139e+01	4.323743e+01	5.657883e+01
540	1.641337e+01	2.710975e+03	4.190997e+02	4.433383e+02	8.038525e+01	4.293972e+01	5.861831e+01
541	1.644377e+01	2.709333e+03	4.168165e+02	4.434270e+02	8.066039e+01	4.276733e+01	6.078294e+01
542	1.647416e+01	2.720625e+03	4.146759e+02	4.431589e+02	8.059254e+01	4.298174e+01	6.303774e+01
543	1.650456e+01	2.705129e+03	4.123738e+02	4.430862e+02	8.054175e+01	4.276388e+01	6.496071e+01
544	1.653495e+01	2.709277e+03	4.101484e+02	4.427723e+02	8.073703e+01	4.272585e+01	6.682299e+01
545	1.656535e+01	2.715079e+03	4.078878e+02	4.423367e+02	8.114873e+01	4.260013e+01	6.950362e+01
546	1.659574e+01	2.708069e+03	4.057859e+02	4.418773e+02	8.101253e+01	4.256157e+01	7.152086e+01
547	1.662614e+01	2.727752e+03	4.036256e+02	4.413182e+02	8.129955e+01	4.271958e+01	7.350653e+01
548	1.665653e+01	2.711243e+03	4.014563e+02	4.406473e+02	8.112218e+01	4.255386e+01	7.599008e+01
549	1.668693e+01	2.707821e+03	3.994340e+02	4.397596e+02	8.105033e+01	4.253783e+01	7.783354e+01
550	1.671733e+01	2.705523e+03	3.973632e+02	4.388333e+02	8.117614e+01	4.243585e+01	7.993272e+01
551	1.674772e+01	2.711849e+03	3.954020e+02	4.379932e+02	8.133929e+01	4.244976e+01	8.182430e+01
552	1.677812e+01	2.690720e+03	3.933931e+02	4.371283e+02	8.116638e+01	4.220875e+01	8.425730e+01
553	1.680851e+01	2.693094e+03	3.914430e+02	4.359878e+02	8.125401e+01	4.220044e+01	8.636810e+01
554	1.683891e+01	2.700469e+03	3.896544e+02	4.349709e+02	8.116637e+01	4.236169e+01	8.846133e+01
555	1.686930e+01	2.692748e+03	3.878429e+02	4.338025e+02	8.161636e+01	4.200767e+01	8.995351e+01
556	1.689970e+01	2.684159e+03	3.861043e+02	4.325174e+02	8.113485e+01	4.212219e+01	9.192637e+01
557	1.693009e+01	2.692071e+03	3.843404e+02	4.313814e+02	8.103631e+01	4.229771e+01	9.328426e+01
558	1.696049e+01	2.691202e+03	3.823176e+02	4.300948e+02	8.098360e+01	4.231159e+01	9.516946e+01
559	1.699088e+01	2.695444e+03	3.807216e+02	4.287744e+02	8.141151e+01	4.215553e+01	9.667256e+01
560	1.702128e+01	2.688062e+03	3.788430e+02	4.273488e+02	8.062913e+01	4.244801e+01	9.873332e+01
561	1.705167e+01	2.708712e+03	3.771074e+02	4.259704e+02	8.130753e+01	4.241723e+01	1.006640e+02
562	1.708207e+01	2.688590e+03	3.758855e+02	4.246119e+02	8.053378e+01	4.250663e+01	1.023535e+02
563	1.711246e+01	2.701542e+03	3.742353e+02	4.230459e+02	8.081827e+01	4.256105e+01	1.039577e+02
564	1.714286e+01	2.701798e+03	3.727893e+02	4.214634e+02	8.069827e+01	4.262838e+01	1.058459e+02
565	1.717325e+01	2.700279e+03	3.711197e+02	4.198177e+02	8.024015e+01	4.284766e+01	1.069105e+02
566	1.720365e+01	2.699899e+03	3.699967e+02	4.182282e+02	8.035646e+01	4.277961e+01	1.088307e+02
567	1.723404e+01	2.705970e+03	3.687019e+02	4.166380e+02	8.036255e+01	4.287256e+01	1.104860e+02
568	1.726444e+01	2.717180e+03	3.675111e+02	4.146443e+02	8.049191e+01	4.298098e+01	1.130698e+02
569	1.729483e+01	2.703752e+03	3.664352e+02	4.128889e+02	8.041819e+01	4.280777e+01	1.150193e+02
570	1.732523e+01	2.709172e+03	3.653442e+02	4.110435e+02	8.033399e+01	4.293855e+01	1.172292e+02
571	1.735562e+01	2.744215e+03	3.640388e+02	4.091158e+02	8.076546e+01	4.326160e+01	1.185104e+02
572	1.738602e+01	2.696690e+03	3.634017e+02	4.073583e+02	7.965667e+01	4.310415e+01	1.211285e+02
573	1.741641e+01	2.694078e+03	3.624504e+02	4.053342e+02	7.983736e+01	4.296492e+01	1.234204e+02
574	1.744681e+01	2.710055e+03	3.616964e+02	4.033844e+02	7.983940e+01	4.321862e+01	1.247988e+02
575	1.747720e+01	2.707682e+03	3.608527e+02	4.012516e+02	8.001675e+01	4.308508e+01	1.263591e+02
576	1.750760e+01	2.714496e+03	3.600134e+02	3.992247e+02	8.001704e+01	4.319335e+01	1.286449e+02
577	1.753799e+01	2.719781e+03	3.594484e+02	3.973220e+02	7.995195e+01	4.331268e+01	1.306651e+02
578	1.756839e+01	2.717494e+03	3.589073e+02	3.952797e+02	7.994602e+01	4.327946e+01	1.325659e+02
579	1.759878e+01	2.734237e+03	3.582986e+02	3.931073e+02	8.015607e+01	4.343200e+01	1.341797e+02
580	1.762918e+01	2.703144e+03	3.578699e+02	3.910475e+02	7.935389e+01	4.337217e+01	1.364237e+02
581	1.765957e+01	2.738509e+03	3.571637e+02	3.887966e+02	7.975578e+01	4.371819e+01	1.377758e+02
582	1.768997e+01	2.709349e+03	3.568547e+02	3.866665e+02	7.967388e+01	4.329712e+01	1.401802e+02
583	1.772036e+01	2.764319e+03	3.560940e+02	3.843081e+02	8.003487e+01	4.397633e+01	1.410607e+02
584	1.775076e+01	2.723115e+03	3.560919e+02	3.824630e+02	7.957165e+01	4.357303e+01	1.431340e+02
585	1.778116e+01	2.714187e+03	3.562791e+02	3.803643e+02	7.934099e+01	4.355643e+01	1.463079e+02
586	1.781155e+01	2.714539e+03	3.561837e+02	3.780023e+02	7.964122e+01	4.339785e+01	1.478840e+02
587	1.784195e+01	2.718299e+03	3.563683e+02	3.760196e+02	7.979774e+01	4.337273e+01	1.501761e+02
588	1.787234e+01	2.722072e+03	3.562781e+02	3.738588e+02	7.951421e+01	4.358780e+01	1.515621e+02
589	1.790274e+01	2.717709e+03	3.566483e+02	3.716954e+02	7.967470e+01	4.343027e+01	1.537411e+02
590	1.793313e+01	2.706400e+03	3.567344e+02	3.693632e+02	8.002508e+01	4.306019e+01	1.558430e+02
591	1.796353e+01	2.725180e+03	3.571098e+02	3.673369e+02	7.994202e+01	4.340405e+01	1.579310e+02
592	1.799392e+01	2.709354e+03	3.575146e+02	3.652534e+02	7.939804e+01	4.344764e+01	1.596296e+02
593	1.802432e+01	2.705639e+03	3.579695e+02	3.633712e+02	7.956956e+01	4.329453e+01	1.618938e+02
594	1.805471e+01	2.712765e+03	3.586582e+02	3.611194e+02	7.954356e+01	4.342274e+01	1.637671e+02
595	1.808511e+01	2.700414e+03	3.594031e+02	3.591909e+02	7.959783e+01	4.319557e+01	1.660497e+02
596	1.811550e+01	2.711798e+03	3.600848e+02	3.571446e+02	7.973589e+01	4.330256e+01	1.679087e+02
597	1.814590e+01	2.686653e+03	3.608054e+02	3.552027e+02	7.951836e+01	4.301840e+01	1.697216e+02
598	1.817629e+01	2.698669e+03	3.617980e+02	3.530829e+02	7.967429e+01	4.312624e+01	1.723281e+02
599	1.820669e+01	2.682334e+03	3.626192e+02	3.511617e+02	7.915462e+01	4.314661e+01	1.748341e+02
600	1.823708e+01	2.684491e+03	3.635375e+02	3.491993e+02	7.910657e+01	4.320754e+01	1.772432e+02
601	1.826748e+01	2.669487e+03	3.649045e+02	3.474143e+02	7.892947e+01	4.306245e+01	1.795833e+02
602	1.829787e+01	2.702641e+03	3.660376e+02	3.456078e+02	7.941713e+01	4.332957e+01	1.742603e+00
603	1.832827e+01	2.686014e+03	3.671633e+02	3.439194e+02	7.869807e+01	4.345645e+01	4.121214e+00
604	1.835866e+01	2.675892e+03	3.684795e+02	3.420208e+02	7.907234e+01	4.308778e+01	6.235579e+00
605	1.838906e+01	2.664105e+03	3.697380e+02	3.404769e+02	7.879589e+01	4.304848e+01	8.111617e+00
606	1.841945e+01	2.683344e+03	3.712499e+02	3.386831e+02	7.901694e+01	4.323806e+01	1.108908e+01
607	1.844985e+01	2.698193e+03	3.726444e+02	3.370152e+02	7.914508e+01	4.340694e+01	1.360008e+01
608	1.848024e+01	2.695895e+03	3.740229e+02	3.356592e+02	7.909977e+01	4.339481e+01	1.604122e+01
609	1.851064e+01	2.693142e+03	3.756541e+02	3.341382e+02	7.937215e+01	4.320174e+01	1.820857e+01
610	1.854103e+01	2.706506e+03	3.774355e+02	3.327412e+02	7.916567e+01	4.352935e+01	2.132092e+01
611	1.857143e+01	2.671689e+03	3.790372e+02	3.316134e+02	7.886363e+01	4.313396e+01	2.329710e+01
612	1.860182e+01	2.688595e+03	3.807141e+02	3.305711e+02	7.935358e+01	4.313890e+01	2.621445e+01
613	1.863222e+01	2.689956e+03	3.829252e+02	3.291550e+02	7.930938e+01	4.318478e+01	2.897797e+01
614	1.866261e+01	2.684050e+03	3.849403e+02	3.281753e+02	7.926154e+01	4.311597e+01	3.120823e+01
615	1.869301e+01	2.691015e+03	3.868952e+02	3.273103e+02	7.938663e+01	4.315974e+01	3.398410e+01
616	1.872340e+01	2.685169e+03	3.887997e+02	3.264594e+02	7.943679e+01	4.303878e+01	3.590290e+01
617	1.875380e+01	2.667241e+03	3.910726e+02	3.255826e+02	7.876715e+01	4.311488e+01	3.831711e+01
618	1.878419e+01	2.650308e+03	3.930625e+02	3.251252e+02	7.871668e+01	4.286864e+01	4.068693e+01
619	1.881459e+01	2.655288e+03	3.953488e+02	3.245127e+02	7.902428e+01	4.278200e+01	4.265691e+01
620	1.884498e+01	2.650748e+03	3.976209e+02	3.240282e+02	7.886140e+01	4.279707e+01	4.538024e+01
621	1.887538e+01	2.643529e+03	3.997453e+02	3.237383e+02	7.853722e+01	4.285670e+01	4.779869e+01
622	1.890578e+01	2.645164e+03	4.020049e+02	3.234695e+02	7.849612e+01	4.290566e+01	4.989472e+01
623	1.893617e+01	2.636405e+03	4.043018e+02	3.234117e+02	7.858821e+01	4.271347e+01	5.242946e+01
624	1.896657e+01	2.624059e+03	4.064487e+02	3.234286e+02	7.780638e+01	4.294064e+01	5.472265e+01
625	1.899696e+01	2.623130e+03	4.086993e+02	3.233958e+02	7.817787e+01	4.272146e+01	5.691568e+01
626	1.902736e+01	2.624116e+03	4.110017e+02	3.234894e+02	7.818122e+01	4.273568e+01	5.870283e+01
627	1.905775e+01	2.611384e+03	4.132992e+02	3.235656e+02	7.804527e+01	4.260241e+01	6.048733e+01
628	1.908815e+01	2.630904e+03	4.156916e+02	3.236340e+02	7.878334e+01	4.251878e+01	6.269501e+01
629	1.911854e+01	2.622380e+03	4.178064e+02	3.240101e+02	7.888946e+01	4.232401e+01	6.482209e+01
630	1.914894e+01	2.630601e+03	4.200801e+02	3.242525e+02	7.915863e+01	4.231231e+01	6.687089e+01
631	1.917933e+01	2.618818e+03	4.222104e+02	3.246691e+02	7.857628e+01	4.243497e+01	6.875016e+01
632	1.920973e+01	2.618712e+03	4.242664e+02	3.252126e+02	7.891956e+01	4.224869e+01	7.076834e+01
633	1.924012e+01	2.640036e+03	4.263425e+02	3.258174e+02	7.959585e+01	4.223083e+01	7.360123e+01
634	1.927052e+01	2.615292e+03	4.285486e+02	3.264516e+02	7.927017e+01	4.200689e+01	7.516765e+01
635	1.930091e+01	2.610397e+03	4.306024e+02	3.270603e+02	7.895589e+01	4.209516e+01	7.737095e+01
636	1.933131e+01	2.625146e+03	4.325079e+02	3.278594e+02	7.901006e+01	4.230397e+01	7.932325e+01
637	1.936170e+01	2.631600e+03	4.348198e+02	3.286659e+02	7.925616e+01	4.227629e+01	8.192972e+01
638	1.939210e+01	2.621215e+03	4.367119e+02	3.296562e+02	7.881290e+01	4.234630e+01	8.421809e+01
639	1.942249e+01	2.615453e+03	4.387742e+02	3.306122e+02	7.932468e+01	4.198061e+01	8.650741e+01
640	1.945289e+01	2.595993e+03	4.404989e+02	3.318398e+02	7.822488e+01	4.225408e+01	8.877016e+01
641	1.948328e+01	2.618297e+03	4.427956e+02	3.331945e+02	7.908904e+01	4.215147e+01	9.117554e+01
642	1.951368e+01	2.631902e+03	4.443451e+02	3.344908e+02	7.930172e+01	4.225686e+01	9.321206e+01
643	1.954407e+01	2.640027e+03	4.463493e+02	3.358574e+02	7.958682e+01	4.223547e+01	9.583341e+01
644	1.957447e+01	2.615285e+03	4.478200e+02	3.371637e+02	7.904346e+01	4.212726e+01	9.796563e+01
645	1.960486e+01	2.647683e+03	4.497602e+02	3.388098e+02	7.971908e+01	4.228767e+01	1.001828e+02
646	1.963526e+01	2.633172e+03	4.513202e+02	3.403716e+02	7.938690e+01	4.223189e+01	1.023925e+02
647	1.966565e+01	2.633508e+03	4.527735e+02	3.420741e+02	7.938824e+01	4.223655e+01	1.043423e+02
648	1.969605e+01	2.639041e+03	4.542996e+02	3.436739e+02	7.923689e+01	4.240615e+01	1.060716e+02
649	1.972644e+01	2.646118e+03	4.556920e+02	3.454231e+02	7.937666e+01	4.244499e+01	1.081974e+02
650	1.975684e+01	2.654224e+03	4.572261e+02	3.473188e+02	7.934085e+01	4.259423e+01	1.102128e+02
651	1.978723e+01	2.651850e+03	4.583560e+02	3.490844e+02	7.897607e+01	4.275270e+01	1.127492e+02
652	1.981763e+01	2.650743e+03	4.595662e+02	3.510114e+02	7.899223e+01	4.272612e+01	1.152260e+02
653	1.984802e+01	2.661167e+03	4.607177e+02	3.530191e+02	7.937166e+01	4.268908e+01	1.171541e+02
654	1.987842e+01	2.645118e+03	4.617687e+02	3.549197e+02	7.896709e+01	4.264901e+01	1.192405e+02
655	1.990881e+01	2.663638e+03	4.628173e+02	3.569397e+02	7.933341e+01	4.274932e+01	1.212485e+02
656	1.993921e+01	2.661678e+03	4.639767e+02	3.589870e+02	7.907055e+01	4.285987e+01	1.233810e+02
657	1.996960e+01	2.673818e+03	4.647746e+02	3.609220e+02	7.917123e+01	4.300061e+01	1.262069e+02
658	2.000000e+01	2.673649e+03	4.655907e+02	3.631057e+02	7.954817e+01	4.279413e+01	1.282238e+02
659	2.003040e+01	2.675564e+03	4.663133e+02	3.653351e+02	7.923807e+01	4.299239e+01	1.305289e+02
660	2.006079e+01	2.661077e+03	4.668716e+02	3.675392e+02	7.905392e+01	4.285920e+01	1.324181e+02
661	2.009119e+01	2.681841e+03	4.676691e+02	3.699362e+02	7.953706e+01	4.293125e+01	1.345778e+02
662	2.012158e+01	2.675242e+03	4.680200e+02	3.719755e+02	7.940504e+01	4.289683e+01	1.365883e+02
663	2.015198e+01	2.688384e+03	4.685552e+02	3.743592e+02	7.954106e+01	4.303384e+01	1.387045e+02
664	2.018237e+01	2.683682e+03	4.691032e+02	3.767875e+02	7.954553e+01	4.295616e+01	1.408109e+02
665	2.021277e+01	2.699252e+03	4.694236e+02	3.788815e+02	7.993845e+01	4.299301e+01	1.419265e+02
666	2.024316e+01	2.680507e+03	4.698832e+02	3.812966e+02	7.965018e+01	4.284897e+01	1.441349e+02
667	2.027356e+01	2.700215e+03	4.700373e+02	3.836668e+02	7.979761e+01	4.308426e+01	1.459198e+02
668	2.030395e+01	2.696543e+03	4.702520e+02	3.860229e+02	7.998722e+01	4.292368e+01	1.476964e+02
669	2.033435e+01	2.689482e+03	4.702633e+02	3.881515e+02	7.974088e+01	4.294353e+01	1.497620e+02
670	2.036474e+01	2.678754e+03	4.702227e+02	3.903774e+02	7.947077e+01	4.291760e+01	1.514301e+02
671	2.039514e+01	2.687601e+03	4.699644e+02	3.923362e+02	7.991486e+01	4.282006e+01	1.542333e+02
672	2.042553e+01	2.707910e+03	4.697504e+02	3.946559e+02	7.978101e+01	4.321603e+01	1.563421e+02
673	2.045593e+01	2.707422e+03	4.694043e+02	3.969382e+02	7.996294e+01	4.310993e+01	1.590591e+02
674	2.048632e+01	2.699172e+03	4.689573e+02	3.991519e+02	7.984046e+01	4.304450e+01	1.609682e+02
675	2.051672e+01	2.697430e+03	4.685268e+02	4.013458e+02	7.991642e+01	4.297584e+01	1.631653e+02
676	2.054711e+01	2.699209e+03	4.677859e+02	4.034964e+02	7.973631e+01	4.310131e+01	1.658791e+02
677	2.057751e+01	2.707128e+03	4.672659e+02	4.057046e+02	7.993607e+01	4.311974e+01	1.680013e+02
678	2.060790e+01	2.698368e+03	4.665334e+02	4.080625e+02	8.006179e+01	4.291272e+01	1.699986e+02
679	2.063830e+01	2.694938e+03	4.656783e+02	4.101105e+02	7.968751e+01	4.305947e+01	1.719249e+02
680	2.066869e+01	2.667234e+03	4.647829e+02	4.123468e+02	7.888897e+01	4.304819e+01	1.730391e+02
681	2.069909e+01	2.698088e+03	4.638665e+02	4.141538e+02	7.908585e+01	4.343776e+01	1.760712e+02
682	2.072948e+01	2.700593e+03	4.627471e+02	4.161492e+02	7.931226e+01	4.335397e+01	1.780425e+02
683	2.075988e+01	2.702881e+03	4.612819e+02	4.178165e+02	7.957067e+01	4.324979e+01	3.650627e-01
684	2.079027e+01	2.698010e+03	4.601944e+02	4.198255e+02	7.948223e+01	4.321989e+01	2.932007e+00
685	2.082067e+01	2.710987e+03	4.589857e+02	4.214319e+02	7.960156e+01	4.336266e+01	5.700046e+00
686	2.085106e+01	2.698901e+03	4.577095e+02	4.233103e+02	7.961697e+01	4.316098e+01	7.358265e+00
687	2.088146e+01	2.701141e+03	4.563809e+02	4.249217e+02	7.945707e+01	4.328374e+01	1.016754e+01
688	2.091185e+01	2.716560e+03	4.550187e+02	4.265880e+02	7.977515e+01	4.335725e+01	1.264936e+01
689	2.094225e+01	2.695837e+03	4.535340e+02	4.283066e+02	7.915688e+01	4.336258e+01	1.491076e+01
690	2.097264e+01	2.728818e+03	4.520011e+02	4.296556e+02	7.966923e+01	4.361080e+01	1.816140e+01
691	2.100304e+01	2.708473e+03	4.503114e+02	4.310242e+02	7.955901e+01	4.334563e+01	2.074679e+01
692	2.103343e+01	2.713833e+03	4.487272e+02	4.320356e+02	7.974390e+01	4.333070e+01	2.306253e+01
693	2.106383e+01	2.716692e+03	4.468946e+02	4.333867e+02	7.986702e+01	4.330949e+01	2.483225e+01
694	2.109422e+01	2.716307e+03	4.449819e+02	4.345630e+02	7.985677e+01	4.330891e+01	2.759517e+01
695	2.112462e+01	2.727999e+03	4.431258e+02	4.354936e+02	7.999003e+01	4.342286e+01	3.066052e+01
696	2.115502e+01	2.719734e+03	4.413152e+02	4.363287e+02	7.966390e+01	4.346853e+01	3.300731e+01
697	2.118541e+01	2.718006e+03	4.392763e+02	4.372020e+02	7.956442e+01	4.349523e+01	3.583193e+01
698	2.121581e+01	2.719854e+03	4.374097e+02	4.379210e+02	7.998753e+01	4.329456e+01	3.824770e+01
699	2.124620e+01	2.710708e+03	4.353716e+02	4.385653e+02	7.983547e+01	4.323116e+01	4.040775e+01
700	2.127660e+01	2.725087e+03	4.331107e+02	4.390365e+02	7.952512e+01	4.363010e+01	4.286161e+01
701	2.130699e+01	2.722961e+03	4.309248e+02	4.396507e+02	8.026878e+01	4.319216e+01	4.527352e+01
702	2.133739e+01	2.720276e+03	4.289192e+02	4.399310e+02	8.001086e+01	4.328866e+01	4.778142e+01
703	2.136778e+01	2.717939e+03	4.268596e+02	4.399896e+02	8.006836e+01	4.322042e+01	5.041666e+01
704	2.139818e+01	2.728611e+03	4.246608e+02	4.402242e+02	8.022575e+01	4.330498e+01	5.266464e+01
705	2.142857e+01	2.719737e+03	4.223661e+02	4.404027e+02	8.042591e+01	4.305672e+01	5.499600e+01
706	2.145897e+01	2.713778e+03	4.202077e+02	4.403204e+02	8.035994e+01	4.299767e+01	5.736321e+01
707	2.148936e+01	2.705832e+03	4.179698e+02	4.401722e+02	8.028351e+01	4.291258e+01	5.957153e+01
708	2.151976e+01	2.708818e+03	4.157916e+02	4.398858e+02	8.045178e+01	4.287007e+01	6.185744e+01
709	2.155015e+01	2.715413e+03	4.134114e+02	4.396412e+02	8.083730e+01	4.276950e+01	6.407096e+01
710	2.158055e+01	2.698995e+03	4.114241e+02	4.390632e+02	8.038197e+01	4.275171e+01	6.637434e+01
711	2.161094e+01	2.697700e+03	4.092398e+02	4.388064e+02	8.069764e+01	4.256406e+01	6.843530e+01
712	2.164134e+01	2.705807e+03	4.071932e+02	4.382260e+02	8.083506e+01	4.261939e+01	7.027567e+01
713	2.167173e+01	2.703520e+03	4.051002e+02	4.374365e+02	8.099215e+01	4.250077e+01	7.258813e+01
714	2.170213e+01	2.704852e+03	4.028094e+02	4.368004e+02	8.098066e+01	4.252774e+01	7.464019e+01
715	2.173252e+01	2.713956e+03	4.006043e+02	4.361012e+02	8.130976e+01	4.249817e+01	7.628064e+01
716	2.176292e+01	2.703602e+03	3.986642e+02	4.352120e+02	8.093979e+01	4.252955e+01	7.832861e+01
717	2.179331e+01	2.705174e+03	3.966992e+02	4.342886e+02	8.150502e+01	4.225916e+01	8.007803e+01
718	2.182371e+01	2.687856e+03	3.949143e+02	4.332933e+02	8.098608e+01	4.225770e+01	8.289366e+01
719	2.185410e+01	2.681338e+03	3.930607e+02	4.321794e+02	8.104417e+01	4.212500e+01	8.487943e+01
720	2.188450e+01	2.692494e+03	3.909435e+02	4.309582e+02	8.092785e+01	4.236107e+01	8.700810e+01
721	2.191489e+01	2.698412e+03	3.894220e+02	4.297581e+02	8.127486e+01	4.227291e+01	8.943433e+01
722	2.194529e+01	2.693543e+03	3.874682e+02	4.284892e+02	8.130648e+01	4.218022e+01	9.166900e+01
723	2.197568e+01	2.682258e+03	3.856567e+02	4.269915e+02	8.086520e+01	4.223271e+01	9.356628e+01
724	2.200608e+01	2.695172e+03	3.840539e+02	4.256793e+02	8.092039e+01	4.240711e+01	9.522793e+01
725	2.203647e+01	2.697504e+03	3.826099e+02	4.241729e+02	8.115093e+01	4.232322e+01	9.716628e+01
726	2.206687e+01	2.691270e+03	3.810765e+02	4.224337e+02	8.080120e+01	4.240817e+01	9.930384e+01
727	2.209726e+01	2.694728e+03	3.794870e+02	4.206924e+02	8.085762e+01	4.243304e+01	1.016451e+02
728	2.212766e+01	2.704305e+03	3.781012e+02	4.191166e+02	8.075789e+01	4.263643e+01	1.037218e+02
729	2.215805e+01	2.694188e+03	3.767747e+02	4.174173e+02	8.052213e+01	4.260130e+01	1.057007e+02
730	2.218845e+01	2.709893e+03	3.753238e+02	4.158360e+02	8.071449e+01	4.274751e+01	1.078822e+02
731	2.221884e+01	2.697470e+03	3.740014e+02	4.143112e+02	8.028728e+01	4.277795e+01	1.096410e+02
732	2.224924e+01	2.704442e+03	3.728557e+02	4.124044e+02	8.022837e+01	4.292002e+01	1.116356e+02
733	2.227964e+01	2.712560e+03	3.717659e+02	4.105709e+02	8.063640e+01	4.283101e+01	1.136707e+02
734	2.231003e+01	2.720065e+03	3.706164e+02	4.085763e+02	8.088715e+01	4.281638e+01	1.153059e+02
735	2.234043e+01	2.709422e+03	3.697002e+02	4.067003e+02	8.035508e+01	4.293124e+01	1.176594e+02
736	2.237082e+01	2.699822e+03	3.688465e+02	4.046940e+02	7.995472e+01	4.299333e+01	1.205306e+02
737	2.240122e+01	2.702444e+03	3.679328e+02	4.028430e+02	8.012502e+01	4.294362e+01	1.222733e+02
738	2.243161e+01	2.703792e+03	3.670457e+02	4.006311e+02	8.005231e+01	4.300406e+01	1.244893e+02
739	2.246201e+01	2.718465e+03	3.663280e+02	3.986468e+02	8.015022e+01	4.318462e+01	1.265982e+02
740	2.249240e+01	2.700393e+03	3.658320e+02	3.967012e+02	7.983849e+01	4.306504e+01	1.284330e+02
741	2.252280e+01	2.711960e+03	3.652406e+02	3.943884e+02	7.983428e+01	4.325179e+01	1.301875e+02
742	2.255319e+01	2.681575e+03	3.648210e+02	3.923835e+02	7.938191e+01	4.301089e+01	1.324433e+02
743	2.258359e+01	2.714482e+03	3.642680e+02	3.902924e+02	7.941681e+01	4.351958e+01	1.343605e+02
744	2.261398e+01	2.701078e+03	3.640791e+02	3.880298e+02	7.963578e+01	4.318560e+01	1.366996e+02
745	2.264438e+01	2.705038e+03	3.639742e+02	3.858364e+02	7.976753e+01	4.317749e+01	1.397119e+02
746	2.267477e+01	2.713722e+03	3.635930e+02	3.834033e+02	7.956849e+01	4.342446e+01	1.416307e+02
747	2.270517e+01	2.712546e+03	3.634782e+02	3.811186e+02	7.976685e+01	4.329770e+01	1.434374e+02
748	2.273556e+01	2.704132e+03	3.632571e+02	3.791437e+02	7.950590e+01	4.330507e+01	1.455413e+02
749	2.276596e+01	2.697565e+03	3.632057e+02	3.769792e+02	7.957480e+01	4.316249e+01	1.477849e+02
750	2.279635e+01	2.688153e+03	3.636400e+02	3.750952e+02	7.931754e+01	4.315139e+01	1.501614e+02
751	2.282675e+01	2.709684e+03	3.638015e+02	3.725646e+02	7.967735e+01	4.330061e+01	1.529618e+02
752	2.285714e+01	2.693189e+03	3.642180e+02	3.706087e+02	7.957976e+01	4.308979e+01	1.552200e+02
753	2.288754e+01	2.724461e+03	3.644799e+02	3.682057e+02	7.953512e+01	4.361459e+01	1.568034e+02
754	2.291793e+01	2.698414e+03	3.648243e+02	3.663860e+02	7.990159e+01	4.299949e+01	1.586583e+02
755	2.294833e+01	2.686384e+03	3.651668e+02	3.645485e+02	7.962381e+01	4.295713e+01	1.601382e+02
756	2.297872e+01	2.704868e+03	3.656587e+02	3.621899e+02	7.996877e+01	4.306613e+01	1.620430e+02
757	2.300912e+01	2.700247e+03	3.664981e+02	3.604337e+02	7.988383e+01	4.303826e+01	1.643411e+02
758	2.303951e+01	2.714546e+03	3.670374e+02	3.582497e+02	7.992682e+01	4.324290e+01	1.671177e+02
759	2.306991e+01	2.696306e+03	3.678530e+02	3.562346e+02	7.971138e+01	4.306842e+01	1.694139e+02
760	2.310030e+01	2.673864e+03	3.689178e+02	3.546531e+02	7.883608e+01	4.318416e+01	1.714123e+02
761	2.313070e+01	2.705250e+03	3.698040e+02	3.528200e+02	7.905800e+01	4.356841e+01	1.739278e+02
762	2.316109e+01	2.685123e+03	3.707216e+02	3.508297e+02	7.926218e+01	4.313287e+01	1.760597e+02
763	2.319149e+01	2.672936e+03	3.719109e+02	3.493776e+02	7.906641e+01	4.304341e+01	1.782854e+02
764	2.322188e+01	2.682333e+03	3.729970e+02	3.477196e+02	7.895920e+01	4.325338e+01	1.105735e+00
765	2.325228e+01	2.677115e+03	3.746370e+02	3.458593e+02	7.908624e+01	4.309990e+01	3.098150e+00
766	2.328267e+01	2.684223e+03	3.760426e+02	3.441665e+02	7.896349e+01	4.328151e+01	6.065600e+00
767	2.331307e+01	2.696107e+03	3.775203e+02	3.424713e+02	7.901669e+01	4.344386e+01	8.329768e+00
768	2.334347e+01	2.670135e+03	3.791834e+02	3.410280e+02	7.900471e+01	4.303188e+01	1.074543e+01
769	2.337386e+01	2.691937e+03	3.808170e+02	3.396170e+02	7.906101e+01	4.335235e+01	1.349129e+01
770	2.340426e+01	2.717643e+03	3.824199e+02	3.383025e+02	7.944469e+01	4.355495e+01	1.696682e+01
771	2.343465e+01	2.665309e+03	3.843070e+02	3.369512e+02	7.895114e+01	4.298326e+01	1.858684e+01
772	2.346505e+01	2.697663e+03	3.859090e+02	3.357982e+02	7.869909e+01	4.364436e+01	2.179075e+01
773	2.349544e+01	2.657399e+03	3.880370e+02	3.345442e+02	7.871248e+01	4.298562e+01	2.345482e+01
774	2.352584e+01	2.678305e+03	3.900517e+02	3.332851e+02	7.934418e+01	4.297887e+01	2.625474e+01
775	2.355623e+01	2.653100e+03	3.921562e+02	3.322640e+02	7.871046e+01	4.291720e+01	2.836903e+01
776	2.358663e+01	2.658592e+03	3.943969e+02	3.316375e+02	7.831983e+01	4.322053e+01	3.174160e+01
777	2.361702e+01	2.661590e+03	3.963133e+02	3.308322e+02	7.827649e+01	4.329322e+01	3.433309e+01
778	2.364742e+01	2.661099e+03	3.983160e+02	3.301928e+02	7.828842e+01	4.327865e+01	3.691822e+01
779	2.367781e+01	2.691421e+03	4.005496e+02	3.293044e+02	7.845283e+01	4.368005e+01	3.891460e+01
780	2.370821e+01	2.663797e+03	4.027046e+02	3.288652e+02	7.857639e+01	4.316374e+01	4.111687e+01
781	2.373860e+01	2.640028e+03	4.046415e+02	3.286280e+02	7.802927e+01	4.307856e+01	4.374138e+01
782	2.376900e+01	2.650558e+03	4.071140e+02	3.280629e+02	7.828804e+01	4.310742e+01	4.548890e+01
783	2.379939e+01	2.618227e+03	4.088709e+02	3.282358e+02	7.772071e+01	4.289243e+01	4.884490e+01
784	2.382979e+01	2.635385e+03	4.111218e+02	3.279722e+02	7.825196e+01	4.288041e+01	5.096159e+01
785	2.386018e+01	2.631861e+03	4.132290e+02	3.279850e+02	7.804910e+01	4.293438e+01	5.358351e+01
786	2.389058e+01	2.624860e+03	4.153683e+02	3.281090e+02	7.781967e+01	4.294641e+01	5.633691e+01
787	2.392097e+01	2.632571e+03	4.176393e+02	3.281595e+02	7.854081e+01	4.267710e+01	5.826445e+01
788	2.395137e+01	2.630151e+03	4.198870e+02	3.282860e+02	7.866413e+01	4.257102e+01	6.086045e+01
789	2.398176e+01	2.639445e+03	4.219574e+02	3.285518e+02	7.862025e+01	4.274529e+01	6.309590e+01
790	2.401216e+01	2.668086e+03	4.236293e+02	3.288345e+02	7.893678e+01	4.303587e+01	6.715670e+01
791	2.404255e+01	2.629801e+03	4.262968e+02	3.293638e+02	7.901538e+01	4.237613e+01	6.762017e+01
792	2.407295e+01	2.627291e+03	4.284562e+02	3.299787e+02	7.903581e+01	4.232475e+01	7.029137e+01
793	2.410334e+01	2.625395e+03	4.307389e+02	3.305581e+02	7.895222e+01	4.233899e+01	7.213741e+01
794	2.413374e+01	2.614504e+03	4.327981e+02	3.313114e+02	7.888271e+01	4.220049e+01	7.496209e+01
795	2.416413e+01	2.615746e+03	4.350251e+02	3.322779e+02	7.873173e+01	4.230151e+01	7.722038e+01
796	2.419453e+01	2.621346e+03	4.368986e+02	3.331595e+02	7.916243e+01	4.216144e+01	7.970124e+01
797	2.422492e+01	2.609146e+03	4.390172e+02	3.342075e+02	7.883392e+01	4.214009e+01	8.233691e+01
798	2.425532e+01	2.629007e+03	4.410582e+02	3.352555e+02	7.939126e+01	4.216278e+01	8.444723e+01
799	2.428571e+01	2.636239e+03	4.431453e+02	3.363052e+02	7.959214e+01	4.217205e+01	8.677026e+01
