1	3.035823e-02	2.685075e+03	4.475075e+02	3.941087e+02	8.034745e+01	4.254950e+01	6.735854e+01
2	6.071645e-02	2.713280e+03	4.472797e+02	3.937660e+02	8.105060e+01	4.262344e+01	6.677611e+01
3	9.107468e-02	2.690224e+03	4.474887e+02	3.932546e+02	8.011192e+01	4.275642e+01	6.515000e+01
4	1.214329e-01	2.696744e+03	4.475724e+02	3.928499e+02	7.967682e+01	4.309410e+01	6.427668e+01
5	1.517911e-01	2.683939e+03	4.477098e+02	3.923642e+02	7.969740e+01	4.287840e+01	6.330882e+01
6	1.821494e-01	2.686374e+03	4.477776e+02	3.918836e+02	7.952850e+01	4.300846e+01	6.216869e+01
7	2.125076e-01	2.686050e+03	4.476852e+02	3.914682e+02	7.964356e+01	4.294114e+01	6.115945e+01
8	2.428658e-01	2.681643e+03	4.478675e+02	3.909783e+02	7.942114e+01	4.299075e+01	6.007293e+01
9	2.732240e-01	2.684025e+03	4.478837e+02	3.906187e+02	7.940928e+01	4.303535e+01	5.889935e+01
10	3.035823e-01	2.689603e+03	4.479661e+02	3.901730e+02	7.967583e+01	4.298052e+01	5.799230e+01
11	3.339405e-01	2.683087e+03	4.480779e+02	3.897231e+02	7.962305e+01	4.290482e+01	5.728790e+01
12	3.642987e-01	2.686102e+03	4.479783e+02	3.894253e+02	7.973009e+01	4.289536e+01	5.625915e+01
13	3.946570e-01	2.683850e+03	4.480293e+02	3.889705e+02	7.957754e+01	4.294157e+01	5.517413e+01
14	4.250152e-01	2.692379e+03	4.481593e+02	3.885107e+02	7.969969e+01	4.301201e+01	5.394189e+01
15	4.553734e-01	2.703019e+03	4.481943e+02	3.879549e+02	7.978759e+01	4.313441e+01	5.281300e+01
16	4.857316e-01	2.694757e+03	4.480210e+02	3.875659e+02	7.951884e+01	4.314790e+01	5.190644e+01
17	5.160899e-01	2.694497e+03	4.481609e+02	3.869732e+02	7.948988e+01	4.315945e+01	5.091884e+01
18	5.464481e-01	2.707980e+03	4.480890e+02	3.865441e+02	7.967208e+01	4.327622e+01	5.005439e+01
19	5.768063e-01	2.711074e+03	4.482564e+02	3.859780e+02	7.958636e+01	4.337234e+01	4.830535e+01
20	6.071645e-01	2.726243e+03	4.481129e+02	3.857213e+02	8.045379e+01	4.314477e+01	4.773755e+01
21	6.375228e-01	2.706634e+03	4.479018e+02	3.852879e+02	7.947782e+01	4.336045e+01	4.637291e+01
22	6.678810e-01	2.705828e+03	4.480654e+02	3.847169e+02	7.924528e+01	4.347473e+01	4.532293e+01
23	6.982392e-01	2.697377e+03	4.480821e+02	3.843313e+02	7.958102e+01	4.315611e+01	4.494589e+01
24	7.285974e-01	2.718603e+03	4.479103e+02	3.838717e+02	7.961342e+01	4.347800e+01	4.390737e+01
25	7.589557e-01	2.695008e+03	4.479777e+02	3.833950e+02	7.910245e+01	4.337907e+01	4.244427e+01
26	7.893139e-01	2.695371e+03	4.479040e+02	3.829180e+02	7.936452e+01	4.324165e+01	4.146007e+01
27	8.196721e-01	2.694164e+03	4.478020e+02	3.826377e+02	7.920037e+01	4.331186e+01	4.038325e+01
28	8.500304e-01	2.700435e+03	4.477319e+02	3.821686e+02	7.921688e+01	4.340364e+01	3.969865e+01
29	8.803886e-01	2.700314e+03	4.475896e+02	3.818979e+02	7.896420e+01	4.354058e+01	3.894592e+01
30	9.107468e-01	2.696732e+03	4.474653e+02	3.815318e+02	7.901183e+01	4.345660e+01	3.777049e+01
31	9.411050e-01	2.701618e+03	4.476302e+02	3.807721e+02	7.934595e+01	4.335201e+01	3.654064e+01
32	9.714633e-01	2.709174e+03	4.473094e+02	3.805973e+02	7.958708e+01	4.334156e+01	3.602454e+01
33	1.001821e+00	2.699853e+03	4.473727e+02	3.799910e+02	7.914799e+01	4.343205e+01	3.431318e+01
34	1.032180e+00	2.689231e+03	4.471162e+02	3.796259e+02	7.882436e+01	4.343879e+01	3.329902e+01
35	1.062538e+00	2.691390e+03	4.469292e+02	3.793074e+02	7.861158e+01	4.359134e+01	3.237508e+01
36	1.092896e+00	2.694366e+03	4.468317e+02	3.788268e+02	7.905296e+01	4.339588e+01	3.124247e+01
37	1.123254e+00	2.700955e+03	4.466753e+02	3.783784e+02	7.923004e+01	4.340479e+01	3.015474e+01
38	1.153613e+00	2.701331e+03	4.465058e+02	3.779419e+02	7.909406e+01	4.348545e+01	2.926664e+01
39	1.183971e+00	2.685800e+03	4.463854e+02	3.774416e+02	7.890309e+01	4.334008e+01	2.779640e+01
40	1.214329e+00	2.704970e+03	4.461386e+02	3.768394e+02	7.874142e+01	4.373905e+01	2.686041e+01
41	1.244687e+00	2.700594e+03	4.459535e+02	3.766735e+02	7.921682e+01	4.340622e+01	2.562376e+01
42	1.275046e+00	2.700777e+03	4.457569e+02	3.762859e+02	7.886599e+01	4.360226e+01	2.480234e+01
43	1.305404e+00	2.699628e+03	4.456796e+02	3.758937e+02	7.904082e+01	4.348732e+01	2.322175e+01
44	1.335762e+00	2.695240e+03	4.454334e+02	3.754462e+02	7.904347e+01	4.341518e+01	2.211439e+01
45	1.366120e+00	2.710993e+03	4.452910e+02	3.748896e+02	7.922740e+01	4.356754e+01	2.101471e+01
46	1.396478e+00	2.703202e+03	4.450497e+02	3.746631e+02	7.912918e+01	4.349626e+01	1.983231e+01
47	1.426837e+00	2.708358e+03	4.448435e+02	3.742437e+02	7.949482e+01	4.337878e+01	1.898293e+01
48	1.457195e+00	2.698881e+03	4.445442e+02	3.740839e+02	7.887697e+01	4.356559e+01	1.780749e+01
49	1.487553e+00	2.710551e+03	4.441757e+02	3.736927e+02	7.875974e+01	4.381911e+01	1.637330e+01
50	1.517911e+00	2.705769e+03	4.438936e+02	3.734001e+02	7.914297e+01	4.352998e+01	1.609240e+01
51	1.548270e+00	2.692830e+03	4.438006e+02	3.730802e+02	7.912355e+01	4.333246e+01	1.499159e+01
52	1.578628e+00	2.696189e+03	4.435195e+02	3.727352e+02	7.888740e+01	4.351639e+01	1.398043e+01
53	1.608986e+00	2.678388e+03	4.432973e+02	3.724977e+02	7.878837e+01	4.328341e+01	1.258358e+01
54	1.639344e+00	2.708686e+03	4.429689e+02	3.720361e+02	7.887678e+01	4.372398e+01	1.172334e+01
55	1.669702e+00	2.710199e+03	4.425980e+02	3.717132e+02	7.885332e+01	4.376142e+01	1.048714e+01
56	1.700061e+00	2.694297e+03	4.424807e+02	3.712786e+02	7.894057e+01	4.345655e+01	9.459326e+00
57	1.730419e+00	2.700405e+03	4.420878e+02	3.708543e+02	7.915683e+01	4.343608e+01	8.138392e+00
58	1.760777e+00	2.710570e+03	4.419383e+02	3.706025e+02	7.930109e+01	4.352027e+01	7.542715e+00
59	1.791135e+00	2.700430e+03	4.415857e+02	3.702519e+02	7.905422e+01	4.349286e+01	6.298957e+00
60	1.821494e+00	2.703231e+03	4.413283e+02	3.699077e+02	7.933940e+01	4.338148e+01	5.464472e+00
61	1.851852e+00	2.719610e+03	4.409091e+02	3.694341e+02	7.927805e+01	4.367812e+01	4.156919e+00
62	1.882210e+00	2.709327e+03	4.406239e+02	3.691858e+02	7.934962e+01	4.347372e+01	3.177319e+00
63	1.912568e+00	2.699177e+03	4.403492e+02	3.689836e+02	7.934257e+01	4.331470e+01	2.248125e+00
64	1.942927e+00	2.701860e+03	4.400591e+02	3.687130e+02	7.875581e+01	4.368078e+01	1.353173e+00
65	1.973285e+00	2.708625e+03	4.396361e+02	3.684723e+02	7.972430e+01	4.325819e+01	3.476208e-01
66	2.003643e+00	2.730254e+03	4.391307e+02	3.680726e+02	7.918423e+01	4.390100e+01	1.790891e+02
67	2.034001e+00	2.708586e+03	4.389580e+02	3.679751e+02	7.906352e+01	4.361909e+01	1.788233e+02
68	2.064359e+00	2.709276e+03	4.385734e+02	3.675672e+02	7.917782e+01	4.356722e+01	1.772900e+02
69	2.094718e+00	2.716405e+03	4.382080e+02	3.673865e+02	7.943205e+01	4.354204e+01	1.760575e+02
70	2.125076e+00	2.701154e+03	4.378627e+02	3.671743e+02	7.897751e+01	4.354678e+01	1.750839e+02
71	2.155434e+00	2.696134e+03	4.374648e+02	3.669636e+02	7.893417e+01	4.348971e+01	1.742547e+02
72	2.185792e+00	2.702277e+03	4.370777e+02	3.667778e+02	7.909256e+01	4.350151e+01	1.728600e+02
73	2.216151e+00	2.692451e+03	4.367693e+02	3.667832e+02	7.893859e+01	4.342787e+01	1.717918e+02
74	2.246509e+00	2.692988e+03	4.362141e+02	3.665086e+02	7.907292e+01	4.336274e+01	1.708406e+02
75	2.276867e+00	2.694455e+03	4.360169e+02	3.662400e+02	7.927575e+01	4.327536e+01	1.701406e+02
76	2.307225e+00	2.698579e+03	4.356313e+02	3.662278e+02	7.914032e+01	4.341576e+01	1.688786e+02
77	2.337583e+00	2.767834e+03	4.349610e+02	3.666214e+02	7.892772e+01	4.464991e+01	1.696965e+02
78	2.367942e+00	2.705044e+03	4.348971e+02	3.658226e+02	7.915842e+01	4.350982e+01	1.670847e+02
79	2.398300e+00	2.688293e+03	4.346440e+02	3.658256e+02	7.895231e+01	4.335327e+01	1.661528e+02
80	2.428658e+00	2.695549e+03	4.340860e+02	3.655594e+02	7.902908e+01	4.342805e+01	1.646785e+02
81	2.459016e+00	2.698948e+03	4.337206e+02	3.654512e+02	7.916814e+01	4.340644e+01	1.637862e+02
82	2.489375e+00	2.697340e+03	4.332773e+02	3.653034e+02	7.927786e+01	4.332053e+01	1.624974e+02
83	2.519733e+00	2.689111e+03	4.329008e+02	3.654118e+02	7.890999e+01	4.338972e+01	1.615733e+02
84	2.550091e+00	2.693832e+03	4.324690e+02	3.653161e+02	7.890050e+01	4.347113e+01	1.600471e+02
85	2.580449e+00	2.689073e+03	4.321493e+02	3.652219e+02	7.897456e+01	4.335363e+01	1.589855e+02
86	2.610808e+00	2.721555e+03	4.314788e+02	3.652495e+02	7.876009e+01	4.399680e+01	1.578186e+02
87	2.641166e+00	2.679876e+03	4.313206e+02	3.651280e+02	7.857436e+01	4.342541e+01	1.570995e+02
88	2.671524e+00	2.689163e+03	4.307200e+02	3.648605e+02	7.898405e+01	4.334987e+01	1.561931e+02
89	2.701882e+00	2.692958e+03	4.303708e+02	3.648102e+02	7.900665e+01	4.339862e+01	1.551040e+02
90	2.732240e+00	2.696417e+03	4.299633e+02	3.648370e+02	7.929571e+01	4.329597e+01	1.541411e+02
91	2.762599e+00	2.708218e+03	4.294546e+02	3.649453e+02	7.908572e+01	4.360092e+01	1.523663e+02
92	2.792957e+00	2.698060e+03	4.292556e+02	3.649853e+02	7.911476e+01	4.342144e+01	1.521723e+02
93	2.823315e+00	2.696427e+03	4.287173e+02	3.649456e+02	7.925718e+01	4.331717e+01	1.506689e+02
94	2.853673e+00	2.704514e+03	4.283244e+02	3.648742e+02	7.938824e+01	4.337537e+01	1.491414e+02
95	2.884032e+00	2.715522e+03	4.278227e+02	3.647796e+02	7.963831e+01	4.341516e+01	1.478760e+02
96	2.914390e+00	2.689977e+03	4.275491e+02	3.650107e+02	7.898042e+01	4.336499e+01	1.475805e+02
97	2.944748e+00	2.682031e+03	4.269627e+02	3.648714e+02	7.886507e+01	4.330013e+01	1.465376e+02
98	2.975106e+00	2.687630e+03	4.265514e+02	3.648518e+02	7.910114e+01	4.326103e+01	1.455048e+02
99	3.005464e+00	2.682313e+03	4.262351e+02	3.650780e+02	7.887450e+01	4.329951e+01	1.441014e+02
100	3.035823e+00	2.689448e+03	4.257586e+02	3.650234e+02	7.916668e+01	4.325446e+01	1.433380e+02
101	3.066181e+00	2.695117e+03	4.254570e+02	3.651432e+02	7.911266e+01	4.337523e+01	1.422367e+02
102	3.096539e+00	2.695259e+03	4.250949e+02	3.652888e+02	7.890235e+01	4.349313e+01	1.411249e+02
103	3.126897e+00	2.681798e+03	4.246566e+02	3.653432e+02	7.912834e+01	4.315232e+01	1.400325e+02
104	3.157256e+00	2.704981e+03	4.241801e+02	3.652829e+02	7.958961e+01	4.327309e+01	1.389038e+02
105	3.187614e+00	2.678021e+03	4.237538e+02	3.654500e+02	7.916451e+01	4.307186e+01	1.378747e+02
106	3.217972e+00	2.693230e+03	4.234241e+02	3.655096e+02	7.922386e+01	4.328402e+01	1.367590e+02
107	3.248330e+00	2.678107e+03	4.229356e+02	3.655053e+02	7.903815e+01	4.314210e+01	1.359807e+02
108	3.278689e+00	2.671489e+03	4.224785e+02	3.655614e+02	7.891903e+01	4.310045e+01	1.347543e+02
109	3.309047e+00	2.679269e+03	4.220472e+02	3.656315e+02	7.949283e+01	4.291394e+01	1.333010e+02
110	3.339405e+00	2.670052e+03	4.217049e+02	3.658213e+02	7.909996e+01	4.297873e+01	1.325296e+02
111	3.369763e+00	2.672041e+03	4.212914e+02	3.658361e+02	7.918314e+01	4.296556e+01	1.315278e+02
112	3.400121e+00	2.701017e+03	4.205456e+02	3.658726e+02	8.000096e+01	4.298750e+01	1.301409e+02
113	3.430480e+00	2.687837e+03	4.203615e+02	3.660449e+02	7.959930e+01	4.299360e+01	1.295662e+02
114	3.460838e+00	2.683894e+03	4.200255e+02	3.663639e+02	7.955402e+01	4.295496e+01	1.285528e+02
115	3.491196e+00	2.682982e+03	4.196596e+02	3.664639e+02	7.955096e+01	4.294202e+01	1.275163e+02
116	3.521554e+00	2.694595e+03	4.192873e+02	3.666074e+02	7.988831e+01	4.294577e+01	1.264614e+02
117	3.551913e+00	2.669038e+03	4.187911e+02	3.666466e+02	7.918410e+01	4.291676e+01	1.256050e+02
118	3.582271e+00	2.679033e+03	4.182649e+02	3.668072e+02	7.941457e+01	4.295245e+01	1.242323e+02
119	3.612629e+00	2.664227e+03	4.180067e+02	3.670888e+02	7.926365e+01	4.279641e+01	1.232693e+02
120	3.642987e+00	2.672736e+03	4.176037e+02	3.672861e+02	7.965792e+01	4.272058e+01	1.222195e+02
121	3.673345e+00	2.674018e+03	4.171813e+02	3.674652e+02	7.967808e+01	4.273026e+01	1.207336e+02
122	3.703704e+00	2.669718e+03	4.168908e+02	3.676321e+02	7.954762e+01	4.273153e+01	1.195112e+02
123	3.734062e+00	2.664640e+03	4.164519e+02	3.677287e+02	7.957780e+01	4.263406e+01	1.187280e+02
124	3.764420e+00	2.656132e+03	4.159908e+02	3.679593e+02	7.930721e+01	4.264293e+01	1.171897e+02
125	3.794778e+00	2.656623e+03	4.156272e+02	3.681686e+02	7.930170e+01	4.265379e+01	1.163506e+02
126	3.825137e+00	2.661526e+03	4.152146e+02	3.683102e+02	7.975188e+01	4.249129e+01	1.153289e+02
127	3.855495e+00	2.672907e+03	4.148038e+02	3.685365e+02	7.981412e+01	4.263971e+01	1.144931e+02
128	3.885853e+00	2.672255e+03	4.145810e+02	3.688314e+02	8.014291e+01	4.245441e+01	1.134102e+02
129	3.916211e+00	2.670263e+03	4.142487e+02	3.690869e+02	8.003129e+01	4.248194e+01	1.124543e+02
130	3.946570e+00	2.671533e+03	4.137773e+02	3.692938e+02	8.011546e+01	4.245749e+01	1.116290e+02
131	3.976928e+00	2.667429e+03	4.134401e+02	3.695414e+02	7.994341e+01	4.248350e+01	1.108477e+02
132	4.007286e+00	2.670783e+03	4.130243e+02	3.698256e+02	8.025107e+01	4.237384e+01	1.094918e+02
133	4.037644e+00	2.669875e+03	4.127206e+02	3.701150e+02	8.010221e+01	4.243816e+01	1.088467e+02
134	4.068002e+00	2.661937e+03	4.124355e+02	3.704085e+02	7.988239e+01	4.242842e+01	1.073911e+02
135	4.098361e+00	2.677394e+03	4.120859e+02	3.707052e+02	8.041456e+01	4.239236e+01	1.064083e+02
136	4.128719e+00	2.660236e+03	4.118215e+02	3.709959e+02	7.993864e+01	4.237148e+01	1.054512e+02
137	4.159077e+00	2.665816e+03	4.113937e+02	3.712558e+02	8.020097e+01	4.232147e+01	1.045039e+02
138	4.189435e+00	2.675399e+03	4.109780e+02	3.715441e+02	8.031541e+01	4.241307e+01	1.036163e+02
139	4.219794e+00	2.669574e+03	4.107129e+02	3.717453e+02	8.018685e+01	4.238858e+01	1.028159e+02
140	4.250152e+00	2.675820e+03	4.101722e+02	3.720622e+02	8.096164e+01	4.208115e+01	1.015898e+02
141	4.280510e+00	2.655108e+03	4.098659e+02	3.723671e+02	8.015877e+01	4.217366e+01	1.004865e+02
142	4.310868e+00	2.663698e+03	4.095083e+02	3.727221e+02	8.032527e+01	4.222240e+01	9.929742e+01
143	4.341226e+00	2.656522e+03	4.092464e+02	3.730816e+02	8.028847e+01	4.212795e+01	9.856200e+01
144	4.371585e+00	2.669584e+03	4.087023e+02	3.733539e+02	8.084918e+01	4.204150e+01	9.740350e+01
145	4.401943e+00	2.677247e+03	4.083350e+02	3.736470e+02	8.066869e+01	4.225650e+01	9.673247e+01
146	4.432301e+00	2.668395e+03	4.083132e+02	3.740109e+02	8.057962e+01	4.216334e+01	9.587645e+01
147	4.462659e+00	2.661931e+03	4.079745e+02	3.743106e+02	8.032993e+01	4.219195e+01	9.480851e+01
148	4.493018e+00	2.669019e+03	4.075125e+02	3.747271e+02	8.093272e+01	4.198921e+01	9.379072e+01
149	4.523376e+00	2.665169e+03	4.073464e+02	3.750253e+02	8.054553e+01	4.213020e+01	9.277325e+01
150	4.553734e+00	2.655353e+03	4.071469e+02	3.754615e+02	8.017079e+01	4.217122e+01	9.152554e+01
151	4.584092e+00	2.666512e+03	4.067263e+02	3.758552e+02	8.067831e+01	4.208205e+01	9.049313e+01
152	4.614451e+00	2.657689e+03	4.065482e+02	3.762088e+02	8.078671e+01	4.188653e+01	8.949648e+01
153	4.644809e+00	2.675198e+03	4.060179e+02	3.765983e+02	8.121179e+01	4.194180e+01	8.879914e+01
154	4.675167e+00	2.669400e+03	4.059108e+02	3.769858e+02	8.088868e+01	4.201806e+01	8.744685e+01
155	4.705525e+00	2.655959e+03	4.057517e+02	3.774405e+02	8.072735e+01	4.189005e+01	8.618959e+01
156	4.735883e+00	2.665736e+03	4.053920e+02	3.777462e+02	8.093329e+01	4.193726e+01	8.522150e+01
157	4.766242e+00	2.664804e+03	4.051351e+02	3.780894e+02	8.073259e+01	4.202682e+01	8.421722e+01
158	4.796600e+00	2.672730e+03	4.050164e+02	3.784732e+02	8.075791e+01	4.213861e+01	8.290852e+01
159	4.826958e+00	2.660735e+03	4.047323e+02	3.788641e+02	8.099764e+01	4.182533e+01	8.194923e+01
160	4.857316e+00	2.659025e+03	4.044785e+02	3.792561e+02	8.043712e+01	4.208972e+01	8.103255e+01
161	4.887675e+00	2.649282e+03	4.042582e+02	3.797061e+02	8.042754e+01	4.194050e+01	7.962598e+01
162	4.918033e+00	2.652629e+03	4.041675e+02	3.801263e+02	8.072084e+01	4.184090e+01	7.888207e+01
163	4.948391e+00	2.644334e+03	4.036900e+02	3.806130e+02	8.024095e+01	4.195950e+01	7.767126e+01
164	4.978749e+00	2.644950e+03	4.037337e+02	3.809831e+02	8.032043e+01	4.192775e+01	7.693244e+01
165	5.009107e+00	2.651049e+03	4.035056e+02	3.813745e+02	8.016203e+01	4.210747e+01	7.569485e+01
166	5.039466e+00	2.663015e+03	4.032542e+02	3.817678e+02	8.054195e+01	4.209800e+01	7.439676e+01
167	5.069824e+00	2.654328e+03	4.031130e+02	3.821069e+02	8.046071e+01	4.200305e+01	7.367218e+01
168	5.100182e+00	2.665112e+03	4.030007e+02	3.825367e+02	8.047497e+01	4.216623e+01	7.243610e+01
169	5.130540e+00	2.670363e+03	4.026991e+02	3.829988e+02	8.049506e+01	4.223877e+01	7.138201e+01
170	5.160899e+00	2.651464e+03	4.026311e+02	3.835140e+02	8.029886e+01	4.204229e+01	7.049957e+01
171	5.191257e+00	2.662843e+03	4.025487e+02	3.839023e+02	8.050002e+01	4.211722e+01	6.934101e+01
172	5.221615e+00	2.663782e+03	4.024045e+02	3.843838e+02	8.045126e+01	4.215761e+01	6.852439e+01
173	5.251973e+00	2.665223e+03	4.021165e+02	3.849073e+02	8.011292e+01	4.235854e+01	6.692198e+01
174	5.282332e+00	2.655070e+03	4.021977e+02	3.852916e+02	7.992004e+01	4.229903e+01	6.587872e+01
175	5.312690e+00	2.651542e+03	4.019676e+02	3.857452e+02	7.988217e+01	4.226286e+01	6.447788e+01
176	5.343048e+00	2.667857e+03	4.020060e+02	3.862279e+02	8.009077e+01	4.241214e+01	6.350758e+01
177	5.373406e+00	2.668913e+03	4.018621e+02	3.866467e+02	7.973191e+01	4.261989e+01	6.233524e+01
178	5.403764e+00	2.662811e+03	4.016977e+02	3.871289e+02	7.971120e+01	4.253350e+01	6.091486e+01
179	5.434123e+00	2.659451e+03	4.016431e+02	3.876134e+02	7.969586e+01	4.248801e+01	5.999731e+01
180	5.464481e+00	2.682445e+03	4.015920e+02	3.881641e+02	8.007014e+01	4.265504e+01	5.905395e+01
181	5.494839e+00	2.667836e+03	4.013445e+02	3.886199e+02	7.958810e+01	4.267968e+01	5.771444e+01
182	5.525197e+00	2.671895e+03	4.015001e+02	3.890956e+02	8.002917e+01	4.250903e+01	5.682907e+01
183	5.555556e+00	2.674458e+03	4.013936e+02	3.897421e+02	7.990241e+01	4.261731e+01	5.537441e+01
184	5.585914e+00	2.681709e+03	4.013166e+02	3.901587e+02	7.982367e+01	4.277501e+01	5.465284e+01
185	5.616272e+00	2.688702e+03	4.013678e+02	3.906372e+02	8.021613e+01	4.267672e+01	5.339270e+01
186	5.646630e+00	2.675946e+03	4.013980e+02	3.909898e+02	7.975060e+01	4.272219e+01	5.242768e+01
187	5.676988e+00	2.669510e+03	4.013525e+02	3.914515e+02	7.965260e+01	4.267187e+01	5.091309e+01
188	5.707347e+00	2.684559e+03	4.014738e+02	3.919785e+02	7.979776e+01	4.283437e+01	4.993118e+01
189	5.737705e+00	2.757374e+03	4.005453e+02	3.927934e+02	8.040236e+01	4.366536e+01	5.048961e+01
190	5.768063e+00	2.684323e+03	4.015446e+02	3.930225e+02	7.962458e+01	4.292376e+01	4.744635e+01
191	5.798421e+00	2.686147e+03	4.011496e+02	3.937237e+02	7.944302e+01	4.305109e+01	4.653178e+01
192	5.828780e+00	2.689637e+03	4.015831e+02	3.940980e+02	7.971723e+01	4.295874e+01	4.567900e+01
193	5.859138e+00	2.668652e+03	4.017061e+02	3.945518e+02	7.942078e+01	4.278268e+01	4.437429e+01
194	5.889496e+00	2.682597e+03	4.017861e+02	3.950811e+02	7.973623e+01	4.283610e+01	4.308205e+01
195	5.919854e+00	2.664176e+03	4.016017e+02	3.957675e+02	7.910972e+01	4.287886e+01	4.170380e+01
196	5.950213e+00	2.686500e+03	4.020247e+02	3.962908e+02	7.959364e+01	4.297527e+01	4.073199e+01
197	5.980571e+00	2.691046e+03	4.023192e+02	3.967363e+02	7.967838e+01	4.300220e+01	4.002427e+01
198	6.010929e+00	2.678483e+03	4.022519e+02	3.972687e+02	7.930928e+01	4.300064e+01	3.870354e+01
199	6.041287e+00	2.687958e+03	4.022311e+02	3.978275e+02	7.953441e+01	4.303061e+01	3.738657e+01
200	6.071645e+00	2.684806e+03	4.026405e+02	3.980673e+02	7.962562e+01	4.293093e+01	3.728965e+01
201	6.102004e+00	2.679854e+03	4.026096e+02	3.986530e+02	7.929948e+01	4.302798e+01	3.568655e+01
202	6.132362e+00	2.694185e+03	4.026406e+02	3.992126e+02	7.920899e+01	4.330749e+01	3.478979e+01
203	6.162720e+00	2.696976e+03	4.028102e+02	3.996785e+02	7.964822e+01	4.311328e+01	3.401626e+01
204	6.193078e+00	2.676182e+03	4.027340e+02	4.002439e+02	7.924854e+01	4.299665e+01	3.264123e+01
205	6.223437e+00	2.660452e+03	4.030950e+02	4.004731e+02	7.886198e+01	4.295343e+01	3.175584e+01
206	6.253795e+00	2.690882e+03	4.032562e+02	4.010383e+02	7.980027e+01	4.293390e+01	3.141963e+01
207	6.284153e+00	2.690778e+03	4.034517e+02	4.015055e+02	7.956118e+01	4.306126e+01	3.009601e+01
208	6.314511e+00	2.695770e+03	4.035589e+02	4.019443e+02	7.948342e+01	4.318336e+01	2.915635e+01
209	6.344869e+00	2.694361e+03	4.037631e+02	4.023208e+02	7.967624e+01	4.305634e+01	2.831201e+01
210	6.375228e+00	2.695858e+03	4.039773e+02	4.027332e+02	7.990332e+01	4.295782e+01	2.737444e+01
211	6.405586e+00	2.688058e+03	4.042130e+02	4.031338e+02	7.936935e+01	4.312171e+01	2.627106e+01
212	6.435944e+00	2.700658e+03	4.043264e+02	4.034378e+02	7.960923e+01	4.319329e+01	2.595775e+01
213	6.466302e+00	2.688788e+03	4.044279e+02	4.038261e+02	7.948175e+01	4.307241e+01	2.435759e+01
214	6.496661e+00	2.705264e+03	4.047330e+02	4.042823e+02	7.947867e+01	4.333804e+01	2.430374e+01
215	6.527019e+00	2.679412e+03	4.048620e+02	4.047296e+02	7.934002e+01	4.299891e+01	2.280880e+01
216	6.557377e+00	2.718397e+03	4.049146e+02	4.052053e+02	7.982468e+01	4.335965e+01	2.319524e+01
217	6.587735e+00	2.721287e+03	4.052216e+02	4.054677e+02	7.954417e+01	4.355882e+01	2.141426e+01
218	6.618094e+00	2.702970e+03	4.054292e+02	4.059280e+02	7.932291e+01	4.338631e+01	2.060152e+01
219	6.648452e+00	2.715627e+03	4.054368e+02	4.065193e+02	7.979070e+01	4.333392e+01	1.999056e+01
220	6.678810e+00	2.725647e+03	4.059875e+02	4.065943e+02	8.009521e+01	4.332845e+01	1.922841e+01
221	6.709168e+00	2.712309e+03	4.060889e+02	4.071901e+02	7.957272e+01	4.339953e+01	1.742029e+01
222	6.739526e+00	2.723880e+03	4.064439e+02	4.073975e+02	7.961202e+01	4.356316e+01	1.713945e+01
223	6.769885e+00	2.706885e+03	4.065684e+02	4.080262e+02	7.949874e+01	4.335305e+01	1.515580e+01
224	6.800243e+00	2.683675e+03	4.068799e+02	4.082782e+02	7.946971e+01	4.299702e+01	1.417947e+01
225	6.830601e+00	2.701626e+03	4.071796e+02	4.086299e+02	7.971478e+01	4.315157e+01	1.331167e+01
226	6.860959e+00	2.696835e+03	4.075362e+02	4.090551e+02	7.977750e+01	4.304117e+01	1.190680e+01
227	6.891318e+00	2.710855e+03	4.079760e+02	4.095398e+02	7.974525e+01	4.328242e+01	1.121097e+01
228	6.921676e+00	2.732156e+03	4.081016e+02	4.099910e+02	8.021918e+01	4.336480e+01	1.053980e+01
229	6.952034e+00	2.697536e+03	4.083657e+02	4.103055e+02	7.967316e+01	4.310875e+01	9.060379e+00
230	6.982392e+00	2.693611e+03	4.088662e+02	4.104918e+02	7.970054e+01	4.303122e+01	7.648222e+00
231	7.012750e+00	2.697680e+03	4.091013e+02	4.109068e+02	7.979238e+01	4.304663e+01	6.764336e+00
232	7.043109e+00	2.691211e+03	4.093714e+02	4.112746e+02	7.956458e+01	4.306635e+01	5.708784e+00
233	7.073467e+00	2.699066e+03	4.098045e+02	4.118677e+02	7.960424e+01	4.317053e+01	4.540085e+00
234	7.103825e+00	2.702537e+03	4.100958e+02	4.120529e+02	8.009757e+01	4.295982e+01	3.594039e+00
235	7.134183e+00	2.698868e+03	4.103516e+02	4.122847e+02	7.978961e+01	4.306707e+01	2.191835e+00
236	7.164542e+00	2.685969e+03	4.107255e+02	4.125624e+02	7.992707e+01	4.278753e+01	9.392286e-01
237	7.194900e+00	2.711892e+03	4.109370e+02	4.127378e+02	7.972190e+01	4.331166e+01	3.531701e-02
238	7.225258e+00	2.676776e+03	4.112609e+02	4.133048e+02	7.953219e+01	4.285280e+01	1.790704e+02
239	7.255616e+00	2.702893e+03	4.117144e+02	4.133946e+02	7.984256e+01	4.310270e+01	1.777074e+02
240	7.285974e+00	2.702658e+03	4.120385e+02	4.139167e+02	7.990251e+01	4.306663e+01	1.768752e+02
241	7.316333e+00	2.693870e+03	4.122541e+02	4.142324e+02	7.977270e+01	4.299644e+01	1.754859e+02
242	7.346691e+00	2.708809e+03	4.126891e+02	4.144862e+02	7.962526e+01	4.331493e+01	1.752713e+02
243	7.377049e+00	2.706351e+03	4.129887e+02	4.146578e+02	8.013599e+01	4.299981e+01	1.742968e+02
244	7.407407e+00	2.707291e+03	4.135274e+02	4.148811e+02	7.988478e+01	4.315002e+01	1.731702e+02
245	7.437766e+00	2.695513e+03	4.138197e+02	4.151575e+02	7.965234e+01	4.308767e+01	1.719137e+02
246	7.468124e+00	2.722065e+03	4.140428e+02	4.154343e+02	7.933792e+01	4.368454e+01	1.716676e+02
247	7.498482e+00	2.693563e+03	4.145440e+02	4.156174e+02	7.979968e+01	4.297700e+01	1.702289e+02
248	7.528840e+00	2.708311e+03	4.149927e+02	4.157241e+02	8.011822e+01	4.304051e+01	1.684803e+02
249	7.559199e+00	2.691937e+03	4.154297e+02	4.161635e+02	7.986127e+01	4.291793e+01	1.680981e+02
250	7.589557e+00	2.702690e+03	4.158387e+02	4.164733e+02	8.015823e+01	4.292974e+01	1.677235e+02
251	7.619915e+00	2.698912e+03	4.161176e+02	4.166232e+02	7.989392e+01	4.301155e+01	1.660256e+02
252	7.650273e+00	2.704943e+03	4.166214e+02	4.167487e+02	7.977768e+01	4.317048e+01	1.659849e+02
253	7.680631e+00	2.697792e+03	4.167776e+02	4.169653e+02	8.018560e+01	4.283731e+01	1.651719e+02
254	7.710990e+00	2.727211e+03	4.171872e+02	4.170509e+02	7.992561e+01	4.344531e+01	1.638938e+02
255	7.741348e+00	2.714909e+03	4.173818e+02	4.171642e+02	8.019126e+01	4.310606e+01	1.633228e+02
256	7.771706e+00	2.723242e+03	4.179800e+02	4.174849e+02	8.005795e+01	4.331036e+01	1.626382e+02
257	7.802064e+00	2.726080e+03	4.184745e+02	4.179801e+02	8.027467e+01	4.323846e+01	1.620854e+02
258	7.832423e+00	2.690734e+03	4.188618e+02	4.179678e+02	7.977962e+01	4.294267e+01	1.601844e+02
259	7.862781e+00	2.705527e+03	4.192498e+02	4.179735e+02	7.990359e+01	4.311175e+01	1.590887e+02
260	7.893139e+00	2.708077e+03	4.197509e+02	4.182270e+02	7.971937e+01	4.325210e+01	1.577230e+02
261	7.923497e+00	2.704084e+03	4.202074e+02	4.182597e+02	7.993613e+01	4.307121e+01	1.572857e+02
262	7.953855e+00	2.723731e+03	4.203772e+02	4.182828e+02	7.987973e+01	4.341479e+01	1.561852e+02
263	7.984214e+00	2.717582e+03	4.209748e+02	4.188725e+02	7.989980e+01	4.330590e+01	1.561507e+02
264	8.014572e+00	2.710572e+03	4.214847e+02	4.187664e+02	8.006292e+01	4.310619e+01	1.547053e+02
265	8.044930e+00	2.708830e+03	4.219418e+02	4.188214e+02	8.008363e+01	4.306735e+01	1.535315e+02
266	8.075288e+00	2.691778e+03	4.221850e+02	4.191263e+02	7.993228e+01	4.287728e+01	1.527062e+02
267	8.105647e+00	2.713266e+03	4.227090e+02	4.193578e+02	8.004472e+01	4.315884e+01	1.515883e+02
268	8.136005e+00	2.711201e+03	4.230427e+02	4.193173e+02	8.040196e+01	4.293437e+01	1.505990e+02
269	8.166363e+00	2.732954e+03	4.236290e+02	4.196181e+02	8.026769e+01	4.335125e+01	1.504157e+02
270	8.196721e+00	2.701206e+03	4.239011e+02	4.197434e+02	7.993594e+01	4.302549e+01	1.486573e+02
271	8.227080e+00	2.695810e+03	4.244500e+02	4.199622e+02	7.960771e+01	4.311657e+01	1.481250e+02
272	8.257438e+00	2.708824e+03	4.249067e+02	4.199802e+02	8.025553e+01	4.297501e+01	1.472000e+02
273	8.287796e+00	2.719814e+03	4.254010e+02	4.203352e+02	8.027637e+01	4.313816e+01	1.462483e+02
274	8.318154e+00	2.719686e+03	4.257456e+02	4.201753e+02	8.027145e+01	4.313877e+01	1.451740e+02
275	8.348512e+00	2.718409e+03	4.261087e+02	4.200522e+02	8.014883e+01	4.318448e+01	1.440757e+02
276	8.378871e+00	2.730039e+03	4.264937e+02	4.201802e+02	7.986950e+01	4.352092e+01	1.433999e+02
277	8.409229e+00	2.714467e+03	4.270487e+02	4.201723e+02	8.011847e+01	4.313820e+01	1.420406e+02
278	8.439587e+00	2.724716e+03	4.274343e+02	4.201354e+02	8.035901e+01	4.317147e+01	1.411564e+02
279	8.469945e+00	2.719756e+03	4.278098e+02	4.201061e+02	8.024986e+01	4.315149e+01	1.402085e+02
280	8.500304e+00	2.714577e+03	4.283211e+02	4.200707e+02	8.049288e+01	4.293928e+01	1.395129e+02
281	8.530662e+00	2.709966e+03	4.287343e+02	4.202141e+02	8.007622e+01	4.308939e+01	1.385472e+02
282	8.561020e+00	2.714198e+03	4.291079e+02	4.199858e+02	7.997401e+01	4.321184e+01	1.377589e+02
283	8.591378e+00	2.723028e+03	4.296072e+02	4.201996e+02	8.037607e+01	4.313556e+01	1.368797e+02
284	8.621736e+00	2.711982e+03	4.300091e+02	4.201268e+02	8.018507e+01	4.306291e+01	1.357483e+02
285	8.652095e+00	2.720139e+03	4.303007e+02	4.200787e+02	8.049513e+01	4.302607e+01	1.347519e+02
286	8.682453e+00	2.721320e+03	4.308542e+02	4.201491e+02	8.021154e+01	4.319694e+01	1.335374e+02
287	8.712811e+00	2.715574e+03	4.312036e+02	4.200697e+02	7.997494e+01	4.323325e+01	1.324669e+02
288	8.743169e+00	2.703220e+03	4.318180e+02	4.199601e+02	8.027091e+01	4.287788e+01	1.314435e+02
289	8.773528e+00	2.713552e+03	4.319586e+02	4.197853e+02	8.035927e+01	4.299445e+01	1.305319e+02
290	8.803886e+00	2.716326e+03	4.326504e+02	4.199595e+02	8.039299e+01	4.302034e+01	1.295582e+02
291	8.834244e+00	2.703791e+03	4.329102e+02	4.197924e+02	8.034332e+01	4.284828e+01	1.284091e+02
292	8.864602e+00	2.716205e+03	4.335001e+02	4.197518e+02	8.026177e+01	4.308876e+01	1.273285e+02
293	8.894961e+00	2.698723e+03	4.336966e+02	4.196017e+02	8.028571e+01	4.279866e+01	1.260784e+02
294	8.925319e+00	2.694677e+03	4.343755e+02	4.195370e+02	7.984472e+01	4.297052e+01	1.250127e+02
295	8.955677e+00	2.707355e+03	4.345122e+02	4.193734e+02	8.028549e+01	4.293567e+01	1.241129e+02
296	8.986035e+00	2.699093e+03	4.350750e+02	4.193409e+02	7.999626e+01	4.295941e+01	1.229495e+02
297	9.016393e+00	2.694358e+03	4.355579e+02	4.192806e+02	8.001836e+01	4.287220e+01	1.218580e+02
298	9.046752e+00	2.696667e+03	4.359888e+02	4.190445e+02	8.023964e+01	4.279061e+01	1.209034e+02
299	9.077110e+00	2.699151e+03	4.363918e+02	4.189263e+02	8.010089e+01	4.290421e+01	1.196914e+02
300	9.107468e+00	2.702886e+03	4.367212e+02	4.187822e+02	8.035664e+01	4.282684e+01	1.188134e+02
301	9.137826e+00	2.719138e+03	4.370146e+02	4.187337e+02	8.047894e+01	4.301888e+01	1.176046e+02
302	9.168185e+00	2.710043e+03	4.374730e+02	4.184012e+02	8.058839e+01	4.281676e+01	1.165394e+02
303	9.198543e+00	2.682175e+03	4.379620e+02	4.183096e+02	8.016467e+01	4.260046e+01	1.155176e+02
304	9.228901e+00	2.701551e+03	4.383590e+02	4.181400e+02	8.037489e+01	4.279597e+01	1.142819e+02
305	9.259259e+00	2.684863e+03	4.388602e+02	4.180322e+02	8.025143e+01	4.259704e+01	1.132448e+02
306	9.289617e+00	2.696988e+03	4.390804e+02	4.177048e+02	8.032534e+01	4.275004e+01	1.123972e+02
307	9.319976e+00	2.693636e+03	4.394180e+02	4.175469e+02	8.007551e+01	4.283012e+01	1.113374e+02
308	9.350334e+00	2.705089e+03	4.399289e+02	4.174065e+02	8.053699e+01	4.276578e+01	1.103696e+02
309	9.380692e+00	2.709119e+03	4.401745e+02	4.170952e+02	8.067641e+01	4.275547e+01	1.090674e+02
310	9.411050e+00	2.702030e+03	4.406295e+02	4.169060e+02	8.032628e+01	4.282947e+01	1.081524e+02
311	9.441409e+00	2.691603e+03	4.408897e+02	4.166599e+02	8.045800e+01	4.259435e+01	1.070068e+02
312	9.471767e+00	2.703249e+03	4.413177e+02	4.164330e+02	8.094936e+01	4.251897e+01	1.059553e+02
313	9.502125e+00	2.699474e+03	4.415754e+02	4.161036e+02	8.065164e+01	4.261632e+01	1.049286e+02
314	9.532483e+00	2.684527e+03	4.420618e+02	4.158190e+02	8.068707e+01	4.236176e+01	1.036780e+02
315	9.562842e+00	2.698446e+03	4.423427e+02	4.156295e+02	8.098234e+01	4.242614e+01	1.023522e+02
316	9.593200e+00	2.705149e+03	4.428270e+02	4.153050e+02	8.071550e+01	4.267214e+01	1.013536e+02
317	9.623558e+00	2.687457e+03	4.430665e+02	4.151665e+02	8.046832e+01	4.252327e+01	1.008212e+02
318	9.653916e+00	2.694443e+03	4.434451e+02	4.148907e+02	8.052713e+01	4.260268e+01	9.970187e+01
319	9.684274e+00	2.701978e+03	4.437622e+02	4.146037e+02	8.072560e+01	4.261678e+01	9.846362e+01
320	9.714633e+00	2.681980e+03	4.440276e+02	4.144060e+02	8.050251e+01	4.241859e+01	9.779514e+01
321	9.744991e+00	2.686721e+03	4.444236e+02	4.141222e+02	8.059658e+01	4.244398e+01	9.709185e+01
322	9.775349e+00	2.684510e+03	4.446399e+02	4.137791e+02	8.071534e+01	4.234665e+01	9.589851e+01
323	9.805707e+00	2.703108e+03	4.448280e+02	4.135078e+02	8.048344e+01	4.276289e+01	9.484947e+01
324	9.836066e+00	2.684825e+03	4.452212e+02	4.131030e+02	8.081593e+01	4.229891e+01	9.384814e+01
325	9.866424e+00	2.695837e+03	4.455359e+02	4.128561e+02	8.109062e+01	4.232852e+01	9.260632e+01
326	9.896782e+00	2.705496e+03	4.457624e+02	4.124107e+02	8.101350e+01	4.252061e+01	9.141367e+01
327	9.927140e+00	2.695359e+03	4.459915e+02	4.120704e+02	8.108678e+01	4.232302e+01	9.014546e+01
328	9.957498e+00	2.686597e+03	4.463740e+02	4.118044e+02	8.069759e+01	4.238889e+01	8.931886e+01
329	9.987857e+00	2.687113e+03	4.465476e+02	4.113243e+02	8.072956e+01	4.238024e+01	8.847136e+01
330	1.001821e+01	2.687940e+03	4.469865e+02	4.110047e+02	8.065984e+01	4.242994e+01	8.724003e+01
331	1.004857e+01	2.688578e+03	4.471225e+02	4.106555e+02	8.052987e+01	4.250849e+01	8.587051e+01
332	1.007893e+01	2.695230e+03	4.476051e+02	4.101810e+02	8.045369e+01	4.265402e+01	8.485043e+01
333	1.010929e+01	2.696308e+03	4.477216e+02	4.098271e+02	8.078109e+01	4.249814e+01	8.386001e+01
334	1.013965e+01	2.699638e+03	4.480694e+02	4.094667e+02	8.085880e+01	4.250974e+01	8.239196e+01
335	1.017001e+01	2.708741e+03	4.482300e+02	4.091025e+02	8.096371e+01	4.259781e+01	8.140314e+01
336	1.020036e+01	2.709836e+03	4.483515e+02	4.087774e+02	8.105898e+01	4.256494e+01	8.047680e+01
337	1.023072e+01	2.711556e+03	4.485752e+02	4.084877e+02	8.107828e+01	4.258183e+01	7.954343e+01
338	1.026108e+01	2.697231e+03	4.487574e+02	4.080739e+02	8.079445e+01	4.250565e+01	7.867585e+01
339	1.029144e+01	2.710227e+03	4.490259e+02	4.076141e+02	8.059747e+01	4.281484e+01	7.739859e+01
340	1.032180e+01	2.696206e+03	4.491210e+02	4.072753e+02	8.039180e+01	4.270231e+01	7.622679e+01
341	1.035216e+01	2.713128e+03	4.492859e+02	4.068993e+02	8.079450e+01	4.275616e+01	7.548512e+01
342	1.038251e+01	2.698558e+03	4.496487e+02	4.065379e+02	8.054189e+01	4.265993e+01	7.470509e+01
343	1.041287e+01	2.702090e+03	4.495947e+02	4.061830e+02	8.064647e+01	4.266037e+01	7.351389e+01
344	1.044323e+01	2.707105e+03	4.498335e+02	4.057173e+02	8.036595e+01	4.288873e+01	7.251366e+01
345	1.047359e+01	2.686120e+03	4.500336e+02	4.052488e+02	7.995298e+01	4.277606e+01	7.111603e+01
346	1.050395e+01	2.712234e+03	4.498697e+02	4.049052e+02	8.085184e+01	4.271175e+01	6.983022e+01
347	1.053430e+01	2.709570e+03	4.503217e+02	4.043604e+02	8.051542e+01	4.284809e+01	6.902271e+01
348	1.056466e+01	2.697198e+03	4.503013e+02	4.040553e+02	7.991109e+01	4.297500e+01	6.809315e+01
349	1.059502e+01	2.698275e+03	4.504501e+02	4.036729e+02	8.008392e+01	4.289938e+01	6.679202e+01
350	1.062538e+01	2.693751e+03	4.506008e+02	4.031846e+02	8.004804e+01	4.284665e+01	6.560358e+01
351	1.065574e+01	2.699161e+03	4.506805e+02	4.027711e+02	8.019973e+01	4.285150e+01	6.440311e+01
352	1.068610e+01	2.711153e+03	4.507658e+02	4.023336e+02	8.016508e+01	4.306048e+01	6.337022e+01
353	1.071645e+01	2.706728e+03	4.507487e+02	4.019446e+02	8.042828e+01	4.284952e+01	6.221199e+01
354	1.074681e+01	2.709588e+03	4.509053e+02	4.014128e+02	8.017224e+01	4.303178e+01	6.135736e+01
355	1.077717e+01	2.695976e+03	4.508477e+02	4.010210e+02	7.973042e+01	4.305287e+01	6.045567e+01
356	1.080753e+01	2.715117e+03	4.508945e+02	4.006243e+02	8.002950e+01	4.319651e+01	5.933640e+01
357	1.083789e+01	2.711852e+03	4.510945e+02	3.999908e+02	7.989404e+01	4.321771e+01	5.786986e+01
358	1.086825e+01	2.716379e+03	4.512444e+02	3.996631e+02	8.020577e+01	4.312160e+01	5.685993e+01
359	1.089860e+01	2.717578e+03	4.512782e+02	3.993210e+02	8.040795e+01	4.303217e+01	5.589870e+01
360	1.092896e+01	2.726865e+03	4.513871e+02	3.989146e+02	8.033646e+01	4.321764e+01	5.495367e+01
361	1.095932e+01	2.692973e+03	4.512922e+02	3.986447e+02	7.956556e+01	4.309402e+01	5.379365e+01
362	1.098968e+01	2.705411e+03	4.514369e+02	3.981257e+02	7.981155e+01	4.315961e+01	5.299239e+01
363	1.102004e+01	2.695864e+03	4.513773e+02	3.977747e+02	7.944949e+01	4.320330e+01	5.184334e+01
364	1.105039e+01	2.695015e+03	4.513946e+02	3.972547e+02	7.925249e+01	4.329706e+01	5.061237e+01
365	1.108075e+01	2.702871e+03	4.512611e+02	3.970121e+02	7.945156e+01	4.331446e+01	4.969254e+01
366	1.111111e+01	2.687935e+03	4.512121e+02	3.966141e+02	7.911172e+01	4.326014e+01	4.857755e+01
367	1.114147e+01	2.703443e+03	4.512978e+02	3.960479e+02	7.945979e+01	4.331915e+01	4.716194e+01
368	1.117183e+01	2.699311e+03	4.512096e+02	3.955063e+02	7.930574e+01	4.333695e+01	4.588771e+01
369	1.120219e+01	2.733292e+03	4.509777e+02	3.952294e+02	8.021170e+01	4.338689e+01	4.530704e+01
370	1.123254e+01	2.713960e+03	4.512785e+02	3.945770e+02	7.959471e+01	4.341395e+01	4.371537e+01
371	1.126290e+01	2.744516e+03	4.508212e+02	3.944035e+02	8.054294e+01	4.338588e+01	4.331041e+01
372	1.129326e+01	2.700566e+03	4.510149e+02	3.938340e+02	7.939822e+01	4.330659e+01	4.149287e+01
373	1.132362e+01	2.725448e+03	4.509893e+02	3.932321e+02	7.991065e+01	4.342535e+01	4.041892e+01
374	1.135398e+01	2.699351e+03	4.508808e+02	3.928659e+02	7.928490e+01	4.334899e+01	3.919632e+01
375	1.138434e+01	2.706107e+03	4.507125e+02	3.924645e+02	7.945889e+01	4.336232e+01	3.796834e+01
376	1.141469e+01	2.719055e+03	4.505279e+02	3.921719e+02	7.949335e+01	4.355091e+01	3.673921e+01
377	1.144505e+01	2.720517e+03	4.506855e+02	3.915095e+02	7.916084e+01	4.375736e+01	3.552071e+01
378	1.147541e+01	2.713299e+03	4.504605e+02	3.912582e+02	7.925384e+01	4.359006e+01	3.467098e+01
379	1.150577e+01	2.714567e+03	4.503399e+02	3.907491e+02	7.926571e+01	4.360390e+01	3.326160e+01
380	1.153613e+01	2.701616e+03	4.501072e+02	3.905213e+02	7.923162e+01	4.341455e+01	3.214700e+01
381	1.156648e+01	2.717467e+03	4.499303e+02	3.899967e+02	7.921590e+01	4.367793e+01	3.143746e+01
382	1.159684e+01	2.715624e+03	4.498178e+02	3.894565e+02	7.964706e+01	4.341202e+01	2.994720e+01
383	1.162720e+01	2.718700e+03	4.497027e+02	3.889476e+02	7.941201e+01	4.358983e+01	2.866758e+01
384	1.165756e+01	2.714481e+03	4.494132e+02	3.887877e+02	7.908033e+01	4.370473e+01	2.773285e+01
385	1.168792e+01	2.719201e+03	4.492656e+02	3.882105e+02	7.906553e+01	4.378893e+01	2.658393e+01
386	1.171828e+01	2.725101e+03	4.489218e+02	3.881827e+02	7.975212e+01	4.350613e+01	2.536805e+01
387	1.174863e+01	2.719015e+03	4.485948e+02	3.867210e+02	7.925483e+01	4.368134e+01	2.176305e+01
388	1.177899e+01	2.726492e+03	4.482642e+02	3.863204e+02	7.955873e+01	4.363415e+01	2.044626e+01
389	1.180935e+01	2.728666e+03	4.480782e+02	3.860054e+02	7.951478e+01	4.369307e+01	1.972649e+01
390	1.183971e+01	2.710675e+03	4.478407e+02	3.856415e+02	7.897411e+01	4.370215e+01	1.791886e+01
391	1.187007e+01	2.725458e+03	4.476049e+02	3.853773e+02	7.946183e+01	4.367080e+01	1.719835e+01
392	1.190043e+01	2.722339e+03	4.474009e+02	3.849470e+02	7.960533e+01	4.354218e+01	1.611436e+01
393	1.193078e+01	2.719639e+03	4.469838e+02	3.847385e+02	7.950505e+01	4.355386e+01	1.498507e+01
394	1.196114e+01	2.736272e+03	4.468288e+02	3.842672e+02	7.991856e+01	4.359349e+01	1.418919e+01
395	1.199150e+01	2.702909e+03	4.465883e+02	3.838201e+02	7.919419e+01	4.345585e+01	1.219328e+01
396	1.202186e+01	2.723351e+03	4.463651e+02	3.835131e+02	7.958540e+01	4.356927e+01	1.152792e+01
397	1.205222e+01	2.720721e+03	4.460775e+02	3.831210e+02	7.928779e+01	4.369058e+01	1.008613e+01
398	1.208257e+01	2.716856e+03	4.457777e+02	3.827226e+02	7.943118e+01	4.354975e+01	8.405682e+00
399	1.211293e+01	2.704678e+03	4.455281e+02	3.824371e+02	7.926537e+01	4.344524e+01	7.939712e+00
400	1.214329e+01	2.713992e+03	4.452731e+02	3.820692e+02	7.927675e+01	4.358859e+01	7.104123e+00
401	1.217365e+01	2.702909e+03	4.450433e+02	3.818309e+02	7.929534e+01	4.340042e+01	5.900319e+00
402	1.220401e+01	2.719397e+03	4.445723e+02	3.817642e+02	7.891419e+01	4.387606e+01	4.927012e+00
403	1.223437e+01	2.730268e+03	4.441126e+02	3.812027e+02	7.915051e+01	4.391993e+01	3.435785e+00
404	1.226472e+01	2.763661e+03	4.437786e+02	3.812249e+02	7.966341e+01	4.417088e+01	3.974988e+00
405	1.229508e+01	2.704821e+03	4.437357e+02	3.807236e+02	7.886472e+01	4.366825e+01	1.671610e+00
406	1.232544e+01	2.716448e+03	4.434285e+02	3.803689e+02	7.928620e+01	4.362283e+01	7.500188e-01
407	1.235580e+01	2.718009e+03	4.430976e+02	3.800889e+02	7.915461e+01	4.372047e+01	1.794710e+02
408	1.238616e+01	2.703262e+03	4.427848e+02	3.799884e+02	7.905032e+01	4.354062e+01	1.782433e+02
409	1.241651e+01	2.702009e+03	4.424164e+02	3.796349e+02	7.936386e+01	4.334851e+01	1.771091e+02
410	1.244687e+01	2.713680e+03	4.420648e+02	3.792769e+02	7.920521e+01	4.362296e+01	1.761486e+02
411	1.247723e+01	2.707688e+03	4.418441e+02	3.791937e+02	7.911239e+01	4.357769e+01	1.749147e+02
412	1.250759e+01	2.707749e+03	4.413028e+02	3.788585e+02	7.914521e+01	4.356060e+01	1.736951e+02
413	1.253795e+01	2.747570e+03	4.408638e+02	3.789596e+02	7.955392e+01	4.397414e+01	1.741371e+02
414	1.256831e+01	2.715621e+03	4.405986e+02	3.782852e+02	7.919024e+01	4.366241e+01	1.717861e+02
415	1.259866e+01	2.718980e+03	4.403508e+02	3.780782e+02	7.929424e+01	4.365908e+01	1.707014e+02
416	1.262902e+01	2.737942e+03	4.396366e+02	3.775082e+02	7.976292e+01	4.370523e+01	1.683389e+02
417	1.265938e+01	2.728637e+03	4.393098e+02	3.774642e+02	7.942951e+01	4.373952e+01	1.672256e+02
418	1.268974e+01	2.715196e+03	4.390485e+02	3.772997e+02	7.959441e+01	4.343389e+01	1.669389e+02
419	1.272010e+01	2.705711e+03	4.387287e+02	3.772169e+02	7.926670e+01	4.346110e+01	1.657735e+02
420	1.275046e+01	2.699494e+03	4.383315e+02	3.770388e+02	7.912279e+01	4.344011e+01	1.646426e+02
421	1.278081e+01	2.709476e+03	4.379426e+02	3.768812e+02	7.936936e+01	4.346529e+01	1.636580e+02
422	1.281117e+01	2.710943e+03	4.374720e+02	3.768446e+02	7.924461e+01	4.355729e+01	1.635504e+02
423	1.284153e+01	2.695381e+03	4.371064e+02	3.765779e+02	7.901909e+01	4.343084e+01	1.614394e+02
424	1.287189e+01	2.737364e+03	4.364117e+02	3.764337e+02	7.866402e+01	4.430641e+01	1.603952e+02
425	1.290225e+01	2.691958e+03	4.364315e+02	3.763243e+02	7.917847e+01	4.328837e+01	1.593518e+02
426	1.293260e+01	2.726913e+03	4.357984e+02	3.760571e+02	7.940919e+01	4.372308e+01	1.580741e+02
427	1.296296e+01	2.706891e+03	4.355750e+02	3.760530e+02	7.945154e+01	4.337890e+01	1.575452e+02
428	1.299332e+01	2.709827e+03	4.352322e+02	3.758721e+02	7.950522e+01	4.339664e+01	1.565010e+02
429	1.302368e+01	2.715554e+03	4.348055e+02	3.757802e+02	7.957092e+01	4.345244e+01	1.552553e+02
430	1.305404e+01	2.712304e+03	4.342568e+02	3.755938e+02	7.945554e+01	4.346345e+01	1.543086e+02
431	1.308440e+01	2.693007e+03	4.339316e+02	3.756731e+02	7.916607e+01	4.331203e+01	1.532551e+02
432	1.311475e+01	2.715177e+03	4.335403e+02	3.755403e+02	7.958120e+01	4.344079e+01	1.515525e+02
433	1.314511e+01	2.690693e+03	4.329926e+02	3.753810e+02	7.920496e+01	4.325356e+01	1.504477e+02
434	1.317547e+01	2.711814e+03	4.325376e+02	3.753408e+02	7.958762e+01	4.338349e+01	1.491266e+02
435	1.320583e+01	2.693197e+03	4.323015e+02	3.753387e+02	7.912943e+01	4.333514e+01	1.486532e+02
436	1.323619e+01	2.695795e+03	4.319037e+02	3.752020e+02	7.936599e+01	4.324765e+01	1.473235e+02
437	1.326655e+01	2.716423e+03	4.313864e+02	3.750541e+02	7.978172e+01	4.335150e+01	1.457473e+02
438	1.329690e+01	2.721312e+03	4.309933e+02	3.753023e+02	7.875042e+01	4.399827e+01	1.451274e+02
439	1.332726e+01	2.690436e+03	4.306525e+02	3.750436e+02	7.898666e+01	4.336896e+01	1.437778e+02
440	1.335762e+01	2.694815e+03	4.303323e+02	3.751523e+02	7.909888e+01	4.337793e+01	1.427661e+02
441	1.338798e+01	2.702937e+03	4.298394e+02	3.750734e+02	7.936823e+01	4.336100e+01	1.416043e+02
442	1.341834e+01	2.693263e+03	4.295750e+02	3.751458e+02	7.928281e+01	4.325237e+01	1.405994e+02
443	1.344869e+01	2.679334e+03	4.291273e+02	3.750437e+02	7.878605e+01	4.329998e+01	1.399846e+02
444	1.347905e+01	2.680199e+03	4.286119e+02	3.750351e+02	7.895148e+01	4.322319e+01	1.384402e+02
445	1.350941e+01	2.687052e+03	4.281710e+02	3.748589e+02	7.935972e+01	4.311080e+01	1.376039e+02
446	1.353977e+01	2.692731e+03	4.277457e+02	3.749992e+02	7.904465e+01	4.337411e+01	1.365057e+02
447	1.357013e+01	2.683284e+03	4.275280e+02	3.750756e+02	7.935971e+01	4.305035e+01	1.357374e+02
448	1.360049e+01	2.693390e+03	4.270813e+02	3.749751e+02	7.920035e+01	4.329943e+01	1.348315e+02
449	1.363084e+01	2.691361e+03	4.266900e+02	3.751193e+02	7.952975e+01	4.308762e+01	1.333106e+02
450	1.366120e+01	2.680270e+03	4.263044e+02	3.751157e+02	7.923924e+01	4.306737e+01	1.327045e+02
451	1.369156e+01	2.691168e+03	4.258801e+02	3.751217e+02	7.972295e+01	4.298011e+01	1.316001e+02
452	1.372192e+01	2.693848e+03	4.254482e+02	3.752115e+02	7.964297e+01	4.306612e+01	1.306307e+02
453	1.375228e+01	2.701603e+03	4.250239e+02	3.752005e+02	7.976852e+01	4.312213e+01	1.293648e+02
454	1.378264e+01	2.685686e+03	4.246740e+02	3.752932e+02	7.926402e+01	4.314090e+01	1.287091e+02
455	1.381299e+01	2.690659e+03	4.242256e+02	3.753387e+02	7.962188e+01	4.302653e+01	1.277207e+02
456	1.384335e+01	2.687929e+03	4.237660e+02	3.753762e+02	7.980093e+01	4.288643e+01	1.266795e+02
457	1.387371e+01	2.674593e+03	4.235018e+02	3.756396e+02	7.924680e+01	4.297205e+01	1.257121e+02
458	1.390407e+01	2.680298e+03	4.230869e+02	3.757088e+02	7.941196e+01	4.297416e+01	1.244154e+02
459	1.393443e+01	2.735786e+03	4.222665e+02	3.757911e+02	8.027567e+01	4.339186e+01	1.223211e+02
460	1.396478e+01	2.699943e+03	4.220568e+02	3.759134e+02	7.997242e+01	4.298575e+01	1.218995e+02
461	1.399514e+01	2.675035e+03	4.218202e+02	3.762069e+02	7.939269e+01	4.290017e+01	1.210730e+02
462	1.402550e+01	2.692791e+03	4.212825e+02	3.762598e+02	7.987142e+01	4.292609e+01	1.199741e+02
463	1.405586e+01	2.686789e+03	4.209732e+02	3.765663e+02	7.978802e+01	4.287518e+01	1.186909e+02
464	1.408622e+01	2.670570e+03	4.205821e+02	3.767281e+02	7.952384e+01	4.275794e+01	1.176760e+02
465	1.411658e+01	2.688962e+03	4.201775e+02	3.769289e+02	8.015196e+01	4.271503e+01	1.167182e+02
466	1.414693e+01	2.672235e+03	4.198716e+02	3.771574e+02	7.966872e+01	4.270679e+01	1.160085e+02
467	1.417729e+01	2.700477e+03	4.192478e+02	3.773755e+02	8.036464e+01	4.278442e+01	1.144478e+02
468	1.420765e+01	2.667463e+03	4.192545e+02	3.776867e+02	7.966640e+01	4.263177e+01	1.137833e+02
469	1.423801e+01	2.670185e+03	4.186745e+02	3.778788e+02	7.987512e+01	4.256375e+01	1.127665e+02
470	1.426837e+01	2.681461e+03	4.182882e+02	3.781033e+02	8.007819e+01	4.263511e+01	1.118235e+02
471	1.429872e+01	2.684345e+03	4.179112e+02	3.782907e+02	7.987559e+01	4.278922e+01	1.108428e+02
472	1.432908e+01	2.663767e+03	4.177094e+02	3.785578e+02	7.979221e+01	4.250557e+01	1.097326e+02
473	1.435944e+01	2.658513e+03	4.171677e+02	3.788237e+02	7.968355e+01	4.247958e+01	1.087815e+02
474	1.438980e+01	2.680740e+03	4.166827e+02	3.790545e+02	8.001550e+01	4.265703e+01	1.076797e+02
475	1.442016e+01	2.678327e+03	4.162342e+02	3.792224e+02	8.031955e+01	4.245731e+01	1.067474e+02
476	1.445052e+01	2.694875e+03	4.158195e+02	3.795220e+02	8.020077e+01	4.278290e+01	1.049354e+02
477	1.448087e+01	2.664387e+03	4.158217e+02	3.797161e+02	8.010715e+01	4.234832e+01	1.049312e+02
478	1.451123e+01	2.673712e+03	4.153490e+02	3.798835e+02	8.056184e+01	4.225668e+01	1.040662e+02
479	1.454159e+01	2.658131e+03	4.150623e+02	3.801739e+02	8.015995e+01	4.222105e+01	1.029376e+02
480	1.457195e+01	2.668832e+03	4.148900e+02	3.804377e+02	8.010970e+01	4.241762e+01	1.022038e+02
481	1.460231e+01	2.662063e+03	4.145651e+02	3.807325e+02	8.017865e+01	4.227365e+01	1.010965e+02
482	1.463267e+01	2.669886e+03	4.141714e+02	3.809579e+02	8.039897e+01	4.228169e+01	1.003809e+02
483	1.466302e+01	2.662608e+03	4.139266e+02	3.812597e+02	8.033921e+01	4.219781e+01	9.944589e+01
484	1.469338e+01	2.671205e+03	4.135689e+02	3.814486e+02	8.050265e+01	4.224809e+01	9.859738e+01
485	1.472374e+01	2.669998e+03	4.132672e+02	3.816161e+02	8.050439e+01	4.222810e+01	9.775185e+01
486	1.475410e+01	2.671994e+03	4.129491e+02	3.819799e+02	8.065161e+01	4.218252e+01	9.662297e+01
487	1.478446e+01	2.674075e+03	4.127375e+02	3.822852e+02	8.059944e+01	4.224271e+01	9.598691e+01
488	1.481481e+01	2.669345e+03	4.124403e+02	3.826052e+02	8.032766e+01	4.231065e+01	9.479671e+01
489	1.484517e+01	2.671629e+03	4.120413e+02	3.828335e+02	8.068013e+01	4.216185e+01	9.352424e+01
490	1.487553e+01	2.665758e+03	4.118426e+02	3.831050e+02	8.046431e+01	4.218204e+01	9.237259e+01
491	1.490589e+01	2.657671e+03	4.116909e+02	3.835984e+02	8.043084e+01	4.207157e+01	9.156298e+01
492	1.493625e+01	2.664457e+03	4.113104e+02	3.838647e+02	8.046515e+01	4.216101e+01	9.061478e+01
493	1.496661e+01	2.660534e+03	4.110778e+02	3.842045e+02	8.051395e+01	4.207342e+01	8.944653e+01
494	1.499696e+01	2.655740e+03	4.107562e+02	3.846292e+02	8.055364e+01	4.197692e+01	8.870197e+01
495	1.502732e+01	2.678993e+03	4.104363e+02	3.849974e+02	8.112654e+01	4.204542e+01	8.766972e+01
496	1.505768e+01	2.668958e+03	4.102857e+02	3.853521e+02	8.076592e+01	4.207496e+01	8.672082e+01
497	1.508804e+01	2.654805e+03	4.100674e+02	3.856920e+02	8.043356e+01	4.202478e+01	8.575356e+01
498	1.511840e+01	2.669592e+03	4.098525e+02	3.860173e+02	8.077521e+01	4.208012e+01	8.475064e+01
499	1.514876e+01	2.663851e+03	4.097271e+02	3.864880e+02	8.055218e+01	4.210589e+01	8.358117e+01
500	1.517911e+01	2.670635e+03	4.094783e+02	3.868480e+02	8.090244e+01	4.203035e+01	8.284722e+01
501	1.520947e+01	2.655924e+03	4.092005e+02	3.872637e+02	8.032238e+01	4.210069e+01	8.149404e+01
502	1.523983e+01	2.661050e+03	4.089647e+02	3.876718e+02	8.028428e+01	4.220196e+01	8.054491e+01
503	1.527019e+01	2.678231e+03	4.086490e+02	3.880671e+02	8.052821e+01	4.234578e+01	7.954179e+01
504	1.530055e+01	2.673658e+03	4.085531e+02	3.884466e+02	8.048284e+01	4.229730e+01	7.888564e+01
505	1.533090e+01	2.659856e+03	4.083586e+02	3.888257e+02	8.033667e+01	4.215551e+01	7.792521e+01
506	1.536126e+01	2.661078e+03	4.080578e+02	3.893241e+02	8.025986e+01	4.221524e+01	7.697523e+01
507	1.539162e+01	2.660021e+03	4.078783e+02	3.897395e+02	8.049421e+01	4.207562e+01	7.613145e+01
508	1.542198e+01	2.672273e+03	4.076027e+02	3.901308e+02	8.089258e+01	4.206126e+01	7.579393e+01
509	1.545234e+01	2.657825e+03	4.075999e+02	3.905202e+02	8.021639e+01	4.218649e+01	7.432161e+01
510	1.548270e+01	2.666336e+03	4.073800e+02	3.909408e+02	8.016275e+01	4.234990e+01	7.370492e+01
511	1.551305e+01	2.662094e+03	4.072246e+02	3.914501e+02	8.033403e+01	4.219237e+01	7.244528e+01
512	1.554341e+01	2.664693e+03	4.071372e+02	3.918016e+02	8.045886e+01	4.216805e+01	7.152832e+01
513	1.557377e+01	2.666197e+03	4.067915e+02	3.923359e+02	8.039599e+01	4.222483e+01	7.108202e+01
514	1.560413e+01	2.702423e+03	4.063582e+02	3.927799e+02	8.119044e+01	4.237976e+01	7.088934e+01
515	1.563449e+01	2.661954e+03	4.067306e+02	3.932186e+02	8.021952e+01	4.225038e+01	6.859845e+01
516	1.566485e+01	2.663354e+03	4.066107e+02	3.936290e+02	8.002597e+01	4.237484e+01	6.739156e+01
517	1.569520e+01	2.668489e+03	4.065202e+02	3.941633e+02	8.014602e+01	4.239294e+01	6.633474e+01
518	1.572556e+01	2.667359e+03	4.063520e+02	3.946594e+02	7.987001e+01	4.252143e+01	6.524310e+01
519	1.575592e+01	2.671034e+03	4.062054e+02	3.951241e+02	7.979742e+01	4.261874e+01	6.435791e+01
520	1.578628e+01	2.656426e+03	4.060768e+02	3.955598e+02	7.949023e+01	4.254947e+01	6.372184e+01
521	1.581664e+01	2.686236e+03	4.057772e+02	3.960809e+02	7.993112e+01	4.278962e+01	6.316560e+01
522	1.584699e+01	2.667577e+03	4.058686e+02	3.966029e+02	7.956196e+01	4.268956e+01	6.140837e+01
523	1.587735e+01	2.667616e+03	4.058309e+02	3.971689e+02	7.975125e+01	4.258885e+01	6.028887e+01
524	1.590771e+01	2.668988e+03	4.058830e+02	3.974848e+02	7.985522e+01	4.255528e+01	5.921507e+01
525	1.593807e+01	2.667043e+03	4.058285e+02	3.979871e+02	7.976464e+01	4.257255e+01	5.781562e+01
526	1.596843e+01	2.679527e+03	4.056466e+02	3.985272e+02	7.998904e+01	4.265184e+01	5.703247e+01
527	1.599879e+01	2.674825e+03	4.057019e+02	3.989549e+02	7.955215e+01	4.281082e+01	5.611871e+01
528	1.602914e+01	2.674038e+03	4.055941e+02	3.994035e+02	7.954029e+01	4.280461e+01	5.475956e+01
529	1.605950e+01	2.683436e+03	4.055102e+02	4.000314e+02	7.964983e+01	4.289597e+01	5.380626e+01
530	1.608986e+01	2.689075e+03	4.055287e+02	4.003849e+02	7.972089e+01	4.294780e+01	5.284546e+01
531	1.612022e+01	2.681242e+03	4.056523e+02	4.007208e+02	7.959010e+01	4.289307e+01	5.199943e+01
532	1.615058e+01	2.672638e+03	4.055748e+02	4.012854e+02	7.937836e+01	4.286947e+01	5.096887e+01
533	1.618094e+01	2.676603e+03	4.056014e+02	4.017366e+02	7.972062e+01	4.274876e+01	5.006324e+01
534	1.621129e+01	2.673620e+03	4.057899e+02	4.021868e+02	7.942110e+01	4.286214e+01	4.950201e+01
535	1.624165e+01	2.683316e+03	4.058846e+02	4.025876e+02	7.954778e+01	4.294908e+01	4.826925e+01
536	1.627201e+01	2.680130e+03	4.058433e+02	4.031804e+02	7.982147e+01	4.275100e+01	4.764228e+01
537	1.630237e+01	2.690859e+03	4.058912e+02	4.036559e+02	7.976450e+01	4.295280e+01	4.654810e+01
538	1.633273e+01	2.672994e+03	4.057845e+02	4.042176e+02	7.964419e+01	4.273207e+01	4.557737e+01
539	1.636308e+01	2.692902e+03	4.058007e+02	4.045894e+02	7.988505e+01	4.292054e+01	4.491475e+01
540	1.639344e+01	2.765708e+03	4.051239e+02	4.050184e+02	7.920984e+01	4.445671e+01	4.547451e+01
541	1.642380e+01	2.681483e+03	4.058294e+02	4.055787e+02	7.953682e+01	4.292566e+01	4.243692e+01
542	1.645416e+01	2.684719e+03	4.058561e+02	4.060081e+02	7.956342e+01	4.296309e+01	4.187033e+01
543	1.648452e+01	2.703924e+03	4.059775e+02	4.063048e+02	7.985284e+01	4.311360e+01	4.159210e+01
544	1.651488e+01	2.675236e+03	4.060276e+02	4.067786e+02	7.926353e+01	4.297332e+01	3.992644e+01
545	1.654523e+01	2.679265e+03	4.059003e+02	4.074596e+02	7.922221e+01	4.306049e+01	3.886205e+01
546	1.657559e+01	2.685944e+03	4.061490e+02	4.078612e+02	7.939201e+01	4.307550e+01	3.804902e+01
547	1.660595e+01	2.694441e+03	4.062560e+02	4.083380e+02	7.941788e+01	4.319769e+01	3.688790e+01
548	1.663631e+01	2.690005e+03	4.064101e+02	4.088490e+02	7.946691e+01	4.309997e+01	3.568167e+01
549	1.666667e+01	2.697006e+03	4.064781e+02	4.093114e+02	7.956553e+01	4.315858e+01	3.463872e+01
550	1.669702e+01	2.693038e+03	4.064795e+02	4.099478e+02	7.961510e+01	4.306824e+01	3.341391e+01
551	1.672738e+01	2.677034e+03	4.065446e+02	4.103843e+02	7.929831e+01	4.298333e+01	3.196063e+01
552	1.675774e+01	2.690013e+03	4.067675e+02	4.107308e+02	7.934382e+01	4.316696e+01	3.170599e+01
553	1.678810e+01	2.687722e+03	4.068684e+02	4.112313e+02	7.927129e+01	4.316966e+01	3.028518e+01
554	1.681846e+01	2.697837e+03	4.069605e+02	4.117390e+02	7.919908e+01	4.337162e+01	2.970494e+01
555	1.684882e+01	2.690281e+03	4.069310e+02	4.120502e+02	7.933670e+01	4.317512e+01	2.901989e+01
556	1.687917e+01	2.705988e+03	4.069438e+02	4.126908e+02	7.941779e+01	4.338287e+01	2.788595e+01
557	1.690953e+01	2.695963e+03	4.071963e+02	4.130140e+02	7.948818e+01	4.318386e+01	2.673386e+01
558	1.693989e+01	2.714861e+03	4.072082e+02	4.134742e+02	7.969028e+01	4.337629e+01	2.624482e+01
559	1.697025e+01	2.692794e+03	4.075668e+02	4.137685e+02	7.943873e+01	4.315995e+01	2.464525e+01
560	1.700061e+01	2.704760e+03	4.077607e+02	4.141431e+02	7.954258e+01	4.329514e+01	2.410078e+01
561	1.703097e+01	2.694806e+03	4.079432e+02	4.146273e+02	7.936066e+01	4.323470e+01	2.282899e+01
562	1.706132e+01	2.710883e+03	4.079588e+02	4.152010e+02	7.974877e+01	4.328097e+01	2.157220e+01
563	1.709168e+01	2.725883e+03	4.083498e+02	4.154084e+02	7.984240e+01	4.346941e+01	2.120575e+01
564	1.712204e+01	2.690918e+03	4.084674e+02	4.159423e+02	7.955027e+01	4.306942e+01	1.959757e+01
565	1.715240e+01	2.718762e+03	4.085833e+02	4.162351e+02	8.003468e+01	4.325169e+01	1.909587e+01
566	1.718276e+01	2.716124e+03	4.086770e+02	4.168052e+02	7.981367e+01	4.332938e+01	1.862764e+01
567	1.721311e+01	2.709180e+03	4.088772e+02	4.173828e+02	7.976702e+01	4.324387e+01	1.723513e+01
568	1.724347e+01	2.726788e+03	4.089639e+02	4.178000e+02	7.944076e+01	4.370369e+01	1.631727e+01
569	1.727383e+01	2.721296e+03	4.091125e+02	4.182197e+02	7.975257e+01	4.344514e+01	1.578169e+01
570	1.730419e+01	2.700295e+03	4.094688e+02	4.184358e+02	7.941771e+01	4.329164e+01	1.473092e+01
571	1.733455e+01	2.735540e+03	4.095001e+02	4.187940e+02	7.988184e+01	4.360187e+01	1.435855e+01
572	1.736491e+01	2.706567e+03	4.098226e+02	4.194008e+02	7.968905e+01	4.324444e+01	1.345267e+01
573	1.739526e+01	2.694227e+03	4.101035e+02	4.196246e+02	7.927325e+01	4.327306e+01	1.250317e+01
574	1.742562e+01	2.701342e+03	4.102331e+02	4.200431e+02	7.929947e+01	4.337299e+01	1.169039e+01
575	1.745598e+01	2.721006e+03	4.104488e+02	4.202920e+02	7.969254e+01	4.347323e+01	1.057002e+01
576	1.748634e+01	2.686473e+03	4.106708e+02	4.208355e+02	7.921146e+01	4.318219e+01	9.067881e+00
577	1.751670e+01	2.680717e+03	4.109912e+02	4.211805e+02	7.943628e+01	4.296771e+01	8.076668e+00
578	1.754706e+01	2.701541e+03	4.112771e+02	4.213840e+02	7.954416e+01	4.324275e+01	7.586174e+00
579	1.757741e+01	2.701100e+03	4.116978e+02	4.216621e+02	7.944585e+01	4.328920e+01	5.904980e+00
580	1.760777e+01	2.675458e+03	4.118849e+02	4.220768e+02	7.905743e+01	4.308891e+01	4.710721e+00
581	1.763813e+01	2.706300e+03	4.122720e+02	4.223478e+02	7.957766e+01	4.330070e+01	4.431979e+00
582	1.766849e+01	2.685783e+03	4.125829e+02	4.227233e+02	7.933321e+01	4.310483e+01	2.706800e+00
583	1.769885e+01	2.689528e+03	4.129337e+02	4.231909e+02	7.942598e+01	4.311452e+01	1.722704e+00
584	1.772920e+01	2.684800e+03	4.131895e+02	4.234003e+02	7.956667e+01	4.296263e+01	4.556717e-01
585	1.775956e+01	2.710716e+03	4.134769e+02	4.234691e+02	7.975526e+01	4.327477e+01	6.345786e-02
586	1.778992e+01	2.709680e+03	4.138072e+02	4.238760e+02	7.952962e+01	4.338097e+01	1.782899e+02
587	1.782028e+01	2.709189e+03	4.141161e+02	4.241192e+02	7.941111e+01	4.343784e+01	1.772208e+02
588	1.785064e+01	2.697659e+03	4.145562e+02	4.244813e+02	7.959041e+01	4.315553e+01	1.763092e+02
589	1.788100e+01	2.691591e+03	4.150143e+02	4.246173e+02	7.983053e+01	4.292894e+01	1.753885e+02
590	1.791135e+01	2.710356e+03	4.151028e+02	4.249293e+02	7.966871e+01	4.331603e+01	1.742682e+02
591	1.794171e+01	2.683159e+03	4.155213e+02	4.251389e+02	7.971170e+01	4.285825e+01	1.734128e+02
592	1.797207e+01	2.698850e+03	4.159027e+02	4.253645e+02	7.988024e+01	4.301793e+01	1.727962e+02
593	1.800243e+01	2.717846e+03	4.163268e+02	4.254821e+02	8.014467e+01	4.317778e+01	1.714292e+02
594	1.803279e+01	2.710763e+03	4.166981e+02	4.258817e+02	7.991203e+01	4.319063e+01	1.704123e+02
595	1.806315e+01	2.682438e+03	4.170320e+02	4.261722e+02	7.974961e+01	4.282637e+01	1.688066e+02
596	1.809350e+01	2.695833e+03	4.174521e+02	4.261657e+02	7.991055e+01	4.295353e+01	1.680592e+02
597	1.812386e+01	2.692093e+03	4.178254e+02	4.265250e+02	7.970970e+01	4.300204e+01	1.669280e+02
598	1.815422e+01	2.723110e+03	4.181519e+02	4.266290e+02	7.999832e+01	4.334056e+01	1.664445e+02
599	1.818458e+01	2.714364e+03	4.185414e+02	4.265514e+02	8.004891e+01	4.317404e+01	1.650103e+02
600	1.821494e+01	2.706517e+03	4.187195e+02	4.267751e+02	7.984045e+01	4.316164e+01	1.649688e+02
601	1.824529e+01	2.710955e+03	4.192810e+02	4.271023e+02	7.968016e+01	4.331938e+01	1.639722e+02
602	1.827565e+01	2.709753e+03	4.197674e+02	4.272259e+02	7.996071e+01	4.314825e+01	1.627614e+02
603	1.830601e+01	2.732440e+03	4.199609e+02	4.273239e+02	8.040916e+01	4.326684e+01	1.625233e+02
604	1.833637e+01	2.703226e+03	4.203293e+02	4.275982e+02	7.992009e+01	4.306619e+01	1.606477e+02
605	1.836673e+01	2.719919e+03	4.207410e+02	4.276385e+02	8.002214e+01	4.327688e+01	1.593908e+02
606	1.839709e+01	2.712498e+03	4.212329e+02	4.276773e+02	7.998692e+01	4.317780e+01	1.584819e+02
607	1.842744e+01	2.719939e+03	4.214938e+02	4.277705e+02	8.011578e+01	4.322662e+01	1.573581e+02
608	1.845780e+01	2.777741e+03	4.215019e+02	4.279315e+02	7.974821e+01	4.434870e+01	1.559417e+02
609	1.848816e+01	2.722077e+03	4.222324e+02	4.280173e+02	8.032358e+01	4.314867e+01	1.554531e+02
610	1.851852e+01	2.714622e+03	4.226167e+02	4.281134e+02	7.993397e+01	4.324024e+01	1.546907e+02
611	1.854888e+01	2.710446e+03	4.229698e+02	4.283310e+02	7.984718e+01	4.322065e+01	1.536453e+02
612	1.857923e+01	2.716906e+03	4.233787e+02	4.283617e+02	8.037852e+01	4.303727e+01	1.524860e+02
613	1.860959e+01	2.739911e+03	4.237807e+02	4.283343e+02	7.999255e+01	4.361110e+01	1.520240e+02
614	1.863995e+01	2.723838e+03	4.241750e+02	4.284574e+02	7.984914e+01	4.343313e+01	1.509968e+02
615	1.867031e+01	2.731078e+03	4.245670e+02	4.283701e+02	8.016234e+01	4.337843e+01	1.495820e+02
616	1.870067e+01	2.723173e+03	4.250282e+02	4.285823e+02	7.998299e+01	4.334986e+01	1.486615e+02
617	1.873103e+01	2.746815e+03	4.253557e+02	4.286740e+02	8.023644e+01	4.358809e+01	1.480310e+02
618	1.876138e+01	2.750819e+03	4.255959e+02	4.285854e+02	7.997237e+01	4.379576e+01	1.466724e+02
619	1.879174e+01	2.730390e+03	4.261863e+02	4.286022e+02	8.050640e+01	4.318216e+01	1.460638e+02
620	1.882210e+01	2.726739e+03	4.264319e+02	4.286569e+02	7.993592e+01	4.343219e+01	1.452628e+02
621	1.885246e+01	2.733023e+03	4.268199e+02	4.286373e+02	8.010295e+01	4.344150e+01	1.443777e+02
622	1.888282e+01	2.710256e+03	4.272392e+02	4.287962e+02	7.999290e+01	4.313890e+01	1.439661e+02
623	1.891318e+01	2.746257e+03	4.275544e+02	4.289031e+02	8.000022e+01	4.370792e+01	1.430038e+02
624	1.894353e+01	2.722993e+03	4.280811e+02	4.289792e+02	8.013363e+01	4.326552e+01	1.419741e+02
625	1.897389e+01	2.728086e+03	4.285771e+02	4.291116e+02	8.048447e+01	4.315747e+01	1.412788e+02
626	1.900425e+01	2.727431e+03	4.288833e+02	4.290713e+02	8.036839e+01	4.320944e+01	1.402305e+02
627	1.903461e+01	2.725855e+03	4.294095e+02	4.290695e+02	8.046513e+01	4.313256e+01	1.389210e+02
628	1.906497e+01	2.735500e+03	4.299182e+02	4.293543e+02	8.023357e+01	4.341009e+01	1.379615e+02
629	1.909532e+01	2.728731e+03	4.302292e+02	4.291516e+02	8.054825e+01	4.313350e+01	1.370032e+02
630	1.912568e+01	2.722672e+03	4.308720e+02	4.293333e+02	8.002735e+01	4.331787e+01	1.359555e+02
631	1.915604e+01	2.725659e+03	4.311119e+02	4.292915e+02	8.027049e+01	4.323402e+01	1.356498e+02
632	1.918640e+01	2.732018e+03	4.315290e+02	4.292859e+02	8.046445e+01	4.323044e+01	1.346377e+02
633	1.921676e+01	2.724945e+03	4.320062e+02	4.293941e+02	8.026288e+01	4.322681e+01	1.333172e+02
634	1.924712e+01	2.723162e+03	4.323568e+02	4.294553e+02	8.028208e+01	4.318819e+01	1.330770e+02
635	1.927747e+01	2.725481e+03	4.328447e+02	4.295781e+02	8.049307e+01	4.311166e+01	1.320651e+02
636	1.930783e+01	2.718024e+03	4.331832e+02	4.295129e+02	8.020464e+01	4.314832e+01	1.311727e+02
637	1.933819e+01	2.715259e+03	4.337142e+02	4.294529e+02	8.003126e+01	4.319781e+01	1.300209e+02
638	1.936855e+01	2.718350e+03	4.341673e+02	4.294045e+02	8.031194e+01	4.309585e+01	1.291624e+02
639	1.939891e+01	2.720105e+03	4.346149e+02	4.292931e+02	8.049410e+01	4.302608e+01	1.279314e+02
640	1.942927e+01	2.718519e+03	4.351411e+02	4.292766e+02	8.017316e+01	4.317312e+01	1.272717e+02
641	1.945962e+01	2.703085e+03	4.354902e+02	4.292718e+02	8.015606e+01	4.293718e+01	1.261816e+02
642	1.948998e+01	2.722004e+03	4.359892e+02	4.291830e+02	8.027942e+01	4.317126e+01	1.252626e+02
643	1.952034e+01	2.700099e+03	4.364593e+02	4.291261e+02	8.032720e+01	4.279836e+01	1.244424e+02
644	1.955070e+01	2.720235e+03	4.370578e+02	4.290647e+02	7.974924e+01	4.343002e+01	1.237594e+02
645	1.958106e+01	2.713045e+03	4.372913e+02	4.291756e+02	8.032587e+01	4.300429e+01	1.228210e+02
646	1.961141e+01	2.729729e+03	4.376239e+02	4.293534e+02	7.975076e+01	4.358076e+01	1.221684e+02
647	1.964177e+01	2.723559e+03	4.379271e+02	4.292616e+02	8.011065e+01	4.328691e+01	1.210388e+02
648	1.967213e+01	2.721835e+03	4.385456e+02	4.289496e+02	8.071335e+01	4.293649e+01	1.201400e+02
649	1.970249e+01	2.707889e+03	4.391664e+02	4.289765e+02	8.036471e+01	4.290181e+01	1.195797e+02
650	1.973285e+01	2.696299e+03	4.394581e+02	4.289095e+02	8.040444e+01	4.269707e+01	1.187241e+02
651	1.976321e+01	2.714896e+03	4.398282e+02	4.287760e+02	8.041873e+01	4.298393e+01	1.175568e+02
652	1.979356e+01	2.703794e+03	4.404847e+02	4.287146e+02	8.038149e+01	4.282799e+01	1.170095e+02
653	1.982392e+01	2.712732e+03	4.407155e+02	4.286419e+02	8.056510e+01	4.287164e+01	1.159457e+02
654	1.985428e+01	2.715243e+03	4.410586e+02	4.285145e+02	8.073930e+01	4.281874e+01	1.147255e+02
655	1.988464e+01	2.704777e+03	4.415255e+02	4.283495e+02	8.043448e+01	4.281533e+01	1.143465e+02
656	1.991500e+01	2.696711e+03	4.416714e+02	4.280674e+02	8.054726e+01	4.262789e+01	1.131586e+02
657	1.994536e+01	2.707867e+03	4.422765e+02	4.278900e+02	8.056636e+01	4.279409e+01	1.121416e+02
658	1.997571e+01	2.710098e+03	4.425637e+02	4.277352e+02	8.078709e+01	4.271231e+01	1.110421e+02
659	2.000607e+01	2.703371e+03	4.431429e+02	4.275741e+02	8.061995e+01	4.269462e+01	1.102247e+02
660	2.003643e+01	2.693801e+03	4.435673e+02	4.273736e+02	8.025986e+01	4.273436e+01	1.097029e+02
661	2.006679e+01	2.709733e+03	4.438810e+02	4.271898e+02	8.092185e+01	4.263544e+01	1.085169e+02
662	2.009715e+01	2.710538e+03	4.440927e+02	4.268947e+02	8.078745e+01	4.271906e+01	1.079811e+02
663	2.012750e+01	2.716482e+03	4.445504e+02	4.267295e+02	8.093712e+01	4.273357e+01	1.071373e+02
664	2.015786e+01	2.696095e+03	4.448865e+02	4.265946e+02	8.059772e+01	4.259145e+01	1.064811e+02
665	2.018822e+01	2.702464e+03	4.452746e+02	4.263263e+02	8.070853e+01	4.263346e+01	1.053004e+02
666	2.021858e+01	2.705887e+03	4.456104e+02	4.261079e+02	8.067332e+01	4.270609e+01	1.041284e+02
667	2.024894e+01	2.718941e+03	4.462878e+02	4.259175e+02	8.121958e+01	4.262350e+01	1.031425e+02
668	2.027930e+01	2.707140e+03	4.465279e+02	4.255816e+02	8.110214e+01	4.249995e+01	1.023165e+02
669	2.030965e+01	2.694747e+03	4.471226e+02	4.254505e+02	8.069046e+01	4.252124e+01	1.010378e+02
670	2.034001e+01	2.701065e+03	4.470538e+02	4.251692e+02	8.072250e+01	4.260402e+01	1.006290e+02
671	2.037037e+01	2.701943e+03	4.474808e+02	4.248730e+02	8.063461e+01	4.266432e+01	9.963934e+01
672	2.040073e+01	2.706296e+03	4.478856e+02	4.245810e+02	8.103813e+01	4.252027e+01	9.821265e+01
673	2.043109e+01	2.710483e+03	4.480968e+02	4.243450e+02	8.107830e+01	4.256495e+01	9.722160e+01
674	2.046145e+01	2.701812e+03	4.486264e+02	4.240297e+02	8.118169e+01	4.237476e+01	9.616008e+01
675	2.049180e+01	2.698935e+03	4.487173e+02	4.236977e+02	8.065823e+01	4.260434e+01	9.555853e+01
676	2.052216e+01	2.711985e+03	4.491713e+02	4.234611e+02	8.133353e+01	4.245490e+01	9.421192e+01
677	2.055252e+01	2.706802e+03	4.492629e+02	4.231129e+02	8.105884e+01	4.251736e+01	9.333223e+01
678	2.058288e+01	2.713475e+03	4.497151e+02	4.227874e+02	8.109676e+01	4.260225e+01	9.240865e+01
679	2.061324e+01	2.703957e+03	4.499703e+02	4.224412e+02	8.075838e+01	4.263068e+01	9.121689e+01
680	2.064359e+01	2.704929e+03	4.502037e+02	4.220712e+02	8.123292e+01	4.239688e+01	9.007561e+01
681	2.067395e+01	2.713269e+03	4.504581e+02	4.217464e+02	8.126592e+01	4.251033e+01	8.902934e+01
682	2.070431e+01	2.712842e+03	4.506949e+02	4.214398e+02	8.128249e+01	4.249498e+01	8.822660e+01
683	2.073467e+01	2.709322e+03	4.509397e+02	4.211925e+02	8.095174e+01	4.261324e+01	8.752392e+01
684	2.076503e+01	2.704692e+03	4.511495e+02	4.209901e+02	8.105798e+01	4.248466e+01	8.688420e+01
685	2.079539e+01	2.720455e+03	4.514283e+02	4.206805e+02	8.096674e+01	4.278041e+01	8.597131e+01
686	2.082574e+01	2.705701e+03	4.516652e+02	4.204187e+02	8.091700e+01	4.257456e+01	8.535135e+01
687	2.085610e+01	2.704709e+03	4.518807e+02	4.200653e+02	8.104548e+01	4.249149e+01	8.438041e+01
688	2.088646e+01	2.704331e+03	4.520953e+02	4.198130e+02	8.081606e+01	4.260616e+01	8.349123e+01
689	2.091682e+01	2.694681e+03	4.523503e+02	4.194841e+02	8.050243e+01	4.261951e+01	8.278368e+01
690	2.094718e+01	2.710798e+03	4.527395e+02	4.191784e+02	8.086418e+01	4.268261e+01	8.182636e+01
691	2.097753e+01	2.709867e+03	4.530701e+02	4.187733e+02	8.079339e+01	4.270534e+01	8.082096e+01
692	2.100789e+01	2.694269e+03	4.531733e+02	4.185001e+02	8.046281e+01	4.263398e+01	8.059937e+01
693	2.103825e+01	2.704717e+03	4.534043e+02	4.181225e+02	8.068138e+01	4.268336e+01	7.930351e+01
694	2.106861e+01	2.706035e+03	4.537079e+02	4.177454e+02	8.070281e+01	4.269283e+01	7.856783e+01
695	2.109897e+01	2.699054e+03	4.540045e+02	4.172581e+02	8.057149e+01	4.265209e+01	7.720467e+01
696	2.112933e+01	2.706458e+03	4.542597e+02	4.168768e+02	8.086095e+01	4.261598e+01	7.672410e+01
697	2.115968e+01	2.724280e+03	4.542545e+02	4.165268e+02	8.138289e+01	4.262151e+01	7.640308e+01
698	2.119004e+01	2.705413e+03	4.545064e+02	4.162357e+02	8.083813e+01	4.261156e+01	7.511777e+01
699	2.122040e+01	2.714563e+03	4.546868e+02	4.158996e+02	8.103582e+01	4.265137e+01	7.395454e+01
700	2.125076e+01	2.719043e+03	4.549600e+02	4.154465e+02	8.079928e+01	4.284684e+01	7.319861e+01
701	2.128112e+01	2.722596e+03	4.552417e+02	4.150752e+02	8.105196e+01	4.276907e+01	7.215398e+01
702	2.131148e+01	2.699947e+03	4.554766e+02	4.146937e+02	8.047953e+01	4.271495e+01	7.152513e+01
703	2.134183e+01	2.709785e+03	4.555173e+02	4.142343e+02	8.079987e+01	4.270064e+01	7.064929e+01
704	2.137219e+01	2.716339e+03	4.556299e+02	4.138360e+02	8.059272e+01	4.291393e+01	6.927988e+01
705	2.140255e+01	2.706944e+03	4.558895e+02	4.134393e+02	7.999686e+01	4.308405e+01	6.859334e+01
706	2.143291e+01	2.717884e+03	4.557983e+02	4.131239e+02	8.035443e+01	4.306566e+01	6.812821e+01
707	2.146327e+01	2.703605e+03	4.560035e+02	4.128415e+02	8.016086e+01	4.294287e+01	6.660700e+01
708	2.149362e+01	2.711150e+03	4.562903e+02	4.122960e+02	8.025877e+01	4.301016e+01	6.571933e+01
709	2.152398e+01	2.721345e+03	4.562918e+02	4.118841e+02	7.974615e+01	4.344941e+01	6.531500e+01
710	2.155434e+01	2.716741e+03	4.564521e+02	4.115389e+02	8.051040e+01	4.296416e+01	6.389495e+01
711	2.158470e+01	2.717259e+03	4.566528e+02	4.110242e+02	8.021986e+01	4.312800e+01	6.289714e+01
712	2.161506e+01	2.721892e+03	4.567724e+02	4.106473e+02	8.031533e+01	4.315017e+01	6.177728e+01
713	2.164542e+01	2.704062e+03	4.565952e+02	4.103103e+02	7.982159e+01	4.313268e+01	6.069586e+01
714	2.167577e+01	2.712451e+03	4.568128e+02	4.097794e+02	8.020432e+01	4.306003e+01	5.964082e+01
715	2.170613e+01	2.711169e+03	4.567799e+02	4.093755e+02	7.976450e+01	4.327699e+01	5.845950e+01
716	2.173649e+01	2.714921e+03	4.567505e+02	4.090571e+02	8.014530e+01	4.313098e+01	5.736831e+01
717	2.176685e+01	2.721196e+03	4.567933e+02	4.084179e+02	7.962956e+01	4.351065e+01	5.642353e+01
718	2.179721e+01	2.726978e+03	4.569291e+02	4.080571e+02	7.979448e+01	4.351299e+01	5.524596e+01
719	2.182757e+01	2.718796e+03	4.568630e+02	4.077080e+02	7.971284e+01	4.342687e+01	5.432867e+01
720	2.185792e+01	2.720916e+03	4.567063e+02	4.072802e+02	7.940736e+01	4.362791e+01	5.360655e+01
721	2.188828e+01	2.752516e+03	4.564791e+02	4.068910e+02	8.026342e+01	4.366388e+01	5.325846e+01
722	2.191864e+01	2.727146e+03	4.568691e+02	4.062765e+02	7.981158e+01	4.350634e+01	5.057209e+01
723	2.194900e+01	2.724857e+03	4.567527e+02	4.060406e+02	8.009129e+01	4.331802e+01	4.999527e+01
724	2.197936e+01	2.719977e+03	4.569591e+02	4.054543e+02	7.983138e+01	4.338121e+01	4.863594e+01
725	2.200971e+01	2.713615e+03	4.569249e+02	4.050798e+02	7.948034e+01	4.347090e+01	4.764709e+01
726	2.204007e+01	2.711601e+03	4.569293e+02	4.046410e+02	7.954359e+01	4.340409e+01	4.644859e+01
727	2.207043e+01	2.711433e+03	4.569217e+02	4.041650e+02	7.959923e+01	4.337107e+01	4.510168e+01
728	2.210079e+01	2.705192e+03	4.568378e+02	4.037315e+02	7.964140e+01	4.324833e+01	4.394326e+01
729	2.213115e+01	2.722525e+03	4.568313e+02	4.032565e+02	7.958379e+01	4.355694e+01	4.276857e+01
730	2.216151e+01	2.767339e+03	4.563960e+02	4.031021e+02	8.042547e+01	4.381057e+01	4.302246e+01
731	2.219186e+01	2.722527e+03	4.565515e+02	4.026732e+02	7.968951e+01	4.349918e+01	4.143026e+01
732	2.222222e+01	2.728118e+03	4.566433e+02	4.020872e+02	7.954738e+01	4.366639e+01	4.023171e+01
733	2.225258e+01	2.724205e+03	4.565183e+02	4.016037e+02	7.921992e+01	4.378401e+01	3.943904e+01
734	2.228294e+01	2.730897e+03	4.564940e+02	4.010698e+02	7.882393e+01	4.411207e+01	3.832965e+01
735	2.231330e+01	2.720507e+03	4.564292e+02	4.008992e+02	7.922882e+01	4.371965e+01	3.774932e+01
736	2.234366e+01	2.724686e+03	4.561207e+02	4.006422e+02	7.928979e+01	4.375315e+01	3.728300e+01
737	2.237401e+01	2.735107e+03	4.561816e+02	4.001505e+02	7.960935e+01	4.374418e+01	3.588257e+01
738	2.240437e+01	2.716392e+03	4.562795e+02	3.997953e+02	7.955193e+01	4.347622e+01	3.480530e+01
739	2.243473e+01	2.730764e+03	4.560474e+02	3.992864e+02	7.945409e+01	4.376007e+01	3.386563e+01
740	2.246509e+01	2.722081e+03	4.559293e+02	3.988844e+02	7.956479e+01	4.356024e+01	3.310767e+01
741	2.249545e+01	2.744928e+03	4.558601e+02	3.982101e+02	7.951846e+01	4.395144e+01	3.206223e+01
742	2.252580e+01	2.719809e+03	4.556007e+02	3.981166e+02	7.928265e+01	4.367877e+01	3.144881e+01
743	2.255616e+01	2.724131e+03	4.556541e+02	3.975123e+02	7.934563e+01	4.371344e+01	2.986208e+01
744	2.258652e+01	2.744130e+03	4.555063e+02	3.972433e+02	7.994778e+01	4.370271e+01	2.944765e+01
745	2.261688e+01	2.724931e+03	4.553549e+02	3.968464e+02	7.949521e+01	4.364401e+01	2.862889e+01
746	2.264724e+01	2.721799e+03	4.552995e+02	3.965155e+02	7.916614e+01	4.377505e+01	2.744465e+01
747	2.267760e+01	2.745003e+03	4.550938e+02	3.960328e+02	7.981478e+01	4.378947e+01	2.628035e+01
748	2.270795e+01	2.715303e+03	4.548954e+02	3.959143e+02	7.902001e+01	4.375134e+01	2.568799e+01
749	2.273831e+01	2.717302e+03	4.545809e+02	3.954875e+02	7.905892e+01	4.376200e+01	2.404958e+01
750	2.276867e+01	2.781141e+03	4.540900e+02	3.948575e+02	7.880721e+01	4.493319e+01	2.317948e+01
751	2.279903e+01	2.720586e+03	4.542165e+02	3.946776e+02	7.925266e+01	4.370777e+01	2.178841e+01
752	2.282939e+01	2.752781e+03	4.538051e+02	3.945927e+02	7.973434e+01	4.395784e+01	2.170725e+01
753	2.285974e+01	2.742521e+03	4.538828e+02	3.940090e+02	7.937846e+01	4.399035e+01	2.002608e+01
754	2.289010e+01	2.757513e+03	4.534504e+02	3.940700e+02	7.978472e+01	4.400560e+01	2.025532e+01
755	2.292046e+01	2.748067e+03	4.534240e+02	3.935290e+02	7.984617e+01	4.382110e+01	1.896099e+01
756	2.295082e+01	2.731963e+03	4.533343e+02	3.931678e+02	7.935226e+01	4.383548e+01	1.722165e+01
757	2.298118e+01	2.743885e+03	4.531710e+02	3.925886e+02	7.980003e+01	4.377971e+01	1.595273e+01
758	2.301154e+01	2.740499e+03	4.527000e+02	3.922863e+02	7.944339e+01	4.392200e+01	1.474491e+01
759	2.304189e+01	2.752348e+03	4.524362e+02	3.920501e+02	7.967181e+01	4.398543e+01	1.452992e+01
760	2.307225e+01	2.738536e+03	4.522826e+02	3.916911e+02	7.942357e+01	4.390149e+01	1.352522e+01
761	2.310261e+01	2.730120e+03	4.520368e+02	3.915009e+02	7.957938e+01	4.368088e+01	1.192432e+01
762	2.313297e+01	2.723246e+03	4.518225e+02	3.910783e+02	7.979422e+01	4.345358e+01	1.092734e+01
763	2.316333e+01	2.727735e+03	4.516384e+02	3.909169e+02	7.962570e+01	4.361732e+01	1.030493e+01
764	2.319369e+01	2.728063e+03	4.513840e+02	3.903507e+02	7.897852e+01	4.398003e+01	9.002897e+00
765	2.322404e+01	2.747388e+03	4.510478e+02	3.902926e+02	7.926432e+01	4.413187e+01	8.963153e+00
766	2.325440e+01	2.777686e+03	4.505007e+02	3.898688e+02	7.903902e+01	4.474575e+01	8.173064e+00
767	2.328476e+01	2.733900e+03	4.506987e+02	3.892966e+02	7.964078e+01	4.370763e+01	6.329338e+00
768	2.331512e+01	2.735514e+03	4.502127e+02	3.892173e+02	7.933484e+01	4.390208e+01	5.512228e+00
769	2.334548e+01	2.734948e+03	4.501192e+02	3.887723e+02	7.943975e+01	4.383503e+01	4.076146e+00
770	2.337583e+01	2.733858e+03	4.498651e+02	3.885398e+02	7.939375e+01	4.384295e+01	3.298996e+00
771	2.340619e+01	2.759857e+03	4.492691e+02	3.884368e+02	7.953655e+01	4.418042e+01	2.919513e+00
772	2.343655e+01	2.727810e+03	4.492288e+02	3.879465e+02	7.925355e+01	4.382334e+01	1.145619e+00
773	2.346691e+01	2.734795e+03	4.489315e+02	3.878035e+02	7.917076e+01	4.398151e+01	8.917519e-02
774	2.349727e+01	2.721267e+03	4.486786e+02	3.875378e+02	7.955177e+01	4.355434e+01	1.792184e+02
775	2.352763e+01	2.726316e+03	4.483371e+02	3.874289e+02	7.932272e+01	4.376115e+01	1.785063e+02
776	2.355798e+01	2.730181e+03	4.481295e+02	3.870027e+02	7.930637e+01	4.383222e+01	1.773133e+02
777	2.358834e+01	2.743160e+03	4.476055e+02	3.871079e+02	7.907089e+01	4.417175e+01	1.767589e+02
778	2.361870e+01	2.704086e+03	4.474287e+02	3.866302e+02	7.903856e+01	4.356037e+01	1.752120e+02
779	2.364906e+01	2.739289e+03	4.469561e+02	3.863632e+02	7.896663e+01	4.416766e+01	1.743049e+02
780	2.367942e+01	2.732952e+03	4.467267e+02	3.862423e+02	7.927843e+01	4.389218e+01	1.729438e+02
781	2.370978e+01	2.716585e+03	4.464220e+02	3.858550e+02	7.926231e+01	4.363819e+01	1.716533e+02
782	2.374013e+01	2.755545e+03	4.458778e+02	3.857417e+02	7.947884e+01	4.414343e+01	1.711895e+02
783	2.377049e+01	2.714460e+03	4.457551e+02	3.855714e+02	7.945261e+01	4.349961e+01	1.701667e+02
784	2.380085e+01	2.714940e+03	4.454237e+02	3.853927e+02	7.908917e+01	4.370724e+01	1.691835e+02
785	2.383121e+01	2.711737e+03	4.450415e+02	3.852145e+02	7.938205e+01	4.349461e+01	1.675597e+02
786	2.386157e+01	2.731640e+03	4.445198e+02	3.849236e+02	7.908186e+01	4.398015e+01	1.666231e+02
787	2.389192e+01	2.731129e+03	4.442208e+02	3.847063e+02	7.954620e+01	4.371524e+01	1.655345e+02
788	2.392228e+01	2.718698e+03	4.437220e+02	3.846094e+02	7.929033e+01	4.365669e+01	1.647544e+02
789	2.395264e+01	2.723584e+03	4.433802e+02	3.843521e+02	7.905113e+01	4.386750e+01	1.640181e+02
790	2.398300e+01	2.713572e+03	4.431670e+02	3.839594e+02	7.943891e+01	4.349288e+01	1.628665e+02
791	2.401336e+01	2.717387e+03	4.427078e+02	3.839842e+02	7.932225e+01	4.361808e+01	1.615063e+02
792	2.404372e+01	2.730669e+03	4.423592e+02	3.839761e+02	7.945672e+01	4.375711e+01	1.610087e+02
793	2.407407e+01	2.713793e+03	4.417941e+02	3.835354e+02	7.945638e+01	4.348686e+01	1.597853e+02
794	2.410443e+01	2.699407e+03	4.415995e+02	3.835672e+02	7.919283e+01	4.340028e+01	1.589448e+02
795	2.413479e+01	2.710245e+03	4.410868e+02	3.832496e+02	7.944849e+01	4.343432e+01	1.573135e+02
796	2.416515e+01	2.702441e+03	4.408115e+02	3.832738e+02	7.946985e+01	4.329762e+01	1.567055e+02
797	2.419551e+01	2.699525e+03	4.404259e+02	3.831035e+02	7.939168e+01	4.329348e+01	1.555923e+02
798	2.422587e+01	2.708037e+03	4.400362e+02	3.830493e+02	7.937785e+01	4.343756e+01	1.547143e+02
799	2.425622e+01	2.712299e+03	4.396620e+02	3.829052e+02	7.956394e+01	4.340416e+01	1.531170e+02
