1	3.052503e-02	2.670568e+03	3.758702e+02	3.998635e+02	8.008817e+01	4.245662e+01	6.869662e+01
2	6.105006e-02	2.663041e+03	3.753095e+02	3.991065e+02	8.026788e+01	4.224217e+01	7.111807e+01
3	9.157509e-02	2.673277e+03	3.747376e+02	3.983465e+02	8.049036e+01	4.228733e+01	7.351788e+01
4	1.221001e-01	2.670830e+03	3.742435e+02	3.973752e+02	8.064356e+01	4.216835e+01	7.620042e+01
5	1.526252e-01	2.672545e+03	3.735374e+02	3.966346e+02	8.076742e+01	4.213073e+01	7.892579e+01
6	1.831502e-01	2.664556e+03	3.731174e+02	3.955537e+02	8.039437e+01	4.219970e+01	8.141968e+01
7	2.136752e-01	2.680013e+03	3.724828e+02	3.946898e+02	8.056731e+01	4.235339e+01	8.414488e+01
8	2.442002e-01	2.673704e+03	3.721670e+02	3.937618e+02	8.085871e+01	4.210141e+01	8.672453e+01
9	2.747253e-01	2.675866e+03	3.717128e+02	3.928224e+02	8.068578e+01	4.222576e+01	8.911295e+01
10	3.052503e-01	2.674318e+03	3.715941e+02	3.917576e+02	8.058575e+01	4.225372e+01	9.197727e+01
11	3.357753e-01	2.681011e+03	3.714400e+02	3.907584e+02	8.049433e+01	4.240757e+01	9.463127e+01
12	3.663004e-01	2.672665e+03	3.711498e+02	3.897857e+02	8.031209e+01	4.237149e+01	9.705284e+01
13	3.968254e-01	2.676936e+03	3.710582e+02	3.888464e+02	8.034966e+01	4.241936e+01	9.968525e+01
14	4.273504e-01	2.687624e+03	3.709362e+02	3.878370e+02	8.036114e+01	4.258263e+01	1.027049e+02
15	4.578755e-01	2.676209e+03	3.707579e+02	3.867617e+02	8.018048e+01	4.249731e+01	1.053275e+02
16	4.884005e-01	2.677733e+03	3.707664e+02	3.857585e+02	8.049033e+01	4.235783e+01	1.078437e+02
17	5.189255e-01	2.682533e+03	3.707901e+02	3.848778e+02	7.982726e+01	4.278623e+01	1.100930e+02
18	5.494505e-01	2.683764e+03	3.708881e+02	3.836322e+02	8.007592e+01	4.267294e+01	1.131487e+02
19	5.799756e-01	2.695287e+03	3.708133e+02	3.826919e+02	8.000233e+01	4.289558e+01	1.154104e+02
20	6.105006e-01	2.696704e+03	3.709962e+02	3.816233e+02	8.032497e+01	4.274573e+01	1.178358e+02
21	6.410256e-01	2.695478e+03	3.712918e+02	3.809157e+02	7.974170e+01	4.303883e+01	1.204828e+02
22	6.715507e-01	2.707331e+03	3.715690e+02	3.799958e+02	8.017245e+01	4.299582e+01	1.223414e+02
23	7.020757e-01	2.698482e+03	3.719912e+02	3.790893e+02	7.978936e+01	4.306106e+01	1.251270e+02
24	7.326007e-01	2.692772e+03	3.725752e+02	3.782429e+02	7.966985e+01	4.303439e+01	1.275645e+02
25	7.631258e-01	2.683693e+03	3.730477e+02	3.774032e+02	7.971979e+01	4.286243e+01	1.303270e+02
26	7.936508e-01	2.685304e+03	3.735168e+02	3.766039e+02	7.958836e+01	4.295899e+01	1.329690e+02
27	8.241758e-01	2.699284e+03	3.739855e+02	3.757967e+02	7.967094e+01	4.313787e+01	1.351413e+02
28	8.547009e-01	2.707770e+03	3.744038e+02	3.749611e+02	7.956780e+01	4.332959e+01	1.372294e+02
29	8.852259e-01	2.725206e+03	3.747779e+02	3.742072e+02	7.909347e+01	4.387013e+01	1.396423e+02
30	9.157509e-01	2.709567e+03	3.754556e+02	3.733312e+02	7.978770e+01	4.323884e+01	1.426957e+02
31	9.462759e-01	2.711992e+03	3.761538e+02	3.727413e+02	7.962007e+01	4.336865e+01	1.451131e+02
32	9.768010e-01	2.701230e+03	3.768383e+02	3.719881e+02	7.940968e+01	4.331100e+01	1.478905e+02
33	1.007326e+00	2.733029e+03	3.773558e+02	3.712471e+02	7.965624e+01	4.368523e+01	1.501178e+02
34	1.037851e+00	2.705324e+03	3.782600e+02	3.706077e+02	7.954068e+01	4.330520e+01	1.533841e+02
35	1.068376e+00	2.731456e+03	3.786281e+02	3.699961e+02	7.921217e+01	4.390484e+01	1.547994e+02
36	1.098901e+00	2.719438e+03	3.795660e+02	3.693177e+02	7.940647e+01	4.360471e+01	1.578673e+02
37	1.129426e+00	2.710371e+03	3.803384e+02	3.687454e+02	7.957893e+01	4.336514e+01	1.609530e+02
38	1.159951e+00	2.725213e+03	3.809341e+02	3.683987e+02	7.934275e+01	4.373240e+01	1.635051e+02
39	1.190476e+00	2.706021e+03	3.818612e+02	3.679772e+02	7.948679e+01	4.334573e+01	1.660737e+02
40	1.221001e+00	2.711629e+03	3.824421e+02	3.674354e+02	7.961925e+01	4.336330e+01	1.685065e+02
41	1.251526e+00	2.705736e+03	3.833862e+02	3.671450e+02	7.963755e+01	4.325911e+01	1.713411e+02
42	1.282051e+00	2.716363e+03	3.840041e+02	3.668274e+02	7.919714e+01	4.367053e+01	1.744256e+02
43	1.312576e+00	2.707077e+03	3.849137e+02	3.663547e+02	7.903011e+01	4.361323e+01	1.765858e+02
44	1.343101e+00	2.725677e+03	3.857151e+02	3.659390e+02	7.911587e+01	4.386528e+01	3.841367e-01
45	1.373626e+00	2.712009e+03	3.867194e+02	3.656386e+02	7.920301e+01	4.359729e+01	3.575861e+00
46	1.404151e+00	2.701091e+03	3.875292e+02	3.653963e+02	7.906574e+01	4.349717e+01	5.793634e+00
47	1.434676e+00	2.704619e+03	3.884187e+02	3.654517e+02	7.901087e+01	4.358422e+01	9.164714e+00
48	1.465201e+00	2.700528e+03	3.895617e+02	3.649885e+02	7.916136e+01	4.343557e+01	1.217502e+01
49	1.495726e+00	2.722844e+03	3.905578e+02	3.649703e+02	7.929069e+01	4.372308e+01	1.536950e+01
50	1.526252e+00	2.741580e+03	3.911984e+02	3.647989e+02	7.863074e+01	4.439342e+01	1.819714e+01
51	1.556777e+00	2.705758e+03	3.924019e+02	3.650324e+02	7.889688e+01	4.366557e+01	2.151257e+01
52	1.587302e+00	2.723277e+03	3.933243e+02	3.648129e+02	7.905933e+01	4.385799e+01	2.401002e+01
53	1.617827e+00	2.731473e+03	3.942886e+02	3.649252e+02	7.949966e+01	4.374633e+01	2.737556e+01
54	1.648352e+00	2.685833e+03	3.950847e+02	3.653947e+02	7.851665e+01	4.355393e+01	3.019515e+01
55	1.678877e+00	2.668889e+03	3.960326e+02	3.655677e+02	7.832356e+01	4.338586e+01	3.324831e+01
56	1.709402e+00	2.698722e+03	3.967786e+02	3.658128e+02	7.862148e+01	4.370459e+01	3.704499e+01
57	1.739927e+00	2.665524e+03	3.980068e+02	3.659438e+02	7.837509e+01	4.330267e+01	3.891898e+01
58	1.770452e+00	2.682063e+03	3.989568e+02	3.661369e+02	7.866410e+01	4.341127e+01	4.224559e+01
59	1.800977e+00	2.730056e+03	3.991904e+02	3.665857e+02	7.899635e+01	4.400222e+01	4.677899e+01
60	1.831502e+00	2.668693e+03	4.007141e+02	3.668513e+02	7.831080e+01	4.338975e+01	4.806057e+01
61	1.862027e+00	2.667684e+03	4.016459e+02	3.671895e+02	7.834734e+01	4.335312e+01	5.109184e+01
62	1.892552e+00	2.684973e+03	4.022532e+02	3.678770e+02	7.913843e+01	4.319790e+01	5.392379e+01
63	1.923077e+00	2.663440e+03	4.031553e+02	3.682340e+02	7.876186e+01	4.305633e+01	5.701291e+01
64	1.953602e+00	2.681512e+03	4.042887e+02	3.687260e+02	7.878782e+01	4.333420e+01	5.962400e+01
65	1.984127e+00	2.684953e+03	4.048282e+02	3.694868e+02	7.926272e+01	4.312983e+01	6.318286e+01
66	2.014652e+00	2.687076e+03	4.056108e+02	3.700530e+02	7.949523e+01	4.303770e+01	6.527241e+01
67	2.045177e+00	2.678934e+03	4.061017e+02	3.708877e+02	7.935062e+01	4.298549e+01	6.826060e+01
68	2.075702e+00	2.679398e+03	4.068353e+02	3.716140e+02	7.959911e+01	4.285872e+01	7.113008e+01
69	2.106227e+00	2.680464e+03	4.076526e+02	3.723233e+02	7.961462e+01	4.286741e+01	7.421310e+01
70	2.136752e+00	2.703300e+03	4.081245e+02	3.731797e+02	8.036494e+01	4.282897e+01	7.655604e+01
71	2.167277e+00	2.696828e+03	4.088479e+02	3.739971e+02	8.056803e+01	4.261875e+01	7.962903e+01
72	2.197802e+00	2.663633e+03	4.094926e+02	3.747929e+02	7.960512e+01	4.260332e+01	8.227153e+01
73	2.228327e+00	2.687021e+03	4.102268e+02	3.756075e+02	8.028551e+01	4.261318e+01	8.471545e+01
74	2.258852e+00	2.682168e+03	4.105705e+02	3.767306e+02	7.993828e+01	4.272099e+01	8.802859e+01
75	2.289377e+00	2.680922e+03	4.109510e+02	3.777663e+02	8.012030e+01	4.260413e+01	9.071269e+01
76	2.319902e+00	2.697255e+03	4.113596e+02	3.786959e+02	8.023476e+01	4.280254e+01	9.335739e+01
77	2.350427e+00	2.693663e+03	4.118337e+02	3.796395e+02	8.024921e+01	4.273785e+01	9.611177e+01
78	2.380952e+00	2.704297e+03	4.120983e+02	3.807723e+02	8.050533e+01	4.277006e+01	9.920425e+01
79	2.411477e+00	2.698757e+03	4.124749e+02	3.818422e+02	8.024738e+01	4.281964e+01	1.016856e+02
80	2.442002e+00	2.709282e+03	4.127369e+02	3.828183e+02	8.038419e+01	4.291348e+01	1.048846e+02
81	2.472527e+00	2.709257e+03	4.128807e+02	3.838902e+02	8.023904e+01	4.299071e+01	1.075443e+02
82	2.503053e+00	2.711311e+03	4.131515e+02	3.851738e+02	8.043673e+01	4.291757e+01	1.102330e+02
83	2.533578e+00	2.697993e+03	4.132549e+02	3.861203e+02	8.010976e+01	4.288107e+01	1.132343e+02
84	2.564103e+00	2.698044e+03	4.132861e+02	3.872248e+02	7.945380e+01	4.323589e+01	1.163530e+02
85	2.594628e+00	2.699253e+03	4.133130e+02	3.884114e+02	7.978611e+01	4.307511e+01	1.186180e+02
86	2.625153e+00	2.703804e+03	4.131920e+02	3.894146e+02	7.960754e+01	4.324452e+01	1.214019e+02
87	2.655678e+00	2.694498e+03	4.130045e+02	3.905696e+02	7.925105e+01	4.328954e+01	1.239597e+02
88	2.686203e+00	2.704145e+03	4.128545e+02	3.916383e+02	7.970475e+01	4.319722e+01	1.266360e+02
89	2.716728e+00	2.710497e+03	4.127302e+02	3.928825e+02	7.961830e+01	4.334572e+01	1.296272e+02
90	2.747253e+00	2.693481e+03	4.124317e+02	3.938465e+02	7.963481e+01	4.306466e+01	1.320024e+02
91	2.777778e+00	2.714283e+03	4.120284e+02	3.950196e+02	7.949168e+01	4.347540e+01	1.346820e+02
92	2.808303e+00	2.750905e+03	4.116101e+02	3.962182e+02	7.902145e+01	4.432418e+01	1.374250e+02
93	2.838828e+00	2.722758e+03	4.114269e+02	3.969302e+02	7.994323e+01	4.336482e+01	1.392208e+02
94	2.869353e+00	2.709873e+03	4.110065e+02	3.979110e+02	7.953766e+01	4.337967e+01	1.423321e+02
95	2.899878e+00	2.706729e+03	4.105275e+02	3.988185e+02	7.995625e+01	4.310251e+01	1.446147e+02
96	2.930403e+00	2.710617e+03	4.101627e+02	3.997039e+02	7.974302e+01	4.327983e+01	1.469765e+02
97	2.960928e+00	2.713232e+03	4.095517e+02	4.006550e+02	7.994354e+01	4.321292e+01	1.499372e+02
98	2.991453e+00	2.727323e+03	4.090453e+02	4.015523e+02	7.982162e+01	4.350369e+01	1.517918e+02
99	3.021978e+00	2.731140e+03	4.085410e+02	4.026073e+02	7.997842e+01	4.347918e+01	1.543700e+02
100	3.052503e+00	2.747733e+03	4.078821e+02	4.034340e+02	8.023555e+01	4.360315e+01	1.562641e+02
101	3.083028e+00	2.729313e+03	4.071894e+02	4.043783e+02	8.002201e+01	4.342642e+01	1.595381e+02
102	3.113553e+00	2.742658e+03	4.063071e+02	4.049435e+02	8.016987e+01	4.355827e+01	1.613388e+02
103	3.144078e+00	2.742225e+03	4.057832e+02	4.059849e+02	8.016497e+01	4.355405e+01	1.649121e+02
104	3.174603e+00	2.698993e+03	4.048950e+02	4.063076e+02	7.985424e+01	4.303422e+01	1.674454e+02
105	3.205128e+00	2.712662e+03	4.040913e+02	4.070120e+02	7.961687e+01	4.338111e+01	1.697757e+02
106	3.235653e+00	2.695867e+03	4.033288e+02	4.074982e+02	8.033913e+01	4.272493e+01	1.719148e+02
107	3.266178e+00	2.711333e+03	4.024679e+02	4.078345e+02	8.026643e+01	4.300896e+01	1.743413e+02
108	3.296703e+00	2.715603e+03	4.014315e+02	4.083993e+02	7.982402e+01	4.331545e+01	1.776084e+02
109	3.327228e+00	2.705220e+03	4.006215e+02	4.090042e+02	8.012489e+01	4.298780e+01	3.505466e-02
110	3.357753e+00	2.700323e+03	3.997418e+02	4.095312e+02	8.008377e+01	4.293202e+01	2.604307e+00
111	3.388278e+00	2.707522e+03	3.987177e+02	4.098577e+02	7.922015e+01	4.351574e+01	6.101448e+00
112	3.418803e+00	2.704886e+03	3.977203e+02	4.103501e+02	7.957767e+01	4.327807e+01	8.904998e+00
113	3.449328e+00	2.707005e+03	3.968720e+02	4.102661e+02	7.982633e+01	4.317706e+01	1.198557e+01
114	3.479853e+00	2.701883e+03	3.959802e+02	4.103489e+02	7.956285e+01	4.323808e+01	1.459615e+01
115	3.510379e+00	2.690691e+03	3.950388e+02	4.105544e+02	7.965762e+01	4.300775e+01	1.792803e+01
116	3.540904e+00	2.710111e+03	3.940295e+02	4.105966e+02	7.965587e+01	4.331910e+01	2.069053e+01
117	3.571429e+00	2.732299e+03	3.927975e+02	4.107576e+02	7.929703e+01	4.387140e+01	2.483321e+01
118	3.601954e+00	2.694449e+03	3.919203e+02	4.106808e+02	7.940889e+01	4.320271e+01	2.636295e+01
119	3.632479e+00	2.711796e+03	3.910820e+02	4.105616e+02	7.952577e+01	4.341695e+01	2.974709e+01
120	3.663004e+00	2.715810e+03	3.898212e+02	4.105685e+02	7.933653e+01	4.358492e+01	3.262158e+01
121	3.693529e+00	2.701309e+03	3.889241e+02	4.103724e+02	7.987433e+01	4.306032e+01	3.469017e+01
122	3.724054e+00	2.687987e+03	3.880131e+02	4.104673e+02	7.962802e+01	4.298049e+01	3.755615e+01
123	3.754579e+00	2.667656e+03	3.871986e+02	4.098476e+02	7.901488e+01	4.298639e+01	4.054345e+01
124	3.785104e+00	2.694965e+03	3.860022e+02	4.096923e+02	7.965077e+01	4.307976e+01	4.420078e+01
125	3.815629e+00	2.690237e+03	3.853711e+02	4.091114e+02	7.980150e+01	4.292296e+01	4.698683e+01
126	3.846154e+00	2.667598e+03	3.841644e+02	4.089228e+02	7.916696e+01	4.290289e+01	4.938119e+01
127	3.876679e+00	2.673217e+03	3.832302e+02	4.084006e+02	7.933325e+01	4.290314e+01	5.255109e+01
128	3.907204e+00	2.685031e+03	3.826140e+02	4.076499e+02	7.968926e+01	4.290023e+01	5.590884e+01
129	3.937729e+00	2.682642e+03	3.816860e+02	4.071945e+02	8.040730e+01	4.247931e+01	5.892558e+01
130	3.968254e+00	2.697488e+03	3.809020e+02	4.066138e+02	8.051846e+01	4.265542e+01	6.167390e+01
131	3.998779e+00	2.682923e+03	3.802294e+02	4.058919e+02	8.046958e+01	4.245087e+01	6.430715e+01
132	4.029304e+00	2.680295e+03	3.793161e+02	4.051294e+02	8.066254e+01	4.230783e+01	6.708418e+01
133	4.059829e+00	2.676618e+03	3.785028e+02	4.044444e+02	8.052831e+01	4.232022e+01	7.007743e+01
134	4.090354e+00	2.670501e+03	3.777584e+02	4.036734e+02	8.020937e+01	4.239140e+01	7.285204e+01
135	4.120879e+00	2.682823e+03	3.772139e+02	4.028643e+02	8.063729e+01	4.236100e+01	7.570783e+01
136	4.151404e+00	2.678146e+03	3.766010e+02	4.020206e+02	8.071451e+01	4.224670e+01	7.850484e+01
137	4.181929e+00	2.674112e+03	3.757937e+02	4.010121e+02	8.085436e+01	4.211009e+01	8.104910e+01
138	4.212454e+00	2.680786e+03	3.754127e+02	4.001666e+02	8.094207e+01	4.216946e+01	8.380659e+01
139	4.242979e+00	2.683070e+03	3.749162e+02	3.991757e+02	8.091122e+01	4.222147e+01	8.664941e+01
140	4.273504e+00	2.685758e+03	3.744785e+02	3.984150e+02	8.116510e+01	4.213157e+01	8.875150e+01
141	4.304029e+00	2.689618e+03	3.741467e+02	3.975220e+02	8.101327e+01	4.227120e+01	9.151186e+01
142	4.334554e+00	2.678231e+03	3.737427e+02	3.965099e+02	8.064727e+01	4.228327e+01	9.418095e+01
143	4.365079e+00	2.685236e+03	3.736794e+02	3.954906e+02	8.070094e+01	4.236567e+01	9.645132e+01
144	4.395604e+00	2.674769e+03	3.734385e+02	3.945748e+02	8.077418e+01	4.216225e+01	9.913540e+01
145	4.426129e+00	2.688342e+03	3.733873e+02	3.935775e+02	8.091191e+01	4.230407e+01	1.015932e+02
146	4.456654e+00	2.696111e+03	3.731551e+02	3.925860e+02	8.086500e+01	4.245094e+01	1.038776e+02
147	4.487179e+00	2.697101e+03	3.730436e+02	3.915968e+02	8.072566e+01	4.253982e+01	1.063891e+02
148	4.517705e+00	2.686663e+03	3.731639e+02	3.907244e+02	8.065489e+01	4.241237e+01	1.089363e+02
149	4.548230e+00	2.693407e+03	3.731977e+02	3.897935e+02	8.016386e+01	4.277929e+01	1.113027e+02
150	4.578755e+00	2.704882e+03	3.731159e+02	3.887595e+02	8.046680e+01	4.279979e+01	1.140278e+02
151	4.609280e+00	2.696181e+03	3.733424e+02	3.878460e+02	7.985040e+01	4.299145e+01	1.169552e+02
152	4.639805e+00	2.702457e+03	3.737145e+02	3.869956e+02	8.009913e+01	4.295770e+01	1.191706e+02
153	4.670330e+00	2.699392e+03	3.738713e+02	3.860965e+02	8.009924e+01	4.290894e+01	1.219791e+02
154	4.700855e+00	2.703154e+03	3.741834e+02	3.851985e+02	7.965675e+01	4.320741e+01	1.245600e+02
155	4.731380e+00	2.743950e+03	3.741795e+02	3.842212e+02	7.995599e+01	4.369535e+01	1.257162e+02
156	4.761905e+00	2.711627e+03	3.748980e+02	3.832795e+02	8.007954e+01	4.311402e+01	1.291613e+02
157	4.792430e+00	2.697684e+03	3.751923e+02	3.825621e+02	7.955936e+01	4.317276e+01	1.313936e+02
158	4.822955e+00	2.691431e+03	3.756469e+02	3.817430e+02	7.972466e+01	4.298339e+01	1.337110e+02
159	4.853480e+00	2.701377e+03	3.761061e+02	3.810359e+02	7.956492e+01	4.322885e+01	1.362974e+02
160	4.884005e+00	2.701404e+03	3.765870e+02	3.802380e+02	7.947193e+01	4.327987e+01	1.387092e+02
161	4.914530e+00	2.703472e+03	3.769585e+02	3.793923e+02	7.973652e+01	4.316928e+01	1.406745e+02
162	4.945055e+00	2.711357e+03	3.775823e+02	3.788152e+02	7.999760e+01	4.315388e+01	1.432914e+02
163	4.975580e+00	2.712173e+03	3.780795e+02	3.781611e+02	7.967301e+01	4.334273e+01	1.452185e+02
164	5.006105e+00	2.694624e+03	3.799743e+02	3.761308e+02	7.940403e+01	4.320816e+01	1.531130e+02
165	5.036630e+00	2.712397e+03	3.805401e+02	3.752945e+02	7.946651e+01	4.345895e+01	1.559833e+02
166	5.067155e+00	2.726488e+03	3.808721e+02	3.745926e+02	7.961586e+01	4.360278e+01	1.579196e+02
167	5.097680e+00	2.711133e+03	3.818662e+02	3.741405e+02	7.946078e+01	4.344183e+01	1.612718e+02
168	5.128205e+00	2.703404e+03	3.824533e+02	3.737389e+02	7.941297e+01	4.334407e+01	1.638489e+02
169	5.158730e+00	2.704132e+03	3.831343e+02	3.730764e+02	7.934398e+01	4.339344e+01	1.664755e+02
170	5.189255e+00	2.684360e+03	3.839843e+02	3.727017e+02	7.944295e+01	4.302249e+01	1.693598e+02
171	5.219780e+00	2.709223e+03	3.846693e+02	3.721602e+02	7.942077e+01	4.343309e+01	1.714274e+02
172	5.250305e+00	2.725317e+03	3.854486e+02	3.724080e+02	7.986314e+01	4.344910e+01	1.753422e+02
173	5.280830e+00	2.707645e+03	3.862027e+02	3.715038e+02	7.911402e+01	4.357610e+01	1.768700e+02
174	5.311355e+00	2.703796e+03	3.872121e+02	3.711054e+02	7.892042e+01	4.362091e+01	2.293605e-01
175	5.341880e+00	2.710930e+03	3.879359e+02	3.708901e+02	7.876126e+01	4.382438e+01	2.843794e+00
176	5.372405e+00	2.725041e+03	3.890507e+02	3.702417e+02	7.956078e+01	4.360980e+01	6.299736e+00
177	5.402930e+00	2.731519e+03	3.897655e+02	3.701943e+02	7.940916e+01	4.379693e+01	8.833520e+00
178	5.433455e+00	2.760827e+03	3.905715e+02	3.699467e+02	7.864492e+01	4.469703e+01	1.136634e+01
179	5.463980e+00	2.746731e+03	3.915229e+02	3.697736e+02	7.879901e+01	4.438186e+01	1.433395e+01
180	5.494505e+00	2.725089e+03	3.928661e+02	3.699074e+02	7.923315e+01	4.379089e+01	1.739150e+01
181	5.525031e+00	2.706443e+03	3.936389e+02	3.701343e+02	7.910362e+01	4.356248e+01	2.008493e+01
182	5.555556e+00	2.678727e+03	3.946620e+02	3.701203e+02	7.851805e+01	4.343793e+01	2.282994e+01
183	5.586081e+00	2.722801e+03	3.954007e+02	3.701450e+02	7.934025e+01	4.369507e+01	2.575355e+01
184	5.616606e+00	2.698037e+03	3.964315e+02	3.702827e+02	7.876295e+01	4.361502e+01	2.871343e+01
185	5.647131e+00	2.694792e+03	3.973574e+02	3.703850e+02	7.862720e+01	4.363778e+01	3.133333e+01
186	5.677656e+00	2.723660e+03	3.978120e+02	3.708893e+02	7.864995e+01	4.409248e+01	3.623853e+01
187	5.708181e+00	2.687292e+03	3.990848e+02	3.708422e+02	7.837234e+01	4.365783e+01	3.746252e+01
188	5.738706e+00	2.699247e+03	3.999046e+02	3.711028e+02	7.897488e+01	4.351748e+01	4.099141e+01
189	5.769231e+00	2.682776e+03	4.006778e+02	3.713791e+02	7.861218e+01	4.345148e+01	4.344754e+01
190	5.799756e+00	2.685863e+03	4.022794e+02	3.723709e+02	7.858178e+01	4.351831e+01	4.984352e+01
191	5.830281e+00	2.684337e+03	4.030338e+02	3.727725e+02	7.885238e+01	4.334433e+01	5.233007e+01
192	5.860806e+00	2.700830e+03	4.037902e+02	3.732691e+02	7.914499e+01	4.344942e+01	5.547448e+01
193	5.891331e+00	2.686889e+03	4.045580e+02	3.739067e+02	7.871556e+01	4.346095e+01	5.806152e+01
194	5.921856e+00	2.699321e+03	4.053752e+02	3.745544e+02	7.962024e+01	4.316594e+01	6.139925e+01
195	5.952381e+00	2.684328e+03	4.061017e+02	3.751129e+02	7.938123e+01	4.305543e+01	6.402074e+01
196	5.982906e+00	2.680238e+03	4.068694e+02	3.759045e+02	7.952544e+01	4.291186e+01	6.690845e+01
197	6.013431e+00	2.695731e+03	4.075972e+02	3.766170e+02	7.983680e+01	4.299159e+01	7.020674e+01
198	6.043956e+00	2.677667e+03	4.082825e+02	3.774769e+02	7.961620e+01	4.282182e+01	7.272559e+01
199	6.074481e+00	2.695679e+03	4.088788e+02	3.783875e+02	8.011549e+01	4.284122e+01	7.602395e+01
200	6.105006e+00	2.675535e+03	4.093914e+02	3.791933e+02	7.982363e+01	4.267655e+01	7.854127e+01
201	6.135531e+00	2.672102e+03	4.101471e+02	3.801009e+02	7.959457e+01	4.274445e+01	8.133746e+01
202	6.166056e+00	2.688873e+03	4.104816e+02	3.808430e+02	8.007777e+01	4.275318e+01	8.419449e+01
203	6.196581e+00	2.691831e+03	4.111102e+02	3.817980e+02	8.028869e+01	4.268777e+01	8.696931e+01
204	6.227106e+00	2.705200e+03	4.111628e+02	3.828527e+02	8.081274e+01	4.262159e+01	9.002027e+01
205	6.257631e+00	2.685340e+03	4.117331e+02	3.838631e+02	8.036930e+01	4.254213e+01	9.243664e+01
206	6.288156e+00	2.697982e+03	4.124300e+02	3.847691e+02	8.034465e+01	4.275551e+01	9.499995e+01
207	6.318681e+00	2.692370e+03	4.126820e+02	3.858225e+02	8.048932e+01	4.258990e+01	9.757980e+01
208	6.349206e+00	2.691369e+03	4.130668e+02	3.870008e+02	7.986549e+01	4.290661e+01	1.001860e+02
209	6.379731e+00	2.703017e+03	4.132954e+02	3.880953e+02	8.032190e+01	4.284744e+01	1.028353e+02
210	6.410256e+00	2.702247e+03	4.131629e+02	3.890848e+02	8.061167e+01	4.268126e+01	1.056113e+02
211	6.440781e+00	2.681289e+03	4.135874e+02	3.903437e+02	7.961478e+01	4.288052e+01	1.081301e+02
212	6.471306e+00	2.701464e+03	4.137301e+02	3.914435e+02	7.991461e+01	4.304107e+01	1.109235e+02
213	6.501832e+00	2.725193e+03	4.136786e+02	3.925681e+02	8.068995e+01	4.300193e+01	1.134311e+02
214	6.532357e+00	2.705180e+03	4.138152e+02	3.937328e+02	8.012164e+01	4.298891e+01	1.161224e+02
215	6.562882e+00	2.705589e+03	4.136343e+02	3.947423e+02	7.997551e+01	4.307397e+01	1.190899e+02
216	6.593407e+00	2.709510e+03	4.133734e+02	3.958288e+02	7.966476e+01	4.330466e+01	1.220910e+02
217	6.623932e+00	2.716683e+03	4.133552e+02	3.969369e+02	7.984337e+01	4.332217e+01	1.249323e+02
218	6.654457e+00	2.735004e+03	4.130453e+02	3.979677e+02	8.030675e+01	4.336267e+01	1.266715e+02
219	6.684982e+00	2.711738e+03	4.129329e+02	3.989828e+02	7.994260e+01	4.318964e+01	1.296970e+02
220	6.715507e+00	2.708871e+03	4.126481e+02	4.000356e+02	7.958338e+01	4.333872e+01	1.324210e+02
221	6.746032e+00	2.718145e+03	4.123140e+02	4.010444e+02	7.975320e+01	4.339450e+01	1.352063e+02
222	6.776557e+00	2.701771e+03	4.121238e+02	4.021650e+02	7.987961e+01	4.306483e+01	1.375058e+02
223	6.807082e+00	2.698980e+03	4.116376e+02	4.030306e+02	7.960660e+01	4.316788e+01	1.401231e+02
224	6.837607e+00	2.724491e+03	4.112422e+02	4.040967e+02	7.999490e+01	4.336438e+01	1.424077e+02
225	6.868132e+00	2.733094e+03	4.108029e+02	4.050200e+02	8.030042e+01	4.333581e+01	1.454508e+02
226	6.898657e+00	2.728137e+03	4.102474e+02	4.061649e+02	8.008099e+01	4.337574e+01	1.480400e+02
227	6.929182e+00	2.733832e+03	4.097072e+02	4.068272e+02	8.035535e+01	4.331788e+01	1.504234e+02
228	6.959707e+00	2.740122e+03	4.092718e+02	4.078871e+02	8.022546e+01	4.348784e+01	1.535273e+02
229	6.990232e+00	2.751896e+03	4.084003e+02	4.084376e+02	8.019851e+01	4.368937e+01	1.558063e+02
230	7.020757e+00	2.713395e+03	4.076920e+02	4.090286e+02	8.021912e+01	4.306707e+01	1.590455e+02
231	7.051282e+00	2.732084e+03	4.070499e+02	4.101623e+02	7.997936e+01	4.349369e+01	1.614405e+02
232	7.081807e+00	2.735729e+03	4.062652e+02	4.106689e+02	8.031364e+01	4.337045e+01	1.643616e+02
233	7.112332e+00	2.735017e+03	4.055052e+02	4.113025e+02	8.038458e+01	4.332089e+01	1.664317e+02
234	7.142857e+00	2.712943e+03	4.046322e+02	4.119344e+02	8.017535e+01	4.308340e+01	1.693163e+02
235	7.173382e+00	2.718602e+03	4.038183e+02	4.126171e+02	7.983037e+01	4.335983e+01	1.716734e+02
236	7.203907e+00	2.795501e+03	4.022894e+02	4.129236e+02	7.951767e+01	4.476165e+01	1.730497e+02
237	7.234432e+00	2.761733e+03	4.019763e+02	4.134394e+02	7.991571e+01	4.400071e+01	1.769792e+02
238	7.264957e+00	2.721260e+03	4.013950e+02	4.139379e+02	7.988092e+01	4.337476e+01	1.799231e+02
239	7.295482e+00	2.704915e+03	4.004991e+02	4.142466e+02	8.025204e+01	4.291486e+01	2.187411e+00
240	7.326007e+00	2.700603e+03	3.996610e+02	4.143808e+02	7.994273e+01	4.301221e+01	5.492597e+00
241	7.356532e+00	2.694512e+03	3.987706e+02	4.147702e+02	7.976109e+01	4.301294e+01	8.150591e+00
242	7.387057e+00	2.706510e+03	3.977068e+02	4.150812e+02	7.970159e+01	4.323672e+01	1.106450e+01
243	7.417582e+00	2.690739e+03	3.968546e+02	4.151747e+02	7.953474e+01	4.307495e+01	1.390170e+01
244	7.448107e+00	2.716553e+03	3.956093e+02	4.154476e+02	7.980087e+01	4.334317e+01	1.759552e+01
245	7.478632e+00	2.702860e+03	3.948992e+02	4.154167e+02	7.941984e+01	4.333159e+01	2.033222e+01
246	7.509158e+00	2.704465e+03	3.937928e+02	4.155111e+02	7.937050e+01	4.338427e+01	2.341425e+01
247	7.539683e+00	2.690700e+03	3.928143e+02	4.154826e+02	7.954288e+01	4.306992e+01	2.660139e+01
248	7.570208e+00	2.734131e+03	3.916519e+02	4.154949e+02	8.032201e+01	4.334060e+01	3.038603e+01
249	7.600733e+00	2.693724e+03	3.908971e+02	4.151695e+02	7.942001e+01	4.318504e+01	3.317291e+01
250	7.631258e+00	2.742256e+03	3.897560e+02	4.150116e+02	7.984793e+01	4.372748e+01	3.694890e+01
251	7.661783e+00	2.702793e+03	3.888254e+02	4.149034e+02	7.993382e+01	4.305190e+01	3.855821e+01
252	7.692308e+00	2.716794e+03	3.882816e+02	4.144001e+02	8.032748e+01	4.306284e+01	4.227650e+01
253	7.722833e+00	2.692454e+03	3.870471e+02	4.141900e+02	7.976447e+01	4.297827e+01	4.483753e+01
254	7.753358e+00	2.722912e+03	3.858983e+02	4.139225e+02	8.024429e+01	4.320455e+01	4.851216e+01
255	7.783883e+00	2.694312e+03	3.851641e+02	4.133816e+02	7.989944e+01	4.293528e+01	5.070732e+01
256	7.814408e+00	2.685108e+03	3.842674e+02	4.130446e+02	7.990437e+01	4.278596e+01	5.397094e+01
257	7.844933e+00	2.692499e+03	3.810745e+02	4.113505e+02	8.075545e+01	4.245157e+01	6.266885e+01
258	7.875458e+00	2.668823e+03	3.802631e+02	4.108236e+02	8.011227e+01	4.241611e+01	6.527549e+01
259	7.905983e+00	2.688450e+03	3.795569e+02	4.100400e+02	8.049033e+01	4.252736e+01	6.806117e+01
260	7.936508e+00	2.684851e+03	3.789008e+02	4.093139e+02	8.043777e+01	4.249818e+01	7.085355e+01
261	7.967033e+00	2.683233e+03	3.782088e+02	4.085669e+02	8.043390e+01	4.247461e+01	7.376869e+01
262	7.997558e+00	2.680736e+03	3.772854e+02	4.077257e+02	8.052486e+01	4.238714e+01	7.622571e+01
263	8.028083e+00	2.682381e+03	3.766259e+02	4.069160e+02	8.106440e+01	4.213087e+01	7.861147e+01
264	8.058608e+00	2.688587e+03	3.759784e+02	4.060657e+02	8.065706e+01	4.244161e+01	8.082510e+01
265	8.089133e+00	2.679255e+03	3.755432e+02	4.052859e+02	8.060271e+01	4.232281e+01	8.299019e+01
266	8.119658e+00	2.679015e+03	3.749118e+02	4.042869e+02	8.051142e+01	4.236701e+01	8.580399e+01
267	8.150183e+00	2.695190e+03	3.743292e+02	4.033632e+02	8.113640e+01	4.229449e+01	8.803865e+01
268	8.180708e+00	2.689815e+03	3.738263e+02	4.024084e+02	8.099321e+01	4.228477e+01	9.084589e+01
269	8.211233e+00	2.688941e+03	3.736415e+02	4.014756e+02	8.075507e+01	4.239568e+01	9.335632e+01
270	8.241758e+00	2.682036e+03	3.733589e+02	4.004809e+02	8.070076e+01	4.231527e+01	9.593226e+01
271	8.272283e+00	2.681162e+03	3.730551e+02	3.995965e+02	8.059200e+01	4.235857e+01	9.816248e+01
272	8.302808e+00	2.681455e+03	3.727149e+02	3.985130e+02	8.081234e+01	4.224768e+01	1.001622e+02
273	8.333333e+00	2.690366e+03	3.727196e+02	3.976080e+02	8.056219e+01	4.251971e+01	1.029581e+02
274	8.363858e+00	2.691983e+03	3.725489e+02	3.966171e+02	8.040063e+01	4.263076e+01	1.053212e+02
275	8.394383e+00	2.693864e+03	3.724358e+02	3.956437e+02	8.053839e+01	4.258757e+01	1.079456e+02
276	8.424908e+00	2.707991e+03	3.723497e+02	3.947245e+02	8.065713e+01	4.274788e+01	1.100222e+02
277	8.455433e+00	2.699161e+03	3.725264e+02	3.938377e+02	8.060529e+01	4.263589e+01	1.126999e+02
278	8.485958e+00	2.711726e+03	3.726469e+02	3.929350e+02	8.040336e+01	4.294195e+01	1.151562e+02
279	8.516484e+00	2.694223e+03	3.729276e+02	3.917986e+02	8.011962e+01	4.281587e+01	1.179651e+02
280	8.547009e+00	2.703053e+03	3.731576e+02	3.908735e+02	8.027446e+01	4.287333e+01	1.204632e+02
281	8.577534e+00	2.721464e+03	3.734305e+02	3.900345e+02	8.002384e+01	4.330054e+01	1.232044e+02
282	8.608059e+00	2.716922e+03	3.736908e+02	3.889652e+02	7.987542e+01	4.330860e+01	1.258742e+02
283	8.638584e+00	2.738035e+03	3.739458e+02	3.880629e+02	7.965118e+01	4.376802e+01	1.283366e+02
284	8.669109e+00	2.734349e+03	3.742060e+02	3.869870e+02	7.989368e+01	4.357642e+01	1.302464e+02
285	8.699634e+00	2.716655e+03	3.747611e+02	3.860761e+02	7.993545e+01	4.327182e+01	1.336152e+02
286	8.730159e+00	2.710658e+03	3.751169e+02	3.851637e+02	7.979073e+01	4.325462e+01	1.357128e+02
287	8.760684e+00	2.717013e+03	3.754929e+02	3.841782e+02	8.003722e+01	4.322249e+01	1.383023e+02
288	8.791209e+00	2.715264e+03	3.758839e+02	3.833199e+02	7.978886e+01	4.332912e+01	1.409985e+02
289	8.821734e+00	2.728450e+03	3.764001e+02	3.826107e+02	7.988740e+01	4.348583e+01	1.427972e+02
290	8.852259e+00	2.709825e+03	3.770651e+02	3.819512e+02	7.969335e+01	4.329416e+01	1.459193e+02
291	8.882784e+00	2.711311e+03	3.775692e+02	3.811208e+02	7.975918e+01	4.328215e+01	1.488769e+02
292	8.913309e+00	2.715675e+03	3.780642e+02	3.803052e+02	7.955488e+01	4.346314e+01	1.511711e+02
293	8.943834e+00	2.718424e+03	3.786942e+02	3.794986e+02	7.980386e+01	4.337140e+01	1.535599e+02
294	8.974359e+00	2.715776e+03	3.793258e+02	3.788434e+02	7.961729e+01	4.343069e+01	1.562037e+02
295	9.004884e+00	2.703600e+03	3.800659e+02	3.784540e+02	7.979446e+01	4.313997e+01	1.588214e+02
296	9.035409e+00	2.717821e+03	3.806840e+02	3.777067e+02	7.958187e+01	4.348273e+01	1.611610e+02
297	9.065934e+00	2.716285e+03	3.812817e+02	3.772687e+02	7.944779e+01	4.353150e+01	1.641230e+02
298	9.096459e+00	2.728045e+03	3.821527e+02	3.768463e+02	7.964847e+01	4.360982e+01	1.674826e+02
299	9.126984e+00	2.720550e+03	3.827198e+02	3.761484e+02	7.975428e+01	4.343231e+01	1.687818e+02
300	9.157509e+00	2.729455e+03	3.837171e+02	3.759504e+02	7.962067e+01	4.364759e+01	1.726924e+02
301	9.188034e+00	2.718002e+03	3.845902e+02	3.756076e+02	7.966756e+01	4.343887e+01	1.752056e+02
302	9.218559e+00	2.722098e+03	3.851960e+02	3.752939e+02	7.918102e+01	4.377164e+01	1.780454e+02
303	9.249084e+00	2.703720e+03	3.861273e+02	3.750450e+02	7.921216e+01	4.345902e+01	7.102178e-01
304	9.279609e+00	2.719748e+03	3.868670e+02	3.747916e+02	7.912146e+01	4.376677e+01	3.988666e+00
305	9.310134e+00	2.755127e+03	3.878030e+02	3.741373e+02	8.007744e+01	4.380680e+01	7.714178e+00
306	9.340659e+00	2.776051e+03	3.889767e+02	3.735800e+02	7.969466e+01	4.435150e+01	1.066814e+01
307	9.371184e+00	2.704209e+03	3.900372e+02	3.737718e+02	7.896586e+01	4.360247e+01	1.286776e+01
308	9.401709e+00	2.780140e+03	3.905507e+02	3.733358e+02	7.814342e+01	4.529855e+01	1.544951e+01
309	9.432234e+00	2.758290e+03	3.914179e+02	3.732393e+02	7.753442e+01	4.529554e+01	1.832847e+01
310	9.462759e+00	2.801596e+03	3.921649e+02	3.731255e+02	7.766989e+01	4.592646e+01	2.130261e+01
311	9.493284e+00	2.716389e+03	3.935333e+02	3.738222e+02	7.908649e+01	4.373204e+01	2.535508e+01
312	9.523810e+00	2.708456e+03	3.947094e+02	3.736410e+02	7.891261e+01	4.370041e+01	2.798527e+01
313	9.554335e+00	2.717234e+03	3.957494e+02	3.737800e+02	7.888792e+01	4.385575e+01	3.128613e+01
314	9.584860e+00	2.700231e+03	3.966942e+02	3.740630e+02	7.891556e+01	4.356607e+01	3.407426e+01
315	9.615385e+00	2.697763e+03	3.973162e+02	3.744866e+02	7.815947e+01	4.394731e+01	3.777745e+01
316	9.645910e+00	2.676747e+03	3.985471e+02	3.745973e+02	7.835448e+01	4.349642e+01	4.006758e+01
317	9.676435e+00	2.683088e+03	3.994853e+02	3.749382e+02	7.862584e+01	4.344899e+01	4.255091e+01
318	9.706960e+00	2.756276e+03	3.994879e+02	3.756988e+02	8.013898e+01	4.379142e+01	4.771550e+01
319	9.737485e+00	2.692495e+03	4.011779e+02	3.756131e+02	7.857345e+01	4.363040e+01	4.872250e+01
320	9.768010e+00	2.698907e+03	4.017116e+02	3.761280e+02	7.880825e+01	4.360400e+01	5.148904e+01
321	9.798535e+00	2.703870e+03	4.022962e+02	3.767850e+02	7.940412e+01	4.335636e+01	5.458482e+01
322	9.829060e+00	2.698482e+03	4.032838e+02	3.773331e+02	7.988983e+01	4.300689e+01	5.711331e+01
323	9.859585e+00	2.680154e+03	4.038488e+02	3.779583e+02	7.879896e+01	4.330613e+01	6.022660e+01
324	9.890110e+00	2.710779e+03	4.045746e+02	3.784794e+02	7.970867e+01	4.330107e+01	6.323586e+01
325	9.920635e+00	2.686133e+03	4.055987e+02	3.791880e+02	7.930082e+01	4.312807e+01	6.533887e+01
326	9.951160e+00	2.705984e+03	4.063347e+02	3.799430e+02	8.011638e+01	4.300451e+01	6.814621e+01
327	9.981685e+00	2.688885e+03	4.071762e+02	3.806653e+02	7.987846e+01	4.286005e+01	7.102437e+01
328	1.001221e+01	2.699843e+03	4.075875e+02	3.814419e+02	7.996862e+01	4.298619e+01	7.372699e+01
329	1.004274e+01	2.686935e+03	4.083221e+02	3.822700e+02	8.011802e+01	4.270091e+01	7.629368e+01
330	1.007326e+01	2.710483e+03	4.085792e+02	3.831250e+02	8.088290e+01	4.266779e+01	7.982658e+01
331	1.010379e+01	2.693444e+03	4.094467e+02	3.840573e+02	8.014869e+01	4.278797e+01	8.191222e+01
332	1.013431e+01	2.691605e+03	4.101266e+02	3.849062e+02	8.041061e+01	4.261947e+01	8.498122e+01
333	1.016484e+01	2.683964e+03	4.105116e+02	3.858963e+02	8.033703e+01	4.253741e+01	8.770204e+01
334	1.019536e+01	2.693289e+03	4.111254e+02	3.868330e+02	8.009865e+01	4.281223e+01	9.004078e+01
335	1.022589e+01	2.687258e+03	4.116384e+02	3.878142e+02	7.999938e+01	4.276937e+01	9.294299e+01
336	1.025641e+01	2.693519e+03	4.118672e+02	3.888343e+02	7.999497e+01	4.287138e+01	9.557083e+01
337	1.028694e+01	2.695255e+03	4.122643e+02	3.899480e+02	7.998863e+01	4.290242e+01	9.847470e+01
338	1.031746e+01	2.695630e+03	4.125226e+02	3.910228e+02	8.019862e+01	4.279603e+01	1.008715e+02
339	1.034799e+01	2.701063e+03	4.126311e+02	3.920314e+02	8.039262e+01	4.277880e+01	1.036460e+02
340	1.037851e+01	2.711377e+03	4.128705e+02	3.932058e+02	8.064665e+01	4.280688e+01	1.061956e+02
341	1.040904e+01	2.705707e+03	4.130673e+02	3.942522e+02	8.054667e+01	4.277040e+01	1.088892e+02
342	1.043956e+01	2.701023e+03	4.131227e+02	3.953425e+02	8.006739e+01	4.295193e+01	1.110982e+02
343	1.047009e+01	2.703077e+03	4.131942e+02	3.964337e+02	7.989154e+01	4.307920e+01	1.138638e+02
344	1.050061e+01	2.764084e+03	4.133515e+02	3.974649e+02	8.112218e+01	4.338322e+01	1.152412e+02
345	1.053114e+01	2.714007e+03	4.130832e+02	3.985124e+02	8.006245e+01	4.316108e+01	1.189413e+02
346	1.056166e+01	2.703180e+03	4.129510e+02	3.996811e+02	7.979897e+01	4.313082e+01	1.210933e+02
347	1.059219e+01	2.698469e+03	4.128342e+02	4.007507e+02	7.969748e+01	4.311050e+01	1.236330e+02
348	1.062271e+01	2.706905e+03	4.126052e+02	4.016838e+02	7.972253e+01	4.323167e+01	1.261033e+02
349	1.065324e+01	2.718770e+03	4.121920e+02	4.026198e+02	7.999463e+01	4.327347e+01	1.286001e+02
350	1.068376e+01	2.716192e+03	4.118004e+02	4.035451e+02	7.985419e+01	4.330847e+01	1.306849e+02
351	1.071429e+01	2.711478e+03	4.114591e+02	4.045877e+02	7.976725e+01	4.328044e+01	1.334811e+02
352	1.074481e+01	2.707322e+03	4.110674e+02	4.056181e+02	7.933411e+01	4.345003e+01	1.354857e+02
353	1.077534e+01	2.716645e+03	4.106346e+02	4.066338e+02	7.976896e+01	4.336198e+01	1.375922e+02
354	1.080586e+01	2.729169e+03	4.104962e+02	4.077551e+02	8.000822e+01	4.343161e+01	1.395559e+02
355	1.083639e+01	2.719290e+03	4.097352e+02	4.087083e+02	7.993694e+01	4.331299e+01	1.423731e+02
356	1.086691e+01	2.719449e+03	4.094291e+02	4.097061e+02	7.985004e+01	4.336266e+01	1.441062e+02
357	1.089744e+01	2.740565e+03	4.090146e+02	4.107691e+02	8.023587e+01	4.348922e+01	1.461883e+02
358	1.092796e+01	2.723356e+03	4.083988e+02	4.115368e+02	7.989421e+01	4.340094e+01	1.490768e+02
359	1.095849e+01	2.727198e+03	4.078094e+02	4.124477e+02	8.028107e+01	4.325275e+01	1.508917e+02
360	1.098901e+01	2.732961e+03	4.071326e+02	4.131224e+02	7.989653e+01	4.355276e+01	1.536494e+02
361	1.101954e+01	2.723635e+03	4.063465e+02	4.139576e+02	7.987913e+01	4.341359e+01	1.563691e+02
362	1.105006e+01	2.728849e+03	4.056853e+02	4.146974e+02	8.045043e+01	4.318782e+01	1.588094e+02
363	1.108059e+01	2.724412e+03	4.048592e+02	4.152839e+02	8.017607e+01	4.326514e+01	1.613855e+02
364	1.111111e+01	2.705120e+03	4.040522e+02	4.160418e+02	8.003722e+01	4.303330e+01	1.630955e+02
365	1.114164e+01	2.709174e+03	4.031745e+02	4.168812e+02	7.983340e+01	4.320782e+01	1.656135e+02
366	1.117216e+01	2.708595e+03	4.023040e+02	4.176002e+02	8.004354e+01	4.308518e+01	1.682812e+02
367	1.120269e+01	2.742981e+03	4.015363e+02	4.179283e+02	7.997359e+01	4.367032e+01	1.705906e+02
368	1.123321e+01	2.731651e+03	4.007050e+02	4.184541e+02	8.035892e+01	4.328140e+01	1.732437e+02
369	1.126374e+01	2.747495e+03	3.997653e+02	4.188959e+02	8.030385e+01	4.356229e+01	1.757971e+02
370	1.129426e+01	2.708881e+03	3.989798e+02	4.198874e+02	8.020801e+01	4.300137e+01	1.790748e+02
371	1.132479e+01	2.697753e+03	3.978703e+02	4.200923e+02	7.978889e+01	4.304967e+01	1.760486e+00
372	1.135531e+01	2.696679e+03	3.971763e+02	4.204527e+02	8.009203e+01	4.286966e+01	4.604078e+00
373	1.138584e+01	2.704554e+03	3.960984e+02	4.207998e+02	7.953461e+01	4.329619e+01	7.159945e+00
374	1.141636e+01	2.699269e+03	3.954523e+02	4.209391e+02	7.976091e+01	4.308897e+01	9.713151e+00
375	1.144689e+01	2.698652e+03	3.943169e+02	4.211622e+02	7.973663e+01	4.309225e+01	1.234786e+01
376	1.147741e+01	2.712201e+03	3.932895e+02	4.212883e+02	7.933022e+01	4.353046e+01	1.559949e+01
377	1.150794e+01	2.705178e+03	3.923676e+02	4.213540e+02	7.947296e+01	4.333977e+01	1.813585e+01
378	1.153846e+01	2.701762e+03	3.912702e+02	4.216110e+02	7.962672e+01	4.320146e+01	2.079918e+01
379	1.156899e+01	2.681030e+03	3.903285e+02	4.216089e+02	7.882201e+01	4.330762e+01	2.344087e+01
380	1.159951e+01	2.703306e+03	3.893602e+02	4.214925e+02	7.924783e+01	4.343282e+01	2.688323e+01
381	1.163004e+01	2.719795e+03	3.882533e+02	4.215349e+02	7.950642e+01	4.355561e+01	3.000829e+01
382	1.166056e+01	2.696176e+03	3.873923e+02	4.211042e+02	7.944231e+01	4.321222e+01	3.263496e+01
383	1.169109e+01	2.688132e+03	3.864810e+02	4.208752e+02	7.918635e+01	4.322255e+01	3.507879e+01
384	1.172161e+01	2.705291e+03	3.857192e+02	4.205621e+02	7.965720e+01	4.324134e+01	3.883552e+01
385	1.175214e+01	2.683600e+03	3.844739e+02	4.204600e+02	7.918666e+01	4.314951e+01	4.129855e+01
386	1.178266e+01	2.679341e+03	3.832769e+02	4.201498e+02	7.935402e+01	4.299018e+01	4.349396e+01
387	1.181319e+01	2.701402e+03	3.823934e+02	4.197952e+02	7.964379e+01	4.318643e+01	4.670547e+01
388	1.184371e+01	2.684724e+03	3.813864e+02	4.194352e+02	7.968434e+01	4.289798e+01	4.947904e+01
389	1.187424e+01	2.707849e+03	3.805585e+02	4.188925e+02	8.033025e+01	4.291958e+01	5.302037e+01
390	1.190476e+01	2.693602e+03	3.795500e+02	4.183938e+02	7.987829e+01	4.293533e+01	5.514924e+01
391	1.193529e+01	2.689914e+03	3.787852e+02	4.177511e+02	7.993520e+01	4.284602e+01	5.840979e+01
392	1.196581e+01	2.708926e+03	3.779225e+02	4.170579e+02	8.069531e+01	4.274240e+01	6.113804e+01
393	1.199634e+01	2.705601e+03	3.774186e+02	4.164156e+02	8.056026e+01	4.276150e+01	6.383475e+01
394	1.202686e+01	2.692669e+03	3.768498e+02	4.156878e+02	8.043771e+01	4.262195e+01	6.589698e+01
395	1.205739e+01	2.700405e+03	3.761105e+02	4.148880e+02	8.050755e+01	4.270732e+01	6.887487e+01
396	1.208791e+01	2.687740e+03	3.754340e+02	4.140016e+02	8.061523e+01	4.245024e+01	7.153201e+01
397	1.211844e+01	2.689294e+03	3.748377e+02	4.131884e+02	8.060053e+01	4.248254e+01	7.368410e+01
398	1.214896e+01	2.702525e+03	3.740371e+02	4.123366e+02	8.121279e+01	4.236969e+01	7.662202e+01
399	1.217949e+01	2.685928e+03	3.734236e+02	4.114634e+02	8.044438e+01	4.251172e+01	7.906306e+01
400	1.221001e+01	2.707810e+03	3.732514e+02	4.104135e+02	8.108453e+01	4.251972e+01	8.168383e+01
401	1.224054e+01	2.691752e+03	3.727045e+02	4.094322e+02	8.097713e+01	4.232361e+01	8.407211e+01
402	1.227106e+01	2.694794e+03	3.723660e+02	4.086058e+02	8.106236e+01	4.232690e+01	8.625667e+01
403	1.230159e+01	2.688200e+03	3.719039e+02	4.076621e+02	8.072832e+01	4.239805e+01	8.871665e+01
404	1.233211e+01	2.687300e+03	3.717486e+02	4.067796e+02	8.059011e+01	4.245653e+01	9.120483e+01
405	1.236264e+01	2.704034e+03	3.714009e+02	4.056475e+02	8.109190e+01	4.245657e+01	9.320195e+01
406	1.239316e+01	2.689638e+03	3.709214e+02	4.047396e+02	8.085989e+01	4.235170e+01	9.575187e+01
407	1.242369e+01	2.697912e+03	3.707044e+02	4.036266e+02	8.085485e+01	4.248463e+01	9.809343e+01
408	1.245421e+01	2.688642e+03	3.704682e+02	4.026974e+02	8.060112e+01	4.247193e+01	1.001526e+02
409	1.248474e+01	2.698442e+03	3.705268e+02	4.017003e+02	8.094155e+01	4.244746e+01	1.027921e+02
410	1.251526e+01	2.694678e+03	3.707235e+02	4.007540e+02	8.054848e+01	4.259510e+01	1.051721e+02
411	1.254579e+01	2.706333e+03	3.708138e+02	3.997916e+02	8.067955e+01	4.270983e+01	1.072145e+02
412	1.257631e+01	2.696302e+03	3.706085e+02	3.986028e+02	8.056744e+01	4.261073e+01	1.099355e+02
413	1.260684e+01	2.712006e+03	3.706683e+02	3.975514e+02	8.064329e+01	4.281860e+01	1.116786e+02
414	1.263736e+01	2.698275e+03	3.710918e+02	3.966852e+02	8.024124e+01	4.281527e+01	1.138747e+02
415	1.266789e+01	2.693817e+03	3.710685e+02	3.956654e+02	8.004524e+01	4.284919e+01	1.165691e+02
416	1.269841e+01	2.712100e+03	3.714568e+02	3.947548e+02	8.041159e+01	4.294347e+01	1.188383e+02
417	1.272894e+01	2.704576e+03	3.718468e+02	3.939646e+02	8.019824e+01	4.293827e+01	1.210606e+02
418	1.275946e+01	2.723253e+03	3.719059e+02	3.931794e+02	7.965281e+01	4.353083e+01	1.231732e+02
419	1.278999e+01	2.725274e+03	3.723815e+02	3.920732e+02	8.019234e+01	4.327006e+01	1.255946e+02
420	1.282051e+01	2.722606e+03	3.728711e+02	3.912647e+02	7.985858e+01	4.340836e+01	1.283333e+02
421	1.285104e+01	2.717340e+03	3.732282e+02	3.900358e+02	7.977341e+01	4.337066e+01	1.304688e+02
422	1.288156e+01	2.719630e+03	3.737152e+02	3.891201e+02	7.975969e+01	4.341467e+01	1.327793e+02
423	1.291209e+01	2.746467e+03	3.738589e+02	3.881827e+02	7.985836e+01	4.378890e+01	1.347756e+02
424	1.294261e+01	2.714017e+03	3.746968e+02	3.874777e+02	7.969628e+01	4.335954e+01	1.376247e+02
425	1.297314e+01	2.723202e+03	3.750739e+02	3.866011e+02	7.976906e+01	4.346658e+01	1.397282e+02
426	1.300366e+01	2.709947e+03	3.756065e+02	3.857325e+02	7.959364e+01	4.335033e+01	1.421612e+02
427	1.303419e+01	2.719523e+03	3.762245e+02	3.850382e+02	7.997012e+01	4.329873e+01	1.442551e+02
428	1.306471e+01	2.709104e+03	3.769083e+02	3.842718e+02	7.957076e+01	4.334933e+01	1.465408e+02
429	1.309524e+01	2.716876e+03	3.774690e+02	3.835590e+02	7.947948e+01	4.352362e+01	1.490013e+02
430	1.312576e+01	2.731785e+03	3.779253e+02	3.829576e+02	7.953148e+01	4.373384e+01	1.510656e+02
431	1.315629e+01	2.730137e+03	3.786447e+02	3.821992e+02	7.982446e+01	4.354703e+01	1.536223e+02
432	1.318681e+01	2.710690e+03	3.794695e+02	3.818599e+02	7.981070e+01	4.324429e+01	1.565792e+02
433	1.321734e+01	2.730011e+03	3.801384e+02	3.812243e+02	7.967564e+01	4.362635e+01	1.586302e+02
434	1.324786e+01	2.721536e+03	3.809378e+02	3.808264e+02	7.946117e+01	4.360831e+01	1.617777e+02
435	1.327839e+01	2.721527e+03	3.815943e+02	3.802144e+02	7.979254e+01	4.342707e+01	1.640331e+02
436	1.330891e+01	2.701879e+03	3.824150e+02	3.800149e+02	7.894300e+01	4.357750e+01	1.658146e+02
437	1.333944e+01	2.710622e+03	3.832759e+02	3.793744e+02	7.932428e+01	4.350838e+01	1.683231e+02
438	1.336996e+01	2.731078e+03	3.839873e+02	3.789355e+02	7.957993e+01	4.369590e+01	1.713272e+02
439	1.340049e+01	2.712736e+03	3.849048e+02	3.787971e+02	7.916866e+01	4.362791e+01	1.735583e+02
440	1.343101e+01	2.728258e+03	3.856071e+02	3.785359e+02	7.960915e+01	4.363475e+01	1.757778e+02
441	1.346154e+01	2.727792e+03	3.865251e+02	3.783882e+02	7.943284e+01	4.372415e+01	1.779933e+02
442	1.349206e+01	2.729969e+03	3.874769e+02	3.778491e+02	7.962758e+01	4.365202e+01	1.480868e+00
443	1.352259e+01	2.719369e+03	3.882133e+02	3.775875e+02	7.892188e+01	4.387133e+01	3.120040e+00
444	1.355311e+01	2.746619e+03	3.893582e+02	3.770587e+02	7.901850e+01	4.425677e+01	5.938660e+00
445	1.358364e+01	2.792936e+03	3.900359e+02	3.766048e+02	7.912910e+01	4.494019e+01	8.304886e+00
446	1.361416e+01	2.718494e+03	3.913445e+02	3.772288e+02	7.909569e+01	4.376085e+01	1.267107e+01
447	1.364469e+01	2.720208e+03	3.924278e+02	3.768729e+02	7.926724e+01	4.369367e+01	1.520334e+01
448	1.367521e+01	2.743530e+03	3.935293e+02	3.768672e+02	7.971731e+01	4.381948e+01	1.895778e+01
449	1.370574e+01	2.740057e+03	3.941947e+02	3.772473e+02	7.947109e+01	4.389959e+01	2.179385e+01
450	1.373626e+01	2.720679e+03	3.952781e+02	3.772298e+02	7.870343e+01	4.401430e+01	2.355385e+01
451	1.376679e+01	2.753375e+03	3.957722e+02	3.776140e+02	7.901122e+01	4.436973e+01	2.770343e+01
452	1.379731e+01	2.723202e+03	3.967237e+02	3.780236e+02	7.880830e+01	4.399649e+01	3.058163e+01
453	1.382784e+01	2.673069e+03	3.978919e+02	3.781374e+02	7.819342e+01	4.352612e+01	3.178227e+01
454	1.385836e+01	2.716912e+03	3.984522e+02	3.786473e+02	7.918248e+01	4.368745e+01	3.551841e+01
455	1.388889e+01	2.704908e+03	3.995937e+02	3.788979e+02	7.882062e+01	4.369410e+01	3.843309e+01
456	1.391941e+01	2.713424e+03	4.006263e+02	3.792034e+02	7.885223e+01	4.381409e+01	4.070411e+01
457	1.394994e+01	2.709144e+03	4.012490e+02	3.798238e+02	7.884618e+01	4.374833e+01	4.433266e+01
458	1.398046e+01	2.689271e+03	4.023557e+02	3.802250e+02	7.880666e+01	4.344920e+01	4.711734e+01
459	1.401099e+01	2.695482e+03	4.031359e+02	3.806014e+02	7.869211e+01	4.361294e+01	5.006867e+01
460	1.404151e+01	2.691273e+03	4.039081e+02	3.812549e+02	7.896478e+01	4.339447e+01	5.301628e+01
461	1.407204e+01	2.690027e+03	4.047901e+02	3.817449e+02	7.935783e+01	4.315956e+01	5.536756e+01
462	1.410256e+01	2.701632e+03	4.054074e+02	3.825436e+02	7.936333e+01	4.334274e+01	5.840856e+01
463	1.413309e+01	2.684532e+03	4.059867e+02	3.833344e+02	7.915289e+01	4.318291e+01	6.111755e+01
464	1.416361e+01	2.680645e+03	4.067127e+02	3.840507e+02	7.921871e+01	4.308455e+01	6.391358e+01
465	1.419414e+01	2.704122e+03	4.075065e+02	3.847633e+02	7.987900e+01	4.310263e+01	6.667126e+01
466	1.422466e+01	2.681348e+03	4.080086e+02	3.856557e+02	7.954912e+01	4.291686e+01	6.935352e+01
467	1.425519e+01	2.696830e+03	4.088781e+02	3.864248e+02	8.001720e+01	4.291216e+01	7.227075e+01
468	1.428571e+01	2.687034e+03	4.094520e+02	3.873370e+02	7.959306e+01	4.298412e+01	7.470232e+01
469	1.431624e+01	2.697280e+03	4.111709e+02	3.900759e+02	8.009498e+01	4.287763e+01	8.249313e+01
470	1.434676e+01	2.690671e+03	4.115757e+02	3.909885e+02	8.026772e+01	4.268053e+01	8.545364e+01
471	1.437729e+01	2.695383e+03	4.119342e+02	3.919310e+02	8.036133e+01	4.270547e+01	8.805627e+01
472	1.440781e+01	2.694947e+03	4.121711e+02	3.929244e+02	8.053042e+01	4.260890e+01	9.046662e+01
473	1.443834e+01	2.696155e+03	4.126476e+02	3.939782e+02	8.031342e+01	4.274318e+01	9.324510e+01
474	1.446886e+01	2.713718e+03	4.128652e+02	3.949823e+02	8.052893e+01	4.290648e+01	9.584601e+01
475	1.449939e+01	2.723824e+03	4.134450e+02	3.960320e+02	8.042928e+01	4.311963e+01	9.832771e+01
476	1.452991e+01	2.713940e+03	4.137556e+02	3.970866e+02	8.046406e+01	4.294459e+01	1.003473e+02
477	1.456044e+01	2.703002e+03	4.138527e+02	3.981703e+02	8.033913e+01	4.283801e+01	1.032502e+02
478	1.459096e+01	2.699539e+03	4.139794e+02	3.992712e+02	8.024663e+01	4.283245e+01	1.054311e+02
479	1.462149e+01	2.696511e+03	4.142876e+02	4.004548e+02	7.994965e+01	4.294334e+01	1.077190e+02
480	1.465201e+01	2.717308e+03	4.142141e+02	4.015293e+02	8.038461e+01	4.304038e+01	1.103512e+02
481	1.468254e+01	2.714049e+03	4.144119e+02	4.026709e+02	8.054855e+01	4.290127e+01	1.126339e+02
482	1.471306e+01	2.709344e+03	4.142870e+02	4.037438e+02	8.040508e+01	4.290331e+01	1.154410e+02
483	1.474359e+01	2.743154e+03	4.137680e+02	4.046474e+02	8.094959e+01	4.314650e+01	1.168660e+02
484	1.477411e+01	2.707926e+03	4.141165e+02	4.058433e+02	8.021167e+01	4.298425e+01	1.203988e+02
485	1.480464e+01	2.718874e+03	4.139582e+02	4.068224e+02	8.009903e+01	4.321872e+01	1.227328e+02
486	1.483516e+01	2.719431e+03	4.137737e+02	4.079457e+02	8.005421e+01	4.325178e+01	1.250092e+02
487	1.486569e+01	2.708000e+03	4.133355e+02	4.087552e+02	8.016122e+01	4.301249e+01	1.275234e+02
488	1.489621e+01	2.736799e+03	4.128889e+02	4.097808e+02	8.051862e+01	4.327696e+01	1.291952e+02
489	1.492674e+01	2.744427e+03	4.127628e+02	4.108401e+02	8.020486e+01	4.356736e+01	1.317977e+02
490	1.495726e+01	2.733592e+03	4.123169e+02	4.118247e+02	8.009910e+01	4.345264e+01	1.345667e+02
491	1.498779e+01	2.734812e+03	4.120775e+02	4.130213e+02	8.023444e+01	4.339871e+01	1.366174e+02
492	1.501832e+01	2.712139e+03	4.116069e+02	4.138978e+02	7.996232e+01	4.318538e+01	1.390049e+02
493	1.504884e+01	2.732874e+03	4.111219e+02	4.149460e+02	8.030273e+01	4.333108e+01	1.410159e+02
494	1.507937e+01	2.725761e+03	4.104322e+02	4.156048e+02	7.988356e+01	4.344507e+01	1.437108e+02
495	1.510989e+01	2.736990e+03	4.099517e+02	4.167064e+02	8.022420e+01	4.343882e+01	1.456272e+02
496	1.514042e+01	2.731690e+03	4.095070e+02	4.175295e+02	8.036136e+01	4.328070e+01	1.476464e+02
497	1.517094e+01	2.736376e+03	4.087512e+02	4.183165e+02	8.020309e+01	4.344050e+01	1.501128e+02
498	1.520147e+01	2.745388e+03	4.081182e+02	4.192507e+02	8.020064e+01	4.358489e+01	1.520381e+02
499	1.523199e+01	2.710161e+03	4.073771e+02	4.200753e+02	8.034457e+01	4.294856e+01	1.549084e+02
500	1.526252e+01	2.720143e+03	4.065410e+02	4.208240e+02	8.040324e+01	4.307530e+01	1.574755e+02
501	1.529304e+01	2.719167e+03	4.057540e+02	4.214688e+02	8.023025e+01	4.315269e+01	1.598038e+02
502	1.532357e+01	2.740402e+03	4.048450e+02	4.220896e+02	8.020384e+01	4.350401e+01	1.629734e+02
503	1.535409e+01	2.717753e+03	4.041397e+02	4.229149e+02	8.020328e+01	4.314476e+01	1.652922e+02
504	1.538462e+01	2.707712e+03	4.033060e+02	4.236577e+02	8.031863e+01	4.292361e+01	1.677549e+02
505	1.541514e+01	2.705344e+03	4.025154e+02	4.242086e+02	8.004280e+01	4.303386e+01	1.701443e+02
506	1.544567e+01	2.711586e+03	4.015940e+02	4.249400e+02	8.040205e+01	4.294044e+01	1.728055e+02
507	1.547619e+01	2.699359e+03	4.008380e+02	4.255698e+02	7.980618e+01	4.306596e+01	1.754299e+02
508	1.550672e+01	2.713124e+03	3.999569e+02	4.259305e+02	7.991285e+01	4.322779e+01	1.779718e+02
509	1.553724e+01	2.722098e+03	3.988922e+02	4.262868e+02	7.976979e+01	4.344857e+01	8.797375e-02
510	1.556777e+01	2.726362e+03	3.979844e+02	4.269812e+02	7.991898e+01	4.343539e+01	3.403551e+00
511	1.559829e+01	2.699797e+03	3.970450e+02	4.272392e+02	7.960723e+01	4.318060e+01	5.916155e+00
512	1.562882e+01	2.700511e+03	3.960782e+02	4.276118e+02	7.989645e+01	4.303567e+01	8.449382e+00
513	1.565934e+01	2.722030e+03	3.952614e+02	4.276762e+02	7.967184e+01	4.350089e+01	1.118438e+01
514	1.568987e+01	2.724171e+03	3.941439e+02	4.280702e+02	7.991628e+01	4.340195e+01	1.368625e+01
515	1.572039e+01	2.719797e+03	3.932898e+02	4.279908e+02	7.977407e+01	4.340950e+01	1.601166e+01
516	1.575092e+01	2.721815e+03	3.921315e+02	4.283248e+02	7.972786e+01	4.346689e+01	1.960395e+01
517	1.578144e+01	2.705879e+03	3.911965e+02	4.283267e+02	7.972870e+01	4.321195e+01	2.158838e+01
518	1.581197e+01	2.701675e+03	3.899771e+02	4.284866e+02	7.951107e+01	4.326291e+01	2.494836e+01
519	1.584249e+01	2.719566e+03	3.889870e+02	4.283842e+02	7.990561e+01	4.333437e+01	2.778729e+01
520	1.587302e+01	2.730231e+03	3.877997e+02	4.281927e+02	7.991129e+01	4.350122e+01	3.074413e+01
521	1.590354e+01	2.713633e+03	3.867759e+02	4.281491e+02	7.990559e+01	4.323984e+01	3.278405e+01
522	1.593407e+01	2.699910e+03	3.857037e+02	4.279659e+02	7.943143e+01	4.327798e+01	3.544148e+01
523	1.596459e+01	2.706679e+03	3.847947e+02	4.277218e+02	7.952393e+01	4.333603e+01	3.808226e+01
524	1.599512e+01	2.689825e+03	3.838032e+02	4.273874e+02	7.957832e+01	4.303674e+01	4.111866e+01
525	1.602564e+01	2.694467e+03	3.828745e+02	4.271339e+02	7.936239e+01	4.322830e+01	4.412595e+01
526	1.605617e+01	2.701303e+03	3.817754e+02	4.268639e+02	7.970162e+01	4.315352e+01	4.682264e+01
527	1.608669e+01	2.695957e+03	3.807383e+02	4.265294e+02	8.003666e+01	4.288784e+01	4.951982e+01
528	1.611722e+01	2.684945e+03	3.796516e+02	4.261956e+02	7.977147e+01	4.285465e+01	5.239737e+01
529	1.614774e+01	2.707411e+03	3.787100e+02	4.257249e+02	8.028454e+01	4.293707e+01	5.563775e+01
530	1.617827e+01	2.689611e+03	3.778281e+02	4.252000e+02	8.002655e+01	4.279229e+01	5.803759e+01
531	1.620879e+01	2.683010e+03	3.770587e+02	4.246429e+02	7.987315e+01	4.276925e+01	6.125142e+01
532	1.623932e+01	2.703621e+03	3.761707e+02	4.239996e+02	8.056231e+01	4.272912e+01	6.367474e+01
533	1.626984e+01	2.705772e+03	3.752798e+02	4.232249e+02	8.043920e+01	4.282856e+01	6.655603e+01
534	1.630037e+01	2.693837e+03	3.746879e+02	4.225191e+02	8.020997e+01	4.276151e+01	6.945422e+01
535	1.633089e+01	2.703276e+03	3.741255e+02	4.216634e+02	8.074387e+01	4.262761e+01	7.206808e+01
536	1.636142e+01	2.707003e+03	3.734644e+02	4.208240e+02	8.096779e+01	4.256833e+01	7.462505e+01
537	1.639194e+01	2.701473e+03	3.728907e+02	4.198836e+02	8.084915e+01	4.254370e+01	7.682536e+01
538	1.642247e+01	2.699162e+03	3.723645e+02	4.190253e+02	8.093723e+01	4.246104e+01	8.012769e+01
539	1.645299e+01	2.695247e+03	3.718054e+02	4.181325e+02	8.090570e+01	4.241599e+01	8.273656e+01
540	1.648352e+01	2.704955e+03	3.710676e+02	4.170425e+02	8.116566e+01	4.243242e+01	8.532204e+01
541	1.651404e+01	2.701644e+03	3.707957e+02	4.161488e+02	8.058572e+01	4.268548e+01	8.785352e+01
542	1.654457e+01	2.719137e+03	3.703213e+02	4.151413e+02	8.115480e+01	4.266061e+01	9.059750e+01
543	1.657509e+01	2.694076e+03	3.696427e+02	4.141467e+02	8.088139e+01	4.241030e+01	9.325162e+01
544	1.660562e+01	2.698541e+03	3.692558e+02	4.130015e+02	8.083347e+01	4.250577e+01	9.548037e+01
545	1.663614e+01	2.708399e+03	3.689059e+02	4.120145e+02	8.091444e+01	4.261836e+01	9.836804e+01
546	1.666667e+01	2.703330e+03	3.688330e+02	4.110368e+02	8.101517e+01	4.248570e+01	1.006896e+02
547	1.669719e+01	2.700953e+03	3.687959e+02	4.101160e+02	8.052151e+01	4.270860e+01	1.033276e+02
548	1.672772e+01	2.714511e+03	3.685984e+02	4.089666e+02	8.117943e+01	4.257511e+01	1.052724e+02
549	1.675824e+01	2.701174e+03	3.685471e+02	4.078500e+02	8.073595e+01	4.259864e+01	1.074376e+02
550	1.678877e+01	2.725361e+03	3.683604e+02	4.068261e+02	8.102312e+01	4.282774e+01	1.099053e+02
551	1.681929e+01	2.698182e+03	3.686537e+02	4.059689e+02	8.046351e+01	4.269553e+01	1.119871e+02
552	1.684982e+01	2.718598e+03	3.685269e+02	4.049286e+02	8.069240e+01	4.289656e+01	1.143599e+02
553	1.688034e+01	2.727366e+03	3.685845e+02	4.040627e+02	8.013161e+01	4.333609e+01	1.165903e+02
554	1.691087e+01	2.705771e+03	3.690803e+02	4.030393e+02	8.008360e+01	4.301872e+01	1.192023e+02
555	1.694139e+01	2.720112e+03	3.692295e+02	4.021325e+02	8.020855e+01	4.317936e+01	1.216554e+02
556	1.697192e+01	2.732291e+03	3.696072e+02	4.011263e+02	8.035892e+01	4.329152e+01	1.244872e+02
557	1.700244e+01	2.725397e+03	3.700163e+02	4.003801e+02	8.024584e+01	4.324315e+01	1.271602e+02
558	1.703297e+01	2.720185e+03	3.703771e+02	3.994943e+02	7.988570e+01	4.335503e+01	1.295616e+02
559	1.706349e+01	2.731941e+03	3.705633e+02	3.986401e+02	8.013822e+01	4.340519e+01	1.319005e+02
560	1.709402e+01	2.728732e+03	3.708075e+02	3.976026e+02	7.958212e+01	4.365716e+01	1.338140e+02
561	1.712454e+01	2.718055e+03	3.715251e+02	3.967941e+02	7.988422e+01	4.332188e+01	1.367311e+02
562	1.715507e+01	2.736827e+03	3.718723e+02	3.958325e+02	8.009264e+01	4.350756e+01	1.396107e+02
563	1.718559e+01	2.736456e+03	3.723465e+02	3.949607e+02	8.002830e+01	4.353665e+01	1.418154e+02
564	1.721612e+01	2.744188e+03	3.728034e+02	3.942986e+02	7.958562e+01	4.390251e+01	1.434376e+02
565	1.724664e+01	2.730003e+03	3.736060e+02	3.934595e+02	8.001163e+01	4.344304e+01	1.463976e+02
566	1.727717e+01	2.729185e+03	3.742557e+02	3.929245e+02	7.918195e+01	4.388508e+01	1.488211e+02
567	1.730769e+01	2.735663e+03	3.749156e+02	3.921030e+02	7.983945e+01	4.362699e+01	1.516189e+02
568	1.733822e+01	2.752396e+03	3.756054e+02	3.915017e+02	7.997276e+01	4.382066e+01	1.543764e+02
569	1.736874e+01	2.742596e+03	3.762713e+02	3.909176e+02	7.959491e+01	4.387193e+01	1.560260e+02
570	1.739927e+01	2.755351e+03	3.767654e+02	3.899939e+02	8.004974e+01	4.382552e+01	1.578894e+02
571	1.742979e+01	2.749812e+03	3.774574e+02	3.895024e+02	8.019404e+01	4.365872e+01	1.604083e+02
572	1.746032e+01	2.703223e+03	3.785565e+02	3.893309e+02	7.939238e+01	4.335241e+01	1.634408e+02
573	1.749084e+01	2.760094e+03	3.791255e+02	3.887562e+02	7.926727e+01	4.433433e+01	1.664935e+02
574	1.752137e+01	2.743513e+03	3.799911e+02	3.881208e+02	7.895110e+01	4.424446e+01	1.686455e+02
575	1.755189e+01	2.710160e+03	3.810295e+02	3.879230e+02	7.955802e+01	4.337315e+01	1.716337e+02
576	1.758242e+01	2.739001e+03	3.816568e+02	3.877915e+02	7.963059e+01	4.379478e+01	1.753580e+02
577	1.761294e+01	2.695958e+03	3.826472e+02	3.870867e+02	7.909346e+01	4.339930e+01	1.772881e+02
578	1.764347e+01	2.712220e+03	3.834181e+02	3.869430e+02	7.916488e+01	4.362169e+01	4.344416e-01
579	1.767399e+01	2.710256e+03	3.843892e+02	3.864760e+02	7.948006e+01	4.341724e+01	3.010010e+00
580	1.770452e+01	2.739271e+03	3.851304e+02	3.865143e+02	7.913675e+01	4.407243e+01	7.083642e+00
581	1.773504e+01	2.719085e+03	3.862037e+02	3.861045e+02	7.909481e+01	4.377085e+01	8.959997e+00
582	1.776557e+01	2.729460e+03	3.868694e+02	3.862436e+02	7.879922e+01	4.410268e+01	1.244083e+01
583	1.779609e+01	2.742909e+03	3.879209e+02	3.860869e+02	7.937993e+01	4.399576e+01	1.613216e+01
584	1.782662e+01	2.754732e+03	3.888427e+02	3.859056e+02	7.925816e+01	4.425328e+01	1.864621e+01
585	1.785714e+01	2.728885e+03	3.898195e+02	3.859090e+02	7.892336e+01	4.402403e+01	2.051487e+01
586	1.788767e+01	2.709087e+03	3.909258e+02	3.860469e+02	7.875117e+01	4.380019e+01	2.317143e+01
587	1.791819e+01	2.711538e+03	3.918864e+02	3.863027e+02	7.886200e+01	4.377822e+01	2.657970e+01
588	1.794872e+01	2.728989e+03	3.927310e+02	3.862869e+02	7.895661e+01	4.400716e+01	2.920568e+01
589	1.797924e+01	2.714779e+03	3.935718e+02	3.867399e+02	7.899035e+01	4.375932e+01	3.288737e+01
590	1.800977e+01	2.707813e+03	3.945901e+02	3.868558e+02	7.865549e+01	4.383285e+01	3.603102e+01
591	1.804029e+01	2.713304e+03	3.955110e+02	3.872114e+02	7.884411e+01	4.381667e+01	3.943810e+01
592	1.807082e+01	2.688203e+03	3.964758e+02	3.875086e+02	7.847831e+01	4.361366e+01	4.149786e+01
593	1.810134e+01	2.683841e+03	3.973437e+02	3.878199e+02	7.852822e+01	4.351521e+01	4.446920e+01
594	1.813187e+01	2.689359e+03	3.982260e+02	3.882480e+02	7.877390e+01	4.346869e+01	4.756793e+01
595	1.816239e+01	2.736017e+03	3.984712e+02	3.890952e+02	7.955406e+01	4.378916e+01	5.213429e+01
596	1.819292e+01	2.698048e+03	4.000258e+02	3.893811e+02	7.925602e+01	4.334385e+01	5.389726e+01
597	1.822344e+01	2.707292e+03	4.007464e+02	3.899333e+02	7.935852e+01	4.343618e+01	5.700563e+01
598	1.825397e+01	2.718737e+03	4.015625e+02	3.905760e+02	7.985654e+01	4.334777e+01	5.956164e+01
599	1.828449e+01	2.703944e+03	4.020837e+02	3.913455e+02	7.973135e+01	4.317960e+01	6.266312e+01
600	1.831502e+01	2.708266e+03	4.029845e+02	3.920126e+02	7.978324e+01	4.322050e+01	6.550792e+01
601	1.834554e+01	2.691831e+03	4.036560e+02	3.926885e+02	7.961881e+01	4.304693e+01	6.783730e+01
602	1.837607e+01	2.708364e+03	4.044789e+02	3.934652e+02	8.008255e+01	4.306052e+01	7.070983e+01
603	1.840659e+01	2.701175e+03	4.051050e+02	3.944075e+02	7.995057e+01	4.301712e+01	7.376730e+01
604	1.843712e+01	2.699850e+03	4.058080e+02	3.951642e+02	8.014193e+01	4.289335e+01	7.674570e+01
605	1.846764e+01	2.707420e+03	4.065214e+02	3.959009e+02	8.017402e+01	4.299640e+01	7.938622e+01
606	1.849817e+01	2.686416e+03	4.072490e+02	3.967960e+02	8.008871e+01	4.270828e+01	8.199784e+01
607	1.852869e+01	2.706616e+03	4.077692e+02	3.976613e+02	8.023634e+01	4.295024e+01	8.483248e+01
608	1.855922e+01	2.699276e+03	4.083849e+02	3.986170e+02	7.987419e+01	4.302798e+01	8.734253e+01
609	1.858974e+01	2.705832e+03	4.088947e+02	3.995137e+02	8.019516e+01	4.295985e+01	8.982696e+01
610	1.862027e+01	2.716903e+03	4.091188e+02	4.004446e+02	8.031487e+01	4.307133e+01	9.224798e+01
611	1.865079e+01	2.715434e+03	4.095134e+02	4.014648e+02	8.045590e+01	4.297258e+01	9.535628e+01
612	1.868132e+01	2.700542e+03	4.098932e+02	4.026176e+02	8.042310e+01	4.275434e+01	9.781202e+01
613	1.871184e+01	2.708808e+03	4.102423e+02	4.035598e+02	7.986166e+01	4.318669e+01	1.003313e+02
614	1.874237e+01	2.697781e+03	4.105060e+02	4.046707e+02	8.024377e+01	4.280608e+01	1.028343e+02
615	1.877289e+01	2.710791e+03	4.107773e+02	4.057111e+02	8.046826e+01	4.289252e+01	1.053584e+02
616	1.880342e+01	2.734027e+03	4.109113e+02	4.067446e+02	8.082392e+01	4.306982e+01	1.075483e+02
617	1.883394e+01	2.731068e+03	4.111985e+02	4.079534e+02	8.089760e+01	4.298402e+01	1.099052e+02
618	1.886447e+01	2.706584e+03	4.112965e+02	4.089983e+02	8.032166e+01	4.290413e+01	1.126276e+02
619	1.889499e+01	2.707277e+03	4.113149e+02	4.100770e+02	8.035216e+01	4.289881e+01	1.153886e+02
620	1.892552e+01	2.710668e+03	4.111291e+02	4.111877e+02	8.034722e+01	4.295518e+01	1.177224e+02
621	1.895604e+01	2.734371e+03	4.110189e+02	4.122221e+02	8.057681e+01	4.320734e+01	1.201779e+02
622	1.898657e+01	2.734734e+03	4.109986e+02	4.134110e+02	8.015243e+01	4.344187e+01	1.226413e+02
623	1.901709e+01	2.793410e+03	4.101161e+02	4.143781e+02	8.127625e+01	4.376039e+01	1.231864e+02
624	1.904762e+01	2.756967e+03	4.101890e+02	4.153653e+02	8.075761e+01	4.346686e+01	1.269370e+02
625	1.907814e+01	2.812882e+03	4.095125e+02	4.164611e+02	8.148857e+01	4.395061e+01	1.279498e+02
626	1.910867e+01	2.739743e+03	4.100165e+02	4.176588e+02	8.054605e+01	4.330875e+01	1.324602e+02
627	1.913919e+01	2.749774e+03	4.097539e+02	4.187413e+02	8.061893e+01	4.342802e+01	1.348789e+02
628	1.916972e+01	2.748114e+03	4.095493e+02	4.199377e+02	7.953764e+01	4.399184e+01	1.374059e+02
629	1.920024e+01	2.728517e+03	4.093049e+02	4.208344e+02	8.028104e+01	4.327368e+01	1.395180e+02
630	1.923077e+01	2.761471e+03	4.088625e+02	4.219863e+02	8.028974e+01	4.379158e+01	1.417549e+02
631	1.926129e+01	2.745745e+03	4.083679e+02	4.228498e+02	8.025501e+01	4.356104e+01	1.447173e+02
632	1.929182e+01	2.740160e+03	4.078047e+02	4.238622e+02	8.036404e+01	4.341344e+01	1.467721e+02
633	1.932234e+01	2.747389e+03	4.069708e+02	4.247234e+02	8.044648e+01	4.348338e+01	1.489912e+02
634	1.935287e+01	2.749515e+03	4.065569e+02	4.258283e+02	8.032495e+01	4.358287e+01	1.519172e+02
635	1.938339e+01	2.764459e+03	4.056172e+02	4.265656e+02	8.044908e+01	4.375212e+01	1.538317e+02
636	1.941392e+01	2.739150e+03	4.051714e+02	4.275683e+02	8.036195e+01	4.339857e+01	1.568673e+02
637	1.944444e+01	2.726975e+03	4.045099e+02	4.282001e+02	8.002470e+01	4.338776e+01	1.596375e+02
638	1.947497e+01	2.731952e+03	4.035267e+02	4.291833e+02	8.059435e+01	4.315972e+01	1.619400e+02
639	1.950549e+01	2.753916e+03	4.026917e+02	4.300130e+02	8.042880e+01	4.359626e+01	1.646996e+02
640	1.953602e+01	2.727667e+03	4.021082e+02	4.305728e+02	8.029723e+01	4.325147e+01	1.670140e+02
641	1.956654e+01	2.713083e+03	4.013830e+02	4.312428e+02	8.009299e+01	4.312992e+01	1.695254e+02
642	1.959707e+01	2.727275e+03	4.003179e+02	4.317825e+02	7.995508e+01	4.343032e+01	1.715772e+02
643	1.962759e+01	2.728713e+03	3.995718e+02	4.325053e+02	8.023566e+01	4.330126e+01	1.741813e+02
644	1.965812e+01	2.746788e+03	3.984906e+02	4.329955e+02	7.989346e+01	4.377478e+01	1.763809e+02
645	1.968864e+01	2.743319e+03	3.978432e+02	4.336830e+02	8.038209e+01	4.345374e+01	7.437621e-02
646	1.971917e+01	2.730890e+03	3.968144e+02	4.340388e+02	7.994662e+01	4.349249e+01	2.248313e+00
647	1.974969e+01	2.737868e+03	3.957197e+02	4.342433e+02	7.967599e+01	4.375173e+01	4.003833e+00
648	1.978022e+01	2.729808e+03	3.950851e+02	4.343149e+02	8.020733e+01	4.333393e+01	7.435050e+00
649	1.981074e+01	2.721936e+03	3.940497e+02	4.345787e+02	7.962380e+01	4.352563e+01	1.007373e+01
650	1.984127e+01	2.724464e+03	3.931379e+02	4.349354e+02	7.974603e+01	4.349928e+01	1.291534e+01
651	1.987179e+01	2.728910e+03	3.918651e+02	4.351396e+02	7.883242e+01	4.407522e+01	1.642456e+01
652	1.990232e+01	2.727929e+03	3.910599e+02	4.355340e+02	7.983410e+01	4.350656e+01	1.953691e+01
653	1.993284e+01	2.706950e+03	3.900355e+02	4.355390e+02	7.959797e+01	4.330005e+01	2.150058e+01
654	1.996337e+01	2.691479e+03	3.891088e+02	4.356946e+02	7.917585e+01	4.328210e+01	2.426787e+01
655	1.999389e+01	2.740725e+03	3.879771e+02	4.356202e+02	7.975979e+01	4.375136e+01	2.819677e+01
656	2.002442e+01	2.707601e+03	3.869779e+02	4.355775e+02	7.959512e+01	4.331201e+01	3.016072e+01
657	2.005495e+01	2.722132e+03	3.861705e+02	4.351759e+02	7.964532e+01	4.351701e+01	3.317609e+01
658	2.008547e+01	2.711637e+03	3.851068e+02	4.351328e+02	7.938305e+01	4.349246e+01	3.588773e+01
659	2.011600e+01	2.697083e+03	3.838796e+02	4.349099e+02	7.972618e+01	4.307283e+01	3.860610e+01
660	2.014652e+01	2.696803e+03	3.829691e+02	4.346703e+02	7.961089e+01	4.313074e+01	4.126698e+01
661	2.017705e+01	2.706873e+03	3.820235e+02	4.342354e+02	7.974164e+01	4.322080e+01	4.479705e+01
662	2.020757e+01	2.714676e+03	3.811971e+02	4.339044e+02	7.989832e+01	4.326040e+01	4.757090e+01
663	2.023810e+01	2.721828e+03	3.801330e+02	4.333528e+02	8.067712e+01	4.295566e+01	5.072492e+01
664	2.026862e+01	2.713625e+03	3.793694e+02	4.327825e+02	8.012035e+01	4.312380e+01	5.361068e+01
665	2.029915e+01	2.696234e+03	3.783251e+02	4.323325e+02	7.971343e+01	4.306616e+01	5.667346e+01
666	2.032967e+01	2.699594e+03	3.775484e+02	4.317332e+02	8.016217e+01	4.287845e+01	5.942085e+01
667	2.036020e+01	2.699518e+03	3.766949e+02	4.311209e+02	8.051112e+01	4.269141e+01	6.204867e+01
668	2.039072e+01	2.682941e+03	3.758380e+02	4.304157e+02	8.013039e+01	4.263085e+01	6.497578e+01
669	2.042125e+01	2.713605e+03	3.752147e+02	4.295869e+02	8.095861e+01	4.267698e+01	6.805153e+01
670	2.045177e+01	2.701352e+03	3.745132e+02	4.289570e+02	8.065410e+01	4.264469e+01	7.081393e+01
671	2.048230e+01	2.699117e+03	3.737473e+02	4.281661e+02	8.049178e+01	4.269532e+01	7.324253e+01
672	2.051282e+01	2.707353e+03	3.731491e+02	4.274642e+02	8.088329e+01	4.261831e+01	7.628132e+01
673	2.054335e+01	2.687735e+03	3.728971e+02	4.265753e+02	8.052665e+01	4.249687e+01	7.800768e+01
674	2.057387e+01	2.702993e+03	3.721927e+02	4.257022e+02	8.089545e+01	4.254328e+01	8.026962e+01
675	2.060440e+01	2.713217e+03	3.715656e+02	4.249168e+02	8.132932e+01	4.247638e+01	8.282202e+01
676	2.063492e+01	2.715308e+03	3.713097e+02	4.240397e+02	8.124789e+01	4.255172e+01	8.531554e+01
677	2.066545e+01	2.712248e+03	3.710294e+02	4.230743e+02	8.084190e+01	4.271723e+01	8.750056e+01
678	2.069597e+01	2.707228e+03	3.703921e+02	4.219768e+02	8.118063e+01	4.246025e+01	9.030039e+01
679	2.072650e+01	2.709293e+03	3.703447e+02	4.209282e+02	8.122552e+01	4.246915e+01	9.274260e+01
680	2.075702e+01	2.713981e+03	3.699913e+02	4.198592e+02	8.129770e+01	4.250487e+01	9.505119e+01
681	2.078755e+01	2.709164e+03	3.698754e+02	4.187511e+02	8.110603e+01	4.252969e+01	9.777426e+01
682	2.081807e+01	2.702012e+03	3.698906e+02	4.178242e+02	8.086250e+01	4.254517e+01	1.000324e+02
683	2.084860e+01	2.709263e+03	3.696700e+02	4.166595e+02	8.055823e+01	4.282047e+01	1.025311e+02
684	2.087912e+01	2.686004e+03	3.697209e+02	4.156503e+02	8.060204e+01	4.242977e+01	1.046818e+02
685	2.090965e+01	2.714549e+03	3.696634e+02	4.145578e+02	8.094309e+01	4.270000e+01	1.070961e+02
686	2.094017e+01	2.728281e+03	3.693567e+02	4.133949e+02	8.110697e+01	4.282931e+01	1.091839e+02
687	2.097070e+01	2.722791e+03	3.695031e+02	4.123412e+02	8.063512e+01	4.299324e+01	1.116527e+02
688	2.100122e+01	2.714836e+03	3.695716e+02	4.112947e+02	8.077466e+01	4.279358e+01	1.142128e+02
689	2.103175e+01	2.709428e+03	3.698330e+02	4.104721e+02	8.061328e+01	4.279383e+01	1.164636e+02
690	2.106227e+01	2.713105e+03	3.701218e+02	4.095194e+02	8.018037e+01	4.308327e+01	1.189055e+02
691	2.109280e+01	2.739844e+03	3.703478e+02	4.086478e+02	8.062169e+01	4.326971e+01	1.205434e+02
692	2.112332e+01	2.719639e+03	3.705131e+02	4.078193e+02	8.009370e+01	4.323376e+01	1.228645e+02
693	2.115385e+01	2.736557e+03	3.708125e+02	4.070292e+02	8.008848e+01	4.350554e+01	1.250230e+02
694	2.118437e+01	2.729075e+03	3.712231e+02	4.062544e+02	8.027085e+01	4.328802e+01	1.274950e+02
695	2.121490e+01	2.722049e+03	3.717110e+02	4.054376e+02	8.025689e+01	4.318408e+01	1.299616e+02
696	2.124542e+01	2.732444e+03	3.720742e+02	4.045594e+02	8.018837e+01	4.338604e+01	1.327578e+02
697	2.127595e+01	2.732615e+03	3.725656e+02	4.039782e+02	7.977023e+01	4.361618e+01	1.349408e+02
698	2.130647e+01	2.733109e+03	3.728995e+02	4.032913e+02	7.953579e+01	4.375267e+01	1.374975e+02
699	2.133700e+01	2.736221e+03	3.734265e+02	4.025153e+02	7.988403e+01	4.361152e+01	1.396372e+02
700	2.136752e+01	2.762355e+03	3.738663e+02	4.016284e+02	8.003431e+01	4.394540e+01	1.416654e+02
701	2.139805e+01	2.727361e+03	3.747127e+02	4.009820e+02	7.980312e+01	4.351439e+01	1.445018e+02
702	2.142857e+01	2.748621e+03	3.752244e+02	4.001115e+02	7.986117e+01	4.382171e+01	1.469594e+02
703	2.145910e+01	2.760835e+03	3.757315e+02	3.996357e+02	7.963091e+01	4.414371e+01	1.495908e+02
704	2.148962e+01	2.728974e+03	3.765172e+02	3.989899e+02	7.986489e+01	4.350645e+01	1.521639e+02
705	2.152015e+01	2.767401e+03	3.766679e+02	3.983242e+02	7.984084e+01	4.413236e+01	1.530715e+02
706	2.155067e+01	2.784413e+03	3.773792e+02	3.981206e+02	7.869444e+01	4.505050e+01	1.566743e+02
707	2.158120e+01	2.721942e+03	3.786713e+02	3.973203e+02	7.971040e+01	4.347845e+01	1.596565e+02
708	2.161172e+01	2.718013e+03	3.795916e+02	3.969850e+02	7.943611e+01	4.356559e+01	1.618851e+02
709	2.164225e+01	2.727955e+03	3.802524e+02	3.965539e+02	7.966662e+01	4.359843e+01	1.640499e+02
710	2.167277e+01	2.716365e+03	3.809891e+02	3.960958e+02	7.928691e+01	4.362112e+01	1.667111e+02
711	2.170330e+01	2.731295e+03	3.817999e+02	3.956194e+02	8.012273e+01	4.340332e+01	1.701775e+02
712	2.173382e+01	2.717390e+03	3.826321e+02	3.952088e+02	7.939204e+01	4.357979e+01	1.722244e+02
713	2.176435e+01	2.780014e+03	3.833446e+02	3.944574e+02	8.057168e+01	4.393136e+01	1.749715e+02
714	2.179487e+01	2.741093e+03	3.840342e+02	3.945587e+02	7.946079e+01	4.392188e+01	1.771544e+02
715	2.182540e+01	2.712365e+03	3.850937e+02	3.942289e+02	7.937369e+01	4.350925e+01	3.722007e-01
716	2.185592e+01	2.744924e+03	3.860529e+02	3.939003e+02	7.957684e+01	4.391914e+01	3.934352e+00
717	2.188645e+01	2.721219e+03	3.868588e+02	3.937135e+02	7.923233e+01	4.372916e+01	6.078253e+00
718	2.191697e+01	2.734611e+03	3.879283e+02	3.935585e+02	7.936591e+01	4.387042e+01	9.447893e+00
719	2.194750e+01	2.752377e+03	3.886367e+02	3.933168e+02	7.891920e+01	4.440536e+01	1.180525e+01
720	2.197802e+01	2.745101e+03	3.896573e+02	3.932853e+02	7.962888e+01	4.389326e+01	1.530603e+01
721	2.200855e+01	2.749918e+03	3.906069e+02	3.932495e+02	7.941811e+01	4.408698e+01	1.812104e+01
722	2.203907e+01	2.732733e+03	3.916714e+02	3.932088e+02	7.929627e+01	4.387878e+01	2.102008e+01
723	2.206960e+01	2.706822e+03	3.928488e+02	3.933293e+02	7.879621e+01	4.373857e+01	2.410336e+01
724	2.210012e+01	2.729126e+03	3.936205e+02	3.936467e+02	7.950464e+01	4.370601e+01	2.767224e+01
725	2.213065e+01	2.702683e+03	3.946461e+02	3.938481e+02	7.880196e+01	4.366849e+01	3.025300e+01
726	2.216117e+01	2.705613e+03	3.954505e+02	3.941996e+02	7.904044e+01	4.358394e+01	3.337747e+01
727	2.219170e+01	2.765870e+03	3.961626e+02	3.942870e+02	7.885046e+01	4.466194e+01	3.788386e+01
728	2.222222e+01	2.695786e+03	3.973959e+02	3.947661e+02	7.858270e+01	4.367859e+01	3.986730e+01
729	2.225275e+01	2.708104e+03	3.982346e+02	3.952493e+02	7.927209e+01	4.349659e+01	4.289753e+01
730	2.228327e+01	2.699348e+03	3.991551e+02	3.957420e+02	7.878730e+01	4.362271e+01	4.595928e+01
731	2.231380e+01	2.715348e+03	4.000971e+02	3.962447e+02	7.950085e+01	4.348743e+01	4.900352e+01
732	2.234432e+01	2.690804e+03	4.010033e+02	3.966733e+02	7.898168e+01	4.337762e+01	5.179915e+01
733	2.237485e+01	2.717928e+03	4.018435e+02	3.971095e+02	7.953658e+01	4.350920e+01	5.456009e+01
734	2.240537e+01	2.704773e+03	4.027545e+02	3.976028e+02	7.941125e+01	4.336695e+01	5.710324e+01
735	2.243590e+01	2.702713e+03	4.036000e+02	3.981783e+02	7.927766e+01	4.340694e+01	6.028839e+01
736	2.246642e+01	2.692750e+03	4.043270e+02	3.988358e+02	7.908790e+01	4.335070e+01	6.314141e+01
737	2.249695e+01	2.707649e+03	4.050093e+02	3.995327e+02	7.968345e+01	4.326477e+01	6.635896e+01
738	2.252747e+01	2.722015e+03	4.058825e+02	4.001009e+02	8.017015e+01	4.323027e+01	6.912601e+01
739	2.255800e+01	2.715860e+03	4.067922e+02	4.008130e+02	8.030147e+01	4.306198e+01	7.140743e+01
740	2.258852e+01	2.702367e+03	4.073633e+02	4.016978e+02	7.992093e+01	4.305206e+01	7.428648e+01
741	2.261905e+01	2.702120e+03	4.077379e+02	4.024436e+02	8.032069e+01	4.283387e+01	7.655285e+01
742	2.264957e+01	2.709078e+03	4.085189e+02	4.033221e+02	8.018304e+01	4.301789e+01	7.898608e+01
743	2.268010e+01	2.723852e+03	4.087234e+02	4.043070e+02	8.101726e+01	4.280713e+01	8.209064e+01
744	2.271062e+01	2.721487e+03	4.093441e+02	4.051858e+02	8.109444e+01	4.272925e+01	8.440419e+01
745	2.274115e+01	2.688828e+03	4.100558e+02	4.061586e+02	8.019688e+01	4.268898e+01	8.718204e+01
746	2.277167e+01	2.688500e+03	4.105388e+02	4.070822e+02	8.029694e+01	4.263057e+01	8.969231e+01
747	2.280220e+01	2.690744e+03	4.107962e+02	4.080727e+02	8.052455e+01	4.254556e+01	9.195469e+01
748	2.283272e+01	2.698863e+03	4.111107e+02	4.091340e+02	8.014005e+01	4.287867e+01	9.474578e+01
749	2.286325e+01	2.714655e+03	4.114133e+02	4.101523e+02	8.054200e+01	4.291433e+01	9.707172e+01
750	2.289377e+01	2.712585e+03	4.116872e+02	4.111327e+02	8.066666e+01	4.281534e+01	9.987338e+01
751	2.292430e+01	2.704244e+03	4.118434e+02	4.122162e+02	8.052777e+01	4.275731e+01	1.023417e+02
752	2.295482e+01	2.721618e+03	4.118898e+02	4.131410e+02	8.024917e+01	4.318140e+01	1.052381e+02
753	2.298535e+01	2.732013e+03	4.121776e+02	4.142578e+02	8.089391e+01	4.300085e+01	1.073955e+02
754	2.301587e+01	2.719667e+03	4.120911e+02	4.153112e+02	8.058640e+01	4.296988e+01	1.100653e+02
755	2.304640e+01	2.728674e+03	4.119474e+02	4.163419e+02	8.067321e+01	4.306579e+01	1.122321e+02
756	2.307692e+01	2.726431e+03	4.119341e+02	4.173527e+02	8.060037e+01	4.306927e+01	1.147586e+02
757	2.310745e+01	2.725963e+03	4.118874e+02	4.183688e+02	8.059180e+01	4.306646e+01	1.174526e+02
758	2.313797e+01	2.717673e+03	4.119907e+02	4.196179e+02	8.020632e+01	4.314185e+01	1.204814e+02
759	2.316850e+01	2.746815e+03	4.118562e+02	4.206521e+02	8.064552e+01	4.336700e+01	1.225264e+02
760	2.319902e+01	2.739716e+03	4.117015e+02	4.216058e+02	8.077009e+01	4.318821e+01	1.249901e+02
761	2.322955e+01	2.729617e+03	4.111057e+02	4.226288e+02	8.054437e+01	4.314958e+01	1.277867e+02
762	2.326007e+01	2.746314e+03	4.107887e+02	4.235447e+02	8.055808e+01	4.340615e+01	1.300072e+02
763	2.329060e+01	2.746758e+03	4.105202e+02	4.247205e+02	8.048074e+01	4.345488e+01	1.323137e+02
764	2.332112e+01	2.758909e+03	4.102303e+02	4.258172e+02	8.046783e+01	4.365412e+01	1.343715e+02
765	2.335165e+01	2.777640e+03	4.100045e+02	4.269820e+02	8.066989e+01	4.384040e+01	1.363839e+02
766	2.338217e+01	2.732857e+03	4.094609e+02	4.278669e+02	7.987390e+01	4.356343e+01	1.396829e+02
767	2.341270e+01	2.754621e+03	4.089036e+02	4.288428e+02	8.054070e+01	4.354683e+01	1.413561e+02
768	2.344322e+01	2.764990e+03	4.085820e+02	4.301166e+02	8.042717e+01	4.377246e+01	1.435326e+02
769	2.347375e+01	2.752920e+03	4.080983e+02	4.310199e+02	8.041340e+01	4.358884e+01	1.459366e+02
770	2.350427e+01	2.730060e+03	4.074622e+02	4.318509e+02	8.010449e+01	4.339357e+01	1.483866e+02
771	2.353480e+01	2.740440e+03	4.069058e+02	4.327482e+02	8.055445e+01	4.331526e+01	1.510073e+02
772	2.356532e+01	2.732453e+03	4.063185e+02	4.335781e+02	8.053560e+01	4.319912e+01	1.529566e+02
773	2.359585e+01	2.723300e+03	4.055707e+02	4.341945e+02	8.025986e+01	4.320233e+01	1.555818e+02
774	2.362637e+01	2.745942e+03	4.049294e+02	4.353084e+02	8.072385e+01	4.331115e+01	1.578428e+02
775	2.365690e+01	2.748385e+03	4.042745e+02	4.358227e+02	8.078278e+01	4.331805e+01	1.603277e+02
776	2.368742e+01	2.726360e+03	4.034186e+02	4.363751e+02	8.064555e+01	4.304403e+01	1.633540e+02
777	2.371795e+01	2.736568e+03	4.028345e+02	4.369145e+02	8.070242e+01	4.317475e+01	1.656521e+02
778	2.374847e+01	2.752577e+03	4.018773e+02	4.376836e+02	8.062557e+01	4.346871e+01	1.683738e+02
779	2.377900e+01	2.738712e+03	4.009846e+02	4.385747e+02	8.078780e+01	4.316290e+01	1.707763e+02
780	2.380952e+01	2.734275e+03	4.002532e+02	4.390036e+02	8.034009e+01	4.333313e+01	1.730155e+02
781	2.384005e+01	2.727396e+03	3.994755e+02	4.395597e+02	8.024238e+01	4.327673e+01	1.755182e+02
782	2.387057e+01	2.727091e+03	3.985490e+02	4.399841e+02	7.995773e+01	4.342595e+01	1.779609e+02
783	2.390110e+01	2.733553e+03	3.976462e+02	4.402191e+02	7.986960e+01	4.357688e+01	8.348796e-01
784	2.393162e+01	2.721711e+03	3.966542e+02	4.407389e+02	8.037782e+01	4.311377e+01	3.124732e+00
785	2.396215e+01	2.711146e+03	3.956908e+02	4.409359e+02	7.989581e+01	4.320550e+01	6.220991e+00
786	2.399267e+01	2.712148e+03	3.947578e+02	4.410664e+02	7.991327e+01	4.321202e+01	9.403147e+00
787	2.402320e+01	2.715412e+03	3.938188e+02	4.411921e+02	7.988066e+01	4.328168e+01	1.214859e+01
788	2.405372e+01	2.708373e+03	3.927993e+02	4.415260e+02	7.939474e+01	4.343370e+01	1.504198e+01
789	2.408425e+01	2.734182e+03	3.918239e+02	4.414419e+02	7.968660e+01	4.368700e+01	1.839455e+01
790	2.411477e+01	2.751349e+03	3.907382e+02	4.416008e+02	7.922746e+01	4.421607e+01	2.107309e+01
791	2.414530e+01	2.750813e+03	3.903254e+02	4.417569e+02	7.867543e+01	4.451763e+01	2.491989e+01
792	2.417582e+01	2.721410e+03	3.888927e+02	4.415962e+02	7.953667e+01	4.356490e+01	2.688898e+01
793	2.420635e+01	2.720857e+03	3.878207e+02	4.416521e+02	7.981493e+01	4.340419e+01	2.970537e+01
794	2.423687e+01	2.711801e+03	3.868620e+02	4.414574e+02	7.962164e+01	4.336475e+01	3.218401e+01
795	2.426740e+01	2.715040e+03	3.859319e+02	4.413226e+02	7.952859e+01	4.346734e+01	3.440741e+01
796	2.429792e+01	2.699817e+03	3.849154e+02	4.411451e+02	7.933250e+01	4.333046e+01	3.684826e+01
797	2.432845e+01	2.709338e+03	3.841482e+02	4.406874e+02	7.957591e+01	4.335025e+01	3.953312e+01
798	2.435897e+01	2.748672e+03	3.831272e+02	4.404011e+02	8.027041e+01	4.359910e+01	4.316661e+01
799	2.438950e+01	2.713894e+03	3.821209e+02	4.399906e+02	7.964320e+01	4.338647e+01	4.519798e+01
