1	3.122073e-02	2.721966e+03	4.010437e+02	4.778018e+02	7.964017e+01	4.351717e+01	1.739912e+02
2	6.244146e-02	2.716877e+03	4.000513e+02	4.798012e+02	8.026527e+01	4.309753e+01	1.757247e+02
3	9.366219e-02	2.773427e+03	3.988253e+02	4.815658e+02	7.944186e+01	4.445059e+01	1.785955e+02
4	1.248829e-01	2.752285e+03	3.976901e+02	4.836366e+02	7.951182e+01	4.407292e+01	1.794062e+02
5	1.561037e-01	2.770126e+03	3.962746e+02	4.853524e+02	7.973034e+01	4.423703e+01	1.814478e+00
6	1.873244e-01	2.715153e+03	3.949444e+02	4.871737e+02	7.928581e+01	4.360225e+01	2.448486e+00
7	2.185451e-01	2.764136e+03	3.937303e+02	4.886032e+02	7.994505e+01	4.402283e+01	6.212884e+00
8	2.497658e-01	2.769259e+03	3.924277e+02	4.905025e+02	7.997025e+01	4.409052e+01	7.860492e+00
9	2.809866e-01	2.759139e+03	3.911727e+02	4.920819e+02	7.952848e+01	4.417342e+01	1.026113e+01
10	3.122073e-01	2.783032e+03	3.894713e+02	4.936306e+02	7.935841e+01	4.465143e+01	1.291634e+01
11	3.434280e-01	2.761105e+03	3.883701e+02	4.948494e+02	8.019891e+01	4.383537e+01	1.466691e+01
12	3.746488e-01	2.768109e+03	3.862321e+02	4.966352e+02	7.963733e+01	4.425645e+01	1.670511e+01
13	4.058695e-01	2.775618e+03	3.850214e+02	4.974532e+02	8.040782e+01	4.395127e+01	1.937029e+01
14	4.370902e-01	2.763572e+03	3.833158e+02	4.987500e+02	7.988479e+01	4.404705e+01	2.114442e+01
15	4.683110e-01	2.777333e+03	3.815710e+02	4.997283e+02	8.009400e+01	4.415075e+01	2.379489e+01
16	4.995317e-01	2.771995e+03	3.799929e+02	5.006538e+02	8.015394e+01	4.403294e+01	2.657710e+01
17	5.307524e-01	2.783026e+03	3.779892e+02	5.015280e+02	8.063285e+01	4.394559e+01	2.914036e+01
18	5.619732e-01	2.778134e+03	3.761288e+02	5.020557e+02	8.036775e+01	4.401305e+01	3.240820e+01
19	5.931939e-01	2.788011e+03	3.740402e+02	5.023719e+02	8.054088e+01	4.407458e+01	3.614630e+01
20	6.244146e-01	2.782859e+03	3.718903e+02	5.025240e+02	8.031316e+01	4.411787e+01	3.960782e+01
21	6.556353e-01	2.778660e+03	3.697780e+02	5.027689e+02	8.039077e+01	4.400878e+01	4.303478e+01
22	6.868561e-01	2.784868e+03	3.678853e+02	5.025922e+02	8.078249e+01	4.389322e+01	4.617025e+01
23	7.180768e-01	2.790223e+03	3.657032e+02	5.026189e+02	8.062570e+01	4.406316e+01	4.954177e+01
24	7.492975e-01	2.791322e+03	3.637183e+02	5.025156e+02	8.090002e+01	4.393104e+01	5.291042e+01
25	7.805183e-01	2.793145e+03	3.617959e+02	5.021022e+02	8.080570e+01	4.401104e+01	5.562339e+01
26	8.117390e-01	2.782161e+03	3.596769e+02	5.020529e+02	8.133479e+01	4.355279e+01	5.919864e+01
27	8.429597e-01	2.776799e+03	3.576331e+02	5.017055e+02	8.133503e+01	4.346873e+01	6.230491e+01
28	8.741805e-01	2.758889e+03	3.557074e+02	5.011522e+02	8.093757e+01	4.340044e+01	6.508321e+01
29	9.054012e-01	2.753202e+03	3.538541e+02	5.005551e+02	8.109058e+01	4.322925e+01	6.780163e+01
30	9.366219e-01	2.766163e+03	3.518535e+02	4.997748e+02	8.136868e+01	4.328432e+01	7.084084e+01
31	9.678426e-01	2.761353e+03	3.501148e+02	4.988600e+02	8.117471e+01	4.331231e+01	7.356178e+01
32	9.990634e-01	2.765459e+03	3.482242e+02	4.979291e+02	8.125115e+01	4.333590e+01	7.640750e+01
33	1.030284e+00	2.744606e+03	3.464904e+02	4.969236e+02	8.104610e+01	4.311793e+01	7.891989e+01
34	1.061505e+00	2.748334e+03	3.447943e+02	4.960395e+02	8.106096e+01	4.316860e+01	8.097131e+01
35	1.092726e+00	2.742990e+03	3.431141e+02	4.950254e+02	8.102802e+01	4.310217e+01	8.337054e+01
36	1.123946e+00	2.756667e+03	3.415085e+02	4.938348e+02	8.155479e+01	4.303729e+01	8.560149e+01
37	1.155167e+00	2.748151e+03	3.397541e+02	4.926396e+02	8.127809e+01	4.305040e+01	8.819765e+01
38	1.186388e+00	2.763414e+03	3.384531e+02	4.913059e+02	8.154889e+01	4.314576e+01	9.104660e+01
39	1.217608e+00	2.755918e+03	3.369807e+02	4.897955e+02	8.161291e+01	4.299496e+01	9.329446e+01
40	1.248829e+00	2.756069e+03	3.353370e+02	4.884409e+02	8.165453e+01	4.297539e+01	9.582984e+01
41	1.280050e+00	2.754467e+03	3.337466e+02	4.870610e+02	8.132580e+01	4.312404e+01	9.786777e+01
42	1.311271e+00	2.769926e+03	3.321477e+02	4.856330e+02	8.165287e+01	4.319234e+01	9.972247e+01
43	1.342491e+00	2.746836e+03	3.309787e+02	4.843149e+02	8.122842e+01	4.305612e+01	1.019957e+02
44	1.373712e+00	2.776101e+03	3.296949e+02	4.826740e+02	8.177555e+01	4.322370e+01	1.037523e+02
45	1.404933e+00	2.758533e+03	3.285608e+02	4.810084e+02	8.117367e+01	4.326863e+01	1.066553e+02
46	1.436154e+00	2.766937e+03	3.274547e+02	4.791938e+02	8.164277e+01	4.315108e+01	1.083468e+02
47	1.467374e+00	2.770692e+03	3.261120e+02	4.775795e+02	8.175079e+01	4.315255e+01	1.103037e+02
48	1.498595e+00	2.761885e+03	3.253492e+02	4.757944e+02	8.123776e+01	4.328702e+01	1.127315e+02
49	1.529816e+00	2.776481e+03	3.241470e+02	4.739279e+02	8.111825e+01	4.357991e+01	1.151799e+02
50	1.561037e+00	2.771423e+03	3.230981e+02	4.722052e+02	8.118609e+01	4.346417e+01	1.169393e+02
51	1.592257e+00	2.749339e+03	3.220336e+02	4.702217e+02	8.120134e+01	4.310971e+01	1.186281e+02
52	1.623478e+00	2.771113e+03	3.209583e+02	4.684556e+02	8.135966e+01	4.336658e+01	1.202621e+02
53	1.654699e+00	2.790312e+03	3.196999e+02	4.666551e+02	8.168035e+01	4.349559e+01	1.223828e+02
54	1.685919e+00	2.799173e+03	3.187576e+02	4.648234e+02	8.149334e+01	4.373386e+01	1.238676e+02
55	1.717140e+00	2.766378e+03	3.182125e+02	4.629798e+02	8.069183e+01	4.365079e+01	1.266506e+02
56	1.748361e+00	2.772600e+03	3.175979e+02	4.611151e+02	8.102934e+01	4.356674e+01	1.289877e+02
57	1.779582e+00	2.797103e+03	3.170174e+02	4.590981e+02	8.056685e+01	4.420407e+01	1.308838e+02
58	1.810802e+00	2.778869e+03	3.171895e+02	4.572967e+02	8.095123e+01	4.370737e+01	1.347570e+02
59	1.842023e+00	2.777586e+03	3.173358e+02	4.553650e+02	8.070033e+01	4.382303e+01	1.379500e+02
60	1.873244e+00	2.767854e+03	3.172594e+02	4.534483e+02	8.055148e+01	4.375017e+01	1.413160e+02
61	1.904465e+00	2.778133e+03	3.165664e+02	4.514691e+02	8.050307e+01	4.393906e+01	1.439405e+02
62	1.935685e+00	2.763043e+03	3.162896e+02	4.497151e+02	8.051378e+01	4.369458e+01	1.462246e+02
63	1.966906e+00	2.760503e+03	3.157942e+02	4.478421e+02	7.993712e+01	4.396933e+01	1.474332e+02
64	1.998127e+00	2.777663e+03	3.153851e+02	4.455523e+02	8.060914e+01	4.387381e+01	1.493019e+02
65	2.029347e+00	2.778438e+03	3.153233e+02	4.435481e+02	8.054819e+01	4.391926e+01	1.509224e+02
66	2.060568e+00	2.784703e+03	3.151128e+02	4.415824e+02	8.047625e+01	4.405764e+01	1.525858e+02
67	2.091789e+00	2.768265e+03	3.152861e+02	4.398816e+02	8.013448e+01	4.398437e+01	1.550070e+02
68	2.123010e+00	2.769468e+03	3.155353e+02	4.376710e+02	7.994819e+01	4.410602e+01	1.574261e+02
69	2.154230e+00	2.872195e+03	3.148519e+02	4.355071e+02	7.901257e+01	4.628368e+01	1.575259e+02
70	2.185451e+00	2.786659e+03	3.158862e+02	4.337434e+02	7.957055e+01	4.459043e+01	1.615791e+02
71	2.216672e+00	2.747788e+03	3.164520e+02	4.316171e+02	7.997175e+01	4.374785e+01	1.638176e+02
72	2.247893e+00	2.776781e+03	3.167569e+02	4.295542e+02	7.962578e+01	4.440154e+01	1.652247e+02
73	2.279113e+00	2.760592e+03	3.173541e+02	4.277017e+02	7.970245e+01	4.410021e+01	1.672395e+02
74	2.310334e+00	2.763823e+03	3.180630e+02	4.257057e+02	7.968219e+01	4.416306e+01	1.696918e+02
75	2.341555e+00	2.800785e+03	3.184600e+02	4.237748e+02	7.966033e+01	4.476595e+01	1.721399e+02
76	2.372776e+00	2.785959e+03	3.191545e+02	4.218527e+02	8.002153e+01	4.432798e+01	1.736416e+02
77	2.403996e+00	2.779942e+03	3.198914e+02	4.198460e+02	8.011195e+01	4.418233e+01	1.759309e+02
78	2.435217e+00	2.770839e+03	3.205971e+02	4.184281e+02	7.964677e+01	4.429485e+01	1.788197e+02
79	2.466438e+00	2.764424e+03	3.215650e+02	4.167657e+02	7.960738e+01	4.421417e+01	1.244571e+00
80	2.497658e+00	2.772703e+03	3.225842e+02	4.149801e+02	7.955614e+01	4.437515e+01	3.630738e+00
81	2.528879e+00	2.736235e+03	3.238539e+02	4.131758e+02	7.928123e+01	4.394334e+01	5.873659e+00
82	2.560100e+00	2.773431e+03	3.251440e+02	4.113402e+02	7.927230e+01	4.454572e+01	8.533011e+00
83	2.591321e+00	2.778852e+03	3.268757e+02	4.096504e+02	7.970098e+01	4.439273e+01	1.173574e+01
84	2.622541e+00	2.759850e+03	3.279650e+02	4.084773e+02	7.942554e+01	4.424207e+01	1.337307e+01
85	2.653762e+00	2.764468e+03	3.292397e+02	4.070194e+02	7.941114e+01	4.432413e+01	1.581181e+01
86	2.684983e+00	2.773066e+03	3.308100e+02	4.057579e+02	7.956610e+01	4.437540e+01	1.810427e+01
87	2.716204e+00	2.761386e+03	3.324705e+02	4.043159e+02	7.939242e+01	4.428516e+01	2.021603e+01
88	2.747424e+00	2.764022e+03	3.341451e+02	4.030582e+02	7.969442e+01	4.415946e+01	2.216225e+01
89	2.778645e+00	2.808727e+03	3.357709e+02	4.021010e+02	8.019965e+01	4.459100e+01	2.542709e+01
90	2.809866e+00	2.816079e+03	3.374003e+02	4.010615e+02	8.012374e+01	4.475007e+01	2.822404e+01
91	2.841086e+00	2.813619e+03	3.392978e+02	3.999040e+02	7.950916e+01	4.505658e+01	3.047721e+01
92	2.872307e+00	2.831236e+03	3.408350e+02	3.991737e+02	7.992674e+01	4.510183e+01	3.387587e+01
93	2.903528e+00	2.758836e+03	3.435807e+02	3.981023e+02	7.986516e+01	4.398238e+01	3.457835e+01
94	2.934749e+00	2.746022e+03	3.456188e+02	3.974174e+02	7.948603e+01	4.398690e+01	3.669865e+01
95	2.965969e+00	2.733757e+03	3.476173e+02	3.969604e+02	7.942790e+01	4.382248e+01	3.840208e+01
96	2.997190e+00	2.767480e+03	3.495612e+02	3.961358e+02	7.958118e+01	4.427761e+01	4.110347e+01
97	3.028411e+00	2.758509e+03	3.517959e+02	3.955894e+02	7.967449e+01	4.408240e+01	4.387551e+01
98	3.059632e+00	2.750293e+03	3.538547e+02	3.951825e+02	7.984379e+01	4.385791e+01	4.555651e+01
99	3.090852e+00	2.721069e+03	3.557628e+02	3.948562e+02	7.916137e+01	4.376595e+01	4.678230e+01
100	3.122073e+00	2.727138e+03	3.578123e+02	3.947860e+02	7.944352e+01	4.370778e+01	4.997946e+01
101	3.153294e+00	2.713260e+03	3.599945e+02	3.947030e+02	7.943279e+01	4.349123e+01	5.220789e+01
102	3.184515e+00	2.710463e+03	3.619582e+02	3.948432e+02	7.908690e+01	4.363641e+01	5.483239e+01
103	3.215735e+00	2.702536e+03	3.641524e+02	3.947797e+02	7.925326e+01	4.341747e+01	5.743908e+01
104	3.246956e+00	2.715935e+03	3.662026e+02	3.949741e+02	7.982941e+01	4.331781e+01	6.018179e+01
105	3.278177e+00	2.722905e+03	3.684930e+02	3.950839e+02	7.969010e+01	4.350491e+01	6.193382e+01
106	3.309397e+00	2.716009e+03	3.709116e+02	3.952685e+02	8.023618e+01	4.309939e+01	6.410044e+01
107	3.340618e+00	2.703756e+03	3.729570e+02	3.955931e+02	7.954025e+01	4.328033e+01	6.585907e+01
108	3.371839e+00	2.717806e+03	3.753822e+02	3.958174e+02	7.996332e+01	4.327507e+01	6.794319e+01
109	3.403060e+00	2.696562e+03	3.776595e+02	3.962633e+02	7.994560e+01	4.294632e+01	7.027468e+01
110	3.434280e+00	2.715929e+03	3.797084e+02	3.969550e+02	8.023894e+01	4.309664e+01	7.259807e+01
111	3.465501e+00	2.730792e+03	3.817883e+02	3.976354e+02	8.045790e+01	4.321455e+01	7.445632e+01
112	3.496722e+00	2.712758e+03	3.837716e+02	3.984786e+02	8.051298e+01	4.289980e+01	7.647268e+01
113	3.527943e+00	2.711818e+03	3.859522e+02	3.993625e+02	8.009103e+01	4.311087e+01	7.866136e+01
114	3.559163e+00	2.708032e+03	3.881800e+02	4.002554e+02	8.009606e+01	4.304798e+01	8.008619e+01
115	3.590384e+00	2.720320e+03	3.901848e+02	4.012080e+02	8.070144e+01	4.291893e+01	8.179132e+01
116	3.621605e+00	2.715277e+03	3.919761e+02	4.023021e+02	8.015624e+01	4.313074e+01	8.351739e+01
117	3.652825e+00	2.708269e+03	3.941475e+02	4.034164e+02	8.021606e+01	4.298735e+01	8.552553e+01
118	3.684046e+00	2.714347e+03	3.961189e+02	4.045994e+02	8.070415e+01	4.282325e+01	8.683350e+01
119	3.715267e+00	2.718233e+03	3.980221e+02	4.057621e+02	8.045016e+01	4.301995e+01	8.862821e+01
120	3.746488e+00	2.723380e+03	3.998701e+02	4.070466e+02	8.066589e+01	4.298614e+01	9.042484e+01
121	3.777708e+00	2.710631e+03	4.017645e+02	4.084695e+02	8.017301e+01	4.304794e+01	9.225484e+01
122	3.808929e+00	2.706378e+03	4.035634e+02	4.099423e+02	8.046976e+01	4.282189e+01	9.400200e+01
123	3.840150e+00	2.711003e+03	4.053441e+02	4.113524e+02	8.045287e+01	4.290408e+01	9.561102e+01
124	3.871371e+00	2.714591e+03	4.071506e+02	4.127607e+02	8.045762e+01	4.295832e+01	9.711854e+01
125	3.902591e+00	2.707714e+03	4.086544e+02	4.142911e+02	8.039132e+01	4.288484e+01	9.887080e+01
126	3.933812e+00	2.712829e+03	4.104641e+02	4.160320e+02	8.067066e+01	4.281707e+01	1.002746e+02
127	3.965033e+00	2.719748e+03	4.117432e+02	4.177325e+02	8.059330e+01	4.296748e+01	1.027027e+02
128	3.996254e+00	2.712876e+03	4.132810e+02	4.194283e+02	8.056205e+01	4.287553e+01	1.044122e+02
129	4.027474e+00	2.741580e+03	4.145804e+02	4.212562e+02	8.102708e+01	4.308052e+01	1.056789e+02
130	4.058695e+00	2.718158e+03	4.160447e+02	4.230404e+02	8.037525e+01	4.305886e+01	1.079671e+02
131	4.089916e+00	2.719068e+03	4.173010e+02	4.248944e+02	8.069502e+01	4.290258e+01	1.096666e+02
132	4.121136e+00	2.728499e+03	4.187132e+02	4.267834e+02	8.087807e+01	4.295395e+01	1.112257e+02
133	4.152357e+00	2.739951e+03	4.198326e+02	4.286247e+02	8.107928e+01	4.302720e+01	1.129785e+02
134	4.183578e+00	2.736488e+03	4.214557e+02	4.305333e+02	8.120101e+01	4.290840e+01	1.144367e+02
135	4.214799e+00	2.740743e+03	4.225275e+02	4.324395e+02	8.100972e+01	4.307658e+01	1.164206e+02
136	4.246019e+00	2.758494e+03	4.231274e+02	4.345876e+02	8.091823e+01	4.340461e+01	1.185525e+02
137	4.277240e+00	2.753128e+03	4.241831e+02	4.366764e+02	8.101758e+01	4.326705e+01	1.210507e+02
138	4.308461e+00	2.745892e+03	4.249722e+02	4.388845e+02	8.103085e+01	4.314626e+01	1.227891e+02
139	4.339682e+00	2.738707e+03	4.259866e+02	4.413036e+02	8.041309e+01	4.336396e+01	1.246197e+02
140	4.370902e+00	2.749658e+03	4.267023e+02	4.434045e+02	8.064608e+01	4.341158e+01	1.263410e+02
141	4.402123e+00	2.767705e+03	4.270953e+02	4.457025e+02	8.087283e+01	4.357399e+01	1.282943e+02
142	4.433344e+00	2.764077e+03	4.279821e+02	4.479667e+02	8.055330e+01	4.368948e+01	1.291593e+02
143	4.464564e+00	2.755968e+03	4.284676e+02	4.500682e+02	8.074612e+01	4.345728e+01	1.311710e+02
144	4.495785e+00	2.754698e+03	4.287741e+02	4.524424e+02	8.097193e+01	4.331613e+01	1.329529e+02
145	4.527006e+00	2.758809e+03	4.292561e+02	4.547022e+02	8.098177e+01	4.337550e+01	1.341334e+02
146	4.558227e+00	2.752555e+03	4.293613e+02	4.570919e+02	8.088766e+01	4.332753e+01	1.360546e+02
147	4.589447e+00	2.751826e+03	4.297054e+02	4.592901e+02	8.080292e+01	4.336148e+01	1.377136e+02
148	4.620668e+00	2.830709e+03	4.293012e+02	4.615819e+02	8.054038e+01	4.474986e+01	1.384671e+02
149	4.651889e+00	2.727836e+03	4.301779e+02	4.642690e+02	8.056612e+01	4.310979e+01	1.412299e+02
150	4.683110e+00	2.756255e+03	4.302296e+02	4.665238e+02	8.090749e+01	4.337513e+01	1.429325e+02
151	4.714330e+00	2.755349e+03	4.300127e+02	4.687361e+02	8.039192e+01	4.363895e+01	1.444236e+02
152	4.745551e+00	2.743353e+03	4.301129e+02	4.710475e+02	8.047186e+01	4.340581e+01	1.463332e+02
153	4.776772e+00	2.746810e+03	4.299645e+02	4.734502e+02	8.047185e+01	4.346050e+01	1.476409e+02
154	4.807993e+00	2.719024e+03	4.299648e+02	4.759972e+02	8.029986e+01	4.311301e+01	1.499790e+02
155	4.839213e+00	2.746449e+03	4.296960e+02	4.781731e+02	8.101053e+01	4.316583e+01	1.516189e+02
156	4.870434e+00	2.748055e+03	4.294074e+02	4.803416e+02	8.045342e+01	4.349016e+01	1.532816e+02
157	4.901655e+00	2.779129e+03	4.287451e+02	4.823998e+02	8.124787e+01	4.355186e+01	1.538103e+02
158	4.932875e+00	2.741799e+03	4.285120e+02	4.847784e+02	8.023007e+01	4.351196e+01	1.568144e+02
159	4.964096e+00	2.737231e+03	4.282632e+02	4.871270e+02	8.017083e+01	4.347156e+01	1.589912e+02
160	4.995317e+00	2.739157e+03	4.276327e+02	4.892377e+02	7.985794e+01	4.367259e+01	1.609036e+02
161	5.026538e+00	2.732152e+03	4.270742e+02	4.915333e+02	7.958937e+01	4.370790e+01	1.626696e+02
162	5.057758e+00	2.747877e+03	4.263939e+02	4.935840e+02	7.984116e+01	4.382083e+01	1.645334e+02
163	5.088979e+00	2.768904e+03	4.256392e+02	4.955235e+02	8.045428e+01	4.381964e+01	1.665015e+02
164	5.120200e+00	2.794636e+03	4.243134e+02	4.971470e+02	8.075257e+01	4.406350e+01	1.669109e+02
165	5.151421e+00	2.747609e+03	4.239903e+02	4.997256e+02	8.003430e+01	4.371081e+01	1.701701e+02
166	5.182641e+00	2.782411e+03	4.229246e+02	5.014341e+02	8.041916e+01	4.405264e+01	1.706756e+02
167	5.213862e+00	2.766714e+03	4.222125e+02	5.036139e+02	7.990144e+01	4.408794e+01	1.728711e+02
168	5.245083e+00	2.752107e+03	4.212901e+02	5.058096e+02	7.962598e+01	4.400689e+01	1.747736e+02
169	5.276303e+00	2.758073e+03	4.199868e+02	5.076237e+02	7.970273e+01	4.405983e+01	1.766097e+02
170	5.307524e+00	2.744547e+03	4.188473e+02	5.096437e+02	7.948619e+01	4.396318e+01	1.773826e+02
171	5.338745e+00	2.771712e+03	4.177520e+02	5.113378e+02	7.983923e+01	4.420199e+01	5.504946e-01
172	5.369966e+00	2.757774e+03	4.165437e+02	5.131590e+02	7.960275e+01	4.411037e+01	2.215453e+00
173	5.401186e+00	2.749832e+03	4.151096e+02	5.149708e+02	7.979675e+01	4.387640e+01	4.152359e+00
174	5.432407e+00	2.773930e+03	4.135920e+02	5.168461e+02	7.987465e+01	4.421775e+01	6.896823e+00
175	5.463628e+00	2.770888e+03	4.124746e+02	5.182321e+02	7.990394e+01	4.415306e+01	8.590936e+00
176	5.494849e+00	2.774267e+03	4.109478e+02	5.200395e+02	7.989145e+01	4.421382e+01	1.058168e+01
177	5.526069e+00	2.792177e+03	4.093026e+02	5.216439e+02	8.006647e+01	4.440199e+01	1.264707e+01
178	5.557290e+00	2.780355e+03	4.078419e+02	5.232033e+02	8.015200e+01	4.416681e+01	1.432052e+01
179	5.588511e+00	2.795105e+03	4.062146e+02	5.245901e+02	8.039027e+01	4.426952e+01	1.640919e+01
180	5.619732e+00	2.803541e+03	4.042991e+02	5.261683e+02	8.067503e+01	4.424639e+01	1.923753e+01
181	5.650952e+00	2.811923e+03	4.025251e+02	5.272885e+02	8.052725e+01	4.446012e+01	2.109461e+01
182	5.682173e+00	2.890306e+03	4.001714e+02	5.278319e+02	7.953262e+01	4.627098e+01	2.204947e+01
183	5.713394e+00	2.816346e+03	3.986853e+02	5.295389e+02	8.016927e+01	4.472890e+01	2.495221e+01
184	5.744614e+00	2.795560e+03	3.971246e+02	5.307776e+02	8.044014e+01	4.424927e+01	2.694962e+01
185	5.775835e+00	2.812370e+03	3.950066e+02	5.319964e+02	8.071477e+01	4.436388e+01	3.009053e+01
186	5.807056e+00	2.832443e+03	3.929025e+02	5.329807e+02	8.057925e+01	4.475568e+01	3.164468e+01
187	5.838277e+00	2.780636e+03	3.914004e+02	5.339628e+02	8.035599e+01	4.405914e+01	3.276781e+01
188	5.869497e+00	2.830067e+03	3.888508e+02	5.350758e+02	8.088981e+01	4.454644e+01	3.636156e+01
189	5.900718e+00	2.798530e+03	3.872397e+02	5.358977e+02	8.036094e+01	4.433994e+01	3.798189e+01
190	5.931939e+00	2.799118e+03	3.851457e+02	5.366274e+02	8.035535e+01	4.435234e+01	4.009766e+01
191	5.963160e+00	2.781826e+03	3.831982e+02	5.373898e+02	8.062629e+01	4.393022e+01	4.224171e+01
192	5.994380e+00	2.791740e+03	3.812115e+02	5.379017e+02	8.087817e+01	4.394949e+01	4.396851e+01
193	6.025601e+00	2.812208e+03	3.791274e+02	5.384177e+02	8.130347e+01	4.404012e+01	4.656019e+01
194	6.056822e+00	2.804490e+03	3.768131e+02	5.389197e+02	8.124772e+01	4.394939e+01	4.882462e+01
195	6.088042e+00	2.799133e+03	3.747489e+02	5.391972e+02	8.127903e+01	4.384854e+01	5.084182e+01
196	6.119263e+00	2.790023e+03	3.728194e+02	5.397063e+02	8.091044e+01	4.390494e+01	5.275647e+01
197	6.150484e+00	2.769199e+03	3.707407e+02	5.400512e+02	8.074060e+01	4.366891e+01	5.413536e+01
198	6.181705e+00	2.787121e+03	3.685616e+02	5.404083e+02	8.108636e+01	4.376410e+01	5.600532e+01
199	6.212925e+00	2.782754e+03	3.663871e+02	5.406000e+02	8.089983e+01	4.379630e+01	5.788841e+01
200	6.244146e+00	2.784980e+03	3.645647e+02	5.407715e+02	8.152718e+01	4.349404e+01	5.938933e+01
201	6.275367e+00	2.786349e+03	3.624302e+02	5.409898e+02	8.088728e+01	4.385967e+01	6.143470e+01
202	6.306588e+00	2.799667e+03	3.602638e+02	5.408607e+02	8.122107e+01	4.388820e+01	6.276313e+01
203	6.337808e+00	2.792400e+03	3.581193e+02	5.409296e+02	8.153481e+01	4.360585e+01	6.398504e+01
204	6.369029e+00	2.782821e+03	3.559989e+02	5.410361e+02	8.104308e+01	4.371992e+01	6.541934e+01
205	6.400250e+00	2.788609e+03	3.538088e+02	5.409979e+02	8.134791e+01	4.364670e+01	6.697545e+01
206	6.431470e+00	2.783305e+03	3.518077e+02	5.408932e+02	8.139262e+01	4.353975e+01	6.829755e+01
207	6.462691e+00	2.798657e+03	3.495263e+02	5.407838e+02	8.181691e+01	4.355286e+01	7.010939e+01
208	6.493912e+00	2.795868e+03	3.475651e+02	5.406000e+02	8.175465e+01	4.354260e+01	7.174069e+01
209	6.525133e+00	2.782016e+03	3.454687e+02	5.403574e+02	8.179012e+01	4.330809e+01	7.374277e+01
210	6.556353e+00	2.772080e+03	3.435359e+02	5.400850e+02	8.142323e+01	4.334785e+01	7.588616e+01
211	6.587574e+00	2.791238e+03	3.417196e+02	5.396309e+02	8.133669e+01	4.369386e+01	7.770319e+01
212	6.618795e+00	2.772741e+03	3.395878e+02	5.391708e+02	8.140520e+01	4.336779e+01	7.932615e+01
213	6.650016e+00	2.771226e+03	3.377389e+02	5.387147e+02	8.130779e+01	4.339603e+01	8.118703e+01
214	6.681236e+00	2.771654e+03	3.358476e+02	5.380535e+02	8.138491e+01	4.336159e+01	8.319929e+01
215	6.712457e+00	2.776007e+03	3.339651e+02	5.372117e+02	8.139612e+01	4.342371e+01	8.526472e+01
216	6.743678e+00	2.781780e+03	3.319051e+02	5.365100e+02	8.194287e+01	4.322368e+01	8.754420e+01
217	6.774899e+00	2.782707e+03	3.298663e+02	5.356880e+02	8.194328e+01	4.323787e+01	8.964344e+01
218	6.806119e+00	2.781334e+03	3.282108e+02	5.349299e+02	8.169693e+01	4.334685e+01	9.160482e+01
219	6.837340e+00	2.791666e+03	3.263745e+02	5.339855e+02	8.184161e+01	4.343096e+01	9.381365e+01
220	6.868561e+00	2.784523e+03	3.246270e+02	5.331131e+02	8.173757e+01	4.337498e+01	9.543429e+01
221	6.899781e+00	2.787361e+03	3.228142e+02	5.319571e+02	8.195306e+01	4.330501e+01	9.756435e+01
222	6.931002e+00	2.774180e+03	3.213108e+02	5.307903e+02	8.162811e+01	4.327180e+01	9.942641e+01
223	6.962223e+00	2.784542e+03	3.197273e+02	5.295724e+02	8.175776e+01	4.336456e+01	1.014870e+02
224	6.993444e+00	2.789781e+03	3.180720e+02	5.283607e+02	8.221177e+01	4.320621e+01	1.026253e+02
225	7.024664e+00	2.768547e+03	3.167545e+02	5.271573e+02	8.118231e+01	4.342107e+01	1.042759e+02
226	7.055885e+00	2.784937e+03	3.152485e+02	5.257267e+02	8.177150e+01	4.336341e+01	1.065448e+02
227	7.087106e+00	2.789583e+03	3.139588e+02	5.243491e+02	8.147978e+01	4.359127e+01	1.088251e+02
228	7.118327e+00	2.794671e+03	3.128645e+02	5.228618e+02	8.171155e+01	4.354691e+01	1.106207e+02
229	7.149547e+00	2.803354e+03	3.115862e+02	5.210438e+02	8.118673e+01	4.396460e+01	1.126357e+02
230	7.180768e+00	2.816829e+03	3.104156e+02	5.193975e+02	8.167231e+01	4.391327e+01	1.144161e+02
231	7.211989e+00	2.816580e+03	3.092259e+02	5.175767e+02	8.183694e+01	4.382105e+01	1.166481e+02
232	7.243209e+00	2.804966e+03	3.083830e+02	5.157079e+02	8.188988e+01	4.361215e+01	1.184475e+02
233	7.274430e+00	2.817113e+03	3.069828e+02	5.136709e+02	8.175858e+01	4.387136e+01	1.194610e+02
234	7.305651e+00	2.798454e+03	3.064545e+02	5.120670e+02	8.141157e+01	4.376654e+01	1.214479e+02
235	7.336872e+00	2.812906e+03	3.055156e+02	5.104660e+02	8.137429e+01	4.401271e+01	1.231074e+02
236	7.368092e+00	2.782649e+03	3.048750e+02	5.085605e+02	8.109106e+01	4.369136e+01	1.253525e+02
237	7.399313e+00	2.809831e+03	3.039350e+02	5.067764e+02	8.106947e+01	4.412991e+01	1.271440e+02
238	7.430534e+00	2.799604e+03	3.034510e+02	5.048077e+02	8.089375e+01	4.406480e+01	1.292943e+02
239	7.461755e+00	2.807808e+03	3.029199e+02	5.027581e+02	8.112008e+01	4.407061e+01	1.315072e+02
240	7.492975e+00	2.818560e+03	3.021388e+02	5.006982e+02	8.093102e+01	4.434274e+01	1.328916e+02
241	7.524196e+00	2.819749e+03	3.019245e+02	4.988085e+02	8.091385e+01	4.437085e+01	1.351252e+02
242	7.555417e+00	2.809838e+03	3.015426e+02	4.970042e+02	8.086865e+01	4.423960e+01	1.369283e+02
243	7.586638e+00	2.813348e+03	3.013547e+02	4.950135e+02	8.099068e+01	4.422812e+01	1.396640e+02
244	7.617858e+00	2.815910e+03	3.016252e+02	4.929822e+02	8.088869e+01	4.432421e+01	1.424965e+02
245	7.649079e+00	2.846372e+03	3.017590e+02	4.909507e+02	8.102155e+01	4.473025e+01	1.439989e+02
246	7.680300e+00	2.818469e+03	3.023361e+02	4.889401e+02	8.083221e+01	4.439549e+01	1.478030e+02
247	7.711520e+00	2.804971e+03	3.030388e+02	4.870641e+02	8.041902e+01	4.440990e+01	1.512633e+02
248	7.742741e+00	2.800027e+03	3.036501e+02	4.851933e+02	7.981560e+01	4.466676e+01	1.546450e+02
249	7.773962e+00	2.822088e+03	3.045167e+02	4.831387e+02	8.078903e+01	4.447627e+01	1.579545e+02
250	7.805183e+00	2.822921e+03	3.051252e+02	4.811506e+02	8.011069e+01	4.486611e+01	1.606764e+02
251	7.836403e+00	2.812663e+03	3.060373e+02	4.792067e+02	7.987094e+01	4.483725e+01	1.643389e+02
252	7.867624e+00	2.799969e+03	3.068803e+02	4.773864e+02	8.007140e+01	4.452316e+01	1.666122e+02
253	7.898845e+00	2.812247e+03	3.079276e+02	4.757649e+02	7.994276e+01	4.479034e+01	1.701726e+02
254	7.930066e+00	2.850342e+03	3.087133e+02	4.736000e+02	7.910909e+01	4.587548e+01	1.722084e+02
255	7.961286e+00	2.787769e+03	3.101172e+02	4.722147e+02	7.958553e+01	4.459978e+01	1.761477e+02
256	7.992507e+00	2.788572e+03	3.114644e+02	4.707110e+02	7.930148e+01	4.477244e+01	4.773502e-01
257	8.023728e+00	2.819160e+03	3.128788e+02	4.691176e+02	8.018240e+01	4.476625e+01	4.460598e+00
258	8.054948e+00	2.756731e+03	3.144319e+02	4.676423e+02	7.944578e+01	4.418081e+01	6.194578e+00
259	8.086169e+00	2.778625e+03	3.160237e+02	4.662983e+02	8.017142e+01	4.412864e+01	1.069526e+01
260	8.117390e+00	2.796075e+03	3.175105e+02	4.648713e+02	8.033450e+01	4.431562e+01	1.417982e+01
261	8.148611e+00	2.790445e+03	3.191725e+02	4.637956e+02	8.037479e+01	4.420423e+01	1.761767e+01
262	8.179831e+00	2.796963e+03	3.210906e+02	4.627509e+02	8.034692e+01	4.432285e+01	2.146486e+01
263	8.211052e+00	2.819301e+03	3.227726e+02	4.621380e+02	8.026404e+01	4.472296e+01	2.542630e+01
264	8.242273e+00	2.788253e+03	3.250322e+02	4.611160e+02	8.006861e+01	4.433841e+01	2.764931e+01
265	8.273494e+00	2.789262e+03	3.273003e+02	4.603714e+02	8.031076e+01	4.422071e+01	3.106861e+01
266	8.304714e+00	2.795728e+03	3.292558e+02	4.599199e+02	8.016395e+01	4.440440e+01	3.428224e+01
267	8.335935e+00	2.791815e+03	3.317200e+02	4.596681e+02	8.049439e+01	4.416021e+01	3.857272e+01
268	8.367156e+00	2.802907e+03	3.336011e+02	4.595003e+02	8.061971e+01	4.426675e+01	4.227319e+01
269	8.398377e+00	2.786168e+03	3.358907e+02	4.595858e+02	8.061572e+01	4.400455e+01	4.536867e+01
270	8.429597e+00	2.859242e+03	3.373285e+02	4.598197e+02	8.202544e+01	4.438257e+01	5.023307e+01
271	8.460818e+00	2.788958e+03	3.401379e+02	4.599270e+02	8.067271e+01	4.401752e+01	5.240159e+01
272	8.492039e+00	2.788387e+03	3.422741e+02	4.601476e+02	8.071797e+01	4.398383e+01	5.556155e+01
273	8.523259e+00	2.791563e+03	3.444213e+02	4.604011e+02	8.088789e+01	4.394141e+01	5.837549e+01
274	8.554480e+00	2.787768e+03	3.463447e+02	4.609850e+02	8.081224e+01	4.392276e+01	6.198888e+01
275	8.585701e+00	2.787699e+03	3.482867e+02	4.616973e+02	8.103056e+01	4.380333e+01	6.549179e+01
276	8.616922e+00	2.775690e+03	3.503321e+02	4.627455e+02	8.100349e+01	4.362921e+01	6.879182e+01
277	8.648142e+00	2.792132e+03	3.521135e+02	4.638249e+02	8.127589e+01	4.374055e+01	7.209885e+01
278	8.679363e+00	2.763861e+03	3.539854e+02	4.649185e+02	8.099813e+01	4.344615e+01	7.499634e+01
279	8.710584e+00	2.800574e+03	3.557339e+02	4.662265e+02	8.198325e+01	4.349426e+01	7.761316e+01
280	8.741805e+00	2.772147e+03	3.577278e+02	4.673645e+02	8.097369e+01	4.358955e+01	8.074787e+01
281	8.773025e+00	2.780879e+03	3.592722e+02	4.688138e+02	8.130889e+01	4.354659e+01	8.367180e+01
282	8.804246e+00	2.780759e+03	3.608705e+02	4.702899e+02	8.164245e+01	4.336681e+01	8.644202e+01
283	8.835467e+00	2.773009e+03	3.627217e+02	4.716695e+02	8.172913e+01	4.320008e+01	8.973837e+01
284	8.866687e+00	2.781369e+03	3.643004e+02	4.731939e+02	8.160138e+01	4.339816e+01	9.211325e+01
285	8.897908e+00	2.777621e+03	3.660726e+02	4.747623e+02	8.142982e+01	4.343097e+01	9.452942e+01
286	8.929129e+00	2.780169e+03	3.673285e+02	4.762290e+02	8.158558e+01	4.338782e+01	9.700989e+01
287	8.960350e+00	2.772360e+03	3.688852e+02	4.780394e+02	8.155637e+01	4.328146e+01	9.955897e+01
288	8.991570e+00	2.785607e+03	3.703139e+02	4.797684e+02	8.170080e+01	4.341139e+01	1.021512e+02
289	9.022791e+00	2.798867e+03	3.714240e+02	4.814883e+02	8.200539e+01	4.345602e+01	1.051369e+02
290	9.054012e+00	2.780296e+03	3.723626e+02	4.834361e+02	8.163428e+01	4.336392e+01	1.077900e+02
291	9.085233e+00	2.784846e+03	3.734992e+02	4.855244e+02	8.173657e+01	4.338053e+01	1.101846e+02
292	9.116453e+00	2.791352e+03	3.746458e+02	4.874805e+02	8.130405e+01	4.371320e+01	1.127036e+02
293	9.147674e+00	2.784862e+03	3.754242e+02	4.895360e+02	8.167173e+01	4.341522e+01	1.151438e+02
294	9.178895e+00	2.794486e+03	3.760230e+02	4.917245e+02	8.149433e+01	4.366009e+01	1.179320e+02
295	9.210116e+00	2.799436e+03	3.764244e+02	4.937872e+02	8.150396e+01	4.373227e+01	1.202217e+02
296	9.241336e+00	2.807258e+03	3.769210e+02	4.960016e+02	8.151348e+01	4.384934e+01	1.230847e+02
297	9.272557e+00	2.802800e+03	3.773199e+02	4.980825e+02	8.146254e+01	4.380708e+01	1.251080e+02
298	9.303778e+00	2.799717e+03	3.776061e+02	5.001722e+02	8.154160e+01	4.371646e+01	1.279966e+02
299	9.334998e+00	2.800183e+03	3.779872e+02	5.023529e+02	8.138785e+01	4.380635e+01	1.306498e+02
300	9.366219e+00	2.844387e+03	3.778220e+02	5.044867e+02	8.236069e+01	4.397227e+01	1.329601e+02
301	9.397440e+00	2.785760e+03	3.781572e+02	5.067831e+02	8.099246e+01	4.379345e+01	1.362842e+02
302	9.428661e+00	2.795171e+03	3.782161e+02	5.089215e+02	8.110372e+01	4.388111e+01	1.391763e+02
303	9.459881e+00	2.810320e+03	3.780051e+02	5.111637e+02	8.124777e+01	4.404071e+01	1.417492e+02
304	9.491102e+00	2.822310e+03	3.778110e+02	5.132864e+02	8.152020e+01	4.408082e+01	1.437187e+02
305	9.522323e+00	2.800919e+03	3.779116e+02	5.154619e+02	8.104299e+01	4.400431e+01	1.466162e+02
306	9.553544e+00	2.820028e+03	3.774392e+02	5.175118e+02	8.127772e+01	4.417657e+01	1.490475e+02
307	9.584764e+00	2.811149e+03	3.771012e+02	5.195875e+02	8.116040e+01	4.410114e+01	1.527394e+02
308	9.615985e+00	2.795672e+03	3.762454e+02	5.217693e+02	8.051655e+01	4.420905e+01	1.558010e+02
309	9.647206e+00	2.812999e+03	3.754336e+02	5.234475e+02	8.062634e+01	4.442247e+01	1.588288e+02
310	9.678426e+00	2.822871e+03	3.746862e+02	5.256336e+02	8.043057e+01	4.468688e+01	1.626594e+02
311	9.709647e+00	2.812072e+03	3.740147e+02	5.275086e+02	8.029955e+01	4.458855e+01	1.652323e+02
312	9.740868e+00	2.838900e+03	3.727967e+02	5.293239e+02	8.031568e+01	4.500491e+01	1.689622e+02
313	9.772089e+00	2.818285e+03	3.715278e+02	5.307333e+02	8.048237e+01	4.458556e+01	1.719206e+02
314	9.803309e+00	2.828143e+03	3.703708e+02	5.329110e+02	8.030826e+01	4.483852e+01	1.758526e+02
315	9.834530e+00	2.802797e+03	3.690255e+02	5.339982e+02	8.057157e+01	4.429145e+01	1.781262e+02
316	9.865751e+00	2.836974e+03	3.674604e+02	5.353301e+02	8.024001e+01	4.501678e+01	9.948680e-01
317	9.896972e+00	2.843566e+03	3.659716e+02	5.372809e+02	8.018571e+01	4.515195e+01	5.504073e+00
318	9.928192e+00	2.816355e+03	3.645273e+02	5.386854e+02	8.049269e+01	4.454932e+01	7.884684e+00
319	9.959413e+00	2.815090e+03	3.630255e+02	5.402617e+02	8.024664e+01	4.466585e+01	1.060794e+01
320	9.990634e+00	2.826796e+03	3.615020e+02	5.415127e+02	8.058666e+01	4.466234e+01	1.387947e+01
321	1.002185e+01	2.798355e+03	3.596487e+02	5.427767e+02	8.062871e+01	4.418992e+01	1.652860e+01
322	1.005308e+01	2.815428e+03	3.576881e+02	5.437503e+02	8.037681e+01	4.459886e+01	2.029539e+01
323	1.008430e+01	2.791488e+03	3.559642e+02	5.447427e+02	8.058413e+01	4.410586e+01	2.270237e+01
324	1.011552e+01	2.858323e+03	3.537729e+02	5.456779e+02	8.028731e+01	4.532883e+01	2.635039e+01
325	1.014674e+01	2.832394e+03	3.522184e+02	5.467531e+02	8.103194e+01	4.450487e+01	2.936824e+01
326	1.017796e+01	2.834500e+03	3.501687e+02	5.478293e+02	8.161237e+01	4.422121e+01	3.258841e+01
327	1.020918e+01	2.825352e+03	3.483398e+02	5.483103e+02	8.124568e+01	4.427744e+01	3.513891e+01
328	1.024040e+01	2.815881e+03	3.464295e+02	5.489789e+02	8.113194e+01	4.419087e+01	3.799690e+01
329	1.027162e+01	2.811204e+03	3.443677e+02	5.496834e+02	8.129469e+01	4.402914e+01	4.038487e+01
330	1.030284e+01	2.802564e+03	3.427188e+02	5.499727e+02	8.070119e+01	4.421663e+01	4.339629e+01
331	1.033406e+01	2.811770e+03	3.412955e+02	5.505409e+02	8.091101e+01	4.424685e+01	4.629343e+01
332	1.036528e+01	2.817964e+03	3.397819e+02	5.513583e+02	8.134683e+01	4.410673e+01	4.850184e+01
333	1.039650e+01	2.829057e+03	3.379187e+02	5.519338e+02	8.142326e+01	4.423879e+01	5.124062e+01
334	1.042772e+01	2.825222e+03	3.360038e+02	5.519677e+02	8.148074e+01	4.414767e+01	5.390245e+01
335	1.045894e+01	2.819234e+03	3.341740e+02	5.516202e+02	8.120486e+01	4.420375e+01	5.696598e+01
336	1.049017e+01	2.793663e+03	3.323428e+02	5.514033e+02	8.099816e+01	4.391460e+01	5.982675e+01
337	1.052139e+01	2.800217e+03	3.302640e+02	5.512327e+02	8.115632e+01	4.393184e+01	6.260739e+01
338	1.055261e+01	2.808590e+03	3.280826e+02	5.509155e+02	8.152229e+01	4.386540e+01	6.604163e+01
339	1.058383e+01	2.799290e+03	3.262526e+02	5.504903e+02	8.169775e+01	4.362625e+01	6.953055e+01
340	1.061505e+01	2.808792e+03	3.242538e+02	5.498213e+02	8.220673e+01	4.350332e+01	7.277116e+01
341	1.064627e+01	2.794807e+03	3.224276e+02	5.487706e+02	8.169235e+01	4.355927e+01	7.608637e+01
342	1.067749e+01	2.791157e+03	3.206422e+02	5.481793e+02	8.193433e+01	4.337390e+01	7.855721e+01
343	1.070871e+01	2.784834e+03	3.189048e+02	5.476129e+02	8.163778e+01	4.343285e+01	8.093826e+01
344	1.073993e+01	2.790143e+03	3.172420e+02	5.472485e+02	8.180074e+01	4.342895e+01	8.299487e+01
345	1.077115e+01	2.782941e+03	3.153959e+02	5.467655e+02	8.128287e+01	4.359283e+01	8.479568e+01
346	1.080237e+01	2.763334e+03	3.136006e+02	5.459044e+02	8.135693e+01	4.324629e+01	8.743973e+01
347	1.083359e+01	2.776282e+03	3.117220e+02	5.449709e+02	8.128935e+01	4.348505e+01	8.942213e+01
348	1.086481e+01	2.794320e+03	3.098621e+02	5.438648e+02	8.184877e+01	4.346844e+01	9.177422e+01
349	1.089603e+01	2.781455e+03	3.082633e+02	5.425400e+02	8.185714e+01	4.326389e+01	9.384501e+01
350	1.092726e+01	2.792075e+03	3.066976e+02	5.411250e+02	8.195779e+01	4.337574e+01	9.660038e+01
351	1.095848e+01	2.803146e+03	3.053535e+02	5.395626e+02	8.165585e+01	4.370876e+01	9.927716e+01
352	1.098970e+01	2.799954e+03	3.039546e+02	5.378765e+02	8.174583e+01	4.361093e+01	1.019905e+02
353	1.102092e+01	2.790341e+03	3.029753e+02	5.359714e+02	8.165494e+01	4.350959e+01	1.048800e+02
354	1.105214e+01	2.777355e+03	3.017030e+02	5.342203e+02	8.135548e+01	4.346650e+01	1.074873e+02
355	1.108336e+01	2.783200e+03	3.006262e+02	5.325538e+02	8.152840e+01	4.346560e+01	1.101582e+02
356	1.111458e+01	2.808774e+03	2.994641e+02	5.307092e+02	8.182071e+01	4.370828e+01	1.130208e+02
357	1.114580e+01	2.795052e+03	2.985713e+02	5.288854e+02	8.128478e+01	4.378151e+01	1.160777e+02
358	1.117702e+01	2.800639e+03	2.977708e+02	5.269937e+02	8.138061e+01	4.381737e+01	1.185399e+02
359	1.120824e+01	2.822797e+03	2.967270e+02	5.250739e+02	8.175372e+01	4.396248e+01	1.208786e+02
360	1.123946e+01	2.816711e+03	2.960175e+02	5.230565e+02	8.125484e+01	4.413703e+01	1.236250e+02
361	1.127068e+01	2.798167e+03	2.958246e+02	5.211118e+02	8.064005e+01	4.418074e+01	1.272685e+02
362	1.130190e+01	2.810432e+03	2.954792e+02	5.189600e+02	8.068303e+01	4.435076e+01	1.301881e+02
363	1.133313e+01	2.833856e+03	2.950211e+02	5.167863e+02	8.107301e+01	4.450529e+01	1.324099e+02
364	1.136435e+01	2.810309e+03	2.951357e+02	5.148609e+02	8.037312e+01	4.451982e+01	1.364792e+02
365	1.139557e+01	2.845039e+03	2.950751e+02	5.126349e+02	8.107152e+01	4.468174e+01	1.393230e+02
366	1.142679e+01	2.832133e+03	2.953019e+02	5.106259e+02	8.049622e+01	4.479694e+01	1.428163e+02
367	1.145801e+01	2.825747e+03	2.953935e+02	5.085521e+02	8.026926e+01	4.482229e+01	1.462896e+02
368	1.148923e+01	2.827789e+03	2.954197e+02	5.064993e+02	8.002916e+01	4.498926e+01	1.496628e+02
369	1.152045e+01	2.825225e+03	2.956031e+02	5.045941e+02	8.028577e+01	4.480481e+01	1.523924e+02
370	1.155167e+01	2.821506e+03	2.957837e+02	5.028072e+02	8.022478e+01	4.477985e+01	1.559592e+02
371	1.158289e+01	2.840330e+03	2.964130e+02	5.011811e+02	8.047302e+01	4.493953e+01	1.600146e+02
372	1.161411e+01	2.820238e+03	2.974888e+02	4.993050e+02	8.001065e+01	4.487951e+01	1.627353e+02
373	1.164533e+01	2.784259e+03	2.985226e+02	4.976849e+02	7.992828e+01	4.435262e+01	1.663190e+02
374	1.167655e+01	2.793765e+03	2.995423e+02	4.960060e+02	8.008372e+01	4.441767e+01	1.704952e+02
375	1.170777e+01	2.820915e+03	3.008505e+02	4.942599e+02	8.011516e+01	4.483173e+01	1.734426e+02
376	1.173899e+01	2.836125e+03	3.022324e+02	4.925568e+02	7.994460e+01	4.516962e+01	1.770837e+02
377	1.177022e+01	2.839888e+03	3.036655e+02	4.911095e+02	7.980236e+01	4.531016e+01	2.397254e-01
378	1.180144e+01	2.842331e+03	3.052376e+02	4.895648e+02	8.033170e+01	4.505032e+01	3.623370e+00
379	1.183266e+01	2.824636e+03	3.070281e+02	4.882134e+02	8.012885e+01	4.488318e+01	7.699629e+00
380	1.186388e+01	2.842530e+03	3.084875e+02	4.872293e+02	8.102742e+01	4.466663e+01	1.207926e+01
381	1.189510e+01	2.804000e+03	3.103254e+02	4.857451e+02	8.041696e+01	4.439565e+01	1.462302e+01
382	1.192632e+01	2.819522e+03	3.120273e+02	4.842485e+02	8.059389e+01	4.454342e+01	1.763860e+01
383	1.195754e+01	2.827196e+03	3.136128e+02	4.834194e+02	8.069388e+01	4.460931e+01	2.171844e+01
384	1.198876e+01	2.808495e+03	3.155954e+02	4.825033e+02	8.041630e+01	4.446719e+01	2.508022e+01
385	1.201998e+01	2.868249e+03	3.169860e+02	4.821642e+02	8.072818e+01	4.523784e+01	3.008354e+01
386	1.205120e+01	2.830131e+03	3.195736e+02	4.814042e+02	8.117330e+01	4.439186e+01	3.209941e+01
387	1.208242e+01	2.811596e+03	3.216541e+02	4.809117e+02	8.088197e+01	4.425999e+01	3.579195e+01
388	1.211364e+01	2.800743e+03	3.241097e+02	4.805707e+02	8.045731e+01	4.432186e+01	3.936898e+01
389	1.214486e+01	2.802985e+03	3.262473e+02	4.803996e+02	8.072437e+01	4.421059e+01	4.295119e+01
390	1.217608e+01	2.790356e+03	3.284148e+02	4.802053e+02	8.037794e+01	4.420108e+01	4.659384e+01
391	1.220731e+01	2.807684e+03	3.304366e+02	4.802572e+02	8.076946e+01	4.425998e+01	5.049181e+01
392	1.223853e+01	2.793669e+03	3.323860e+02	4.803328e+02	8.089497e+01	4.397072e+01	5.384526e+01
393	1.226975e+01	2.793005e+03	3.342529e+02	4.806341e+02	8.118375e+01	4.380390e+01	5.739079e+01
394	1.230097e+01	2.813429e+03	3.364409e+02	4.811288e+02	8.125154e+01	4.408739e+01	6.074782e+01
395	1.233219e+01	2.799742e+03	3.384700e+02	4.816706e+02	8.168210e+01	4.364165e+01	6.401212e+01
396	1.236341e+01	2.784353e+03	3.406973e+02	4.821843e+02	8.149223e+01	4.350290e+01	6.719862e+01
397	1.239463e+01	2.793076e+03	3.427600e+02	4.829400e+02	8.180948e+01	4.346996e+01	7.050726e+01
398	1.242585e+01	2.777852e+03	3.449281e+02	4.837934e+02	8.111337e+01	4.360404e+01	7.350923e+01
399	1.245707e+01	2.788367e+03	3.467103e+02	4.848665e+02	8.121609e+01	4.371375e+01	7.721695e+01
400	1.248829e+01	2.781581e+03	3.488677e+02	4.857739e+02	8.126828e+01	4.357936e+01	8.047102e+01
401	1.251951e+01	2.785262e+03	3.506121e+02	4.871564e+02	8.159423e+01	4.346270e+01	8.341821e+01
402	1.255073e+01	2.783914e+03	3.524081e+02	4.885602e+02	8.171748e+01	4.337614e+01	8.639782e+01
403	1.258195e+01	2.796151e+03	3.539574e+02	4.900083e+02	8.207731e+01	4.337581e+01	8.939072e+01
404	1.261318e+01	2.784342e+03	3.554758e+02	4.916091e+02	8.166223e+01	4.341216e+01	9.313522e+01
405	1.264440e+01	2.783680e+03	3.572571e+02	4.930871e+02	8.177809e+01	4.334035e+01	9.569102e+01
406	1.267562e+01	2.781108e+03	3.587026e+02	4.946750e+02	8.148321e+01	4.345700e+01	9.860480e+01
407	1.270684e+01	2.779063e+03	3.602402e+02	4.963441e+02	8.160896e+01	4.335814e+01	1.014557e+02
408	1.273806e+01	2.786897e+03	3.616341e+02	4.981441e+02	8.160337e+01	4.348334e+01	1.043343e+02
409	1.276928e+01	2.809974e+03	3.626058e+02	5.000445e+02	8.175742e+01	4.376080e+01	1.069576e+02
410	1.280050e+01	2.796861e+03	3.640071e+02	5.020013e+02	8.188155e+01	4.349056e+01	1.105118e+02
411	1.283172e+01	2.784215e+03	3.650703e+02	5.039521e+02	8.170613e+01	4.338686e+01	1.125855e+02
412	1.286294e+01	2.802450e+03	3.660978e+02	5.060342e+02	8.154162e+01	4.375912e+01	1.153884e+02
413	1.289416e+01	2.829511e+03	3.666731e+02	5.079911e+02	8.244302e+01	4.369861e+01	1.170563e+02
414	1.292538e+01	2.804970e+03	3.678732e+02	5.101597e+02	8.122827e+01	4.396744e+01	1.208914e+02
415	1.295660e+01	2.796244e+03	3.684064e+02	5.122747e+02	8.126059e+01	4.381323e+01	1.239764e+02
416	1.298782e+01	2.808766e+03	3.689558e+02	5.145622e+02	8.119377e+01	4.404565e+01	1.274031e+02
417	1.301904e+01	2.809413e+03	3.693666e+02	5.167261e+02	8.123431e+01	4.403380e+01	1.309985e+02
418	1.305027e+01	2.828342e+03	3.693642e+02	5.187606e+02	8.142770e+01	4.422520e+01	1.337249e+02
419	1.308149e+01	2.814200e+03	3.697036e+02	5.210595e+02	8.134705e+01	4.404771e+01	1.366844e+02
420	1.311271e+01	2.877270e+03	3.694785e+02	5.232222e+02	8.158450e+01	4.490380e+01	1.381881e+02
421	1.314393e+01	2.839936e+03	3.696503e+02	5.256777e+02	8.064295e+01	4.483862e+01	1.424082e+02
422	1.317515e+01	2.800672e+03	3.700009e+02	5.278809e+02	8.075087e+01	4.415960e+01	1.453066e+02
423	1.320637e+01	2.826953e+03	3.696698e+02	5.300063e+02	8.075877e+01	4.456962e+01	1.482228e+02
424	1.323759e+01	2.817573e+03	3.692712e+02	5.321407e+02	8.059359e+01	4.451279e+01	1.513583e+02
425	1.326881e+01	2.868682e+03	3.683883e+02	5.343095e+02	8.026396e+01	4.550634e+01	1.540690e+02
426	1.330003e+01	2.801798e+03	3.682287e+02	5.366553e+02	8.038916e+01	4.437613e+01	1.572512e+02
427	1.333125e+01	2.842309e+03	3.674826e+02	5.384912e+02	8.079284e+01	4.479284e+01	1.599144e+02
428	1.336247e+01	2.858384e+03	3.666676e+02	5.408520e+02	8.028391e+01	4.533172e+01	1.638765e+02
429	1.339369e+01	2.824260e+03	3.661585e+02	5.426751e+02	8.042039e+01	4.471452e+01	1.660264e+02
430	1.342491e+01	2.826986e+03	3.652814e+02	5.447517e+02	8.048245e+01	4.472317e+01	1.685533e+02
431	1.345613e+01	2.825869e+03	3.645305e+02	5.470860e+02	8.003210e+01	4.495707e+01	1.709940e+02
432	1.348736e+01	2.829146e+03	3.637857e+02	5.489945e+02	8.021140e+01	4.490858e+01	1.728674e+02
433	1.351858e+01	2.829640e+03	3.630316e+02	5.504966e+02	7.997427e+01	4.504961e+01	1.752666e+02
434	1.354980e+01	2.818254e+03	3.621062e+02	5.524437e+02	8.087162e+01	4.437048e+01	1.770490e+02
435	1.358102e+01	2.849940e+03	3.609351e+02	5.545544e+02	7.995081e+01	4.538611e+01	1.792210e+02
436	1.361224e+01	2.830853e+03	3.601871e+02	5.567470e+02	8.077265e+01	4.462344e+01	1.624400e+00
437	1.364346e+01	2.841360e+03	3.590491e+02	5.585818e+02	8.015139e+01	4.513624e+01	2.840246e+00
438	1.367468e+01	2.830540e+03	3.580923e+02	5.605251e+02	8.109792e+01	4.443955e+01	4.826386e+00
439	1.370590e+01	2.841904e+03	3.568391e+02	5.624017e+02	7.994390e+01	4.526205e+01	6.563827e+00
440	1.373712e+01	2.913626e+03	3.553627e+02	5.641155e+02	7.955379e+01	4.663190e+01	8.429561e+00
441	1.376834e+01	2.838253e+03	3.549861e+02	5.660839e+02	8.105325e+01	4.458521e+01	1.072768e+01
442	1.379956e+01	2.799694e+03	3.539937e+02	5.677146e+02	8.051495e+01	4.427354e+01	1.153003e+01
443	1.383078e+01	2.833944e+03	3.527154e+02	5.695740e+02	8.074509e+01	4.468741e+01	1.373415e+01
444	1.386200e+01	2.838556e+03	3.514611e+02	5.713619e+02	8.069229e+01	4.478943e+01	1.529841e+01
445	1.389323e+01	2.828214e+03	3.504048e+02	5.730654e+02	8.132182e+01	4.428079e+01	1.695718e+01
446	1.392445e+01	2.844154e+03	3.490869e+02	5.748828e+02	8.117592e+01	4.461039e+01	1.928467e+01
447	1.395567e+01	2.826845e+03	3.479954e+02	5.762718e+02	8.103680e+01	4.441501e+01	2.048816e+01
448	1.398689e+01	2.881961e+03	3.461113e+02	5.777498e+02	8.082191e+01	4.540138e+01	2.330617e+01
449	1.401811e+01	2.843006e+03	3.448946e+02	5.790618e+02	8.079842e+01	4.480072e+01	2.461690e+01
450	1.404933e+01	2.843498e+03	3.432850e+02	5.803623e+02	8.119492e+01	4.458966e+01	2.719951e+01
451	1.408055e+01	2.852834e+03	3.415500e+02	5.814642e+02	8.089224e+01	4.490345e+01	2.990748e+01
452	1.411177e+01	2.816856e+03	3.400835e+02	5.822488e+02	8.073503e+01	4.442350e+01	3.200452e+01
453	1.414299e+01	2.852329e+03	3.379859e+02	5.831953e+02	8.174310e+01	4.442820e+01	3.535518e+01
454	1.417421e+01	2.871735e+03	3.359507e+02	5.840870e+02	8.208521e+01	4.454403e+01	3.923619e+01
455	1.420543e+01	2.812872e+03	3.347306e+02	5.844747e+02	8.079517e+01	4.432765e+01	4.073356e+01
456	1.423665e+01	2.840543e+03	3.325976e+02	5.853804e+02	8.149113e+01	4.438142e+01	4.416159e+01
457	1.426787e+01	2.818193e+03	3.308950e+02	5.859686e+02	8.104873e+01	4.427256e+01	4.644653e+01
458	1.429909e+01	2.829067e+03	3.286467e+02	5.864012e+02	8.146059e+01	4.421868e+01	4.991605e+01
459	1.433032e+01	2.824884e+03	3.267600e+02	5.864274e+02	8.144490e+01	4.416180e+01	5.305332e+01
460	1.436154e+01	2.808878e+03	3.248297e+02	5.865784e+02	8.116118e+01	4.406509e+01	5.564014e+01
461	1.439276e+01	2.823717e+03	3.226700e+02	5.867299e+02	8.144360e+01	4.414427e+01	5.962375e+01
462	1.442398e+01	2.802884e+03	3.209821e+02	5.866131e+02	8.105422e+01	4.402908e+01	6.247813e+01
463	1.445520e+01	2.806517e+03	3.192291e+02	5.868392e+02	8.134043e+01	4.393103e+01	6.534325e+01
464	1.448642e+01	2.816140e+03	3.171849e+02	5.866990e+02	8.171655e+01	4.387876e+01	6.845934e+01
465	1.451764e+01	2.796366e+03	3.155122e+02	5.862978e+02	8.119817e+01	4.384882e+01	7.157838e+01
466	1.454886e+01	2.806855e+03	3.135550e+02	5.858538e+02	8.129220e+01	4.396239e+01	7.444680e+01
467	1.458008e+01	2.803698e+03	3.115190e+02	5.854278e+02	8.135352e+01	4.387984e+01	7.664290e+01
468	1.461130e+01	2.801584e+03	3.095710e+02	5.848854e+02	8.170280e+01	4.365930e+01	7.915576e+01
469	1.464252e+01	2.804060e+03	3.075922e+02	5.842057e+02	8.178707e+01	4.365287e+01	8.182050e+01
470	1.467374e+01	2.783063e+03	3.059159e+02	5.833979e+02	8.144920e+01	4.350572e+01	8.422067e+01
471	1.470496e+01	2.796230e+03	3.041237e+02	5.825527e+02	8.193908e+01	4.345021e+01	8.728199e+01
472	1.473618e+01	2.788970e+03	3.026110e+02	5.814362e+02	8.192743e+01	4.334356e+01	8.998569e+01
473	1.476741e+01	2.797932e+03	3.007926e+02	5.802451e+02	8.179911e+01	4.355106e+01	9.304076e+01
474	1.479863e+01	2.804163e+03	2.991466e+02	5.791021e+02	8.173035e+01	4.368476e+01	9.528284e+01
475	1.482985e+01	2.788506e+03	2.976766e+02	5.779813e+02	8.146502e+01	4.358233e+01	9.814658e+01
476	1.486107e+01	2.835454e+03	2.954498e+02	5.766300e+02	8.281445e+01	4.359400e+01	9.978460e+01
477	1.489229e+01	2.795134e+03	2.941864e+02	5.753974e+02	8.206236e+01	4.336794e+01	1.023018e+02
478	1.492351e+01	2.799065e+03	2.928588e+02	5.743389e+02	8.174181e+01	4.359924e+01	1.041328e+02
479	1.495473e+01	2.830142e+03	2.912268e+02	5.731568e+02	8.195056e+01	4.397100e+01	1.065681e+02
480	1.498595e+01	2.810021e+03	2.898472e+02	5.718039e+02	8.160203e+01	4.384486e+01	1.088796e+02
481	1.501717e+01	2.810634e+03	2.886341e+02	5.702803e+02	8.144773e+01	4.393751e+01	1.110935e+02
482	1.504839e+01	2.825825e+03	2.873561e+02	5.685767e+02	8.243862e+01	4.364400e+01	1.136818e+02
483	1.507961e+01	2.798285e+03	2.867350e+02	5.668966e+02	8.142419e+01	4.375711e+01	1.167926e+02
484	1.511083e+01	2.820476e+03	2.854606e+02	5.650748e+02	8.176736e+01	4.391900e+01	1.194401e+02
485	1.514205e+01	2.819569e+03	2.844988e+02	5.631491e+02	8.129182e+01	4.416172e+01	1.214267e+02
486	1.517328e+01	2.819305e+03	2.838768e+02	5.612198e+02	8.150349e+01	4.404291e+01	1.241844e+02
487	1.520450e+01	2.815671e+03	2.832370e+02	5.591998e+02	8.111826e+01	4.419503e+01	1.268140e+02
488	1.523572e+01	2.849536e+03	2.824394e+02	5.572421e+02	8.172578e+01	4.439410e+01	1.293857e+02
489	1.526694e+01	2.831494e+03	2.818320e+02	5.555622e+02	8.054092e+01	4.476198e+01	1.320296e+02
490	1.529816e+01	2.848161e+03	2.806480e+02	5.532874e+02	8.135338e+01	4.457578e+01	1.331633e+02
491	1.532938e+01	2.804339e+03	2.803975e+02	5.516340e+02	8.030536e+01	4.446273e+01	1.353715e+02
492	1.536060e+01	2.822031e+03	2.797405e+02	5.496627e+02	8.056129e+01	4.460110e+01	1.367127e+02
493	1.539182e+01	2.819483e+03	2.792728e+02	5.476552e+02	8.097459e+01	4.433337e+01	1.378832e+02
494	1.542304e+01	2.824811e+03	2.786077e+02	5.457579e+02	8.092973e+01	4.444178e+01	1.390668e+02
495	1.545426e+01	2.830062e+03	2.779873e+02	5.438189e+02	8.087550e+01	4.455424e+01	1.402420e+02
496	1.548548e+01	2.824243e+03	2.777699e+02	5.417043e+02	8.052180e+01	4.465795e+01	1.422443e+02
497	1.551670e+01	2.842872e+03	2.775905e+02	5.395025e+02	8.104960e+01	4.465977e+01	1.437023e+02
498	1.554792e+01	2.838930e+03	2.771805e+02	5.373011e+02	8.047254e+01	4.491766e+01	1.446773e+02
499	1.557914e+01	2.815250e+03	2.772592e+02	5.351877e+02	8.051785e+01	4.451793e+01	1.465997e+02
500	1.561037e+01	2.825394e+03	2.772760e+02	5.332815e+02	8.059605e+01	4.463499e+01	1.481210e+02
501	1.564159e+01	2.813895e+03	2.771046e+02	5.313574e+02	8.063202e+01	4.443350e+01	1.494026e+02
502	1.567281e+01	2.840442e+03	2.771149e+02	5.295797e+02	7.985750e+01	4.528771e+01	1.509422e+02
503	1.570403e+01	2.836857e+03	2.771965e+02	5.273325e+02	8.046013e+01	4.489179e+01	1.515100e+02
504	1.573525e+01	2.849341e+03	2.774109e+02	5.256093e+02	8.049994e+01	4.506704e+01	1.529228e+02
505	1.576647e+01	2.804639e+03	2.775946e+02	5.233449e+02	8.034296e+01	4.444667e+01	1.534573e+02
506	1.579769e+01	2.831741e+03	2.776018e+02	5.213963e+02	8.069317e+01	4.468142e+01	1.547222e+02
507	1.582891e+01	2.835512e+03	2.778594e+02	5.195784e+02	7.999568e+01	4.513102e+01	1.569297e+02
508	1.586013e+01	2.819995e+03	2.784408e+02	5.174230e+02	8.043291e+01	4.464005e+01	1.588432e+02
509	1.589135e+01	2.846746e+03	2.785009e+02	5.152432e+02	8.023080e+01	4.517703e+01	1.594328e+02
510	1.592257e+01	2.837458e+03	2.791265e+02	5.135316e+02	8.025845e+01	4.501412e+01	1.617606e+02
511	1.595379e+01	2.884225e+03	2.793145e+02	5.115059e+02	7.963237e+01	4.611579e+01	1.630717e+02
512	1.598501e+01	2.817140e+03	2.801624e+02	5.090411e+02	8.037662e+01	4.462609e+01	1.641035e+02
513	1.601623e+01	2.806218e+03	2.809386e+02	5.072684e+02	8.009069e+01	4.461178e+01	1.662866e+02
514	1.604746e+01	2.826010e+03	2.815438e+02	5.054565e+02	8.036617e+01	4.477241e+01	1.674098e+02
515	1.607868e+01	2.834538e+03	2.820101e+02	5.035448e+02	8.012257e+01	4.504406e+01	1.685797e+02
516	1.610990e+01	2.822656e+03	2.830730e+02	5.016694e+02	8.059244e+01	4.459373e+01	1.704001e+02
517	1.614112e+01	2.817277e+03	2.837662e+02	4.996021e+02	8.010278e+01	4.478082e+01	1.716760e+02
518	1.617234e+01	2.837153e+03	2.845211e+02	4.979559e+02	8.001817e+01	4.514444e+01	1.741488e+02
519	1.620356e+01	2.817537e+03	2.857410e+02	4.962766e+02	8.016528e+01	4.475004e+01	1.758073e+02
520	1.623478e+01	2.874139e+03	2.865521e+02	4.946292e+02	8.006361e+01	4.570700e+01	1.782605e+02
521	1.626600e+01	2.813048e+03	2.881835e+02	4.928511e+02	8.040158e+01	4.454744e+01	2.384776e-01
522	1.629722e+01	2.808534e+03	2.893210e+02	4.912100e+02	8.038699e+01	4.448402e+01	1.979461e+00
523	1.632844e+01	2.822659e+03	2.905174e+02	4.895336e+02	8.065068e+01	4.456157e+01	4.165949e+00
524	1.635966e+01	2.820628e+03	2.916938e+02	4.877993e+02	8.026452e+01	4.474374e+01	5.914584e+00
525	1.639088e+01	2.845253e+03	2.928452e+02	4.862859e+02	8.056818e+01	4.496426e+01	8.159803e+00
526	1.642210e+01	2.825910e+03	2.940452e+02	4.846174e+02	8.063016e+01	4.462426e+01	9.040348e+00
527	1.645333e+01	2.871265e+03	2.951909e+02	4.830997e+02	8.038615e+01	4.547808e+01	1.118921e+01
528	1.648455e+01	2.790933e+03	2.970243e+02	4.813470e+02	8.027204e+01	4.426855e+01	1.143465e+01
529	1.651577e+01	2.807030e+03	2.984085e+02	4.798145e+02	8.037737e+01	4.446553e+01	1.394224e+01
530	1.654699e+01	2.817384e+03	2.999814e+02	4.782397e+02	8.035432e+01	4.464234e+01	1.512716e+01
531	1.657821e+01	2.820855e+03	3.014824e+02	4.770352e+02	8.042794e+01	4.465643e+01	1.729970e+01
532	1.660943e+01	2.808818e+03	3.032217e+02	4.758040e+02	8.035197e+01	4.450790e+01	1.926775e+01
533	1.664065e+01	2.816338e+03	3.050160e+02	4.744560e+02	8.056752e+01	4.450768e+01	2.069857e+01
534	1.667187e+01	2.804165e+03	3.068161e+02	4.731055e+02	8.048801e+01	4.435908e+01	2.211299e+01
535	1.670309e+01	2.811366e+03	3.083280e+02	4.718507e+02	8.011920e+01	4.467770e+01	2.400354e+01
536	1.673431e+01	2.797161e+03	3.100856e+02	4.706100e+02	8.022614e+01	4.439272e+01	2.541517e+01
537	1.676553e+01	2.802334e+03	3.119061e+02	4.695428e+02	8.009790e+01	4.454602e+01	2.779645e+01
538	1.679675e+01	2.803149e+03	3.136162e+02	4.685121e+02	8.069019e+01	4.423189e+01	2.915422e+01
539	1.682797e+01	2.786799e+03	3.155302e+02	4.671573e+02	8.024704e+01	4.421674e+01	3.037203e+01
540	1.685919e+01	2.786798e+03	3.173394e+02	4.662123e+02	8.074390e+01	4.394464e+01	3.205193e+01
541	1.689042e+01	2.791247e+03	3.192099e+02	4.651960e+02	8.041012e+01	4.419750e+01	3.330849e+01
542	1.692164e+01	2.808103e+03	3.211201e+02	4.642195e+02	8.013261e+01	4.461838e+01	3.507549e+01
543	1.695286e+01	2.780605e+03	3.231490e+02	4.636117e+02	8.017985e+01	4.415544e+01	3.619927e+01
544	1.698408e+01	2.799346e+03	3.250657e+02	4.627397e+02	8.103503e+01	4.398392e+01	3.854053e+01
545	1.701530e+01	2.789408e+03	3.271137e+02	4.618907e+02	8.063873e+01	4.404316e+01	4.004449e+01
546	1.704652e+01	2.794252e+03	3.291105e+02	4.611456e+02	8.089188e+01	4.398158e+01	4.184365e+01
547	1.707774e+01	2.796363e+03	3.310943e+02	4.606704e+02	8.078820e+01	4.407129e+01	4.427032e+01
548	1.710896e+01	2.783289e+03	3.331348e+02	4.604098e+02	8.050631e+01	4.401883e+01	4.647072e+01
549	1.714018e+01	2.802509e+03	3.351550e+02	4.602682e+02	8.106089e+01	4.401957e+01	4.908353e+01
550	1.717140e+01	2.783884e+03	3.372165e+02	4.603040e+02	8.077365e+01	4.388252e+01	5.131784e+01
551	1.720262e+01	2.795035e+03	3.393159e+02	4.605530e+02	8.099466e+01	4.393807e+01	5.486767e+01
552	1.723384e+01	2.783959e+03	3.416122e+02	4.605195e+02	8.079945e+01	4.386969e+01	5.660742e+01
553	1.726506e+01	2.785354e+03	3.435709e+02	4.605622e+02	8.083276e+01	4.387359e+01	5.901643e+01
554	1.729628e+01	2.794401e+03	3.458551e+02	4.606339e+02	8.132188e+01	4.375135e+01	6.103335e+01
555	1.732751e+01	2.781392e+03	3.479528e+02	4.608844e+02	8.115190e+01	4.363888e+01	6.327399e+01
556	1.735873e+01	2.778127e+03	3.500423e+02	4.611078e+02	8.082136e+01	4.376591e+01	6.560415e+01
557	1.738995e+01	2.765135e+03	3.519095e+02	4.618587e+02	8.041005e+01	4.378408e+01	6.798727e+01
558	1.742117e+01	2.763092e+03	3.540605e+02	4.622123e+02	8.075133e+01	4.356682e+01	7.006947e+01
559	1.745239e+01	2.770253e+03	3.559752e+02	4.628356e+02	8.098658e+01	4.355284e+01	7.271094e+01
560	1.748361e+01	2.767138e+03	3.578943e+02	4.635826e+02	8.111111e+01	4.343708e+01	7.493694e+01
561	1.751483e+01	2.752055e+03	3.599120e+02	4.645673e+02	8.079767e+01	4.336791e+01	7.774722e+01
562	1.754605e+01	2.757891e+03	3.617506e+02	4.656976e+02	8.064314e+01	4.354315e+01	7.989646e+01
563	1.757727e+01	2.768086e+03	3.640042e+02	4.664452e+02	8.106745e+01	4.347535e+01	8.110791e+01
564	1.760849e+01	2.760192e+03	3.659587e+02	4.672222e+02	8.131252e+01	4.322073e+01	8.260856e+01
565	1.763971e+01	2.767407e+03	3.679446e+02	4.681233e+02	8.112964e+01	4.343138e+01	8.455541e+01
566	1.767093e+01	2.775319e+03	3.698992e+02	4.691615e+02	8.134996e+01	4.343758e+01	8.645333e+01
567	1.770215e+01	2.766173e+03	3.716753e+02	4.704621e+02	8.153731e+01	4.319496e+01	8.824915e+01
568	1.773337e+01	2.778348e+03	3.735471e+02	4.716390e+02	8.190378e+01	4.319096e+01	8.985568e+01
569	1.776460e+01	2.782263e+03	3.753734e+02	4.727755e+02	8.215875e+01	4.311758e+01	9.137543e+01
570	1.779582e+01	2.788113e+03	3.772256e+02	4.740428e+02	8.182417e+01	4.338493e+01	9.273703e+01
571	1.782704e+01	2.766753e+03	3.790471e+02	4.754201e+02	8.164422e+01	4.314744e+01	9.479639e+01
572	1.785826e+01	2.779522e+03	3.807962e+02	4.766773e+02	8.159011e+01	4.337532e+01	9.636322e+01
573	1.788948e+01	2.758626e+03	3.824357e+02	4.781766e+02	8.173503e+01	4.297290e+01	9.772755e+01
574	1.792070e+01	2.772864e+03	3.842321e+02	4.796856e+02	8.174229e+01	4.319087e+01	9.923102e+01
575	1.795192e+01	2.766276e+03	3.858738e+02	4.812040e+02	8.180911e+01	4.305305e+01	1.004891e+02
576	1.798314e+01	2.789394e+03	3.873819e+02	4.827452e+02	8.224725e+01	4.318158e+01	1.017591e+02
577	1.801436e+01	2.776526e+03	3.893785e+02	4.843750e+02	8.160405e+01	4.332117e+01	1.028515e+02
578	1.804558e+01	2.771669e+03	3.908416e+02	4.858938e+02	8.169003e+01	4.319986e+01	1.042492e+02
579	1.807680e+01	2.788715e+03	3.921706e+02	4.874752e+02	8.214882e+01	4.322280e+01	1.052334e+02
580	1.810802e+01	2.780801e+03	3.937859e+02	4.892697e+02	8.166770e+01	4.335405e+01	1.070273e+02
581	1.813924e+01	2.772599e+03	3.949652e+02	4.910579e+02	8.159059e+01	4.326703e+01	1.085918e+02
582	1.817047e+01	2.786952e+03	3.962080e+02	4.928002e+02	8.171245e+01	4.342616e+01	1.103878e+02
583	1.820169e+01	2.782913e+03	3.973745e+02	4.946570e+02	8.184371e+01	4.329368e+01	1.124063e+02
584	1.823291e+01	2.794765e+03	3.981824e+02	4.967216e+02	8.162273e+01	4.359577e+01	1.144196e+02
585	1.826413e+01	2.832091e+03	3.987708e+02	4.988837e+02	8.236539e+01	4.377967e+01	1.160411e+02
586	1.829535e+01	2.803044e+03	3.996758e+02	5.010178e+02	8.177972e+01	4.364096e+01	1.186454e+02
587	1.832657e+01	2.791606e+03	4.004765e+02	5.032361e+02	8.151389e+01	4.360463e+01	1.211217e+02
588	1.835779e+01	2.799375e+03	4.011235e+02	5.053555e+02	8.123711e+01	4.387495e+01	1.235584e+02
589	1.838901e+01	2.785578e+03	4.011586e+02	5.074983e+02	8.140409e+01	4.356916e+01	1.264514e+02
590	1.842023e+01	2.794024e+03	4.015542e+02	5.098257e+02	8.132726e+01	4.374256e+01	1.291229e+02
591	1.845145e+01	2.797832e+03	4.018087e+02	5.119605e+02	8.133929e+01	4.379569e+01	1.315761e+02
592	1.848267e+01	2.807173e+03	4.020581e+02	5.140513e+02	8.108487e+01	4.407979e+01	1.333594e+02
593	1.851389e+01	2.813525e+03	4.021443e+02	5.162707e+02	8.208801e+01	4.363964e+01	1.354139e+02
594	1.854511e+01	2.781857e+03	4.026873e+02	5.184877e+02	8.088086e+01	4.379245e+01	1.376627e+02
595	1.857633e+01	2.784870e+03	4.029770e+02	5.208605e+02	8.060907e+01	4.398769e+01	1.389371e+02
596	1.860756e+01	2.780748e+03	4.032549e+02	5.231801e+02	8.062328e+01	4.391483e+01	1.404144e+02
597	1.863878e+01	2.796758e+03	4.033492e+02	5.253495e+02	8.071821e+01	4.411574e+01	1.418687e+02
598	1.867000e+01	2.798139e+03	4.036166e+02	5.276967e+02	8.080205e+01	4.409171e+01	1.432932e+02
599	1.870122e+01	2.819348e+03	4.037764e+02	5.299714e+02	8.064474e+01	4.451257e+01	1.440044e+02
600	1.873244e+01	2.810625e+03	4.039304e+02	5.320864e+02	8.063999e+01	4.437747e+01	1.450816e+02
601	1.876366e+01	2.789895e+03	4.043734e+02	5.344804e+02	8.033005e+01	4.422012e+01	1.474801e+02
602	1.879488e+01	2.833984e+03	4.041759e+02	5.368033e+02	8.027934e+01	4.494730e+01	1.485443e+02
603	1.882610e+01	2.821664e+03	4.039939e+02	5.388378e+02	8.052217e+01	4.461695e+01	1.493994e+02
604	1.885732e+01	2.797400e+03	4.040244e+02	5.410861e+02	8.077204e+01	4.409645e+01	1.513425e+02
605	1.888854e+01	2.794162e+03	4.040003e+02	5.434984e+02	8.069294e+01	4.408859e+01	1.521516e+02
606	1.891976e+01	2.819024e+03	4.038026e+02	5.457017e+02	8.048590e+01	4.459531e+01	1.535987e+02
607	1.895098e+01	2.827736e+03	4.031791e+02	5.481103e+02	7.966807e+01	4.519232e+01	1.553449e+02
608	1.898220e+01	2.813566e+03	4.030304e+02	5.503265e+02	8.033755e+01	4.459114e+01	1.571485e+02
609	1.901342e+01	2.803249e+03	4.026650e+02	5.525820e+02	8.050685e+01	4.433421e+01	1.592662e+02
610	1.904465e+01	2.806196e+03	4.020660e+02	5.547254e+02	8.047815e+01	4.439664e+01	1.615220e+02
611	1.907587e+01	2.804195e+03	4.015859e+02	5.568317e+02	8.048460e+01	4.436143e+01	1.631844e+02
612	1.910709e+01	2.873180e+03	4.003788e+02	5.590669e+02	7.955375e+01	4.598458e+01	1.647668e+02
613	1.913831e+01	2.831711e+03	3.999946e+02	5.609992e+02	7.982737e+01	4.516554e+01	1.670323e+02
614	1.916953e+01	2.848493e+03	3.991866e+02	5.632748e+02	7.947868e+01	4.563254e+01	1.691391e+02
615	1.920075e+01	2.866409e+03	3.984425e+02	5.650518e+02	7.974278e+01	4.576748e+01	1.709360e+02
616	1.923197e+01	2.820759e+03	3.979700e+02	5.672529e+02	8.075411e+01	4.447454e+01	1.734189e+02
617	1.926319e+01	2.845806e+03	3.969666e+02	5.692094e+02	8.007199e+01	4.525168e+01	1.748478e+02
618	1.929441e+01	2.850315e+03	3.959313e+02	5.715171e+02	8.023917e+01	4.522895e+01	1.773209e+02
619	1.932563e+01	2.880970e+03	3.946193e+02	5.733740e+02	8.002784e+01	4.583612e+01	1.799006e+02
620	1.935685e+01	2.892122e+03	3.936317e+02	5.752870e+02	8.081747e+01	4.556395e+01	9.676943e-01
621	1.938807e+01	2.900521e+03	3.923419e+02	5.767280e+02	7.984264e+01	4.625421e+01	7.401421e-01
622	1.941929e+01	2.865783e+03	3.916039e+02	5.790946e+02	7.997168e+01	4.562651e+01	4.177474e+00
623	1.945052e+01	2.885698e+03	3.904501e+02	5.809546e+02	8.039069e+01	4.570411e+01	6.270304e+00
624	1.948174e+01	2.852863e+03	3.894790e+02	5.823558e+02	8.050172e+01	4.512175e+01	6.993264e+00
625	1.951296e+01	2.898708e+03	3.878860e+02	5.840259e+02	8.001892e+01	4.612346e+01	8.698894e+00
626	1.954418e+01	2.838838e+03	3.871042e+02	5.859902e+02	8.096524e+01	4.464287e+01	1.130066e+01
627	1.957540e+01	2.847007e+03	3.854952e+02	5.878207e+02	8.091477e+01	4.479926e+01	1.435876e+01
628	1.960662e+01	2.863994e+03	3.840979e+02	5.894340e+02	8.138377e+01	4.480685e+01	1.590264e+01
629	1.963784e+01	2.834657e+03	3.828930e+02	5.909419e+02	8.093399e+01	4.459433e+01	1.808593e+01
630	1.966906e+01	2.838173e+03	3.815526e+02	5.922988e+02	8.105509e+01	4.458294e+01	1.922206e+01
631	1.970028e+01	2.836969e+03	3.800656e+02	5.939137e+02	8.042429e+01	4.491356e+01	2.156240e+01
632	1.973150e+01	2.870807e+03	3.781709e+02	5.955820e+02	8.055830e+01	4.537366e+01	2.438924e+01
633	1.976272e+01	2.877025e+03	3.768462e+02	5.969242e+02	8.114913e+01	4.514087e+01	2.641032e+01
634	1.979394e+01	2.812445e+03	3.756189e+02	5.979985e+02	8.088507e+01	4.427166e+01	2.660134e+01
635	1.982516e+01	2.851742e+03	3.740638e+02	5.995592e+02	8.071149e+01	4.498679e+01	2.754463e+01
636	1.985638e+01	2.859597e+03	3.720705e+02	6.008923e+02	8.156751e+01	4.463728e+01	3.112875e+01
637	1.988761e+01	2.829188e+03	3.706108e+02	6.015160e+02	8.093014e+01	4.451042e+01	3.150384e+01
638	1.991883e+01	2.853328e+03	3.684819e+02	6.027087e+02	8.061035e+01	4.506828e+01	3.408768e+01
639	1.995005e+01	2.866288e+03	3.665481e+02	6.038879e+02	8.078681e+01	4.517409e+01	3.578110e+01
640	1.998127e+01	2.825268e+03	3.649708e+02	6.049788e+02	8.113087e+01	4.433877e+01	3.751330e+01
641	2.001249e+01	2.840038e+03	3.630103e+02	6.059393e+02	8.122134e+01	4.452092e+01	3.985163e+01
642	2.004371e+01	2.826583e+03	3.612031e+02	6.067352e+02	8.068160e+01	4.460641e+01	4.095834e+01
643	2.007493e+01	2.856874e+03	3.592341e+02	6.077479e+02	8.153977e+01	4.460995e+01	4.243679e+01
644	2.010615e+01	2.842262e+03	3.574668e+02	6.084312e+02	8.098128e+01	4.468787e+01	4.440826e+01
645	2.013737e+01	2.887359e+03	3.553356e+02	6.095026e+02	8.176384e+01	4.496242e+01	4.601080e+01
646	2.016859e+01	2.864373e+03	3.537895e+02	6.102512e+02	8.156445e+01	4.471351e+01	4.661062e+01
647	2.019981e+01	2.831285e+03	3.520939e+02	6.110817e+02	8.092977e+01	4.454361e+01	4.676999e+01
648	2.023103e+01	2.818459e+03	3.505656e+02	6.119013e+02	8.095471e+01	4.432816e+01	4.764145e+01
649	2.026225e+01	2.818615e+03	3.486670e+02	6.128311e+02	8.102430e+01	4.429254e+01	4.886854e+01
650	2.029347e+01	2.849187e+03	3.466299e+02	6.135818e+02	8.107805e+01	4.474327e+01	5.074193e+01
651	2.032470e+01	2.833466e+03	3.447682e+02	6.147123e+02	8.137169e+01	4.433583e+01	5.214107e+01
652	2.035592e+01	2.843555e+03	3.429544e+02	6.154557e+02	8.154836e+01	4.439730e+01	5.338785e+01
653	2.038714e+01	2.842578e+03	3.410157e+02	6.160495e+02	8.187039e+01	4.420747e+01	5.502157e+01
654	2.041836e+01	2.826224e+03	3.391217e+02	6.166541e+02	8.136711e+01	4.422499e+01	5.596292e+01
655	2.044958e+01	2.852904e+03	3.369597e+02	6.171973e+02	8.155811e+01	4.453794e+01	5.754867e+01
656	2.048080e+01	2.807929e+03	3.353451e+02	6.178588e+02	8.085699e+01	4.421592e+01	5.823671e+01
657	2.051202e+01	2.848455e+03	3.330777e+02	6.181047e+02	8.122048e+01	4.465333e+01	6.047404e+01
658	2.054324e+01	2.819319e+03	3.311676e+02	6.186288e+02	8.131532e+01	4.414505e+01	6.133272e+01
659	2.057446e+01	2.844243e+03	3.287606e+02	6.191786e+02	8.214124e+01	4.408751e+01	6.373209e+01
660	2.060568e+01	2.826192e+03	3.272101e+02	6.192324e+02	8.167207e+01	4.405937e+01	6.514998e+01
661	2.063690e+01	2.851729e+03	3.250327e+02	6.192638e+02	8.193938e+01	4.431245e+01	6.784359e+01
662	2.066812e+01	2.818021e+03	3.234062e+02	6.191026e+02	8.128378e+01	4.414185e+01	6.940487e+01
663	2.069934e+01	2.811238e+03	3.214603e+02	6.188525e+02	8.150033e+01	4.391859e+01	7.172598e+01
664	2.073057e+01	2.816259e+03	3.195416e+02	6.185394e+02	8.156461e+01	4.396236e+01	7.424657e+01
665	2.076179e+01	2.811038e+03	3.176846e+02	6.179648e+02	8.173784e+01	4.378785e+01	7.714287e+01
666	2.079301e+01	2.816072e+03	3.157166e+02	6.172009e+02	8.173912e+01	4.386558e+01	8.054353e+01
667	2.082423e+01	2.813189e+03	3.136657e+02	6.165865e+02	8.149697e+01	4.395088e+01	8.269833e+01
668	2.085545e+01	2.807290e+03	3.118599e+02	6.158264e+02	8.129146e+01	4.396960e+01	8.557087e+01
669	2.088667e+01	2.809903e+03	3.102512e+02	6.149163e+02	8.148105e+01	4.390813e+01	8.857689e+01
670	2.091789e+01	2.816837e+03	3.087460e+02	6.139016e+02	8.162427e+01	4.393925e+01	9.213287e+01
671	2.094911e+01	2.812296e+03	3.070773e+02	6.125422e+02	8.168958e+01	4.383334e+01	9.478298e+01
672	2.098033e+01	2.797366e+03	3.054754e+02	6.113033e+02	8.144770e+01	4.373011e+01	9.785256e+01
673	2.101155e+01	2.804537e+03	3.038103e+02	6.102639e+02	8.188319e+01	4.360904e+01	9.987812e+01
674	2.104277e+01	2.806046e+03	3.021598e+02	6.090500e+02	8.177576e+01	4.368982e+01	1.019058e+02
675	2.107399e+01	2.789354e+03	3.006883e+02	6.078193e+02	8.150316e+01	4.357520e+01	1.039388e+02
676	2.110521e+01	2.822728e+03	2.991641e+02	6.063622e+02	8.221350e+01	4.371556e+01	1.063064e+02
677	2.113643e+01	2.810764e+03	2.980486e+02	6.046671e+02	8.160791e+01	4.385330e+01	1.090525e+02
678	2.116766e+01	2.819462e+03	2.967779e+02	6.030102e+02	8.194882e+01	4.380600e+01	1.113525e+02
679	2.119888e+01	2.830068e+03	2.957033e+02	6.013530e+02	8.222989e+01	4.382050e+01	1.141762e+02
680	2.123010e+01	2.812985e+03	2.947490e+02	6.001491e+02	8.166151e+01	4.385915e+01	1.172328e+02
681	2.126132e+01	2.840912e+03	2.933747e+02	5.984842e+02	8.196327e+01	4.413149e+01	1.193199e+02
682	2.129254e+01	2.838374e+03	2.924205e+02	5.968264e+02	8.199843e+01	4.407317e+01	1.219146e+02
683	2.132376e+01	2.839818e+03	2.916476e+02	5.955153e+02	8.161520e+01	4.430264e+01	1.240356e+02
684	2.135498e+01	2.837048e+03	2.908770e+02	5.938503e+02	8.154773e+01	4.429604e+01	1.271465e+02
685	2.138620e+01	2.852285e+03	2.902823e+02	5.918220e+02	8.149686e+01	4.456174e+01	1.294446e+02
686	2.141742e+01	2.834267e+03	2.903168e+02	5.901418e+02	8.093124e+01	4.458971e+01	1.330746e+02
687	2.144864e+01	2.854854e+03	2.898506e+02	5.882020e+02	8.081779e+01	4.497664e+01	1.357507e+02
688	2.147986e+01	2.844121e+03	2.896799e+02	5.863412e+02	8.028992e+01	4.510214e+01	1.390408e+02
689	2.151108e+01	2.870136e+03	2.894065e+02	5.840497e+02	8.117504e+01	4.501841e+01	1.410673e+02
690	2.154230e+01	2.841269e+03	2.898691e+02	5.824485e+02	8.053610e+01	4.491918e+01	1.451299e+02
691	2.157352e+01	2.833202e+03	2.902519e+02	5.804363e+02	8.061666e+01	4.474688e+01	1.477083e+02
692	2.160475e+01	2.849572e+03	2.904832e+02	5.784352e+02	8.086413e+01	4.486770e+01	1.507587e+02
693	2.163597e+01	2.836514e+03	2.906322e+02	5.764639e+02	8.030862e+01	4.497103e+01	1.530044e+02
694	2.166719e+01	2.874186e+03	2.906584e+02	5.743365e+02	8.044398e+01	4.549162e+01	1.556685e+02
695	2.169841e+01	2.864783e+03	2.910014e+02	5.723392e+02	8.034793e+01	4.539699e+01	1.577419e+02
696	2.172963e+01	2.852131e+03	2.915835e+02	5.704496e+02	8.051127e+01	4.510481e+01	1.606898e+02
697	2.176085e+01	2.885738e+03	2.920254e+02	5.687327e+02	7.975446e+01	4.606934e+01	1.632690e+02
698	2.179207e+01	2.868475e+03	2.930656e+02	5.675153e+02	7.989663e+01	4.571226e+01	1.677693e+02
699	2.182329e+01	2.937405e+03	2.933438e+02	5.654935e+02	7.970758e+01	4.692176e+01	1.697252e+02
700	2.185451e+01	2.876467e+03	2.951521e+02	5.641012e+02	8.014825e+01	4.569572e+01	1.742892e+02
701	2.188573e+01	2.891507e+03	2.960588e+02	5.623999e+02	7.973854e+01	4.617067e+01	1.774467e+02
702	2.191695e+01	2.913948e+03	2.970324e+02	5.611329e+02	7.930421e+01	4.678382e+01	1.648611e+00
703	2.194817e+01	2.888636e+03	2.985894e+02	5.593944e+02	8.028630e+01	4.581013e+01	3.704296e+00
704	2.197939e+01	2.855273e+03	2.998400e+02	5.584291e+02	8.064464e+01	4.507983e+01	7.953998e+00
705	2.201062e+01	2.843354e+03	3.007711e+02	5.571035e+02	8.080943e+01	4.480010e+01	1.026124e+01
706	2.204184e+01	2.866230e+03	3.018113e+02	5.559780e+02	8.105927e+01	4.502135e+01	1.411635e+01
707	2.207306e+01	2.861318e+03	3.033489e+02	5.547602e+02	8.123646e+01	4.484616e+01	1.717483e+01
708	2.210428e+01	2.849647e+03	3.051286e+02	5.535463e+02	8.105838e+01	4.476136e+01	2.006079e+01
709	2.213550e+01	2.820672e+03	3.071808e+02	5.525565e+02	8.090051e+01	4.439269e+01	2.345114e+01
710	2.216672e+01	2.809877e+03	3.088085e+02	5.516174e+02	8.080798e+01	4.427344e+01	2.638558e+01
711	2.219794e+01	2.891140e+03	3.098528e+02	5.509370e+02	8.072330e+01	4.560163e+01	3.167122e+01
712	2.222916e+01	2.822017e+03	3.122461e+02	5.502202e+02	8.122149e+01	4.423835e+01	3.361730e+01
713	2.226038e+01	2.858378e+03	3.140786e+02	5.496201e+02	8.065697e+01	4.512196e+01	3.792358e+01
714	2.229160e+01	2.849018e+03	3.161799e+02	5.494664e+02	8.168914e+01	4.440593e+01	4.147253e+01
715	2.232282e+01	2.831810e+03	3.182296e+02	5.494219e+02	8.135873e+01	4.431697e+01	4.508826e+01
716	2.235404e+01	2.857454e+03	3.199101e+02	5.495389e+02	8.190470e+01	4.442021e+01	4.903884e+01
717	2.238526e+01	2.834380e+03	3.219589e+02	5.496360e+02	8.149025e+01	4.428560e+01	5.230135e+01
718	2.241648e+01	2.819471e+03	3.241899e+02	5.496995e+02	8.149841e+01	4.404825e+01	5.539835e+01
719	2.244771e+01	2.824342e+03	3.260962e+02	5.499704e+02	8.139868e+01	4.417840e+01	5.899743e+01
720	2.247893e+01	2.824969e+03	3.281685e+02	5.503052e+02	8.118276e+01	4.430574e+01	6.167492e+01
721	2.251015e+01	2.812372e+03	3.302845e+02	5.506345e+02	8.129661e+01	4.404641e+01	6.454103e+01
722	2.254137e+01	2.804667e+03	3.321140e+02	5.511714e+02	8.119370e+01	4.398140e+01	6.728886e+01
723	2.257259e+01	2.822299e+03	3.340810e+02	5.515123e+02	8.169340e+01	4.398719e+01	6.981679e+01
724	2.260381e+01	2.807268e+03	3.359472e+02	5.521996e+02	8.126323e+01	4.398453e+01	7.306828e+01
725	2.263503e+01	2.828940e+03	3.376559e+02	5.528417e+02	8.165102e+01	4.411357e+01	7.565245e+01
726	2.266625e+01	2.818103e+03	3.399975e+02	5.536483e+02	8.160239e+01	4.397077e+01	7.747969e+01
727	2.269747e+01	2.822506e+03	3.418195e+02	5.545014e+02	8.185680e+01	4.390260e+01	7.973711e+01
728	2.272869e+01	2.813941e+03	3.439892e+02	5.552748e+02	8.152571e+01	4.394712e+01	8.232828e+01
729	2.275991e+01	2.847999e+03	3.454327e+02	5.560717e+02	8.287756e+01	4.375352e+01	8.501609e+01
730	2.279113e+01	2.801660e+03	3.478073e+02	5.570847e+02	8.146011e+01	4.379056e+01	8.718240e+01
731	2.282235e+01	2.808613e+03	3.496606e+02	5.582281e+02	8.167547e+01	4.378349e+01	8.892068e+01
732	2.285357e+01	2.820186e+03	3.515093e+02	5.594833e+02	8.238930e+01	4.358299e+01	9.123204e+01
733	2.288480e+01	2.829059e+03	3.530867e+02	5.605078e+02	8.289474e+01	4.345353e+01	9.347714e+01
734	2.291602e+01	2.838003e+03	3.547908e+02	5.619843e+02	8.248887e+01	4.380540e+01	9.561314e+01
735	2.294724e+01	2.804808e+03	3.567831e+02	5.631702e+02	8.175719e+01	4.368048e+01	9.823110e+01
736	2.297846e+01	2.824038e+03	3.583922e+02	5.644496e+02	8.235150e+01	4.366256e+01	1.001687e+02
737	2.300968e+01	2.815237e+03	3.599470e+02	5.658882e+02	8.202009e+01	4.370235e+01	1.024326e+02
738	2.304090e+01	2.817755e+03	3.616154e+02	5.674150e+02	8.196168e+01	4.377261e+01	1.044775e+02
739	2.307212e+01	2.825802e+03	3.628864e+02	5.689335e+02	8.243307e+01	4.364660e+01	1.066754e+02
740	2.310334e+01	2.820715e+03	3.646845e+02	5.706981e+02	8.185294e+01	4.387681e+01	1.090192e+02
741	2.313456e+01	2.848740e+03	3.657548e+02	5.723466e+02	8.233993e+01	4.405066e+01	1.105933e+02
742	2.316578e+01	2.842451e+03	3.670659e+02	5.740197e+02	8.234959e+01	4.394825e+01	1.132773e+02
743	2.319700e+01	2.817173e+03	3.683636e+02	5.757855e+02	8.150902e+01	4.400662e+01	1.156983e+02
744	2.322822e+01	2.820604e+03	3.694816e+02	5.776342e+02	8.151065e+01	4.405933e+01	1.177292e+02
745	2.325944e+01	2.827531e+03	3.704940e+02	5.795552e+02	8.123572e+01	4.431701e+01	1.193639e+02
746	2.329067e+01	2.832541e+03	3.715265e+02	5.814138e+02	8.159939e+01	4.419767e+01	1.214406e+02
747	2.332189e+01	2.851749e+03	3.720271e+02	5.832725e+02	8.126825e+01	4.467870e+01	1.232387e+02
748	2.335311e+01	2.851871e+03	3.731646e+02	5.852769e+02	8.172832e+01	4.442910e+01	1.257677e+02
749	2.338433e+01	2.828261e+03	3.740536e+02	5.874692e+02	8.115038e+01	4.437507e+01	1.275736e+02
750	2.341555e+01	2.834402e+03	3.748360e+02	5.895822e+02	8.116851e+01	4.446149e+01	1.295468e+02
751	2.344677e+01	2.873369e+03	3.751284e+02	5.916332e+02	8.136682e+01	4.496289e+01	1.311477e+02
752	2.347799e+01	2.876878e+03	3.756185e+02	5.936536e+02	8.146863e+01	4.496154e+01	1.336802e+02
753	2.350921e+01	2.870104e+03	3.762428e+02	5.958384e+02	8.140289e+01	4.489189e+01	1.357263e+02
754	2.354043e+01	2.911146e+03	3.762717e+02	5.978145e+02	8.153058e+01	4.546252e+01	1.360012e+02
755	2.357165e+01	2.896133e+03	3.768602e+02	5.999484e+02	8.134374e+01	4.533195e+01	1.387404e+02
756	2.360287e+01	2.881750e+03	3.777029e+02	6.021162e+02	8.139178e+01	4.508020e+01	1.405187e+02
757	2.363409e+01	2.889344e+03	3.779113e+02	6.040933e+02	8.105061e+01	4.538926e+01	1.420400e+02
758	2.366531e+01	2.856101e+03	3.785451e+02	6.063976e+02	8.100841e+01	4.489042e+01	1.452961e+02
759	2.369653e+01	2.920551e+03	3.780258e+02	6.079603e+02	8.187195e+01	4.541923e+01	1.447564e+02
760	2.372776e+01	2.897073e+03	3.784880e+02	6.105331e+02	8.094656e+01	4.556918e+01	1.486933e+02
761	2.375898e+01	2.890055e+03	3.786004e+02	6.126678e+02	8.105836e+01	4.539609e+01	1.503063e+02
762	2.379020e+01	2.849231e+03	3.789982e+02	6.148726e+02	8.097509e+01	4.480087e+01	1.526641e+02
763	2.382142e+01	2.872203e+03	3.788832e+02	6.169771e+02	8.088577e+01	4.521194e+01	1.541424e+02
764	2.385264e+01	2.886803e+03	3.787377e+02	6.190691e+02	8.091963e+01	4.542274e+01	1.552420e+02
765	2.388386e+01	2.852378e+03	3.791859e+02	6.210066e+02	8.062350e+01	4.504594e+01	1.565544e+02
766	2.391508e+01	2.906469e+03	3.789464e+02	6.224784e+02	8.192796e+01	4.516933e+01	1.565636e+02
767	2.394630e+01	2.872193e+03	3.792117e+02	6.249111e+02	8.053722e+01	4.540745e+01	1.586588e+02
768	2.397752e+01	2.872472e+03	3.790426e+02	6.268593e+02	8.082333e+01	4.525111e+01	1.596462e+02
769	2.400874e+01	2.940379e+03	3.784532e+02	6.290047e+02	8.110319e+01	4.616103e+01	1.612875e+02
770	2.403996e+01	2.854808e+03	3.787134e+02	6.312369e+02	8.071472e+01	4.503336e+01	1.646840e+02
771	2.407118e+01	2.868643e+03	3.782083e+02	6.329509e+02	8.082081e+01	4.519219e+01	1.663076e+02
772	2.410240e+01	2.888079e+03	3.775298e+02	6.348085e+02	8.051775e+01	4.566963e+01	1.685786e+02
773	2.413362e+01	2.925384e+03	3.766714e+02	6.367010e+02	8.030029e+01	4.638482e+01	1.699911e+02
774	2.416485e+01	2.888055e+03	3.762030e+02	6.385217e+02	8.054256e+01	4.565518e+01	1.728717e+02
775	2.419607e+01	2.848888e+03	3.756950e+02	6.408144e+02	8.040680e+01	4.511207e+01	1.772301e+02
776	2.422729e+01	2.881605e+03	3.745066e+02	6.420186e+02	8.062046e+01	4.550922e+01	1.787036e+02
777	2.425851e+01	2.831747e+03	3.736668e+02	6.439482e+02	8.058070e+01	4.474387e+01	3.249317e+00
778	2.428973e+01	2.842329e+03	3.724247e+02	6.455120e+02	8.069482e+01	4.484756e+01	6.560295e+00
779	2.432095e+01	2.878464e+03	3.710737e+02	6.473833e+02	8.071377e+01	4.540705e+01	9.698610e+00
780	2.435217e+01	2.838227e+03	3.702389e+02	6.489372e+02	8.077177e+01	4.474017e+01	1.158166e+01
781	2.438339e+01	2.828156e+03	3.694119e+02	6.502823e+02	8.092130e+01	4.449903e+01	1.272406e+01
782	2.441461e+01	2.878240e+03	3.679775e+02	6.522626e+02	8.114809e+01	4.516050e+01	1.597881e+01
783	2.444583e+01	2.874232e+03	3.667321e+02	6.538224e+02	8.049994e+01	4.546074e+01	1.839000e+01
784	2.447705e+01	2.843301e+03	3.656918e+02	6.548337e+02	8.035246e+01	4.505405e+01	2.027290e+01
785	2.450827e+01	2.878795e+03	3.639272e+02	6.567897e+02	8.184733e+01	4.478333e+01	2.436911e+01
786	2.453949e+01	2.823336e+03	3.627791e+02	6.574078e+02	8.077304e+01	4.450473e+01	2.583327e+01
787	2.457071e+01	2.910389e+03	3.603939e+02	6.587945e+02	8.176746e+01	4.531904e+01	3.068451e+01
788	2.460194e+01	2.869040e+03	3.588719e+02	6.594785e+02	8.098481e+01	4.510691e+01	3.338764e+01
789	2.463316e+01	2.878110e+03	3.571557e+02	6.602856e+02	8.143581e+01	4.499892e+01	3.717639e+01
790	2.466438e+01	2.876712e+03	3.553272e+02	6.610258e+02	8.180179e+01	4.477583e+01	4.013748e+01
791	2.469560e+01	2.865846e+03	3.535536e+02	6.615358e+02	8.134098e+01	4.485942e+01	4.342579e+01
792	2.472682e+01	2.862837e+03	3.517395e+02	6.618851e+02	8.173933e+01	4.459393e+01	4.660839e+01
793	2.475804e+01	2.872099e+03	3.496077e+02	6.623237e+02	8.196836e+01	4.461320e+01	5.007850e+01
794	2.478926e+01	2.830931e+03	3.481452e+02	6.623703e+02	8.079995e+01	4.460959e+01	5.246793e+01
795	2.482048e+01	2.865390e+03	3.457553e+02	6.627808e+02	8.167422e+01	4.466926e+01	5.605516e+01
796	2.485170e+01	2.853604e+03	3.438212e+02	6.627330e+02	8.175220e+01	4.444310e+01	5.900595e+01
797	2.488292e+01	2.872883e+03	3.416525e+02	6.628635e+02	8.223996e+01	4.447800e+01	6.258577e+01
798	2.491414e+01	2.826539e+03	3.400772e+02	6.625792e+02	8.119480e+01	4.432380e+01	6.475103e+01
799	2.494536e+01	2.807238e+03	3.380288e+02	6.624458e+02	8.077540e+01	4.424969e+01	6.766616e+01
