1	3.034901e-02	2.733341e+03	4.810716e+02	4.163570e+02	7.936005e+01	4.385328e+01	4.672533e+01
2	6.069803e-02	2.717869e+03	4.810852e+02	4.144911e+02	7.910796e+01	4.374400e+01	4.419937e+01
3	9.104704e-02	2.732149e+03	4.813580e+02	4.123483e+02	7.952714e+01	4.374205e+01	4.159524e+01
4	1.213961e-01	2.754433e+03	4.814305e+02	4.102543e+02	7.959354e+01	4.406203e+01	3.914496e+01
5	1.517451e-01	2.735524e+03	4.814966e+02	4.084198e+02	7.948846e+01	4.381740e+01	3.646164e+01
6	1.820941e-01	2.733322e+03	4.812030e+02	4.065587e+02	7.938756e+01	4.383776e+01	3.426788e+01
7	2.124431e-01	2.741280e+03	4.809722e+02	4.043779e+02	7.971951e+01	4.378233e+01	3.091793e+01
8	2.427921e-01	2.726564e+03	4.805358e+02	4.023922e+02	7.887711e+01	4.401237e+01	2.789265e+01
9	2.731411e-01	2.725381e+03	4.800593e+02	4.005663e+02	7.905827e+01	4.389248e+01	2.615243e+01
10	3.034901e-01	2.747376e+03	4.794630e+02	3.984345e+02	7.931599e+01	4.410293e+01	2.308083e+01
11	3.338392e-01	2.744911e+03	4.787077e+02	3.965604e+02	7.953294e+01	4.394317e+01	2.018083e+01
12	3.641882e-01	2.738465e+03	4.780678e+02	3.949219e+02	7.942235e+01	4.390102e+01	1.783521e+01
13	3.945372e-01	2.726659e+03	4.772569e+02	3.930357e+02	7.902198e+01	4.393322e+01	1.441542e+01
14	4.248862e-01	2.829316e+03	4.757637e+02	3.905016e+02	7.873683e+01	4.575237e+01	9.375042e+00
15	4.552352e-01	2.738922e+03	4.754808e+02	3.892769e+02	7.918546e+01	4.403970e+01	9.107741e+00
16	4.855842e-01	2.794038e+03	4.741234e+02	3.871713e+02	7.909476e+01	4.497743e+01	5.524103e+00
17	5.159332e-01	2.757547e+03	4.731341e+02	3.858145e+02	7.901584e+01	4.443436e+01	3.328816e+00
18	5.462822e-01	2.773651e+03	4.719246e+02	3.843517e+02	7.988774e+01	4.420606e+01	9.651201e-01
19	5.766313e-01	2.734289e+03	4.708824e+02	3.826214e+02	7.913130e+01	4.399530e+01	1.781357e+02
20	6.069803e-01	2.759631e+03	4.695164e+02	3.811089e+02	7.942355e+01	4.423967e+01	1.755887e+02
21	6.373293e-01	2.741030e+03	4.682058e+02	3.797439e+02	7.946922e+01	4.391622e+01	1.724017e+02
22	6.676783e-01	2.780447e+03	4.664122e+02	3.784663e+02	7.902255e+01	4.479956e+01	1.701806e+02
23	6.980273e-01	2.726515e+03	4.650317e+02	3.774456e+02	7.934405e+01	4.375259e+01	1.665240e+02
24	7.283763e-01	2.727580e+03	4.634708e+02	3.761935e+02	7.942809e+01	4.372335e+01	1.639781e+02
25	7.587253e-01	2.726903e+03	4.618638e+02	3.752128e+02	7.938305e+01	4.373730e+01	1.612474e+02
26	7.890744e-01	2.726823e+03	4.601407e+02	3.743427e+02	7.947276e+01	4.368665e+01	1.580941e+02
27	8.194234e-01	2.732591e+03	4.582968e+02	3.733386e+02	7.952444e+01	4.375061e+01	1.549458e+02
28	8.497724e-01	2.724027e+03	4.565318e+02	3.727152e+02	7.935494e+01	4.370665e+01	1.525561e+02
29	8.801214e-01	2.717446e+03	4.546390e+02	3.720155e+02	7.938680e+01	4.358356e+01	1.494316e+02
30	9.104704e-01	2.724606e+03	4.529075e+02	3.713962e+02	7.954243e+01	4.361290e+01	1.468167e+02
31	9.408194e-01	2.719661e+03	4.508657e+02	3.709589e+02	7.941273e+01	4.360484e+01	1.439315e+02
32	9.711684e-01	2.711366e+03	4.489183e+02	3.704519e+02	7.933643e+01	4.351366e+01	1.413649e+02
33	1.001517e+00	2.710905e+03	4.469059e+02	3.702120e+02	7.933744e+01	4.350571e+01	1.375495e+02
34	1.031866e+00	2.692313e+03	4.450866e+02	3.702166e+02	7.908409e+01	4.334576e+01	1.353272e+02
35	1.062215e+00	2.696776e+03	4.430029e+02	3.701356e+02	7.947683e+01	4.320306e+01	1.321311e+02
36	1.092564e+00	2.695421e+03	4.410291e+02	3.699555e+02	7.945589e+01	4.319273e+01	1.295280e+02
37	1.122914e+00	2.690896e+03	4.391041e+02	3.702631e+02	7.925866e+01	4.322752e+01	1.267105e+02
38	1.153263e+00	2.706490e+03	4.370241e+02	3.705929e+02	7.959750e+01	4.329295e+01	1.235050e+02
39	1.183612e+00	2.685528e+03	4.350731e+02	3.710490e+02	7.938248e+01	4.307400e+01	1.203712e+02
40	1.213961e+00	2.687189e+03	4.330878e+02	3.714795e+02	7.977814e+01	4.288688e+01	1.178338e+02
41	1.244310e+00	2.684601e+03	4.311440e+02	3.722788e+02	7.973698e+01	4.286768e+01	1.147515e+02
42	1.274659e+00	2.683950e+03	4.292265e+02	3.729058e+02	7.998789e+01	4.272286e+01	1.120464e+02
43	1.305008e+00	2.675806e+03	4.274388e+02	3.738324e+02	7.999274e+01	4.259064e+01	1.087862e+02
44	1.335357e+00	2.675151e+03	4.253123e+02	3.748547e+02	7.989992e+01	4.262969e+01	1.060368e+02
45	1.365706e+00	2.697972e+03	4.234675e+02	3.758830e+02	8.052386e+01	4.266021e+01	1.032846e+02
46	1.396055e+00	2.677562e+03	4.218343e+02	3.767851e+02	8.018468e+01	4.251657e+01	1.010640e+02
47	1.426404e+00	2.683805e+03	4.200671e+02	3.780536e+02	8.043740e+01	4.248181e+01	9.823946e+01
48	1.456753e+00	2.706552e+03	4.180603e+02	3.791844e+02	8.170535e+01	4.217704e+01	9.537003e+01
49	1.487102e+00	2.682601e+03	4.169134e+02	3.803531e+02	8.071458e+01	4.231694e+01	9.321064e+01
50	1.517451e+00	2.700282e+03	4.151472e+02	3.816766e+02	8.104402e+01	4.242269e+01	9.064223e+01
51	1.547800e+00	2.683804e+03	4.137256e+02	3.831609e+02	8.077879e+01	4.230225e+01	8.833366e+01
52	1.578149e+00	2.709795e+03	4.121185e+02	3.847107e+02	8.141237e+01	4.237954e+01	8.547046e+01
53	1.608498e+00	2.679671e+03	4.110232e+02	3.863687e+02	8.098280e+01	4.213071e+01	8.315437e+01
54	1.638847e+00	2.676160e+03	4.095200e+02	3.878473e+02	8.077534e+01	4.218358e+01	8.085856e+01
55	1.669196e+00	2.688044e+03	4.084663e+02	3.891639e+02	8.103083e+01	4.223730e+01	7.909833e+01
56	1.699545e+00	2.679935e+03	4.075697e+02	3.907421e+02	8.042385e+01	4.242770e+01	7.646978e+01
57	1.729894e+00	2.684197e+03	4.065338e+02	3.926242e+02	8.040943e+01	4.250280e+01	7.402723e+01
58	1.760243e+00	2.676286e+03	4.054102e+02	3.946441e+02	8.011237e+01	4.253467e+01	7.205418e+01
59	1.790592e+00	2.673325e+03	4.046675e+02	3.965923e+02	8.029669e+01	4.239007e+01	6.924609e+01
60	1.820941e+00	2.674081e+03	4.038152e+02	3.985435e+02	8.027843e+01	4.241171e+01	6.704985e+01
61	1.851290e+00	2.670338e+03	4.030054e+02	4.006129e+02	7.979477e+01	4.260906e+01	6.473179e+01
62	1.881639e+00	2.691723e+03	4.023786e+02	4.027295e+02	8.043456e+01	4.260865e+01	6.148491e+01
63	1.911988e+00	2.699060e+03	4.013005e+02	4.067383e+02	8.022241e+01	4.283778e+01	5.664572e+01
64	1.942337e+00	2.702658e+03	4.007921e+02	4.089818e+02	8.001990e+01	4.300345e+01	5.398902e+01
65	1.972686e+00	2.702696e+03	4.007242e+02	4.109591e+02	7.961648e+01	4.322195e+01	5.142045e+01
66	2.003035e+00	2.696145e+03	4.006472e+02	4.133026e+02	7.955401e+01	4.315104e+01	4.860498e+01
67	2.033384e+00	2.709668e+03	4.004438e+02	4.153194e+02	7.977177e+01	4.324908e+01	4.611968e+01
68	2.063733e+00	2.720285e+03	4.002246e+02	4.177177e+02	7.998048e+01	4.330526e+01	4.340969e+01
69	2.094082e+00	2.738295e+03	4.002252e+02	4.198849e+02	8.027678e+01	4.343106e+01	4.064006e+01
70	2.124431e+00	2.748260e+03	4.002306e+02	4.222145e+02	8.078287e+01	4.331604e+01	3.880700e+01
71	2.154780e+00	2.735365e+03	4.009252e+02	4.240786e+02	8.017244e+01	4.344104e+01	3.540093e+01
72	2.185129e+00	2.725236e+03	4.011935e+02	4.262159e+02	7.974142e+01	4.351413e+01	3.263015e+01
73	2.215478e+00	2.735437e+03	4.016658e+02	4.283772e+02	7.967022e+01	4.371604e+01	3.013087e+01
74	2.245827e+00	2.728306e+03	4.021428e+02	4.305627e+02	7.952027e+01	4.368429e+01	2.752559e+01
75	2.276176e+00	2.744941e+03	4.029303e+02	4.323383e+02	7.971467e+01	4.384346e+01	2.607209e+01
76	2.306525e+00	2.744044e+03	4.033767e+02	4.346172e+02	7.945872e+01	4.397032e+01	2.294692e+01
77	2.336874e+00	2.707136e+03	4.041790e+02	4.364419e+02	7.930157e+01	4.346487e+01	1.971859e+01
78	2.367223e+00	2.722177e+03	4.047418e+02	4.386507e+02	7.962160e+01	4.353070e+01	1.736929e+01
79	2.397572e+00	2.746213e+03	4.056601e+02	4.404124e+02	7.970451e+01	4.386938e+01	1.515968e+01
80	2.427921e+00	2.712562e+03	4.062601e+02	4.425683e+02	7.912668e+01	4.364825e+01	1.191050e+01
81	2.458270e+00	2.710295e+03	4.075217e+02	4.444014e+02	7.930114e+01	4.351583e+01	8.786410e+00
82	2.488619e+00	2.734415e+03	4.086183e+02	4.460282e+02	7.968623e+01	4.369092e+01	6.482570e+00
83	2.518968e+00	2.715381e+03	4.100065e+02	4.475572e+02	7.946265e+01	4.350887e+01	3.395240e+00
84	2.549317e+00	2.733452e+03	4.113198e+02	4.490544e+02	7.986664e+01	4.357688e+01	4.748056e-01
85	2.579666e+00	2.731752e+03	4.127150e+02	4.508279e+02	7.985446e+01	4.355642e+01	1.781286e+02
86	2.610015e+00	2.728008e+03	4.141677e+02	4.522145e+02	7.918003e+01	4.386722e+01	1.749727e+02
87	2.640364e+00	2.744333e+03	4.158881e+02	4.533452e+02	8.000536e+01	4.367450e+01	1.724974e+02
88	2.670713e+00	2.825892e+03	4.167862e+02	4.543553e+02	7.857934e+01	4.578860e+01	1.695522e+02
89	2.701062e+00	2.734725e+03	4.192540e+02	4.555948e+02	8.020415e+01	4.341370e+01	1.670885e+02
90	2.731411e+00	2.730820e+03	4.210787e+02	4.568059e+02	8.035773e+01	4.326886e+01	1.639599e+02
91	2.761760e+00	2.744417e+03	4.226019e+02	4.577813e+02	8.032746e+01	4.350069e+01	1.607955e+02
92	2.792109e+00	2.740961e+03	4.244672e+02	4.586606e+02	8.046012e+01	4.337429e+01	1.578312e+02
93	2.822458e+00	2.732159e+03	4.260840e+02	4.590251e+02	8.043614e+01	4.324789e+01	1.551723e+02
94	2.852807e+00	2.741205e+03	4.280131e+02	4.601661e+02	8.070539e+01	4.324632e+01	1.524463e+02
95	2.883156e+00	2.757087e+03	4.298000e+02	4.607067e+02	8.102970e+01	4.332278e+01	1.496270e+02
96	2.913505e+00	2.744404e+03	4.337222e+02	4.612870e+02	8.091013e+01	4.318722e+01	1.431579e+02
97	2.943854e+00	2.742078e+03	4.358185e+02	4.614280e+02	8.071856e+01	4.325303e+01	1.404908e+02
98	2.974203e+00	2.768407e+03	4.378194e+02	4.616728e+02	8.125827e+01	4.337830e+01	1.376980e+02
99	3.004552e+00	2.729009e+03	4.397870e+02	4.616803e+02	8.044609e+01	4.319268e+01	1.351295e+02
100	3.034901e+00	2.753197e+03	4.417914e+02	4.616417e+02	8.061959e+01	4.348173e+01	1.321748e+02
101	3.065250e+00	2.737195e+03	4.438905e+02	4.613416e+02	8.056314e+01	4.325930e+01	1.291779e+02
102	3.095599e+00	2.737323e+03	4.459882e+02	4.613468e+02	8.076996e+01	4.315054e+01	1.265629e+02
103	3.125948e+00	2.741750e+03	4.479286e+02	4.612345e+02	8.043931e+01	4.339799e+01	1.240248e+02
104	3.156297e+00	2.768418e+03	4.497092e+02	4.607890e+02	8.162228e+01	4.318502e+01	1.206813e+02
105	3.186646e+00	2.752288e+03	4.516749e+02	4.604509e+02	8.129009e+01	4.310884e+01	1.183288e+02
106	3.216995e+00	2.724381e+03	4.538886e+02	4.599677e+02	8.074570e+01	4.295944e+01	1.164020e+02
107	3.247344e+00	2.721713e+03	4.556364e+02	4.595504e+02	8.092547e+01	4.282203e+01	1.143042e+02
108	3.277693e+00	2.754538e+03	4.573716e+02	4.587902e+02	8.157586e+01	4.299295e+01	1.104083e+02
109	3.308042e+00	2.737319e+03	4.595060e+02	4.581629e+02	8.113117e+01	4.295838e+01	1.086012e+02
110	3.338392e+00	2.743515e+03	4.615203e+02	4.573432e+02	8.126307e+01	4.298572e+01	1.058198e+02
111	3.368741e+00	2.719715e+03	4.632064e+02	4.564947e+02	8.129776e+01	4.259464e+01	1.032167e+02
112	3.399090e+00	2.739169e+03	4.649336e+02	4.555801e+02	8.163044e+01	4.272448e+01	1.005693e+02
113	3.429439e+00	2.717815e+03	4.665542e+02	4.545823e+02	8.134814e+01	4.253852e+01	9.827183e+01
114	3.459788e+00	2.717858e+03	4.682720e+02	4.533821e+02	8.149849e+01	4.246072e+01	9.626881e+01
115	3.490137e+00	2.706454e+03	4.700386e+02	4.522064e+02	8.102995e+01	4.252705e+01	9.367592e+01
116	3.520486e+00	2.713049e+03	4.716487e+02	4.509099e+02	8.121488e+01	4.253361e+01	9.182314e+01
117	3.550835e+00	2.705002e+03	4.731026e+02	4.494621e+02	8.065955e+01	4.269942e+01	8.969543e+01
118	3.581184e+00	2.711770e+03	4.745159e+02	4.479799e+02	8.124522e+01	4.249767e+01	8.700508e+01
119	3.611533e+00	2.700278e+03	4.756451e+02	4.465436e+02	8.102555e+01	4.243230e+01	8.447516e+01
120	3.641882e+00	2.729840e+03	4.772648e+02	4.450625e+02	8.138438e+01	4.270770e+01	8.167838e+01
121	3.672231e+00	2.722410e+03	4.782720e+02	4.434369e+02	8.123267e+01	4.267101e+01	7.898339e+01
122	3.702580e+00	2.740081e+03	4.792558e+02	4.419144e+02	8.159632e+01	4.275657e+01	7.708684e+01
123	3.732929e+00	2.716204e+03	4.804488e+02	4.404359e+02	8.102250e+01	4.268417e+01	7.450803e+01
124	3.763278e+00	2.717943e+03	4.811907e+02	4.388211e+02	8.069865e+01	4.288291e+01	7.163232e+01
125	3.793627e+00	2.713931e+03	4.822338e+02	4.372368e+02	8.044293e+01	4.295572e+01	6.952988e+01
126	3.823976e+00	2.740974e+03	4.832110e+02	4.353604e+02	8.079185e+01	4.319639e+01	6.656815e+01
127	3.854325e+00	2.735056e+03	4.840596e+02	4.336013e+02	8.084303e+01	4.307584e+01	6.457253e+01
128	3.884674e+00	2.719825e+03	4.847617e+02	4.316426e+02	7.988196e+01	4.335133e+01	6.262057e+01
129	3.915023e+00	2.734269e+03	4.853912e+02	4.297838e+02	8.013179e+01	4.344566e+01	6.033605e+01
130	3.945372e+00	2.716764e+03	4.860904e+02	4.278622e+02	7.962950e+01	4.343982e+01	5.757958e+01
131	3.975721e+00	2.734015e+03	4.867099e+02	4.259061e+02	7.990661e+01	4.356406e+01	5.447518e+01
132	4.006070e+00	2.730862e+03	4.868629e+02	4.240724e+02	7.997311e+01	4.347764e+01	5.186790e+01
133	4.036419e+00	2.717315e+03	4.871803e+02	4.222140e+02	7.955467e+01	4.348950e+01	4.937671e+01
134	4.066768e+00	2.728035e+03	4.872952e+02	4.203859e+02	7.955786e+01	4.365932e+01	4.689188e+01
135	4.097117e+00	2.756700e+03	4.872596e+02	4.183069e+02	7.954071e+01	4.412759e+01	4.435215e+01
136	4.127466e+00	2.740736e+03	4.872990e+02	4.165687e+02	7.957839e+01	4.385127e+01	4.178299e+01
137	4.157815e+00	2.754291e+03	4.874339e+02	4.143904e+02	7.991328e+01	4.388347e+01	3.869661e+01
138	4.188164e+00	2.743215e+03	4.874659e+02	4.126735e+02	7.972011e+01	4.381292e+01	3.656644e+01
139	4.218513e+00	2.736130e+03	4.873392e+02	4.105670e+02	7.908036e+01	4.405328e+01	3.396223e+01
140	4.248862e+00	2.768266e+03	4.867488e+02	4.087589e+02	7.958584e+01	4.428759e+01	3.289005e+01
141	4.279211e+00	2.739178e+03	4.867447e+02	4.065056e+02	7.937144e+01	4.394062e+01	2.894351e+01
142	4.309560e+00	2.761033e+03	4.860167e+02	4.047271e+02	7.979914e+01	4.405382e+01	2.677318e+01
143	4.339909e+00	2.742660e+03	4.854106e+02	4.029014e+02	7.902037e+01	4.419194e+01	2.316161e+01
144	4.370258e+00	2.745424e+03	4.846946e+02	4.012991e+02	7.930990e+01	4.407497e+01	2.092848e+01
145	4.400607e+00	2.738334e+03	4.840343e+02	3.993004e+02	7.920118e+01	4.402151e+01	1.843661e+01
146	4.430956e+00	2.758585e+03	4.832557e+02	3.975335e+02	7.929726e+01	4.429333e+01	1.632612e+01
147	4.461305e+00	2.768286e+03	4.824244e+02	3.953367e+02	7.968222e+01	4.423436e+01	1.295766e+01
148	4.491654e+00	2.762256e+03	4.812247e+02	3.941299e+02	7.952499e+01	4.422526e+01	1.077492e+01
149	4.522003e+00	2.797474e+03	4.802031e+02	3.926369e+02	8.013702e+01	4.444706e+01	8.677697e+00
150	4.552352e+00	2.752426e+03	4.795503e+02	3.908392e+02	7.941597e+01	4.412837e+01	5.018744e+00
151	4.582701e+00	2.748966e+03	4.785058e+02	3.896522e+02	7.960803e+01	4.396657e+01	2.379586e+00
152	4.613050e+00	2.819583e+03	4.768442e+02	3.889044e+02	8.062011e+01	4.452989e+01	1.453129e+00
153	4.643399e+00	2.752728e+03	4.759515e+02	3.871129e+02	7.939088e+01	4.414717e+01	1.763824e+02
154	4.673748e+00	2.760939e+03	4.747161e+02	3.859512e+02	7.948428e+01	4.422681e+01	1.741273e+02
155	4.704097e+00	2.747791e+03	4.734085e+02	3.846374e+02	7.942401e+01	4.404960e+01	1.713700e+02
156	4.734446e+00	2.754054e+03	4.718185e+02	3.837165e+02	7.938727e+01	4.417044e+01	1.678854e+02
157	4.764795e+00	2.742664e+03	4.704985e+02	3.828010e+02	7.961683e+01	4.386093e+01	1.656501e+02
158	4.795144e+00	2.736481e+03	4.690118e+02	3.818738e+02	7.938496e+01	4.388987e+01	1.624386e+02
159	4.825493e+00	2.739062e+03	4.674295e+02	3.811178e+02	7.971862e+01	4.374739e+01	1.600438e+02
160	4.855842e+00	2.739527e+03	4.656848e+02	3.803971e+02	7.960188e+01	4.381899e+01	1.566523e+02
161	4.886191e+00	2.744844e+03	4.637742e+02	3.797690e+02	7.981232e+01	4.378828e+01	1.535064e+02
162	4.916540e+00	2.737944e+03	4.622158e+02	3.790712e+02	7.961885e+01	4.378433e+01	1.503990e+02
163	4.946889e+00	2.722329e+03	4.607169e+02	3.786468e+02	7.948602e+01	4.360738e+01	1.476192e+02
164	4.977238e+00	2.714981e+03	4.589884e+02	3.783437e+02	7.895605e+01	4.378159e+01	1.446944e+02
165	5.007587e+00	2.732003e+03	4.570772e+02	3.781193e+02	7.971041e+01	4.363915e+01	1.413172e+02
166	5.037936e+00	2.717332e+03	4.552525e+02	3.780048e+02	7.958678e+01	4.347222e+01	1.386644e+02
167	5.068285e+00	2.717313e+03	4.532481e+02	3.780992e+02	7.921278e+01	4.367717e+01	1.355592e+02
168	5.098634e+00	2.709871e+03	4.511742e+02	3.781052e+02	7.952032e+01	4.338910e+01	1.322681e+02
169	5.128983e+00	2.698458e+03	4.493490e+02	3.784214e+02	7.914668e+01	4.341034e+01	1.294581e+02
170	5.159332e+00	2.694695e+03	4.472633e+02	3.786327e+02	7.917188e+01	4.333599e+01	1.266795e+02
171	5.189681e+00	2.699065e+03	4.452259e+02	3.789421e+02	7.928534e+01	4.334416e+01	1.234793e+02
172	5.220030e+00	2.691996e+03	4.431931e+02	3.793827e+02	7.959936e+01	4.306009e+01	1.206761e+02
173	5.250379e+00	2.717976e+03	4.412797e+02	3.798882e+02	8.018018e+01	4.316073e+01	1.182400e+02
174	5.280728e+00	2.683931e+03	4.393709e+02	3.805569e+02	7.932761e+01	4.307815e+01	1.151656e+02
175	5.311077e+00	2.703709e+03	4.373904e+02	3.814984e+02	8.014423e+01	4.295342e+01	1.116852e+02
176	5.341426e+00	2.690918e+03	4.357274e+02	3.824129e+02	7.995998e+01	4.284874e+01	1.088406e+02
177	5.371775e+00	2.677451e+03	4.340416e+02	3.833194e+02	8.001025e+01	4.260749e+01	1.058614e+02
178	5.402124e+00	2.681040e+03	4.320846e+02	3.844549e+02	8.031690e+01	4.250171e+01	1.030425e+02
179	5.432473e+00	2.695132e+03	4.304258e+02	3.855984e+02	8.056132e+01	4.259549e+01	1.002547e+02
180	5.462822e+00	2.687453e+03	4.290009e+02	3.870486e+02	8.072281e+01	4.238915e+01	9.685470e+01
181	5.493171e+00	2.694734e+03	4.273106e+02	3.884829e+02	8.053777e+01	4.260164e+01	9.420768e+01
182	5.523520e+00	2.692397e+03	4.259058e+02	3.900297e+02	8.083113e+01	4.241022e+01	9.156679e+01
183	5.553869e+00	2.692255e+03	4.243963e+02	3.916274e+02	8.098405e+01	4.232791e+01	8.881397e+01
184	5.584219e+00	2.700589e+03	4.229097e+02	3.932105e+02	8.068793e+01	4.261477e+01	8.650055e+01
185	5.614568e+00	2.679937e+03	4.214386e+02	3.949191e+02	8.049789e+01	4.238871e+01	8.359784e+01
186	5.644917e+00	2.675145e+03	4.204782e+02	3.966982e+02	8.027860e+01	4.242850e+01	8.142696e+01
187	5.675266e+00	2.698070e+03	4.192468e+02	3.984825e+02	8.066576e+01	4.258670e+01	7.857497e+01
188	5.705615e+00	2.689076e+03	4.181355e+02	4.003849e+02	8.053741e+01	4.251239e+01	7.645087e+01
189	5.735964e+00	2.674237e+03	4.173072e+02	4.023196e+02	8.030261e+01	4.240142e+01	7.337511e+01
190	5.766313e+00	2.697843e+03	4.163591e+02	4.043992e+02	8.054447e+01	4.264725e+01	7.045545e+01
191	5.796662e+00	2.686528e+03	4.154369e+02	4.063930e+02	8.012962e+01	4.268826e+01	6.827241e+01
192	5.827011e+00	2.703341e+03	4.145108e+02	4.083976e+02	8.025258e+01	4.288960e+01	6.553600e+01
193	5.857360e+00	2.706917e+03	4.138346e+02	4.101228e+02	8.062846e+01	4.274613e+01	6.322584e+01
194	5.887709e+00	2.710953e+03	4.134144e+02	4.122160e+02	8.032049e+01	4.297400e+01	6.079905e+01
195	5.918058e+00	2.703527e+03	4.130943e+02	4.143907e+02	7.999084e+01	4.303289e+01	5.811167e+01
196	5.948407e+00	2.709847e+03	4.130081e+02	4.164937e+02	7.998560e+01	4.313632e+01	5.529041e+01
197	5.978756e+00	2.720540e+03	4.126255e+02	4.189094e+02	8.036613e+01	4.310147e+01	5.257537e+01
198	6.009105e+00	2.698688e+03	4.126288e+02	4.207763e+02	7.943644e+01	4.325566e+01	4.926490e+01
199	6.039454e+00	2.707157e+03	4.122956e+02	4.227036e+02	7.938667e+01	4.341862e+01	4.738714e+01
200	6.069803e+00	2.707773e+03	4.123062e+02	4.248814e+02	7.943671e+01	4.340115e+01	4.426166e+01
201	6.100152e+00	2.722947e+03	4.125032e+02	4.269110e+02	7.992405e+01	4.337823e+01	4.146561e+01
202	6.130501e+00	2.726029e+03	4.125688e+02	4.292783e+02	7.985210e+01	4.346646e+01	3.939441e+01
203	6.160850e+00	2.726142e+03	4.129399e+02	4.313319e+02	7.961815e+01	4.359599e+01	3.672545e+01
204	6.191199e+00	2.722432e+03	4.132186e+02	4.334655e+02	7.967190e+01	4.350729e+01	3.347709e+01
205	6.221548e+00	2.717756e+03	4.135306e+02	4.355402e+02	7.972900e+01	4.340145e+01	3.136132e+01
206	6.251897e+00	2.717983e+03	4.142974e+02	4.376077e+02	7.984500e+01	4.334203e+01	2.879113e+01
207	6.282246e+00	2.699444e+03	4.147978e+02	4.397446e+02	7.923647e+01	4.337699e+01	2.577553e+01
208	6.312595e+00	2.725236e+03	4.154677e+02	4.417253e+02	7.944132e+01	4.367850e+01	2.376879e+01
209	6.342944e+00	2.727379e+03	4.162328e+02	4.438940e+02	7.930898e+01	4.378579e+01	2.082296e+01
210	6.373293e+00	2.724576e+03	4.171860e+02	4.457336e+02	7.918749e+01	4.380791e+01	1.757845e+01
211	6.403642e+00	2.795777e+03	4.177318e+02	4.476232e+02	7.859236e+01	4.529313e+01	1.631422e+01
212	6.433991e+00	2.742017e+03	4.191014e+02	4.494828e+02	7.981880e+01	4.373962e+01	1.300202e+01
213	6.464340e+00	2.734964e+03	4.202157e+02	4.511124e+02	7.904509e+01	4.405415e+01	9.083220e+00
214	6.494689e+00	2.711174e+03	4.215355e+02	4.526992e+02	7.866716e+01	4.388075e+01	6.058020e+00
215	6.525038e+00	2.714984e+03	4.231278e+02	4.542717e+02	7.912717e+01	4.368696e+01	3.504139e+00
216	6.555387e+00	2.747833e+03	4.245121e+02	4.553989e+02	8.013167e+01	4.366125e+01	5.033630e-01
217	6.585736e+00	2.735092e+03	4.258522e+02	4.568107e+02	7.930874e+01	4.390975e+01	1.765354e+02
218	6.616085e+00	2.742349e+03	4.275345e+02	4.581028e+02	7.974104e+01	4.378758e+01	1.748542e+02
219	6.646434e+00	2.739881e+03	4.289781e+02	4.596583e+02	8.019051e+01	4.350296e+01	1.719397e+02
220	6.676783e+00	2.744653e+03	4.306378e+02	4.606083e+02	8.023407e+01	4.355508e+01	1.689631e+02
221	6.707132e+00	2.715754e+03	4.323975e+02	4.618404e+02	8.027763e+01	4.307309e+01	1.662241e+02
222	6.737481e+00	2.726945e+03	4.341239e+02	4.626102e+02	8.014093e+01	4.332436e+01	1.633305e+02
223	6.767830e+00	2.727347e+03	4.360820e+02	4.633630e+02	8.033681e+01	4.322509e+01	1.598977e+02
224	6.798179e+00	2.725671e+03	4.381458e+02	4.642767e+02	8.054710e+01	4.308575e+01	1.570588e+02
225	6.828528e+00	2.736098e+03	4.399388e+02	4.649084e+02	8.037527e+01	4.334303e+01	1.544489e+02
226	6.858877e+00	2.732220e+03	4.417926e+02	4.654881e+02	8.024160e+01	4.335370e+01	1.512225e+02
227	6.889226e+00	2.727918e+03	4.437656e+02	4.659702e+02	8.059123e+01	4.309765e+01	1.492637e+02
228	6.919575e+00	2.740070e+03	4.457936e+02	4.664912e+02	8.055394e+01	4.330968e+01	1.459175e+02
229	6.949924e+00	2.761844e+03	4.475559e+02	4.668819e+02	8.033511e+01	4.377275e+01	1.429420e+02
230	6.980273e+00	2.748269e+03	4.496629e+02	4.670200e+02	8.102643e+01	4.318597e+01	1.403245e+02
231	7.010622e+00	2.736527e+03	4.518171e+02	4.673622e+02	8.071030e+01	4.316988e+01	1.384750e+02
232	7.040971e+00	2.770070e+03	4.536453e+02	4.675148e+02	8.072278e+01	4.369228e+01	1.360182e+02
233	7.071320e+00	2.741871e+03	4.557361e+02	4.675483e+02	8.050911e+01	4.336229e+01	1.331940e+02
234	7.101669e+00	2.748096e+03	4.576517e+02	4.672816e+02	8.079475e+01	4.330708e+01	1.304958e+02
235	7.132018e+00	2.723430e+03	4.597367e+02	4.671711e+02	8.073525e+01	4.295000e+01	1.271522e+02
236	7.162367e+00	2.756811e+03	4.617077e+02	4.669642e+02	8.058476e+01	4.355762e+01	1.243337e+02
237	7.192716e+00	2.742372e+03	4.638760e+02	4.667578e+02	8.099385e+01	4.311063e+01	1.216612e+02
238	7.223065e+00	2.729814e+03	4.655092e+02	4.662864e+02	8.076462e+01	4.303503e+01	1.191029e+02
239	7.253414e+00	2.732554e+03	4.676841e+02	4.656208e+02	8.068810e+01	4.311907e+01	1.159894e+02
240	7.283763e+00	2.732037e+03	4.694653e+02	4.650172e+02	8.098460e+01	4.295307e+01	1.132841e+02
241	7.314112e+00	2.756811e+03	4.710160e+02	4.641693e+02	8.204551e+01	4.278212e+01	1.103616e+02
242	7.344461e+00	2.717803e+03	4.732082e+02	4.634896e+02	8.123328e+01	4.259848e+01	1.081956e+02
243	7.374810e+00	2.714045e+03	4.749294e+02	4.624274e+02	8.087266e+01	4.272927e+01	1.061091e+02
244	7.405159e+00	2.721573e+03	4.767617e+02	4.614263e+02	8.126802e+01	4.263934e+01	1.032501e+02
245	7.435508e+00	2.731056e+03	4.786956e+02	4.604557e+02	8.149992e+01	4.266617e+01	1.008714e+02
246	7.465857e+00	2.718709e+03	4.805829e+02	4.593450e+02	8.127534e+01	4.259063e+01	9.812619e+01
247	7.496206e+00	2.730299e+03	4.822214e+02	4.581716e+02	8.138349e+01	4.271536e+01	9.594892e+01
248	7.526555e+00	2.713213e+03	4.838974e+02	4.571823e+02	8.123351e+01	4.252642e+01	9.393520e+01
249	7.556904e+00	2.717190e+03	4.854412e+02	4.559777e+02	8.129323e+01	4.255746e+01	9.129896e+01
250	7.587253e+00	2.716409e+03	4.868568e+02	4.544565e+02	8.126405e+01	4.256051e+01	8.910162e+01
251	7.617602e+00	2.736011e+03	4.884878e+02	4.530304e+02	8.156606e+01	4.270891e+01	8.684397e+01
252	7.647951e+00	2.737436e+03	4.896661e+02	4.514544e+02	8.146612e+01	4.278358e+01	8.408958e+01
253	7.678300e+00	2.717333e+03	4.908097e+02	4.497402e+02	8.143079e+01	4.248780e+01	8.195367e+01
254	7.708649e+00	2.733398e+03	4.921045e+02	4.481034e+02	8.145282e+01	4.272744e+01	7.948077e+01
255	7.738998e+00	2.726788e+03	4.934160e+02	4.465227e+02	8.119767e+01	4.275806e+01	7.702458e+01
256	7.769347e+00	2.731723e+03	4.944721e+02	4.448512e+02	8.101428e+01	4.293240e+01	7.479981e+01
257	7.799697e+00	2.721117e+03	4.954961e+02	4.429389e+02	8.080134e+01	4.287842e+01	7.237136e+01
258	7.830046e+00	2.725067e+03	4.964204e+02	4.411240e+02	8.066914e+01	4.301104e+01	7.011443e+01
259	7.860395e+00	2.726204e+03	4.971319e+02	4.392384e+02	8.078319e+01	4.296824e+01	6.721957e+01
260	7.890744e+00	2.730879e+03	4.978014e+02	4.374712e+02	8.046004e+01	4.321479e+01	6.495472e+01
261	7.921093e+00	2.728680e+03	4.985019e+02	4.355093e+02	8.049589e+01	4.316075e+01	6.228123e+01
262	7.951442e+00	2.738440e+03	4.993061e+02	4.336961e+02	8.071735e+01	4.319629e+01	6.019281e+01
263	7.981791e+00	2.747234e+03	5.002009e+02	4.317339e+02	8.058461e+01	4.340638e+01	5.744701e+01
264	8.012140e+00	2.751631e+03	5.004420e+02	4.301623e+02	8.076701e+01	4.337767e+01	5.596955e+01
265	8.042489e+00	2.743638e+03	5.013605e+02	4.280274e+02	8.023192e+01	4.354013e+01	5.237828e+01
266	8.072838e+00	2.736411e+03	5.019617e+02	4.267821e+02	7.990072e+01	4.360545e+01	5.063415e+01
267	8.103187e+00	2.754018e+03	5.022846e+02	4.248123e+02	8.023806e+01	4.370151e+01	4.796949e+01
268	8.133536e+00	2.752344e+03	5.022912e+02	4.227897e+02	8.004108e+01	4.378244e+01	4.544185e+01
269	8.163885e+00	2.746865e+03	5.021127e+02	4.209886e+02	8.000017e+01	4.371763e+01	4.310593e+01
270	8.194234e+00	2.774645e+03	5.020497e+02	4.187086e+02	8.033604e+01	4.397512e+01	3.980293e+01
271	8.224583e+00	2.755445e+03	5.017423e+02	4.168553e+02	7.988368e+01	4.391812e+01	3.682932e+01
272	8.254932e+00	2.745645e+03	5.014817e+02	4.154552e+02	7.968116e+01	4.387315e+01	3.477561e+01
273	8.285281e+00	2.781362e+03	5.010596e+02	4.136531e+02	8.026020e+01	4.412323e+01	3.150951e+01
274	8.315630e+00	2.763795e+03	5.006387e+02	4.116509e+02	7.995456e+01	4.401216e+01	2.825419e+01
275	8.345979e+00	2.760346e+03	5.002540e+02	4.097477e+02	7.966545e+01	4.411676e+01	2.593935e+01
276	8.376328e+00	2.769503e+03	4.995139e+02	4.078675e+02	7.926958e+01	4.448416e+01	2.404288e+01
277	8.406677e+00	2.761232e+03	4.992230e+02	4.060176e+02	7.978732e+01	4.406351e+01	2.112792e+01
278	8.437026e+00	2.775267e+03	4.984489e+02	4.041208e+02	7.991291e+01	4.421788e+01	1.883554e+01
279	8.467375e+00	2.767467e+03	4.976765e+02	4.022051e+02	7.971398e+01	4.420364e+01	1.580119e+01
280	8.497724e+00	2.764883e+03	4.967911e+02	4.003612e+02	7.968484e+01	4.417852e+01	1.328774e+01
281	8.528073e+00	2.769128e+03	4.959677e+02	3.983695e+02	7.968770e+01	4.424475e+01	1.090428e+01
282	8.558422e+00	2.771939e+03	4.951541e+02	3.964521e+02	8.035067e+01	4.392424e+01	8.357330e+00
283	8.588771e+00	2.767146e+03	4.940506e+02	3.948545e+02	7.990755e+01	4.409145e+01	5.875890e+00
284	8.619120e+00	2.789009e+03	4.928054e+02	3.933472e+02	7.982680e+01	4.448476e+01	3.942018e+00
285	8.649469e+00	2.774435e+03	4.916842e+02	3.915999e+02	7.998627e+01	4.416409e+01	6.243737e-01
286	8.679818e+00	2.781998e+03	4.901896e+02	3.903193e+02	7.998116e+01	4.428731e+01	1.786158e+02
287	8.710167e+00	2.816280e+03	4.885325e+02	3.889518e+02	7.902374e+01	4.537622e+01	1.761454e+02
288	8.740516e+00	2.792908e+03	4.871459e+02	3.872942e+02	7.927264e+01	4.485836e+01	1.725610e+02
289	8.770865e+00	2.762022e+03	4.858695e+02	3.860668e+02	7.965125e+01	4.415142e+01	1.695374e+02
290	8.801214e+00	2.760507e+03	4.841438e+02	3.851178e+02	8.022733e+01	4.381033e+01	1.666363e+02
291	8.831563e+00	2.789092e+03	4.823177e+02	3.839185e+02	7.976201e+01	4.452223e+01	1.630311e+02
292	8.861912e+00	2.779371e+03	4.808954e+02	3.830213e+02	7.950188e+01	4.451221e+01	1.598176e+02
293	8.892261e+00	2.762191e+03	4.793228e+02	3.823303e+02	7.979333e+01	4.407551e+01	1.575388e+02
294	8.922610e+00	2.762234e+03	4.778078e+02	3.816729e+02	7.986356e+01	4.403743e+01	1.542678e+02
295	8.952959e+00	2.759302e+03	4.761310e+02	3.811720e+02	7.977966e+01	4.403695e+01	1.514809e+02
296	8.983308e+00	2.738292e+03	4.747528e+02	3.808008e+02	7.954697e+01	4.382947e+01	1.481185e+02
297	9.013657e+00	2.739102e+03	4.727982e+02	3.804338e+02	7.958075e+01	4.382382e+01	1.449643e+02
298	9.044006e+00	2.759803e+03	4.707220e+02	3.803329e+02	7.991743e+01	4.396901e+01	1.417706e+02
299	9.074355e+00	2.731015e+03	4.687761e+02	3.801023e+02	7.942518e+01	4.378002e+01	1.387071e+02
300	9.104704e+00	2.715918e+03	4.668052e+02	3.799120e+02	7.925951e+01	4.362901e+01	1.360362e+02
301	9.135053e+00	2.728160e+03	4.647742e+02	3.797300e+02	7.970493e+01	4.358076e+01	1.328079e+02
302	9.165402e+00	2.711324e+03	4.628450e+02	3.798469e+02	7.958470e+01	4.337724e+01	1.301720e+02
303	9.195751e+00	2.713023e+03	4.609900e+02	3.804060e+02	7.946774e+01	4.346831e+01	1.268595e+02
304	9.226100e+00	2.716308e+03	4.590071e+02	3.808427e+02	7.962523e+01	4.343486e+01	1.232171e+02
305	9.256449e+00	2.702831e+03	4.569377e+02	3.811327e+02	7.970470e+01	4.317627e+01	1.198507e+02
306	9.286798e+00	2.696451e+03	4.551034e+02	3.816454e+02	7.969223e+01	4.308109e+01	1.174850e+02
307	9.317147e+00	2.698313e+03	4.529607e+02	3.822961e+02	7.940074e+01	4.326910e+01	1.143155e+02
308	9.347496e+00	2.704185e+03	4.509713e+02	3.829414e+02	8.011613e+01	4.297606e+01	1.116796e+02
309	9.377845e+00	2.708254e+03	4.490112e+02	3.838031e+02	8.006078e+01	4.307047e+01	1.089811e+02
310	9.408194e+00	2.692640e+03	4.471465e+02	3.846948e+02	8.000479e+01	4.285213e+01	1.062198e+02
311	9.438543e+00	2.694498e+03	4.452664e+02	3.857811e+02	8.017119e+01	4.279270e+01	1.033780e+02
312	9.468892e+00	2.696072e+03	4.434644e+02	3.869815e+02	8.044632e+01	4.267126e+01	1.005078e+02
313	9.499241e+00	2.702121e+03	4.418045e+02	3.882302e+02	8.059467e+01	4.268827e+01	9.783277e+01
314	9.529590e+00	2.687307e+03	4.402784e+02	3.897074e+02	8.028435e+01	4.261833e+01	9.493243e+01
315	9.559939e+00	2.687729e+03	4.385735e+02	3.910500e+02	8.086810e+01	4.231734e+01	9.235629e+01
316	9.590288e+00	2.685611e+03	4.370908e+02	3.925251e+02	8.059967e+01	4.242482e+01	8.963334e+01
317	9.620637e+00	2.693628e+03	4.357820e+02	3.942805e+02	8.083279e+01	4.242874e+01	8.667451e+01
318	9.650986e+00	2.713935e+03	4.340825e+02	3.960003e+02	8.143329e+01	4.243338e+01	8.399686e+01
319	9.681335e+00	2.698434e+03	4.330741e+02	3.974645e+02	8.095521e+01	4.244017e+01	8.170798e+01
320	9.711684e+00	2.695654e+03	4.320452e+02	3.990636e+02	8.090846e+01	4.242094e+01	7.909900e+01
321	9.742033e+00	2.692604e+03	4.308023e+02	4.009181e+02	8.053442e+01	4.256974e+01	7.694054e+01
322	9.772382e+00	2.711057e+03	4.298011e+02	4.029507e+02	8.081587e+01	4.271222e+01	7.433803e+01
323	9.802731e+00	2.703483e+03	4.289852e+02	4.047668e+02	8.073399e+01	4.263609e+01	7.179804e+01
324	9.833080e+00	2.693354e+03	4.280049e+02	4.067960e+02	8.046170e+01	4.262009e+01	6.914608e+01
325	9.863429e+00	2.695829e+03	4.273371e+02	4.089062e+02	8.038809e+01	4.269831e+01	6.658574e+01
326	9.893778e+00	2.704372e+03	4.268455e+02	4.109707e+02	8.043394e+01	4.280921e+01	6.385914e+01
327	9.924127e+00	2.709656e+03	4.262566e+02	4.131750e+02	8.022352e+01	4.300536e+01	6.103249e+01
328	9.954476e+00	2.713244e+03	4.257014e+02	4.154307e+02	8.037262e+01	4.298241e+01	5.837852e+01
329	9.984825e+00	2.719456e+03	4.254104e+02	4.175330e+02	8.027273e+01	4.313445e+01	5.599695e+01
330	1.001517e+01	2.711691e+03	4.252161e+02	4.197878e+02	7.994470e+01	4.318776e+01	5.313825e+01
331	1.004552e+01	2.722305e+03	4.250016e+02	4.220593e+02	8.002013e+01	4.331593e+01	5.109454e+01
332	1.007587e+01	2.716410e+03	4.249930e+02	4.243072e+02	7.996933e+01	4.324959e+01	4.811207e+01
333	1.010622e+01	2.720677e+03	4.248192e+02	4.266418e+02	8.001717e+01	4.329163e+01	4.612555e+01
334	1.013657e+01	2.727004e+03	4.251932e+02	4.288509e+02	7.984348e+01	4.348669e+01	4.227102e+01
335	1.016692e+01	2.717704e+03	4.256332e+02	4.310021e+02	7.984357e+01	4.333836e+01	3.957808e+01
336	1.019727e+01	2.762363e+03	4.254285e+02	4.335505e+02	8.075608e+01	4.355275e+01	3.764564e+01
337	1.022762e+01	2.745308e+03	4.262222e+02	4.353937e+02	8.020677e+01	4.358030e+01	3.440662e+01
338	1.025797e+01	2.746561e+03	4.266477e+02	4.375531e+02	8.009858e+01	4.365908e+01	3.171568e+01
339	1.028832e+01	2.735743e+03	4.269923e+02	4.398119e+02	7.963651e+01	4.373944e+01	2.881121e+01
340	1.031866e+01	2.749135e+03	4.278886e+02	4.415502e+02	8.010652e+01	4.369566e+01	2.665952e+01
341	1.034901e+01	2.780405e+03	4.287189e+02	4.434107e+02	8.012469e+01	4.418265e+01	2.341415e+01
342	1.037936e+01	2.725352e+03	4.299245e+02	4.454855e+02	7.954021e+01	4.362606e+01	2.018011e+01
343	1.040971e+01	2.725224e+03	4.310720e+02	4.472891e+02	7.942040e+01	4.368982e+01	1.701220e+01
344	1.044006e+01	2.754834e+03	4.318751e+02	4.494722e+02	7.958723e+01	4.407194e+01	1.436391e+01
345	1.047041e+01	2.713980e+03	4.331339e+02	4.513351e+02	7.881472e+01	4.384393e+01	1.057221e+01
346	1.050076e+01	2.755796e+03	4.344699e+02	4.525094e+02	8.042310e+01	4.362912e+01	8.450869e+00
347	1.053111e+01	2.693057e+03	4.355674e+02	4.546359e+02	7.891069e+01	4.345300e+01	4.874419e+00
348	1.056146e+01	2.718107e+03	4.369817e+02	4.562214e+02	7.934316e+01	4.361814e+01	2.568516e+00
349	1.059181e+01	2.717858e+03	4.382001e+02	4.576202e+02	7.917437e+01	4.370713e+01	1.790979e+02
350	1.062215e+01	2.718773e+03	4.399289e+02	4.590871e+02	7.939902e+01	4.359814e+01	1.759603e+02
351	1.065250e+01	2.707623e+03	4.415741e+02	4.607493e+02	7.933160e+01	4.345624e+01	1.730869e+02
352	1.068285e+01	2.737604e+03	4.431619e+02	4.615664e+02	7.992999e+01	4.360848e+01	1.707669e+02
353	1.071320e+01	2.720495e+03	4.446046e+02	4.633355e+02	7.929819e+01	4.368121e+01	1.672370e+02
354	1.074355e+01	2.722378e+03	4.464362e+02	4.643041e+02	7.944688e+01	4.362964e+01	1.652953e+02
355	1.077390e+01	2.764532e+03	4.480751e+02	4.653189e+02	7.962463e+01	4.420631e+01	1.626387e+02
356	1.080425e+01	2.711920e+03	4.503086e+02	4.661231e+02	7.953513e+01	4.341382e+01	1.595097e+02
357	1.083460e+01	2.724577e+03	4.522694e+02	4.667630e+02	8.015760e+01	4.327774e+01	1.565958e+02
358	1.086495e+01	2.737950e+03	4.542814e+02	4.674048e+02	8.026841e+01	4.343011e+01	1.542664e+02
359	1.089530e+01	2.743084e+03	4.561842e+02	4.680756e+02	8.013740e+01	4.358268e+01	1.511616e+02
360	1.092564e+01	2.735696e+03	4.580836e+02	4.687601e+02	7.989728e+01	4.359592e+01	1.476600e+02
361	1.095599e+01	2.738675e+03	4.602237e+02	4.692415e+02	8.012487e+01	4.351944e+01	1.452754e+02
362	1.098634e+01	2.734054e+03	4.620757e+02	4.694375e+02	8.017253e+01	4.342019e+01	1.424268e+02
363	1.101669e+01	2.729328e+03	4.642609e+02	4.698379e+02	7.998489e+01	4.344681e+01	1.399515e+02
364	1.104704e+01	2.779855e+03	4.658813e+02	4.701236e+02	8.089717e+01	4.375211e+01	1.357647e+02
365	1.107739e+01	2.748743e+03	4.683964e+02	4.705360e+02	8.021683e+01	4.362935e+01	1.342239e+02
366	1.110774e+01	2.748318e+03	4.703512e+02	4.705363e+02	8.032075e+01	4.356617e+01	1.315741e+02
367	1.113809e+01	2.748238e+03	4.724729e+02	4.701329e+02	8.053953e+01	4.344655e+01	1.283663e+02
368	1.116844e+01	2.789027e+03	4.739253e+02	4.698340e+02	8.111446e+01	4.377886e+01	1.239433e+02
369	1.119879e+01	2.738443e+03	4.764077e+02	4.697531e+02	8.084625e+01	4.312746e+01	1.230308e+02
370	1.122914e+01	2.733748e+03	4.785289e+02	4.694666e+02	8.097865e+01	4.298312e+01	1.201681e+02
371	1.125948e+01	2.739532e+03	4.801789e+02	4.689677e+02	8.098569e+01	4.307034e+01	1.174049e+02
372	1.128983e+01	2.723238e+03	4.820865e+02	4.686073e+02	8.114223e+01	4.273156e+01	1.152013e+02
373	1.132018e+01	2.728940e+03	4.838442e+02	4.680760e+02	8.112392e+01	4.283070e+01	1.128146e+02
374	1.135053e+01	2.752917e+03	4.855317e+02	4.672958e+02	8.147672e+01	4.301994e+01	1.100311e+02
375	1.138088e+01	2.756648e+03	4.874996e+02	4.666158e+02	8.194212e+01	4.283357e+01	1.069865e+02
376	1.141123e+01	2.767897e+03	4.892198e+02	4.656048e+02	8.249607e+01	4.271955e+01	1.046659e+02
377	1.144158e+01	2.725885e+03	4.912469e+02	4.645998e+02	8.144265e+01	4.261531e+01	1.023505e+02
378	1.147193e+01	2.725153e+03	4.928353e+02	4.632667e+02	8.141035e+01	4.262078e+01	9.965280e+01
379	1.150228e+01	2.728771e+03	4.946863e+02	4.622676e+02	8.161659e+01	4.256953e+01	9.706065e+01
380	1.153263e+01	2.741748e+03	4.962899e+02	4.611358e+02	8.138160e+01	4.289547e+01	9.495412e+01
381	1.156297e+01	2.727849e+03	4.979773e+02	4.598228e+02	8.142010e+01	4.265784e+01	9.230877e+01
382	1.159332e+01	2.747483e+03	4.992021e+02	4.586661e+02	8.186272e+01	4.273256e+01	8.985077e+01
383	1.162367e+01	2.734867e+03	5.005895e+02	4.574280e+02	8.142443e+01	4.276530e+01	8.716953e+01
384	1.165402e+01	2.722943e+03	5.019145e+02	4.560466e+02	8.115324e+01	4.272114e+01	8.481811e+01
385	1.168437e+01	2.731666e+03	5.031831e+02	4.545522e+02	8.136521e+01	4.274634e+01	8.203100e+01
386	1.171472e+01	2.724769e+03	5.043678e+02	4.529195e+02	8.131165e+01	4.266650e+01	7.968061e+01
387	1.174507e+01	2.745246e+03	5.054946e+02	4.514018e+02	8.170478e+01	4.278030e+01	7.737652e+01
388	1.177542e+01	2.742893e+03	5.072220e+02	4.495551e+02	8.096623e+01	4.313353e+01	7.461936e+01
389	1.180577e+01	2.729094e+03	5.081392e+02	4.477404e+02	8.095551e+01	4.292221e+01	7.272314e+01
390	1.183612e+01	2.749051e+03	5.091537e+02	4.459437e+02	8.139695e+01	4.300162e+01	7.005910e+01
391	1.186646e+01	2.743865e+03	5.100711e+02	4.441271e+02	8.053789e+01	4.337831e+01	6.783481e+01
392	1.189681e+01	2.747241e+03	5.108895e+02	4.422662e+02	8.096702e+01	4.320149e+01	6.519061e+01
393	1.192716e+01	2.747563e+03	5.114760e+02	4.403765e+02	8.120379e+01	4.308057e+01	6.252045e+01
394	1.195751e+01	2.749166e+03	5.120064e+02	4.383391e+02	8.056110e+01	4.344959e+01	5.916136e+01
395	1.198786e+01	2.751742e+03	5.122834e+02	4.364673e+02	8.054247e+01	4.350035e+01	5.658173e+01
396	1.201821e+01	2.756874e+03	5.128595e+02	4.344093e+02	8.070088e+01	4.349594e+01	5.395862e+01
397	1.204856e+01	2.777416e+03	5.129393e+02	4.325517e+02	8.047346e+01	4.394387e+01	5.202203e+01
398	1.207891e+01	2.773886e+03	5.133152e+02	4.304071e+02	8.082178e+01	4.369887e+01	4.847222e+01
399	1.210926e+01	2.766087e+03	5.133879e+02	4.285575e+02	8.029006e+01	4.386459e+01	4.600301e+01
400	1.213961e+01	2.810043e+03	5.133609e+02	4.266035e+02	8.096497e+01	4.419020e+01	4.486530e+01
401	1.216995e+01	2.771010e+03	5.136351e+02	4.245129e+02	8.044440e+01	4.385836e+01	4.102859e+01
402	1.220030e+01	2.753402e+03	5.133918e+02	4.224919e+02	7.994856e+01	4.384995e+01	3.835779e+01
403	1.223065e+01	2.822790e+03	5.129505e+02	4.205422e+02	8.109132e+01	4.432149e+01	3.699620e+01
404	1.226100e+01	2.776734e+03	5.131075e+02	4.183790e+02	8.025074e+01	4.405501e+01	3.331449e+01
405	1.229135e+01	2.779033e+03	5.130405e+02	4.160826e+02	8.026777e+01	4.408213e+01	3.057500e+01
406	1.232170e+01	2.772422e+03	5.125399e+02	4.143644e+02	8.037804e+01	4.391693e+01	2.776612e+01
407	1.235205e+01	2.783729e+03	5.119317e+02	4.125436e+02	8.015139e+01	4.422074e+01	2.483016e+01
408	1.238240e+01	2.774555e+03	5.110630e+02	4.109491e+02	7.960438e+01	4.437787e+01	2.167435e+01
409	1.241275e+01	2.770928e+03	5.106800e+02	4.090464e+02	7.984433e+01	4.418667e+01	1.942993e+01
410	1.244310e+01	2.903127e+03	5.090644e+02	4.079742e+02	8.047141e+01	4.593402e+01	2.042258e+01
411	1.247344e+01	2.801762e+03	5.094152e+02	4.055436e+02	8.063910e+01	4.423801e+01	1.446764e+01
412	1.250379e+01	2.789323e+03	5.088513e+02	4.037847e+02	8.039355e+01	4.417613e+01	1.217152e+01
413	1.253414e+01	2.798421e+03	5.079642e+02	4.018726e+02	8.009138e+01	4.448744e+01	9.497405e+00
414	1.256449e+01	2.812836e+03	5.070812e+02	4.002312e+02	8.050080e+01	4.448917e+01	6.955911e+00
415	1.259484e+01	2.776947e+03	5.062853e+02	3.983581e+02	8.006112e+01	4.416274e+01	3.573063e+00
416	1.262519e+01	2.800777e+03	5.050725e+02	3.968960e+02	7.987841e+01	4.464360e+01	2.223685e+00
417	1.265554e+01	2.817042e+03	5.036128e+02	3.952336e+02	7.942849e+01	4.515722e+01	1.793973e+02
418	1.268589e+01	2.777691e+03	5.026836e+02	3.935757e+02	8.041792e+01	4.397859e+01	1.762999e+02
419	1.271624e+01	2.799189e+03	5.010038e+02	3.921386e+02	8.012761e+01	4.447952e+01	1.739456e+02
420	1.274659e+01	2.791217e+03	4.999985e+02	3.907849e+02	8.026578e+01	4.427651e+01	1.713748e+02
421	1.277693e+01	2.816333e+03	4.983005e+02	3.900509e+02	7.982204e+01	4.492326e+01	1.692103e+02
422	1.280728e+01	2.816075e+03	4.965372e+02	3.887888e+02	8.008469e+01	4.477184e+01	1.664962e+02
423	1.283763e+01	2.778306e+03	4.953570e+02	3.875180e+02	8.007874e+01	4.417463e+01	1.620701e+02
424	1.286798e+01	2.777418e+03	4.937664e+02	3.868449e+02	8.021937e+01	4.408309e+01	1.592136e+02
425	1.289833e+01	2.773551e+03	4.920619e+02	3.860339e+02	7.982821e+01	4.423742e+01	1.565599e+02
426	1.292868e+01	2.752918e+03	4.905591e+02	3.855877e+02	7.978848e+01	4.393021e+01	1.533666e+02
427	1.295903e+01	2.752648e+03	4.888872e+02	3.850883e+02	7.970295e+01	4.397304e+01	1.504316e+02
428	1.298938e+01	2.790861e+03	4.869006e+02	3.844767e+02	8.038717e+01	4.420399e+01	1.462971e+02
429	1.301973e+01	2.744390e+03	4.854632e+02	3.844001e+02	7.977398e+01	4.380208e+01	1.442368e+02
430	1.305008e+01	2.751316e+03	4.834287e+02	3.840745e+02	7.962173e+01	4.399659e+01	1.405639e+02
431	1.308042e+01	2.758139e+03	4.815242e+02	3.838001e+02	8.020452e+01	4.378521e+01	1.378426e+02
432	1.311077e+01	2.727884e+03	4.799436e+02	3.837995e+02	7.947083e+01	4.370471e+01	1.355027e+02
433	1.314112e+01	2.732395e+03	4.781209e+02	3.838776e+02	7.968887e+01	4.365720e+01	1.322781e+02
434	1.317147e+01	2.719311e+03	4.764196e+02	3.839333e+02	7.957815e+01	4.350861e+01	1.297423e+02
435	1.320182e+01	2.728181e+03	4.746943e+02	3.842074e+02	7.958746e+01	4.364542e+01	1.269912e+02
436	1.323217e+01	2.719592e+03	4.729151e+02	3.844788e+02	7.970415e+01	4.344431e+01	1.240512e+02
437	1.326252e+01	2.735498e+03	4.709938e+02	3.847425e+02	8.041573e+01	4.331172e+01	1.213377e+02
438	1.329287e+01	2.707254e+03	4.693938e+02	3.851926e+02	7.967932e+01	4.326070e+01	1.185008e+02
439	1.332322e+01	2.703400e+03	4.676249e+02	3.857730e+02	7.975765e+01	4.315668e+01	1.154074e+02
440	1.335357e+01	2.699951e+03	4.659495e+02	3.865147e+02	7.954053e+01	4.321928e+01	1.127064e+02
441	1.338392e+01	2.692693e+03	4.641225e+02	3.870248e+02	7.985567e+01	4.293299e+01	1.098724e+02
442	1.341426e+01	2.707244e+03	4.625568e+02	3.877285e+02	7.995613e+01	4.311077e+01	1.072041e+02
443	1.344461e+01	2.702010e+03	4.608977e+02	3.886657e+02	8.031213e+01	4.283669e+01	1.043339e+02
444	1.347496e+01	2.699722e+03	4.592244e+02	3.895579e+02	8.005072e+01	4.294018e+01	1.020504e+02
445	1.350531e+01	2.707276e+03	4.576556e+02	3.905332e+02	8.040704e+01	4.286951e+01	9.943901e+01
446	1.353566e+01	2.689209e+03	4.561003e+02	3.916246e+02	8.044308e+01	4.256434e+01	9.703766e+01
447	1.356601e+01	2.703828e+03	4.544404e+02	3.927258e+02	8.035469e+01	4.284281e+01	9.453538e+01
448	1.359636e+01	2.704817e+03	4.528271e+02	3.942336e+02	8.078160e+01	4.263198e+01	9.181223e+01
449	1.362671e+01	2.708488e+03	4.516274e+02	3.958517e+02	8.085049e+01	4.265347e+01	8.884771e+01
450	1.365706e+01	2.707112e+03	4.497388e+02	3.973737e+02	8.110571e+01	4.249766e+01	8.658297e+01
451	1.368741e+01	2.696689e+03	4.483364e+02	3.989657e+02	8.061953e+01	4.258932e+01	8.446950e+01
452	1.371775e+01	2.699199e+03	4.471573e+02	4.005952e+02	8.071123e+01	4.258053e+01	8.167130e+01
453	1.374810e+01	2.699485e+03	4.459175e+02	4.024050e+02	8.118542e+01	4.233630e+01	7.877709e+01
454	1.377845e+01	2.697406e+03	4.447135e+02	4.041897e+02	8.075504e+01	4.252916e+01	7.670863e+01
455	1.380880e+01	2.697680e+03	4.437616e+02	4.060161e+02	8.065637e+01	4.258552e+01	7.433646e+01
456	1.383915e+01	2.693396e+03	4.428368e+02	4.079364e+02	8.036221e+01	4.267352e+01	7.122001e+01
457	1.386950e+01	2.701334e+03	4.419941e+02	4.097670e+02	8.055608e+01	4.269629e+01	6.841840e+01
458	1.389985e+01	2.712745e+03	4.413371e+02	4.115803e+02	8.058150e+01	4.286311e+01	6.619847e+01
459	1.393020e+01	2.705300e+03	4.408091e+02	4.135620e+02	8.024380e+01	4.292538e+01	6.350273e+01
460	1.396055e+01	2.719314e+03	4.403505e+02	4.157898e+02	8.026699e+01	4.313527e+01	6.031380e+01
461	1.399090e+01	2.717811e+03	4.398483e+02	4.180523e+02	8.026653e+01	4.311168e+01	5.734674e+01
462	1.402124e+01	2.708719e+03	4.396693e+02	4.201711e+02	7.994982e+01	4.313765e+01	5.457533e+01
463	1.405159e+01	2.735909e+03	4.395382e+02	4.224319e+02	8.033241e+01	4.336317e+01	5.199567e+01
464	1.408194e+01	2.739158e+03	4.393512e+02	4.246272e+02	8.025739e+01	4.345523e+01	4.979036e+01
465	1.411229e+01	2.714137e+03	4.396483e+02	4.267445e+02	7.973030e+01	4.334295e+01	4.625421e+01
466	1.414264e+01	2.716069e+03	4.396886e+02	4.290495e+02	7.987048e+01	4.329768e+01	4.292381e+01
467	1.417299e+01	2.718146e+03	4.396845e+02	4.313362e+02	7.999892e+01	4.326122e+01	4.035893e+01
468	1.420334e+01	2.733713e+03	4.398934e+02	4.335568e+02	8.015051e+01	4.342670e+01	3.800740e+01
469	1.423369e+01	2.749779e+03	4.399544e+02	4.357908e+02	8.035567e+01	4.357038e+01	3.552461e+01
470	1.426404e+01	2.734989e+03	4.405228e+02	4.379100e+02	7.995744e+01	4.355187e+01	3.264478e+01
471	1.429439e+01	2.756361e+03	4.409887e+02	4.399063e+02	7.978360e+01	4.398783e+01	3.006654e+01
472	1.432473e+01	2.744384e+03	4.418361e+02	4.420213e+02	8.014767e+01	4.359776e+01	2.662659e+01
473	1.435508e+01	2.730194e+03	4.424491e+02	4.440408e+02	7.963008e+01	4.365424e+01	2.383298e+01
474	1.438543e+01	2.742511e+03	4.431974e+02	4.462784e+02	7.978419e+01	4.376648e+01	2.057437e+01
475	1.441578e+01	2.746972e+03	4.441370e+02	4.479980e+02	7.942245e+01	4.403734e+01	1.805907e+01
476	1.444613e+01	2.740351e+03	4.451320e+02	4.502314e+02	7.985308e+01	4.369429e+01	1.538349e+01
477	1.447648e+01	2.718352e+03	4.463698e+02	4.518766e+02	7.931335e+01	4.363847e+01	1.205276e+01
478	1.450683e+01	2.701300e+03	4.475503e+02	4.540569e+02	7.903209e+01	4.351905e+01	8.980750e+00
479	1.453718e+01	2.723675e+03	4.490231e+02	4.554315e+02	7.912110e+01	4.383016e+01	6.283456e+00
480	1.456753e+01	2.678941e+03	4.501887e+02	4.574558e+02	7.846692e+01	4.346970e+01	2.885008e+00
481	1.459788e+01	2.708482e+03	4.516930e+02	4.589117e+02	7.883228e+01	4.374537e+01	1.796794e+02
482	1.462822e+01	2.702509e+03	4.531147e+02	4.603263e+02	7.953460e+01	4.326345e+01	1.771281e+02
483	1.465857e+01	2.734100e+03	4.542908e+02	4.615842e+02	7.957644e+01	4.374617e+01	1.751656e+02
484	1.468892e+01	2.709757e+03	4.558122e+02	4.632754e+02	7.945936e+01	4.342056e+01	1.716401e+02
485	1.471927e+01	2.729377e+03	4.575831e+02	4.643513e+02	7.938956e+01	4.377340e+01	1.689349e+02
486	1.474962e+01	2.738948e+03	4.588792e+02	4.658486e+02	7.926935e+01	4.399351e+01	1.673101e+02
487	1.477997e+01	2.732014e+03	4.605648e+02	4.666005e+02	7.965234e+01	4.367115e+01	1.640946e+02
488	1.481032e+01	2.740340e+03	4.620470e+02	4.674637e+02	8.000646e+01	4.361035e+01	1.607857e+02
489	1.484067e+01	2.737046e+03	4.635295e+02	4.680456e+02	7.991723e+01	4.360656e+01	1.574321e+02
490	1.487102e+01	2.741174e+03	4.652713e+02	4.688922e+02	8.001595e+01	4.361845e+01	1.545274e+02
491	1.490137e+01	2.733638e+03	4.671089e+02	4.694915e+02	8.005864e+01	4.347533e+01	1.515332e+02
492	1.493171e+01	2.737702e+03	4.689149e+02	4.703503e+02	8.031926e+01	4.339869e+01	1.489546e+02
493	1.496206e+01	2.742155e+03	4.704661e+02	4.707414e+02	8.034801e+01	4.345372e+01	1.462439e+02
494	1.499241e+01	2.739387e+03	4.722212e+02	4.713834e+02	7.997466e+01	4.361251e+01	1.432762e+02
495	1.502276e+01	2.781633e+03	4.739023e+02	4.711583e+02	8.020179e+01	4.415968e+01	1.406339e+02
496	1.505311e+01	2.739882e+03	4.761331e+02	4.711715e+02	8.029510e+01	4.344631e+01	1.371754e+02
497	1.508346e+01	2.743524e+03	4.781329e+02	4.712976e+02	8.046011e+01	4.341485e+01	1.346100e+02
498	1.511381e+01	2.742457e+03	4.801194e+02	4.711676e+02	8.046538e+01	4.339512e+01	1.313380e+02
499	1.514416e+01	2.732852e+03	4.823352e+02	4.710329e+02	8.041063e+01	4.327258e+01	1.277782e+02
500	1.517451e+01	2.737626e+03	4.842806e+02	4.705933e+02	8.059496e+01	4.324903e+01	1.247124e+02
501	1.520486e+01	2.743272e+03	4.862073e+02	4.704167e+02	8.097281e+01	4.313599e+01	1.221724e+02
502	1.523520e+01	2.733244e+03	4.883238e+02	4.701402e+02	8.103606e+01	4.294476e+01	1.200350e+02
503	1.526555e+01	2.731497e+03	4.901600e+02	4.698025e+02	8.107298e+01	4.289777e+01	1.169889e+02
504	1.529590e+01	2.729628e+03	4.922226e+02	4.693858e+02	8.108602e+01	4.286153e+01	1.150757e+02
505	1.532625e+01	2.717997e+03	4.942481e+02	4.688142e+02	8.074605e+01	4.285858e+01	1.123233e+02
506	1.535660e+01	2.729267e+03	4.963158e+02	4.680635e+02	8.087598e+01	4.296715e+01	1.099573e+02
507	1.538695e+01	2.721159e+03	4.981680e+02	4.672639e+02	8.124747e+01	4.264364e+01	1.070856e+02
508	1.541730e+01	2.749658e+03	4.999585e+02	4.662549e+02	8.148991e+01	4.296205e+01	1.047031e+02
509	1.544765e+01	2.737378e+03	5.018581e+02	4.655209e+02	8.137965e+01	4.282812e+01	1.027485e+02
510	1.547800e+01	2.710671e+03	5.037246e+02	4.646434e+02	8.096582e+01	4.262705e+01	9.993378e+01
511	1.550835e+01	2.729830e+03	5.054477e+02	4.635378e+02	8.156376e+01	4.261362e+01	9.743463e+01
512	1.553869e+01	2.721194e+03	5.070874e+02	4.625844e+02	8.129694e+01	4.261824e+01	9.514247e+01
513	1.556904e+01	2.761634e+03	5.086114e+02	4.613575e+02	8.182684e+01	4.297149e+01	9.245291e+01
514	1.559939e+01	2.731755e+03	5.104301e+02	4.598908e+02	8.159985e+01	4.262482e+01	9.014198e+01
515	1.562974e+01	2.727845e+03	5.117964e+02	4.587666e+02	8.151101e+01	4.261020e+01	8.780122e+01
516	1.566009e+01	2.746511e+03	5.131560e+02	4.574629e+02	8.157554e+01	4.286783e+01	8.545389e+01
517	1.569044e+01	2.734024e+03	5.145408e+02	4.562218e+02	8.152402e+01	4.269990e+01	8.315369e+01
518	1.572079e+01	2.737310e+03	5.157708e+02	4.548405e+02	8.166481e+01	4.267752e+01	8.088206e+01
519	1.575114e+01	2.743703e+03	5.170768e+02	4.533871e+02	8.143188e+01	4.289956e+01	7.871822e+01
520	1.578149e+01	2.767622e+03	5.182046e+02	4.517754e+02	8.227094e+01	4.283220e+01	7.695549e+01
521	1.581184e+01	2.748306e+03	5.195984e+02	4.502173e+02	8.140440e+01	4.298603e+01	7.460777e+01
522	1.584219e+01	2.744646e+03	5.206204e+02	4.484266e+02	8.128755e+01	4.299049e+01	7.267944e+01
523	1.587253e+01	2.751618e+03	5.215410e+02	4.467496e+02	8.142049e+01	4.302934e+01	7.006037e+01
524	1.590288e+01	2.751424e+03	5.224774e+02	4.450637e+02	8.127116e+01	4.310536e+01	6.800851e+01
525	1.593323e+01	2.772790e+03	5.233151e+02	4.432257e+02	8.180663e+01	4.315574e+01	6.537303e+01
526	1.596358e+01	2.753793e+03	5.243238e+02	4.412257e+02	8.097502e+01	4.330024e+01	6.299075e+01
527	1.599393e+01	2.759353e+03	5.250562e+02	4.394952e+02	8.097800e+01	4.338607e+01	6.057769e+01
528	1.602428e+01	2.781753e+03	5.251705e+02	4.377192e+02	8.163709e+01	4.338515e+01	5.814991e+01
529	1.605463e+01	2.761159e+03	5.260967e+02	4.356559e+02	8.045555e+01	4.369639e+01	5.507630e+01
530	1.608498e+01	2.759208e+03	5.265994e+02	4.337189e+02	8.082200e+01	4.346753e+01	5.226067e+01
531	1.611533e+01	2.771114e+03	5.270458e+02	4.318460e+02	8.085340e+01	4.363815e+01	4.968161e+01
532	1.614568e+01	2.772607e+03	5.271868e+02	4.300449e+02	8.035348e+01	4.393330e+01	4.728395e+01
533	1.617602e+01	2.772762e+03	5.272643e+02	4.279781e+02	8.059125e+01	4.380612e+01	4.449711e+01
534	1.620637e+01	2.789109e+03	5.275592e+02	4.258826e+02	8.080460e+01	4.394804e+01	4.221766e+01
535	1.623672e+01	2.779637e+03	5.278210e+02	4.239930e+02	8.057253e+01	4.392494e+01	4.012983e+01
536	1.626707e+01	2.787781e+03	5.277814e+02	4.217798e+02	8.042848e+01	4.413253e+01	3.743803e+01
537	1.629742e+01	2.783983e+03	5.276190e+02	4.199355e+02	8.059011e+01	4.398403e+01	3.461416e+01
538	1.632777e+01	2.792062e+03	5.274845e+02	4.180329e+02	8.043296e+01	4.419784e+01	3.244506e+01
539	1.635812e+01	2.794209e+03	5.272795e+02	4.161490e+02	8.052231e+01	4.418275e+01	2.974475e+01
540	1.638847e+01	2.795275e+03	5.269237e+02	4.141785e+02	8.102221e+01	4.392690e+01	2.750170e+01
541	1.641882e+01	2.793284e+03	5.266127e+02	4.122293e+02	8.060863e+01	4.412082e+01	2.504545e+01
542	1.644917e+01	2.790798e+03	5.258069e+02	4.103315e+02	8.000968e+01	4.441155e+01	2.234951e+01
543	1.647951e+01	2.781721e+03	5.253523e+02	4.085588e+02	8.021310e+01	4.415484e+01	2.017933e+01
544	1.650986e+01	2.796475e+03	5.245515e+02	4.064812e+02	8.033126e+01	4.432374e+01	1.771132e+01
545	1.654021e+01	2.797447e+03	5.235682e+02	4.047185e+02	8.006343e+01	4.448748e+01	1.507575e+01
546	1.657056e+01	2.793891e+03	5.228214e+02	4.028871e+02	8.021419e+01	4.434742e+01	1.261012e+01
547	1.660091e+01	2.807071e+03	5.219510e+02	4.010171e+02	8.050331e+01	4.439660e+01	9.914751e+00
548	1.663126e+01	2.777040e+03	5.209886e+02	3.994234e+02	8.011559e+01	4.413420e+01	6.823638e+00
549	1.666161e+01	2.783966e+03	5.198525e+02	3.976501e+02	7.995315e+01	4.433416e+01	3.680064e+00
550	1.669196e+01	2.790506e+03	5.188397e+02	3.960809e+02	8.013553e+01	4.433717e+01	9.489635e-01
551	1.672231e+01	2.787386e+03	5.176215e+02	3.943912e+02	8.025717e+01	4.422047e+01	1.781212e+02
552	1.675266e+01	2.785120e+03	5.161515e+02	3.930696e+02	8.009873e+01	4.427192e+01	1.756942e+02
553	1.678300e+01	2.782085e+03	5.147294e+02	3.918210e+02	7.991954e+01	4.432284e+01	1.730378e+02
554	1.681335e+01	2.811052e+03	5.130594e+02	3.905972e+02	8.027302e+01	4.458712e+01	1.698611e+02
555	1.684370e+01	2.796426e+03	5.116458e+02	3.895154e+02	8.046941e+01	4.424688e+01	1.673617e+02
556	1.687405e+01	2.811959e+03	5.099412e+02	3.885641e+02	8.006831e+01	4.471553e+01	1.655414e+02
557	1.690440e+01	2.776365e+03	5.084687e+02	3.873165e+02	8.014982e+01	4.410463e+01	1.617166e+02
558	1.693475e+01	2.768889e+03	5.067764e+02	3.864527e+02	8.004856e+01	4.404151e+01	1.588421e+02
559	1.696510e+01	2.768022e+03	5.053136e+02	3.857780e+02	7.987455e+01	4.412363e+01	1.561940e+02
560	1.699545e+01	2.760566e+03	5.038037e+02	3.852463e+02	7.977423e+01	4.406012e+01	1.531698e+02
561	1.702580e+01	2.751151e+03	5.022588e+02	3.848625e+02	7.982320e+01	4.388291e+01	1.499303e+02
562	1.705615e+01	2.760696e+03	5.005353e+02	3.844446e+02	8.007195e+01	4.389836e+01	1.467057e+02
563	1.708649e+01	2.765144e+03	4.987943e+02	3.841484e+02	7.985637e+01	4.408778e+01	1.438161e+02
564	1.711684e+01	2.772158e+03	4.966780e+02	3.838688e+02	7.997312e+01	4.413509e+01	1.407391e+02
565	1.714719e+01	2.747461e+03	4.949649e+02	3.837319e+02	7.948049e+01	4.401302e+01	1.379406e+02
566	1.717754e+01	2.745031e+03	4.931231e+02	3.835347e+02	7.948272e+01	4.397285e+01	1.351434e+02
567	1.720789e+01	2.745624e+03	4.912442e+02	3.833513e+02	8.004687e+01	4.367238e+01	1.326277e+02
568	1.723824e+01	2.740787e+03	4.893933e+02	3.832749e+02	8.011583e+01	4.355792e+01	1.299182e+02
569	1.726859e+01	2.756247e+03	4.874807e+02	3.832264e+02	8.039330e+01	4.365244e+01	1.264073e+02
570	1.729894e+01	2.719649e+03	4.859940e+02	3.835805e+02	7.986583e+01	4.335728e+01	1.245196e+02
571	1.732929e+01	2.717844e+03	4.842084e+02	3.839725e+02	7.971339e+01	4.341135e+01	1.215455e+02
572	1.735964e+01	2.726359e+03	4.821964e+02	3.843348e+02	7.978997e+01	4.350557e+01	1.191225e+02
573	1.738998e+01	2.710492e+03	4.805062e+02	3.848015e+02	7.962601e+01	4.334143e+01	1.162715e+02
574	1.742033e+01	2.714160e+03	4.785494e+02	3.852466e+02	8.029465e+01	4.303868e+01	1.139727e+02
575	1.745068e+01	2.715871e+03	4.768013e+02	3.859254e+02	8.029018e+01	4.306822e+01	1.113114e+02
576	1.748103e+01	2.717701e+03	4.749034e+02	3.866862e+02	8.029697e+01	4.309359e+01	1.087106e+02
577	1.751138e+01	2.699082e+03	4.729403e+02	3.875518e+02	7.996220e+01	4.297753e+01	1.059006e+02
578	1.754173e+01	2.693794e+03	4.713036e+02	3.886416e+02	7.983173e+01	4.296343e+01	1.033035e+02
579	1.757208e+01	2.699456e+03	4.693315e+02	3.894910e+02	8.002008e+01	4.295239e+01	1.013415e+02
580	1.760243e+01	2.700896e+03	4.674612e+02	3.906263e+02	8.029871e+01	4.282618e+01	9.886755e+01
581	1.763278e+01	2.702821e+03	4.657462e+02	3.915711e+02	8.075287e+01	4.261568e+01	9.657529e+01
582	1.766313e+01	2.696283e+03	4.641270e+02	3.926589e+02	8.020497e+01	4.280301e+01	9.377180e+01
583	1.769347e+01	2.697445e+03	4.625821e+02	3.940697e+02	8.098502e+01	4.240900e+01	9.127576e+01
584	1.772382e+01	2.678792e+03	4.612117e+02	3.956314e+02	8.009724e+01	4.258255e+01	8.867217e+01
585	1.775417e+01	2.689753e+03	4.597035e+02	3.971664e+02	8.036584e+01	4.261387e+01	8.637244e+01
586	1.778452e+01	2.709382e+03	4.581834e+02	3.988479e+02	8.093546e+01	4.262276e+01	8.372519e+01
587	1.781487e+01	2.688470e+03	4.569500e+02	4.005539e+02	8.055112e+01	4.249557e+01	8.143963e+01
588	1.784522e+01	2.706172e+03	4.555252e+02	4.024562e+02	8.057582e+01	4.276227e+01	7.855961e+01
589	1.787557e+01	2.711856e+03	4.545842e+02	4.043241e+02	8.091596e+01	4.267196e+01	7.568896e+01
590	1.790592e+01	2.707456e+03	4.534459e+02	4.062720e+02	8.052356e+01	4.281033e+01	7.360647e+01
591	1.793627e+01	2.700736e+03	4.525137e+02	4.080885e+02	8.044557e+01	4.274546e+01	7.109382e+01
592	1.796662e+01	2.722029e+03	4.515360e+02	4.101536e+02	8.052335e+01	4.304087e+01	6.823071e+01
593	1.799697e+01	2.719065e+03	4.507870e+02	4.122171e+02	8.059203e+01	4.295737e+01	6.561028e+01
594	1.802731e+01	2.716377e+03	4.499788e+02	4.142101e+02	8.044917e+01	4.299111e+01	6.355608e+01
595	1.805766e+01	2.727028e+03	4.493452e+02	4.162863e+02	8.045502e+01	4.315654e+01	6.090470e+01
596	1.808801e+01	2.735569e+03	4.487352e+02	4.184975e+02	8.052404e+01	4.325460e+01	5.794985e+01
597	1.811836e+01	2.718739e+03	4.482052e+02	4.205763e+02	8.011452e+01	4.320822e+01	5.559179e+01
598	1.814871e+01	2.721809e+03	4.479077e+02	4.227039e+02	8.018834e+01	4.321720e+01	5.312201e+01
599	1.817906e+01	2.720065e+03	4.479463e+02	4.246704e+02	7.982352e+01	4.338689e+01	5.074874e+01
600	1.820941e+01	2.735534e+03	4.478247e+02	4.270431e+02	8.001579e+01	4.352879e+01	4.755593e+01
601	1.823976e+01	2.731045e+03	4.479939e+02	4.292653e+02	7.991756e+01	4.351077e+01	4.432619e+01
602	1.827011e+01	2.727896e+03	4.483744e+02	4.313904e+02	8.000844e+01	4.341123e+01	4.120098e+01
603	1.830046e+01	2.724021e+03	4.486105e+02	4.335284e+02	7.982792e+01	4.344759e+01	3.764669e+01
604	1.833080e+01	2.739671e+03	4.490136e+02	4.356419e+02	8.013741e+01	4.352845e+01	3.521644e+01
605	1.836115e+01	2.748098e+03	4.492409e+02	4.380281e+02	8.044756e+01	4.349401e+01	3.252812e+01
606	1.839150e+01	2.748658e+03	4.497916e+02	4.399584e+02	8.021398e+01	4.362955e+01	2.945048e+01
607	1.842185e+01	2.781698e+03	4.500266e+02	4.419854e+02	7.970168e+01	4.443781e+01	2.752581e+01
608	1.845220e+01	2.756200e+03	4.508145e+02	4.442973e+02	8.046762e+01	4.361137e+01	2.457203e+01
609	1.848255e+01	2.742591e+03	4.515113e+02	4.462984e+02	7.996687e+01	4.366779e+01	2.113303e+01
610	1.851290e+01	2.743940e+03	4.522718e+02	4.483326e+02	8.011690e+01	4.360744e+01	1.852512e+01
611	1.854325e+01	2.745451e+03	4.530220e+02	4.504907e+02	7.965778e+01	4.388294e+01	1.617528e+01
612	1.857360e+01	2.734783e+03	4.540650e+02	4.523845e+02	7.962043e+01	4.373292e+01	1.281965e+01
613	1.860395e+01	2.728273e+03	4.552662e+02	4.543142e+02	7.928228e+01	4.381490e+01	1.014630e+01
614	1.863429e+01	2.738212e+03	4.563444e+02	4.560599e+02	7.957787e+01	4.381117e+01	7.828313e+00
615	1.866464e+01	2.732644e+03	4.574786e+02	4.580206e+02	7.895842e+01	4.406509e+01	5.202572e+00
616	1.869499e+01	2.748332e+03	4.587180e+02	4.595122e+02	7.939188e+01	4.407611e+01	2.627315e+00
617	1.872534e+01	2.723153e+03	4.600135e+02	4.612102e+02	7.929908e+01	4.372340e+01	1.789372e+02
618	1.875569e+01	2.746167e+03	4.613993e+02	4.626675e+02	7.933812e+01	4.407123e+01	1.771236e+02
619	1.878604e+01	2.733292e+03	4.631118e+02	4.640012e+02	7.993233e+01	4.353852e+01	1.739644e+02
620	1.881639e+01	2.718452e+03	4.647795e+02	4.654033e+02	7.922674e+01	4.368779e+01	1.706829e+02
621	1.884674e+01	2.720076e+03	4.665973e+02	4.665856e+02	7.928422e+01	4.368220e+01	1.670465e+02
622	1.887709e+01	2.741058e+03	4.682950e+02	4.674999e+02	7.984613e+01	4.370937e+01	1.650185e+02
623	1.890744e+01	2.720038e+03	4.699817e+02	4.686425e+02	7.935364e+01	4.364337e+01	1.621595e+02
624	1.893778e+01	2.781503e+03	4.715272e+02	4.694960e+02	7.998315e+01	4.427832e+01	1.585659e+02
625	1.896813e+01	2.760687e+03	4.735563e+02	4.705099e+02	8.018498e+01	4.383634e+01	1.572399e+02
626	1.899848e+01	2.771405e+03	4.754540e+02	4.713024e+02	7.959784e+01	4.433114e+01	1.544319e+02
627	1.902883e+01	2.737449e+03	4.774851e+02	4.719444e+02	7.946465e+01	4.386137e+01	1.513905e+02
628	1.905918e+01	2.744026e+03	4.795734e+02	4.720917e+02	8.015476e+01	4.358821e+01	1.478900e+02
629	1.908953e+01	2.738171e+03	4.816685e+02	4.725508e+02	8.013061e+01	4.350832e+01	1.455061e+02
630	1.911988e+01	2.734957e+03	4.836464e+02	4.730096e+02	7.982725e+01	4.362239e+01	1.427658e+02
631	1.915023e+01	2.748254e+03	4.855793e+02	4.734604e+02	8.032743e+01	4.356153e+01	1.403491e+02
632	1.918058e+01	2.745554e+03	4.876119e+02	4.737083e+02	8.031618e+01	4.352483e+01	1.373024e+02
633	1.921093e+01	2.721003e+03	4.898165e+02	4.739353e+02	7.988129e+01	4.337046e+01	1.347773e+02
634	1.924127e+01	2.714338e+03	4.919045e+02	4.742571e+02	8.011610e+01	4.313744e+01	1.315536e+02
635	1.927162e+01	2.726963e+03	4.937437e+02	4.740329e+02	8.043327e+01	4.316718e+01	1.296358e+02
636	1.930197e+01	2.730965e+03	4.957132e+02	4.741682e+02	8.011219e+01	4.340378e+01	1.266167e+02
637	1.933232e+01	2.741174e+03	4.975786e+02	4.737903e+02	8.077370e+01	4.320925e+01	1.234547e+02
638	1.936267e+01	2.731251e+03	4.998545e+02	4.734775e+02	8.067009e+01	4.310814e+01	1.205755e+02
639	1.939302e+01	2.735534e+03	5.021181e+02	4.731727e+02	8.100437e+01	4.299755e+01	1.178127e+02
640	1.942337e+01	2.730037e+03	5.038541e+02	4.723624e+02	8.083285e+01	4.300220e+01	1.150758e+02
641	1.945372e+01	2.733685e+03	5.058439e+02	4.718122e+02	8.107984e+01	4.292849e+01	1.124250e+02
642	1.948407e+01	2.729332e+03	5.076995e+02	4.711063e+02	8.104439e+01	4.287889e+01	1.095049e+02
643	1.951442e+01	2.732653e+03	5.095843e+02	4.704122e+02	8.140915e+01	4.273871e+01	1.071312e+02
644	1.954476e+01	2.759876e+03	5.111807e+02	4.695555e+02	8.212226e+01	4.278965e+01	1.038923e+02
645	1.957511e+01	2.735202e+03	5.129728e+02	4.684762e+02	8.147115e+01	4.274603e+01	1.012446e+02
646	1.960546e+01	2.731368e+03	5.148624e+02	4.673201e+02	8.160648e+01	4.261532e+01	9.844279e+01
647	1.963581e+01	2.729756e+03	5.166852e+02	4.660732e+02	8.163602e+01	4.257475e+01	9.617961e+01
648	1.966616e+01	2.740363e+03	5.182645e+02	4.648161e+02	8.210477e+01	4.249617e+01	9.367803e+01
649	1.969651e+01	2.740686e+03	5.199052e+02	4.635115e+02	8.142441e+01	4.285631e+01	9.147816e+01
650	1.972686e+01	2.746109e+03	5.214796e+02	4.622266e+02	8.161262e+01	4.284208e+01	8.900105e+01
651	1.975721e+01	2.751356e+03	5.229551e+02	4.607933e+02	8.200935e+01	4.271629e+01	8.637994e+01
652	1.978756e+01	2.738318e+03	5.242880e+02	4.593746e+02	8.124064e+01	4.291614e+01	8.410412e+01
653	1.981791e+01	2.752661e+03	5.255993e+02	4.577426e+02	8.194521e+01	4.277000e+01	8.163699e+01
654	1.984825e+01	2.757976e+03	5.271078e+02	4.561116e+02	8.179368e+01	4.293197e+01	7.941856e+01
655	1.987860e+01	2.743569e+03	5.281683e+02	4.545620e+02	8.128566e+01	4.297462e+01	7.692088e+01
656	1.990895e+01	2.747062e+03	5.295698e+02	4.528988e+02	8.137077e+01	4.298434e+01	7.426095e+01
657	1.993930e+01	2.748235e+03	5.307487e+02	4.511891e+02	8.135048e+01	4.301340e+01	7.194975e+01
658	1.996965e+01	2.766300e+03	5.316494e+02	4.494255e+02	8.138911e+01	4.327560e+01	6.950820e+01
659	2.000000e+01	2.775525e+03	5.325992e+02	4.474058e+02	8.152302e+01	4.334860e+01	6.707451e+01
660	2.003035e+01	2.755039e+03	5.333700e+02	4.454669e+02	8.133298e+01	4.312918e+01	6.505518e+01
661	2.006070e+01	2.754447e+03	5.343226e+02	4.436455e+02	8.100397e+01	4.329504e+01	6.206748e+01
662	2.009105e+01	2.756333e+03	5.350374e+02	4.416775e+02	8.083234e+01	4.341668e+01	5.939054e+01
663	2.012140e+01	2.763753e+03	5.357314e+02	4.398133e+02	8.075710e+01	4.357412e+01	5.716192e+01
664	2.015175e+01	2.772882e+03	5.363474e+02	4.378930e+02	8.096999e+01	4.360310e+01	5.425482e+01
665	2.018209e+01	2.760841e+03	5.368650e+02	4.360511e+02	8.073431e+01	4.354050e+01	5.233333e+01
666	2.021244e+01	2.766105e+03	5.374008e+02	4.340031e+02	8.062503e+01	4.368264e+01	4.958017e+01
667	2.024279e+01	2.779427e+03	5.380004e+02	4.324153e+02	8.068300e+01	4.386150e+01	4.764409e+01
668	2.027314e+01	2.766023e+03	5.385390e+02	4.307379e+02	8.050595e+01	4.374595e+01	4.534094e+01
669	2.030349e+01	2.770175e+03	5.388397e+02	4.288840e+02	8.039968e+01	4.386954e+01	4.300007e+01
670	2.033384e+01	2.766404e+03	5.389965e+02	4.269753e+02	8.050075e+01	4.375480e+01	4.058356e+01
671	2.036419e+01	2.784345e+03	5.388573e+02	4.251647e+02	8.041589e+01	4.408504e+01	3.849551e+01
672	2.039454e+01	2.804332e+03	5.387283e+02	4.232017e+02	8.038788e+01	4.441697e+01	3.583673e+01
673	2.042489e+01	2.787925e+03	5.387141e+02	4.212538e+02	8.060408e+01	4.403867e+01	3.321318e+01
674	2.045524e+01	2.807154e+03	5.383571e+02	4.194157e+02	8.059672e+01	4.434646e+01	3.173547e+01
675	2.048558e+01	2.804392e+03	5.380767e+02	4.174932e+02	8.077039e+01	4.420757e+01	2.859840e+01
676	2.051593e+01	2.800594e+03	5.377494e+02	4.153710e+02	8.056796e+01	4.425863e+01	2.597672e+01
677	2.054628e+01	2.837299e+03	5.371838e+02	4.133735e+02	7.989871e+01	4.521426e+01	2.369128e+01
678	2.057663e+01	2.795559e+03	5.371051e+02	4.114128e+02	8.048966e+01	4.422203e+01	2.079386e+01
679	2.060698e+01	2.810230e+03	5.363965e+02	4.095876e+02	8.059123e+01	4.439809e+01	1.863328e+01
680	2.063733e+01	2.805443e+03	5.355717e+02	4.078154e+02	8.041704e+01	4.441846e+01	1.677274e+01
681	2.066768e+01	2.798268e+03	5.347592e+02	4.057968e+02	8.045707e+01	4.428281e+01	1.329126e+01
682	2.069803e+01	2.814126e+03	5.337454e+02	4.041344e+02	7.995895e+01	4.481120e+01	1.162722e+01
683	2.072838e+01	2.793250e+03	5.330671e+02	4.021918e+02	8.012077e+01	4.438895e+01	8.461378e+00
684	2.075873e+01	2.786746e+03	5.320211e+02	4.006326e+02	8.039402e+01	4.413507e+01	5.688190e+00
685	2.078907e+01	2.790525e+03	5.307621e+02	3.990574e+02	8.017879e+01	4.431355e+01	2.468691e+00
686	2.081942e+01	2.785681e+03	5.294151e+02	3.974908e+02	8.075350e+01	4.392180e+01	1.799189e+02
687	2.084977e+01	2.818030e+03	5.280215e+02	3.961291e+02	8.054092e+01	4.454913e+01	1.777281e+02
688	2.088012e+01	2.799227e+03	5.269005e+02	3.942906e+02	8.045618e+01	4.429849e+01	1.744719e+02
689	2.091047e+01	2.815686e+03	5.252862e+02	3.930530e+02	8.028741e+01	4.465261e+01	1.715392e+02
690	2.094082e+01	2.794009e+03	5.238995e+02	3.917807e+02	8.040774e+01	4.424255e+01	1.687930e+02
691	2.097117e+01	2.799738e+03	5.223275e+02	3.906913e+02	8.001614e+01	4.455022e+01	1.660309e+02
692	2.100152e+01	2.808641e+03	5.203793e+02	3.898971e+02	7.935270e+01	4.506554e+01	1.630303e+02
693	2.103187e+01	2.790664e+03	5.185797e+02	3.885860e+02	7.963929e+01	4.461597e+01	1.604047e+02
694	2.106222e+01	2.781587e+03	5.172220e+02	3.877278e+02	7.997622e+01	4.428350e+01	1.575554e+02
695	2.109256e+01	2.793852e+03	5.152291e+02	3.867110e+02	8.022968e+01	4.433824e+01	1.541030e+02
696	2.112291e+01	2.774043e+03	5.136493e+02	3.860962e+02	8.000023e+01	4.415015e+01	1.516710e+02
697	2.115326e+01	2.800431e+03	5.118585e+02	3.856919e+02	7.972794e+01	4.472233e+01	1.490469e+02
698	2.118361e+01	2.776327e+03	5.101966e+02	3.850739e+02	8.021715e+01	4.406701e+01	1.458453e+02
699	2.121396e+01	2.791461e+03	5.081291e+02	3.847623e+02	7.996994e+01	4.444418e+01	1.425724e+02
700	2.124431e+01	2.775286e+03	5.064179e+02	3.842627e+02	8.016057e+01	4.408157e+01	1.401875e+02
701	2.127466e+01	2.753696e+03	5.046487e+02	3.838763e+02	7.999520e+01	4.382907e+01	1.376102e+02
702	2.130501e+01	2.747952e+03	5.028188e+02	3.834487e+02	7.972592e+01	4.388536e+01	1.350142e+02
703	2.133536e+01	2.742284e+03	5.008594e+02	3.833672e+02	7.978031e+01	4.376498e+01	1.320353e+02
704	2.136571e+01	2.754418e+03	4.985695e+02	3.833380e+02	8.027528e+01	4.368760e+01	1.291765e+02
705	2.139605e+01	2.723925e+03	4.966428e+02	3.835850e+02	7.978843e+01	4.346758e+01	1.262999e+02
706	2.142640e+01	2.739696e+03	4.945880e+02	3.838459e+02	7.993339e+01	4.363995e+01	1.232726e+02
707	2.145675e+01	2.731275e+03	4.924471e+02	3.840458e+02	8.022636e+01	4.334694e+01	1.205871e+02
708	2.148710e+01	2.746281e+03	4.902259e+02	3.842267e+02	8.088276e+01	4.323138e+01	1.175495e+02
709	2.151745e+01	2.701918e+03	4.887891e+02	3.848829e+02	7.993270e+01	4.303856e+01	1.158017e+02
710	2.154780e+01	2.734736e+03	4.864784e+02	3.855444e+02	8.037066e+01	4.332395e+01	1.126445e+02
711	2.157815e+01	2.696709e+03	4.845298e+02	3.861736e+02	7.974239e+01	4.305811e+01	1.102031e+02
712	2.160850e+01	2.706446e+03	4.827019e+02	3.871107e+02	8.002176e+01	4.306271e+01	1.074976e+02
713	2.163885e+01	2.696718e+03	4.808400e+02	3.879325e+02	7.983547e+01	4.300804e+01	1.048072e+02
714	2.166920e+01	2.714880e+03	4.789887e+02	3.888963e+02	8.046335e+01	4.295984e+01	1.025637e+02
715	2.169954e+01	2.696177e+03	4.772916e+02	3.899303e+02	8.012794e+01	4.284247e+01	9.981565e+01
716	2.172989e+01	2.708479e+03	4.754983e+02	3.911093e+02	8.036033e+01	4.291349e+01	9.732848e+01
717	2.176024e+01	2.695347e+03	4.737804e+02	3.923303e+02	8.012388e+01	4.283146e+01	9.481013e+01
718	2.179059e+01	2.714187e+03	4.719604e+02	3.936600e+02	8.083733e+01	4.275018e+01	9.205403e+01
719	2.182094e+01	2.702088e+03	4.704514e+02	3.951971e+02	8.033376e+01	4.282639e+01	8.945541e+01
720	2.185129e+01	2.702268e+03	4.690081e+02	3.967435e+02	8.053101e+01	4.272435e+01	8.698871e+01
721	2.188164e+01	2.711170e+03	4.674476e+02	3.983902e+02	8.058410e+01	4.283686e+01	8.471275e+01
722	2.191199e+01	2.704300e+03	4.663603e+02	4.001527e+02	8.046632e+01	4.279084e+01	8.158876e+01
723	2.194234e+01	2.712016e+03	4.647005e+02	4.018846e+02	8.095711e+01	4.265279e+01	7.948869e+01
724	2.197269e+01	2.708202e+03	4.637302e+02	4.035509e+02	8.055038e+01	4.280786e+01	7.656065e+01
725	2.200303e+01	2.713507e+03	4.623438e+02	4.054279e+02	8.019659e+01	4.308094e+01	7.418461e+01
726	2.203338e+01	2.719729e+03	4.613394e+02	4.074207e+02	8.053663e+01	4.299741e+01	7.177537e+01
727	2.206373e+01	2.715232e+03	4.604796e+02	4.093896e+02	8.039080e+01	4.300418e+01	6.905763e+01
728	2.209408e+01	2.701991e+03	4.596936e+02	4.114497e+02	8.016602e+01	4.291446e+01	6.659230e+01
729	2.212443e+01	2.712050e+03	4.589623e+02	4.135768e+02	8.020932e+01	4.305097e+01	6.402761e+01
730	2.215478e+01	2.722429e+03	4.582476e+02	4.156383e+02	8.013960e+01	4.325333e+01	6.141084e+01
731	2.218513e+01	2.734616e+03	4.576018e+02	4.179091e+02	8.053443e+01	4.323395e+01	5.884306e+01
732	2.221548e+01	2.734859e+03	4.571137e+02	4.199226e+02	8.025709e+01	4.338721e+01	5.636472e+01
733	2.224583e+01	2.733915e+03	4.566906e+02	4.220052e+02	8.013051e+01	4.344075e+01	5.428346e+01
734	2.227618e+01	2.732226e+03	4.566067e+02	4.242951e+02	7.991618e+01	4.353033e+01	5.114154e+01
735	2.230653e+01	2.737202e+03	4.565186e+02	4.264679e+02	7.997263e+01	4.357882e+01	4.821257e+01
736	2.233687e+01	2.762499e+03	4.565686e+02	4.286524e+02	8.044269e+01	4.372458e+01	4.521480e+01
737	2.236722e+01	2.730957e+03	4.564677e+02	4.309860e+02	7.999863e+01	4.346527e+01	4.292375e+01
738	2.239757e+01	2.749820e+03	4.567444e+02	4.331225e+02	8.009344e+01	4.371368e+01	3.988136e+01
739	2.242792e+01	2.745104e+03	4.572673e+02	4.352008e+02	7.999547e+01	4.369216e+01	3.677520e+01
740	2.245827e+01	2.803925e+03	4.569938e+02	4.380192e+02	8.158699e+01	4.375782e+01	3.558488e+01
741	2.248862e+01	2.776316e+03	4.579164e+02	4.397325e+02	8.052354e+01	4.389915e+01	3.197022e+01
742	2.251897e+01	2.778035e+03	4.584882e+02	4.419082e+02	8.059144e+01	4.388932e+01	2.915820e+01
743	2.254932e+01	2.763428e+03	4.592597e+02	4.440372e+02	8.039802e+01	4.376358e+01	2.593691e+01
744	2.257967e+01	2.749544e+03	4.600279e+02	4.458796e+02	8.007362e+01	4.372012e+01	2.297034e+01
745	2.261002e+01	2.756733e+03	4.608401e+02	4.479827e+02	8.027493e+01	4.372450e+01	2.016750e+01
746	2.264036e+01	2.862215e+03	4.609438e+02	4.502257e+02	7.964842e+01	4.575465e+01	2.048661e+01
747	2.267071e+01	2.756978e+03	4.627020e+02	4.519776e+02	8.008469e+01	4.383226e+01	1.503477e+01
748	2.270106e+01	2.758008e+03	4.638848e+02	4.536961e+02	7.996162e+01	4.391613e+01	1.236528e+01
749	2.273141e+01	2.753423e+03	4.651169e+02	4.554217e+02	8.025263e+01	4.368413e+01	9.597255e+00
750	2.276176e+01	2.753319e+03	4.661060e+02	4.575467e+02	7.993192e+01	4.385775e+01	6.673714e+00
751	2.279211e+01	2.736379e+03	4.675862e+02	4.592233e+02	7.991635e+01	4.359641e+01	3.912728e+00
752	2.282246e+01	2.726118e+03	4.690208e+02	4.609123e+02	7.909301e+01	4.388506e+01	6.895847e-01
753	2.285281e+01	2.737721e+03	4.704745e+02	4.625534e+02	7.960135e+01	4.379039e+01	1.784541e+02
754	2.288316e+01	2.744805e+03	4.716758e+02	4.640608e+02	7.909415e+01	4.418524e+01	1.759937e+02
755	2.291351e+01	2.741514e+03	4.731810e+02	4.654570e+02	7.919629e+01	4.407535e+01	1.728455e+02
756	2.294385e+01	2.740929e+03	4.748623e+02	4.668406e+02	7.937312e+01	4.396776e+01	1.706926e+02
757	2.297420e+01	2.759889e+03	4.766094e+02	4.679601e+02	7.967134e+01	4.410620e+01	1.679537e+02
758	2.300455e+01	2.752549e+03	4.782950e+02	4.693653e+02	7.974271e+01	4.394952e+01	1.651407e+02
759	2.303490e+01	2.774028e+03	4.800428e+02	4.705116e+02	7.997224e+01	4.416535e+01	1.628773e+02
760	2.306525e+01	2.746811e+03	4.819992e+02	4.716027e+02	7.991827e+01	4.376156e+01	1.600536e+02
761	2.309560e+01	2.779517e+03	4.837326e+02	4.726068e+02	8.040068e+01	4.401693e+01	1.568300e+02
762	2.312595e+01	2.756051e+03	4.857273e+02	4.729698e+02	8.026681e+01	4.371810e+01	1.532551e+02
763	2.315630e+01	2.745878e+03	4.879092e+02	4.736559e+02	8.006577e+01	4.366610e+01	1.510336e+02
764	2.318665e+01	2.742196e+03	4.900066e+02	4.745160e+02	7.998264e+01	4.365287e+01	1.479424e+02
765	2.321700e+01	2.745963e+03	4.919746e+02	4.749359e+02	8.030450e+01	4.353765e+01	1.454161e+02
766	2.324734e+01	2.752369e+03	4.938495e+02	4.753665e+02	8.042451e+01	4.357409e+01	1.426904e+02
767	2.327769e+01	2.755388e+03	4.959328e+02	4.758793e+02	8.044399e+01	4.361133e+01	1.402807e+02
768	2.330804e+01	2.736860e+03	4.980064e+02	4.763607e+02	8.002708e+01	4.354373e+01	1.372893e+02
769	2.333839e+01	2.752048e+03	4.999605e+02	4.764248e+02	8.050960e+01	4.352297e+01	1.348328e+02
770	2.336874e+01	2.750252e+03	5.020213e+02	4.766007e+02	8.056593e+01	4.346414e+01	1.321376e+02
771	2.339909e+01	2.772480e+03	5.038219e+02	4.770576e+02	7.981197e+01	4.422934e+01	1.291975e+02
772	2.342944e+01	2.745911e+03	5.059175e+02	4.766656e+02	8.078960e+01	4.327541e+01	1.262613e+02
773	2.345979e+01	2.742315e+03	5.081370e+02	4.764363e+02	8.055293e+01	4.334571e+01	1.236508e+02
774	2.349014e+01	2.737112e+03	5.101176e+02	4.762074e+02	8.065272e+01	4.320995e+01	1.209514e+02
775	2.352049e+01	2.750549e+03	5.122441e+02	4.757975e+02	8.091973e+01	4.327879e+01	1.182457e+02
776	2.355083e+01	2.729674e+03	5.143626e+02	4.753977e+02	8.079607e+01	4.301606e+01	1.163310e+02
777	2.358118e+01	2.751135e+03	5.162800e+02	4.748938e+02	8.112449e+01	4.317875e+01	1.136990e+02
778	2.361153e+01	2.740572e+03	5.184771e+02	4.744662e+02	8.134717e+01	4.289522e+01	1.113046e+02
779	2.364188e+01	2.747671e+03	5.204183e+02	4.738387e+02	8.123365e+01	4.306643e+01	1.084528e+02
780	2.367223e+01	2.738535e+03	5.222984e+02	4.732949e+02	8.128183e+01	4.289779e+01	1.063256e+02
781	2.370258e+01	2.749059e+03	5.243501e+02	4.724254e+02	8.180833e+01	4.278550e+01	1.037189e+02
782	2.373293e+01	2.761929e+03	5.263014e+02	4.714721e+02	8.185694e+01	4.296028e+01	1.014394e+02
783	2.376328e+01	2.743338e+03	5.281442e+02	4.706549e+02	8.150050e+01	4.285773e+01	9.912981e+01
784	2.379363e+01	2.745223e+03	5.298817e+02	4.696602e+02	8.142864e+01	4.292502e+01	9.671911e+01
785	2.382398e+01	2.751309e+03	5.316168e+02	4.686785e+02	8.143603e+01	4.301628e+01	9.408897e+01
786	2.385432e+01	2.753282e+03	5.332115e+02	4.675536e+02	8.196538e+01	4.276912e+01	9.169080e+01
787	2.388467e+01	2.728543e+03	5.349331e+02	4.660493e+02	8.167130e+01	4.253745e+01	8.943623e+01
788	2.391502e+01	2.740729e+03	5.367028e+02	4.646972e+02	8.143146e+01	4.285328e+01	8.707124e+01
789	2.394537e+01	2.739573e+03	5.380836e+02	4.633968e+02	8.139582e+01	4.285396e+01	8.475795e+01
790	2.397572e+01	2.754162e+03	5.391500e+02	4.618299e+02	8.190862e+01	4.281244e+01	8.230116e+01
791	2.400607e+01	2.745430e+03	5.405239e+02	4.604450e+02	8.149033e+01	4.289577e+01	7.968993e+01
792	2.403642e+01	2.750662e+03	5.417730e+02	4.590001e+02	8.142683e+01	4.301103e+01	7.684296e+01
793	2.406677e+01	2.754272e+03	5.429791e+02	4.575772e+02	8.169162e+01	4.292789e+01	7.465306e+01
794	2.409712e+01	2.753966e+03	5.441060e+02	4.557718e+02	8.135428e+01	4.310110e+01	7.281162e+01
795	2.412747e+01	2.758048e+03	5.451720e+02	4.539813e+02	8.145537e+01	4.311141e+01	7.010679e+01
796	2.415781e+01	2.765212e+03	5.463177e+02	4.521123e+02	8.121421e+01	4.335174e+01	6.768317e+01
797	2.418816e+01	2.775550e+03	5.472169e+02	4.502914e+02	8.132832e+01	4.345276e+01	6.541261e+01
798	2.421851e+01	2.775449e+03	5.481650e+02	4.484966e+02	8.127185e+01	4.348137e+01	6.312078e+01
799	2.424886e+01	2.783860e+03	5.490878e+02	4.466753e+02	8.135342e+01	4.356942e+01	6.060867e+01
