1	3.033981e-02	2.667593e+03	3.924330e+02	3.146317e+02	7.938068e+01	4.278730e+01	1.321865e+02
2	6.067961e-02	2.663468e+03	3.921486e+02	3.127213e+02	7.909426e+01	4.287583e+01	1.344579e+02
3	9.101942e-02	2.672153e+03	3.920566e+02	3.108419e+02	7.941360e+01	4.284267e+01	1.355129e+02
4	1.213592e-01	2.675865e+03	3.920615e+02	3.090631e+02	7.942925e+01	4.289374e+01	1.364520e+02
5	1.516990e-01	2.640566e+03	3.917440e+02	3.072221e+02	7.873434e+01	4.270148e+01	1.386244e+02
6	1.820388e-01	2.667852e+03	3.921215e+02	3.054124e+02	7.934126e+01	4.281271e+01	1.397561e+02
7	2.123786e-01	2.665522e+03	3.922526e+02	3.036575e+02	7.920619e+01	4.284826e+01	1.409984e+02
8	2.427184e-01	2.671042e+03	3.920766e+02	3.017370e+02	7.935545e+01	4.285625e+01	1.427961e+02
9	2.730583e-01	2.649077e+03	3.922841e+02	2.998705e+02	7.878995e+01	4.280888e+01	1.446088e+02
10	3.033981e-01	2.695472e+03	3.925447e+02	2.979568e+02	8.001448e+01	4.289201e+01	1.447218e+02
11	3.337379e-01	2.687070e+03	3.929927e+02	2.962367e+02	7.933543e+01	4.312429e+01	1.468511e+02
12	3.640777e-01	2.680808e+03	3.932441e+02	2.943829e+02	7.921574e+01	4.308879e+01	1.487440e+02
13	3.944175e-01	2.668183e+03	3.936618e+02	2.924811e+02	7.896030e+01	4.302460e+01	1.507961e+02
14	4.247573e-01	2.696245e+03	3.939741e+02	2.907422e+02	7.940997e+01	4.323092e+01	1.525289e+02
15	4.550971e-01	2.690018e+03	3.945669e+02	2.890421e+02	7.967041e+01	4.299008e+01	1.540000e+02
16	4.854369e-01	2.688004e+03	3.952910e+02	2.874470e+02	7.955855e+01	4.301830e+01	1.567302e+02
17	5.157767e-01	2.685484e+03	3.960938e+02	2.858140e+02	7.927430e+01	4.313206e+01	1.587084e+02
18	5.461165e-01	2.681863e+03	3.966615e+02	2.838776e+02	7.936981e+01	4.302207e+01	1.605259e+02
19	5.764563e-01	2.692216e+03	3.971515e+02	2.821880e+02	7.877013e+01	4.351695e+01	1.629366e+02
20	6.067961e-01	2.689597e+03	3.979576e+02	2.802065e+02	7.941272e+01	4.312284e+01	1.641567e+02
21	6.371359e-01	2.688393e+03	3.990323e+02	2.787907e+02	7.918649e+01	4.322668e+01	1.663711e+02
22	6.674757e-01	2.694597e+03	3.999431e+02	2.771933e+02	7.908156e+01	4.338392e+01	1.683632e+02
23	6.978155e-01	2.667991e+03	4.010696e+02	2.756805e+02	7.893113e+01	4.303741e+01	1.704534e+02
24	7.281553e-01	2.685902e+03	4.020379e+02	2.742406e+02	7.900932e+01	4.328347e+01	1.724327e+02
25	7.584951e-01	2.668270e+03	4.030565e+02	2.725275e+02	7.866505e+01	4.318750e+01	1.749195e+02
26	7.888350e-01	2.689962e+03	4.044415e+02	2.712533e+02	7.927478e+01	4.320373e+01	1.763589e+02
27	8.191748e-01	2.676067e+03	4.056031e+02	2.698116e+02	7.901804e+01	4.312021e+01	1.787629e+02
28	8.495146e-01	2.708811e+03	4.069331e+02	2.687243e+02	7.958588e+01	4.333640e+01	9.012782e-01
29	8.798544e-01	2.697500e+03	4.082777e+02	2.675058e+02	7.945774e+01	4.322503e+01	3.385638e+00
30	9.101942e-01	2.681160e+03	4.096112e+02	2.663043e+02	7.901661e+01	4.320306e+01	5.178396e+00
31	9.405340e-01	2.677534e+03	4.108759e+02	2.651982e+02	7.913869e+01	4.307808e+01	7.429347e+00
32	9.708738e-01	2.701911e+03	4.123746e+02	2.639583e+02	7.953703e+01	4.325256e+01	9.225637e+00
33	1.001214e+00	2.687452e+03	4.139707e+02	2.627405e+02	7.901616e+01	4.330469e+01	1.121644e+01
34	1.031553e+00	2.703330e+03	4.155864e+02	2.618142e+02	7.950867e+01	4.329070e+01	1.373378e+01
35	1.061893e+00	2.723717e+03	4.169442e+02	2.612766e+02	7.969901e+01	4.351302e+01	1.718684e+01
36	1.092233e+00	2.705492e+03	4.186619e+02	2.603884e+02	7.979723e+01	4.316866e+01	1.860109e+01
37	1.122573e+00	2.682195e+03	4.203222e+02	2.593825e+02	7.912604e+01	4.315996e+01	2.066457e+01
38	1.152913e+00	2.711165e+03	4.218159e+02	2.585066e+02	7.906064e+01	4.366222e+01	2.263869e+01
39	1.183252e+00	2.695942e+03	4.236847e+02	2.579761e+02	7.961272e+01	4.311597e+01	2.525017e+01
40	1.213592e+00	2.693447e+03	4.254924e+02	2.574427e+02	7.975037e+01	4.300172e+01	2.780018e+01
41	1.243932e+00	2.694395e+03	4.271115e+02	2.570183e+02	7.966810e+01	4.306129e+01	3.014551e+01
42	1.274272e+00	2.681278e+03	4.289428e+02	2.565960e+02	7.960468e+01	4.288578e+01	3.271874e+01
43	1.304612e+00	2.693760e+03	4.306525e+02	2.563112e+02	7.996925e+01	4.288901e+01	3.583364e+01
44	1.334951e+00	2.706479e+03	4.327505e+02	2.560224e+02	8.002357e+01	4.306226e+01	3.746807e+01
45	1.365291e+00	2.690568e+03	4.345827e+02	2.557653e+02	7.995586e+01	4.284536e+01	4.021307e+01
46	1.395631e+00	2.689377e+03	4.366061e+02	2.557578e+02	7.973254e+01	4.294635e+01	4.153595e+01
47	1.425971e+00	2.680782e+03	4.383735e+02	2.558934e+02	7.933077e+01	4.302590e+01	4.376276e+01
48	1.456311e+00	2.686077e+03	4.401902e+02	2.558315e+02	7.958808e+01	4.297151e+01	4.606460e+01
49	1.486650e+00	2.688474e+03	4.421381e+02	2.558717e+02	8.001826e+01	4.277862e+01	4.809939e+01
50	1.516990e+00	2.690674e+03	4.439845e+02	2.561451e+02	7.974829e+01	4.295857e+01	5.021949e+01
51	1.547330e+00	2.677992e+03	4.458863e+02	2.564889e+02	7.968246e+01	4.279142e+01	5.241363e+01
52	1.577670e+00	2.684618e+03	4.477672e+02	2.567606e+02	8.033645e+01	4.254808e+01	5.469397e+01
53	1.608010e+00	2.677766e+03	4.497989e+02	2.572426e+02	8.017353e+01	4.252573e+01	5.638713e+01
54	1.638350e+00	2.692860e+03	4.515401e+02	2.577144e+02	8.017661e+01	4.276379e+01	5.847360e+01
55	1.668689e+00	2.681123e+03	4.534079e+02	2.582398e+02	8.024402e+01	4.254163e+01	6.034479e+01
56	1.699029e+00	2.680362e+03	4.552745e+02	2.588476e+02	8.005254e+01	4.263129e+01	6.212703e+01
57	1.729369e+00	2.667215e+03	4.569138e+02	2.594460e+02	7.986658e+01	4.252096e+01	6.418487e+01
58	1.759709e+00	2.688985e+03	4.588622e+02	2.602101e+02	8.025713e+01	4.265941e+01	6.622849e+01
59	1.790049e+00	2.677822e+03	4.607345e+02	2.610058e+02	8.035805e+01	4.242897e+01	6.782947e+01
60	1.820388e+00	2.676564e+03	4.623145e+02	2.618760e+02	8.021149e+01	4.248652e+01	7.002349e+01
61	1.850728e+00	2.673373e+03	4.641265e+02	2.627701e+02	8.040407e+01	4.233424e+01	7.237411e+01
62	1.881068e+00	2.687890e+03	4.658940e+02	2.638528e+02	8.068562e+01	4.241560e+01	7.433427e+01
63	1.911408e+00	2.664136e+03	4.675849e+02	2.648500e+02	8.020389e+01	4.229325e+01	7.594153e+01
64	1.941748e+00	2.674477e+03	4.690861e+02	2.659004e+02	8.049324e+01	4.230479e+01	7.749786e+01
65	1.972087e+00	2.664847e+03	4.706447e+02	2.669962e+02	8.027818e+01	4.226538e+01	7.994995e+01
66	2.002427e+00	2.677604e+03	4.722805e+02	2.682179e+02	8.035663e+01	4.242626e+01	8.134718e+01
67	2.032767e+00	2.683724e+03	4.736959e+02	2.694597e+02	8.051836e+01	4.243782e+01	8.332986e+01
68	2.063107e+00	2.688056e+03	4.752769e+02	2.706789e+02	8.031203e+01	4.261553e+01	8.533385e+01
69	2.093447e+00	2.678638e+03	4.768178e+02	2.720141e+02	8.026806e+01	4.248948e+01	8.743472e+01
70	2.123786e+00	2.688021e+03	4.781342e+02	2.733592e+02	8.044854e+01	4.254266e+01	8.938424e+01
71	2.154126e+00	2.688270e+03	4.795497e+02	2.748652e+02	8.058023e+01	4.247707e+01	9.118809e+01
72	2.184466e+00	2.693530e+03	4.807808e+02	2.762861e+02	8.019253e+01	4.276593e+01	9.359509e+01
73	2.214806e+00	2.692402e+03	4.821803e+02	2.777668e+02	8.058886e+01	4.253780e+01	9.537129e+01
74	2.245146e+00	2.687933e+03	4.833525e+02	2.793644e+02	8.067171e+01	4.242358e+01	9.734169e+01
75	2.275485e+00	2.695660e+03	4.845293e+02	2.808940e+02	8.028924e+01	4.274821e+01	9.942705e+01
76	2.305825e+00	2.718294e+03	4.854192e+02	2.825728e+02	8.114922e+01	4.265031e+01	1.012597e+02
77	2.336165e+00	2.676935e+03	4.867849e+02	2.843648e+02	7.989471e+01	4.266088e+01	1.030144e+02
78	2.366505e+00	2.696149e+03	4.877939e+02	2.860732e+02	8.020137e+01	4.280281e+01	1.051380e+02
79	2.396845e+00	2.694573e+03	4.886421e+02	2.877120e+02	7.994812e+01	4.291329e+01	1.064074e+02
80	2.427184e+00	2.689018e+03	4.896246e+02	2.893104e+02	7.996641e+01	4.281504e+01	1.080306e+02
81	2.457524e+00	2.685071e+03	4.905898e+02	2.909704e+02	7.985292e+01	4.281295e+01	1.093752e+02
82	2.487864e+00	2.697371e+03	4.914552e+02	2.927278e+02	7.974490e+01	4.306733e+01	1.110521e+02
83	2.518204e+00	2.713203e+03	4.921586e+02	2.946008e+02	7.997427e+01	4.319587e+01	1.128492e+02
84	2.548544e+00	2.684598e+03	4.928366e+02	2.962689e+02	7.939518e+01	4.305218e+01	1.147534e+02
85	2.578883e+00	2.700040e+03	4.936094e+02	2.981839e+02	7.984192e+01	4.305755e+01	1.160191e+02
86	2.609223e+00	2.704981e+03	4.942529e+02	3.000302e+02	7.935514e+01	4.340096e+01	1.172928e+02
87	2.639563e+00	2.702779e+03	4.949061e+02	3.018272e+02	7.946938e+01	4.330328e+01	1.193183e+02
88	2.669903e+00	2.702967e+03	4.955646e+02	3.036817e+02	7.934811e+01	4.337248e+01	1.210402e+02
89	2.700243e+00	2.690277e+03	4.962710e+02	3.054991e+02	7.935682e+01	4.316412e+01	1.217911e+02
90	2.730583e+00	2.700000e+03	4.966363e+02	3.073253e+02	7.927856e+01	4.336288e+01	1.235041e+02
91	2.760922e+00	2.691789e+03	4.972083e+02	3.093262e+02	7.876514e+01	4.351280e+01	1.251830e+02
92	2.791262e+00	2.703982e+03	4.980001e+02	3.111825e+02	7.926456e+01	4.343450e+01	1.265073e+02
93	2.821602e+00	2.712011e+03	4.984349e+02	3.131019e+02	7.943387e+01	4.347062e+01	1.274158e+02
94	2.851942e+00	2.705591e+03	4.988017e+02	3.148855e+02	7.903549e+01	4.358630e+01	1.282047e+02
95	2.882282e+00	2.721846e+03	4.992440e+02	3.170257e+02	7.951868e+01	4.358174e+01	1.292685e+02
96	2.912621e+00	2.744997e+03	4.994253e+02	3.187733e+02	7.990556e+01	4.373963e+01	1.309480e+02
97	2.942961e+00	2.709474e+03	4.998958e+02	3.206881e+02	7.949979e+01	4.339396e+01	1.325953e+02
98	2.973301e+00	2.724285e+03	5.002007e+02	3.226633e+02	7.953179e+01	4.361359e+01	1.341864e+02
99	3.003641e+00	2.715877e+03	5.000940e+02	3.243330e+02	7.936932e+01	4.356800e+01	1.354765e+02
100	3.033981e+00	2.720071e+03	5.003462e+02	3.262866e+02	7.934313e+01	4.364968e+01	1.368170e+02
101	3.064320e+00	2.726392e+03	5.003450e+02	3.282732e+02	7.957053e+01	4.362608e+01	1.388692e+02
102	3.094660e+00	2.727511e+03	5.000384e+02	3.299021e+02	7.931469e+01	4.378476e+01	1.402519e+02
103	3.125000e+00	2.735529e+03	5.000892e+02	3.319823e+02	7.983489e+01	4.362734e+01	1.420916e+02
104	3.155340e+00	2.727132e+03	5.000412e+02	3.339037e+02	7.922620e+01	4.382758e+01	1.433958e+02
105	3.185680e+00	2.722664e+03	4.998982e+02	3.355279e+02	7.954061e+01	4.358281e+01	1.452083e+02
106	3.216019e+00	2.730845e+03	4.998794e+02	3.374982e+02	7.975401e+01	4.359679e+01	1.467844e+02
107	3.246359e+00	2.723141e+03	4.995493e+02	3.393479e+02	7.924377e+01	4.375374e+01	1.486731e+02
108	3.276699e+00	2.736445e+03	4.991038e+02	3.412108e+02	7.965165e+01	4.374234e+01	1.509559e+02
109	3.307039e+00	2.744635e+03	4.987597e+02	3.431765e+02	7.985203e+01	4.376316e+01	1.531411e+02
110	3.337379e+00	2.758492e+03	4.982200e+02	3.450993e+02	7.985388e+01	4.398310e+01	1.550430e+02
111	3.367718e+00	2.737232e+03	4.977635e+02	3.467171e+02	7.969183e+01	4.373286e+01	1.562300e+02
112	3.398058e+00	2.744371e+03	4.972716e+02	3.485355e+02	7.983260e+01	4.376961e+01	1.583757e+02
113	3.428398e+00	2.749555e+03	4.964870e+02	3.501785e+02	7.952547e+01	4.402164e+01	1.600498e+02
114	3.458738e+00	2.751651e+03	4.961680e+02	3.520700e+02	8.010233e+01	4.373793e+01	1.612750e+02
115	3.489078e+00	2.734361e+03	4.955605e+02	3.537804e+02	8.001099e+01	4.351272e+01	1.635049e+02
116	3.519417e+00	2.726011e+03	4.948199e+02	3.555633e+02	7.965825e+01	4.357195e+01	1.655914e+02
117	3.549757e+00	2.737832e+03	4.941289e+02	3.574736e+02	8.017925e+01	4.347653e+01	1.673022e+02
118	3.580097e+00	2.770371e+03	4.931134e+02	3.592068e+02	8.052330e+01	4.380529e+01	1.698858e+02
119	3.610437e+00	2.735623e+03	4.920100e+02	3.603550e+02	7.960044e+01	4.375734e+01	1.711662e+02
120	3.640777e+00	2.766968e+03	4.908459e+02	3.615747e+02	8.075140e+01	4.362790e+01	1.720247e+02
121	3.671117e+00	2.722662e+03	4.900204e+02	3.632431e+02	7.963856e+01	4.352918e+01	1.746635e+02
122	3.701456e+00	2.752403e+03	4.887863e+02	3.649458e+02	7.989375e+01	4.386410e+01	1.765725e+02
123	3.731796e+00	2.725728e+03	4.876065e+02	3.661265e+02	7.973540e+01	4.352527e+01	1.779349e+02
124	3.762136e+00	2.724227e+03	4.865304e+02	3.676266e+02	7.970758e+01	4.351648e+01	1.795775e+02
125	3.792476e+00	2.717148e+03	4.854611e+02	3.691888e+02	7.946514e+01	4.353582e+01	1.143947e+00
126	3.822816e+00	2.743118e+03	4.841311e+02	3.706702e+02	7.954082e+01	4.391011e+01	3.301069e+00
127	3.853155e+00	2.735572e+03	4.829878e+02	3.718456e+02	7.966182e+01	4.372281e+01	4.949791e+00
128	3.883495e+00	2.746429e+03	4.815751e+02	3.730336e+02	7.943299e+01	4.402279e+01	6.018561e+00
129	3.913835e+00	2.780782e+03	4.800892e+02	3.741938e+02	7.871422e+01	4.498046e+01	8.917130e+00
130	3.944175e+00	2.770657e+03	4.784605e+02	3.755132e+02	7.878267e+01	4.477774e+01	1.096413e+01
131	3.974515e+00	2.738521e+03	4.773524e+02	3.766547e+02	7.971898e+01	4.373855e+01	1.309946e+01
132	4.004854e+00	2.755414e+03	4.755226e+02	3.775908e+02	7.867621e+01	4.459165e+01	1.523298e+01
133	4.035194e+00	2.739394e+03	4.741235e+02	3.784819e+02	7.894015e+01	4.418417e+01	1.689740e+01
134	4.065534e+00	2.758841e+03	4.725539e+02	3.794742e+02	7.923495e+01	4.433227e+01	1.948322e+01
135	4.095874e+00	2.730673e+03	4.708823e+02	3.802135e+02	7.925367e+01	4.386927e+01	2.137374e+01
136	4.126214e+00	2.749068e+03	4.691757e+02	3.815736e+02	8.027990e+01	4.360023e+01	2.435858e+01
137	4.156553e+00	2.736934e+03	4.677360e+02	3.820828e+02	7.993108e+01	4.359721e+01	2.594288e+01
138	4.186893e+00	2.718913e+03	4.660110e+02	3.827674e+02	7.947906e+01	4.355648e+01	2.732674e+01
139	4.217233e+00	2.721557e+03	4.643342e+02	3.833595e+02	7.987827e+01	4.338093e+01	2.877575e+01
140	4.247573e+00	2.724337e+03	4.627213e+02	3.839752e+02	7.998460e+01	4.336753e+01	3.095689e+01
141	4.277913e+00	2.718842e+03	4.611923e+02	3.845359e+02	7.979885e+01	4.338079e+01	3.338958e+01
142	4.308252e+00	2.700132e+03	4.594289e+02	3.852123e+02	7.942738e+01	4.328375e+01	3.613174e+01
143	4.338592e+00	2.702555e+03	4.576548e+02	3.856997e+02	7.953922e+01	4.326168e+01	3.802634e+01
144	4.368932e+00	2.709316e+03	4.559347e+02	3.859072e+02	7.993195e+01	4.315682e+01	4.121177e+01
145	4.399272e+00	2.699494e+03	4.543424e+02	3.859487e+02	7.999471e+01	4.296663e+01	4.291799e+01
146	4.429612e+00	2.697870e+03	4.524719e+02	3.859224e+02	7.979869e+01	4.304625e+01	4.582920e+01
147	4.459951e+00	2.694909e+03	4.506866e+02	3.859922e+02	7.964143e+01	4.308392e+01	4.809702e+01
148	4.490291e+00	2.696347e+03	4.488444e+02	3.858702e+02	7.996526e+01	4.293235e+01	5.015377e+01
149	4.520631e+00	2.705468e+03	4.468425e+02	3.858238e+02	7.982955e+01	4.315080e+01	5.271623e+01
150	4.550971e+00	2.688491e+03	4.452371e+02	3.856454e+02	7.999628e+01	4.279065e+01	5.465099e+01
151	4.581311e+00	2.683875e+03	4.434559e+02	3.852307e+02	8.014092e+01	4.264009e+01	5.693659e+01
152	4.611650e+00	2.692791e+03	4.415972e+02	3.849305e+02	8.032731e+01	4.268246e+01	5.900233e+01
153	4.641990e+00	2.696870e+03	4.399849e+02	3.843282e+02	8.060278e+01	4.260104e+01	6.138911e+01
154	4.672330e+00	2.689585e+03	4.381273e+02	3.838485e+02	8.034133e+01	4.262421e+01	6.347164e+01
155	4.702670e+00	2.676502e+03	4.364162e+02	3.832789e+02	8.026569e+01	4.245684e+01	6.608818e+01
156	4.733010e+00	2.676175e+03	4.347076e+02	3.825394e+02	8.031578e+01	4.242519e+01	6.783759e+01
157	4.763350e+00	2.666261e+03	4.329966e+02	3.818103e+02	8.013929e+01	4.236111e+01	6.983914e+01
158	4.793689e+00	2.677637e+03	4.313198e+02	3.811218e+02	8.065472e+01	4.226997e+01	7.153587e+01
159	4.824029e+00	2.677131e+03	4.296577e+02	3.804711e+02	8.039423e+01	4.239894e+01	7.245189e+01
160	4.854369e+00	2.666604e+03	4.282216e+02	3.796177e+02	8.064801e+01	4.209932e+01	7.462429e+01
161	4.884709e+00	2.672883e+03	4.266938e+02	3.786022e+02	8.083844e+01	4.209903e+01	7.754668e+01
162	4.915049e+00	2.661844e+03	4.252463e+02	3.775945e+02	8.056480e+01	4.206757e+01	7.936684e+01
163	4.945388e+00	2.666602e+03	4.237763e+02	3.764057e+02	8.052653e+01	4.216279e+01	8.174851e+01
164	4.975728e+00	2.661093e+03	4.227609e+02	3.751213e+02	8.074067e+01	4.196408e+01	8.368105e+01
165	5.006068e+00	2.663865e+03	4.213693e+02	3.738593e+02	8.083672e+01	4.195790e+01	8.593900e+01
166	5.036408e+00	2.653358e+03	4.202155e+02	3.725714e+02	8.055624e+01	4.193791e+01	8.834772e+01
167	5.066748e+00	2.662687e+03	4.189771e+02	3.711388e+02	8.052177e+01	4.210339e+01	9.045000e+01
168	5.097087e+00	2.655243e+03	4.178111e+02	3.699183e+02	8.040189e+01	4.204827e+01	9.249419e+01
169	5.127427e+00	2.663317e+03	4.166581e+02	3.684834e+02	8.043692e+01	4.215777e+01	9.485259e+01
170	5.157767e+00	2.652858e+03	4.157027e+02	3.669857e+02	8.038480e+01	4.201943e+01	9.686211e+01
171	5.188107e+00	2.654037e+03	4.148783e+02	3.654580e+02	8.027715e+01	4.209448e+01	9.917416e+01
172	5.218447e+00	2.664011e+03	4.137214e+02	3.638828e+02	8.045696e+01	4.215824e+01	1.010623e+02
173	5.248786e+00	2.652102e+03	4.128634e+02	3.622793e+02	8.049758e+01	4.194860e+01	1.030200e+02
174	5.279126e+00	2.667254e+03	4.122372e+02	3.607308e+02	8.032485e+01	4.227898e+01	1.052199e+02
175	5.309466e+00	2.654900e+03	4.115436e+02	3.592095e+02	8.018789e+01	4.215504e+01	1.077018e+02
176	5.339806e+00	2.655411e+03	4.108846e+02	3.575490e+02	7.993504e+01	4.229653e+01	1.096325e+02
177	5.370146e+00	2.655658e+03	4.101131e+02	3.558076e+02	8.008897e+01	4.221915e+01	1.114333e+02
178	5.400485e+00	2.653619e+03	4.096953e+02	3.541932e+02	7.961650e+01	4.243709e+01	1.137909e+02
179	5.430825e+00	2.659034e+03	4.090516e+02	3.523397e+02	8.004073e+01	4.229831e+01	1.161092e+02
180	5.461165e+00	2.667487e+03	4.089495e+02	3.507517e+02	7.969291e+01	4.261797e+01	1.195643e+02
181	5.491505e+00	2.655957e+03	4.088462e+02	3.488403e+02	7.938654e+01	4.259752e+01	1.228414e+02
182	5.521845e+00	2.654230e+03	4.085483e+02	3.468458e+02	7.934071e+01	4.259441e+01	1.250022e+02
183	5.552184e+00	2.663029e+03	4.084691e+02	3.451436e+02	7.942793e+01	4.268868e+01	1.269409e+02
184	5.582524e+00	2.664090e+03	4.083893e+02	3.432821e+02	7.904954e+01	4.291011e+01	1.291543e+02
185	5.612864e+00	2.696049e+03	4.080809e+02	3.412100e+02	7.997342e+01	4.292321e+01	1.316710e+02
186	5.643204e+00	2.664568e+03	4.082882e+02	3.395612e+02	7.917870e+01	4.284781e+01	1.345279e+02
187	5.673544e+00	2.667109e+03	4.083517e+02	3.377068e+02	7.924609e+01	4.285220e+01	1.367567e+02
188	5.703883e+00	2.660039e+03	4.085034e+02	3.358144e+02	7.910792e+01	4.281325e+01	1.391758e+02
189	5.734223e+00	2.665895e+03	4.089226e+02	3.340228e+02	7.920350e+01	4.285571e+01	1.410745e+02
190	5.764563e+00	2.664671e+03	4.093481e+02	3.322755e+02	7.918382e+01	4.284668e+01	1.434942e+02
191	5.794903e+00	2.675576e+03	4.096085e+02	3.304254e+02	7.944713e+01	4.287946e+01	1.457318e+02
192	5.825243e+00	2.680809e+03	4.103357e+02	3.288345e+02	7.929033e+01	4.304828e+01	1.482935e+02
193	5.855583e+00	2.674498e+03	4.108969e+02	3.269565e+02	7.932816e+01	4.292646e+01	1.504744e+02
194	5.885922e+00	2.671179e+03	4.114116e+02	3.250385e+02	7.908879e+01	4.300294e+01	1.532242e+02
195	5.916262e+00	2.676277e+03	4.121833e+02	3.235294e+02	7.950423e+01	4.285988e+01	1.551091e+02
196	5.946602e+00	2.700343e+03	4.128531e+02	3.220587e+02	7.957568e+01	4.320645e+01	1.577726e+02
197	5.976942e+00	2.680237e+03	4.136169e+02	3.200048e+02	7.959122e+01	4.287639e+01	1.594364e+02
198	6.007282e+00	2.694620e+03	4.144687e+02	3.186290e+02	7.938107e+01	4.322060e+01	1.613552e+02
199	6.037621e+00	2.670163e+03	4.153786e+02	3.168591e+02	7.916496e+01	4.294522e+01	1.635438e+02
200	6.067961e+00	2.672462e+03	4.164190e+02	3.154184e+02	7.919825e+01	4.296413e+01	1.657821e+02
201	6.098301e+00	2.666788e+03	4.174218e+02	3.136500e+02	7.892115e+01	4.302345e+01	1.678403e+02
202	6.128641e+00	2.673596e+03	4.186251e+02	3.122978e+02	7.950941e+01	4.281415e+01	1.704088e+02
203	6.158981e+00	2.683975e+03	4.197600e+02	3.107903e+02	7.930421e+01	4.309157e+01	1.722991e+02
204	6.189320e+00	2.664913e+03	4.207845e+02	3.093015e+02	7.903141e+01	4.293322e+01	1.748435e+02
205	6.219660e+00	2.667468e+03	4.218488e+02	3.079734e+02	7.901278e+01	4.298451e+01	1.768166e+02
206	6.250000e+00	2.665684e+03	4.231558e+02	3.067516e+02	7.910315e+01	4.290669e+01	1.795322e+02
207	6.280340e+00	2.677895e+03	4.245746e+02	3.055571e+02	7.897125e+01	4.317522e+01	2.094948e+00
208	6.310680e+00	2.678344e+03	4.260278e+02	3.046062e+02	7.890971e+01	4.321614e+01	4.577903e+00
209	6.341019e+00	2.685894e+03	4.276065e+02	3.035683e+02	7.927982e+01	4.313564e+01	7.183336e+00
210	6.371359e+00	2.667327e+03	4.290361e+02	3.024765e+02	7.874722e+01	4.312719e+01	1.038592e+01
211	6.401699e+00	2.690502e+03	4.306237e+02	3.017942e+02	7.913902e+01	4.328654e+01	1.264633e+01
212	6.432039e+00	2.685979e+03	4.321823e+02	3.013429e+02	7.872231e+01	4.344251e+01	1.594302e+01
213	6.462379e+00	2.663827e+03	4.340099e+02	3.004622e+02	7.871282e+01	4.308943e+01	1.814193e+01
214	6.492718e+00	2.668968e+03	4.356793e+02	2.998202e+02	7.890858e+01	4.306548e+01	2.102955e+01
215	6.523058e+00	2.678617e+03	4.373708e+02	2.993277e+02	7.908760e+01	4.312334e+01	2.342812e+01
216	6.553398e+00	2.657965e+03	4.390793e+02	2.986930e+02	7.866750e+01	4.301937e+01	2.538671e+01
217	6.583738e+00	2.664079e+03	4.408744e+02	2.981839e+02	7.905061e+01	4.290936e+01	2.800286e+01
218	6.614078e+00	2.657436e+03	4.426801e+02	2.978466e+02	7.890304e+01	4.288242e+01	3.025859e+01
219	6.644417e+00	2.670823e+03	4.445965e+02	2.975548e+02	7.933110e+01	4.286588e+01	3.320340e+01
220	6.674757e+00	2.651572e+03	4.463643e+02	2.973633e+02	7.883146e+01	4.282664e+01	3.549568e+01
221	6.705097e+00	2.649104e+03	4.482462e+02	2.973524e+02	7.881307e+01	4.279675e+01	3.783504e+01
222	6.735437e+00	2.653181e+03	4.501026e+02	2.973036e+02	7.902309e+01	4.274871e+01	4.080665e+01
223	6.765777e+00	2.666004e+03	4.522170e+02	2.972965e+02	7.941676e+01	4.274239e+01	4.333216e+01
224	6.796117e+00	2.644440e+03	4.538831e+02	2.975464e+02	7.893454e+01	4.265567e+01	4.567066e+01
225	6.826456e+00	2.638657e+03	4.557649e+02	2.978193e+02	7.857553e+01	4.275686e+01	4.770028e+01
226	6.856796e+00	2.643643e+03	4.576726e+02	2.981224e+02	7.917974e+01	4.251075e+01	5.040955e+01
227	6.887136e+00	2.650309e+03	4.593072e+02	2.984770e+02	7.946329e+01	4.246588e+01	5.314423e+01
228	6.917476e+00	2.654021e+03	4.611122e+02	2.989034e+02	7.912769e+01	4.270572e+01	5.551895e+01
229	6.947816e+00	2.656079e+03	4.630277e+02	2.994446e+02	7.929473e+01	4.264880e+01	5.847482e+01
230	6.978155e+00	2.641241e+03	4.646172e+02	3.001427e+02	7.912598e+01	4.250100e+01	6.084883e+01
231	7.008495e+00	2.648174e+03	4.665021e+02	3.005533e+02	7.963398e+01	4.234071e+01	6.272931e+01
232	7.038835e+00	2.657024e+03	4.681606e+02	3.013652e+02	7.973525e+01	4.242826e+01	6.538303e+01
233	7.069175e+00	2.650558e+03	4.698412e+02	3.021039e+02	7.988194e+01	4.224728e+01	6.779491e+01
234	7.099515e+00	2.649342e+03	4.716094e+02	3.029400e+02	7.957884e+01	4.238874e+01	7.008862e+01
235	7.129854e+00	2.645860e+03	4.734084e+02	3.037646e+02	7.978802e+01	4.222206e+01	7.238807e+01
236	7.160194e+00	2.654754e+03	4.751391e+02	3.045847e+02	8.013437e+01	4.218087e+01	7.445839e+01
237	7.190534e+00	2.658964e+03	4.768409e+02	3.056515e+02	8.008975e+01	4.227130e+01	7.641670e+01
238	7.220874e+00	2.655826e+03	4.785652e+02	3.064297e+02	8.016816e+01	4.218012e+01	7.832521e+01
239	7.251214e+00	2.650572e+03	4.801161e+02	3.077038e+02	7.994975e+01	4.221167e+01	8.052632e+01
240	7.281553e+00	2.671541e+03	4.816694e+02	3.089768e+02	8.065640e+01	4.217287e+01	8.237691e+01
241	7.311893e+00	2.657554e+03	4.830426e+02	3.100841e+02	8.039337e+01	4.208932e+01	8.438671e+01
242	7.342233e+00	2.661880e+03	4.845724e+02	3.114972e+02	8.046977e+01	4.211781e+01	8.639391e+01
243	7.372573e+00	2.660316e+03	4.859520e+02	3.128121e+02	8.017825e+01	4.224611e+01	8.840948e+01
244	7.402913e+00	2.666063e+03	4.873621e+02	3.141605e+02	8.027074e+01	4.228860e+01	9.096982e+01
245	7.433252e+00	2.675224e+03	4.883480e+02	3.156510e+02	8.033157e+01	4.240177e+01	9.298145e+01
246	7.463592e+00	2.666011e+03	4.898363e+02	3.172365e+02	8.016770e+01	4.234212e+01	9.494013e+01
247	7.493932e+00	2.657941e+03	4.908558e+02	3.186186e+02	7.980750e+01	4.240448e+01	9.685575e+01
248	7.524272e+00	2.676761e+03	4.921908e+02	3.202211e+02	8.018540e+01	4.250348e+01	9.835454e+01
249	7.554612e+00	2.668968e+03	4.933207e+02	3.218716e+02	8.005197e+01	4.245036e+01	1.008440e+02
250	7.584951e+00	2.688665e+03	4.944722e+02	3.233420e+02	8.020835e+01	4.268028e+01	1.027874e+02
251	7.615291e+00	2.705049e+03	4.949215e+02	3.250708e+02	8.059218e+01	4.273585e+01	1.047968e+02
252	7.645631e+00	2.706061e+03	4.956178e+02	3.267383e+02	8.069445e+01	4.269765e+01	1.060865e+02
253	7.675971e+00	2.678839e+03	4.969535e+02	3.285759e+02	7.979926e+01	4.274230e+01	1.091513e+02
254	7.706311e+00	2.705971e+03	4.974948e+02	3.301662e+02	8.074182e+01	4.267118e+01	1.103864e+02
255	7.736650e+00	2.688602e+03	4.985163e+02	3.320944e+02	7.996992e+01	4.280651e+01	1.127722e+02
256	7.766990e+00	2.697540e+03	4.991157e+02	3.339836e+02	7.971299e+01	4.308727e+01	1.142425e+02
257	7.797330e+00	2.692856e+03	4.996172e+02	3.356909e+02	7.983952e+01	4.294429e+01	1.168363e+02
258	7.827670e+00	2.670226e+03	5.000766e+02	3.375192e+02	7.914709e+01	4.295594e+01	1.187587e+02
259	7.858010e+00	2.696225e+03	5.005273e+02	3.393545e+02	7.972656e+01	4.305893e+01	1.203570e+02
260	7.888350e+00	2.679686e+03	5.011189e+02	3.412848e+02	7.951629e+01	4.290797e+01	1.227482e+02
261	7.918689e+00	2.708458e+03	5.013704e+02	3.430667e+02	7.992036e+01	4.314940e+01	1.248486e+02
262	7.949029e+00	2.701626e+03	5.016953e+02	3.450327e+02	7.951492e+01	4.326002e+01	1.266529e+02
263	7.979369e+00	2.694035e+03	5.019694e+02	3.468550e+02	7.918068e+01	4.332056e+01	1.286396e+02
264	8.009709e+00	2.695830e+03	5.020176e+02	3.486599e+02	7.916964e+01	4.335547e+01	1.310394e+02
265	8.040049e+00	2.702377e+03	5.020883e+02	3.505681e+02	7.914857e+01	4.347234e+01	1.333493e+02
266	8.070388e+00	2.723643e+03	5.021292e+02	3.524923e+02	7.966866e+01	4.352840e+01	1.359465e+02
267	8.100728e+00	2.725785e+03	5.020552e+02	3.542541e+02	7.984602e+01	4.346588e+01	1.378379e+02
268	8.131068e+00	2.726409e+03	5.018353e+02	3.562693e+02	7.958154e+01	4.362032e+01	1.402816e+02
269	8.161408e+00	2.697685e+03	5.017042e+02	3.582826e+02	7.940311e+01	4.325775e+01	1.426429e+02
270	8.191748e+00	2.724268e+03	5.013668e+02	3.600655e+02	7.957832e+01	4.358782e+01	1.442490e+02
271	8.222087e+00	2.741821e+03	5.011514e+02	3.621385e+02	8.013354e+01	4.356472e+01	1.470247e+02
272	8.252427e+00	2.724435e+03	5.007885e+02	3.639257e+02	8.004088e+01	4.333858e+01	1.493215e+02
273	8.282767e+00	2.736358e+03	5.002489e+02	3.657326e+02	8.005489e+01	4.352063e+01	1.512975e+02
274	8.313107e+00	2.731704e+03	4.997115e+02	3.675164e+02	7.994991e+01	4.350366e+01	1.536379e+02
275	8.343447e+00	2.728157e+03	4.992711e+02	3.694893e+02	7.989213e+01	4.347859e+01	1.558658e+02
276	8.373786e+00	2.727841e+03	4.983815e+02	3.710225e+02	7.987138e+01	4.348485e+01	1.581045e+02
277	8.404126e+00	2.984319e+03	4.957827e+02	3.724744e+02	7.795821e+01	4.874089e+01	1.556318e+02
278	8.434466e+00	2.734880e+03	4.968349e+02	3.745070e+02	7.987300e+01	4.359618e+01	1.622432e+02
279	8.464806e+00	2.735640e+03	4.960587e+02	3.761590e+02	7.991422e+01	4.358580e+01	1.642054e+02
280	8.495146e+00	2.733781e+03	4.951696e+02	3.779283e+02	8.004884e+01	4.348293e+01	1.657726e+02
281	8.525485e+00	2.719912e+03	4.942380e+02	3.795214e+02	8.004352e+01	4.326521e+01	1.681909e+02
282	8.555825e+00	2.733487e+03	4.932399e+02	3.811246e+02	7.965142e+01	4.369519e+01	1.700872e+02
283	8.586165e+00	2.758812e+03	4.921223e+02	3.827909e+02	7.984278e+01	4.399432e+01	1.717730e+02
284	8.616505e+00	2.739583e+03	4.911088e+02	3.843304e+02	8.002767e+01	4.358675e+01	1.736827e+02
285	8.646845e+00	2.741369e+03	4.899875e+02	3.858259e+02	7.965082e+01	4.382152e+01	1.759527e+02
286	8.677184e+00	2.754976e+03	4.886710e+02	3.871972e+02	7.988969e+01	4.390736e+01	1.781923e+02
287	8.707524e+00	2.723233e+03	4.875458e+02	3.885143e+02	7.987842e+01	4.340756e+01	2.671338e-01
288	8.737864e+00	2.771567e+03	4.860726e+02	3.899423e+02	7.971780e+01	4.426701e+01	3.086879e+00
289	8.768204e+00	2.730985e+03	4.849115e+02	3.909875e+02	7.991573e+01	4.351081e+01	4.803805e+00
290	8.798544e+00	2.732307e+03	4.833501e+02	3.922259e+02	7.985892e+01	4.356284e+01	6.838904e+00
291	8.828883e+00	2.731509e+03	4.820691e+02	3.933788e+02	7.997629e+01	4.348621e+01	9.012538e+00
292	8.859223e+00	2.731178e+03	4.804607e+02	3.943733e+02	7.987646e+01	4.353527e+01	1.142684e+01
293	8.889563e+00	2.729268e+03	4.790944e+02	3.953499e+02	7.972128e+01	4.358952e+01	1.360818e+01
294	8.919903e+00	2.734762e+03	4.774702e+02	3.962882e+02	7.961819e+01	4.373381e+01	1.573765e+01
295	8.950243e+00	2.738204e+03	4.758359e+02	3.971336e+02	7.984389e+01	4.366508e+01	1.834543e+01
296	8.980583e+00	2.716995e+03	4.743025e+02	3.980232e+02	7.959556e+01	4.346204e+01	2.050286e+01
297	9.010922e+00	2.737742e+03	4.726938e+02	3.987444e+02	7.988290e+01	4.363640e+01	2.307031e+01
298	9.041262e+00	2.734908e+03	4.710234e+02	3.994206e+02	8.001311e+01	4.352029e+01	2.536796e+01
299	9.071602e+00	2.740878e+03	4.692485e+02	3.999249e+02	8.029134e+01	4.346415e+01	2.807016e+01
300	9.101942e+00	2.733229e+03	4.676271e+02	4.004785e+02	8.002171e+01	4.348890e+01	3.044729e+01
301	9.132282e+00	2.722082e+03	4.659448e+02	4.007901e+02	7.960738e+01	4.353696e+01	3.256194e+01
302	9.162621e+00	2.723578e+03	4.641406e+02	4.012466e+02	7.990546e+01	4.339837e+01	3.485920e+01
303	9.192961e+00	2.728470e+03	4.623134e+02	4.015163e+02	7.994768e+01	4.345337e+01	3.738225e+01
304	9.223301e+00	2.711672e+03	4.605189e+02	4.018556e+02	7.972712e+01	4.330532e+01	3.948537e+01
305	9.253641e+00	2.703651e+03	4.588162e+02	4.019430e+02	7.973384e+01	4.317358e+01	4.218133e+01
306	9.283981e+00	2.699159e+03	4.570010e+02	4.018449e+02	7.965004e+01	4.314719e+01	4.467812e+01
307	9.314320e+00	2.729622e+03	4.550442e+02	4.019653e+02	7.996574e+01	4.346189e+01	4.733284e+01
308	9.344660e+00	2.697838e+03	4.534307e+02	4.018958e+02	7.988752e+01	4.299789e+01	4.951247e+01
309	9.375000e+00	2.690212e+03	4.515261e+02	4.017398e+02	7.969389e+01	4.298052e+01	5.205723e+01
310	9.405340e+00	2.702865e+03	4.496381e+02	4.015673e+02	8.019640e+01	4.291209e+01	5.412355e+01
311	9.435680e+00	2.709256e+03	4.476945e+02	4.012863e+02	8.034257e+01	4.293530e+01	5.624139e+01
312	9.466019e+00	2.704609e+03	4.461718e+02	4.007385e+02	8.012593e+01	4.297753e+01	5.850867e+01
313	9.496359e+00	2.689520e+03	4.445696e+02	4.002855e+02	7.998830e+01	4.281129e+01	6.062988e+01
314	9.526699e+00	2.693776e+03	4.426570e+02	3.999536e+02	8.020054e+01	4.276557e+01	6.265669e+01
315	9.557039e+00	2.695769e+03	4.408732e+02	3.995316e+02	8.060038e+01	4.258490e+01	6.505045e+01
316	9.587379e+00	2.701053e+03	4.391232e+02	3.989699e+02	8.051660e+01	4.271277e+01	6.732387e+01
317	9.617718e+00	2.687115e+03	4.377341e+02	3.982828e+02	8.047572e+01	4.251395e+01	6.950471e+01
318	9.648058e+00	2.682779e+03	4.361724e+02	3.974271e+02	8.069729e+01	4.232882e+01	7.194218e+01
319	9.678398e+00	2.686314e+03	4.347315e+02	3.965066e+02	8.074548e+01	4.235929e+01	7.423999e+01
320	9.708738e+00	2.677790e+03	4.331977e+02	3.955407e+02	8.072582e+01	4.223517e+01	7.635662e+01
321	9.739078e+00	2.677870e+03	4.315356e+02	3.948822e+02	8.084653e+01	4.217336e+01	7.835220e+01
322	9.769417e+00	2.680761e+03	4.300145e+02	3.940990e+02	8.053848e+01	4.238037e+01	8.048353e+01
323	9.799757e+00	2.666917e+03	4.286768e+02	3.929576e+02	8.077848e+01	4.203625e+01	8.283006e+01
324	9.830097e+00	2.666033e+03	4.271582e+02	3.920279e+02	8.046598e+01	4.218550e+01	8.489635e+01
325	9.860437e+00	2.678531e+03	4.260188e+02	3.908839e+02	8.058425e+01	4.232108e+01	8.687301e+01
326	9.890777e+00	2.668510e+03	4.250118e+02	3.896348e+02	8.050186e+01	4.220589e+01	8.930541e+01
327	9.921117e+00	2.656019e+03	4.235880e+02	3.882277e+02	8.048089e+01	4.201928e+01	9.193557e+01
328	9.951456e+00	2.662114e+03	4.223802e+02	3.867953e+02	8.061264e+01	4.204686e+01	9.437112e+01
329	9.981796e+00	2.665412e+03	4.214307e+02	3.855658e+02	8.058515e+01	4.211332e+01	9.631148e+01
330	1.001214e+01	2.682611e+03	4.203158e+02	3.840890e+02	8.062711e+01	4.236301e+01	9.856258e+01
331	1.004248e+01	2.669671e+03	4.193806e+02	3.825808e+02	8.030976e+01	4.232524e+01	1.006292e+02
332	1.007282e+01	2.668868e+03	4.184120e+02	3.809880e+02	8.019750e+01	4.237175e+01	1.021670e+02
333	1.010316e+01	2.686677e+03	4.174085e+02	3.793497e+02	8.043027e+01	4.253104e+01	1.044764e+02
334	1.013350e+01	2.666600e+03	4.167459e+02	3.777016e+02	7.965773e+01	4.262260e+01	1.064294e+02
335	1.016383e+01	2.662197e+03	4.160976e+02	3.760947e+02	7.987347e+01	4.243731e+01	1.083983e+02
336	1.019417e+01	2.675316e+03	4.154254e+02	3.743573e+02	7.990581e+01	4.262917e+01	1.105777e+02
337	1.022451e+01	2.674774e+03	4.146998e+02	3.727634e+02	8.007859e+01	4.252858e+01	1.123629e+02
338	1.025485e+01	2.673331e+03	4.140784e+02	3.710726e+02	7.996128e+01	4.256799e+01	1.135207e+02
339	1.028519e+01	2.665327e+03	4.133693e+02	3.693561e+02	7.948474e+01	4.269498e+01	1.152632e+02
340	1.031553e+01	2.675657e+03	4.132411e+02	3.676459e+02	7.954449e+01	4.282826e+01	1.173838e+02
341	1.034587e+01	2.678957e+03	4.127016e+02	3.658987e+02	8.000570e+01	4.263389e+01	1.188899e+02
342	1.037621e+01	2.666154e+03	4.122613e+02	3.641514e+02	7.930129e+01	4.280703e+01	1.213349e+02
343	1.040655e+01	2.663179e+03	4.122025e+02	3.625567e+02	7.916359e+01	4.283363e+01	1.231833e+02
344	1.043689e+01	2.666182e+03	4.119338e+02	3.606174e+02	7.947106e+01	4.271603e+01	1.249888e+02
345	1.046723e+01	2.677486e+03	4.118893e+02	3.588895e+02	7.941560e+01	4.292709e+01	1.269900e+02
346	1.049757e+01	2.676540e+03	4.119582e+02	3.571676e+02	7.961372e+01	4.280514e+01	1.286537e+02
347	1.052791e+01	2.656587e+03	4.121418e+02	3.553843e+02	7.912688e+01	4.274744e+01	1.308312e+02
348	1.055825e+01	2.654161e+03	4.119682e+02	3.533760e+02	7.869475e+01	4.294293e+01	1.329269e+02
349	1.058859e+01	2.669158e+03	4.120672e+02	3.515355e+02	7.919450e+01	4.291305e+01	1.348788e+02
350	1.061893e+01	2.682059e+03	4.121693e+02	3.498000e+02	7.953059e+01	4.293825e+01	1.366505e+02
351	1.064927e+01	2.677255e+03	4.122444e+02	3.479443e+02	7.913438e+01	4.307592e+01	1.390321e+02
352	1.067961e+01	2.663591e+03	4.126136e+02	3.461517e+02	7.889774e+01	4.298462e+01	1.408720e+02
353	1.070995e+01	2.669175e+03	4.128582e+02	3.442154e+02	7.896870e+01	4.303603e+01	1.434780e+02
354	1.074029e+01	2.670982e+03	4.132838e+02	3.426053e+02	7.878140e+01	4.316755e+01	1.448463e+02
355	1.077063e+01	2.676733e+03	4.137639e+02	3.407016e+02	7.932345e+01	4.296488e+01	1.469175e+02
356	1.080097e+01	2.685881e+03	4.144583e+02	3.391277e+02	7.948997e+01	4.302140e+01	1.490876e+02
357	1.083131e+01	2.675495e+03	4.152264e+02	3.372746e+02	7.921303e+01	4.300487e+01	1.514308e+02
358	1.086165e+01	2.678760e+03	4.159305e+02	3.356026e+02	7.916606e+01	4.308290e+01	1.541210e+02
359	1.089199e+01	2.686066e+03	4.167369e+02	3.338636e+02	7.911797e+01	4.322666e+01	1.563210e+02
360	1.092233e+01	2.682190e+03	4.177035e+02	3.323423e+02	7.922179e+01	4.310772e+01	1.591752e+02
361	1.095267e+01	2.696862e+03	4.187105e+02	3.307691e+02	7.928410e+01	4.330945e+01	1.608098e+02
362	1.098301e+01	2.676967e+03	4.196736e+02	3.292657e+02	7.909837e+01	4.309090e+01	1.636003e+02
363	1.101335e+01	2.673104e+03	4.207444e+02	3.279561e+02	7.903103e+01	4.306539e+01	1.654318e+02
364	1.104369e+01	2.678532e+03	4.217019e+02	3.263322e+02	7.899004e+01	4.317522e+01	1.676700e+02
365	1.107403e+01	2.690183e+03	4.228841e+02	3.248870e+02	7.902778e+01	4.334232e+01	1.700903e+02
366	1.110437e+01	2.678683e+03	4.240618e+02	3.235562e+02	7.930456e+01	4.300642e+01	1.721207e+02
367	1.113471e+01	2.677740e+03	4.253461e+02	3.223216e+02	7.912457e+01	4.308907e+01	1.748055e+02
368	1.116505e+01	2.677479e+03	4.265803e+02	3.212103e+02	7.876715e+01	4.328038e+01	1.774863e+02
369	1.119539e+01	2.672241e+03	4.281866e+02	3.198477e+02	7.905815e+01	4.303672e+01	1.509839e-01
370	1.122573e+01	2.670270e+03	4.295281e+02	3.189081e+02	7.891368e+01	4.308370e+01	2.775534e+00
371	1.125607e+01	2.677207e+03	4.308645e+02	3.178538e+02	7.905685e+01	4.311740e+01	5.557798e+00
372	1.128641e+01	2.680214e+03	4.325512e+02	3.167657e+02	7.903545e+01	4.317752e+01	8.040004e+00
373	1.131675e+01	2.683310e+03	4.341094e+02	3.160283e+02	7.898088e+01	4.325725e+01	1.142981e+01
374	1.134709e+01	2.675374e+03	4.357214e+02	3.153305e+02	7.897873e+01	4.313049e+01	1.428808e+01
375	1.137743e+01	2.674402e+03	4.374055e+02	3.147527e+02	7.921649e+01	4.298542e+01	1.718661e+01
376	1.140777e+01	2.665517e+03	4.391032e+02	3.139858e+02	7.911518e+01	4.289748e+01	1.998105e+01
377	1.143811e+01	2.655442e+03	4.408088e+02	3.134173e+02	7.890659e+01	4.284831e+01	2.253572e+01
378	1.146845e+01	2.678809e+03	4.427313e+02	3.127899e+02	7.906597e+01	4.313822e+01	2.562061e+01
379	1.149879e+01	2.668043e+03	4.444156e+02	3.125117e+02	7.903191e+01	4.298338e+01	2.811207e+01
380	1.152913e+01	2.675637e+03	4.462083e+02	3.123150e+02	7.933583e+01	4.294059e+01	3.142691e+01
381	1.155947e+01	2.656058e+03	4.480822e+02	3.123254e+02	7.873003e+01	4.295436e+01	3.444970e+01
382	1.158981e+01	2.652432e+03	4.499253e+02	3.122469e+02	7.860748e+01	4.296259e+01	3.755202e+01
383	1.162015e+01	2.638680e+03	4.517549e+02	3.123283e+02	7.859697e+01	4.274556e+01	4.065005e+01
384	1.165049e+01	2.650670e+03	4.536570e+02	3.122821e+02	7.869221e+01	4.288784e+01	4.285568e+01
385	1.168083e+01	2.648533e+03	4.554908e+02	3.123800e+02	7.869186e+01	4.285345e+01	4.633179e+01
386	1.171117e+01	2.650614e+03	4.571082e+02	3.126396e+02	7.891108e+01	4.276796e+01	4.905373e+01
387	1.174150e+01	2.647410e+03	4.590290e+02	3.129918e+02	7.902431e+01	4.265506e+01	5.120930e+01
388	1.177184e+01	2.652452e+03	4.608132e+02	3.131979e+02	7.909608e+01	4.269753e+01	5.357349e+01
389	1.180218e+01	2.635288e+03	4.624403e+02	3.138475e+02	7.896632e+01	4.249094e+01	5.649932e+01
390	1.183252e+01	2.653854e+03	4.643775e+02	3.143591e+02	7.954672e+01	4.247808e+01	5.860419e+01
391	1.186286e+01	2.650140e+03	4.661030e+02	3.151424e+02	7.938580e+01	4.250461e+01	6.153059e+01
392	1.189320e+01	2.638233e+03	4.676769e+02	3.158932e+02	7.908949e+01	4.247218e+01	6.386387e+01
393	1.192354e+01	2.644396e+03	4.695158e+02	3.165220e+02	7.955261e+01	4.232355e+01	6.622543e+01
394	1.195388e+01	2.647135e+03	4.710431e+02	3.174544e+02	7.951913e+01	4.238523e+01	6.893208e+01
395	1.198422e+01	2.651334e+03	4.728806e+02	3.184109e+02	7.987675e+01	4.226240e+01	7.157859e+01
396	1.201456e+01	2.647762e+03	4.745144e+02	3.193483e+02	8.009550e+01	4.209019e+01	7.381675e+01
397	1.204490e+01	2.648944e+03	4.759623e+02	3.204804e+02	7.995229e+01	4.218441e+01	7.646767e+01
398	1.207524e+01	2.664836e+03	4.776568e+02	3.214413e+02	8.037492e+01	4.221434e+01	7.856861e+01
399	1.210558e+01	2.647036e+03	4.794153e+02	3.224977e+02	8.033676e+01	4.195229e+01	8.069135e+01
400	1.213592e+01	2.662224e+03	4.807636e+02	3.237783e+02	8.026128e+01	4.223268e+01	8.255282e+01
401	1.216626e+01	2.654058e+03	4.822158e+02	3.251001e+02	8.037351e+01	4.204435e+01	8.469560e+01
402	1.219660e+01	2.656551e+03	4.836075e+02	3.264997e+02	8.017770e+01	4.218661e+01	8.733902e+01
403	1.222694e+01	2.649575e+03	4.848951e+02	3.279057e+02	8.012720e+01	4.210235e+01	8.982851e+01
404	1.225728e+01	2.666281e+03	4.862350e+02	3.292482e+02	8.060972e+01	4.211420e+01	9.155153e+01
405	1.228762e+01	2.648063e+03	4.874047e+02	3.307914e+02	7.970928e+01	4.229894e+01	9.418610e+01
406	1.231796e+01	2.655103e+03	4.885184e+02	3.321804e+02	8.010818e+01	4.220022e+01	9.628311e+01
407	1.234830e+01	2.656665e+03	4.898515e+02	3.337706e+02	7.990436e+01	4.233275e+01	9.802551e+01
408	1.237864e+01	2.665985e+03	4.907637e+02	3.353753e+02	8.019489e+01	4.232736e+01	1.002304e+02
409	1.240898e+01	2.660621e+03	4.917744e+02	3.371095e+02	8.025245e+01	4.221189e+01	1.027327e+02
410	1.243932e+01	2.674287e+03	4.926363e+02	3.387306e+02	8.003329e+01	4.254489e+01	1.049724e+02
411	1.246966e+01	2.681405e+03	4.933845e+02	3.404659e+02	8.022737e+01	4.255494e+01	1.069712e+02
412	1.250000e+01	2.693398e+03	4.939300e+02	3.422144e+02	8.053162e+01	4.258378e+01	1.089665e+02
413	1.253034e+01	2.676275e+03	4.950255e+02	3.439124e+02	7.962183e+01	4.279655e+01	1.112889e+02
414	1.256068e+01	2.678806e+03	4.957370e+02	3.458771e+02	7.978330e+01	4.275032e+01	1.132143e+02
415	1.259102e+01	2.696096e+03	4.964312e+02	3.476248e+02	7.981371e+01	4.300985e+01	1.151067e+02
416	1.262136e+01	2.690483e+03	4.968795e+02	3.494669e+02	7.974169e+01	4.295907e+01	1.175626e+02
417	1.265170e+01	2.677014e+03	4.974628e+02	3.512938e+02	7.950111e+01	4.287337e+01	1.190410e+02
418	1.268204e+01	2.694770e+03	4.976479e+02	3.531283e+02	7.960968e+01	4.309888e+01	1.211318e+02
419	1.271238e+01	2.681149e+03	4.982020e+02	3.549916e+02	7.933371e+01	4.303020e+01	1.237268e+02
420	1.274272e+01	2.678406e+03	4.984716e+02	3.566610e+02	7.912672e+01	4.309863e+01	1.256258e+02
421	1.277306e+01	2.708907e+03	4.987972e+02	3.585117e+02	8.021499e+01	4.299804e+01	1.276708e+02
422	1.280340e+01	2.691156e+03	4.989581e+02	3.604232e+02	7.978764e+01	4.294508e+01	1.295993e+02
423	1.283374e+01	2.694243e+03	4.991900e+02	3.623806e+02	7.945963e+01	4.317181e+01	1.317178e+02
424	1.286408e+01	2.707998e+03	4.994492e+02	3.644469e+02	7.985084e+01	4.317963e+01	1.338377e+02
425	1.289442e+01	2.715444e+03	4.995931e+02	3.664345e+02	7.991637e+01	4.326286e+01	1.350925e+02
426	1.292476e+01	2.688981e+03	4.993096e+02	3.680479e+02	7.942311e+01	4.310732e+01	1.368721e+02
427	1.295510e+01	2.708931e+03	4.990302e+02	3.699183e+02	7.965973e+01	4.329813e+01	1.385688e+02
428	1.298544e+01	2.730415e+03	4.988029e+02	3.717736e+02	8.007391e+01	4.341580e+01	1.405130e+02
429	1.301578e+01	2.712422e+03	4.985114e+02	3.737458e+02	7.962183e+01	4.337458e+01	1.430502e+02
430	1.304612e+01	2.717802e+03	4.982104e+02	3.757957e+02	8.007011e+01	4.321729e+01	1.449144e+02
431	1.307646e+01	2.712140e+03	4.980959e+02	3.777135e+02	7.997236e+01	4.317997e+01	1.467759e+02
432	1.310680e+01	2.711153e+03	4.976827e+02	3.794505e+02	7.958884e+01	4.337226e+01	1.488167e+02
433	1.313714e+01	2.726465e+03	4.971199e+02	3.812528e+02	8.021368e+01	4.327745e+01	1.509410e+02
434	1.316748e+01	2.737827e+03	4.964767e+02	3.829626e+02	8.009990e+01	4.351952e+01	1.532256e+02
435	1.319782e+01	2.745100e+03	4.958461e+02	3.847835e+02	8.013280e+01	4.361721e+01	1.554710e+02
436	1.322816e+01	2.728225e+03	4.951767e+02	3.865404e+02	7.986918e+01	4.349216e+01	1.574871e+02
437	1.325850e+01	2.744378e+03	4.943385e+02	3.881216e+02	8.002666e+01	4.366358e+01	1.591630e+02
438	1.328883e+01	2.724130e+03	4.936591e+02	3.899937e+02	7.981532e+01	4.345620e+01	1.609861e+02
439	1.331917e+01	2.735481e+03	4.927822e+02	3.916481e+02	7.986238e+01	4.361156e+01	1.626642e+02
440	1.334951e+01	2.722867e+03	4.918865e+02	3.931884e+02	7.996621e+01	4.335408e+01	1.657399e+02
441	1.337985e+01	2.741821e+03	4.909612e+02	3.948060e+02	8.022675e+01	4.351410e+01	1.674497e+02
442	1.341019e+01	2.730544e+03	4.900430e+02	3.964190e+02	7.962145e+01	4.366457e+01	1.694055e+02
443	1.344053e+01	2.725603e+03	4.888276e+02	3.977648e+02	7.986304e+01	4.345371e+01	1.716300e+02
444	1.347087e+01	2.735442e+03	4.876040e+02	3.991434e+02	8.007700e+01	4.349406e+01	1.743282e+02
445	1.350121e+01	2.725105e+03	4.863095e+02	4.006297e+02	7.976930e+01	4.349683e+01	1.760856e+02
446	1.353155e+01	2.721588e+03	4.851975e+02	4.018550e+02	7.984566e+01	4.339914e+01	1.781641e+02
447	1.356189e+01	2.743009e+03	4.839529e+02	4.030701e+02	8.018759e+01	4.355422e+01	1.594443e-01
448	1.359223e+01	2.724836e+03	4.825878e+02	4.045993e+02	7.984743e+01	4.344998e+01	2.446777e+00
449	1.362257e+01	2.748344e+03	4.812358e+02	4.056422e+02	8.005645e+01	4.371041e+01	4.991789e+00
450	1.365291e+01	2.753928e+03	4.796564e+02	4.066573e+02	7.990539e+01	4.388202e+01	7.565675e+00
451	1.368325e+01	2.748409e+03	4.783602e+02	4.076907e+02	8.001556e+01	4.373379e+01	9.921820e+00
452	1.371359e+01	2.745678e+03	4.768116e+02	4.086876e+02	8.002621e+01	4.368451e+01	1.221786e+01
453	1.374393e+01	2.747655e+03	4.750797e+02	4.097505e+02	8.024961e+01	4.359426e+01	1.495867e+01
454	1.377427e+01	2.736323e+03	4.734513e+02	4.105409e+02	8.006712e+01	4.351342e+01	1.752363e+01
455	1.380461e+01	2.747101e+03	4.718255e+02	4.114554e+02	8.042580e+01	4.349000e+01	2.039908e+01
456	1.383495e+01	2.751667e+03	4.703634e+02	4.118613e+02	8.031795e+01	4.362077e+01	2.269522e+01
457	1.386529e+01	2.756151e+03	4.686259e+02	4.124005e+02	8.025829e+01	4.372434e+01	2.525533e+01
458	1.389563e+01	2.740842e+03	4.669574e+02	4.126699e+02	8.011623e+01	4.355856e+01	2.793432e+01
459	1.392597e+01	2.738828e+03	4.650429e+02	4.131726e+02	7.998535e+01	4.359779e+01	3.058867e+01
460	1.395631e+01	2.735872e+03	4.633964e+02	4.135623e+02	8.027711e+01	4.339245e+01	3.290015e+01
461	1.398665e+01	2.738231e+03	4.616498e+02	4.138972e+02	8.022304e+01	4.345913e+01	3.520514e+01
462	1.401699e+01	2.729671e+03	4.598142e+02	4.139144e+02	8.011934e+01	4.337935e+01	3.840278e+01
463	1.404733e+01	2.731263e+03	4.580899e+02	4.138782e+02	8.022097e+01	4.334966e+01	4.092545e+01
464	1.407767e+01	2.733169e+03	4.561506e+02	4.139828e+02	8.019921e+01	4.339168e+01	4.325546e+01
465	1.410801e+01	2.728950e+03	4.543771e+02	4.138759e+02	8.029692e+01	4.327198e+01	4.539581e+01
466	1.413835e+01	2.705008e+03	4.527977e+02	4.137795e+02	7.992863e+01	4.308999e+01	4.756733e+01
467	1.416869e+01	2.719543e+03	4.507717e+02	4.138079e+02	8.017107e+01	4.319052e+01	4.991499e+01
468	1.419903e+01	2.709722e+03	4.491694e+02	4.134317e+02	7.990575e+01	4.317743e+01	5.222757e+01
469	1.422937e+01	2.702052e+03	4.473876e+02	4.130351e+02	8.020638e+01	4.289383e+01	5.504583e+01
470	1.425971e+01	2.709082e+03	4.457059e+02	4.125376e+02	8.036523e+01	4.292043e+01	5.718898e+01
471	1.429005e+01	2.705753e+03	4.440500e+02	4.121272e+02	8.061841e+01	4.273306e+01	5.938193e+01
472	1.432039e+01	2.698205e+03	4.424943e+02	4.114287e+02	8.033104e+01	4.276629e+01	6.174911e+01
473	1.435073e+01	2.710015e+03	4.407275e+02	4.107329e+02	8.068680e+01	4.276411e+01	6.455281e+01
474	1.438107e+01	2.700847e+03	4.391091e+02	4.099669e+02	8.068902e+01	4.261825e+01	6.678674e+01
475	1.441141e+01	2.698934e+03	4.375478e+02	4.091960e+02	8.081112e+01	4.252372e+01	6.902901e+01
476	1.444175e+01	2.694312e+03	4.358846e+02	4.083587e+02	8.064606e+01	4.253778e+01	7.142705e+01
477	1.447209e+01	2.690234e+03	4.343006e+02	4.073702e+02	8.074545e+01	4.242112e+01	7.332117e+01
478	1.450243e+01	2.706116e+03	4.326812e+02	4.064550e+02	8.112936e+01	4.246964e+01	7.539067e+01
479	1.453277e+01	2.686155e+03	4.312430e+02	4.055022e+02	8.085160e+01	4.230119e+01	7.743433e+01
480	1.456311e+01	2.689841e+03	4.298468e+02	4.044174e+02	8.109364e+01	4.223280e+01	7.962477e+01
481	1.459345e+01	2.680409e+03	4.284273e+02	4.032255e+02	8.074594e+01	4.226593e+01	8.209592e+01
482	1.462379e+01	2.676354e+03	4.272097e+02	4.020204e+02	8.064594e+01	4.225433e+01	8.389976e+01
483	1.465413e+01	2.676266e+03	4.257989e+02	4.008336e+02	8.100980e+01	4.206316e+01	8.580930e+01
484	1.468447e+01	2.682929e+03	4.246075e+02	3.995559e+02	8.078239e+01	4.228659e+01	8.774417e+01
485	1.471481e+01	2.664326e+03	4.233573e+02	3.980936e+02	8.032558e+01	4.223219e+01	8.965124e+01
486	1.474515e+01	2.678714e+03	4.224739e+02	3.968073e+02	8.050925e+01	4.236338e+01	9.162316e+01
487	1.477549e+01	2.672760e+03	4.212287e+02	3.952580e+02	8.054664e+01	4.224960e+01	9.380721e+01
488	1.480583e+01	2.754200e+03	4.210595e+02	3.934554e+02	8.141551e+01	4.307233e+01	9.354184e+01
489	1.483617e+01	2.673340e+03	4.191836e+02	3.922310e+02	8.034737e+01	4.236358e+01	9.835172e+01
490	1.486650e+01	2.672642e+03	4.183414e+02	3.907888e+02	8.007513e+01	4.249651e+01	1.002759e+02
491	1.489684e+01	2.681263e+03	4.175256e+02	3.890708e+02	8.040874e+01	4.245671e+01	1.024440e+02
492	1.492718e+01	2.663452e+03	4.167454e+02	3.875376e+02	8.007883e+01	4.234842e+01	1.040322e+02
493	1.495752e+01	2.678885e+03	4.159688e+02	3.857087e+02	8.013471e+01	4.256411e+01	1.065355e+02
494	1.498786e+01	2.670577e+03	4.151266e+02	3.840063e+02	8.020654e+01	4.239410e+01	1.081172e+02
495	1.501820e+01	2.666847e+03	4.142983e+02	3.823340e+02	8.008208e+01	4.240068e+01	1.098628e+02
496	1.504854e+01	2.680617e+03	4.136853e+02	3.805138e+02	7.989825e+01	4.271768e+01	1.124950e+02
497	1.507888e+01	2.670766e+03	4.133017e+02	3.788125e+02	7.939247e+01	4.283183e+01	1.146192e+02
498	1.510922e+01	2.672442e+03	4.127468e+02	3.771101e+02	7.969395e+01	4.269657e+01	1.163937e+02
499	1.513956e+01	2.679545e+03	4.123451e+02	3.754177e+02	7.969139e+01	4.281143e+01	1.177678e+02
500	1.516990e+01	2.665828e+03	4.120110e+02	3.738175e+02	7.953700e+01	4.267495e+01	1.195019e+02
501	1.520024e+01	2.678471e+03	4.115068e+02	3.720031e+02	7.956763e+01	4.286084e+01	1.210450e+02
502	1.523058e+01	2.667055e+03	4.113669e+02	3.702837e+02	7.935138e+01	4.279447e+01	1.226418e+02
503	1.526092e+01	2.685184e+03	4.110473e+02	3.685170e+02	7.967975e+01	4.290779e+01	1.251413e+02
504	1.529126e+01	2.680561e+03	4.109803e+02	3.668294e+02	7.944437e+01	4.296083e+01	1.273564e+02
505	1.532160e+01	2.662497e+03	4.109930e+02	3.651069e+02	7.867425e+01	4.308903e+01	1.292681e+02
506	1.535194e+01	2.674456e+03	4.108850e+02	3.632247e+02	7.930369e+01	4.293903e+01	1.311491e+02
507	1.538228e+01	2.696144e+03	4.106366e+02	3.612412e+02	7.897481e+01	4.346749e+01	1.327570e+02
508	1.541262e+01	2.673162e+03	4.108572e+02	3.593290e+02	7.933482e+01	4.290141e+01	1.354679e+02
509	1.544296e+01	2.663492e+03	4.109389e+02	3.575896e+02	7.917157e+01	4.283436e+01	1.371976e+02
510	1.547330e+01	2.672801e+03	4.111805e+02	3.559143e+02	7.907564e+01	4.303622e+01	1.393714e+02
511	1.550364e+01	2.660054e+03	4.112283e+02	3.540175e+02	7.873630e+01	4.301556e+01	1.411043e+02
512	1.553398e+01	2.686900e+03	4.114032e+02	3.523692e+02	7.859338e+01	4.352869e+01	1.435371e+02
513	1.556432e+01	2.668738e+03	4.121211e+02	3.505915e+02	7.899477e+01	4.301479e+01	1.455625e+02
514	1.559466e+01	2.687584e+03	4.125620e+02	3.487238e+02	7.930454e+01	4.314933e+01	1.477614e+02
515	1.562500e+01	2.746625e+03	4.124370e+02	3.471121e+02	7.814168e+01	4.475348e+01	1.484679e+02
516	1.565534e+01	2.676297e+03	4.140467e+02	3.455400e+02	7.912187e+01	4.306732e+01	1.523018e+02
517	1.568568e+01	2.667291e+03	4.146467e+02	3.436111e+02	7.886419e+01	4.306265e+01	1.548726e+02
518	1.571602e+01	2.668959e+03	4.155872e+02	3.420408e+02	7.896339e+01	4.303544e+01	1.570952e+02
519	1.574636e+01	2.693530e+03	4.164631e+02	3.404549e+02	7.931889e+01	4.323697e+01	1.597420e+02
520	1.577670e+01	2.658793e+03	4.175087e+02	3.389939e+02	7.866817e+01	4.303240e+01	1.623342e+02
521	1.580704e+01	2.721254e+03	4.183875e+02	3.372094e+02	7.929154e+01	4.369707e+01	1.638094e+02
522	1.583738e+01	2.681749e+03	4.196989e+02	3.359270e+02	7.921654e+01	4.310348e+01	1.672712e+02
523	1.586772e+01	2.667409e+03	4.209652e+02	3.345919e+02	7.892782e+01	4.302983e+01	1.696531e+02
524	1.589806e+01	2.674609e+03	4.220783e+02	3.334853e+02	7.881107e+01	4.320990e+01	1.716818e+02
525	1.592840e+01	2.701180e+03	4.231586e+02	3.323134e+02	7.852622e+01	4.379747e+01	1.745770e+02
526	1.595874e+01	2.684233e+03	4.246654e+02	3.309413e+02	7.902113e+01	4.325010e+01	1.768813e+02
527	1.598908e+01	2.667032e+03	4.259683e+02	3.296738e+02	7.934370e+01	4.279825e+01	1.789694e+02
528	1.601942e+01	2.672570e+03	4.274200e+02	3.285085e+02	7.866911e+01	4.325487e+01	1.271806e+00
529	1.604976e+01	2.664438e+03	4.287370e+02	3.274078e+02	7.897729e+01	4.295498e+01	3.626346e+00
530	1.608010e+01	2.708738e+03	4.299111e+02	3.262250e+02	7.838582e+01	4.399868e+01	5.897405e+00
531	1.611044e+01	2.677947e+03	4.318440e+02	3.254707e+02	7.938514e+01	4.295097e+01	9.151479e+00
532	1.614078e+01	2.664245e+03	4.333683e+02	3.247364e+02	7.871803e+01	4.309333e+01	1.174527e+01
533	1.617112e+01	2.665906e+03	4.350891e+02	3.238656e+02	7.906306e+01	4.293202e+01	1.408714e+01
534	1.620146e+01	2.675086e+03	4.365773e+02	3.231801e+02	7.898178e+01	4.312418e+01	1.645555e+01
535	1.623180e+01	2.662882e+03	4.382822e+02	3.225912e+02	7.881660e+01	4.301741e+01	1.945763e+01
536	1.626214e+01	2.659249e+03	4.399175e+02	3.221184e+02	7.919248e+01	4.275484e+01	2.250614e+01
537	1.629248e+01	2.670255e+03	4.418287e+02	3.214716e+02	7.883272e+01	4.312770e+01	2.511986e+01
538	1.632282e+01	2.664295e+03	4.435646e+02	3.210344e+02	7.869901e+01	4.310455e+01	2.744493e+01
539	1.635316e+01	2.659474e+03	4.455348e+02	3.208827e+02	7.873248e+01	4.300827e+01	3.080204e+01
540	1.638350e+01	2.645585e+03	4.471654e+02	3.208613e+02	7.842358e+01	4.295217e+01	3.359373e+01
541	1.641383e+01	2.656688e+03	4.490970e+02	3.206324e+02	7.861866e+01	4.302542e+01	3.646164e+01
542	1.644417e+01	2.662239e+03	4.509022e+02	3.204695e+02	7.879282e+01	4.302001e+01	3.880730e+01
543	1.647451e+01	2.658036e+03	4.527809e+02	3.204774e+02	7.900820e+01	4.283500e+01	4.123032e+01
544	1.650485e+01	2.673220e+03	4.547481e+02	3.202811e+02	7.917477e+01	4.298907e+01	4.369083e+01
545	1.653519e+01	2.644565e+03	4.563811e+02	3.206611e+02	7.879958e+01	4.273074e+01	4.690019e+01
546	1.656553e+01	2.647405e+03	4.583239e+02	3.208382e+02	7.895013e+01	4.269507e+01	4.952456e+01
547	1.659587e+01	2.640695e+03	4.600190e+02	3.213193e+02	7.877670e+01	4.268061e+01	5.204911e+01
548	1.662621e+01	2.646921e+03	4.617176e+02	3.216571e+02	7.893121e+01	4.269749e+01	5.484378e+01
549	1.665655e+01	2.641534e+03	4.634304e+02	3.220778e+02	7.911099e+01	4.251375e+01	5.733113e+01
550	1.668689e+01	2.660708e+03	4.654917e+02	3.225314e+02	7.947520e+01	4.262611e+01	5.925714e+01
551	1.671723e+01	2.661571e+03	4.671903e+02	3.230452e+02	7.970237e+01	4.251841e+01	6.154348e+01
552	1.674757e+01	2.652310e+03	4.688092e+02	3.236953e+02	7.948001e+01	4.248899e+01	6.368184e+01
553	1.677791e+01	2.638726e+03	4.706143e+02	3.243703e+02	7.932568e+01	4.235363e+01	6.602534e+01
554	1.680825e+01	2.643664e+03	4.723081e+02	3.251105e+02	7.959705e+01	4.228822e+01	6.834988e+01
555	1.683859e+01	2.636390e+03	4.738722e+02	3.260014e+02	7.967244e+01	4.213196e+01	7.051302e+01
556	1.686893e+01	2.665064e+03	4.756794e+02	3.267932e+02	8.000121e+01	4.241517e+01	7.259973e+01
557	1.689927e+01	2.661120e+03	4.771819e+02	3.279213e+02	8.019744e+01	4.224878e+01	7.462185e+01
558	1.692961e+01	2.666605e+03	4.784746e+02	3.289247e+02	8.073080e+01	4.205616e+01	7.683096e+01
559	1.695995e+01	2.673068e+03	4.800656e+02	3.300943e+02	8.132493e+01	4.185009e+01	7.899969e+01
560	1.699029e+01	2.667240e+03	4.819888e+02	3.310360e+02	8.015417e+01	4.236879e+01	8.154155e+01
561	1.702063e+01	2.656202e+03	4.833562e+02	3.323961e+02	8.017806e+01	4.218089e+01	8.327077e+01
562	1.705097e+01	2.665330e+03	4.848874e+02	3.337662e+02	8.033260e+01	4.224441e+01	8.540237e+01
563	1.708131e+01	2.656397e+03	4.860606e+02	3.351170e+02	8.017014e+01	4.218814e+01	8.768901e+01
564	1.711165e+01	2.653956e+03	4.873731e+02	3.364807e+02	8.033801e+01	4.206131e+01	8.969438e+01
565	1.714199e+01	2.652757e+03	4.886969e+02	3.379587e+02	8.024241e+01	4.209239e+01	9.212746e+01
566	1.717233e+01	2.651147e+03	4.898759e+02	3.394835e+02	8.026366e+01	4.205570e+01	9.429874e+01
567	1.720267e+01	2.670387e+03	4.911188e+02	3.409054e+02	8.074424e+01	4.210880e+01	9.648437e+01
568	1.723301e+01	2.681262e+03	4.921836e+02	3.425229e+02	8.061449e+01	4.234834e+01	9.807223e+01
569	1.726335e+01	2.667657e+03	4.931703e+02	3.441300e+02	8.011407e+01	4.239663e+01	1.003176e+02
570	1.729369e+01	2.665903e+03	4.942728e+02	3.458749e+02	8.042583e+01	4.220451e+01	1.024718e+02
571	1.732403e+01	2.676174e+03	4.953478e+02	3.475722e+02	8.042318e+01	4.236851e+01	1.042648e+02
572	1.735437e+01	2.673822e+03	4.962059e+02	3.491907e+02	8.017353e+01	4.246309e+01	1.063467e+02
573	1.738471e+01	2.665800e+03	4.969260e+02	3.508518e+02	7.968002e+01	4.259790e+01	1.081910e+02
574	1.741505e+01	2.679195e+03	4.976652e+02	3.525971e+02	7.995924e+01	4.266245e+01	1.103655e+02
575	1.744539e+01	2.674985e+03	4.984266e+02	3.544561e+02	7.960416e+01	4.278541e+01	1.120452e+02
576	1.747573e+01	2.685395e+03	4.993474e+02	3.562302e+02	8.019906e+01	4.263331e+01	1.140258e+02
577	1.750607e+01	2.679629e+03	4.998135e+02	3.578674e+02	7.986819e+01	4.271800e+01	1.160396e+02
578	1.753641e+01	2.675917e+03	5.002869e+02	3.596528e+02	7.996282e+01	4.260834e+01	1.179559e+02
579	1.756675e+01	2.668113e+03	5.005964e+02	3.615705e+02	7.950706e+01	4.272761e+01	1.203815e+02
580	1.759709e+01	2.665681e+03	5.011651e+02	3.632620e+02	7.907968e+01	4.291937e+01	1.224117e+02
581	1.762743e+01	2.695290e+03	5.014686e+02	3.652037e+02	7.960229e+01	4.311119e+01	1.250441e+02
582	1.765777e+01	2.701640e+03	5.016825e+02	3.668684e+02	7.928535e+01	4.338551e+01	1.268345e+02
583	1.768811e+01	2.707496e+03	5.021705e+02	3.688633e+02	8.010753e+01	4.303330e+01	1.293092e+02
584	1.771845e+01	2.698198e+03	5.021356e+02	3.707925e+02	7.992019e+01	4.298604e+01	1.307925e+02
585	1.774879e+01	2.707593e+03	5.021572e+02	3.726789e+02	7.993644e+01	4.312695e+01	1.326599e+02
586	1.777913e+01	2.712256e+03	5.023148e+02	3.745828e+02	7.979965e+01	4.327528e+01	1.343480e+02
587	1.780947e+01	2.719887e+03	5.022663e+02	3.766194e+02	7.994782e+01	4.331660e+01	1.363594e+02
588	1.783981e+01	2.709938e+03	5.023277e+02	3.786208e+02	7.991338e+01	4.317675e+01	1.380106e+02
589	1.787015e+01	2.716203e+03	5.023876e+02	3.804463e+02	7.999657e+01	4.323156e+01	1.398569e+02
590	1.790049e+01	2.721147e+03	5.023252e+02	3.823123e+02	8.002850e+01	4.329298e+01	1.415428e+02
591	1.793083e+01	2.727916e+03	5.022296e+02	3.840946e+02	8.025934e+01	4.327585e+01	1.440076e+02
592	1.796117e+01	2.724940e+03	5.019408e+02	3.861030e+02	8.002228e+01	4.335669e+01	1.462039e+02
593	1.799150e+01	2.737246e+03	5.014651e+02	3.877915e+02	8.015852e+01	4.347846e+01	1.482540e+02
594	1.802184e+01	2.730453e+03	5.010754e+02	3.896205e+02	8.021832e+01	4.333825e+01	1.500549e+02
595	1.805218e+01	2.735268e+03	5.007436e+02	3.914497e+02	7.992109e+01	4.357612e+01	1.515134e+02
596	1.808252e+01	2.758439e+03	5.001492e+02	3.932090e+02	8.002236e+01	4.388964e+01	1.527283e+02
597	1.811286e+01	2.741742e+03	4.999052e+02	3.953198e+02	8.004259e+01	4.361296e+01	1.552668e+02
598	1.814320e+01	2.724008e+03	4.991941e+02	3.967404e+02	7.984454e+01	4.343834e+01	1.572563e+02
599	1.817354e+01	2.759106e+03	4.980646e+02	3.985020e+02	7.972166e+01	4.406585e+01	1.580988e+02
600	1.820388e+01	2.732695e+03	4.978597e+02	4.003401e+02	8.012793e+01	4.342275e+01	1.614225e+02
601	1.823422e+01	2.754029e+03	4.969773e+02	4.019774e+02	7.990329e+01	4.388479e+01	1.625315e+02
602	1.826456e+01	2.743235e+03	4.964283e+02	4.036237e+02	8.007009e+01	4.362173e+01	1.651113e+02
603	1.829490e+01	2.744347e+03	4.955565e+02	4.052014e+02	8.009814e+01	4.362412e+01	1.667529e+02
604	1.832524e+01	2.739168e+03	4.947474e+02	4.069093e+02	7.993663e+01	4.362977e+01	1.688898e+02
605	1.835558e+01	2.746890e+03	4.937433e+02	4.084009e+02	8.038515e+01	4.350864e+01	1.715095e+02
606	1.838592e+01	2.740029e+03	4.927426e+02	4.096767e+02	7.996735e+01	4.362672e+01	1.730668e+02
607	1.841626e+01	2.759791e+03	4.916278e+02	4.109899e+02	8.004610e+01	4.389814e+01	1.750528e+02
608	1.844660e+01	2.753473e+03	4.908521e+02	4.126552e+02	7.998403e+01	4.383163e+01	1.769146e+02
609	1.847694e+01	2.742123e+03	4.900395e+02	4.141499e+02	8.014883e+01	4.356120e+01	1.786004e+02
610	1.850728e+01	2.743420e+03	4.892310e+02	4.153729e+02	8.058271e+01	4.334715e+01	6.677949e-01
611	1.853762e+01	2.764180e+03	4.881445e+02	4.170258e+02	8.053681e+01	4.370005e+01	2.438751e+00
612	1.856796e+01	2.754512e+03	4.870587e+02	4.185737e+02	8.016920e+01	4.374690e+01	4.758103e+00
613	1.859830e+01	2.738054e+03	4.860248e+02	4.198777e+02	8.005512e+01	4.354748e+01	6.166549e+00
614	1.862864e+01	2.735322e+03	4.848456e+02	4.212530e+02	8.023418e+01	4.340694e+01	7.867949e+00
615	1.865898e+01	2.749404e+03	4.836847e+02	4.225222e+02	8.020963e+01	4.364376e+01	1.022194e+01
616	1.868932e+01	2.767685e+03	4.823138e+02	4.237125e+02	8.015795e+01	4.396227e+01	1.225647e+01
617	1.871966e+01	2.741170e+03	4.811365e+02	4.247692e+02	8.012912e+01	4.355678e+01	1.378842e+01
618	1.875000e+01	2.760663e+03	4.797592e+02	4.259218e+02	8.037391e+01	4.373292e+01	1.555220e+01
619	1.878034e+01	2.760700e+03	4.783894e+02	4.271203e+02	8.035796e+01	4.374218e+01	1.772577e+01
620	1.881068e+01	2.738016e+03	4.771078e+02	4.282659e+02	8.016275e+01	4.348841e+01	1.959015e+01
621	1.884102e+01	2.763745e+03	4.756061e+02	4.293871e+02	8.053857e+01	4.369223e+01	2.207538e+01
622	1.887136e+01	2.764933e+03	4.740768e+02	4.304883e+02	8.049387e+01	4.373528e+01	2.429157e+01
623	1.890170e+01	2.748749e+03	4.726505e+02	4.312328e+02	7.993476e+01	4.378341e+01	2.604375e+01
624	1.893204e+01	2.749906e+03	4.710740e+02	4.318586e+02	8.027127e+01	4.361821e+01	2.831784e+01
625	1.896238e+01	2.743845e+03	4.694315e+02	4.325190e+02	8.025208e+01	4.353247e+01	3.068712e+01
626	1.899272e+01	2.738787e+03	4.678456e+02	4.332473e+02	8.031949e+01	4.341576e+01	3.216941e+01
627	1.902306e+01	2.747486e+03	4.661894e+02	4.339811e+02	8.034532e+01	4.353966e+01	3.471229e+01
628	1.905340e+01	2.734537e+03	4.646280e+02	4.345070e+02	8.011842e+01	4.345718e+01	3.676236e+01
629	1.908374e+01	2.740049e+03	4.630164e+02	4.350125e+02	8.034303e+01	4.342304e+01	3.894997e+01
630	1.911408e+01	2.744703e+03	4.612724e+02	4.353911e+02	8.039716e+01	4.346751e+01	4.082633e+01
631	1.914442e+01	2.731850e+03	4.595852e+02	4.356187e+02	8.007973e+01	4.343546e+01	4.279568e+01
632	1.917476e+01	2.734420e+03	4.578933e+02	4.358020e+02	7.998647e+01	4.352700e+01	4.493925e+01
633	1.920510e+01	2.720385e+03	4.562195e+02	4.358785e+02	8.028294e+01	4.314369e+01	4.695406e+01
634	1.923544e+01	2.742044e+03	4.543891e+02	4.361396e+02	8.044283e+01	4.340075e+01	4.895910e+01
635	1.926578e+01	2.718222e+03	4.527855e+02	4.362002e+02	8.011744e+01	4.319843e+01	5.056553e+01
636	1.929612e+01	2.722085e+03	4.510552e+02	4.363156e+02	8.034203e+01	4.313889e+01	5.230493e+01
637	1.932646e+01	2.741362e+03	4.490408e+02	4.365964e+02	8.103165e+01	4.307466e+01	5.437497e+01
638	1.935680e+01	2.745568e+03	4.472490e+02	4.365557e+02	8.121940e+01	4.304103e+01	5.614848e+01
639	1.938714e+01	2.723490e+03	4.457018e+02	4.362460e+02	8.064095e+01	4.300116e+01	5.800711e+01
640	1.941748e+01	2.721446e+03	4.443496e+02	4.363644e+02	8.064561e+01	4.296641e+01	5.932086e+01
641	1.944782e+01	2.728067e+03	4.428731e+02	4.366078e+02	8.078499e+01	4.299664e+01	6.074415e+01
642	1.947816e+01	2.711038e+03	4.411866e+02	4.366806e+02	8.055357e+01	4.285099e+01	6.250253e+01
643	1.950850e+01	2.708769e+03	4.396098e+02	4.362020e+02	8.055567e+01	4.281402e+01	6.472181e+01
644	1.953883e+01	2.710582e+03	4.380736e+02	4.356926e+02	8.067324e+01	4.278024e+01	6.669873e+01
645	1.956917e+01	2.707349e+03	4.362848e+02	4.352053e+02	8.064529e+01	4.274401e+01	6.827251e+01
646	1.959951e+01	2.710745e+03	4.347482e+02	4.346415e+02	8.048224e+01	4.288433e+01	7.061748e+01
647	1.962985e+01	2.718526e+03	4.332267e+02	4.338651e+02	8.085155e+01	4.281098e+01	7.241897e+01
648	1.966019e+01	2.705084e+03	4.315460e+02	4.331969e+02	8.103139e+01	4.250475e+01	7.483417e+01
649	1.969053e+01	2.700026e+03	4.300422e+02	4.323214e+02	8.091068e+01	4.248857e+01	7.644556e+01
650	1.972087e+01	2.706020e+03	4.284696e+02	4.314869e+02	8.072175e+01	4.268257e+01	7.827876e+01
651	1.975121e+01	2.703883e+03	4.270717e+02	4.306704e+02	8.102992e+01	4.248666e+01	8.016163e+01
652	1.978155e+01	2.704761e+03	4.254795e+02	4.297199e+02	8.098197e+01	4.252562e+01	8.148084e+01
653	1.981189e+01	2.699844e+03	4.242244e+02	4.286737e+02	8.101942e+01	4.242869e+01	8.370163e+01
654	1.984223e+01	2.692470e+03	4.229754e+02	4.276656e+02	8.092211e+01	4.236369e+01	8.557999e+01
655	1.987257e+01	2.705779e+03	4.216997e+02	4.264577e+02	8.088890e+01	4.259057e+01	8.768481e+01
656	1.990291e+01	2.687728e+03	4.203475e+02	4.250693e+02	8.069941e+01	4.240578e+01	9.015566e+01
657	1.993325e+01	2.691069e+03	4.191833e+02	4.238484e+02	8.063457e+01	4.249263e+01	9.152867e+01
658	1.996359e+01	2.693142e+03	4.179905e+02	4.225539e+02	8.031719e+01	4.269341e+01	9.317152e+01
659	1.999393e+01	2.692555e+03	4.167597e+02	4.212569e+02	8.104809e+01	4.229917e+01	9.524686e+01
660	2.002427e+01	2.699282e+03	4.158288e+02	4.198645e+02	8.082432e+01	4.252225e+01	9.700136e+01
661	2.005461e+01	2.691939e+03	4.148310e+02	4.185335e+02	8.033335e+01	4.266576e+01	9.911147e+01
662	2.008495e+01	2.685606e+03	4.137725e+02	4.170562e+02	8.065041e+01	4.239805e+01	1.012222e+02
663	2.011529e+01	2.682636e+03	4.129893e+02	4.155907e+02	8.046584e+01	4.244830e+01	1.030681e+02
664	2.014563e+01	2.679413e+03	4.118640e+02	4.140515e+02	8.027785e+01	4.249658e+01	1.048120e+02
665	2.017597e+01	2.691114e+03	4.110403e+02	4.126180e+02	8.000073e+01	4.283002e+01	1.065845e+02
666	2.020631e+01	2.687256e+03	4.100564e+02	4.111567e+02	8.017236e+01	4.267707e+01	1.079021e+02
667	2.023665e+01	2.687967e+03	4.090566e+02	4.094587e+02	8.032762e+01	4.260584e+01	1.100907e+02
668	2.026699e+01	2.687362e+03	4.084483e+02	4.078593e+02	8.014944e+01	4.269096e+01	1.116915e+02
669	2.029733e+01	2.681451e+03	4.076847e+02	4.062571e+02	7.994371e+01	4.270667e+01	1.135009e+02
670	2.032767e+01	2.687098e+03	4.070088e+02	4.047591e+02	7.968461e+01	4.293576e+01	1.153015e+02
671	2.035801e+01	2.687991e+03	4.064466e+02	4.030935e+02	7.992052e+01	4.282326e+01	1.174448e+02
672	2.038835e+01	2.673578e+03	4.059167e+02	4.015622e+02	7.971676e+01	4.270251e+01	1.191733e+02
673	2.041869e+01	2.685698e+03	4.054142e+02	3.998568e+02	7.967651e+01	4.291775e+01	1.211032e+02
674	2.044903e+01	2.681742e+03	4.049554e+02	3.981020e+02	7.953641e+01	4.293002e+01	1.230392e+02
675	2.047937e+01	2.702125e+03	4.046115e+02	3.963951e+02	7.962823e+01	4.320644e+01	1.249395e+02
676	2.050971e+01	2.707812e+03	4.040767e+02	3.947243e+02	7.984164e+01	4.318165e+01	1.263087e+02
677	2.054005e+01	2.697103e+03	4.036815e+02	3.931193e+02	7.963851e+01	4.312058e+01	1.274688e+02
678	2.057039e+01	2.702869e+03	4.032416e+02	3.912558e+02	7.956524e+01	4.325256e+01	1.296290e+02
679	2.060073e+01	2.740537e+03	4.023354e+02	3.894226e+02	8.059423e+01	4.329540e+01	1.294862e+02
680	2.063107e+01	2.700559e+03	4.029969e+02	3.879802e+02	7.959483e+01	4.319953e+01	1.327977e+02
681	2.066141e+01	2.705928e+03	4.027812e+02	3.861544e+02	7.962328e+01	4.326994e+01	1.346332e+02
682	2.069175e+01	2.695090e+03	4.027738e+02	3.844460e+02	7.942607e+01	4.320364e+01	1.361389e+02
683	2.072209e+01	2.688203e+03	4.027342e+02	3.828019e+02	7.940356e+01	4.310545e+01	1.380644e+02
684	2.075243e+01	2.698280e+03	4.024377e+02	3.809184e+02	7.964851e+01	4.313398e+01	1.397887e+02
685	2.078277e+01	2.688831e+03	4.022897e+02	3.795086e+02	7.941158e+01	4.311117e+01	1.415659e+02
686	2.081311e+01	2.683412e+03	4.018950e+02	3.780464e+02	7.893709e+01	4.328290e+01	1.431626e+02
687	2.084345e+01	2.712325e+03	4.016244e+02	3.763128e+02	7.927727e+01	4.356154e+01	1.442116e+02
688	2.087379e+01	2.686184e+03	4.018428e+02	3.745959e+02	7.913235e+01	4.322071e+01	1.466585e+02
689	2.090413e+01	2.709930e+03	4.020015e+02	3.728397e+02	7.969914e+01	4.329269e+01	1.482607e+02
690	2.093447e+01	2.696136e+03	4.025850e+02	3.713796e+02	7.913821e+01	4.337762e+01	1.507021e+02
691	2.096481e+01	2.719369e+03	4.027180e+02	3.694189e+02	7.999497e+01	4.328282e+01	1.517957e+02
692	2.099515e+01	2.695500e+03	4.033798e+02	3.678421e+02	7.931515e+01	4.327063e+01	1.545060e+02
693	2.102549e+01	2.705016e+03	4.035822e+02	3.662480e+02	7.888129e+01	4.366224e+01	1.552627e+02
694	2.105583e+01	2.680657e+03	4.045200e+02	3.650775e+02	7.891258e+01	4.325188e+01	1.575319e+02
695	2.108617e+01	2.689590e+03	4.051878e+02	3.632659e+02	7.920851e+01	4.323390e+01	1.598145e+02
696	2.111650e+01	2.704859e+03	4.055005e+02	3.616324e+02	7.846297e+01	4.389247e+01	1.608415e+02
697	2.114684e+01	2.671596e+03	4.065702e+02	3.601820e+02	7.894241e+01	4.308940e+01	1.630741e+02
698	2.117718e+01	2.701205e+03	4.074625e+02	3.584372e+02	7.892509e+01	4.357652e+01	1.652935e+02
699	2.120752e+01	2.696787e+03	4.084152e+02	3.571067e+02	7.867078e+01	4.364589e+01	1.671647e+02
700	2.123786e+01	2.675990e+03	4.093580e+02	3.555573e+02	7.881387e+01	4.323066e+01	1.693616e+02
701	2.126820e+01	2.687292e+03	4.102790e+02	3.541223e+02	7.916251e+01	4.322205e+01	1.716144e+02
702	2.129854e+01	2.685750e+03	4.113703e+02	3.526906e+02	7.910233e+01	4.323013e+01	1.734929e+02
703	2.132888e+01	2.695776e+03	4.124250e+02	3.514299e+02	7.898315e+01	4.345698e+01	1.756331e+02
704	2.135922e+01	2.722227e+03	4.136872e+02	3.501118e+02	7.889899e+01	4.393018e+01	1.787663e+02
705	2.138956e+01	2.700064e+03	4.148584e+02	3.488871e+02	7.866895e+01	4.369993e+01	6.391091e-01
706	2.141990e+01	2.693599e+03	4.162193e+02	3.477867e+02	7.853027e+01	4.367229e+01	3.058784e+00
707	2.145024e+01	2.673448e+03	4.175255e+02	3.466055e+02	7.870846e+01	4.324744e+01	4.981262e+00
708	2.148058e+01	2.657325e+03	4.188474e+02	3.456675e+02	7.830357e+01	4.320891e+01	7.188742e+00
709	2.151092e+01	2.671703e+03	4.204123e+02	3.446442e+02	7.804359e+01	4.358740e+01	1.002227e+01
710	2.154126e+01	2.686564e+03	4.217563e+02	3.437221e+02	7.859711e+01	4.352118e+01	1.215937e+01
711	2.157160e+01	2.696467e+03	4.232866e+02	3.426005e+02	7.871112e+01	4.361833e+01	1.438108e+01
712	2.160194e+01	2.672919e+03	4.247420e+02	3.419900e+02	7.843898e+01	4.338743e+01	1.666024e+01
713	2.163228e+01	2.683570e+03	4.265235e+02	3.409503e+02	7.844009e+01	4.355971e+01	1.938796e+01
714	2.166262e+01	2.672112e+03	4.279373e+02	3.406267e+02	7.850935e+01	4.333546e+01	2.152970e+01
715	2.169296e+01	2.700533e+03	4.295456e+02	3.396126e+02	7.810207e+01	4.402478e+01	2.427792e+01
716	2.172330e+01	2.662033e+03	4.312922e+02	3.389552e+02	7.844521e+01	4.320730e+01	2.641396e+01
717	2.175364e+01	2.663042e+03	4.329724e+02	3.383554e+02	7.859550e+01	4.314103e+01	2.866379e+01
718	2.178398e+01	2.662017e+03	4.347799e+02	3.378544e+02	7.864681e+01	4.309628e+01	3.152728e+01
719	2.181432e+01	2.658996e+03	4.365098e+02	3.375872e+02	7.834475e+01	4.321335e+01	3.401917e+01
720	2.184466e+01	2.658943e+03	4.382517e+02	3.371240e+02	7.856166e+01	4.309317e+01	3.641981e+01
721	2.187500e+01	2.670042e+03	4.398690e+02	3.371653e+02	7.885210e+01	4.311367e+01	3.991366e+01
722	2.190534e+01	2.651962e+03	4.418516e+02	3.369485e+02	7.840532e+01	4.306573e+01	4.134583e+01
723	2.193568e+01	2.657063e+03	4.435444e+02	3.369789e+02	7.848945e+01	4.310233e+01	4.373348e+01
724	2.196602e+01	2.664472e+03	4.453572e+02	3.370977e+02	7.889350e+01	4.300114e+01	4.619217e+01
725	2.199636e+01	2.649363e+03	4.469947e+02	3.372858e+02	7.845342e+01	4.299715e+01	4.906638e+01
726	2.202670e+01	2.650331e+03	4.490205e+02	3.374211e+02	7.911442e+01	4.265349e+01	5.158271e+01
727	2.205704e+01	2.662372e+03	4.508677e+02	3.373855e+02	7.943883e+01	4.267230e+01	5.399625e+01
728	2.208738e+01	2.679052e+03	4.528898e+02	3.374101e+02	7.949159e+01	4.291114e+01	5.581867e+01
729	2.211772e+01	2.657022e+03	4.544097e+02	3.377566e+02	7.964528e+01	4.247615e+01	5.830887e+01
730	2.214806e+01	2.648472e+03	4.561212e+02	3.382169e+02	7.914223e+01	4.260860e+01	6.029256e+01
731	2.217840e+01	2.648185e+03	4.580415e+02	3.386042e+02	7.915374e+01	4.259779e+01	6.226565e+01
732	2.220874e+01	2.636601e+03	4.598545e+02	3.391783e+02	7.901349e+01	4.248673e+01	6.475613e+01
733	2.223908e+01	2.633624e+03	4.616586e+02	3.397230e+02	7.900921e+01	4.244105e+01	6.671178e+01
734	2.226942e+01	2.651984e+03	4.632030e+02	3.404076e+02	7.980699e+01	4.230972e+01	6.885784e+01
735	2.229976e+01	2.673233e+03	4.649325e+02	3.411125e+02	8.020722e+01	4.243591e+01	7.092814e+01
736	2.233010e+01	2.678043e+03	4.667547e+02	3.417585e+02	8.049543e+01	4.236005e+01	7.320779e+01
737	2.236044e+01	2.645550e+03	4.684339e+02	3.427125e+02	7.986996e+01	4.217379e+01	7.550874e+01
738	2.239078e+01	2.669931e+03	4.702379e+02	3.435967e+02	8.018707e+01	4.239414e+01	7.703005e+01
739	2.242112e+01	2.666995e+03	4.717276e+02	3.445626e+02	8.038224e+01	4.224471e+01	7.910872e+01
740	2.245146e+01	2.669795e+03	4.733401e+02	3.455574e+02	8.047559e+01	4.224000e+01	8.133345e+01
741	2.248180e+01	2.675112e+03	4.750509e+02	3.465129e+02	8.047083e+01	4.232662e+01	8.274400e+01
742	2.251214e+01	2.667118e+03	4.765647e+02	3.476170e+02	8.064520e+01	4.210889e+01	8.429095e+01
743	2.254248e+01	2.660365e+03	4.779977e+02	3.488440e+02	8.042367e+01	4.211797e+01	8.604207e+01
744	2.257282e+01	2.654602e+03	4.795007e+02	3.499487e+02	8.050082e+01	4.198647e+01	8.814248e+01
745	2.260316e+01	2.652329e+03	4.808563e+02	3.511922e+02	8.031429e+01	4.204794e+01	9.001634e+01
746	2.263350e+01	2.658470e+03	4.821453e+02	3.524057e+02	8.020729e+01	4.220151e+01	9.176689e+01
747	2.266383e+01	2.658002e+03	4.836526e+02	3.539307e+02	8.057967e+01	4.199909e+01	9.340617e+01
748	2.269417e+01	2.671162e+03	4.847973e+02	3.554787e+02	8.046241e+01	4.226854e+01	9.563360e+01
749	2.272451e+01	2.661975e+03	4.860234e+02	3.568891e+02	8.059071e+01	4.205611e+01	9.741257e+01
750	2.275485e+01	2.687196e+03	4.869348e+02	3.583365e+02	8.112534e+01	4.217480e+01	9.861682e+01
751	2.278519e+01	2.656242e+03	4.884109e+02	3.596228e+02	7.993551e+01	4.230951e+01	1.012836e+02
752	2.281553e+01	2.663265e+03	4.894818e+02	3.612245e+02	8.001734e+01	4.237799e+01	1.030075e+02
753	2.284587e+01	2.674181e+03	4.905993e+02	3.627473e+02	8.058930e+01	4.224968e+01	1.047095e+02
754	2.287621e+01	2.678839e+03	4.917181e+02	3.642055e+02	8.039925e+01	4.242332e+01	1.063891e+02
755	2.290655e+01	2.669291e+03	4.928972e+02	3.659660e+02	8.002513e+01	4.246974e+01	1.075019e+02
756	2.293689e+01	2.735848e+03	4.927152e+02	3.676452e+02	8.166975e+01	4.265214e+01	1.075747e+02
757	2.296723e+01	2.747456e+03	4.939729e+02	3.692359e+02	8.175021e+01	4.279096e+01	1.099902e+02
758	2.299757e+01	2.679800e+03	4.956571e+02	3.710007e+02	7.997614e+01	4.266307e+01	1.130205e+02
759	2.302791e+01	2.766394e+03	4.953140e+02	3.725401e+02	8.211819e+01	4.289284e+01	1.127430e+02
760	2.305825e+01	2.681289e+03	4.970020e+02	3.743590e+02	7.992890e+01	4.271200e+01	1.167146e+02
761	2.308859e+01	2.691021e+03	4.976864e+02	3.762485e+02	8.006207e+01	4.279573e+01	1.185531e+02
762	2.311893e+01	2.684937e+03	4.982616e+02	3.780585e+02	8.024269e+01	4.260286e+01	1.197426e+02
763	2.314927e+01	2.707136e+03	4.988234e+02	3.797365e+02	8.047038e+01	4.283356e+01	1.219518e+02
764	2.317961e+01	2.680636e+03	4.994383e+02	3.816571e+02	7.981707e+01	4.276143e+01	1.234935e+02
765	2.320995e+01	2.695953e+03	4.999980e+02	3.835655e+02	7.994155e+01	4.293880e+01	1.250248e+02
766	2.324029e+01	2.692892e+03	5.002491e+02	3.853405e+02	7.979195e+01	4.297045e+01	1.272187e+02
767	2.327063e+01	2.695760e+03	5.004795e+02	3.870826e+02	7.995280e+01	4.292969e+01	1.290449e+02
768	2.330097e+01	2.724919e+03	5.009212e+02	3.890601e+02	8.024886e+01	4.323394e+01	1.313921e+02
769	2.333131e+01	2.730108e+03	5.009579e+02	3.908008e+02	8.031858e+01	4.327868e+01	1.339559e+02
770	2.336165e+01	2.711900e+03	5.011961e+02	3.928348e+02	8.031895e+01	4.298984e+01	1.354001e+02
771	2.339199e+01	2.721433e+03	5.013688e+02	3.946731e+02	8.009348e+01	4.326240e+01	1.369296e+02
772	2.342233e+01	2.714957e+03	5.013667e+02	3.966016e+02	7.988844e+01	4.327022e+01	1.396426e+02
773	2.345267e+01	2.722181e+03	5.012270e+02	3.984374e+02	8.000278e+01	4.332334e+01	1.415673e+02
774	2.348301e+01	2.717456e+03	5.010888e+02	4.003697e+02	7.964854e+01	4.344049e+01	1.439303e+02
775	2.351335e+01	2.727341e+03	5.007845e+02	4.020392e+02	8.012711e+01	4.333812e+01	1.456019e+02
776	2.354369e+01	2.730043e+03	5.006354e+02	4.038446e+02	8.001405e+01	4.344236e+01	1.476324e+02
777	2.357403e+01	2.720581e+03	5.006122e+02	4.057878e+02	8.023300e+01	4.317365e+01	1.485673e+02
778	2.360437e+01	2.741105e+03	5.005536e+02	4.074129e+02	8.020744e+01	4.351321e+01	1.513772e+02
779	2.363471e+01	2.732208e+03	5.001677e+02	4.092109e+02	7.985372e+01	4.356410e+01	1.536469e+02
780	2.366505e+01	2.729558e+03	4.999687e+02	4.110860e+02	8.006268e+01	4.340825e+01	1.548452e+02
781	2.369539e+01	2.729298e+03	4.995519e+02	4.128437e+02	7.972936e+01	4.358557e+01	1.566561e+02
782	2.372573e+01	2.739550e+03	4.990535e+02	4.145503e+02	8.009041e+01	4.355208e+01	1.583328e+02
783	2.375607e+01	2.755347e+03	4.985177e+02	4.162819e+02	8.015351e+01	4.376873e+01	1.602462e+02
784	2.378641e+01	2.735906e+03	4.979497e+02	4.179728e+02	7.974287e+01	4.368370e+01	1.620520e+02
785	2.381675e+01	2.759057e+03	4.971419e+02	4.197419e+02	7.994786e+01	4.394039e+01	1.636436e+02
786	2.384709e+01	2.729396e+03	4.967261e+02	4.214894e+02	8.017116e+01	4.334695e+01	1.657862e+02
787	2.387743e+01	2.758087e+03	4.956872e+02	4.229500e+02	8.029488e+01	4.373510e+01	1.660949e+02
788	2.390777e+01	2.742788e+03	4.942978e+02	4.263411e+02	7.999326e+01	4.365650e+01	1.704339e+02
789	2.393811e+01	2.737039e+03	4.935892e+02	4.281273e+02	7.996820e+01	4.357865e+01	1.719951e+02
790	2.396845e+01	2.738184e+03	4.928527e+02	4.297015e+02	8.023941e+01	4.344953e+01	1.734453e+02
791	2.399879e+01	2.767316e+03	4.919373e+02	4.312118e+02	8.028896e+01	4.388470e+01	1.752943e+02
792	2.402913e+01	2.794840e+03	4.906121e+02	4.331125e+02	7.960256e+01	4.470334e+01	1.780580e+02
793	2.405947e+01	2.749403e+03	4.898352e+02	4.341221e+02	7.997001e+01	4.377452e+01	1.781518e+02
794	2.408981e+01	2.762680e+03	4.887119e+02	4.358219e+02	8.025493e+01	4.382975e+01	6.609854e-01
795	2.412015e+01	2.760259e+03	4.876111e+02	4.373284e+02	7.986383e+01	4.400578e+01	2.463789e+00
796	2.415049e+01	2.753471e+03	4.864371e+02	4.384812e+02	8.033956e+01	4.363763e+01	4.516580e+00
797	2.418083e+01	2.753321e+03	4.853829e+02	4.396120e+02	8.026573e+01	4.367540e+01	6.735257e+00
798	2.421117e+01	2.753284e+03	4.842567e+02	4.407810e+02	8.011156e+01	4.375885e+01	8.249723e+00
799	2.424150e+01	2.760933e+03	4.831329e+02	4.420638e+02	8.006188e+01	4.390765e+01	9.640880e+00
