1	2.915452e-02	2.528897e+03	5.434790e+02	9.593629e+01	7.833300e+01	4.110518e+01	8.035480e+01
2	5.830904e-02	2.537438e+03	5.424875e+02	9.660518e+01	7.825039e+01	4.128755e+01	7.918354e+01
3	8.746356e-02	2.568273e+03	5.412693e+02	9.767943e+01	7.858217e+01	4.161283e+01	7.746308e+01
4	1.166181e-01	2.552291e+03	5.404336e+02	9.857016e+01	7.870607e+01	4.128878e+01	7.660855e+01
5	1.457726e-01	2.544813e+03	5.395730e+02	9.925034e+01	7.843366e+01	4.131079e+01	7.556923e+01
6	1.749271e-01	2.537865e+03	5.382604e+02	1.001674e+02	7.838139e+01	4.122547e+01	7.453571e+01
7	2.040816e-01	2.536560e+03	5.370904e+02	1.009376e+02	7.838822e+01	4.120068e+01	7.417801e+01
8	2.332362e-01	2.545525e+03	5.358692e+02	1.015756e+02	7.862025e+01	4.122428e+01	7.408794e+01
9	2.623907e-01	2.554961e+03	5.345162e+02	1.022839e+02	7.879546e+01	4.128508e+01	7.438368e+01
10	2.915452e-01	2.547553e+03	5.333907e+02	1.030462e+02	7.867281e+01	4.122956e+01	7.375461e+01
11	3.206997e-01	2.548068e+03	5.322042e+02	1.038482e+02	7.860813e+01	4.127183e+01	7.303427e+01
12	3.498542e-01	2.544554e+03	5.312274e+02	1.045970e+02	7.845322e+01	4.129629e+01	7.264673e+01
13	3.790087e-01	2.540370e+03	5.301392e+02	1.053705e+02	7.839980e+01	4.125648e+01	7.154274e+01
14	4.081633e-01	2.551694e+03	5.289941e+02	1.062131e+02	7.859109e+01	4.133952e+01	7.079070e+01
15	4.373178e-01	2.547848e+03	5.279195e+02	1.069325e+02	7.840001e+01	4.137781e+01	7.022327e+01
16	4.664723e-01	2.560589e+03	5.268919e+02	1.076558e+02	7.872552e+01	4.141278e+01	6.994307e+01
17	4.956268e-01	2.557734e+03	5.257603e+02	1.085461e+02	7.841996e+01	4.152779e+01	6.931807e+01
18	5.247813e-01	2.567301e+03	5.249307e+02	1.092604e+02	7.868163e+01	4.154451e+01	6.874245e+01
19	5.539359e-01	2.568203e+03	5.240875e+02	1.101421e+02	7.863487e+01	4.158381e+01	6.776897e+01
20	5.830904e-01	2.563381e+03	5.232021e+02	1.110432e+02	7.860728e+01	4.152031e+01	6.693259e+01
21	6.122449e-01	2.550408e+03	5.224716e+02	1.118537e+02	7.852346e+01	4.135427e+01	6.557658e+01
22	6.413994e-01	2.562192e+03	5.213092e+02	1.127566e+02	7.859503e+01	4.150751e+01	6.543194e+01
23	6.705539e-01	2.581014e+03	5.202887e+02	1.135077e+02	7.919617e+01	4.149506e+01	6.499179e+01
24	6.997085e-01	2.576380e+03	5.192319e+02	1.145562e+02	7.918389e+01	4.142698e+01	6.427352e+01
25	7.288630e-01	2.581503e+03	5.182657e+02	1.153647e+02	7.891541e+01	4.165057e+01	6.434324e+01
26	7.580175e-01	2.572984e+03	5.171984e+02	1.163163e+02	7.890320e+01	4.151955e+01	6.423609e+01
27	7.871720e-01	2.573678e+03	5.160468e+02	1.173778e+02	7.888628e+01	4.153966e+01	6.386141e+01
28	8.163265e-01	2.565573e+03	5.151483e+02	1.182314e+02	7.843847e+01	4.164524e+01	6.368984e+01
29	8.454810e-01	2.565151e+03	5.139765e+02	1.191432e+02	7.877956e+01	4.145811e+01	6.414015e+01
30	8.746356e-01	2.568270e+03	5.130245e+02	1.200527e+02	7.896190e+01	4.141267e+01	6.380652e+01
31	9.037901e-01	2.575606e+03	5.120652e+02	1.209756e+02	7.877036e+01	4.163195e+01	6.359530e+01
32	9.329446e-01	2.577325e+03	5.109579e+02	1.219923e+02	7.884172e+01	4.162203e+01	6.350515e+01
33	9.620991e-01	2.569153e+03	5.100589e+02	1.228663e+02	7.871703e+01	4.155577e+01	6.387437e+01
34	9.912536e-01	2.586691e+03	5.089562e+02	1.238965e+02	7.909233e+01	4.164092e+01	6.309443e+01
35	1.020408e+00	2.576807e+03	5.078351e+02	1.248357e+02	7.897561e+01	4.154311e+01	6.298540e+01
36	1.049563e+00	2.586011e+03	5.068394e+02	1.257126e+02	7.907477e+01	4.163923e+01	6.318078e+01
37	1.078717e+00	2.591973e+03	5.057495e+02	1.267558e+02	7.901237e+01	4.176818e+01	6.301807e+01
38	1.107872e+00	2.587284e+03	5.048086e+02	1.278270e+02	7.902592e+01	4.168546e+01	6.275972e+01
39	1.137026e+00	2.595052e+03	5.036228e+02	1.287166e+02	7.901614e+01	4.181580e+01	6.265824e+01
40	1.166181e+00	2.591947e+03	5.024961e+02	1.295262e+02	7.882619e+01	4.186641e+01	6.319719e+01
41	1.195335e+00	2.599409e+03	5.014712e+02	1.304961e+02	7.927615e+01	4.174862e+01	6.241556e+01
42	1.224490e+00	2.590020e+03	5.002946e+02	1.314710e+02	7.907387e+01	4.170424e+01	6.257054e+01
43	1.253644e+00	2.581204e+03	4.994247e+02	1.323821e+02	7.898860e+01	4.160715e+01	6.215485e+01
44	1.282799e+00	2.613260e+03	4.984481e+02	1.334074e+02	7.951517e+01	4.184491e+01	6.185189e+01
45	1.311953e+00	2.598508e+03	4.974294e+02	1.344639e+02	7.879681e+01	4.198803e+01	6.122543e+01
46	1.341108e+00	2.603334e+03	4.954871e+02	1.364943e+02	7.881779e+01	4.205481e+01	6.074897e+01
47	1.370262e+00	2.595628e+03	4.945896e+02	1.377018e+02	7.902728e+01	4.181918e+01	6.029786e+01
48	1.399417e+00	2.597283e+03	4.936237e+02	1.388148e+02	7.894695e+01	4.188842e+01	5.993256e+01
49	1.428571e+00	2.602705e+03	4.928032e+02	1.398020e+02	7.906659e+01	4.191235e+01	5.985868e+01
50	1.457726e+00	2.603857e+03	4.918102e+02	1.411036e+02	7.883897e+01	4.205196e+01	5.896317e+01
51	1.486880e+00	2.594520e+03	4.907980e+02	1.423443e+02	7.898524e+01	4.182358e+01	5.815204e+01
52	1.516035e+00	2.610305e+03	4.900116e+02	1.433329e+02	7.904348e+01	4.204703e+01	5.806468e+01
53	1.545190e+00	2.607977e+03	4.891835e+02	1.445307e+02	7.898945e+01	4.203826e+01	5.745732e+01
54	1.574344e+00	2.598134e+03	4.882695e+02	1.457228e+02	7.898166e+01	4.188373e+01	5.734798e+01
55	1.603499e+00	2.600324e+03	4.872454e+02	1.468340e+02	7.890042e+01	4.196220e+01	5.758350e+01
56	1.632653e+00	2.616310e+03	4.862463e+02	1.479473e+02	7.931116e+01	4.200153e+01	5.685711e+01
57	1.661808e+00	2.604461e+03	4.854333e+02	1.489333e+02	7.897055e+01	4.199163e+01	5.666938e+01
58	1.690962e+00	2.604579e+03	4.846168e+02	1.502100e+02	7.915761e+01	4.189431e+01	5.585597e+01
59	1.720117e+00	2.625697e+03	4.837812e+02	1.514335e+02	7.963528e+01	4.198066e+01	5.547027e+01
60	1.749271e+00	2.622214e+03	4.829471e+02	1.526698e+02	7.966741e+01	4.190806e+01	5.490090e+01
61	1.778426e+00	2.623517e+03	4.804662e+02	1.560951e+02	7.933624e+01	4.210391e+01	5.292917e+01
62	1.807580e+00	2.630444e+03	4.796060e+02	1.573248e+02	7.934619e+01	4.220979e+01	5.268272e+01
63	1.836735e+00	2.622419e+03	4.786920e+02	1.583738e+02	7.924050e+01	4.213713e+01	5.318651e+01
64	1.865889e+00	2.617210e+03	4.777710e+02	1.595115e+02	7.935898e+01	4.199065e+01	5.347091e+01
65	1.895044e+00	2.603580e+03	4.768306e+02	1.607882e+02	7.924524e+01	4.183193e+01	5.299904e+01
66	1.924198e+00	2.633109e+03	4.761250e+02	1.619595e+02	7.940810e+01	4.221961e+01	5.165783e+01
67	1.953353e+00	2.609929e+03	4.754691e+02	1.632504e+02	7.885685e+01	4.214047e+01	5.164476e+01
68	1.982507e+00	2.614478e+03	4.744984e+02	1.645701e+02	7.918070e+01	4.204126e+01	5.150068e+01
69	2.011662e+00	2.606662e+03	4.736910e+02	1.656854e+02	7.895581e+01	4.203497e+01	5.123655e+01
70	2.040816e+00	2.607032e+03	4.729919e+02	1.669162e+02	7.922865e+01	4.189616e+01	5.117026e+01
71	2.069971e+00	2.629591e+03	4.721528e+02	1.681543e+02	7.928751e+01	4.222733e+01	5.100854e+01
72	2.099125e+00	2.627034e+03	4.713015e+02	1.694737e+02	7.961524e+01	4.201260e+01	5.049347e+01
73	2.128280e+00	2.625496e+03	4.706959e+02	1.705819e+02	7.925204e+01	4.218043e+01	4.925804e+01
74	2.157434e+00	2.630829e+03	4.700066e+02	1.718441e+02	7.946706e+01	4.215174e+01	4.868436e+01
75	2.186589e+00	2.622448e+03	4.694998e+02	1.731920e+02	7.906689e+01	4.223013e+01	4.755918e+01
76	2.215743e+00	2.631422e+03	4.692814e+02	1.745674e+02	7.948676e+01	4.215081e+01	4.603910e+01
77	2.244898e+00	2.637379e+03	4.688193e+02	1.760995e+02	7.931546e+01	4.233746e+01	4.454274e+01
78	2.274052e+00	2.625769e+03	4.683091e+02	1.774101e+02	7.913866e+01	4.224526e+01	4.386749e+01
79	2.303207e+00	2.621849e+03	4.678157e+02	1.787184e+02	7.910389e+01	4.220073e+01	4.314864e+01
80	2.332362e+00	2.630851e+03	4.670207e+02	1.800309e+02	7.919992e+01	4.229427e+01	4.318793e+01
81	2.361516e+00	2.633170e+03	4.664258e+02	1.812618e+02	7.928820e+01	4.228444e+01	4.338929e+01
82	2.390671e+00	2.639107e+03	4.656167e+02	1.825120e+02	7.939861e+01	4.232084e+01	4.355392e+01
83	2.419825e+00	2.626441e+03	4.647925e+02	1.838703e+02	7.917922e+01	4.223442e+01	4.367986e+01
84	2.448980e+00	2.616723e+03	4.642778e+02	1.851734e+02	7.911430e+01	4.211268e+01	4.373022e+01
85	2.478134e+00	2.608639e+03	4.636984e+02	1.860810e+02	7.893504e+01	4.207792e+01	4.387940e+01
86	2.507289e+00	2.619935e+03	4.627325e+02	1.874663e+02	7.910041e+01	4.217178e+01	4.401858e+01
87	2.536443e+00	2.633266e+03	4.619610e+02	1.888026e+02	7.946090e+01	4.219407e+01	4.402303e+01
88	2.565598e+00	2.634209e+03	4.613596e+02	1.900589e+02	7.938985e+01	4.224695e+01	4.383105e+01
89	2.594752e+00	2.628063e+03	4.607599e+02	1.915416e+02	7.930959e+01	4.219104e+01	4.368943e+01
90	2.623907e+00	2.620300e+03	4.600800e+02	1.927498e+02	7.895370e+01	4.225602e+01	4.380900e+01
91	2.653061e+00	2.636812e+03	4.595180e+02	1.941281e+02	7.929476e+01	4.233941e+01	4.352084e+01
92	2.682216e+00	2.627998e+03	4.588683e+02	1.956876e+02	7.909472e+01	4.230460e+01	4.259860e+01
93	2.711370e+00	2.620965e+03	4.584842e+02	1.970882e+02	7.926036e+01	4.210322e+01	4.167576e+01
94	2.740525e+00	2.619987e+03	4.578353e+02	1.985402e+02	7.895895e+01	4.224817e+01	4.120373e+01
95	2.769679e+00	2.631225e+03	4.573561e+02	2.000528e+02	7.955775e+01	4.211004e+01	4.084202e+01
96	2.798834e+00	2.636788e+03	4.567416e+02	2.012540e+02	7.948555e+01	4.223739e+01	4.076557e+01
97	2.827988e+00	2.637500e+03	4.562134e+02	2.026307e+02	7.956567e+01	4.220626e+01	4.057758e+01
98	2.857143e+00	2.608628e+03	4.557375e+02	2.038283e+02	7.883873e+01	4.212914e+01	4.050893e+01
99	2.886297e+00	2.620641e+03	4.551631e+02	2.052520e+02	7.935715e+01	4.204666e+01	4.000633e+01
100	2.915452e+00	2.627502e+03	4.546300e+02	2.067408e+02	7.939294e+01	4.213775e+01	3.943871e+01
101	2.944606e+00	2.636197e+03	4.540388e+02	2.081689e+02	7.941110e+01	4.226752e+01	3.911325e+01
102	2.973761e+00	2.619420e+03	4.536168e+02	2.094429e+02	7.936157e+01	4.202474e+01	3.922196e+01
103	3.002915e+00	2.640589e+03	4.529911e+02	2.108999e+02	7.948147e+01	4.230046e+01	3.884764e+01
104	3.032070e+00	2.632566e+03	4.524814e+02	2.122727e+02	7.953998e+01	4.214091e+01	3.863773e+01
105	3.061224e+00	2.636905e+03	4.519366e+02	2.136772e+02	7.941151e+01	4.227865e+01	3.867092e+01
106	3.090379e+00	2.636505e+03	4.514898e+02	2.151127e+02	7.932223e+01	4.231981e+01	3.808974e+01
107	3.119534e+00	2.641834e+03	4.509711e+02	2.168149e+02	7.947773e+01	4.232238e+01	3.728278e+01
108	3.148688e+00	2.636262e+03	4.504697e+02	2.181925e+02	7.933678e+01	4.230816e+01	3.759433e+01
109	3.177843e+00	2.626362e+03	4.501609e+02	2.196083e+02	7.894511e+01	4.235840e+01	3.684137e+01
110	3.206997e+00	2.642551e+03	4.495865e+02	2.210781e+02	7.950690e+01	4.231834e+01	3.703825e+01
111	3.236152e+00	2.640638e+03	4.493175e+02	2.223596e+02	7.951198e+01	4.228500e+01	3.652057e+01
112	3.265306e+00	2.634599e+03	4.488716e+02	2.237175e+02	7.928930e+01	4.230678e+01	3.588441e+01
113	3.294461e+00	2.617840e+03	4.485930e+02	2.251685e+02	7.897860e+01	4.220304e+01	3.560699e+01
114	3.323615e+00	2.630402e+03	4.482007e+02	2.265609e+02	7.928638e+01	4.224094e+01	3.532652e+01
115	3.352770e+00	2.638453e+03	4.474802e+02	2.282958e+02	7.927629e+01	4.237564e+01	3.526276e+01
116	3.381924e+00	2.622210e+03	4.470617e+02	2.297056e+02	7.911190e+01	4.220227e+01	3.570798e+01
117	3.411079e+00	2.642950e+03	4.465610e+02	2.312298e+02	7.935847e+01	4.240389e+01	3.456350e+01
118	3.440233e+00	2.634627e+03	4.461815e+02	2.324821e+02	7.914588e+01	4.238390e+01	3.443576e+01
119	3.469388e+00	2.637304e+03	4.456947e+02	2.340570e+02	7.910351e+01	4.244970e+01	3.475114e+01
120	3.498542e+00	2.632309e+03	4.452326e+02	2.355531e+02	7.933939e+01	4.224332e+01	3.461749e+01
121	3.527697e+00	2.625808e+03	4.450162e+02	2.372300e+02	7.889610e+01	4.237577e+01	3.345351e+01
122	3.556851e+00	2.633312e+03	4.448082e+02	2.386982e+02	7.903492e+01	4.242221e+01	3.333144e+01
123	3.586006e+00	2.623539e+03	4.443549e+02	2.399514e+02	7.881363e+01	4.238345e+01	3.277772e+01
124	3.615160e+00	2.637213e+03	4.437683e+02	2.417095e+02	7.940620e+01	4.228642e+01	3.303855e+01
125	3.644315e+00	2.623053e+03	4.433469e+02	2.432357e+02	7.893992e+01	4.230781e+01	3.286436e+01
126	3.673469e+00	2.631767e+03	4.430128e+02	2.447533e+02	7.911641e+01	4.235367e+01	3.279123e+01
127	3.702624e+00	2.631264e+03	4.426111e+02	2.463207e+02	7.902663e+01	4.239367e+01	3.294827e+01
128	3.731778e+00	2.638281e+03	4.421866e+02	2.479907e+02	7.933681e+01	4.234054e+01	3.249972e+01
129	3.760933e+00	2.644714e+03	4.419360e+02	2.494168e+02	7.953332e+01	4.233891e+01	3.212170e+01
130	3.790087e+00	2.634484e+03	4.415305e+02	2.510590e+02	7.928803e+01	4.230563e+01	3.173583e+01
131	3.819242e+00	2.631859e+03	4.412834e+02	2.525067e+02	7.921433e+01	4.230279e+01	3.139767e+01
132	3.848397e+00	2.620120e+03	4.409294e+02	2.539850e+02	7.883877e+01	4.231472e+01	3.107899e+01
133	3.877551e+00	2.639526e+03	4.405094e+02	2.554398e+02	7.930775e+01	4.237605e+01	3.113546e+01
134	3.906706e+00	2.626321e+03	4.400801e+02	2.570110e+02	7.905575e+01	4.229845e+01	3.084583e+01
135	3.935860e+00	2.629537e+03	4.395878e+02	2.583766e+02	7.914162e+01	4.230429e+01	3.144543e+01
136	3.965015e+00	2.623089e+03	4.391566e+02	2.599103e+02	7.898750e+01	4.228291e+01	3.158937e+01
137	3.994169e+00	2.629034e+03	4.387808e+02	2.613197e+02	7.921084e+01	4.225925e+01	3.195537e+01
138	4.023324e+00	2.626528e+03	4.384112e+02	2.629109e+02	7.905141e+01	4.230410e+01	3.142653e+01
139	4.052478e+00	2.631671e+03	4.379249e+02	2.644860e+02	7.937917e+01	4.221193e+01	3.176157e+01
140	4.081633e+00	2.635578e+03	4.374677e+02	2.659554e+02	7.927830e+01	4.232838e+01	3.165633e+01
141	4.110787e+00	2.646130e+03	4.369058e+02	2.674630e+02	7.941389e+01	4.242530e+01	3.237132e+01
142	4.139942e+00	2.626847e+03	4.365220e+02	2.690623e+02	7.913139e+01	4.226648e+01	3.177378e+01
143	4.169096e+00	2.633235e+03	4.362265e+02	2.704662e+02	7.915647e+01	4.235584e+01	3.166833e+01
144	4.198251e+00	2.624607e+03	4.356103e+02	2.719638e+02	7.907555e+01	4.226026e+01	3.241905e+01
145	4.227405e+00	2.637302e+03	4.352805e+02	2.733022e+02	7.936444e+01	4.231010e+01	3.260478e+01
146	4.256560e+00	2.627129e+03	4.347533e+02	2.749160e+02	7.932794e+01	4.216628e+01	3.282325e+01
147	4.285714e+00	2.626010e+03	4.341660e+02	2.764392e+02	7.943314e+01	4.209250e+01	3.308895e+01
148	4.314869e+00	2.618194e+03	4.337267e+02	2.778638e+02	7.905839e+01	4.216615e+01	3.366045e+01
149	4.344023e+00	2.634787e+03	4.330994e+02	2.794470e+02	7.947552e+01	4.221067e+01	3.325587e+01
150	4.373178e+00	2.643791e+03	4.327115e+02	2.809257e+02	7.939854e+01	4.239598e+01	3.347442e+01
151	4.402332e+00	2.629624e+03	4.322484e+02	2.826625e+02	7.920436e+01	4.227219e+01	3.333451e+01
152	4.431487e+00	2.628245e+03	4.320550e+02	2.839415e+02	7.926274e+01	4.221889e+01	3.307565e+01
153	4.460641e+00	2.635009e+03	4.316443e+02	2.854230e+02	7.902852e+01	4.245299e+01	3.290567e+01
154	4.489796e+00	2.637188e+03	4.312925e+02	2.870634e+02	7.930347e+01	4.234080e+01	3.229065e+01
155	4.518950e+00	2.614747e+03	4.310483e+02	2.888447e+02	7.898289e+01	4.215089e+01	3.140839e+01
156	4.548105e+00	2.627476e+03	4.308346e+02	2.904688e+02	7.910224e+01	4.229218e+01	3.077105e+01
157	4.577259e+00	2.617358e+03	4.303769e+02	2.920335e+02	7.891096e+01	4.223143e+01	3.148308e+01
158	4.606414e+00	2.623718e+03	4.298211e+02	2.934605e+02	7.899660e+01	4.228817e+01	3.175757e+01
159	4.635569e+00	2.620252e+03	4.295116e+02	2.948781e+02	7.881509e+01	4.232956e+01	3.215982e+01
160	4.664723e+00	2.644111e+03	4.291871e+02	2.962573e+02	7.951167e+01	4.234079e+01	3.213982e+01
161	4.693878e+00	2.633927e+03	4.288321e+02	2.977794e+02	7.934677e+01	4.226537e+01	3.179408e+01
162	4.723032e+00	2.633639e+03	4.285833e+02	2.994412e+02	7.938654e+01	4.223957e+01	3.154180e+01
163	4.752187e+00	2.632527e+03	4.281732e+02	3.011696e+02	7.930096e+01	4.226729e+01	3.172570e+01
164	4.781341e+00	2.625482e+03	4.277658e+02	3.028358e+02	7.902461e+01	4.230160e+01	3.136645e+01
165	4.810496e+00	2.622155e+03	4.274699e+02	3.043421e+02	7.876743e+01	4.238594e+01	3.162838e+01
166	4.839650e+00	2.621508e+03	4.270394e+02	3.060731e+02	7.880547e+01	4.235503e+01	3.125682e+01
167	4.868805e+00	2.604780e+03	4.268870e+02	3.075768e+02	7.835488e+01	4.232677e+01	3.135882e+01
168	4.897959e+00	2.628038e+03	4.265920e+02	3.091610e+02	7.882851e+01	4.244811e+01	3.089751e+01
169	4.927114e+00	2.622848e+03	4.262090e+02	3.109008e+02	7.896376e+01	4.229173e+01	3.044220e+01
170	4.956268e+00	2.629291e+03	4.259479e+02	3.124943e+02	7.877872e+01	4.249519e+01	3.040164e+01
171	4.985423e+00	2.625585e+03	4.255255e+02	3.141183e+02	7.899174e+01	4.232087e+01	3.091316e+01
172	5.014577e+00	2.629376e+03	4.250943e+02	3.156471e+02	7.899145e+01	4.238212e+01	3.073824e+01
173	5.043732e+00	2.625707e+03	4.247790e+02	3.172892e+02	7.880142e+01	4.242505e+01	3.019535e+01
174	5.072886e+00	2.631667e+03	4.242962e+02	3.187791e+02	7.891881e+01	4.245809e+01	3.067643e+01
175	5.102041e+00	2.627535e+03	4.239282e+02	3.205445e+02	7.890931e+01	4.239653e+01	3.090332e+01
176	5.131195e+00	2.625312e+03	4.237515e+02	3.220881e+02	7.862175e+01	4.251561e+01	3.059979e+01
177	5.160350e+00	2.630978e+03	4.233839e+02	3.236969e+02	7.884894e+01	4.248460e+01	3.005132e+01
178	5.189504e+00	2.629921e+03	4.231283e+02	3.250424e+02	7.911240e+01	4.232610e+01	3.010304e+01
179	5.218659e+00	2.637291e+03	4.225934e+02	3.266449e+02	7.906171e+01	4.247192e+01	2.999252e+01
180	5.247813e+00	2.628336e+03	4.222797e+02	3.282667e+02	7.863306e+01	4.255845e+01	2.987181e+01
181	5.276968e+00	2.631143e+03	4.221551e+02	3.296566e+02	7.875725e+01	4.253672e+01	2.996131e+01
182	5.306122e+00	2.631153e+03	4.220272e+02	3.312758e+02	7.873523e+01	4.254878e+01	2.946608e+01
183	5.335277e+00	2.629374e+03	4.215071e+02	3.343574e+02	7.886458e+01	4.245028e+01	2.864680e+01
184	5.364431e+00	2.624428e+03	4.211797e+02	3.359871e+02	7.892185e+01	4.233968e+01	2.847657e+01
185	5.393586e+00	2.630326e+03	4.207285e+02	3.376651e+02	7.898359e+01	4.240166e+01	2.828700e+01
186	5.422741e+00	2.619139e+03	4.205786e+02	3.394537e+02	7.856725e+01	4.244505e+01	2.808790e+01
187	5.451895e+00	2.624948e+03	4.204712e+02	3.409370e+02	7.887797e+01	4.237162e+01	2.802732e+01
188	5.481050e+00	2.627653e+03	4.202917e+02	3.427390e+02	7.860763e+01	4.256116e+01	2.730654e+01
189	5.510204e+00	2.634155e+03	4.198908e+02	3.459052e+02	7.891371e+01	4.250098e+01	2.596547e+01
190	5.539359e+00	2.616142e+03	4.196780e+02	3.475665e+02	7.849901e+01	4.243334e+01	2.564890e+01
191	5.568513e+00	2.630789e+03	4.196130e+02	3.491003e+02	7.873407e+01	4.254353e+01	2.533335e+01
192	5.597668e+00	2.628293e+03	4.194236e+02	3.506728e+02	7.852340e+01	4.261719e+01	2.456127e+01
193	5.626822e+00	2.609600e+03	4.192431e+02	3.522923e+02	7.829485e+01	4.243761e+01	2.426921e+01
194	5.655977e+00	2.615492e+03	4.190591e+02	3.539060e+02	7.838718e+01	4.248332e+01	2.429021e+01
195	5.685131e+00	2.613686e+03	4.188399e+02	3.555410e+02	7.837643e+01	4.245981e+01	2.394238e+01
196	5.714286e+00	2.628102e+03	4.186971e+02	3.572611e+02	7.884728e+01	4.243904e+01	2.386304e+01
197	5.743440e+00	2.616702e+03	4.184392e+02	3.589917e+02	7.827618e+01	4.256326e+01	2.327531e+01
198	5.772595e+00	2.631317e+03	4.182671e+02	3.604955e+02	7.879326e+01	4.252010e+01	2.345430e+01
199	5.801749e+00	2.621650e+03	4.181184e+02	3.621005e+02	7.828617e+01	4.263829e+01	2.321848e+01
200	5.830904e+00	2.624164e+03	4.181127e+02	3.636943e+02	7.856197e+01	4.252935e+01	2.275062e+01
201	5.860058e+00	2.606372e+03	4.178770e+02	3.654241e+02	7.805236e+01	4.251680e+01	2.196692e+01
202	5.889213e+00	2.622465e+03	4.179572e+02	3.670338e+02	7.849949e+01	4.253564e+01	2.193664e+01
203	5.918367e+00	2.632602e+03	4.179583e+02	3.684984e+02	7.906030e+01	4.239716e+01	2.178291e+01
204	5.947522e+00	2.642066e+03	4.178582e+02	3.703151e+02	7.908707e+01	4.253518e+01	2.194043e+01
205	5.976676e+00	2.619795e+03	4.177428e+02	3.720762e+02	7.869371e+01	4.238747e+01	2.173321e+01
206	6.005831e+00	2.636104e+03	4.175660e+02	3.737978e+02	7.922950e+01	4.236290e+01	2.144119e+01
207	6.034985e+00	2.635714e+03	4.172474e+02	3.754814e+02	7.856196e+01	4.271655e+01	2.211686e+01
208	6.064140e+00	2.634569e+03	4.169969e+02	3.770972e+02	7.908428e+01	4.241598e+01	2.221642e+01
209	6.093294e+00	2.638481e+03	4.168150e+02	3.788556e+02	7.902528e+01	4.251068e+01	2.220415e+01
210	6.122449e+00	2.640163e+03	4.166862e+02	3.805720e+02	7.899457e+01	4.255433e+01	2.226649e+01
211	6.151603e+00	2.629037e+03	4.165794e+02	3.821576e+02	7.883189e+01	4.246243e+01	2.199653e+01
212	6.180758e+00	2.626328e+03	4.165187e+02	3.837746e+02	7.859485e+01	4.254662e+01	2.161093e+01
213	6.209913e+00	2.630054e+03	4.164963e+02	3.854274e+02	7.875154e+01	4.252220e+01	2.140599e+01
214	6.239067e+00	2.631376e+03	4.163979e+02	3.869972e+02	7.877485e+01	4.253098e+01	2.147481e+01
215	6.268222e+00	2.633751e+03	4.161557e+02	3.888845e+02	7.842099e+01	4.276147e+01	2.109182e+01
216	6.297376e+00	2.639608e+03	4.160426e+02	3.905192e+02	7.889243e+01	4.260045e+01	2.070154e+01
217	6.326531e+00	2.642368e+03	4.159117e+02	3.921826e+02	7.897634e+01	4.259969e+01	2.092773e+01
218	6.355685e+00	2.646858e+03	4.157829e+02	3.938858e+02	7.882864e+01	4.275202e+01	2.148533e+01
219	6.384840e+00	2.635700e+03	4.154335e+02	3.956008e+02	7.854472e+01	4.272569e+01	2.188488e+01
220	6.413994e+00	2.632861e+03	4.145731e+02	4.004700e+02	7.865676e+01	4.261887e+01	2.199910e+01
221	6.443149e+00	2.639031e+03	4.143435e+02	4.020707e+02	7.881811e+01	4.263131e+01	2.209072e+01
222	6.472303e+00	2.634140e+03	4.139989e+02	4.037220e+02	7.861507e+01	4.266220e+01	2.255175e+01
223	6.501458e+00	2.633791e+03	4.137812e+02	4.051332e+02	7.874267e+01	4.258742e+01	2.320920e+01
224	6.530612e+00	2.640070e+03	4.135771e+02	4.067074e+02	7.908530e+01	4.250401e+01	2.334366e+01
225	6.559767e+00	2.640094e+03	4.131614e+02	4.083438e+02	7.892960e+01	4.258823e+01	2.366842e+01
226	6.588921e+00	2.640608e+03	4.128105e+02	4.101100e+02	7.913419e+01	4.248640e+01	2.489470e+01
227	6.618076e+00	2.654662e+03	4.122807e+02	4.117855e+02	7.906122e+01	4.275195e+01	2.562475e+01
228	6.647230e+00	2.648156e+03	4.118780e+02	4.132463e+02	7.902734e+01	4.266544e+01	2.633366e+01
229	6.676385e+00	2.658214e+03	4.113792e+02	4.149932e+02	7.932697e+01	4.266573e+01	2.678228e+01
230	6.705539e+00	2.638997e+03	4.109815e+02	4.167673e+02	7.881048e+01	4.263489e+01	2.704271e+01
231	6.734694e+00	2.642869e+03	4.108477e+02	4.181569e+02	7.919315e+01	4.249112e+01	2.648793e+01
232	6.763848e+00	2.642326e+03	4.106345e+02	4.198766e+02	7.882368e+01	4.268152e+01	2.586316e+01
233	6.793003e+00	2.650028e+03	4.105313e+02	4.216231e+02	7.893698e+01	4.274448e+01	2.495104e+01
234	6.822157e+00	2.648967e+03	4.104977e+02	4.232343e+02	7.907917e+01	4.265054e+01	2.462211e+01
235	6.851312e+00	2.659069e+03	4.103864e+02	4.249810e+02	7.945739e+01	4.260939e+01	2.426451e+01
236	6.880466e+00	2.631731e+03	4.100659e+02	4.268120e+02	7.887705e+01	4.248161e+01	2.380001e+01
237	6.909621e+00	2.636294e+03	4.098159e+02	4.284189e+02	7.895801e+01	4.251163e+01	2.398707e+01
238	6.938776e+00	2.654784e+03	4.091995e+02	4.302018e+02	7.902736e+01	4.277223e+01	2.540759e+01
239	6.967930e+00	2.656427e+03	4.087648e+02	4.317434e+02	7.931166e+01	4.264528e+01	2.532443e+01
240	6.997085e+00	2.659162e+03	4.084997e+02	4.332010e+02	7.897259e+01	4.287248e+01	2.549619e+01
241	7.026239e+00	2.670196e+03	4.081829e+02	4.348184e+02	7.918838e+01	4.293306e+01	2.550357e+01
242	7.055394e+00	2.658306e+03	4.079602e+02	4.364688e+02	7.880740e+01	4.294851e+01	2.561687e+01
243	7.084548e+00	2.654281e+03	4.076907e+02	4.380241e+02	7.912723e+01	4.271014e+01	2.534269e+01
244	7.113703e+00	2.641736e+03	4.073024e+02	4.398255e+02	7.876775e+01	4.270228e+01	2.487442e+01
245	7.142857e+00	2.651473e+03	4.068627e+02	4.415392e+02	7.892554e+01	4.277399e+01	2.527992e+01
246	7.172012e+00	2.636384e+03	4.064708e+02	4.431505e+02	7.865350e+01	4.267767e+01	2.589655e+01
247	7.201166e+00	2.655958e+03	4.061579e+02	4.445678e+02	7.907372e+01	4.276604e+01	2.650461e+01
248	7.230321e+00	2.652530e+03	4.059566e+02	4.460180e+02	7.898451e+01	4.275910e+01	2.667914e+01
249	7.259475e+00	2.657682e+03	4.053375e+02	4.478049e+02	7.886309e+01	4.290811e+01	2.641491e+01
250	7.288630e+00	2.651849e+03	4.048732e+02	4.494801e+02	7.903450e+01	4.272107e+01	2.730996e+01
251	7.317784e+00	2.656142e+03	4.046398e+02	4.508884e+02	7.911077e+01	4.274898e+01	2.765785e+01
252	7.346939e+00	2.657414e+03	4.042396e+02	4.523741e+02	7.905087e+01	4.280186e+01	2.737414e+01
253	7.376093e+00	2.662168e+03	4.037539e+02	4.540918e+02	7.891576e+01	4.295184e+01	2.777971e+01
254	7.405248e+00	2.662562e+03	4.032271e+02	4.556108e+02	7.894247e+01	4.294366e+01	2.831419e+01
255	7.434402e+00	2.655212e+03	4.026975e+02	4.571494e+02	7.890051e+01	4.284790e+01	2.825431e+01
256	7.463557e+00	2.651182e+03	4.022483e+02	4.586863e+02	7.876131e+01	4.285848e+01	2.852922e+01
257	7.492711e+00	2.656943e+03	4.017516e+02	4.603991e+02	7.896816e+01	4.283910e+01	2.894778e+01
258	7.521866e+00	2.664682e+03	4.011407e+02	4.620280e+02	7.923067e+01	4.282153e+01	2.919428e+01
259	7.551020e+00	2.665077e+03	4.007476e+02	4.635152e+02	7.900550e+01	4.294994e+01	2.953658e+01
260	7.580175e+00	2.666026e+03	4.001572e+02	4.654130e+02	7.891368e+01	4.301522e+01	2.940529e+01
261	7.609329e+00	2.674940e+03	3.996519e+02	4.669562e+02	7.945193e+01	4.286666e+01	3.009077e+01
262	7.638484e+00	2.660873e+03	3.992001e+02	4.685466e+02	7.907912e+01	4.284227e+01	3.030647e+01
263	7.667638e+00	2.671906e+03	3.988577e+02	4.700173e+02	7.916380e+01	4.297388e+01	3.042132e+01
264	7.696793e+00	2.666540e+03	3.982029e+02	4.717115e+02	7.905548e+01	4.294635e+01	3.071608e+01
265	7.725948e+00	2.663134e+03	3.976532e+02	4.733568e+02	7.904090e+01	4.289940e+01	3.126400e+01
266	7.755102e+00	2.644259e+03	3.971620e+02	4.749755e+02	7.861572e+01	4.282573e+01	3.141508e+01
267	7.784257e+00	2.651540e+03	3.966084e+02	4.766299e+02	7.850378e+01	4.300488e+01	3.209132e+01
268	7.813411e+00	2.647504e+03	3.959507e+02	4.781488e+02	7.870630e+01	4.282893e+01	3.251276e+01
269	7.842566e+00	2.657164e+03	3.953001e+02	4.797208e+02	7.883778e+01	4.291352e+01	3.356840e+01
270	7.871720e+00	2.672981e+03	3.945583e+02	4.812367e+02	7.903955e+01	4.305876e+01	3.416188e+01
271	7.900875e+00	2.668682e+03	3.939717e+02	4.826215e+02	7.926770e+01	4.286577e+01	3.478976e+01
272	7.930029e+00	2.664855e+03	3.933517e+02	4.841608e+02	7.912452e+01	4.288177e+01	3.488554e+01
273	7.959184e+00	2.660742e+03	3.927723e+02	4.857595e+02	7.915983e+01	4.279647e+01	3.492202e+01
274	7.988338e+00	2.661116e+03	3.921397e+02	4.871596e+02	7.894809e+01	4.291728e+01	3.601653e+01
275	8.017493e+00	2.666506e+03	3.914485e+02	4.888579e+02	7.895451e+01	4.300072e+01	3.636563e+01
276	8.046647e+00	2.671513e+03	3.908725e+02	4.902279e+02	7.896114e+01	4.307785e+01	3.639445e+01
277	8.075802e+00	2.679453e+03	3.900196e+02	4.918073e+02	7.943861e+01	4.294619e+01	3.668377e+01
278	8.104956e+00	2.664713e+03	3.893748e+02	4.932901e+02	7.893449e+01	4.298271e+01	3.608281e+01
279	8.134111e+00	2.675803e+03	3.887465e+02	4.947085e+02	7.926511e+01	4.298156e+01	3.658010e+01
280	8.163265e+00	2.670612e+03	3.881130e+02	4.961512e+02	7.908588e+01	4.299540e+01	3.678519e+01
281	8.192420e+00	2.667077e+03	3.872389e+02	4.976418e+02	7.910856e+01	4.292617e+01	3.681152e+01
282	8.221574e+00	2.675134e+03	3.867130e+02	4.991335e+02	7.940703e+01	4.289401e+01	3.661945e+01
283	8.250729e+00	2.678195e+03	3.861166e+02	5.005448e+02	7.938172e+01	4.295678e+01	3.664244e+01
284	8.279883e+00	2.672753e+03	3.853419e+02	5.021711e+02	7.931871e+01	4.290356e+01	3.685160e+01
285	8.309038e+00	2.681182e+03	3.846586e+02	5.037104e+02	7.949109e+01	4.294553e+01	3.697608e+01
286	8.338192e+00	2.688249e+03	3.839238e+02	5.050171e+02	7.985245e+01	4.286388e+01	3.758582e+01
287	8.367347e+00	2.678368e+03	3.832473e+02	5.065395e+02	7.923618e+01	4.303848e+01	3.760782e+01
288	8.396501e+00	2.680671e+03	3.826717e+02	5.080925e+02	7.931768e+01	4.303121e+01	3.731406e+01
289	8.425656e+00	2.671859e+03	3.821989e+02	5.095150e+02	7.909733e+01	4.300924e+01	3.676485e+01
290	8.454810e+00	2.675676e+03	3.815381e+02	5.111307e+02	7.912943e+01	4.305322e+01	3.655337e+01
291	8.483965e+00	2.673024e+03	3.812058e+02	5.126358e+02	7.920309e+01	4.297055e+01	3.598523e+01
292	8.513120e+00	2.670180e+03	3.806076e+02	5.139917e+02	7.922121e+01	4.291501e+01	3.538019e+01
293	8.542274e+00	2.681690e+03	3.798411e+02	5.156171e+02	7.912878e+01	4.315034e+01	3.507993e+01
294	8.571429e+00	2.679159e+03	3.793983e+02	5.170609e+02	7.913855e+01	4.310429e+01	3.513531e+01
295	8.600583e+00	2.697862e+03	3.788335e+02	5.185242e+02	7.942631e+01	4.324795e+01	3.542165e+01
296	8.629738e+00	2.688878e+03	3.782734e+02	5.200228e+02	7.922099e+01	4.321564e+01	3.517698e+01
297	8.658892e+00	2.678893e+03	3.777343e+02	5.214366e+02	7.915523e+01	4.309094e+01	3.464429e+01
298	8.688047e+00	2.696362e+03	3.772243e+02	5.229055e+02	7.967827e+01	4.308722e+01	3.480093e+01
299	8.717201e+00	2.701375e+03	3.767106e+02	5.242041e+02	7.970647e+01	4.315205e+01	3.447617e+01
300	8.746356e+00	2.689231e+03	3.761783e+02	5.257733e+02	7.937870e+01	4.313544e+01	3.472005e+01
301	8.775510e+00	2.688989e+03	3.754970e+02	5.273384e+02	7.963849e+01	4.299086e+01	3.495776e+01
302	8.804665e+00	2.677199e+03	3.749686e+02	5.287061e+02	7.944650e+01	4.290581e+01	3.488091e+01
303	8.833819e+00	2.679983e+03	3.742428e+02	5.302802e+02	7.926066e+01	4.305113e+01	3.584609e+01
304	8.862974e+00	2.683098e+03	3.736980e+02	5.317704e+02	7.944981e+01	4.299855e+01	3.562842e+01
305	8.892128e+00	2.686956e+03	3.730793e+02	5.331550e+02	7.947056e+01	4.304914e+01	3.620846e+01
306	8.921283e+00	2.691427e+03	3.722038e+02	5.347451e+02	7.963665e+01	4.303084e+01	3.647640e+01
307	8.950437e+00	2.693351e+03	3.716168e+02	5.360055e+02	7.974966e+01	4.300057e+01	3.659510e+01
308	8.979592e+00	2.691294e+03	3.709809e+02	5.373540e+02	7.952576e+01	4.308870e+01	3.654870e+01
309	9.008746e+00	2.693748e+03	3.702053e+02	5.388213e+02	7.958054e+01	4.309831e+01	3.669588e+01
310	9.037901e+00	2.688176e+03	3.695936e+02	5.402118e+02	7.955970e+01	4.302042e+01	3.692340e+01
311	9.067055e+00	2.688169e+03	3.688947e+02	5.417396e+02	7.951646e+01	4.304371e+01	3.666645e+01
312	9.096210e+00	2.688643e+03	3.684821e+02	5.431895e+02	7.925028e+01	4.319590e+01	3.584751e+01
313	9.125364e+00	2.700375e+03	3.680489e+02	5.445226e+02	7.959264e+01	4.319777e+01	3.523855e+01
314	9.154519e+00	2.678167e+03	3.675613e+02	5.459066e+02	7.920761e+01	4.305077e+01	3.461631e+01
315	9.183673e+00	2.684165e+03	3.667870e+02	5.472275e+02	7.932532e+01	4.308315e+01	3.493218e+01
316	9.212828e+00	2.692961e+03	3.660909e+02	5.485347e+02	7.959433e+01	4.307825e+01	3.539110e+01
317	9.241983e+00	2.675826e+03	3.657183e+02	5.495272e+02	7.904074e+01	4.310394e+01	3.561235e+01
318	9.271137e+00	2.685595e+03	3.651774e+02	5.507710e+02	7.935957e+01	4.308750e+01	3.576612e+01
319	9.300292e+00	2.684936e+03	3.646735e+02	5.521145e+02	7.907658e+01	4.323109e+01	3.541404e+01
320	9.329446e+00	2.668896e+03	3.640686e+02	5.537506e+02	7.902960e+01	4.299837e+01	3.583945e+01
321	9.358601e+00	2.683042e+03	3.634602e+02	5.550793e+02	7.932799e+01	4.306369e+01	3.556875e+01
322	9.387755e+00	2.703855e+03	3.628364e+02	5.563516e+02	7.933282e+01	4.339509e+01	3.608489e+01
323	9.416910e+00	2.681937e+03	3.624518e+02	5.577410e+02	7.932681e+01	4.304658e+01	3.510104e+01
324	9.446064e+00	2.681573e+03	3.618326e+02	5.592785e+02	7.910001e+01	4.316416e+01	3.481393e+01
325	9.475219e+00	2.689531e+03	3.615579e+02	5.606016e+02	7.942591e+01	4.311460e+01	3.470512e+01
326	9.504373e+00	2.688810e+03	3.609378e+02	5.622390e+02	7.919004e+01	4.323143e+01	3.482114e+01
327	9.533528e+00	2.690423e+03	3.604947e+02	5.634780e+02	7.944659e+01	4.311768e+01	3.401027e+01
328	9.562682e+00	2.681343e+03	3.601187e+02	5.650121e+02	7.901402e+01	4.320743e+01	3.279845e+01
329	9.591837e+00	2.692037e+03	3.599087e+02	5.663517e+02	7.913639e+01	4.331267e+01	3.157955e+01
330	9.620991e+00	2.690699e+03	3.595382e+02	5.676367e+02	7.923389e+01	4.323786e+01	3.102150e+01
331	9.650146e+00	2.684451e+03	3.592412e+02	5.691088e+02	7.901913e+01	4.325470e+01	3.030219e+01
332	9.679300e+00	2.685851e+03	3.590472e+02	5.705098e+02	7.943181e+01	4.305241e+01	2.960197e+01
333	9.708455e+00	2.690298e+03	3.587438e+02	5.722275e+02	7.959574e+01	4.303489e+01	2.896027e+01
334	9.737609e+00	2.675446e+03	3.583913e+02	5.738023e+02	7.928673e+01	4.296410e+01	2.886987e+01
335	9.766764e+00	2.684741e+03	3.579512e+02	5.752474e+02	7.922085e+01	4.314923e+01	2.872177e+01
336	9.795918e+00	2.685501e+03	3.574875e+02	5.767776e+02	7.921213e+01	4.316619e+01	2.849501e+01
337	9.825073e+00	2.687435e+03	3.571417e+02	5.781491e+02	7.956538e+01	4.300549e+01	2.905852e+01
338	9.854227e+00	2.701551e+03	3.567568e+02	5.797847e+02	7.958771e+01	4.321925e+01	2.822252e+01
339	9.883382e+00	2.690422e+03	3.563715e+02	5.812957e+02	7.921262e+01	4.324503e+01	2.852689e+01
340	9.912536e+00	2.694639e+03	3.558481e+02	5.827507e+02	7.937206e+01	4.322581e+01	2.877621e+01
341	9.941691e+00	2.697894e+03	3.551657e+02	5.842674e+02	7.956382e+01	4.317371e+01	2.953201e+01
342	9.970845e+00	2.690090e+03	3.546469e+02	5.857153e+02	7.932561e+01	4.317810e+01	2.970904e+01
343	1.000000e+01	2.703088e+03	3.540011e+02	5.871498e+02	7.953824e+01	4.327074e+01	3.001053e+01
344	1.002915e+01	2.703842e+03	3.536343e+02	5.884598e+02	7.982079e+01	4.312960e+01	2.972032e+01
345	1.005831e+01	2.690079e+03	3.530910e+02	5.897473e+02	7.937781e+01	4.314954e+01	2.977523e+01
346	1.008746e+01	2.693498e+03	3.525770e+02	5.912496e+02	7.926294e+01	4.326699e+01	2.988985e+01
347	1.011662e+01	2.687118e+03	3.521733e+02	5.927902e+02	7.911990e+01	4.324253e+01	2.969109e+01
348	1.014577e+01	2.694657e+03	3.517491e+02	5.942961e+02	7.914484e+01	4.335019e+01	2.968764e+01
349	1.017493e+01	2.686347e+03	3.512421e+02	5.956687e+02	7.876653e+01	4.342407e+01	2.945795e+01
350	1.020408e+01	2.685263e+03	3.507909e+02	5.969764e+02	7.935435e+01	4.308500e+01	3.016296e+01
351	1.023324e+01	2.702233e+03	3.502054e+02	5.983421e+02	7.948948e+01	4.328359e+01	2.991658e+01
352	1.026239e+01	2.683393e+03	3.497375e+02	5.996442e+02	7.931967e+01	4.307384e+01	3.004802e+01
353	1.029155e+01	2.688503e+03	3.493121e+02	6.012029e+02	7.923395e+01	4.320255e+01	3.000145e+01
354	1.032070e+01	2.694056e+03	3.487788e+02	6.025408e+02	7.931042e+01	4.325003e+01	3.045942e+01
355	1.034985e+01	2.720018e+03	3.478557e+02	6.040928e+02	7.938135e+01	4.362782e+01	3.157893e+01
356	1.037901e+01	2.695610e+03	3.477028e+02	6.051961e+02	7.945345e+01	4.319709e+01	3.087290e+01
357	1.040816e+01	2.691351e+03	3.472152e+02	6.064168e+02	7.953706e+01	4.308350e+01	3.142011e+01
358	1.043732e+01	2.691677e+03	3.468129e+02	6.077035e+02	7.960773e+01	4.305046e+01	3.087580e+01
359	1.046647e+01	2.728974e+03	3.459772e+02	6.090408e+02	7.891562e+01	4.402978e+01	3.197500e+01
360	1.049563e+01	2.685458e+03	3.458372e+02	6.106577e+02	7.911041e+01	4.322100e+01	3.072396e+01
361	1.052478e+01	2.701309e+03	3.456646e+02	6.118535e+02	7.954655e+01	4.323775e+01	3.060629e+01
362	1.055394e+01	2.683374e+03	3.451505e+02	6.132168e+02	7.942322e+01	4.301737e+01	3.036283e+01
363	1.058309e+01	2.696000e+03	3.446113e+02	6.146312e+02	7.924165e+01	4.331881e+01	3.095734e+01
364	1.061224e+01	2.687940e+03	3.440635e+02	6.158841e+02	7.937117e+01	4.311883e+01	3.175502e+01
365	1.064140e+01	2.685368e+03	3.437100e+02	6.171218e+02	7.907966e+01	4.323635e+01	3.145734e+01
366	1.067055e+01	2.700427e+03	3.431472e+02	6.186099e+02	7.964404e+01	4.317072e+01	3.174712e+01
367	1.069971e+01	2.692486e+03	3.427337e+02	6.197541e+02	7.936543e+01	4.319487e+01	3.161461e+01
368	1.072886e+01	2.696835e+03	3.422525e+02	6.212069e+02	7.961445e+01	4.312933e+01	3.151152e+01
369	1.075802e+01	2.675512e+03	3.416351e+02	6.227861e+02	7.857809e+01	4.335264e+01	3.124506e+01
370	1.078717e+01	2.688405e+03	3.411236e+02	6.242198e+02	7.913262e+01	4.325629e+01	3.218495e+01
371	1.081633e+01	2.695634e+03	3.403598e+02	6.255900e+02	7.900061e+01	4.344508e+01	3.260695e+01
372	1.084548e+01	2.684467e+03	3.400242e+02	6.269001e+02	7.909232e+01	4.321493e+01	3.216818e+01
373	1.087464e+01	2.691764e+03	3.396510e+02	6.281578e+02	7.882630e+01	4.347864e+01	3.183990e+01
374	1.090379e+01	2.684555e+03	3.393198e+02	6.296297e+02	7.903838e+01	4.324585e+01	3.103058e+01
375	1.093294e+01	2.666828e+03	3.386801e+02	6.311438e+02	7.873091e+01	4.312804e+01	3.139296e+01
376	1.096210e+01	2.675952e+03	3.381628e+02	6.324413e+02	7.901489e+01	4.312008e+01	3.170013e+01
377	1.099125e+01	2.724063e+03	3.373568e+02	6.337230e+02	7.806345e+01	4.443034e+01	3.265979e+01
378	1.102041e+01	2.690277e+03	3.378611e+02	6.349051e+02	7.920328e+01	4.324780e+01	3.110170e+01
379	1.104956e+01	2.679137e+03	3.384669e+02	6.356609e+02	7.913647e+01	4.310508e+01	3.008925e+01
380	1.107872e+01	2.707189e+03	3.388553e+02	6.359976e+02	7.865533e+01	4.382285e+01	2.908412e+01
381	1.110787e+01	2.679053e+03	3.394843e+02	6.360200e+02	7.898918e+01	4.318409e+01	2.745311e+01
