1	2.888504e-02	2.578180e+03	4.063297e+02	3.543759e+02	7.877536e+01	4.167091e+01	6.861404e+01
2	5.777008e-02	2.571838e+03	4.063667e+02	3.543649e+02	7.897594e+01	4.146283e+01	6.818992e+01
3	8.665511e-02	2.572152e+03	4.063675e+02	3.545276e+02	7.890511e+01	4.150511e+01	6.770438e+01
4	1.155402e-01	2.572768e+03	4.062488e+02	3.545700e+02	7.887311e+01	4.153189e+01	6.770248e+01
5	1.444252e-01	2.577013e+03	4.062878e+02	3.546622e+02	7.888830e+01	4.159241e+01	6.722942e+01
6	1.733102e-01	2.586924e+03	4.064423e+02	3.546900e+02	7.914548e+01	4.161671e+01	6.695557e+01
7	2.021953e-01	2.578788e+03	4.065789e+02	3.547925e+02	7.889737e+01	4.161628e+01	6.658258e+01
8	2.310803e-01	2.582241e+03	4.065974e+02	3.549138e+02	7.896315e+01	4.163729e+01	6.606761e+01
9	2.599653e-01	2.573091e+03	4.065705e+02	3.550054e+02	7.874301e+01	4.160574e+01	6.551740e+01
10	2.888504e-01	2.560675e+03	4.064994e+02	3.551207e+02	7.858714e+01	4.148709e+01	6.567601e+01
11	3.177354e-01	2.575567e+03	4.066308e+02	3.551245e+02	7.869885e+01	4.166914e+01	6.532362e+01
12	3.466205e-01	2.578324e+03	4.067473e+02	3.551562e+02	7.908414e+01	4.151052e+01	6.536395e+01
13	3.755055e-01	2.570122e+03	4.066791e+02	3.552908e+02	7.875695e+01	4.155038e+01	6.460053e+01
14	4.043905e-01	2.572163e+03	4.068744e+02	3.553490e+02	7.858686e+01	4.167337e+01	6.421747e+01
15	4.332756e-01	2.583836e+03	4.067983e+02	3.553362e+02	7.898631e+01	4.165078e+01	6.434052e+01
16	4.621606e-01	2.587207e+03	4.067826e+02	3.555262e+02	7.873495e+01	4.183826e+01	6.381821e+01
17	4.910456e-01	2.567145e+03	4.068332e+02	3.554727e+02	7.847185e+01	4.165304e+01	6.376741e+01
18	5.199307e-01	2.575068e+03	4.070355e+02	3.555047e+02	7.862171e+01	4.170195e+01	6.317919e+01
19	5.488157e-01	2.584606e+03	4.072635e+02	3.554632e+02	7.874063e+01	4.179319e+01	6.296038e+01
20	5.777008e-01	2.584977e+03	4.072021e+02	3.557076e+02	7.878472e+01	4.177580e+01	6.240943e+01
21	6.065858e-01	2.576012e+03	4.073424e+02	3.556259e+02	7.878309e+01	4.163177e+01	6.207454e+01
22	6.354708e-01	2.584230e+03	4.073601e+02	3.557731e+02	7.902159e+01	4.163854e+01	6.223478e+01
23	6.643559e-01	2.566530e+03	4.073884e+02	3.557558e+02	7.843221e+01	4.166411e+01	6.165622e+01
24	6.932409e-01	2.586162e+03	4.074320e+02	3.559658e+02	7.877802e+01	4.179850e+01	6.098964e+01
25	7.221259e-01	2.560907e+03	4.073884e+02	3.561583e+02	7.858286e+01	4.149311e+01	6.105780e+01
26	7.510110e-01	2.579856e+03	4.075508e+02	3.561045e+02	7.890189e+01	4.163113e+01	6.035083e+01
27	7.798960e-01	2.582918e+03	4.075860e+02	3.562113e+02	7.865650e+01	4.181057e+01	6.009369e+01
28	8.087811e-01	2.571965e+03	4.074998e+02	3.562624e+02	7.887476e+01	4.151806e+01	6.006267e+01
29	8.376661e-01	2.584368e+03	4.075254e+02	3.564792e+02	7.861349e+01	4.185693e+01	5.964711e+01
30	8.665511e-01	2.574631e+03	4.076269e+02	3.564889e+02	7.888087e+01	4.155789e+01	5.942900e+01
31	8.954362e-01	2.574541e+03	4.077148e+02	3.566484e+02	7.859219e+01	4.170908e+01	5.919349e+01
32	9.243212e-01	2.576633e+03	4.077102e+02	3.567521e+02	7.870106e+01	4.168523e+01	5.852103e+01
33	9.532062e-01	2.580646e+03	4.077585e+02	3.567650e+02	7.847234e+01	4.187184e+01	5.802094e+01
34	9.820913e-01	2.577654e+03	4.078244e+02	3.569621e+02	7.890463e+01	4.159415e+01	5.818537e+01
35	1.010976e+00	2.572197e+03	4.080552e+02	3.568086e+02	7.859168e+01	4.167136e+01	5.763956e+01
36	1.039861e+00	2.583670e+03	4.080019e+02	3.569657e+02	7.894903e+01	4.166778e+01	5.713307e+01
37	1.068746e+00	2.591942e+03	4.080184e+02	3.569909e+02	7.894194e+01	4.180494e+01	5.696718e+01
38	1.097631e+00	2.580981e+03	4.080652e+02	3.570852e+02	7.876829e+01	4.171992e+01	5.681463e+01
39	1.126516e+00	2.573075e+03	4.080091e+02	3.571379e+02	7.849032e+01	4.173942e+01	5.630778e+01
40	1.155402e+00	2.567780e+03	4.082818e+02	3.571190e+02	7.836315e+01	4.172113e+01	5.631565e+01
41	1.184287e+00	2.572392e+03	4.081459e+02	3.573547e+02	7.841005e+01	4.177106e+01	5.615092e+01
42	1.213172e+00	2.576981e+03	4.082271e+02	3.574468e+02	7.857042e+01	4.176017e+01	5.587696e+01
43	1.242057e+00	2.571392e+03	4.082309e+02	3.574883e+02	7.867477e+01	4.161434e+01	5.519134e+01
44	1.270942e+00	2.576742e+03	4.084463e+02	3.576441e+02	7.876803e+01	4.165155e+01	5.485441e+01
45	1.299827e+00	2.583934e+03	4.084024e+02	3.576790e+02	7.861634e+01	4.184839e+01	5.454340e+01
46	1.328712e+00	2.584357e+03	4.085445e+02	3.577706e+02	7.863925e+01	4.184304e+01	5.416379e+01
47	1.357597e+00	2.567648e+03	4.085616e+02	3.578160e+02	7.829301e+01	4.175636e+01	5.406306e+01
48	1.386482e+00	2.569408e+03	4.086342e+02	3.579315e+02	7.833208e+01	4.176414e+01	5.358027e+01
49	1.415367e+00	2.582465e+03	4.086047e+02	3.580388e+02	7.854295e+01	4.186367e+01	5.367272e+01
50	1.444252e+00	2.599543e+03	4.085765e+02	3.581539e+02	7.887729e+01	4.196190e+01	5.330468e+01
51	1.473137e+00	2.590309e+03	4.087946e+02	3.582000e+02	7.854349e+01	4.199054e+01	5.283809e+01
52	1.502022e+00	2.580775e+03	4.088667e+02	3.582866e+02	7.824137e+01	4.199753e+01	5.230582e+01
53	1.530907e+00	2.592599e+03	4.088652e+02	3.583440e+02	7.878243e+01	4.190020e+01	5.193813e+01
54	1.559792e+00	2.587491e+03	4.087695e+02	3.585092e+02	7.848005e+01	4.197877e+01	5.161893e+01
55	1.588677e+00	2.580273e+03	4.088137e+02	3.586175e+02	7.826067e+01	4.197901e+01	5.147142e+01
56	1.617562e+00	2.587343e+03	4.090190e+02	3.584831e+02	7.839034e+01	4.202441e+01	5.141338e+01
57	1.646447e+00	2.598168e+03	4.088704e+02	3.587866e+02	7.849563e+01	4.214362e+01	5.091944e+01
58	1.675332e+00	2.589063e+03	4.089175e+02	3.587523e+02	7.860018e+01	4.194008e+01	5.115296e+01
59	1.704217e+00	2.591511e+03	4.087681e+02	3.589684e+02	7.871765e+01	4.191709e+01	5.050843e+01
60	1.733102e+00	2.585367e+03	4.089369e+02	3.589999e+02	7.826637e+01	4.205882e+01	5.022697e+01
61	1.761987e+00	2.576492e+03	4.091319e+02	3.590075e+02	7.794118e+01	4.208931e+01	4.991587e+01
62	1.790872e+00	2.604124e+03	4.092341e+02	3.590709e+02	7.891158e+01	4.201758e+01	4.969402e+01
63	1.819757e+00	2.593726e+03	4.092934e+02	3.592536e+02	7.828159e+01	4.218660e+01	4.924342e+01
64	1.848642e+00	2.600945e+03	4.093515e+02	3.594061e+02	7.865050e+01	4.210560e+01	4.886312e+01
65	1.877527e+00	2.608916e+03	4.094108e+02	3.593627e+02	7.898122e+01	4.205778e+01	4.853141e+01
66	1.906412e+00	2.600868e+03	4.093780e+02	3.595489e+02	7.823598e+01	4.232742e+01	4.807734e+01
67	1.935298e+00	2.597209e+03	4.095063e+02	3.596069e+02	7.852542e+01	4.211208e+01	4.769595e+01
68	1.964183e+00	2.593448e+03	4.095446e+02	3.598211e+02	7.836517e+01	4.213708e+01	4.734138e+01
69	1.993068e+00	2.589606e+03	4.097207e+02	3.597954e+02	7.841916e+01	4.204570e+01	4.703795e+01
70	2.021953e+00	2.591381e+03	4.097225e+02	3.599643e+02	7.861732e+01	4.196847e+01	4.651926e+01
71	2.050838e+00	2.599971e+03	4.097781e+02	3.600998e+02	7.850270e+01	4.216908e+01	4.644085e+01
72	2.079723e+00	2.593851e+03	4.098505e+02	3.600762e+02	7.829046e+01	4.218386e+01	4.584829e+01
73	2.108608e+00	2.593014e+03	4.099523e+02	3.599915e+02	7.849402e+01	4.206088e+01	4.563205e+01
74	2.137493e+00	2.612150e+03	4.099648e+02	3.603004e+02	7.879125e+01	4.221144e+01	4.515004e+01
75	2.166378e+00	2.600507e+03	4.101728e+02	3.602838e+02	7.866743e+01	4.208944e+01	4.498930e+01
76	2.195263e+00	2.594998e+03	4.102724e+02	3.603722e+02	7.867239e+01	4.199764e+01	4.447723e+01
77	2.224148e+00	2.596795e+03	4.102533e+02	3.604678e+02	7.859995e+01	4.206545e+01	4.387671e+01
78	2.253033e+00	2.583457e+03	4.104760e+02	3.604095e+02	7.828503e+01	4.201773e+01	4.359142e+01
79	2.281918e+00	2.590820e+03	4.104574e+02	3.604803e+02	7.825237e+01	4.215508e+01	4.307206e+01
80	2.310803e+00	2.590908e+03	4.104746e+02	3.607065e+02	7.828721e+01	4.213774e+01	4.271911e+01
81	2.339688e+00	2.605203e+03	4.106496e+02	3.607283e+02	7.857106e+01	4.221716e+01	4.251777e+01
82	2.368573e+00	2.596336e+03	4.105566e+02	3.609253e+02	7.854389e+01	4.208804e+01	4.221972e+01
83	2.397458e+00	2.597066e+03	4.105925e+02	3.610641e+02	7.841005e+01	4.217172e+01	4.164183e+01
84	2.426343e+00	2.597554e+03	4.107008e+02	3.611409e+02	7.850455e+01	4.212887e+01	4.133218e+01
85	2.455228e+00	2.604872e+03	4.108810e+02	3.611479e+02	7.856887e+01	4.221297e+01	4.067630e+01
86	2.484113e+00	2.603903e+03	4.108796e+02	3.612860e+02	7.852265e+01	4.222211e+01	4.047146e+01
87	2.512998e+00	2.596575e+03	4.108336e+02	3.614264e+02	7.835007e+01	4.219602e+01	4.027062e+01
88	2.541883e+00	2.602420e+03	4.110020e+02	3.615246e+02	7.846395e+01	4.222964e+01	3.970832e+01
89	2.570768e+00	2.611670e+03	4.111086e+02	3.614935e+02	7.873891e+01	4.223175e+01	3.953458e+01
90	2.599653e+00	2.594273e+03	4.112224e+02	3.615967e+02	7.826021e+01	4.220703e+01	3.904212e+01
91	2.628538e+00	2.609936e+03	4.111770e+02	3.617248e+02	7.860919e+01	4.227335e+01	3.908324e+01
92	2.657423e+00	2.596792e+03	4.112632e+02	3.617035e+02	7.835696e+01	4.219585e+01	3.866455e+01
93	2.686308e+00	2.598465e+03	4.113196e+02	3.618192e+02	7.809424e+01	4.236509e+01	3.853918e+01
94	2.715194e+00	2.620209e+03	4.113772e+02	3.619312e+02	7.876366e+01	4.235651e+01	3.818461e+01
95	2.744079e+00	2.620142e+03	4.114298e+02	3.619821e+02	7.849912e+01	4.249816e+01	3.809662e+01
96	2.772964e+00	2.612112e+03	4.116499e+02	3.621296e+02	7.854698e+01	4.234211e+01	3.709415e+01
97	2.801849e+00	2.617304e+03	4.116260e+02	3.621606e+02	7.868427e+01	4.235224e+01	3.712831e+01
98	2.830734e+00	2.597894e+03	4.117602e+02	3.622517e+02	7.839349e+01	4.219409e+01	3.650394e+01
99	2.859619e+00	2.607884e+03	4.118729e+02	3.622478e+02	7.854066e+01	4.227697e+01	3.634352e+01
100	2.888504e+00	2.597823e+03	4.118898e+02	3.623117e+02	7.857994e+01	4.209282e+01	3.627970e+01
101	2.917389e+00	2.606655e+03	4.119839e+02	3.623529e+02	7.856634e+01	4.224324e+01	3.595036e+01
102	2.946274e+00	2.596407e+03	4.120813e+02	3.625002e+02	7.832769e+01	4.220536e+01	3.567623e+01
103	2.975159e+00	2.613096e+03	4.121356e+02	3.625605e+02	7.861288e+01	4.232254e+01	3.501374e+01
104	3.004044e+00	2.610259e+03	4.122537e+02	3.626415e+02	7.848057e+01	4.234787e+01	3.473732e+01
105	3.032929e+00	2.604044e+03	4.122046e+02	3.628656e+02	7.832764e+01	4.232953e+01	3.446756e+01
106	3.061814e+00	2.612632e+03	4.124623e+02	3.627464e+02	7.827772e+01	4.249620e+01	3.347137e+01
107	3.090699e+00	2.602117e+03	4.125089e+02	3.628547e+02	7.818967e+01	4.237284e+01	3.334007e+01
108	3.119584e+00	2.614497e+03	4.126273e+02	3.628828e+02	7.844263e+01	4.243713e+01	3.317169e+01
109	3.148469e+00	2.610217e+03	4.126679e+02	3.631223e+02	7.840215e+01	4.238954e+01	3.291446e+01
110	3.177354e+00	2.611080e+03	4.126648e+02	3.632169e+02	7.833634e+01	4.243918e+01	3.219340e+01
111	3.206239e+00	2.608722e+03	4.127577e+02	3.632977e+02	7.825820e+01	4.244319e+01	3.214309e+01
112	3.235124e+00	2.608544e+03	4.127729e+02	3.633862e+02	7.834268e+01	4.239453e+01	3.198126e+01
113	3.264009e+00	2.594021e+03	4.130072e+02	3.633414e+02	7.827356e+01	4.219573e+01	3.152715e+01
114	3.292894e+00	2.601328e+03	4.129829e+02	3.633761e+02	7.839056e+01	4.225143e+01	3.092603e+01
115	3.321779e+00	2.607436e+03	4.130754e+02	3.635174e+02	7.818769e+01	4.246053e+01	3.091589e+01
116	3.350664e+00	2.603139e+03	4.131566e+02	3.635546e+02	7.842091e+01	4.226448e+01	3.052493e+01
117	3.379549e+00	2.613770e+03	4.132016e+02	3.636422e+02	7.833255e+01	4.248496e+01	3.000792e+01
118	3.408434e+00	2.602733e+03	4.133708e+02	3.637032e+02	7.812774e+01	4.241646e+01	2.977869e+01
119	3.437319e+00	2.609892e+03	4.133376e+02	3.637936e+02	7.845641e+01	4.235496e+01	2.976238e+01
120	3.466205e+00	2.600983e+03	4.133366e+02	3.639795e+02	7.822557e+01	4.233493e+01	2.920197e+01
121	3.495090e+00	2.612881e+03	4.135331e+02	3.638624e+02	7.858795e+01	4.233249e+01	2.911930e+01
122	3.523975e+00	2.615721e+03	4.136266e+02	3.639131e+02	7.857365e+01	4.238622e+01	2.854811e+01
123	3.552860e+00	2.610141e+03	4.137922e+02	3.637911e+02	7.847576e+01	4.234855e+01	2.788454e+01
124	3.581745e+00	2.611034e+03	4.138981e+02	3.639255e+02	7.849309e+01	4.235368e+01	2.768546e+01
125	3.610630e+00	2.609921e+03	4.138656e+02	3.640265e+02	7.831509e+01	4.243186e+01	2.758740e+01
126	3.639515e+00	2.612498e+03	4.139936e+02	3.640305e+02	7.820354e+01	4.253434e+01	2.725521e+01
127	3.668400e+00	2.618806e+03	4.141277e+02	3.639175e+02	7.886018e+01	4.228201e+01	2.690720e+01
128	3.697285e+00	2.607144e+03	4.141505e+02	3.639993e+02	7.837612e+01	4.235370e+01	2.656815e+01
129	3.726170e+00	2.613272e+03	4.140903e+02	3.641372e+02	7.856269e+01	4.235243e+01	2.671420e+01
130	3.755055e+00	2.610142e+03	4.141090e+02	3.641257e+02	7.834624e+01	4.241857e+01	2.653675e+01
131	3.783940e+00	2.606285e+03	4.142393e+02	3.640733e+02	7.830069e+01	4.238053e+01	2.606070e+01
132	3.812825e+00	2.610613e+03	4.142611e+02	3.641256e+02	7.819344e+01	4.250915e+01	2.603876e+01
133	3.841710e+00	2.610690e+03	4.143003e+02	3.643558e+02	7.838562e+01	4.240616e+01	2.563798e+01
134	3.870595e+00	2.619672e+03	4.144733e+02	3.642670e+02	7.847646e+01	4.250281e+01	2.551974e+01
135	3.899480e+00	2.606418e+03	4.143964e+02	3.645139e+02	7.820752e+01	4.243319e+01	2.483057e+01
136	3.928365e+00	2.616159e+03	4.145851e+02	3.644089e+02	7.845564e+01	4.245708e+01	2.453411e+01
137	3.957250e+00	2.614289e+03	4.146633e+02	3.645290e+02	7.834830e+01	4.248486e+01	2.406473e+01
138	3.986135e+00	2.604577e+03	4.146625e+02	3.645599e+02	7.825818e+01	4.237576e+01	2.373655e+01
139	4.015020e+00	2.613236e+03	4.147835e+02	3.645764e+02	7.835989e+01	4.246146e+01	2.377510e+01
140	4.043905e+00	2.614011e+03	4.147889e+02	3.646835e+02	7.833644e+01	4.248677e+01	2.338870e+01
141	4.072790e+00	2.622363e+03	4.148997e+02	3.648374e+02	7.824449e+01	4.267260e+01	2.345881e+01
142	4.101675e+00	2.602152e+03	4.149096e+02	3.648168e+02	7.799146e+01	4.248110e+01	2.326983e+01
143	4.130560e+00	2.622418e+03	4.149393e+02	3.648433e+02	7.846149e+01	4.255548e+01	2.326758e+01
144	4.159445e+00	2.616895e+03	4.149379e+02	3.648992e+02	7.814342e+01	4.263870e+01	2.298242e+01
145	4.188330e+00	2.627309e+03	4.150266e+02	3.648283e+02	7.857476e+01	4.257338e+01	2.262733e+01
146	4.217215e+00	2.615844e+03	4.151895e+02	3.648864e+02	7.834100e+01	4.251408e+01	2.236821e+01
147	4.246101e+00	2.600832e+03	4.152716e+02	3.650625e+02	7.824898e+01	4.231982e+01	2.182688e+01
148	4.274986e+00	2.621936e+03	4.154055e+02	3.651344e+02	7.848310e+01	4.253595e+01	2.132294e+01
149	4.303871e+00	2.610418e+03	4.155168e+02	3.650534e+02	7.829635e+01	4.245009e+01	2.124395e+01
150	4.332756e+00	2.619857e+03	4.155551e+02	3.651911e+02	7.849271e+01	4.249702e+01	2.052587e+01
151	4.361641e+00	2.622053e+03	4.156570e+02	3.650831e+02	7.839261e+01	4.258694e+01	2.078142e+01
152	4.390526e+00	2.620006e+03	4.157286e+02	3.652826e+02	7.814891e+01	4.268639e+01	2.042325e+01
153	4.419411e+00	2.613281e+03	4.157697e+02	3.652900e+02	7.830101e+01	4.249413e+01	1.985580e+01
154	4.448296e+00	2.615889e+03	4.159281e+02	3.652667e+02	7.847217e+01	4.244375e+01	1.960592e+01
155	4.477181e+00	2.619897e+03	4.158018e+02	3.654818e+02	7.855391e+01	4.246455e+01	1.891454e+01
156	4.506066e+00	2.626584e+03	4.160002e+02	3.653475e+02	7.887448e+01	4.239991e+01	1.909960e+01
157	4.534951e+00	2.660090e+03	4.156909e+02	3.656288e+02	7.788177e+01	4.348812e+01	1.925934e+01
158	4.563836e+00	2.626510e+03	4.161560e+02	3.654736e+02	7.873045e+01	4.247627e+01	1.872488e+01
159	4.592721e+00	2.615590e+03	4.163577e+02	3.655035e+02	7.851939e+01	4.241337e+01	1.801314e+01
160	4.621606e+00	2.618501e+03	4.163958e+02	3.655753e+02	7.867612e+01	4.237600e+01	1.755774e+01
161	4.650491e+00	2.625041e+03	4.164185e+02	3.657773e+02	7.867864e+01	4.248046e+01	1.747273e+01
162	4.679376e+00	2.609201e+03	4.165038e+02	3.657585e+02	7.846178e+01	4.234085e+01	1.689176e+01
163	4.708261e+00	2.621809e+03	4.164925e+02	3.658921e+02	7.872350e+01	4.240400e+01	1.635772e+01
164	4.737146e+00	2.634321e+03	4.166107e+02	3.659288e+02	7.880105e+01	4.256443e+01	1.659645e+01
165	4.766031e+00	2.620062e+03	4.168212e+02	3.658538e+02	7.864358e+01	4.241881e+01	1.595059e+01
166	4.794916e+00	2.609959e+03	4.168218e+02	3.660529e+02	7.846742e+01	4.235009e+01	1.545744e+01
167	4.823801e+00	2.603715e+03	4.169454e+02	3.662173e+02	7.802311e+01	4.248937e+01	1.489905e+01
168	4.852686e+00	2.621456e+03	4.169883e+02	3.661114e+02	7.866184e+01	4.243153e+01	1.478984e+01
169	4.881571e+00	2.628682e+03	4.171213e+02	3.659126e+02	7.873862e+01	4.250698e+01	1.466557e+01
170	4.910456e+00	2.619601e+03	4.172360e+02	3.662152e+02	7.855595e+01	4.245864e+01	1.448806e+01
171	4.939341e+00	2.606494e+03	4.173853e+02	3.662220e+02	7.835668e+01	4.235365e+01	1.390521e+01
172	4.968226e+00	2.615797e+03	4.174699e+02	3.663109e+02	7.824506e+01	4.256545e+01	1.367631e+01
173	4.997111e+00	2.607767e+03	4.175259e+02	3.662534e+02	7.812299e+01	4.250109e+01	1.314736e+01
174	5.025997e+00	2.623001e+03	4.175597e+02	3.664928e+02	7.869656e+01	4.243779e+01	1.266471e+01
175	5.054882e+00	2.610857e+03	4.176090e+02	3.666458e+02	7.856242e+01	4.231344e+01	1.246305e+01
176	5.083767e+00	2.616111e+03	4.177695e+02	3.666585e+02	7.863908e+01	4.235727e+01	1.219025e+01
177	5.112652e+00	2.611025e+03	4.177108e+02	3.666978e+02	7.835155e+01	4.243005e+01	1.197237e+01
178	5.141537e+00	2.610357e+03	4.178990e+02	3.667012e+02	7.848000e+01	4.234977e+01	1.145521e+01
179	5.170422e+00	2.615516e+03	4.179503e+02	3.667875e+02	7.872246e+01	4.230278e+01	1.108347e+01
180	5.199307e+00	2.614868e+03	4.180738e+02	3.667462e+02	7.853450e+01	4.239352e+01	1.099449e+01
181	5.228192e+00	2.619045e+03	4.180784e+02	3.668967e+02	7.866697e+01	4.238973e+01	1.064764e+01
182	5.257077e+00	2.609170e+03	4.181170e+02	3.668248e+02	7.855731e+01	4.228886e+01	1.037814e+01
183	5.285962e+00	2.633419e+03	4.183389e+02	3.669291e+02	7.882611e+01	4.253632e+01	1.002600e+01
184	5.314847e+00	2.611664e+03	4.184024e+02	3.668949e+02	7.888067e+01	4.215575e+01	9.352381e+00
185	5.343732e+00	2.612645e+03	4.183612e+02	3.670739e+02	7.839661e+01	4.243197e+01	9.177635e+00
186	5.372617e+00	2.601918e+03	4.185035e+02	3.670505e+02	7.839553e+01	4.225833e+01	9.055808e+00
187	5.401502e+00	2.615324e+03	4.186105e+02	3.672009e+02	7.842367e+01	4.246083e+01	8.696281e+00
188	5.430387e+00	2.623448e+03	4.186330e+02	3.670027e+02	7.864290e+01	4.247399e+01	8.474798e+00
189	5.459272e+00	2.620424e+03	4.187224e+02	3.671622e+02	7.878442e+01	4.234883e+01	8.068892e+00
190	5.488157e+00	2.623612e+03	4.187463e+02	3.671907e+02	7.856573e+01	4.251836e+01	8.098922e+00
191	5.517042e+00	2.622707e+03	4.188846e+02	3.671850e+02	7.824130e+01	4.267994e+01	8.054776e+00
192	5.545927e+00	2.599000e+03	4.189570e+02	3.672307e+02	7.827262e+01	4.227723e+01	7.704190e+00
193	5.574812e+00	2.627196e+03	4.191872e+02	3.672297e+02	7.844164e+01	4.264381e+01	7.126088e+00
194	5.603697e+00	2.625177e+03	4.191841e+02	3.672474e+02	7.878656e+01	4.242449e+01	7.172240e+00
195	5.632582e+00	2.614363e+03	4.193023e+02	3.672963e+02	7.836408e+01	4.247750e+01	6.571311e+00
196	5.661467e+00	2.627853e+03	4.193484e+02	3.673795e+02	7.856341e+01	4.258836e+01	6.408065e+00
197	5.690352e+00	2.629685e+03	4.193793e+02	3.674578e+02	7.845684e+01	4.267594e+01	5.784474e+00
198	5.719237e+00	2.623301e+03	4.195943e+02	3.672634e+02	7.869823e+01	4.244175e+01	5.513849e+00
199	5.748122e+00	2.627802e+03	4.195872e+02	3.673206e+02	7.873885e+01	4.249264e+01	5.337878e+00
200	5.777008e+00	2.625723e+03	4.196544e+02	3.673295e+02	7.877937e+01	4.243718e+01	4.589802e+00
201	5.805893e+00	2.626518e+03	4.197350e+02	3.673695e+02	7.884237e+01	4.241611e+01	4.778105e+00
202	5.834778e+00	2.623332e+03	4.198051e+02	3.676134e+02	7.877489e+01	4.240095e+01	4.328164e+00
203	5.863663e+00	2.610303e+03	4.199151e+02	3.675640e+02	7.876363e+01	4.219640e+01	3.922761e+00
204	5.892548e+00	2.629055e+03	4.199160e+02	3.676183e+02	7.872990e+01	4.251773e+01	3.358427e+00
205	5.921433e+00	2.606709e+03	4.200489e+02	3.676164e+02	7.864874e+01	4.219985e+01	3.065742e+00
206	5.950318e+00	2.602592e+03	4.201720e+02	3.678071e+02	7.823537e+01	4.235582e+01	2.905914e+00
207	5.979203e+00	2.619374e+03	4.202608e+02	3.677256e+02	7.877911e+01	4.233471e+01	2.948983e+00
208	6.008088e+00	2.622811e+03	4.202955e+02	3.677462e+02	7.863274e+01	4.246917e+01	2.382440e+00
209	6.036973e+00	2.615477e+03	4.204077e+02	3.677713e+02	7.845601e+01	4.244580e+01	2.018583e+00
210	6.065858e+00	2.608388e+03	4.205814e+02	3.677935e+02	7.896688e+01	4.205690e+01	1.587731e+00
211	6.094743e+00	2.630225e+03	4.207586e+02	3.678594e+02	7.905092e+01	4.236392e+01	1.295021e+00
212	6.123628e+00	2.618527e+03	4.207425e+02	3.678932e+02	7.870346e+01	4.236169e+01	1.291284e+00
213	6.152513e+00	2.610126e+03	4.208075e+02	3.680165e+02	7.875065e+01	4.220049e+01	3.182437e-01
214	6.181398e+00	2.612736e+03	4.209279e+02	3.679590e+02	7.843959e+01	4.241020e+01	2.865674e-01
215	6.210283e+00	2.619335e+03	4.210607e+02	3.679427e+02	7.894953e+01	4.224270e+01	9.333824e-02
216	6.239168e+00	2.619338e+03	4.211121e+02	3.680497e+02	7.865656e+01	4.240007e+01	1.796524e+02
217	6.268053e+00	2.629619e+03	4.210896e+02	3.681763e+02	7.879256e+01	4.249304e+01	1.792605e+02
218	6.296938e+00	2.601911e+03	4.211972e+02	3.681831e+02	7.868111e+01	4.210485e+01	1.788525e+02
219	6.325823e+00	2.634038e+03	4.213937e+02	3.681033e+02	7.879864e+01	4.256116e+01	1.785699e+02
220	6.354708e+00	2.629736e+03	4.215225e+02	3.681745e+02	7.864277e+01	4.257586e+01	1.784191e+02
221	6.383593e+00	2.620616e+03	4.217101e+02	3.682101e+02	7.900594e+01	4.223318e+01	1.781356e+02
222	6.412478e+00	2.609109e+03	4.217679e+02	3.681940e+02	7.851302e+01	4.231171e+01	1.774298e+02
223	6.441363e+00	2.622916e+03	4.217717e+02	3.682313e+02	7.873870e+01	4.241370e+01	1.770607e+02
224	6.470248e+00	2.608237e+03	4.218826e+02	3.684943e+02	7.852170e+01	4.229290e+01	1.768756e+02
225	6.499133e+00	2.623120e+03	4.220072e+02	3.682885e+02	7.901875e+01	4.226667e+01	1.767834e+02
226	6.528018e+00	2.606583e+03	4.219886e+02	3.683761e+02	7.874271e+01	4.214744e+01	1.763479e+02
227	6.556904e+00	2.626423e+03	4.220879e+02	3.682868e+02	7.898282e+01	4.233916e+01	1.759063e+02
228	6.585789e+00	2.624873e+03	4.222856e+02	3.684456e+02	7.871890e+01	4.245604e+01	1.753428e+02
229	6.614674e+00	2.618816e+03	4.222763e+02	3.684628e+02	7.874265e+01	4.234529e+01	1.751828e+02
230	6.643559e+00	2.619612e+03	4.223644e+02	3.683895e+02	7.867652e+01	4.239376e+01	1.748943e+02
231	6.672444e+00	2.608324e+03	4.225294e+02	3.684382e+02	7.855643e+01	4.227561e+01	1.746067e+02
232	6.701329e+00	2.616167e+03	4.226027e+02	3.683149e+02	7.875796e+01	4.229423e+01	1.743903e+02
233	6.730214e+00	2.619869e+03	4.226273e+02	3.686219e+02	7.885658e+01	4.230111e+01	1.742914e+02
234	6.759099e+00	2.611746e+03	4.227280e+02	3.684116e+02	7.868578e+01	4.226149e+01	1.738913e+02
235	6.787984e+00	2.617025e+03	4.227732e+02	3.684789e+02	7.882580e+01	4.227169e+01	1.735276e+02
236	6.816869e+00	2.615080e+03	4.229823e+02	3.684693e+02	7.886998e+01	4.221662e+01	1.728508e+02
237	6.845754e+00	2.626048e+03	4.230884e+02	3.685092e+02	7.883669e+01	4.241158e+01	1.727381e+02
238	6.874639e+00	2.625280e+03	4.231883e+02	3.686322e+02	7.905730e+01	4.228086e+01	1.722280e+02
239	6.903524e+00	2.614628e+03	4.232716e+02	3.684701e+02	7.915864e+01	4.205540e+01	1.718252e+02
240	6.932409e+00	2.628038e+03	4.233667e+02	3.684571e+02	7.907825e+01	4.231406e+01	1.719176e+02
241	6.961294e+00	2.620158e+03	4.234293e+02	3.685231e+02	7.917055e+01	4.213800e+01	1.710356e+02
242	6.990179e+00	2.624748e+03	4.234346e+02	3.685396e+02	7.881563e+01	4.240191e+01	1.710537e+02
243	7.019064e+00	2.634755e+03	4.235836e+02	3.685744e+02	7.917420e+01	4.237081e+01	1.704845e+02
244	7.047949e+00	2.652730e+03	4.237320e+02	3.685977e+02	7.925812e+01	4.261470e+01	1.703755e+02
245	7.076834e+00	2.632305e+03	4.237593e+02	3.687176e+02	7.900764e+01	4.242063e+01	1.700835e+02
246	7.105719e+00	2.623826e+03	4.238268e+02	3.687901e+02	7.928296e+01	4.213716e+01	1.698603e+02
247	7.134604e+00	2.624593e+03	4.238595e+02	3.687540e+02	7.928043e+01	4.215083e+01	1.697010e+02
248	7.163489e+00	2.616394e+03	4.240383e+02	3.687923e+02	7.911803e+01	4.210540e+01	1.695787e+02
249	7.192374e+00	2.626860e+03	4.241404e+02	3.686891e+02	7.877261e+01	4.245921e+01	1.687516e+02
250	7.221259e+00	2.626693e+03	4.242350e+02	3.688085e+02	7.897215e+01	4.234923e+01	1.687859e+02
251	7.250144e+00	2.634731e+03	4.243669e+02	3.687423e+02	7.918293e+01	4.236573e+01	1.685080e+02
252	7.279029e+00	2.616467e+03	4.244174e+02	3.689175e+02	7.890036e+01	4.222273e+01	1.679342e+02
253	7.307915e+00	2.626997e+03	4.245367e+02	3.689897e+02	7.916218e+01	4.225245e+01	1.673967e+02
254	7.336800e+00	2.621487e+03	4.246173e+02	3.689417e+02	7.882766e+01	4.234276e+01	1.669966e+02
255	7.365685e+00	2.623256e+03	4.247390e+02	3.689819e+02	7.923760e+01	4.215213e+01	1.671475e+02
256	7.394570e+00	2.611970e+03	4.248092e+02	3.690179e+02	7.866219e+01	4.227779e+01	1.665303e+02
257	7.423455e+00	2.630641e+03	4.249098e+02	3.689334e+02	7.884052e+01	4.248368e+01	1.667442e+02
258	7.452340e+00	2.618428e+03	4.250556e+02	3.690021e+02	7.872123e+01	4.235053e+01	1.661033e+02
259	7.481225e+00	2.627853e+03	4.251734e+02	3.690800e+02	7.903905e+01	4.233208e+01	1.661320e+02
260	7.510110e+00	2.627971e+03	4.251153e+02	3.690156e+02	7.898629e+01	4.236224e+01	1.655122e+02
261	7.538995e+00	2.623602e+03	4.252664e+02	3.691230e+02	7.907471e+01	4.224453e+01	1.651660e+02
262	7.567880e+00	2.609856e+03	4.253785e+02	3.691736e+02	7.887455e+01	4.212983e+01	1.651208e+02
263	7.596765e+00	2.619749e+03	4.255722e+02	3.693222e+02	7.862756e+01	4.242237e+01	1.642851e+02
264	7.625650e+00	2.614688e+03	4.255873e+02	3.692652e+02	7.868816e+01	4.230782e+01	1.642565e+02
265	7.654535e+00	2.622758e+03	4.257149e+02	3.692979e+02	7.895717e+01	4.229380e+01	1.641911e+02
266	7.683420e+00	2.617951e+03	4.257273e+02	3.691972e+02	7.878886e+01	4.230647e+01	1.636127e+02
267	7.712305e+00	2.617541e+03	4.258238e+02	3.691283e+02	7.907177e+01	4.214850e+01	1.633482e+02
268	7.741190e+00	2.630742e+03	4.259886e+02	3.692207e+02	7.897007e+01	4.241562e+01	1.628484e+02
269	7.770075e+00	2.626297e+03	4.260446e+02	3.692256e+02	7.886497e+01	4.240039e+01	1.625514e+02
270	7.798960e+00	2.628495e+03	4.261372e+02	3.692306e+02	7.884749e+01	4.244528e+01	1.621788e+02
271	7.827845e+00	2.632981e+03	4.262451e+02	3.690975e+02	7.922189e+01	4.231678e+01	1.618058e+02
272	7.856730e+00	2.615799e+03	4.262971e+02	3.692198e+02	7.875132e+01	4.229184e+01	1.615982e+02
273	7.885615e+00	2.610742e+03	4.264250e+02	3.690477e+02	7.879347e+01	4.218750e+01	1.614698e+02
274	7.914500e+00	2.631313e+03	4.264244e+02	3.689790e+02	7.891426e+01	4.245483e+01	1.609086e+02
275	7.943385e+00	2.635218e+03	4.265703e+02	3.691054e+02	7.908163e+01	4.242785e+01	1.603313e+02
276	7.972270e+00	2.629652e+03	4.267243e+02	3.691157e+02	7.901262e+01	4.237521e+01	1.600874e+02
277	8.001155e+00	2.621601e+03	4.266760e+02	3.690921e+02	7.865754e+01	4.243618e+01	1.597274e+02
278	8.030040e+00	2.621740e+03	4.269084e+02	3.691349e+02	7.893031e+01	4.229177e+01	1.593378e+02
279	8.058925e+00	2.619593e+03	4.269246e+02	3.690771e+02	7.943498e+01	4.198867e+01	1.591300e+02
280	8.087811e+00	2.613557e+03	4.271197e+02	3.690932e+02	7.885690e+01	4.219902e+01	1.583295e+02
281	8.116696e+00	2.617507e+03	4.272526e+02	3.691533e+02	7.903575e+01	4.216716e+01	1.582108e+02
282	8.145581e+00	2.619368e+03	4.273029e+02	3.690472e+02	7.909502e+01	4.216552e+01	1.577322e+02
283	8.174466e+00	2.617299e+03	4.273830e+02	3.691029e+02	7.896036e+01	4.220407e+01	1.576866e+02
284	8.203351e+00	2.608788e+03	4.275473e+02	3.690211e+02	7.907562e+01	4.200552e+01	1.573574e+02
285	8.232236e+00	2.615671e+03	4.274966e+02	3.690270e+02	7.884977e+01	4.223697e+01	1.573560e+02
286	8.261121e+00	2.621781e+03	4.277105e+02	3.690938e+02	7.890490e+01	4.230606e+01	1.564898e+02
287	8.290006e+00	2.616900e+03	4.278223e+02	3.690288e+02	7.883588e+01	4.226427e+01	1.562181e+02
288	8.318891e+00	2.620482e+03	4.278679e+02	3.690995e+02	7.903954e+01	4.221307e+01	1.562042e+02
289	8.347776e+00	2.626195e+03	4.280161e+02	3.690691e+02	7.915019e+01	4.224596e+01	1.556493e+02
290	8.376661e+00	2.616521e+03	4.279620e+02	3.689285e+02	7.888920e+01	4.222959e+01	1.555810e+02
291	8.405546e+00	2.632183e+03	4.282636e+02	3.690594e+02	7.906506e+01	4.238787e+01	1.552233e+02
292	8.434431e+00	2.623188e+03	4.282750e+02	3.690315e+02	7.896933e+01	4.229423e+01	1.548141e+02
293	8.463316e+00	2.629959e+03	4.284227e+02	3.689632e+02	7.908010e+01	4.234401e+01	1.545551e+02
294	8.492201e+00	2.629450e+03	4.284396e+02	3.690128e+02	7.903197e+01	4.236159e+01	1.541623e+02
295	8.521086e+00	2.616996e+03	4.284420e+02	3.689347e+02	7.909027e+01	4.212988e+01	1.541344e+02
296	8.549971e+00	2.631570e+03	4.284105e+02	3.690285e+02	7.925556e+01	4.227613e+01	1.537711e+02
297	8.578856e+00	2.621232e+03	4.285813e+02	3.690178e+02	7.925696e+01	4.210932e+01	1.535930e+02
298	8.607741e+00	2.619176e+03	4.287396e+02	3.690888e+02	7.885966e+01	4.228827e+01	1.529771e+02
299	8.636626e+00	2.631181e+03	4.287279e+02	3.689695e+02	7.912937e+01	4.233730e+01	1.530446e+02
300	8.665511e+00	2.634363e+03	4.288470e+02	3.690376e+02	7.926584e+01	4.231553e+01	1.525871e+02
301	8.694396e+00	2.623704e+03	4.289128e+02	3.690493e+02	7.906461e+01	4.225157e+01	1.524395e+02
302	8.723281e+00	2.612901e+03	4.290152e+02	3.691848e+02	7.876944e+01	4.223527e+01	1.521271e+02
303	8.752166e+00	2.617828e+03	4.290601e+02	3.690709e+02	7.900381e+01	4.218938e+01	1.522364e+02
304	8.781051e+00	2.609028e+03	4.290900e+02	3.691217e+02	7.897492e+01	4.206294e+01	1.518223e+02
305	8.809936e+00	2.622190e+03	4.291671e+02	3.690290e+02	7.913621e+01	4.218899e+01	1.515511e+02
306	8.838821e+00	2.624620e+03	4.292137e+02	3.689722e+02	7.908240e+01	4.225681e+01	1.516911e+02
307	8.867707e+00	2.614190e+03	4.292720e+02	3.690452e+02	7.897536e+01	4.214592e+01	1.511873e+02
308	8.896592e+00	2.631027e+03	4.294404e+02	3.689586e+02	7.937596e+01	4.220330e+01	1.510556e+02
309	8.925477e+00	2.630760e+03	4.294610e+02	3.690269e+02	7.907631e+01	4.235892e+01	1.506673e+02
310	8.954362e+00	2.622736e+03	4.294573e+02	3.691090e+02	7.901417e+01	4.226294e+01	1.509102e+02
311	8.983247e+00	2.618107e+03	4.295918e+02	3.689619e+02	7.887085e+01	4.226501e+01	1.503533e+02
312	9.012132e+00	2.614281e+03	4.295993e+02	3.687794e+02	7.893856e+01	4.216705e+01	1.500682e+02
313	9.041017e+00	2.623722e+03	4.296506e+02	3.688580e+02	7.889790e+01	4.234114e+01	1.499232e+02
314	9.069902e+00	2.634790e+03	4.297997e+02	3.689559e+02	7.909938e+01	4.241144e+01	1.491796e+02
315	9.098787e+00	2.616533e+03	4.299423e+02	3.687896e+02	7.884839e+01	4.225163e+01	1.493549e+02
316	9.127672e+00	2.612950e+03	4.299957e+02	3.689813e+02	7.881290e+01	4.221278e+01	1.490994e+02
317	9.156557e+00	2.619303e+03	4.300494e+02	3.688307e+02	7.865630e+01	4.239966e+01	1.486191e+02
318	9.185442e+00	2.631837e+03	4.301768e+02	3.689088e+02	7.913503e+01	4.234483e+01	1.477468e+02
319	9.214327e+00	2.629709e+03	4.303210e+02	3.688116e+02	7.945942e+01	4.213786e+01	1.477557e+02
320	9.243212e+00	2.614023e+03	4.304134e+02	3.689216e+02	7.890328e+01	4.218174e+01	1.474443e+02
321	9.272097e+00	2.630626e+03	4.304921e+02	3.688935e+02	7.889436e+01	4.245445e+01	1.470417e+02
322	9.300982e+00	2.634049e+03	4.304775e+02	3.688130e+02	7.914616e+01	4.237445e+01	1.469127e+02
323	9.329867e+00	2.619060e+03	4.304961e+02	3.687029e+02	7.918643e+01	4.211190e+01	1.467059e+02
324	9.358752e+00	2.618520e+03	4.305602e+02	3.687424e+02	7.903812e+01	4.218222e+01	1.466108e+02
325	9.387637e+00	2.620023e+03	4.306696e+02	3.687481e+02	7.892154e+01	4.226877e+01	1.461866e+02
326	9.416522e+00	2.625471e+03	4.308182e+02	3.687683e+02	7.908854e+01	4.226722e+01	1.459491e+02
327	9.445407e+00	2.624818e+03	4.308704e+02	3.687513e+02	7.915686e+01	4.222025e+01	1.453438e+02
328	9.474292e+00	2.630501e+03	4.309343e+02	3.686698e+02	7.904296e+01	4.237263e+01	1.451341e+02
329	9.503177e+00	2.626894e+03	4.309803e+02	3.686759e+02	7.898679e+01	4.234462e+01	1.451484e+02
330	9.532062e+00	2.629429e+03	4.311237e+02	3.687249e+02	7.912366e+01	4.231216e+01	1.448056e+02
331	9.560947e+00	2.629855e+03	4.312086e+02	3.686856e+02	7.922752e+01	4.226354e+01	1.443521e+02
332	9.589832e+00	2.621090e+03	4.312442e+02	3.685722e+02	7.910508e+01	4.218787e+01	1.442230e+02
333	9.618718e+00	2.630647e+03	4.312940e+02	3.686406e+02	7.928769e+01	4.224418e+01	1.440563e+02
334	9.647603e+00	2.640586e+03	4.313864e+02	3.685968e+02	7.920293e+01	4.244917e+01	1.434989e+02
335	9.676488e+00	2.624966e+03	4.314811e+02	3.686329e+02	7.888912e+01	4.236592e+01	1.433945e+02
336	9.705373e+00	2.634248e+03	4.315529e+02	3.685338e+02	7.928347e+01	4.230426e+01	1.432879e+02
337	9.734258e+00	2.619515e+03	4.316485e+02	3.687252e+02	7.870824e+01	4.237510e+01	1.431645e+02
338	9.763143e+00	2.623051e+03	4.315652e+02	3.684604e+02	7.907220e+01	4.223700e+01	1.426169e+02
339	9.792028e+00	2.613324e+03	4.317360e+02	3.684568e+02	7.894808e+01	4.214653e+01	1.424001e+02
340	9.820913e+00	2.616893e+03	4.317434e+02	3.684601e+02	7.906782e+01	4.214017e+01	1.420752e+02
341	9.849798e+00	2.609144e+03	4.317863e+02	3.683733e+02	7.906216e+01	4.201839e+01	1.419713e+02
342	9.878683e+00	2.610068e+03	4.318796e+02	3.683528e+02	7.887338e+01	4.213388e+01	1.418295e+02
343	9.907568e+00	2.625064e+03	4.320299e+02	3.684537e+02	7.915361e+01	4.222594e+01	1.409409e+02
344	9.936453e+00	2.617422e+03	4.320471e+02	3.684105e+02	7.893501e+01	4.221961e+01	1.407327e+02
345	9.965338e+00	2.613689e+03	4.321918e+02	3.682966e+02	7.874096e+01	4.226329e+01	1.401646e+02
346	9.994223e+00	2.607830e+03	4.321281e+02	3.681762e+02	7.892374e+01	4.207090e+01	1.401528e+02
347	1.002311e+01	2.626899e+03	4.322626e+02	3.682080e+02	7.905206e+01	4.230974e+01	1.401261e+02
348	1.005199e+01	2.618505e+03	4.324223e+02	3.682781e+02	7.942595e+01	4.197601e+01	1.396257e+02
349	1.008088e+01	2.638234e+03	4.323833e+02	3.681318e+02	7.944820e+01	4.228044e+01	1.394039e+02
350	1.010976e+01	2.612529e+03	4.323570e+02	3.682280e+02	7.924197e+01	4.197745e+01	1.395504e+02
351	1.013865e+01	2.618001e+03	4.324733e+02	3.681601e+02	7.929746e+01	4.203592e+01	1.390616e+02
352	1.016753e+01	2.632724e+03	4.327267e+02	3.681324e+02	7.936232e+01	4.223779e+01	1.387482e+02
353	1.019642e+01	2.619616e+03	4.325937e+02	3.680574e+02	7.895563e+01	4.224396e+01	1.380597e+02
354	1.022530e+01	2.620038e+03	4.328271e+02	3.680775e+02	7.902447e+01	4.221396e+01	1.380378e+02
355	1.025419e+01	2.629613e+03	4.328907e+02	3.679467e+02	7.907958e+01	4.233871e+01	1.376817e+02
356	1.028307e+01	2.623490e+03	4.329460e+02	3.679267e+02	7.891205e+01	4.232981e+01	1.373249e+02
357	1.031196e+01	2.633738e+03	4.328696e+02	3.678499e+02	7.907017e+01	4.241018e+01	1.372090e+02
358	1.034084e+01	2.622207e+03	4.329594e+02	3.679262e+02	7.917772e+01	4.216714e+01	1.370894e+02
359	1.036973e+01	2.616493e+03	4.329961e+02	3.678121e+02	7.878230e+01	4.228644e+01	1.370057e+02
360	1.039861e+01	2.620748e+03	4.331345e+02	3.678015e+02	7.879826e+01	4.234662e+01	1.359961e+02
361	1.042750e+01	2.623913e+03	4.331285e+02	3.677023e+02	7.886208e+01	4.236345e+01	1.356771e+02
362	1.045638e+01	2.625568e+03	4.332552e+02	3.677209e+02	7.913682e+01	4.224301e+01	1.353180e+02
363	1.048527e+01	2.620986e+03	4.333443e+02	3.676620e+02	7.891697e+01	4.228676e+01	1.351837e+02
364	1.051415e+01	2.611945e+03	4.334555e+02	3.677092e+02	7.869798e+01	4.225815e+01	1.353850e+02
365	1.054304e+01	2.618576e+03	4.334814e+02	3.675699e+02	7.857532e+01	4.243158e+01	1.349816e+02
366	1.057192e+01	2.630841e+03	4.335063e+02	3.675201e+02	7.938566e+01	4.219516e+01	1.342319e+02
367	1.060081e+01	2.630114e+03	4.337337e+02	3.675275e+02	7.917989e+01	4.229313e+01	1.337455e+02
368	1.062969e+01	2.614133e+03	4.336472e+02	3.675327e+02	7.884034e+01	4.221718e+01	1.341413e+02
369	1.065858e+01	2.625008e+03	4.338229e+02	3.674790e+02	7.931243e+01	4.214048e+01	1.333645e+02
370	1.068746e+01	2.627737e+03	4.337971e+02	3.675225e+02	7.923260e+01	4.222680e+01	1.332119e+02
371	1.071635e+01	2.626194e+03	4.337998e+02	3.673082e+02	7.902410e+01	4.231335e+01	1.329267e+02
372	1.074523e+01	2.624793e+03	4.340476e+02	3.674209e+02	7.942048e+01	4.207971e+01	1.324860e+02
373	1.077412e+01	2.607080e+03	4.339457e+02	3.672081e+02	7.877110e+01	4.214029e+01	1.324985e+02
374	1.080300e+01	2.625874e+03	4.339663e+02	3.671821e+02	7.934092e+01	4.213925e+01	1.322054e+02
375	1.083189e+01	2.631703e+03	4.341622e+02	3.671874e+02	7.927661e+01	4.226704e+01	1.317169e+02
376	1.086077e+01	2.626431e+03	4.341991e+02	3.671985e+02	7.935941e+01	4.213836e+01	1.315397e+02
377	1.088966e+01	2.610951e+03	4.341361e+02	3.669836e+02	7.892769e+01	4.211914e+01	1.313354e+02
378	1.091854e+01	2.613917e+03	4.344305e+02	3.672006e+02	7.889127e+01	4.218646e+01	1.312798e+02
379	1.094743e+01	2.630137e+03	4.344290e+02	3.671283e+02	7.945329e+01	4.214797e+01	1.305248e+02
380	1.097631e+01	2.627933e+03	4.344112e+02	3.671099e+02	7.927649e+01	4.220657e+01	1.305353e+02
381	1.100520e+01	2.623117e+03	4.345573e+02	3.670849e+02	7.911659e+01	4.221435e+01	1.299974e+02
382	1.103408e+01	2.627651e+03	4.346540e+02	3.670433e+02	7.917533e+01	4.225595e+01	1.298986e+02
383	1.106297e+01	2.632085e+03	4.346853e+02	3.670125e+02	7.931760e+01	4.225134e+01	1.297649e+02
384	1.109185e+01	2.622765e+03	4.347284e+02	3.668976e+02	7.925671e+01	4.213408e+01	1.293609e+02
385	1.112074e+01	2.620194e+03	4.347177e+02	3.668616e+02	7.921500e+01	4.211494e+01	1.291653e+02
386	1.114962e+01	2.623600e+03	4.348909e+02	3.668341e+02	7.939359e+01	4.207482e+01	1.288054e+02
387	1.117851e+01	2.633878e+03	4.349700e+02	3.667738e+02	7.960327e+01	4.212840e+01	1.285609e+02
388	1.120739e+01	2.625067e+03	4.348755e+02	3.667122e+02	7.937976e+01	4.210569e+01	1.284624e+02
389	1.123628e+01	2.612436e+03	4.350586e+02	3.667467e+02	7.894104e+01	4.213597e+01	1.279588e+02
390	1.126516e+01	2.617204e+03	4.350457e+02	3.667369e+02	7.929955e+01	4.202203e+01	1.275737e+02
391	1.129405e+01	2.627726e+03	4.352539e+02	3.666319e+02	7.920341e+01	4.224219e+01	1.271407e+02
392	1.132293e+01	2.632619e+03	4.352277e+02	3.666199e+02	7.920083e+01	4.232222e+01	1.272321e+02
393	1.135182e+01	2.624014e+03	4.352919e+02	3.664811e+02	7.928284e+01	4.214024e+01	1.270101e+02
394	1.138070e+01	2.622959e+03	4.353905e+02	3.664696e+02	7.930637e+01	4.211081e+01	1.263263e+02
395	1.140959e+01	2.621678e+03	4.354240e+02	3.663706e+02	7.917712e+01	4.215895e+01	1.261090e+02
396	1.143847e+01	2.616141e+03	4.354919e+02	3.663893e+02	7.908587e+01	4.211845e+01	1.258147e+02
397	1.146736e+01	2.632147e+03	4.355396e+02	3.662333e+02	7.948602e+01	4.216280e+01	1.255197e+02
398	1.149624e+01	2.633627e+03	4.357176e+02	3.663420e+02	7.921339e+01	4.233171e+01	1.250039e+02
399	1.152513e+01	2.629224e+03	4.357632e+02	3.662923e+02	7.908915e+01	4.232733e+01	1.246850e+02
400	1.155402e+01	2.622921e+03	4.358022e+02	3.662591e+02	7.932959e+01	4.209787e+01	1.248706e+02
401	1.158290e+01	2.640177e+03	4.359330e+02	3.662472e+02	7.964988e+01	4.220443e+01	1.244251e+02
402	1.161179e+01	2.623400e+03	4.358913e+02	3.662318e+02	7.920710e+01	4.217067e+01	1.246967e+02
403	1.164067e+01	2.624709e+03	4.359109e+02	3.660766e+02	7.944540e+01	4.206516e+01	1.235190e+02
404	1.166956e+01	2.629081e+03	4.359669e+02	3.660012e+02	7.938091e+01	4.216945e+01	1.236484e+02
405	1.169844e+01	2.627778e+03	4.361071e+02	3.660272e+02	7.950715e+01	4.208163e+01	1.233296e+02
406	1.172733e+01	2.616539e+03	4.361650e+02	3.659346e+02	7.920418e+01	4.206193e+01	1.229011e+02
407	1.175621e+01	2.625924e+03	4.362301e+02	3.659541e+02	7.929195e+01	4.216608e+01	1.226277e+02
408	1.178510e+01	2.613497e+03	4.361555e+02	3.657633e+02	7.907241e+01	4.208304e+01	1.225114e+02
409	1.181398e+01	2.615486e+03	4.361747e+02	3.657902e+02	7.927866e+01	4.200550e+01	1.223329e+02
410	1.184287e+01	2.618995e+03	4.363387e+02	3.657071e+02	7.914393e+01	4.213346e+01	1.219742e+02
411	1.187175e+01	2.623998e+03	4.363392e+02	3.657344e+02	7.914548e+01	4.221313e+01	1.217539e+02
412	1.190064e+01	2.610071e+03	4.363272e+02	3.655210e+02	7.905524e+01	4.203700e+01	1.212872e+02
413	1.192952e+01	2.617235e+03	4.365315e+02	3.655873e+02	7.905669e+01	4.215162e+01	1.215027e+02
414	1.195841e+01	2.612995e+03	4.365035e+02	3.654896e+02	7.879378e+01	4.222374e+01	1.209618e+02
415	1.198729e+01	2.623228e+03	4.366007e+02	3.654120e+02	7.897704e+01	4.229073e+01	1.203418e+02
416	1.201618e+01	2.629361e+03	4.367140e+02	3.652637e+02	7.943411e+01	4.214570e+01	1.200042e+02
417	1.204506e+01	2.632997e+03	4.368222e+02	3.653912e+02	7.927259e+01	4.228998e+01	1.199898e+02
418	1.207395e+01	2.638562e+03	4.367711e+02	3.653391e+02	7.938548e+01	4.231909e+01	1.197506e+02
419	1.210283e+01	2.626364e+03	4.368826e+02	3.652502e+02	7.914079e+01	4.225369e+01	1.194494e+02
420	1.213172e+01	2.620892e+03	4.369085e+02	3.651354e+02	7.911055e+01	4.218177e+01	1.191648e+02
421	1.216060e+01	2.618785e+03	4.369806e+02	3.650858e+02	7.923421e+01	4.208208e+01	1.190467e+02
422	1.218949e+01	2.631353e+03	4.369824e+02	3.649676e+02	7.930874e+01	4.224431e+01	1.183941e+02
423	1.221837e+01	2.624187e+03	4.371164e+02	3.648430e+02	7.923739e+01	4.216720e+01	1.177716e+02
424	1.224726e+01	2.607887e+03	4.368889e+02	3.647955e+02	7.870768e+01	4.218730e+01	1.181270e+02
425	1.227614e+01	2.615730e+03	4.370488e+02	3.648344e+02	7.890642e+01	4.220761e+01	1.176849e+02
426	1.230503e+01	2.616876e+03	4.372423e+02	3.647669e+02	7.889238e+01	4.223360e+01	1.173743e+02
427	1.233391e+01	2.616920e+03	4.372222e+02	3.645988e+02	7.888969e+01	4.223576e+01	1.168640e+02
428	1.236280e+01	2.610544e+03	4.372765e+02	3.646021e+02	7.890439e+01	4.212500e+01	1.168139e+02
429	1.239168e+01	2.625875e+03	4.373797e+02	3.645052e+02	7.910145e+01	4.226683e+01	1.161609e+02
430	1.242057e+01	2.619546e+03	4.375092e+02	3.644350e+02	7.916035e+01	4.213359e+01	1.159811e+02
431	1.244945e+01	2.620603e+03	4.375991e+02	3.644433e+02	7.950397e+01	4.196842e+01	1.157196e+02
432	1.247834e+01	2.613533e+03	4.375225e+02	3.644279e+02	7.902962e+01	4.210640e+01	1.156877e+02
433	1.250722e+01	2.628270e+03	4.376198e+02	3.643314e+02	7.928799e+01	4.220586e+01	1.154160e+02
434	1.253611e+01	2.625924e+03	4.376974e+02	3.642960e+02	7.933784e+01	4.214167e+01	1.150203e+02
435	1.256499e+01	2.618051e+03	4.376143e+02	3.642206e+02	7.911172e+01	4.213543e+01	1.146020e+02
436	1.259388e+01	2.622513e+03	4.376843e+02	3.640234e+02	7.931080e+01	4.210130e+01	1.144957e+02
437	1.262276e+01	2.614821e+03	4.377480e+02	3.640156e+02	7.914050e+01	4.206814e+01	1.142479e+02
438	1.265165e+01	2.619993e+03	4.377889e+02	3.639426e+02	7.908666e+01	4.218005e+01	1.139876e+02
439	1.268053e+01	2.610466e+03	4.378582e+02	3.639621e+02	7.885294e+01	4.215123e+01	1.135827e+02
440	1.270942e+01	2.627144e+03	4.377417e+02	3.638126e+02	7.959103e+01	4.202715e+01	1.130566e+02
441	1.273830e+01	2.609466e+03	4.377879e+02	3.637513e+02	7.907393e+01	4.201733e+01	1.129113e+02
442	1.276719e+01	2.616463e+03	4.379890e+02	3.635931e+02	7.923934e+01	4.204205e+01	1.124108e+02
443	1.279607e+01	2.600952e+03	4.379833e+02	3.635896e+02	7.926202e+01	4.178085e+01	1.121264e+02
444	1.282496e+01	2.620885e+03	4.380261e+02	3.634975e+02	7.946706e+01	4.199242e+01	1.116208e+02
445	1.285384e+01	2.612541e+03	4.381093e+02	3.634755e+02	7.954216e+01	4.181921e+01	1.112935e+02
446	1.288273e+01	2.606090e+03	4.380132e+02	3.634097e+02	7.911790e+01	4.193965e+01	1.118367e+02
447	1.291161e+01	2.611627e+03	4.381443e+02	3.633311e+02	7.939117e+01	4.188409e+01	1.111334e+02
448	1.294050e+01	2.627040e+03	4.380894e+02	3.633009e+02	7.959747e+01	4.202208e+01	1.105947e+02
449	1.296938e+01	2.620269e+03	4.380607e+02	3.631601e+02	7.982055e+01	4.179663e+01	1.102457e+02
450	1.299827e+01	2.619452e+03	4.381445e+02	3.631902e+02	7.947395e+01	4.196582e+01	1.103082e+02
451	1.302715e+01	2.610537e+03	4.382085e+02	3.630598e+02	7.929395e+01	4.191794e+01	1.101512e+02
452	1.305604e+01	2.617804e+03	4.384529e+02	3.631402e+02	7.945871e+01	4.194746e+01	1.097520e+02
453	1.308492e+01	2.617207e+03	4.386165e+02	3.630173e+02	7.971526e+01	4.180293e+01	1.089758e+02
454	1.311381e+01	2.621965e+03	4.385702e+02	3.630058e+02	7.965202e+01	4.191217e+01	1.088768e+02
455	1.314269e+01	2.625520e+03	4.387153e+02	3.629081e+02	7.983462e+01	4.187302e+01	1.086008e+02
456	1.317158e+01	2.605305e+03	4.385822e+02	3.627606e+02	7.916563e+01	4.190174e+01	1.084952e+02
457	1.320046e+01	2.612749e+03	4.386003e+02	3.627236e+02	7.952024e+01	4.183406e+01	1.083436e+02
458	1.322935e+01	2.619671e+03	4.386227e+02	3.626039e+02	7.965070e+01	4.187621e+01	1.078184e+02
459	1.325823e+01	2.604562e+03	4.385922e+02	3.625776e+02	7.930689e+01	4.181516e+01	1.077273e+02
460	1.328712e+01	2.612082e+03	4.389316e+02	3.625084e+02	7.938918e+01	4.189244e+01	1.071186e+02
461	1.331600e+01	2.613919e+03	4.389383e+02	3.624388e+02	7.920863e+01	4.201746e+01	1.070940e+02
462	1.334489e+01	2.620093e+03	4.388426e+02	3.623619e+02	7.984860e+01	4.177914e+01	1.068464e+02
463	1.337377e+01	2.618284e+03	4.390797e+02	3.622524e+02	7.921774e+01	4.208278e+01	1.063287e+02
464	1.340266e+01	2.623538e+03	4.391425e+02	3.620892e+02	7.977615e+01	4.187207e+01	1.059577e+02
465	1.343154e+01	2.619921e+03	4.389993e+02	3.619606e+02	7.925123e+01	4.209130e+01	1.056595e+02
466	1.346043e+01	2.621992e+03	4.391272e+02	3.619776e+02	7.966997e+01	4.190316e+01	1.053764e+02
467	1.348931e+01	2.611511e+03	4.391402e+02	3.619249e+02	7.903785e+01	4.206945e+01	1.051584e+02
468	1.351820e+01	2.611056e+03	4.389352e+02	3.618304e+02	7.936848e+01	4.188690e+01	1.051781e+02
469	1.354708e+01	2.626170e+03	4.391124e+02	3.617377e+02	7.960466e+01	4.200437e+01	1.043517e+02
470	1.357597e+01	2.604183e+03	4.389808e+02	3.616799e+02	7.952831e+01	4.169268e+01	1.043735e+02
471	1.360485e+01	2.608807e+03	4.390895e+02	3.614939e+02	7.919734e+01	4.194127e+01	1.040264e+02
472	1.363374e+01	2.615205e+03	4.390610e+02	3.615468e+02	7.967987e+01	4.178951e+01	1.038637e+02
473	1.366262e+01	2.608290e+03	4.393371e+02	3.614372e+02	7.925153e+01	4.190427e+01	1.036184e+02
474	1.369151e+01	2.614064e+03	4.391947e+02	3.614345e+02	7.918334e+01	4.203321e+01	1.035539e+02
475	1.372039e+01	2.601743e+03	4.392077e+02	3.613505e+02	7.905604e+01	4.190245e+01	1.032422e+02
476	1.374928e+01	2.599153e+03	4.392443e+02	3.612572e+02	7.893835e+01	4.192316e+01	1.029954e+02
477	1.377816e+01	2.616804e+03	4.393984e+02	3.613258e+02	7.953626e+01	4.189056e+01	1.025091e+02
478	1.380705e+01	2.606152e+03	4.393741e+02	3.612054e+02	7.922849e+01	4.188211e+01	1.023593e+02
479	1.383593e+01	2.615502e+03	4.396470e+02	3.610661e+02	7.949858e+01	4.188956e+01	1.017756e+02
480	1.386482e+01	2.615071e+03	4.396317e+02	3.610429e+02	7.952133e+01	4.187068e+01	1.018033e+02
481	1.389370e+01	2.614182e+03	4.396463e+02	3.608822e+02	7.964475e+01	4.179157e+01	1.010095e+02
482	1.392259e+01	2.615461e+03	4.397601e+02	3.607784e+02	7.962313e+01	4.182337e+01	1.008260e+02
483	1.395147e+01	2.618073e+03	4.396611e+02	3.606932e+02	7.964296e+01	4.185472e+01	1.005954e+02
484	1.398036e+01	2.619348e+03	4.397413e+02	3.606688e+02	7.986628e+01	4.175801e+01	1.003109e+02
485	1.400924e+01	2.607407e+03	4.397722e+02	3.606172e+02	7.963737e+01	4.168713e+01	9.997306e+01
486	1.403813e+01	2.615293e+03	4.398268e+02	3.604880e+02	7.942510e+01	4.192496e+01	9.971588e+01
487	1.406701e+01	2.638530e+03	4.398258e+02	3.604836e+02	8.022163e+01	4.187749e+01	9.928603e+01
488	1.409590e+01	2.628117e+03	4.398874e+02	3.603231e+02	7.979285e+01	4.193637e+01	9.917326e+01
489	1.412478e+01	2.602678e+03	4.397345e+02	3.602919e+02	7.945327e+01	4.170794e+01	9.876906e+01
490	1.415367e+01	2.606178e+03	4.398681e+02	3.601306e+02	7.959794e+01	4.168812e+01	9.838473e+01
491	1.418255e+01	2.595406e+03	4.398252e+02	3.601019e+02	7.920203e+01	4.172334e+01	9.802980e+01
492	1.421144e+01	2.603900e+03	4.398348e+02	3.599212e+02	7.947930e+01	4.171386e+01	9.782745e+01
493	1.424032e+01	2.603532e+03	4.398669e+02	3.599301e+02	7.978130e+01	4.155009e+01	9.743707e+01
494	1.426921e+01	2.619012e+03	4.400083e+02	3.598023e+02	7.976276e+01	4.180685e+01	9.700609e+01
495	1.429809e+01	2.608850e+03	4.399438e+02	3.596259e+02	7.944426e+01	4.181159e+01	9.659123e+01
496	1.432698e+01	2.617795e+03	4.401094e+02	3.595858e+02	7.946344e+01	4.194482e+01	9.620535e+01
497	1.435586e+01	2.611226e+03	4.397527e+02	3.594801e+02	7.934629e+01	4.190135e+01	9.633877e+01
498	1.438475e+01	2.624331e+03	4.400047e+02	3.594059e+02	7.988937e+01	4.182536e+01	9.602367e+01
499	1.441363e+01	2.626459e+03	4.401210e+02	3.593328e+02	7.995972e+01	4.182245e+01	9.549319e+01
500	1.444252e+01	2.607883e+03	4.401979e+02	3.592782e+02	7.961184e+01	4.170811e+01	9.539548e+01
501	1.447140e+01	2.620715e+03	4.400022e+02	3.591679e+02	7.989536e+01	4.176461e+01	9.490009e+01
502	1.450029e+01	2.611161e+03	4.401184e+02	3.590814e+02	7.954546e+01	4.179539e+01	9.467205e+01
503	1.452917e+01	2.611109e+03	4.401180e+02	3.589575e+02	7.953957e+01	4.179765e+01	9.410772e+01
504	1.455806e+01	2.602512e+03	4.402131e+02	3.588337e+02	7.938936e+01	4.173886e+01	9.388074e+01
505	1.458694e+01	2.598560e+03	4.401679e+02	3.587746e+02	7.947386e+01	4.163116e+01	9.343811e+01
506	1.461583e+01	2.606090e+03	4.401162e+02	3.586993e+02	7.949015e+01	4.174325e+01	9.313689e+01
507	1.464471e+01	2.612353e+03	4.403928e+02	3.585537e+02	7.960599e+01	4.178267e+01	9.267619e+01
508	1.467360e+01	2.623010e+03	4.403307e+02	3.584675e+02	7.980590e+01	4.184803e+01	9.258250e+01
509	1.470248e+01	2.605891e+03	4.403803e+02	3.584232e+02	7.968092e+01	4.164013e+01	9.223036e+01
510	1.473137e+01	2.607834e+03	4.403170e+02	3.582564e+02	7.941275e+01	4.181190e+01	9.190339e+01
511	1.476025e+01	2.610027e+03	4.403942e+02	3.582570e+02	7.950536e+01	4.179831e+01	9.144474e+01
512	1.478914e+01	2.606852e+03	4.404762e+02	3.582152e+02	7.940146e+01	4.180209e+01	9.140667e+01
513	1.481802e+01	2.609771e+03	4.404810e+02	3.581475e+02	7.967142e+01	4.170710e+01	9.134888e+01
514	1.484691e+01	2.608171e+03	4.404582e+02	3.581150e+02	7.948151e+01	4.178112e+01	9.083271e+01
515	1.487579e+01	2.614082e+03	4.404965e+02	3.580426e+02	7.952534e+01	4.185273e+01	9.073908e+01
516	1.490468e+01	2.616676e+03	4.404238e+02	3.580185e+02	7.944508e+01	4.193659e+01	9.039365e+01
517	1.493356e+01	2.609817e+03	4.405540e+02	3.578969e+02	7.985388e+01	4.161253e+01	9.031237e+01
518	1.496245e+01	2.600378e+03	4.404215e+02	3.577563e+02	7.949141e+01	4.165109e+01	8.982135e+01
519	1.499133e+01	2.595781e+03	4.404492e+02	3.575561e+02	7.951857e+01	4.156326e+01	8.962371e+01
520	1.502022e+01	2.600978e+03	4.404919e+02	3.575777e+02	7.989100e+01	4.145234e+01	8.959335e+01
521	1.504910e+01	2.620678e+03	4.406327e+02	3.574439e+02	7.997021e+01	4.172491e+01	8.896462e+01
522	1.507799e+01	2.621638e+03	4.405855e+02	3.573616e+02	7.981302e+01	4.182241e+01	8.857421e+01
523	1.510687e+01	2.607412e+03	4.408030e+02	3.572946e+02	7.969357e+01	4.165782e+01	8.865663e+01
524	1.513576e+01	2.616356e+03	4.408182e+02	3.572857e+02	7.965708e+01	4.181985e+01	8.824760e+01
525	1.516464e+01	2.621405e+03	4.408546e+02	3.571292e+02	8.006481e+01	4.168719e+01	8.781679e+01
526	1.519353e+01	2.627624e+03	4.409452e+02	3.570934e+02	7.997346e+01	4.183382e+01	8.768639e+01
527	1.522241e+01	2.618112e+03	4.409237e+02	3.569395e+02	7.993442e+01	4.170274e+01	8.706702e+01
528	1.525130e+01	2.616463e+03	4.408130e+02	3.569767e+02	7.991826e+01	4.168489e+01	8.735458e+01
529	1.528018e+01	2.628040e+03	4.408470e+02	3.568533e+02	7.999411e+01	4.182963e+01	8.707208e+01
530	1.530907e+01	2.616580e+03	4.409467e+02	3.568492e+02	7.986391e+01	4.171513e+01	8.686005e+01
531	1.533795e+01	2.618244e+03	4.408210e+02	3.566613e+02	7.981358e+01	4.176797e+01	8.646490e+01
532	1.536684e+01	2.635361e+03	4.408442e+02	3.566239e+02	8.006660e+01	4.190818e+01	8.627012e+01
533	1.539573e+01	2.617193e+03	4.407964e+02	3.566199e+02	8.008496e+01	4.160973e+01	8.631288e+01
534	1.542461e+01	2.608332e+03	4.409887e+02	3.564893e+02	7.986642e+01	4.158233e+01	8.609531e+01
535	1.545350e+01	2.603472e+03	4.409177e+02	3.564130e+02	7.972771e+01	4.157705e+01	8.604551e+01
536	1.548238e+01	2.611649e+03	4.408589e+02	3.563533e+02	7.966740e+01	4.173921e+01	8.577213e+01
537	1.551127e+01	2.607211e+03	4.410622e+02	3.563140e+02	7.977911e+01	4.160993e+01	8.533630e+01
538	1.554015e+01	2.617007e+03	4.409865e+02	3.561743e+02	7.991021e+01	4.169777e+01	8.505659e+01
539	1.556904e+01	2.597215e+03	4.408779e+02	3.561150e+02	7.930565e+01	4.169788e+01	8.487540e+01
540	1.559792e+01	2.618039e+03	4.410404e+02	3.559938e+02	7.980148e+01	4.177104e+01	8.414363e+01
541	1.562681e+01	2.620086e+03	4.411326e+02	3.559514e+02	7.983729e+01	4.178495e+01	8.405699e+01
542	1.565569e+01	2.614120e+03	4.410353e+02	3.559333e+02	7.949303e+01	4.187035e+01	8.397989e+01
543	1.568458e+01	2.617824e+03	4.410469e+02	3.557655e+02	7.978137e+01	4.177814e+01	8.355502e+01
544	1.571346e+01	2.617246e+03	4.411178e+02	3.556327e+02	7.977189e+01	4.177388e+01	8.346069e+01
545	1.574235e+01	2.617220e+03	4.411726e+02	3.556231e+02	7.988914e+01	4.171215e+01	8.306314e+01
546	1.577123e+01	2.623947e+03	4.411582e+02	3.556403e+02	7.977313e+01	4.188018e+01	8.281027e+01
547	1.580012e+01	2.610906e+03	4.411830e+02	3.554388e+02	7.975262e+01	4.168276e+01	8.252107e+01
548	1.582900e+01	2.618404e+03	4.411101e+02	3.554537e+02	7.950638e+01	4.193193e+01	8.203530e+01
549	1.585789e+01	2.614306e+03	4.411358e+02	3.553098e+02	7.984354e+01	4.168951e+01	8.197272e+01
550	1.588677e+01	2.619083e+03	4.411814e+02	3.552068e+02	7.986089e+01	4.175661e+01	8.172908e+01
551	1.591566e+01	2.610841e+03	4.412663e+02	3.551106e+02	7.987650e+01	4.161707e+01	8.132971e+01
552	1.594454e+01	2.619821e+03	4.411205e+02	3.549820e+02	7.960355e+01	4.190341e+01	8.123602e+01
553	1.597343e+01	2.619445e+03	4.411880e+02	3.548883e+02	8.000198e+01	4.168872e+01	8.076620e+01
554	1.600231e+01	2.619443e+03	4.412509e+02	3.547591e+02	7.981055e+01	4.178870e+01	8.026128e+01
555	1.603120e+01	2.613369e+03	4.411067e+02	3.546571e+02	7.962331e+01	4.178983e+01	7.994003e+01
556	1.606008e+01	2.621305e+03	4.410748e+02	3.545235e+02	8.009583e+01	4.166945e+01	7.977274e+01
557	1.608897e+01	2.604417e+03	4.410803e+02	3.544869e+02	7.967458e+01	4.161988e+01	7.916310e+01
558	1.611785e+01	2.606262e+03	4.410094e+02	3.543862e+02	7.953111e+01	4.172450e+01	7.911081e+01
559	1.614674e+01	2.620019e+03	4.410835e+02	3.542541e+02	7.983233e+01	4.178648e+01	7.851727e+01
560	1.617562e+01	2.617809e+03	4.412117e+02	3.541692e+02	7.967580e+01	4.183325e+01	7.834301e+01
561	1.620451e+01	2.610676e+03	4.410649e+02	3.542077e+02	7.965668e+01	4.172928e+01	7.826454e+01
562	1.623339e+01	2.605543e+03	4.410171e+02	3.541237e+02	7.960116e+01	4.167629e+01	7.793806e+01
563	1.626228e+01	2.604611e+03	4.410886e+02	3.539981e+02	7.965562e+01	4.163289e+01	7.763638e+01
564	1.629116e+01	2.606211e+03	4.409427e+02	3.539606e+02	7.965390e+01	4.165936e+01	7.750617e+01
565	1.632005e+01	2.597131e+03	4.408954e+02	3.538939e+02	7.934629e+01	4.167516e+01	7.730781e+01
566	1.634893e+01	2.608443e+03	4.409470e+02	3.537718e+02	7.976699e+01	4.163594e+01	7.694611e+01
567	1.637782e+01	2.608596e+03	4.408859e+02	3.537509e+02	7.958858e+01	4.173171e+01	7.698417e+01
568	1.640670e+01	2.612496e+03	4.408577e+02	3.537394e+02	7.962364e+01	4.177570e+01	7.666499e+01
569	1.643559e+01	2.597258e+03	4.407836e+02	3.536345e+02	7.946080e+01	4.161715e+01	7.637785e+01
570	1.646447e+01	2.613798e+03	4.409964e+02	3.535493e+02	7.980011e+01	4.170409e+01	7.606483e+01
571	1.649336e+01	2.617433e+03	4.408973e+02	3.534708e+02	7.980185e+01	4.176117e+01	7.588616e+01
572	1.652224e+01	2.599306e+03	4.407992e+02	3.534883e+02	7.933510e+01	4.171596e+01	7.587679e+01
573	1.655113e+01	2.602391e+03	4.408564e+02	3.534695e+02	7.944946e+01	4.170535e+01	7.600829e+01
574	1.658001e+01	2.607377e+03	4.409986e+02	3.533900e+02	7.960221e+01	4.170506e+01	7.558665e+01
575	1.660890e+01	2.603436e+03	4.409744e+02	3.533313e+02	7.977975e+01	4.154936e+01	7.512291e+01
576	1.663778e+01	2.597072e+03	4.409168e+02	3.533235e+02	7.939146e+01	4.165051e+01	7.532271e+01
577	1.666667e+01	2.606609e+03	4.409774e+02	3.532944e+02	7.953326e+01	4.172892e+01	7.515934e+01
578	1.669555e+01	2.610092e+03	4.409713e+02	3.532566e+02	7.957296e+01	4.176385e+01	7.496021e+01
579	1.672444e+01	2.617648e+03	4.410987e+02	3.531150e+02	7.989299e+01	4.171696e+01	7.465195e+01
580	1.675332e+01	2.613394e+03	4.411358e+02	3.530686e+02	7.968893e+01	4.175582e+01	7.464911e+01
581	1.678221e+01	2.605739e+03	4.410542e+02	3.530913e+02	7.951189e+01	4.172621e+01	7.432053e+01
582	1.681109e+01	2.609295e+03	4.409861e+02	3.530608e+02	7.970106e+01	4.168399e+01	7.417806e+01
583	1.683998e+01	2.604413e+03	4.407927e+02	3.529658e+02	7.928004e+01	4.182695e+01	7.382454e+01
584	1.686886e+01	2.608215e+03	4.407872e+02	3.528642e+02	7.942945e+01	4.180921e+01	7.353714e+01
585	1.689775e+01	2.606514e+03	4.407465e+02	3.528635e+02	7.954836e+01	4.171949e+01	7.349434e+01
586	1.692663e+01	2.617706e+03	4.408263e+02	3.527458e+02	7.944944e+01	4.195079e+01	7.298678e+01
587	1.695552e+01	2.618054e+03	4.408405e+02	3.526521e+02	7.943300e+01	4.196506e+01	7.290160e+01
588	1.698440e+01	2.616653e+03	4.407824e+02	3.525686e+02	7.918501e+01	4.207396e+01	7.274339e+01
589	1.701329e+01	2.620461e+03	4.408668e+02	3.525629e+02	7.949947e+01	4.196851e+01	7.226115e+01
590	1.704217e+01	2.611332e+03	4.408156e+02	3.524157e+02	7.944241e+01	4.185235e+01	7.221575e+01
591	1.707106e+01	2.612200e+03	4.405173e+02	3.524939e+02	7.928975e+01	4.194687e+01	7.204525e+01
592	1.709994e+01	2.623658e+03	4.407281e+02	3.522032e+02	7.974136e+01	4.189225e+01	7.112852e+01
593	1.712883e+01	2.615076e+03	4.405070e+02	3.522749e+02	7.972972e+01	4.176131e+01	7.120711e+01
594	1.715771e+01	2.628109e+03	4.405969e+02	3.521237e+02	7.978272e+01	4.194157e+01	7.064123e+01
595	1.718660e+01	2.622969e+03	4.403990e+02	3.520781e+02	7.942588e+01	4.204761e+01	7.066678e+01
596	1.721548e+01	2.615585e+03	4.403730e+02	3.520959e+02	7.914415e+01	4.207848e+01	7.066861e+01
597	1.724437e+01	2.629389e+03	4.404649e+02	3.519487e+02	7.985871e+01	4.192206e+01	7.001126e+01
598	1.727325e+01	2.611129e+03	4.403264e+02	3.520047e+02	7.948809e+01	4.182504e+01	6.998020e+01
599	1.730214e+01	2.621806e+03	4.402109e+02	3.519361e+02	7.946540e+01	4.200805e+01	6.985245e+01
600	1.733102e+01	2.613735e+03	4.402388e+02	3.519291e+02	7.942725e+01	4.189885e+01	6.976290e+01
601	1.735991e+01	2.621271e+03	4.403442e+02	3.517287e+02	7.933583e+01	4.206807e+01	6.918256e+01
602	1.738879e+01	2.623687e+03	4.402564e+02	3.517221e+02	7.959965e+01	4.196730e+01	6.860838e+01
603	1.741768e+01	2.630360e+03	4.402237e+02	3.516454e+02	7.956133e+01	4.209431e+01	6.836003e+01
604	1.744656e+01	2.626536e+03	4.401939e+02	3.515815e+02	7.974332e+01	4.193717e+01	6.808594e+01
605	1.747545e+01	2.616692e+03	4.400402e+02	3.514793e+02	7.969443e+01	4.180563e+01	6.775325e+01
606	1.750433e+01	2.625513e+03	4.400223e+02	3.514751e+02	7.974654e+01	4.191916e+01	6.752189e+01
607	1.753322e+01	2.605212e+03	4.397992e+02	3.514267e+02	7.909289e+01	4.193878e+01	6.735306e+01
608	1.756210e+01	2.612735e+03	4.398505e+02	3.513641e+02	7.898448e+01	4.211760e+01	6.712524e+01
609	1.759099e+01	2.604589e+03	4.398346e+02	3.513647e+02	7.900620e+01	4.197476e+01	6.705327e+01
610	1.761987e+01	2.611440e+03	4.398658e+02	3.513111e+02	7.906644e+01	4.205310e+01	6.681432e+01
611	1.764876e+01	2.606648e+03	4.396818e+02	3.512946e+02	7.919511e+01	4.190773e+01	6.686503e+01
612	1.767764e+01	2.607177e+03	4.399529e+02	3.512227e+02	7.932233e+01	4.184900e+01	6.647538e+01
613	1.770653e+01	2.605070e+03	4.397770e+02	3.511723e+02	7.915173e+01	4.190531e+01	6.629331e+01
614	1.773541e+01	2.604171e+03	4.396972e+02	3.510658e+02	7.904218e+01	4.194892e+01	6.610464e+01
615	1.776430e+01	2.617616e+03	4.397357e+02	3.510192e+02	7.904868e+01	4.216202e+01	6.598316e+01
616	1.779318e+01	2.608401e+03	4.396960e+02	3.509691e+02	7.915384e+01	4.195778e+01	6.571382e+01
617	1.782207e+01	2.613454e+03	4.397047e+02	3.509163e+02	7.921095e+01	4.200875e+01	6.562243e+01
618	1.785095e+01	2.599210e+03	4.395717e+02	3.508827e+02	7.898701e+01	4.189825e+01	6.516522e+01
619	1.787984e+01	2.606349e+03	4.395504e+02	3.509060e+02	7.903671e+01	4.198690e+01	6.513892e+01
620	1.790872e+01	2.617716e+03	4.397142e+02	3.507506e+02	7.949332e+01	4.192779e+01	6.476699e+01
621	1.793761e+01	2.613720e+03	4.395901e+02	3.507234e+02	7.955638e+01	4.183061e+01	6.464379e+01
622	1.796649e+01	2.623029e+03	4.396745e+02	3.505569e+02	7.960780e+01	4.195247e+01	6.436284e+01
623	1.799538e+01	2.613737e+03	4.395845e+02	3.504866e+02	7.921797e+01	4.200958e+01	6.377864e+01
624	1.802426e+01	2.619321e+03	4.395770e+02	3.504852e+02	7.927798e+01	4.206746e+01	6.342170e+01
625	1.805315e+01	2.620980e+03	4.395300e+02	3.503170e+02	7.930243e+01	4.208113e+01	6.350037e+01
626	1.808203e+01	2.611938e+03	4.395128e+02	3.503332e+02	7.942068e+01	4.187352e+01	6.332077e+01
627	1.811092e+01	2.618152e+03	4.394938e+02	3.502425e+02	7.928970e+01	4.204247e+01	6.320095e+01
628	1.813980e+01	2.622505e+03	4.395583e+02	3.502184e+02	7.956646e+01	4.196589e+01	6.278503e+01
629	1.816869e+01	2.614282e+03	4.394701e+02	3.502242e+02	7.909788e+01	4.208213e+01	6.298711e+01
630	1.819757e+01	2.622256e+03	4.395126e+02	3.501204e+02	7.941392e+01	4.204250e+01	6.260749e+01
631	1.822646e+01	2.614658e+03	4.394105e+02	3.500488e+02	7.924256e+01	4.201134e+01	6.214843e+01
632	1.825534e+01	2.621340e+03	4.394195e+02	3.499281e+02	7.944844e+01	4.200956e+01	6.223042e+01
633	1.828423e+01	2.625206e+03	4.393991e+02	3.498431e+02	7.940612e+01	4.209393e+01	6.158722e+01
634	1.831311e+01	2.618095e+03	4.392240e+02	3.497655e+02	7.906319e+01	4.216199e+01	6.118256e+01
635	1.834200e+01	2.619095e+03	4.391844e+02	3.497088e+02	7.927068e+01	4.206770e+01	6.063680e+01
636	1.837088e+01	2.639295e+03	4.391418e+02	3.496180e+02	7.953357e+01	4.225203e+01	6.018205e+01
637	1.839977e+01	2.629234e+03	4.391801e+02	3.495760e+02	7.933652e+01	4.219550e+01	6.011914e+01
638	1.842865e+01	2.624193e+03	4.390658e+02	3.495868e+02	7.911844e+01	4.223070e+01	5.996896e+01
639	1.845754e+01	2.617790e+03	4.390704e+02	3.495591e+02	7.909228e+01	4.214157e+01	6.024303e+01
640	1.848642e+01	2.637897e+03	4.389872e+02	3.494900e+02	7.954882e+01	4.222155e+01	5.947076e+01
641	1.851531e+01	2.616622e+03	4.388930e+02	3.494448e+02	7.919901e+01	4.206601e+01	5.926050e+01
642	1.854419e+01	2.620926e+03	4.387451e+02	3.494120e+02	7.934133e+01	4.205962e+01	5.895770e+01
643	1.857308e+01	2.634116e+03	4.388936e+02	3.491550e+02	7.940193e+01	4.223904e+01	5.841359e+01
644	1.860196e+01	2.624823e+03	4.386950e+02	3.492736e+02	7.934473e+01	4.212035e+01	5.845813e+01
645	1.863085e+01	2.619336e+03	4.386320e+02	3.492774e+02	7.916011e+01	4.213033e+01	5.824628e+01
646	1.865973e+01	2.617187e+03	4.385593e+02	3.491587e+02	7.900149e+01	4.218029e+01	5.773230e+01
647	1.868862e+01	2.627062e+03	4.385606e+02	3.491099e+02	7.914521e+01	4.226257e+01	5.751896e+01
648	1.871750e+01	2.627159e+03	4.386347e+02	3.489399e+02	7.931784e+01	4.217214e+01	5.740250e+01
649	1.874639e+01	2.629492e+03	4.386026e+02	3.487491e+02	7.914804e+01	4.230014e+01	5.673259e+01
650	1.877527e+01	2.631603e+03	4.385251e+02	3.487014e+02	7.966721e+01	4.205822e+01	5.635961e+01
651	1.880416e+01	2.620405e+03	4.384286e+02	3.486091e+02	7.912141e+01	4.216815e+01	5.582293e+01
652	1.883304e+01	2.616727e+03	4.383976e+02	3.486205e+02	7.902409e+01	4.216081e+01	5.574543e+01
653	1.886193e+01	2.636810e+03	4.383037e+02	3.485062e+02	7.937640e+01	4.229583e+01	5.566262e+01
654	1.889081e+01	2.625334e+03	4.382727e+02	3.484945e+02	7.886244e+01	4.238619e+01	5.524569e+01
655	1.891970e+01	2.624757e+03	4.380856e+02	3.483436e+02	7.915407e+01	4.222076e+01	5.463243e+01
656	1.894858e+01	2.627901e+03	4.379529e+02	3.483243e+02	7.900525e+01	4.235095e+01	5.440405e+01
657	1.897747e+01	2.619202e+03	4.380483e+02	3.481989e+02	7.882169e+01	4.230905e+01	5.410544e+01
658	1.900635e+01	2.625873e+03	4.379904e+02	3.481659e+02	7.878884e+01	4.243450e+01	5.364014e+01
659	1.903524e+01	2.615107e+03	4.379235e+02	3.480464e+02	7.872307e+01	4.229583e+01	5.338979e+01
660	1.906412e+01	2.619782e+03	4.378494e+02	3.480249e+02	7.877042e+01	4.234598e+01	5.321857e+01
661	1.909301e+01	2.627104e+03	4.378358e+02	3.478969e+02	7.884060e+01	4.242652e+01	5.286474e+01
662	1.912189e+01	2.627473e+03	4.376449e+02	3.480703e+02	7.918054e+01	4.225031e+01	5.272531e+01
663	1.915078e+01	2.621904e+03	4.376586e+02	3.478452e+02	7.888650e+01	4.231791e+01	5.213862e+01
664	1.917966e+01	2.627053e+03	4.375130e+02	3.477727e+02	7.879586e+01	4.244979e+01	5.199052e+01
665	1.920855e+01	2.632813e+03	4.375518e+02	3.476005e+02	7.922076e+01	4.231469e+01	5.128901e+01
666	1.923744e+01	2.639361e+03	4.375359e+02	3.475119e+02	7.949045e+01	4.227601e+01	5.122338e+01
667	1.926632e+01	2.639355e+03	4.374767e+02	3.473733e+02	7.924612e+01	4.240627e+01	5.057783e+01
668	1.929521e+01	2.645453e+03	4.374437e+02	3.472720e+02	7.964082e+01	4.229358e+01	5.022314e+01
669	1.932409e+01	2.639307e+03	4.373252e+02	3.471308e+02	7.948217e+01	4.227955e+01	5.011829e+01
670	1.935298e+01	2.625682e+03	4.373712e+02	3.470482e+02	7.940940e+01	4.209983e+01	4.968131e+01
671	1.938186e+01	2.634829e+03	4.371379e+02	3.471255e+02	7.942638e+01	4.223746e+01	4.943006e+01
672	1.941075e+01	2.639348e+03	4.370891e+02	3.470784e+02	7.913699e+01	4.246461e+01	4.924408e+01
673	1.943963e+01	2.633741e+03	4.370058e+02	3.470308e+02	7.921432e+01	4.233304e+01	4.901148e+01
674	1.946852e+01	2.634548e+03	4.369687e+02	3.469364e+02	7.933411e+01	4.228208e+01	4.846914e+01
675	1.949740e+01	2.633550e+03	4.368153e+02	3.469533e+02	7.910843e+01	4.238664e+01	4.815915e+01
676	1.952629e+01	2.637907e+03	4.367521e+02	3.469195e+02	7.922226e+01	4.239576e+01	4.795400e+01
677	1.955517e+01	2.637476e+03	4.367986e+02	3.468012e+02	7.922677e+01	4.238642e+01	4.754952e+01
678	1.958406e+01	2.642358e+03	4.366447e+02	3.467825e+02	7.917706e+01	4.249153e+01	4.725911e+01
679	1.961294e+01	2.634575e+03	4.365976e+02	3.467328e+02	7.918833e+01	4.236034e+01	4.693370e+01
680	1.964183e+01	2.638848e+03	4.365214e+02	3.466029e+02	7.935914e+01	4.233773e+01	4.678880e+01
681	1.967071e+01	2.644243e+03	4.365242e+02	3.465844e+02	7.918434e+01	4.251794e+01	4.650434e+01
682	1.969960e+01	2.641735e+03	4.364536e+02	3.464977e+02	7.942477e+01	4.234903e+01	4.628650e+01
683	1.972848e+01	2.635305e+03	4.363617e+02	3.465205e+02	7.899166e+01	4.247757e+01	4.585342e+01
684	1.975737e+01	2.638109e+03	4.361899e+02	3.465018e+02	7.907050e+01	4.248037e+01	4.569641e+01
685	1.978625e+01	2.639379e+03	4.362886e+02	3.463465e+02	7.915039e+01	4.245793e+01	4.535890e+01
686	1.981514e+01	2.644211e+03	4.361121e+02	3.464214e+02	7.927697e+01	4.246775e+01	4.507486e+01
687	1.984402e+01	2.640654e+03	4.361103e+02	3.464093e+02	7.904145e+01	4.253698e+01	4.464855e+01
688	1.987291e+01	2.642691e+03	4.360605e+02	3.463148e+02	7.911843e+01	4.252839e+01	4.461229e+01
689	1.990179e+01	2.645512e+03	4.359778e+02	3.461810e+02	7.912710e+01	4.256911e+01	4.412908e+01
690	1.993068e+01	2.636887e+03	4.359390e+02	3.461286e+02	7.895231e+01	4.252427e+01	4.374681e+01
691	1.995956e+01	2.649137e+03	4.357654e+02	3.461301e+02	7.924744e+01	4.256270e+01	4.348696e+01
692	1.998845e+01	2.625055e+03	4.358269e+02	3.461568e+02	7.882713e+01	4.240068e+01	4.353762e+01
693	2.001733e+01	2.633516e+03	4.357506e+02	3.460013e+02	7.900449e+01	4.244185e+01	4.296294e+01
694	2.004622e+01	2.637655e+03	4.356461e+02	3.460778e+02	7.903286e+01	4.249330e+01	4.282370e+01
695	2.007510e+01	2.639894e+03	4.355960e+02	3.459550e+02	7.908106e+01	4.250345e+01	4.251284e+01
696	2.010399e+01	2.644974e+03	4.354853e+02	3.460193e+02	7.907512e+01	4.258844e+01	4.188089e+01
697	2.013287e+01	2.633634e+03	4.354133e+02	3.459456e+02	7.894324e+01	4.247668e+01	4.184109e+01
698	2.016176e+01	2.636377e+03	4.353131e+02	3.460157e+02	7.884294e+01	4.257502e+01	4.127691e+01
699	2.019064e+01	2.630562e+03	4.352383e+02	3.460298e+02	7.907865e+01	4.235448e+01	4.087516e+01
700	2.021953e+01	2.639440e+03	4.351768e+02	3.459180e+02	7.901846e+01	4.252980e+01	4.072434e+01
701	2.024841e+01	2.627198e+03	4.350047e+02	3.459308e+02	7.869220e+01	4.250805e+01	4.048333e+01
702	2.027730e+01	2.642066e+03	4.349327e+02	3.458955e+02	7.889285e+01	4.263990e+01	4.029748e+01
703	2.030618e+01	2.645150e+03	4.349135e+02	3.459662e+02	7.918159e+01	4.253400e+01	3.973178e+01
704	2.033507e+01	2.645548e+03	4.348657e+02	3.459084e+02	7.908673e+01	4.259142e+01	3.988496e+01
705	2.036395e+01	2.635731e+03	4.348504e+02	3.459107e+02	7.885976e+01	4.255551e+01	3.936443e+01
706	2.039284e+01	2.642203e+03	4.346479e+02	3.459267e+02	7.921529e+01	4.246854e+01	3.898995e+01
707	2.042172e+01	2.624963e+03	4.345222e+02	3.459780e+02	7.881126e+01	4.240773e+01	3.902370e+01
708	2.045061e+01	2.639483e+03	4.344059e+02	3.460129e+02	7.895136e+01	4.256664e+01	3.843529e+01
709	2.047949e+01	2.641778e+03	4.344468e+02	3.460022e+02	7.900601e+01	4.257417e+01	3.823438e+01
710	2.050838e+01	2.643416e+03	4.343923e+02	3.459810e+02	7.925017e+01	4.246933e+01	3.806234e+01
711	2.053726e+01	2.640657e+03	4.343091e+02	3.459220e+02	7.911856e+01	4.249557e+01	3.779409e+01
712	2.056615e+01	2.638036e+03	4.342250e+02	3.459650e+02	7.910275e+01	4.246189e+01	3.779873e+01
713	2.059503e+01	2.638868e+03	4.340900e+02	3.459625e+02	7.919218e+01	4.242730e+01	3.689540e+01
714	2.062392e+01	2.636163e+03	4.340842e+02	3.458789e+02	7.903863e+01	4.246616e+01	3.690382e+01
715	2.065280e+01	2.640306e+03	4.339986e+02	3.457049e+02	7.914545e+01	4.247549e+01	3.656458e+01
716	2.068169e+01	2.645372e+03	4.338767e+02	3.457996e+02	7.932126e+01	4.246267e+01	3.630048e+01
717	2.071057e+01	2.648497e+03	4.338899e+02	3.456288e+02	7.939787e+01	4.247181e+01	3.614719e+01
718	2.073946e+01	2.638621e+03	4.338297e+02	3.456500e+02	7.906366e+01	4.249230e+01	3.606308e+01
719	2.076834e+01	2.648764e+03	4.337934e+02	3.455496e+02	7.943941e+01	4.245387e+01	3.554316e+01
720	2.079723e+01	2.643829e+03	4.337254e+02	3.455536e+02	7.926585e+01	4.246757e+01	3.499070e+01
721	2.082611e+01	2.646633e+03	4.335340e+02	3.456040e+02	7.935918e+01	4.246261e+01	3.495109e+01
722	2.085500e+01	2.648171e+03	4.335321e+02	3.455266e+02	7.934513e+01	4.249481e+01	3.468295e+01
723	2.088388e+01	2.648710e+03	4.333741e+02	3.455434e+02	7.919652e+01	4.258321e+01	3.406627e+01
724	2.091277e+01	2.645551e+03	4.333719e+02	3.454741e+02	7.923498e+01	4.251178e+01	3.374599e+01
725	2.094165e+01	2.639287e+03	4.332321e+02	3.454393e+02	7.920427e+01	4.242756e+01	3.352640e+01
726	2.097054e+01	2.647082e+03	4.330756e+02	3.454499e+02	7.897540e+01	4.267620e+01	3.324691e+01
727	2.099942e+01	2.645336e+03	4.329979e+02	3.453667e+02	7.912617e+01	4.256678e+01	3.302742e+01
728	2.102831e+01	2.639257e+03	4.329048e+02	3.453527e+02	7.900059e+01	4.253648e+01	3.273194e+01
729	2.105719e+01	2.655260e+03	4.327018e+02	3.452885e+02	7.915229e+01	4.271236e+01	3.241127e+01
730	2.108608e+01	2.649113e+03	4.326964e+02	3.451911e+02	7.919902e+01	4.258835e+01	3.190296e+01
731	2.111496e+01	2.651702e+03	4.327009e+02	3.452534e+02	7.920676e+01	4.262580e+01	3.153831e+01
732	2.114385e+01	2.652313e+03	4.325892e+02	3.451720e+02	7.903568e+01	4.272792e+01	3.096782e+01
733	2.117273e+01	2.638636e+03	4.325768e+02	3.450714e+02	7.912838e+01	4.245779e+01	3.103332e+01
734	2.120162e+01	2.653606e+03	4.323883e+02	3.450791e+02	7.919971e+01	4.266020e+01	3.065665e+01
735	2.123050e+01	2.639235e+03	4.321800e+02	3.451670e+02	7.920837e+01	4.242453e+01	3.009088e+01
736	2.125939e+01	2.638218e+03	4.322211e+02	3.449972e+02	7.938738e+01	4.231256e+01	2.976521e+01
737	2.128827e+01	2.641516e+03	4.321682e+02	3.448767e+02	7.924776e+01	4.244009e+01	2.950134e+01
738	2.131716e+01	2.642678e+03	4.320862e+02	3.450121e+02	7.904996e+01	4.256501e+01	2.921498e+01
739	2.134604e+01	2.649311e+03	4.320031e+02	3.447927e+02	7.908659e+01	4.265208e+01	2.905342e+01
740	2.137493e+01	2.648096e+03	4.319762e+02	3.447726e+02	7.927891e+01	4.252909e+01	2.900850e+01
741	2.140381e+01	2.634798e+03	4.318048e+02	3.448659e+02	7.911499e+01	4.240321e+01	2.810843e+01
742	2.143270e+01	2.640614e+03	4.316836e+02	3.448988e+02	7.884054e+01	4.264474e+01	2.759031e+01
743	2.146158e+01	2.634971e+03	4.316322e+02	3.450172e+02	7.895358e+01	4.249269e+01	2.773077e+01
744	2.149047e+01	2.645128e+03	4.315510e+02	3.448162e+02	7.907294e+01	4.259209e+01	2.759498e+01
745	2.151935e+01	2.654120e+03	4.314966e+02	3.449393e+02	7.919731e+01	4.266976e+01	2.740664e+01
746	2.154824e+01	2.637419e+03	4.313944e+02	3.449503e+02	7.902816e+01	4.249203e+01	2.690581e+01
747	2.157712e+01	2.648509e+03	4.314283e+02	3.448563e+02	7.918375e+01	4.258685e+01	2.712539e+01
748	2.160601e+01	2.639485e+03	4.312631e+02	3.449560e+02	7.890156e+01	4.259353e+01	2.668774e+01
749	2.163489e+01	2.639093e+03	4.313004e+02	3.448426e+02	7.907621e+01	4.249316e+01	2.639826e+01
750	2.166378e+01	2.636926e+03	4.312355e+02	3.448513e+02	7.907777e+01	4.245743e+01	2.611487e+01
751	2.169266e+01	2.646444e+03	4.312002e+02	3.447003e+02	7.925449e+01	4.251567e+01	2.555898e+01
752	2.172155e+01	2.632760e+03	4.312235e+02	3.446161e+02	7.875107e+01	4.256620e+01	2.520758e+01
753	2.175043e+01	2.632269e+03	4.310299e+02	3.446052e+02	7.890018e+01	4.247784e+01	2.460099e+01
754	2.177932e+01	2.636722e+03	4.310526e+02	3.446326e+02	7.893961e+01	4.252845e+01	2.458187e+01
755	2.180820e+01	2.640345e+03	4.307015e+02	3.445051e+02	7.895296e+01	4.257969e+01	2.356708e+01
756	2.183709e+01	2.647170e+03	4.306853e+02	3.445530e+02	7.917841e+01	4.256820e+01	2.332768e+01
757	2.186597e+01	2.644828e+03	4.305811e+02	3.445512e+02	7.914767e+01	4.254705e+01	2.298293e+01
758	2.189486e+01	2.644257e+03	4.304662e+02	3.445792e+02	7.906915e+01	4.258011e+01	2.251921e+01
759	2.192374e+01	2.636647e+03	4.303206e+02	3.446137e+02	7.919580e+01	4.238967e+01	2.216965e+01
760	2.195263e+01	2.643060e+03	4.303362e+02	3.445102e+02	7.927183e+01	4.245201e+01	2.205863e+01
761	2.198151e+01	2.635414e+03	4.301970e+02	3.445307e+02	7.926552e+01	4.233258e+01	2.148632e+01
762	2.201040e+01	2.643577e+03	4.301355e+02	3.444660e+02	7.903045e+01	4.258999e+01	2.140958e+01
763	2.203928e+01	2.640241e+03	4.300691e+02	3.444232e+02	7.893101e+01	4.258984e+01	2.107119e+01
764	2.206817e+01	2.652854e+03	4.299236e+02	3.442944e+02	7.919563e+01	4.265032e+01	2.063847e+01
765	2.209705e+01	2.638444e+03	4.299451e+02	3.443455e+02	7.896410e+01	4.254303e+01	2.064928e+01
766	2.212594e+01	2.645712e+03	4.298618e+02	3.442133e+02	7.889417e+01	4.269802e+01	2.010660e+01
767	2.215482e+01	2.643133e+03	4.298033e+02	3.442977e+02	7.904021e+01	4.257759e+01	1.985099e+01
768	2.218371e+01	2.647278e+03	4.297400e+02	3.442531e+02	7.908475e+01	4.262035e+01	1.965085e+01
769	2.221259e+01	2.644178e+03	4.296724e+02	3.441202e+02	7.899620e+01	4.261815e+01	1.941657e+01
770	2.224148e+01	2.650091e+03	4.295578e+02	3.441632e+02	7.900623e+01	4.270804e+01	1.906573e+01
771	2.227036e+01	2.644150e+03	4.294864e+02	3.440530e+02	7.904227e+01	4.259286e+01	1.832270e+01
772	2.229925e+01	2.651997e+03	4.293736e+02	3.441634e+02	7.918918e+01	4.264001e+01	1.788689e+01
773	2.232813e+01	2.648266e+03	4.292897e+02	3.440091e+02	7.888181e+01	4.274594e+01	1.771455e+01
774	2.235702e+01	2.647129e+03	4.291975e+02	3.440813e+02	7.896394e+01	4.268316e+01	1.750538e+01
775	2.238590e+01	2.624199e+03	4.289719e+02	3.440834e+02	7.859924e+01	4.250974e+01	1.674412e+01
776	2.241479e+01	2.651469e+03	4.289659e+02	3.439877e+02	7.909132e+01	4.268427e+01	1.675006e+01
777	2.244367e+01	2.654256e+03	4.289037e+02	3.439392e+02	7.932193e+01	4.260491e+01	1.645501e+01
778	2.247256e+01	2.639053e+03	4.288439e+02	3.440573e+02	7.901254e+01	4.252675e+01	1.601085e+01
779	2.250144e+01	2.645612e+03	4.287709e+02	3.439123e+02	7.897444e+01	4.265301e+01	1.579291e+01
780	2.253033e+01	2.653954e+03	4.287294e+02	3.438401e+02	7.889696e+01	4.282952e+01	1.549060e+01
781	2.255921e+01	2.654638e+03	4.285383e+02	3.438766e+02	7.888930e+01	4.284472e+01	1.503563e+01
782	2.258810e+01	2.649027e+03	4.285066e+02	3.439083e+02	7.900248e+01	4.269291e+01	1.477413e+01
783	2.261698e+01	2.641299e+03	4.283217e+02	3.438943e+02	7.900932e+01	4.256467e+01	1.433982e+01
784	2.264587e+01	2.661138e+03	4.283120e+02	3.438394e+02	7.912405e+01	4.282220e+01	1.404214e+01
785	2.267475e+01	2.649180e+03	4.283203e+02	3.437965e+02	7.905948e+01	4.266459e+01	1.385836e+01
786	2.270364e+01	2.640147e+03	4.282450e+02	3.437334e+02	7.873820e+01	4.269260e+01	1.345292e+01
787	2.273252e+01	2.646897e+03	4.281117e+02	3.437953e+02	7.909268e+01	4.260992e+01	1.340298e+01
788	2.276141e+01	2.646107e+03	4.280722e+02	3.436945e+02	7.899683e+01	4.264889e+01	1.280212e+01
789	2.279029e+01	2.635731e+03	4.278923e+02	3.438662e+02	7.872911e+01	4.262613e+01	1.248813e+01
790	2.281918e+01	2.651956e+03	4.277830e+02	3.437646e+02	7.896071e+01	4.276273e+01	1.234929e+01
791	2.284806e+01	2.643441e+03	4.277462e+02	3.436451e+02	7.899413e+01	4.260740e+01	1.195646e+01
792	2.287695e+01	2.650518e+03	4.276859e+02	3.436117e+02	7.882672e+01	4.281218e+01	1.180896e+01
793	2.290583e+01	2.660686e+03	4.276048e+02	3.437161e+02	7.897905e+01	4.289354e+01	1.168011e+01
794	2.293472e+01	2.661034e+03	4.275049e+02	3.437507e+02	7.896296e+01	4.290789e+01	1.120029e+01
795	2.296360e+01	2.656534e+03	4.273873e+02	3.436789e+02	7.901206e+01	4.280870e+01	1.090371e+01
796	2.299249e+01	2.646865e+03	4.271933e+02	3.436954e+02	7.899171e+01	4.266389e+01	1.018044e+01
797	2.302137e+01	2.655459e+03	4.271356e+02	3.436894e+02	7.905695e+01	4.276709e+01	1.013921e+01
798	2.305026e+01	2.648742e+03	4.270725e+02	3.437306e+02	7.888521e+01	4.275177e+01	9.754134e+00
799	2.307915e+01	2.655067e+03	4.268742e+02	3.438891e+02	7.928067e+01	4.264011e+01	9.280419e+00
