1	2.900232e-02	2.639065e+03	5.075381e+02	4.089694e+02	7.931332e+01	4.236567e+01	6.887128e+01
2	5.800464e-02	2.666112e+03	5.079940e+02	4.076378e+02	7.988805e+01	4.249195e+01	6.706657e+01
3	8.700696e-02	2.649151e+03	5.083098e+02	4.064901e+02	7.977672e+01	4.228055e+01	6.565784e+01
4	1.160093e-01	2.647128e+03	5.087242e+02	4.050376e+02	7.950010e+01	4.239527e+01	6.386254e+01
5	1.450116e-01	2.656632e+03	5.091047e+02	4.035852e+02	7.964012e+01	4.247268e+01	6.188310e+01
6	1.740139e-01	2.671074e+03	5.090677e+02	4.023590e+02	7.976419e+01	4.263715e+01	6.015652e+01
7	2.030162e-01	2.661258e+03	5.092577e+02	4.012436e+02	7.961537e+01	4.255985e+01	5.854070e+01
8	2.320186e-01	2.662291e+03	5.092864e+02	4.000071e+02	7.942107e+01	4.268053e+01	5.756234e+01
9	2.610209e-01	2.654522e+03	5.096794e+02	3.987650e+02	7.919872e+01	4.267547e+01	5.671090e+01
10	2.900232e-01	2.665085e+03	5.099540e+02	3.975241e+02	7.944411e+01	4.271295e+01	5.551311e+01
11	3.190255e-01	2.671858e+03	5.101614e+02	3.961593e+02	7.953584e+01	4.277211e+01	5.463965e+01
12	3.480278e-01	2.661205e+03	5.104509e+02	3.949779e+02	7.928039e+01	4.273883e+01	5.396772e+01
13	3.770302e-01	2.661725e+03	5.105443e+02	3.938566e+02	7.922301e+01	4.277815e+01	5.304630e+01
14	4.060325e-01	2.667223e+03	5.108648e+02	3.924827e+02	7.955335e+01	4.268851e+01	5.157551e+01
15	4.350348e-01	2.669912e+03	5.109188e+02	3.912036e+02	7.950183e+01	4.275923e+01	5.037030e+01
16	4.640371e-01	2.656741e+03	5.109365e+02	3.900258e+02	7.897114e+01	4.283423e+01	4.947520e+01
17	4.930394e-01	2.652091e+03	5.112351e+02	3.887566e+02	7.900878e+01	4.273888e+01	4.866184e+01
18	5.220418e-01	2.658210e+03	5.114696e+02	3.873926e+02	7.910233e+01	4.278683e+01	4.751753e+01
19	5.510441e-01	2.670035e+03	5.112754e+02	3.862018e+02	7.939315e+01	4.281974e+01	4.615981e+01
20	5.800464e-01	2.667207e+03	5.111358e+02	3.849277e+02	7.929866e+01	4.282536e+01	4.476927e+01
21	6.090487e-01	2.672355e+03	5.109320e+02	3.836770e+02	7.919892e+01	4.296206e+01	4.270007e+01
22	6.380510e-01	2.665031e+03	5.104728e+02	3.825045e+02	7.910986e+01	4.289254e+01	4.117134e+01
23	6.670534e-01	2.685840e+03	5.099753e+02	3.814066e+02	7.965050e+01	4.293405e+01	3.898857e+01
24	6.960557e-01	2.685391e+03	5.097230e+02	3.801857e+02	7.955473e+01	4.297854e+01	3.679703e+01
25	7.250580e-01	2.673573e+03	5.093490e+02	3.790144e+02	7.914639e+01	4.301016e+01	3.511608e+01
26	7.540603e-01	2.686913e+03	5.089482e+02	3.780985e+02	7.953540e+01	4.301336e+01	3.431938e+01
27	7.830626e-01	2.691769e+03	5.087211e+02	3.768985e+02	7.974671e+01	4.297691e+01	3.335862e+01
28	8.120650e-01	2.677302e+03	5.081957e+02	3.756106e+02	7.920504e+01	4.303827e+01	3.163686e+01
29	8.410673e-01	2.683879e+03	5.076194e+02	3.744567e+02	7.927097e+01	4.310810e+01	3.013526e+01
30	8.700696e-01	2.681130e+03	5.070022e+02	3.731812e+02	7.926173e+01	4.306897e+01	2.803413e+01
31	8.990719e-01	2.692184e+03	5.061719e+02	3.720995e+02	7.942983e+01	4.315501e+01	2.598613e+01
32	9.280742e-01	2.682700e+03	5.056137e+02	3.708884e+02	7.925594e+01	4.309734e+01	2.444170e+01
33	9.570766e-01	2.684365e+03	5.050569e+02	3.696421e+02	7.917701e+01	4.316708e+01	2.285725e+01
34	9.860789e-01	2.680090e+03	5.043706e+02	3.685661e+02	7.907426e+01	4.315432e+01	2.107842e+01
35	1.015081e+00	2.686443e+03	5.036308e+02	3.675293e+02	7.922968e+01	4.317176e+01	1.907979e+01
36	1.044084e+00	2.694860e+03	5.028854e+02	3.664322e+02	7.932204e+01	4.325661e+01	1.761656e+01
37	1.073086e+00	2.702059e+03	5.017759e+02	3.657764e+02	7.945368e+01	4.330030e+01	1.581406e+01
38	1.102088e+00	2.683979e+03	5.014089e+02	3.645859e+02	7.919984e+01	4.314842e+01	1.324488e+01
39	1.131090e+00	2.687410e+03	5.004796e+02	3.636465e+02	7.920697e+01	4.319969e+01	1.185368e+01
40	1.160093e+00	2.696535e+03	4.995300e+02	3.628624e+02	7.924910e+01	4.332334e+01	9.600743e+00
41	1.189095e+00	2.696239e+03	4.987040e+02	3.619395e+02	7.946371e+01	4.320159e+01	7.625875e+00
42	1.218097e+00	2.691406e+03	4.975863e+02	3.611487e+02	7.958073e+01	4.306073e+01	5.434807e+00
43	1.247100e+00	2.690815e+03	4.966252e+02	3.604787e+02	7.940517e+01	4.314647e+01	3.746009e+00
44	1.276102e+00	2.694654e+03	4.955838e+02	3.597987e+02	7.924511e+01	4.329529e+01	1.130450e+00
45	1.305104e+00	2.699725e+03	4.945168e+02	3.591234e+02	7.928300e+01	4.335603e+01	1.785721e+02
46	1.334107e+00	2.705654e+03	4.933231e+02	3.585599e+02	7.952013e+01	4.332168e+01	1.764080e+02
47	1.363109e+00	2.701797e+03	4.921140e+02	3.580891e+02	7.913687e+01	4.346943e+01	1.741584e+02
48	1.392111e+00	2.700017e+03	4.910490e+02	3.574916e+02	7.939835e+01	4.329773e+01	1.721471e+02
49	1.421114e+00	2.690780e+03	4.899043e+02	3.572208e+02	7.941262e+01	4.314185e+01	1.697463e+02
50	1.450116e+00	2.693037e+03	4.886616e+02	3.566441e+02	7.950756e+01	4.312648e+01	1.676979e+02
51	1.479118e+00	2.705429e+03	4.874013e+02	3.564710e+02	7.935371e+01	4.340893e+01	1.650658e+02
52	1.508121e+00	2.697892e+03	4.861432e+02	3.561123e+02	7.941535e+01	4.325439e+01	1.627620e+02
53	1.537123e+00	2.703980e+03	4.847973e+02	3.561114e+02	7.943356e+01	4.334206e+01	1.602122e+02
54	1.566125e+00	2.693328e+03	4.836975e+02	3.562258e+02	7.937447e+01	4.320345e+01	1.578465e+02
55	1.595128e+00	2.700173e+03	4.823945e+02	3.561897e+02	7.935241e+01	4.332530e+01	1.553800e+02
56	1.624130e+00	2.717036e+03	4.810284e+02	3.563308e+02	7.984432e+01	4.332728e+01	1.521963e+02
57	1.653132e+00	2.683956e+03	4.798863e+02	3.565194e+02	7.924052e+01	4.312590e+01	1.501443e+02
58	1.682135e+00	2.687232e+03	4.786626e+02	3.566053e+02	7.916831e+01	4.321793e+01	1.475638e+02
59	1.711137e+00	2.697457e+03	4.772389e+02	3.565408e+02	7.926833e+01	4.332764e+01	1.454790e+02
60	1.740139e+00	2.690321e+03	4.761397e+02	3.567763e+02	7.930526e+01	4.319288e+01	1.435897e+02
61	1.769142e+00	2.684457e+03	4.736469e+02	3.574401e+02	7.923168e+01	4.313877e+01	1.379696e+02
62	1.798144e+00	2.680892e+03	4.724981e+02	3.580078e+02	7.918783e+01	4.310534e+01	1.353583e+02
63	1.827146e+00	2.682423e+03	4.712492e+02	3.583481e+02	7.925777e+01	4.309188e+01	1.330291e+02
64	1.856148e+00	2.680574e+03	4.699955e+02	3.585910e+02	7.940530e+01	4.298219e+01	1.311324e+02
65	1.885151e+00	2.681964e+03	4.689229e+02	3.586980e+02	7.964812e+01	4.287337e+01	1.289913e+02
66	1.914153e+00	2.668184e+03	4.677448e+02	3.590347e+02	7.938750e+01	4.279310e+01	1.267238e+02
67	1.943155e+00	2.677808e+03	4.667787e+02	3.596171e+02	7.984187e+01	4.270304e+01	1.243932e+02
68	1.972158e+00	2.695919e+03	4.657994e+02	3.604178e+02	8.016538e+01	4.281836e+01	1.212531e+02
69	2.001160e+00	2.677127e+03	4.648962e+02	3.612647e+02	7.991521e+01	4.265301e+01	1.189340e+02
70	2.030162e+00	2.682242e+03	4.638651e+02	3.620977e+02	8.021206e+01	4.257634e+01	1.163695e+02
71	2.059165e+00	2.681823e+03	4.630111e+02	3.630194e+02	8.027853e+01	4.253445e+01	1.132696e+02
72	2.088167e+00	2.656627e+03	4.624054e+02	3.640413e+02	7.964352e+01	4.247077e+01	1.104680e+02
73	2.117169e+00	2.672490e+03	4.615141e+02	3.649882e+02	8.042082e+01	4.231142e+01	1.074718e+02
74	2.146172e+00	2.660706e+03	4.610528e+02	3.662570e+02	8.008498e+01	4.230153e+01	1.045713e+02
75	2.175174e+00	2.658582e+03	4.605924e+02	3.675650e+02	8.024197e+01	4.218505e+01	1.015457e+02
76	2.204176e+00	2.646343e+03	4.600076e+02	3.686335e+02	7.999384e+01	4.212111e+01	9.909464e+01
77	2.233179e+00	2.648360e+03	4.596714e+02	3.697579e+02	8.008668e+01	4.210434e+01	9.607912e+01
78	2.262181e+00	2.638941e+03	4.594021e+02	3.710396e+02	7.984193e+01	4.208321e+01	9.295852e+01
79	2.291183e+00	2.636133e+03	4.585183e+02	3.737012e+02	8.007292e+01	4.191715e+01	8.796231e+01
80	2.320186e+00	2.645921e+03	4.579589e+02	3.749572e+02	7.998167e+01	4.212079e+01	8.587887e+01
81	2.349188e+00	2.651042e+03	4.576836e+02	3.762862e+02	8.020355e+01	4.208556e+01	8.348206e+01
82	2.378190e+00	2.640664e+03	4.574960e+02	3.775649e+02	8.022242e+01	4.191095e+01	8.101575e+01
83	2.407193e+00	2.645837e+03	4.571443e+02	3.790476e+02	7.995998e+01	4.213088e+01	7.838430e+01
84	2.436195e+00	2.659348e+03	4.570862e+02	3.803140e+02	8.022835e+01	4.220438e+01	7.615841e+01
85	2.465197e+00	2.661567e+03	4.570206e+02	3.816934e+02	7.987616e+01	4.242584e+01	7.338077e+01
86	2.494200e+00	2.649728e+03	4.571476e+02	3.830018e+02	7.980754e+01	4.227343e+01	7.077161e+01
87	2.523202e+00	2.653103e+03	4.574690e+02	3.842610e+02	7.962289e+01	4.242543e+01	6.824599e+01
88	2.552204e+00	2.652345e+03	4.575804e+02	3.854916e+02	7.981377e+01	4.231188e+01	6.548514e+01
89	2.581206e+00	2.654621e+03	4.575529e+02	3.869435e+02	7.976415e+01	4.237453e+01	6.298999e+01
90	2.610209e+00	2.652579e+03	4.577143e+02	3.881729e+02	7.935219e+01	4.256176e+01	6.066110e+01
91	2.639211e+00	2.659929e+03	4.577116e+02	3.896304e+02	7.933026e+01	4.269149e+01	5.857669e+01
92	2.668213e+00	2.659948e+03	4.579947e+02	3.907804e+02	7.949352e+01	4.260412e+01	5.661919e+01
93	2.697216e+00	2.658881e+03	4.584253e+02	3.920472e+02	7.952921e+01	4.256791e+01	5.401422e+01
94	2.726218e+00	2.667186e+03	4.588169e+02	3.932218e+02	7.953531e+01	4.269759e+01	5.157450e+01
95	2.755220e+00	2.662568e+03	4.590110e+02	3.946599e+02	7.926423e+01	4.276945e+01	4.959330e+01
96	2.784223e+00	2.651006e+03	4.593843e+02	3.959336e+02	7.890247e+01	4.277896e+01	4.736647e+01
97	2.813225e+00	2.662689e+03	4.598660e+02	3.973030e+02	7.922538e+01	4.279236e+01	4.469239e+01
98	2.842227e+00	2.655844e+03	4.605215e+02	3.982513e+02	7.880181e+01	4.291178e+01	4.209179e+01
99	2.871230e+00	2.661737e+03	4.612689e+02	3.993723e+02	7.924216e+01	4.276800e+01	3.979369e+01
100	2.900232e+00	2.646887e+03	4.619161e+02	4.005854e+02	7.899237e+01	4.266388e+01	3.730275e+01
101	2.929234e+00	2.664761e+03	4.628106e+02	4.017637e+02	7.919848e+01	4.284021e+01	3.423392e+01
102	2.958237e+00	2.651754e+03	4.637220e+02	4.027144e+02	7.873001e+01	4.288477e+01	3.160181e+01
103	2.987239e+00	2.647353e+03	4.646294e+02	4.036882e+02	7.861159e+01	4.287809e+01	2.898378e+01
104	3.016241e+00	2.667641e+03	4.655595e+02	4.047487e+02	7.903188e+01	4.297691e+01	2.674391e+01
105	3.045244e+00	2.673372e+03	4.662697e+02	4.058407e+02	7.932217e+01	4.291162e+01	2.443697e+01
106	3.074246e+00	2.660747e+03	4.670547e+02	4.069314e+02	7.899471e+01	4.288602e+01	2.258027e+01
107	3.103248e+00	2.663596e+03	4.679350e+02	4.079437e+02	7.892265e+01	4.297114e+01	1.936285e+01
108	3.132251e+00	2.654913e+03	4.686915e+02	4.091269e+02	7.889671e+01	4.284515e+01	1.747528e+01
109	3.161253e+00	2.661592e+03	4.693961e+02	4.101866e+02	7.889179e+01	4.295560e+01	1.611824e+01
110	3.190255e+00	2.664835e+03	4.703638e+02	4.112254e+02	7.892008e+01	4.299253e+01	1.420412e+01
111	3.219258e+00	2.663853e+03	4.714167e+02	4.121111e+02	7.891282e+01	4.298064e+01	1.142994e+01
112	3.248260e+00	2.673804e+03	4.725012e+02	4.127874e+02	7.898907e+01	4.309954e+01	9.001071e+00
113	3.277262e+00	2.662652e+03	4.735460e+02	4.135090e+02	7.929155e+01	4.275605e+01	6.563711e+00
114	3.306265e+00	2.667872e+03	4.745760e+02	4.142213e+02	7.896215e+01	4.301858e+01	4.766614e+00
115	3.335267e+00	2.657009e+03	4.755198e+02	4.151313e+02	7.866541e+01	4.300504e+01	2.843585e+00
116	3.364269e+00	2.644064e+03	4.766006e+02	4.157606e+02	7.853617e+01	4.286594e+01	1.043589e+00
117	3.393271e+00	2.640908e+03	4.777180e+02	4.165819e+02	7.882228e+01	4.265936e+01	1.785984e+02
118	3.422274e+00	2.638230e+03	4.787545e+02	4.175394e+02	7.919694e+01	4.241451e+01	1.769337e+02
119	3.451276e+00	2.637554e+03	4.797576e+02	4.180150e+02	7.875612e+01	4.264098e+01	1.744229e+02
120	3.480278e+00	2.646897e+03	4.808770e+02	4.186577e+02	7.884007e+01	4.274647e+01	1.734073e+02
121	3.509281e+00	2.646875e+03	4.821115e+02	4.191483e+02	7.892187e+01	4.270181e+01	1.711291e+02
122	3.538283e+00	2.643106e+03	4.831890e+02	4.194788e+02	7.890683e+01	4.264912e+01	1.686496e+02
123	3.567285e+00	2.645906e+03	4.844663e+02	4.197254e+02	7.876528e+01	4.277103e+01	1.663496e+02
124	3.596288e+00	2.636200e+03	4.857378e+02	4.199584e+02	7.888551e+01	4.254919e+01	1.635095e+02
125	3.625290e+00	2.647459e+03	4.871156e+02	4.202500e+02	7.932677e+01	4.249322e+01	1.612242e+02
126	3.654292e+00	2.650489e+03	4.882817e+02	4.204771e+02	7.922468e+01	4.259666e+01	1.591751e+02
127	3.683295e+00	2.646984e+03	4.895784e+02	4.208708e+02	7.900170e+01	4.266040e+01	1.566859e+02
128	3.712297e+00	2.644276e+03	4.907521e+02	4.208378e+02	7.881944e+01	4.271531e+01	1.547366e+02
129	3.741299e+00	2.655721e+03	4.920317e+02	4.209167e+02	7.921629e+01	4.268528e+01	1.525730e+02
130	3.770302e+00	2.644816e+03	4.932726e+02	4.207250e+02	7.876454e+01	4.275381e+01	1.499162e+02
131	3.799304e+00	2.650234e+03	4.944856e+02	4.207826e+02	7.878714e+01	4.282911e+01	1.478204e+02
132	3.828306e+00	2.639575e+03	4.957161e+02	4.207354e+02	7.860540e+01	4.275547e+01	1.449538e+02
133	3.857309e+00	2.625971e+03	4.969059e+02	4.203641e+02	7.872078e+01	4.247278e+01	1.428978e+02
134	3.886311e+00	2.640965e+03	4.980833e+02	4.199909e+02	7.884929e+01	4.264568e+01	1.403896e+02
135	3.915313e+00	2.640594e+03	4.991362e+02	4.197762e+02	7.884010e+01	4.264465e+01	1.387501e+02
136	3.944316e+00	2.645641e+03	5.003887e+02	4.194796e+02	7.926077e+01	4.249939e+01	1.366005e+02
137	3.973318e+00	2.660814e+03	5.013357e+02	4.193672e+02	7.854546e+01	4.313239e+01	1.337704e+02
138	4.002320e+00	2.646491e+03	5.029374e+02	4.189069e+02	7.927392e+01	4.250600e+01	1.317721e+02
139	4.031323e+00	2.631086e+03	5.041107e+02	4.182704e+02	7.892280e+01	4.244658e+01	1.297285e+02
140	4.060325e+00	2.627196e+03	5.053567e+02	4.179017e+02	7.881970e+01	4.243926e+01	1.279296e+02
141	4.089327e+00	2.636889e+03	5.064829e+02	4.172344e+02	7.945078e+01	4.225750e+01	1.255871e+02
142	4.118329e+00	2.646385e+03	5.075467e+02	4.166254e+02	7.965216e+01	4.230245e+01	1.229627e+02
143	4.147332e+00	2.634197e+03	5.085824e+02	4.161382e+02	7.942627e+01	4.222739e+01	1.207821e+02
144	4.176334e+00	2.652731e+03	5.095982e+02	4.154968e+02	7.951437e+01	4.247738e+01	1.189283e+02
145	4.205336e+00	2.633742e+03	5.107139e+02	4.148480e+02	7.970926e+01	4.207020e+01	1.169023e+02
146	4.234339e+00	2.629565e+03	5.118472e+02	4.139353e+02	7.959242e+01	4.206514e+01	1.141777e+02
147	4.263341e+00	2.613204e+03	5.128232e+02	4.133191e+02	7.919290e+01	4.201431e+01	1.118319e+02
148	4.292343e+00	2.639714e+03	5.137495e+02	4.123968e+02	7.971797e+01	4.216098e+01	1.098887e+02
149	4.321346e+00	2.638182e+03	5.145435e+02	4.114044e+02	7.989738e+01	4.204190e+01	1.075442e+02
150	4.350348e+00	2.641336e+03	5.154703e+02	4.103557e+02	7.994766e+01	4.206569e+01	1.052204e+02
151	4.379350e+00	2.647865e+03	5.162214e+02	4.094087e+02	8.025731e+01	4.200697e+01	1.030273e+02
152	4.408353e+00	2.638413e+03	5.170252e+02	4.084095e+02	8.010648e+01	4.193583e+01	1.007560e+02
153	4.437355e+00	2.634190e+03	5.176486e+02	4.075332e+02	8.027258e+01	4.178208e+01	9.847363e+01
154	4.466357e+00	2.644795e+03	5.184579e+02	4.066519e+02	7.993346e+01	4.212825e+01	9.645146e+01
155	4.495360e+00	2.648380e+03	5.192604e+02	4.057462e+02	7.992622e+01	4.218919e+01	9.491136e+01
156	4.524362e+00	2.628230e+03	5.200292e+02	4.048432e+02	7.998701e+01	4.183637e+01	9.327238e+01
157	4.553364e+00	2.637017e+03	5.207062e+02	4.037335e+02	7.999479e+01	4.197216e+01	9.093414e+01
158	4.582367e+00	2.640780e+03	5.212852e+02	4.024793e+02	8.044952e+01	4.179447e+01	8.893060e+01
159	4.611369e+00	2.638703e+03	5.221046e+02	4.013976e+02	8.019963e+01	4.189173e+01	8.749715e+01
160	4.640371e+00	2.652413e+03	5.226219e+02	4.002674e+02	8.054111e+01	4.193085e+01	8.552670e+01
161	4.669374e+00	2.640781e+03	5.230456e+02	3.990176e+02	8.032294e+01	4.186035e+01	8.331585e+01
162	4.698376e+00	2.643035e+03	5.234825e+02	3.976721e+02	7.999680e+01	4.206689e+01	8.132355e+01
163	4.727378e+00	2.637294e+03	5.238021e+02	3.965276e+02	8.005703e+01	4.194394e+01	7.947668e+01
164	4.756381e+00	2.627678e+03	5.241235e+02	3.952633e+02	7.994459e+01	4.184978e+01	7.726508e+01
165	4.785383e+00	2.643121e+03	5.244630e+02	3.941899e+02	7.992734e+01	4.210482e+01	7.582338e+01
166	4.814385e+00	2.646064e+03	5.248950e+02	3.929754e+02	8.021525e+01	4.200041e+01	7.445269e+01
167	4.843387e+00	2.649718e+03	5.255024e+02	3.918130e+02	8.006345e+01	4.213816e+01	7.272919e+01
168	4.872390e+00	2.637589e+03	5.258303e+02	3.907489e+02	7.981705e+01	4.207476e+01	7.140804e+01
169	4.901392e+00	2.650843e+03	5.259526e+02	3.894505e+02	7.972739e+01	4.233374e+01	6.914527e+01
170	4.930394e+00	2.644003e+03	5.257316e+02	3.881473e+02	7.949772e+01	4.234648e+01	6.723538e+01
171	4.959397e+00	2.640380e+03	5.258088e+02	3.867761e+02	7.944348e+01	4.231733e+01	6.472348e+01
172	4.988399e+00	2.652148e+03	5.258422e+02	3.855666e+02	7.931673e+01	4.257386e+01	6.229519e+01
173	5.017401e+00	2.665361e+03	5.258044e+02	3.843053e+02	7.970042e+01	4.257998e+01	5.991008e+01
174	5.046404e+00	2.660644e+03	5.256398e+02	3.832090e+02	7.949758e+01	4.261309e+01	5.807837e+01
175	5.075406e+00	2.652817e+03	5.254727e+02	3.819775e+02	7.916057e+01	4.266861e+01	5.633530e+01
176	5.104408e+00	2.655643e+03	5.255853e+02	3.806241e+02	7.938290e+01	4.259444e+01	5.457512e+01
177	5.133411e+00	2.655986e+03	5.253599e+02	3.795366e+02	7.923331e+01	4.268037e+01	5.294038e+01
178	5.162413e+00	2.666411e+03	5.253044e+02	3.781265e+02	7.902801e+01	4.295920e+01	5.099244e+01
179	5.191415e+00	2.663490e+03	5.251972e+02	3.768965e+02	7.952084e+01	4.264618e+01	4.909961e+01
180	5.220418e+00	2.664914e+03	5.251813e+02	3.756375e+02	7.910353e+01	4.289409e+01	4.761481e+01
181	5.249420e+00	2.673732e+03	5.253217e+02	3.745324e+02	7.941470e+01	4.286739e+01	4.673415e+01
182	5.278422e+00	2.671623e+03	5.255311e+02	3.732806e+02	7.944726e+01	4.281603e+01	4.587430e+01
183	5.307425e+00	2.672913e+03	5.253438e+02	3.719685e+02	7.933038e+01	4.289981e+01	4.437976e+01
184	5.336427e+00	2.675731e+03	5.250857e+02	3.707330e+02	7.945618e+01	4.287704e+01	4.246198e+01
185	5.365429e+00	2.693494e+03	5.247759e+02	3.695289e+02	7.932806e+01	4.323140e+01	4.045571e+01
186	5.394432e+00	2.672886e+03	5.247859e+02	3.682668e+02	7.926658e+01	4.293390e+01	3.876062e+01
187	5.423434e+00	2.673743e+03	5.244597e+02	3.671000e+02	7.939147e+01	4.288011e+01	3.737960e+01
188	5.452436e+00	2.678645e+03	5.240410e+02	3.658278e+02	7.908922e+01	4.312290e+01	3.517287e+01
189	5.481439e+00	2.683048e+03	5.235031e+02	3.646623e+02	7.939000e+01	4.303014e+01	3.311631e+01
190	5.510441e+00	2.692599e+03	5.228056e+02	3.634924e+02	7.944467e+01	4.315360e+01	3.097848e+01
191	5.539443e+00	2.689721e+03	5.222162e+02	3.622751e+02	7.959937e+01	4.302370e+01	2.865197e+01
192	5.568445e+00	2.669418e+03	5.213342e+02	3.614856e+02	7.911724e+01	4.295914e+01	2.637740e+01
193	5.597448e+00	2.687253e+03	5.206228e+02	3.604307e+02	7.950504e+01	4.303521e+01	2.405798e+01
194	5.626450e+00	2.683133e+03	5.200127e+02	3.594712e+02	7.936028e+01	4.304762e+01	2.219231e+01
195	5.655452e+00	2.680284e+03	5.193340e+02	3.585373e+02	7.933846e+01	4.301374e+01	2.016004e+01
196	5.684455e+00	2.681382e+03	5.184216e+02	3.577736e+02	7.935727e+01	4.302115e+01	1.784135e+01
197	5.713457e+00	2.696473e+03	5.175685e+02	3.569479e+02	7.949373e+01	4.318902e+01	1.621285e+01
198	5.742459e+00	2.694588e+03	5.165853e+02	3.560393e+02	7.942576e+01	4.319576e+01	1.342318e+01
199	5.771462e+00	2.693676e+03	5.134654e+02	3.538167e+02	7.954142e+01	4.311835e+01	5.794856e+00
200	5.800464e+00	2.703077e+03	5.122924e+02	3.533740e+02	7.965111e+01	4.320924e+01	3.007148e+00
201	5.829466e+00	2.705524e+03	5.110070e+02	3.533076e+02	7.943582e+01	4.336557e+01	1.500808e-01
202	5.858469e+00	2.696625e+03	5.097953e+02	3.526520e+02	7.912369e+01	4.339345e+01	1.775772e+02
203	5.887471e+00	2.710851e+03	5.086287e+02	3.522509e+02	7.962332e+01	4.334864e+01	1.749499e+02
204	5.916473e+00	2.686782e+03	5.074711e+02	3.519393e+02	7.962093e+01	4.296504e+01	1.727501e+02
205	5.945476e+00	2.695174e+03	5.063226e+02	3.514049e+02	7.933457e+01	4.325481e+01	1.708571e+02
206	5.974478e+00	2.705773e+03	5.053406e+02	3.509066e+02	7.925074e+01	4.347085e+01	1.691768e+02
207	6.003480e+00	2.693957e+03	5.041030e+02	3.506493e+02	7.931154e+01	4.324784e+01	1.668219e+02
208	6.032483e+00	2.705445e+03	5.027540e+02	3.504473e+02	7.933115e+01	4.342154e+01	1.649786e+02
209	6.061485e+00	2.698491e+03	5.017369e+02	3.503577e+02	7.944853e+01	4.324592e+01	1.624576e+02
210	6.090487e+00	2.699680e+03	5.005670e+02	3.501723e+02	7.959389e+01	4.318596e+01	1.600495e+02
211	6.119490e+00	2.698592e+03	4.993492e+02	3.502344e+02	7.962887e+01	4.314961e+01	1.573154e+02
212	6.148492e+00	2.706644e+03	4.980536e+02	3.502912e+02	7.932730e+01	4.344287e+01	1.544709e+02
213	6.177494e+00	2.698191e+03	4.970491e+02	3.506188e+02	7.937692e+01	4.328012e+01	1.516912e+02
214	6.206497e+00	2.698961e+03	4.958501e+02	3.509777e+02	7.939658e+01	4.328176e+01	1.488605e+02
215	6.235499e+00	2.698882e+03	4.946082e+02	3.510924e+02	7.949250e+01	4.322826e+01	1.460232e+02
216	6.264501e+00	2.682619e+03	4.935208e+02	3.513974e+02	7.926650e+01	4.309028e+01	1.425311e+02
217	6.293503e+00	2.685893e+03	4.924270e+02	3.517721e+02	7.946620e+01	4.303446e+01	1.395131e+02
218	6.322506e+00	2.677955e+03	4.913178e+02	3.520741e+02	7.931841e+01	4.298722e+01	1.367012e+02
219	6.351508e+00	2.683616e+03	4.903593e+02	3.528608e+02	7.951228e+01	4.297306e+01	1.336386e+02
220	6.380510e+00	2.686531e+03	4.892326e+02	3.536388e+02	7.954545e+01	4.300180e+01	1.304476e+02
221	6.409513e+00	2.698295e+03	4.879685e+02	3.542932e+02	7.975818e+01	4.307490e+01	1.277766e+02
222	6.438515e+00	2.682011e+03	4.869504e+02	3.550883e+02	7.951667e+01	4.294499e+01	1.251499e+02
223	6.467517e+00	2.680665e+03	4.861292e+02	3.560660e+02	7.982954e+01	4.275521e+01	1.221599e+02
224	6.496520e+00	2.672967e+03	4.852029e+02	3.569244e+02	7.989883e+01	4.259547e+01	1.194677e+02
225	6.525522e+00	2.667816e+03	4.841945e+02	3.578896e+02	7.953602e+01	4.270731e+01	1.165461e+02
226	6.554524e+00	2.669361e+03	4.834806e+02	3.588236e+02	8.013107e+01	4.241470e+01	1.133982e+02
227	6.583527e+00	2.668537e+03	4.829963e+02	3.600714e+02	8.009892e+01	4.241863e+01	1.102712e+02
228	6.612529e+00	2.670373e+03	4.823304e+02	3.609535e+02	8.008698e+01	4.245415e+01	1.069070e+02
229	6.641531e+00	2.672789e+03	4.818510e+02	3.621153e+02	8.002499e+01	4.252547e+01	1.041954e+02
230	6.670534e+00	2.667789e+03	4.811901e+02	3.631680e+02	8.017671e+01	4.236560e+01	1.013552e+02
231	6.699536e+00	2.663264e+03	4.807737e+02	3.644926e+02	8.018472e+01	4.228952e+01	9.862769e+01
232	6.728538e+00	2.664649e+03	4.802929e+02	3.656056e+02	8.025229e+01	4.227589e+01	9.588345e+01
233	6.757541e+00	2.661073e+03	4.800021e+02	3.669581e+02	8.041590e+01	4.213325e+01	9.323527e+01
234	6.786543e+00	2.663686e+03	4.795222e+02	3.682084e+02	8.022968e+01	4.227251e+01	9.014701e+01
235	6.815545e+00	2.647835e+03	4.792128e+02	3.695304e+02	8.030052e+01	4.198389e+01	8.728674e+01
236	6.844548e+00	2.639146e+03	4.792048e+02	3.707797e+02	8.019263e+01	4.190242e+01	8.443211e+01
237	6.873550e+00	2.639744e+03	4.790466e+02	3.721558e+02	8.002068e+01	4.200198e+01	8.140327e+01
238	6.902552e+00	2.650213e+03	4.791525e+02	3.734335e+02	7.997150e+01	4.219448e+01	7.891597e+01
239	6.931555e+00	2.663086e+03	4.791166e+02	3.746735e+02	8.009841e+01	4.233225e+01	7.545286e+01
240	6.960557e+00	2.654221e+03	4.789914e+02	3.759859e+02	7.989050e+01	4.230114e+01	7.338146e+01
241	6.989559e+00	2.653886e+03	4.791128e+02	3.772354e+02	8.000532e+01	4.223510e+01	7.053846e+01
242	7.018561e+00	2.650950e+03	4.789998e+02	3.785898e+02	7.972673e+01	4.233579e+01	6.817220e+01
243	7.047564e+00	2.672386e+03	4.792744e+02	3.797867e+02	7.999496e+01	4.253502e+01	6.574748e+01
244	7.076566e+00	2.662998e+03	4.796331e+02	3.810033e+02	7.985753e+01	4.245855e+01	6.277866e+01
245	7.105568e+00	2.660340e+03	4.799022e+02	3.822798e+02	7.954488e+01	4.258288e+01	5.996035e+01
246	7.134571e+00	2.668674e+03	4.802359e+02	3.836590e+02	7.951873e+01	4.273033e+01	5.697398e+01
247	7.163573e+00	2.673103e+03	4.806456e+02	3.848569e+02	7.964073e+01	4.273567e+01	5.464078e+01
248	7.192575e+00	2.668442e+03	4.811923e+02	3.861230e+02	7.957214e+01	4.269793e+01	5.205759e+01
249	7.221578e+00	2.675789e+03	4.817961e+02	3.872521e+02	7.928706e+01	4.296944e+01	4.918145e+01
250	7.250580e+00	2.682529e+03	4.823537e+02	3.883409e+02	7.953767e+01	4.294194e+01	4.667005e+01
251	7.279582e+00	2.681424e+03	4.828780e+02	3.895958e+02	7.964781e+01	4.286489e+01	4.433795e+01
252	7.308585e+00	2.674371e+03	4.833382e+02	3.908453e+02	7.940118e+01	4.288494e+01	4.177164e+01
253	7.337587e+00	2.665807e+03	4.838929e+02	3.920532e+02	7.897417e+01	4.297874e+01	3.972100e+01
254	7.366589e+00	2.678638e+03	4.845564e+02	3.931713e+02	7.938881e+01	4.296006e+01	3.724799e+01
255	7.395592e+00	2.678563e+03	4.852692e+02	3.943564e+02	7.923882e+01	4.304017e+01	3.452128e+01
256	7.424594e+00	2.683950e+03	4.859027e+02	3.956604e+02	7.944930e+01	4.301248e+01	3.218887e+01
257	7.453596e+00	2.668546e+03	4.868352e+02	3.965821e+02	7.893336e+01	4.304515e+01	2.948298e+01
258	7.482599e+00	2.668580e+03	4.876526e+02	3.976883e+02	7.918308e+01	4.290995e+01	2.720593e+01
259	7.511601e+00	2.671161e+03	4.885468e+02	3.986902e+02	7.920283e+01	4.294074e+01	2.462244e+01
260	7.540603e+00	2.668266e+03	4.895450e+02	3.995260e+02	7.920605e+01	4.289245e+01	2.173592e+01
261	7.569606e+00	2.678283e+03	4.904574e+02	4.004453e+02	7.939814e+01	4.294932e+01	1.956686e+01
262	7.598608e+00	2.678269e+03	4.915498e+02	4.012505e+02	7.906573e+01	4.312965e+01	1.680552e+01
263	7.627610e+00	2.684714e+03	4.927116e+02	4.019735e+02	7.933872e+01	4.308468e+01	1.424448e+01
264	7.656613e+00	2.684140e+03	4.937181e+02	4.026752e+02	7.932245e+01	4.308432e+01	1.160497e+01
265	7.685615e+00	2.674683e+03	4.949272e+02	4.033893e+02	7.913045e+01	4.303669e+01	8.733195e+00
266	7.714617e+00	2.669049e+03	4.961090e+02	4.041339e+02	7.877542e+01	4.313958e+01	5.731958e+00
267	7.743619e+00	2.673752e+03	4.973197e+02	4.047533e+02	7.916268e+01	4.300418e+01	3.147455e+00
268	7.772622e+00	2.671373e+03	4.984600e+02	4.053121e+02	7.899703e+01	4.305602e+01	7.807857e-01
269	7.801624e+00	2.684392e+03	4.994713e+02	4.059799e+02	7.911901e+01	4.319915e+01	1.789221e+02
270	7.830626e+00	2.672622e+03	5.007466e+02	4.067092e+02	7.929208e+01	4.291586e+01	1.764018e+02
271	7.859629e+00	2.665269e+03	5.018865e+02	4.071723e+02	7.892580e+01	4.299641e+01	1.742431e+02
272	7.888631e+00	2.663147e+03	5.031099e+02	4.074860e+02	7.896216e+01	4.294239e+01	1.714461e+02
273	7.917633e+00	2.674276e+03	5.044088e+02	4.079234e+02	7.916772e+01	4.300988e+01	1.694203e+02
274	7.946636e+00	2.669595e+03	5.057523e+02	4.083295e+02	7.896054e+01	4.304725e+01	1.668204e+02
275	7.975638e+00	2.660484e+03	5.069476e+02	4.084055e+02	7.899288e+01	4.288277e+01	1.647594e+02
276	8.004640e+00	2.665479e+03	5.082172e+02	4.085210e+02	7.894672e+01	4.298840e+01	1.620092e+02
277	8.033643e+00	2.649938e+03	5.094524e+02	4.085228e+02	7.880835e+01	4.281279e+01	1.588293e+02
278	8.062645e+00	2.650904e+03	5.107844e+02	4.084734e+02	7.904773e+01	4.269870e+01	1.563450e+02
279	8.091647e+00	2.664146e+03	5.119317e+02	4.083872e+02	7.903288e+01	4.292006e+01	1.529735e+02
280	8.120650e+00	2.647713e+03	5.132514e+02	4.082226e+02	7.897975e+01	4.268401e+01	1.500700e+02
281	8.149652e+00	2.644506e+03	5.145242e+02	4.080209e+02	7.889637e+01	4.267738e+01	1.474734e+02
282	8.178654e+00	2.642534e+03	5.156625e+02	4.075260e+02	7.884861e+01	4.267138e+01	1.444991e+02
283	8.207657e+00	2.642078e+03	5.169140e+02	4.070961e+02	7.912870e+01	4.251299e+01	1.418690e+02
284	8.236659e+00	2.643222e+03	5.181725e+02	4.067267e+02	7.897234e+01	4.261561e+01	1.393972e+02
285	8.265661e+00	2.630381e+03	5.193793e+02	4.063003e+02	7.859943e+01	4.260979e+01	1.367950e+02
286	8.294664e+00	2.633768e+03	5.205409e+02	4.057919e+02	7.881680e+01	4.254699e+01	1.347645e+02
287	8.323666e+00	2.642503e+03	5.217719e+02	4.053334e+02	7.904391e+01	4.256545e+01	1.317302e+02
288	8.352668e+00	2.648988e+03	5.228493e+02	4.048708e+02	7.916666e+01	4.260374e+01	1.293735e+02
289	8.381671e+00	2.641616e+03	5.239739e+02	4.041296e+02	7.893309e+01	4.261090e+01	1.266751e+02
290	8.410673e+00	2.642120e+03	5.249586e+02	4.033938e+02	7.938995e+01	4.237378e+01	1.245811e+02
291	8.439675e+00	2.630078e+03	5.259880e+02	4.027975e+02	7.896931e+01	4.240533e+01	1.224055e+02
292	8.468677e+00	2.637472e+03	5.270822e+02	4.021034e+02	7.922024e+01	4.238985e+01	1.202620e+02
293	8.497680e+00	2.647634e+03	5.281345e+02	4.015157e+02	7.964295e+01	4.232732e+01	1.185081e+02
294	8.526682e+00	2.634250e+03	5.290893e+02	4.005396e+02	7.968804e+01	4.208951e+01	1.154805e+02
295	8.555684e+00	2.635339e+03	5.301113e+02	3.997866e+02	7.985085e+01	4.202107e+01	1.128235e+02
296	8.584687e+00	2.617127e+03	5.309603e+02	3.989927e+02	7.961858e+01	4.185241e+01	1.106254e+02
297	8.613689e+00	2.641955e+03	5.318356e+02	3.980749e+02	8.010195e+01	4.199450e+01	1.082161e+02
298	8.642691e+00	2.618504e+03	5.328081e+02	3.971901e+02	7.977397e+01	4.179287e+01	1.063107e+02
299	8.671694e+00	2.611897e+03	5.335892e+02	3.963244e+02	7.962907e+01	4.176328e+01	1.045620e+02
300	8.700696e+00	2.623034e+03	5.342785e+02	3.952793e+02	7.998909e+01	4.175258e+01	1.020593e+02
301	8.729698e+00	2.632224e+03	5.351516e+02	3.944576e+02	8.036713e+01	4.170178e+01	1.001020e+02
302	8.758701e+00	2.617497e+03	5.359493e+02	3.934742e+02	7.980641e+01	4.175981e+01	9.842955e+01
303	8.787703e+00	2.628327e+03	5.368439e+02	3.926338e+02	8.010209e+01	4.177781e+01	9.686018e+01
304	8.816705e+00	2.635358e+03	5.376315e+02	3.915531e+02	7.983533e+01	4.202954e+01	9.510087e+01
305	8.845708e+00	2.612739e+03	5.385988e+02	3.906405e+02	7.985548e+01	4.165829e+01	9.341004e+01
306	8.874710e+00	2.620652e+03	5.395067e+02	3.897242e+02	8.021922e+01	4.159500e+01	9.203692e+01
307	8.903712e+00	2.624728e+03	5.401583e+02	3.885505e+02	8.021898e+01	4.165981e+01	9.037111e+01
308	8.932715e+00	2.625477e+03	5.408655e+02	3.874861e+02	8.026555e+01	4.164751e+01	8.833607e+01
309	8.961717e+00	2.625404e+03	5.414948e+02	3.863357e+02	8.016724e+01	4.169743e+01	8.672588e+01
310	8.990719e+00	2.616562e+03	5.420851e+02	3.853237e+02	8.016093e+01	4.156028e+01	8.517149e+01
311	9.019722e+00	2.631322e+03	5.429346e+02	3.839761e+02	8.020469e+01	4.177191e+01	8.285396e+01
312	9.048724e+00	2.631790e+03	5.434370e+02	3.829584e+02	8.015813e+01	4.180360e+01	8.144662e+01
313	9.077726e+00	2.623347e+03	5.438682e+02	3.818383e+02	8.005400e+01	4.172371e+01	7.999425e+01
314	9.106729e+00	2.628784e+03	5.441949e+02	3.806500e+02	7.988892e+01	4.189658e+01	7.835602e+01
315	9.135731e+00	2.628803e+03	5.446407e+02	3.797137e+02	7.981512e+01	4.193561e+01	7.695471e+01
316	9.164733e+00	2.627759e+03	5.453235e+02	3.783321e+02	8.003949e+01	4.180145e+01	7.487748e+01
317	9.193735e+00	2.632344e+03	5.454622e+02	3.771708e+02	7.971294e+01	4.204594e+01	7.326788e+01
318	9.222738e+00	2.632349e+03	5.459561e+02	3.761694e+02	7.984206e+01	4.197801e+01	7.218760e+01
319	9.251740e+00	2.634664e+03	5.465194e+02	3.752592e+02	7.974468e+01	4.206623e+01	7.152230e+01
320	9.280742e+00	2.638209e+03	5.469648e+02	3.740493e+02	7.985867e+01	4.206272e+01	7.017931e+01
321	9.309745e+00	2.635370e+03	5.472935e+02	3.728894e+02	7.979151e+01	4.205280e+01	6.892588e+01
322	9.338747e+00	2.649245e+03	5.477284e+02	3.715294e+02	7.978362e+01	4.227839e+01	6.734588e+01
323	9.367749e+00	2.645131e+03	5.481033e+02	3.702992e+02	7.991663e+01	4.214249e+01	6.570021e+01
324	9.396752e+00	2.634777e+03	5.484036e+02	3.691205e+02	7.951714e+01	4.218843e+01	6.393507e+01
325	9.425754e+00	2.638620e+03	5.485961e+02	3.679600e+02	7.950838e+01	4.225461e+01	6.222277e+01
326	9.454756e+00	2.635971e+03	5.490179e+02	3.666769e+02	7.949171e+01	4.222103e+01	6.087790e+01
327	9.483759e+00	2.661313e+03	5.493392e+02	3.653894e+02	7.997839e+01	4.236755e+01	5.943258e+01
328	9.512761e+00	2.648744e+03	5.495365e+02	3.642139e+02	7.953751e+01	4.240119e+01	5.786171e+01
329	9.541763e+00	2.648312e+03	5.498073e+02	3.629021e+02	7.961464e+01	4.235321e+01	5.694891e+01
330	9.570766e+00	2.649978e+03	5.498998e+02	3.617400e+02	7.929201e+01	4.255230e+01	5.539677e+01
331	9.599768e+00	2.647216e+03	5.499727e+02	3.602848e+02	7.920438e+01	4.255496e+01	5.380645e+01
332	9.628770e+00	2.651419e+03	5.500349e+02	3.590355e+02	7.914964e+01	4.265201e+01	5.266379e+01
333	9.657773e+00	2.653437e+03	5.498804e+02	3.578132e+02	7.918314e+01	4.266642e+01	5.065569e+01
334	9.686775e+00	2.665385e+03	5.494911e+02	3.566223e+02	7.925898e+01	4.281753e+01	4.783138e+01
335	9.715777e+00	2.664620e+03	5.490797e+02	3.553532e+02	7.933767e+01	4.276278e+01	4.578854e+01
336	9.744780e+00	2.667734e+03	5.488470e+02	3.541575e+02	7.907848e+01	4.295308e+01	4.426352e+01
337	9.773782e+00	2.649002e+03	5.485880e+02	3.528537e+02	7.877910e+01	4.281356e+01	4.248019e+01
338	9.802784e+00	2.664301e+03	5.482704e+02	3.516507e+02	7.934093e+01	4.275590e+01	4.061816e+01
339	9.831787e+00	2.681087e+03	5.478864e+02	3.505343e+02	7.962447e+01	4.287208e+01	3.859824e+01
340	9.860789e+00	2.673511e+03	5.475496e+02	3.493017e+02	7.936044e+01	4.289315e+01	3.693877e+01
341	9.889791e+00	2.677340e+03	5.469173e+02	3.482374e+02	7.939072e+01	4.293821e+01	3.484836e+01
342	9.918794e+00	2.681905e+03	5.462585e+02	3.471235e+02	7.946099e+01	4.297339e+01	3.268847e+01
343	9.947796e+00	2.691581e+03	5.456445e+02	3.457389e+02	7.955865e+01	4.307549e+01	3.045812e+01
344	9.976798e+00	2.698139e+03	5.449471e+02	3.446738e+02	7.957867e+01	4.316957e+01	2.886316e+01
345	1.000580e+01	2.674680e+03	5.442515e+02	3.436304e+02	7.939388e+01	4.289384e+01	2.666682e+01
346	1.003480e+01	2.684980e+03	5.436226e+02	3.425389e+02	7.931979e+01	4.309925e+01	2.501641e+01
347	1.006381e+01	2.688141e+03	5.430870e+02	3.413292e+02	7.904581e+01	4.329955e+01	2.387670e+01
348	1.009281e+01	2.690944e+03	5.422317e+02	3.404145e+02	7.933790e+01	4.318512e+01	2.201108e+01
349	1.012181e+01	2.689770e+03	5.416350e+02	3.393816e+02	7.947619e+01	4.309116e+01	2.032171e+01
350	1.015081e+01	2.684127e+03	5.408214e+02	3.383531e+02	7.891942e+01	4.330413e+01	1.839133e+01
351	1.017981e+01	2.695142e+03	5.399485e+02	3.373184e+02	7.918814e+01	4.333428e+01	1.636522e+01
352	1.020882e+01	2.692036e+03	5.390636e+02	3.365742e+02	7.925129e+01	4.324985e+01	1.440696e+01
353	1.023782e+01	2.706281e+03	5.380505e+02	3.359492e+02	7.957568e+01	4.330147e+01	1.193143e+01
354	1.026682e+01	2.700007e+03	5.369329e+02	3.350478e+02	7.942974e+01	4.328046e+01	8.723514e+00
355	1.029582e+01	2.695146e+03	5.358535e+02	3.344663e+02	7.908418e+01	4.339131e+01	5.996566e+00
356	1.032483e+01	2.691691e+03	5.347585e+02	3.338116e+02	7.883982e+01	4.347000e+01	4.029886e+00
357	1.035383e+01	2.707551e+03	5.336763e+02	3.330599e+02	7.921320e+01	4.352004e+01	1.983011e+00
358	1.038283e+01	2.688707e+03	5.326694e+02	3.324970e+02	7.916294e+01	4.324459e+01	1.798410e+02
359	1.041183e+01	2.695128e+03	5.314999e+02	3.318679e+02	7.926335e+01	4.329293e+01	1.775066e+02
360	1.044084e+01	2.706340e+03	5.304705e+02	3.314823e+02	7.933607e+01	4.343320e+01	1.757209e+02
361	1.046984e+01	2.698672e+03	5.292932e+02	3.310774e+02	7.900951e+01	4.348914e+01	1.732007e+02
362	1.049884e+01	2.700122e+03	5.280784e+02	3.307799e+02	7.903784e+01	4.349691e+01	1.708733e+02
363	1.052784e+01	2.701581e+03	5.267571e+02	3.304933e+02	7.933207e+01	4.335900e+01	1.678291e+02
364	1.055684e+01	2.711284e+03	5.254501e+02	3.303294e+02	7.920111e+01	4.358669e+01	1.644671e+02
365	1.058585e+01	2.717541e+03	5.241011e+02	3.303832e+02	7.941859e+01	4.356763e+01	1.616620e+02
366	1.061485e+01	2.702118e+03	5.228458e+02	3.305730e+02	7.929433e+01	4.338827e+01	1.583328e+02
367	1.064385e+01	2.710125e+03	5.216176e+02	3.309184e+02	7.917374e+01	4.358312e+01	1.554300e+02
368	1.067285e+01	2.708806e+03	5.203108e+02	3.313673e+02	7.932857e+01	4.347688e+01	1.524086e+02
369	1.070186e+01	2.708321e+03	5.191942e+02	3.318623e+02	7.936426e+01	4.344955e+01	1.492226e+02
370	1.073086e+01	2.700990e+03	5.181100e+02	3.323791e+02	7.941899e+01	4.330208e+01	1.462570e+02
371	1.075986e+01	2.697460e+03	5.169324e+02	3.328688e+02	7.941544e+01	4.324741e+01	1.434768e+02
372	1.078886e+01	2.704497e+03	5.157059e+02	3.333752e+02	7.966417e+01	4.322486e+01	1.404295e+02
373	1.081787e+01	2.705495e+03	5.146030e+02	3.340056e+02	7.961038e+01	4.327003e+01	1.368620e+02
374	1.084687e+01	2.684633e+03	5.137405e+02	3.351042e+02	7.932552e+01	4.309056e+01	1.338423e+02
375	1.087587e+01	2.686426e+03	5.127640e+02	3.358921e+02	7.932103e+01	4.312178e+01	1.306466e+02
376	1.090487e+01	2.697961e+03	5.115754e+02	3.367799e+02	7.971076e+01	4.309520e+01	1.270799e+02
377	1.093387e+01	2.693550e+03	5.108128e+02	3.378017e+02	7.978901e+01	4.298254e+01	1.240514e+02
378	1.096288e+01	2.684823e+03	5.100067e+02	3.387819e+02	7.985435e+01	4.280822e+01	1.209838e+02
379	1.099188e+01	2.687541e+03	5.092240e+02	3.399887e+02	7.983907e+01	4.285977e+01	1.175268e+02
380	1.102088e+01	2.686033e+03	5.084305e+02	3.409063e+02	7.980390e+01	4.285460e+01	1.145308e+02
381	1.104988e+01	2.684750e+03	5.076075e+02	3.419492e+02	8.008972e+01	4.268125e+01	1.118026e+02
382	1.107889e+01	2.669915e+03	5.070063e+02	3.430551e+02	7.988470e+01	4.255435e+01	1.086243e+02
383	1.110789e+01	2.667429e+03	5.064286e+02	3.441270e+02	8.027930e+01	4.230574e+01	1.055033e+02
384	1.113689e+01	2.659902e+03	5.059048e+02	3.452708e+02	8.016863e+01	4.224460e+01	1.023280e+02
385	1.116589e+01	2.659071e+03	5.053223e+02	3.464930e+02	8.020267e+01	4.221349e+01	9.971777e+01
386	1.119490e+01	2.671746e+03	5.047679e+02	3.477257e+02	8.058282e+01	4.221462e+01	9.685277e+01
387	1.122390e+01	2.659968e+03	5.042521e+02	3.490703e+02	8.046387e+01	4.209065e+01	9.400291e+01
388	1.125290e+01	2.663550e+03	5.037713e+02	3.503995e+02	8.073602e+01	4.200525e+01	9.125728e+01
389	1.128190e+01	2.646452e+03	5.036826e+02	3.514739e+02	8.058347e+01	4.181462e+01	8.892346e+01
390	1.131090e+01	2.653319e+03	5.033026e+02	3.527438e+02	8.028513e+01	4.207891e+01	8.670769e+01
391	1.133991e+01	2.647815e+03	5.028917e+02	3.540198e+02	8.043716e+01	4.191225e+01	8.416883e+01
392	1.136891e+01	2.652051e+03	5.025769e+02	3.553305e+02	8.017712e+01	4.211546e+01	8.180006e+01
393	1.139791e+01	2.651219e+03	5.021893e+02	3.565973e+02	7.997921e+01	4.220644e+01	7.992136e+01
394	1.142691e+01	2.666056e+03	5.017756e+02	3.579191e+02	8.051456e+01	4.216042e+01	7.779285e+01
395	1.145592e+01	2.665016e+03	5.012558e+02	3.592777e+02	8.005241e+01	4.238727e+01	7.603530e+01
396	1.148492e+01	2.662201e+03	5.008174e+02	3.604680e+02	7.991901e+01	4.241317e+01	7.436429e+01
397	1.151392e+01	2.665156e+03	5.007886e+02	3.617465e+02	8.013313e+01	4.234681e+01	7.257175e+01
398	1.154292e+01	2.666712e+03	5.003092e+02	3.630811e+02	8.002962e+01	4.242633e+01	7.044465e+01
399	1.157193e+01	2.656784e+03	5.003756e+02	3.643021e+02	7.975997e+01	4.241128e+01	6.849261e+01
400	1.160093e+01	2.667928e+03	5.005643e+02	3.655477e+02	7.990315e+01	4.251286e+01	6.591473e+01
401	1.162993e+01	2.665709e+03	5.005806e+02	3.670013e+02	7.977467e+01	4.254591e+01	6.344229e+01
402	1.165893e+01	2.666438e+03	5.007152e+02	3.682240e+02	7.995022e+01	4.246410e+01	6.161551e+01
403	1.168794e+01	2.663066e+03	5.002099e+02	3.695405e+02	7.974619e+01	4.251892e+01	6.057637e+01
404	1.171694e+01	2.680901e+03	5.001202e+02	3.708889e+02	7.987183e+01	4.273634e+01	5.894846e+01
405	1.174594e+01	2.664962e+03	5.002627e+02	3.720707e+02	7.924505e+01	4.281826e+01	5.715950e+01
406	1.177494e+01	2.673199e+03	5.004892e+02	3.734095e+02	7.956926e+01	4.277560e+01	5.476376e+01
407	1.180394e+01	2.682593e+03	5.009653e+02	3.746605e+02	7.968516e+01	4.286348e+01	5.217481e+01
408	1.183295e+01	2.671297e+03	5.013557e+02	3.760198e+02	7.962477e+01	4.271536e+01	5.005293e+01
409	1.186195e+01	2.684019e+03	5.019171e+02	3.772494e+02	7.955553e+01	4.295615e+01	4.742352e+01
410	1.189095e+01	2.675410e+03	5.024793e+02	3.784184e+02	7.935947e+01	4.292415e+01	4.504762e+01
411	1.191995e+01	2.682653e+03	5.031098e+02	3.796190e+02	7.943228e+01	4.300091e+01	4.236586e+01
412	1.194896e+01	2.687211e+03	5.038206e+02	3.809363e+02	7.950761e+01	4.303316e+01	4.003094e+01
413	1.197796e+01	2.679103e+03	5.046648e+02	3.820715e+02	7.961903e+01	4.284327e+01	3.692134e+01
414	1.200696e+01	2.686726e+03	5.055237e+02	3.830159e+02	7.963078e+01	4.295885e+01	3.387225e+01
415	1.203596e+01	2.689161e+03	5.063363e+02	3.840488e+02	7.967018e+01	4.297651e+01	3.115815e+01
416	1.206497e+01	2.697079e+03	5.072026e+02	3.849928e+02	7.953471e+01	4.317646e+01	2.855622e+01
417	1.209397e+01	2.686973e+03	5.081283e+02	3.860317e+02	7.938953e+01	4.309334e+01	2.585523e+01
418	1.212297e+01	2.692949e+03	5.092207e+02	3.869970e+02	7.953773e+01	4.310871e+01	2.352258e+01
419	1.215197e+01	2.695190e+03	5.099577e+02	3.879578e+02	7.946340e+01	4.318495e+01	2.089645e+01
420	1.218097e+01	2.679735e+03	5.109863e+02	3.888903e+02	7.926954e+01	4.304232e+01	1.871955e+01
421	1.220998e+01	2.675879e+03	5.118943e+02	3.898979e+02	7.915049e+01	4.304503e+01	1.593213e+01
422	1.223898e+01	2.683818e+03	5.128018e+02	3.908089e+02	7.930441e+01	4.308895e+01	1.402046e+01
423	1.226798e+01	2.692815e+03	5.136714e+02	3.918202e+02	7.945937e+01	4.314908e+01	1.162944e+01
424	1.229698e+01	2.706015e+03	5.147623e+02	3.925695e+02	7.938533e+01	4.340104e+01	9.667780e+00
425	1.232599e+01	2.694577e+03	5.159301e+02	3.932527e+02	7.918723e+01	4.332571e+01	6.779986e+00
426	1.235499e+01	2.679204e+03	5.172007e+02	3.940457e+02	7.920784e+01	4.306731e+01	3.871343e+00
427	1.238399e+01	2.691368e+03	5.183392e+02	3.946031e+02	7.937103e+01	4.317389e+01	1.453556e+00
428	1.241299e+01	2.694115e+03	5.194788e+02	3.949902e+02	7.922466e+01	4.329780e+01	1.786529e+02
429	1.244200e+01	2.696596e+03	5.205535e+02	3.955744e+02	7.947424e+01	4.320157e+01	1.765046e+02
430	1.247100e+01	2.688362e+03	5.217761e+02	3.960930e+02	7.935099e+01	4.313656e+01	1.742402e+02
431	1.250000e+01	2.678046e+03	5.230323e+02	3.964140e+02	7.901356e+01	4.315454e+01	1.713391e+02
432	1.252900e+01	2.679939e+03	5.255474e+02	3.972545e+02	7.906179e+01	4.315870e+01	1.668642e+02
433	1.255800e+01	2.676301e+03	5.267969e+02	3.975772e+02	7.920543e+01	4.302196e+01	1.648558e+02
434	1.258701e+01	2.678284e+03	5.279624e+02	3.977752e+02	7.923804e+01	4.303611e+01	1.623704e+02
435	1.261601e+01	2.684077e+03	5.292674e+02	3.977702e+02	7.931242e+01	4.308875e+01	1.597856e+02
436	1.264501e+01	2.674901e+03	5.306497e+02	3.980922e+02	7.914783e+01	4.303073e+01	1.579094e+02
437	1.267401e+01	2.670831e+03	5.318539e+02	3.981290e+02	7.927274e+01	4.289756e+01	1.558857e+02
438	1.270302e+01	2.675110e+03	5.331588e+02	3.985595e+02	7.933183e+01	4.293429e+01	1.539502e+02
439	1.273202e+01	2.665342e+03	5.343278e+02	3.986777e+02	7.926266e+01	4.281485e+01	1.528677e+02
440	1.276102e+01	2.663206e+03	5.356718e+02	3.991129e+02	7.919254e+01	4.281841e+01	1.515710e+02
441	1.279002e+01	2.661044e+03	5.370470e+02	3.996935e+02	7.903707e+01	4.286781e+01	1.498253e+02
442	1.281903e+01	2.663816e+03	5.383061e+02	4.000288e+02	7.905199e+01	4.290438e+01	1.483774e+02
443	1.284803e+01	2.662009e+03	5.394536e+02	4.003742e+02	7.892429e+01	4.294464e+01	1.478990e+02
444	1.287703e+01	2.657061e+03	5.404854e+02	4.004495e+02	7.912281e+01	4.275727e+01	1.469152e+02
445	1.290603e+01	2.656867e+03	5.417309e+02	4.005628e+02	7.912750e+01	4.275162e+01	1.448888e+02
446	1.293503e+01	2.671079e+03	5.429133e+02	4.006428e+02	7.924224e+01	4.291806e+01	1.428718e+02
447	1.296404e+01	2.666820e+03	5.441729e+02	4.005713e+02	7.922130e+01	4.286096e+01	1.411436e+02
448	1.299304e+01	2.642820e+03	5.452537e+02	4.005730e+02	7.883310e+01	4.268439e+01	1.390935e+02
449	1.302204e+01	2.654207e+03	5.464041e+02	4.005003e+02	7.900420e+01	4.277546e+01	1.370440e+02
450	1.305104e+01	2.648380e+03	5.476135e+02	4.003609e+02	7.920654e+01	4.257253e+01	1.356070e+02
451	1.308005e+01	2.643120e+03	5.487022e+02	4.001047e+02	7.885851e+01	4.267549e+01	1.344833e+02
452	1.310905e+01	2.650215e+03	5.499180e+02	3.999875e+02	7.900945e+01	4.270829e+01	1.324201e+02
453	1.313805e+01	2.642974e+03	5.511783e+02	3.995791e+02	7.901930e+01	4.258628e+01	1.304280e+02
454	1.316705e+01	2.639812e+03	5.525759e+02	3.993327e+02	7.914137e+01	4.246973e+01	1.281609e+02
455	1.319606e+01	2.637310e+03	5.539001e+02	3.990394e+02	7.892160e+01	4.254763e+01	1.262617e+02
456	1.322506e+01	2.638387e+03	5.550668e+02	3.985893e+02	7.944341e+01	4.228543e+01	1.244609e+02
457	1.325406e+01	2.636959e+03	5.561805e+02	3.980777e+02	7.942583e+01	4.227190e+01	1.225553e+02
458	1.328306e+01	2.646629e+03	5.573088e+02	3.975475e+02	7.960233e+01	4.233284e+01	1.202750e+02
459	1.331206e+01	2.646107e+03	5.583464e+02	3.972162e+02	7.939100e+01	4.243716e+01	1.191686e+02
460	1.334107e+01	2.644861e+03	5.595089e+02	3.968925e+02	7.964178e+01	4.228360e+01	1.178265e+02
461	1.337007e+01	2.633956e+03	5.604371e+02	3.962146e+02	7.965007e+01	4.210488e+01	1.157498e+02
462	1.339907e+01	2.627250e+03	5.615141e+02	3.955546e+02	7.936304e+01	4.214957e+01	1.143672e+02
463	1.342807e+01	2.634707e+03	5.627299e+02	3.950753e+02	7.978551e+01	4.204539e+01	1.127221e+02
464	1.345708e+01	2.639778e+03	5.636935e+02	3.944726e+02	7.960972e+01	4.221934e+01	1.107722e+02
465	1.348608e+01	2.634659e+03	5.646835e+02	3.936958e+02	7.967661e+01	4.210209e+01	1.091974e+02
466	1.351508e+01	2.631964e+03	5.658297e+02	3.931334e+02	7.979005e+01	4.199923e+01	1.075397e+02
467	1.354408e+01	2.615778e+03	5.667087e+02	3.923932e+02	7.997260e+01	4.164567e+01	1.062072e+02
468	1.357309e+01	2.616053e+03	5.676899e+02	3.915849e+02	7.962343e+01	4.183270e+01	1.043287e+02
469	1.360209e+01	2.614964e+03	5.687184e+02	3.907913e+02	7.965329e+01	4.179960e+01	1.024205e+02
470	1.363109e+01	2.635725e+03	5.695428e+02	3.898326e+02	8.013720e+01	4.187706e+01	1.008808e+02
471	1.366009e+01	2.622316e+03	5.703595e+02	3.890118e+02	7.979103e+01	4.184475e+01	9.896268e+01
472	1.368910e+01	2.612647e+03	5.713835e+02	3.881294e+02	7.996532e+01	4.159960e+01	9.711678e+01
473	1.371810e+01	2.612379e+03	5.723920e+02	3.872672e+02	7.999934e+01	4.157764e+01	9.587968e+01
474	1.374710e+01	2.627705e+03	5.734080e+02	3.864669e+02	8.003719e+01	4.180179e+01	9.502611e+01
475	1.377610e+01	2.637615e+03	5.741184e+02	3.855818e+02	8.009228e+01	4.193058e+01	9.320478e+01
476	1.380510e+01	2.609224e+03	5.749193e+02	3.845938e+02	7.994019e+01	4.155816e+01	9.149892e+01
477	1.383411e+01	2.613434e+03	5.756146e+02	3.836010e+02	7.972813e+01	4.173592e+01	8.992780e+01
478	1.386311e+01	2.615536e+03	5.764945e+02	3.827730e+02	7.979918e+01	4.173230e+01	8.831982e+01
479	1.389211e+01	2.642111e+03	5.771437e+02	3.818171e+02	8.007049e+01	4.201348e+01	8.654789e+01
480	1.392111e+01	2.620736e+03	5.777679e+02	3.808641e+02	7.989201e+01	4.176669e+01	8.513622e+01
481	1.395012e+01	2.627353e+03	5.784272e+02	3.798081e+02	8.015937e+01	4.173248e+01	8.383009e+01
482	1.397912e+01	2.635400e+03	5.789821e+02	3.787012e+02	7.989111e+01	4.200087e+01	8.228060e+01
483	1.400812e+01	2.622003e+03	5.795634e+02	3.775780e+02	8.003101e+01	4.171431e+01	8.023711e+01
484	1.403712e+01	2.626947e+03	5.802403e+02	3.764780e+02	7.998863e+01	4.181510e+01	7.908829e+01
485	1.406613e+01	2.627751e+03	5.807074e+02	3.753705e+02	7.988655e+01	4.188136e+01	7.781798e+01
486	1.409513e+01	2.629113e+03	5.812670e+02	3.744526e+02	7.992184e+01	4.188455e+01	7.621009e+01
487	1.412413e+01	2.628564e+03	5.817737e+02	3.732563e+02	7.968282e+01	4.200142e+01	7.458533e+01
488	1.415313e+01	2.638072e+03	5.822532e+02	3.719576e+02	7.971677e+01	4.213540e+01	7.285781e+01
489	1.418213e+01	2.646511e+03	5.825480e+02	3.708054e+02	7.974982e+01	4.225266e+01	7.126318e+01
490	1.421114e+01	2.643147e+03	5.828633e+02	3.695484e+02	8.012273e+01	4.200256e+01	6.933773e+01
491	1.424014e+01	2.648594e+03	5.832985e+02	3.684073e+02	8.021478e+01	4.204081e+01	6.787731e+01
492	1.426914e+01	2.644265e+03	5.837720e+02	3.671227e+02	7.963396e+01	4.227823e+01	6.685545e+01
493	1.429814e+01	2.636208e+03	5.843984e+02	3.659296e+02	7.985941e+01	4.203041e+01	6.506192e+01
494	1.432715e+01	2.626501e+03	5.848270e+02	3.648490e+02	7.943245e+01	4.210075e+01	6.401105e+01
495	1.435615e+01	2.626702e+03	5.851871e+02	3.635652e+02	7.926962e+01	4.219044e+01	6.236628e+01
496	1.438515e+01	2.649159e+03	5.856523e+02	3.623292e+02	7.963123e+01	4.235793e+01	6.150678e+01
497	1.441415e+01	2.640364e+03	5.856417e+02	3.611711e+02	7.929945e+01	4.239393e+01	5.980446e+01
498	1.444316e+01	2.647609e+03	5.856476e+02	3.598987e+02	7.949702e+01	4.240462e+01	5.820052e+01
499	1.447216e+01	2.651993e+03	5.858908e+02	3.585661e+02	7.914970e+01	4.266121e+01	5.678359e+01
500	1.450116e+01	2.657949e+03	5.861570e+02	3.573348e+02	7.939104e+01	4.262705e+01	5.517686e+01
501	1.453016e+01	2.652048e+03	5.862091e+02	3.560817e+02	7.932812e+01	4.256615e+01	5.324252e+01
502	1.455916e+01	2.657208e+03	5.861868e+02	3.550732e+02	7.945849e+01	4.257900e+01	5.192066e+01
503	1.458817e+01	2.645179e+03	5.861335e+02	3.538885e+02	7.898760e+01	4.263892e+01	4.990619e+01
504	1.461717e+01	2.649777e+03	5.858847e+02	3.526450e+02	7.920038e+01	4.259829e+01	4.812264e+01
505	1.464617e+01	2.654011e+03	5.857658e+02	3.513149e+02	7.911964e+01	4.270990e+01	4.619091e+01
506	1.467517e+01	2.662348e+03	5.856754e+02	3.500453e+02	7.908640e+01	4.286206e+01	4.466969e+01
507	1.470418e+01	2.671127e+03	5.856176e+02	3.487129e+02	7.961225e+01	4.271936e+01	4.343173e+01
508	1.473318e+01	2.656075e+03	5.855291e+02	3.474183e+02	7.904712e+01	4.278233e+01	4.152275e+01
509	1.476218e+01	2.663776e+03	5.852438e+02	3.460894e+02	7.942461e+01	4.270244e+01	3.967536e+01
510	1.479118e+01	2.674723e+03	5.847889e+02	3.450479e+02	7.948804e+01	4.284372e+01	3.790459e+01
511	1.482019e+01	2.662576e+03	5.844296e+02	3.438663e+02	7.924567e+01	4.277958e+01	3.624070e+01
512	1.484919e+01	2.676374e+03	5.841144e+02	3.424568e+02	7.928475e+01	4.298008e+01	3.441528e+01
513	1.487819e+01	2.686325e+03	5.837654e+02	3.415210e+02	7.943993e+01	4.305562e+01	3.311602e+01
514	1.490719e+01	2.684046e+03	5.834379e+02	3.402312e+02	7.938273e+01	4.305009e+01	3.138708e+01
515	1.493619e+01	2.685991e+03	5.828734e+02	3.392150e+02	7.931549e+01	4.311781e+01	2.947392e+01
516	1.496520e+01	2.681601e+03	5.824172e+02	3.380953e+02	7.934403e+01	4.303184e+01	2.756537e+01
517	1.499420e+01	2.672610e+03	5.816697e+02	3.370114e+02	7.918855e+01	4.297178e+01	2.563579e+01
518	1.502320e+01	2.678606e+03	5.809055e+02	3.358883e+02	7.921498e+01	4.305382e+01	2.381640e+01
519	1.505220e+01	2.678195e+03	5.800320e+02	3.347621e+02	7.908711e+01	4.311681e+01	2.229417e+01
520	1.508121e+01	2.681082e+03	5.793679e+02	3.336771e+02	7.907388e+01	4.317051e+01	2.037697e+01
521	1.511021e+01	2.682392e+03	5.786174e+02	3.326614e+02	7.915511e+01	4.314728e+01	1.822462e+01
522	1.513921e+01	2.681328e+03	5.775836e+02	3.317846e+02	7.914420e+01	4.313611e+01	1.612295e+01
523	1.516821e+01	2.684603e+03	5.766678e+02	3.308133e+02	7.931706e+01	4.309467e+01	1.406244e+01
524	1.519722e+01	2.688419e+03	5.755941e+02	3.300723e+02	7.939427e+01	4.311396e+01	1.180247e+01
525	1.522622e+01	2.685161e+03	5.748004e+02	3.290640e+02	7.946194e+01	4.302504e+01	9.685863e+00
526	1.525522e+01	2.701617e+03	5.737570e+02	3.284182e+02	7.930886e+01	4.337227e+01	8.685317e+00
527	1.528422e+01	2.694071e+03	5.729411e+02	3.275227e+02	7.956386e+01	4.311251e+01	6.177428e+00
528	1.531323e+01	2.696295e+03	5.720499e+02	3.266674e+02	7.946633e+01	4.320106e+01	4.466892e+00
529	1.534223e+01	2.709824e+03	5.709883e+02	3.259643e+02	7.920907e+01	4.355883e+01	2.328277e+00
530	1.537123e+01	2.704007e+03	5.702055e+02	3.251879e+02	7.942353e+01	4.334797e+01	9.889846e-01
531	1.540023e+01	2.707823e+03	5.692633e+02	3.243052e+02	7.957339e+01	4.332738e+01	1.786971e+02
532	1.542923e+01	2.699979e+03	5.683776e+02	3.236440e+02	7.948125e+01	4.325196e+01	1.774078e+02
533	1.545824e+01	2.719053e+03	5.672664e+02	3.229515e+02	7.937509e+01	4.361577e+01	1.757339e+02
534	1.548724e+01	2.699541e+03	5.661238e+02	3.223019e+02	7.912736e+01	4.343836e+01	1.738339e+02
535	1.551624e+01	2.694896e+03	5.649977e+02	3.218453e+02	7.905235e+01	4.340475e+01	1.720401e+02
536	1.554524e+01	2.694974e+03	5.638278e+02	3.213781e+02	7.914187e+01	4.335691e+01	1.697949e+02
537	1.557425e+01	2.699252e+03	5.624543e+02	3.208188e+02	7.916895e+01	4.341089e+01	1.674442e+02
538	1.560325e+01	2.703503e+03	5.614381e+02	3.205394e+02	7.946328e+01	4.331821e+01	1.656668e+02
539	1.563225e+01	2.700109e+03	5.605314e+02	3.199298e+02	7.921641e+01	4.339866e+01	1.639671e+02
540	1.566125e+01	2.695516e+03	5.596984e+02	3.193530e+02	7.899714e+01	4.344508e+01	1.627494e+02
541	1.569026e+01	2.707225e+03	5.587637e+02	3.187075e+02	7.917474e+01	4.353592e+01	1.609855e+02
542	1.571926e+01	2.713449e+03	5.574764e+02	3.184331e+02	7.913135e+01	4.365995e+01	1.591962e+02
543	1.574826e+01	2.717598e+03	5.563340e+02	3.180417e+02	7.945927e+01	4.354625e+01	1.565681e+02
544	1.577726e+01	2.707676e+03	5.549946e+02	3.179572e+02	7.951718e+01	4.335567e+01	1.543217e+02
545	1.580626e+01	2.710244e+03	5.536064e+02	3.180108e+02	7.946504e+01	4.342526e+01	1.525606e+02
546	1.583527e+01	2.726864e+03	5.522653e+02	3.181075e+02	7.969537e+01	4.356528e+01	1.496665e+02
547	1.586427e+01	2.705862e+03	5.509917e+02	3.180595e+02	7.943741e+01	4.337012e+01	1.474310e+02
548	1.589327e+01	2.704177e+03	5.498636e+02	3.184156e+02	7.923632e+01	4.345312e+01	1.447643e+02
549	1.592227e+01	2.705982e+03	5.485999e+02	3.186304e+02	7.934128e+01	4.342460e+01	1.422355e+02
550	1.595128e+01	2.705381e+03	5.472754e+02	3.187651e+02	7.954084e+01	4.330603e+01	1.401400e+02
551	1.598028e+01	2.707174e+03	5.459244e+02	3.188932e+02	7.961207e+01	4.329596e+01	1.379622e+02
552	1.600928e+01	2.693155e+03	5.445800e+02	3.193403e+02	7.937148e+01	4.320232e+01	1.357277e+02
553	1.603828e+01	2.703797e+03	5.424449e+02	3.204111e+02	7.937192e+01	4.337278e+01	1.303784e+02
554	1.606729e+01	2.700410e+03	5.412669e+02	3.210381e+02	7.943271e+01	4.328530e+01	1.275007e+02
555	1.609629e+01	2.697686e+03	5.402750e+02	3.218515e+02	7.985652e+01	4.301215e+01	1.245111e+02
556	1.612529e+01	2.687402e+03	5.394598e+02	3.228986e+02	7.987315e+01	4.283926e+01	1.214365e+02
557	1.615429e+01	2.688404e+03	5.383804e+02	3.238069e+02	7.980950e+01	4.288941e+01	1.183275e+02
558	1.618329e+01	2.697353e+03	5.373840e+02	3.248015e+02	8.017617e+01	4.283538e+01	1.158133e+02
559	1.621230e+01	2.701668e+03	5.367626e+02	3.259326e+02	8.009416e+01	4.294784e+01	1.129172e+02
560	1.624130e+01	2.704502e+03	5.357690e+02	3.268606e+02	8.022476e+01	4.292289e+01	1.097817e+02
561	1.627030e+01	2.689027e+03	5.350087e+02	3.280174e+02	8.058673e+01	4.248561e+01	1.072093e+02
562	1.629930e+01	2.682060e+03	5.342603e+02	3.290800e+02	8.007761e+01	4.264493e+01	1.046552e+02
563	1.632831e+01	2.682142e+03	5.335316e+02	3.303350e+02	8.041444e+01	4.246761e+01	1.017160e+02
564	1.635731e+01	2.664955e+03	5.327518e+02	3.314123e+02	8.034325e+01	4.223286e+01	9.897289e+01
565	1.638631e+01	2.674231e+03	5.320146e+02	3.325598e+02	8.019718e+01	4.245706e+01	9.656289e+01
566	1.641531e+01	2.662586e+03	5.311891e+02	3.336204e+02	8.008008e+01	4.233400e+01	9.437572e+01
567	1.644432e+01	2.668787e+03	5.304836e+02	3.347703e+02	8.037295e+01	4.227798e+01	9.233241e+01
568	1.647332e+01	2.673826e+03	5.299026e+02	3.358341e+02	8.042405e+01	4.233088e+01	8.988937e+01
569	1.650232e+01	2.663147e+03	5.294967e+02	3.370150e+02	8.027742e+01	4.223882e+01	8.807627e+01
570	1.653132e+01	2.682770e+03	5.291069e+02	3.383499e+02	8.082724e+01	4.226061e+01	8.526115e+01
571	1.656032e+01	2.675841e+03	5.286335e+02	3.398139e+02	8.053699e+01	4.230337e+01	8.272886e+01
572	1.658933e+01	2.673519e+03	5.287158e+02	3.412081e+02	8.040733e+01	4.233483e+01	7.994783e+01
573	1.661833e+01	2.669926e+03	5.285578e+02	3.424344e+02	8.034990e+01	4.230815e+01	7.718884e+01
574	1.664733e+01	2.658585e+03	5.287316e+02	3.438076e+02	8.014438e+01	4.223647e+01	7.502417e+01
575	1.667633e+01	2.663332e+03	5.284417e+02	3.452755e+02	8.021378e+01	4.227528e+01	7.275688e+01
576	1.670534e+01	2.681289e+03	5.282059e+02	3.465897e+02	8.036868e+01	4.247828e+01	7.026752e+01
577	1.673434e+01	2.660718e+03	5.281581e+02	3.478730e+02	8.028364e+01	4.219704e+01	6.860560e+01
578	1.676334e+01	2.668420e+03	5.280187e+02	3.492896e+02	7.999670e+01	4.247097e+01	6.638112e+01
579	1.679234e+01	2.669882e+03	5.278672e+02	3.507133e+02	7.987642e+01	4.255824e+01	6.380986e+01
580	1.682135e+01	2.673557e+03	5.280475e+02	3.520953e+02	7.980784e+01	4.265343e+01	6.184719e+01
581	1.685035e+01	2.676591e+03	5.282888e+02	3.534110e+02	7.975819e+01	4.272842e+01	5.945422e+01
582	1.687935e+01	2.685526e+03	5.283183e+02	3.547043e+02	7.971948e+01	4.289188e+01	5.720407e+01
583	1.690835e+01	2.667170e+03	5.285490e+02	3.561595e+02	7.952332e+01	4.270378e+01	5.528302e+01
584	1.693735e+01	2.675761e+03	5.289097e+02	3.574849e+02	7.979597e+01	4.269495e+01	5.247813e+01
585	1.696636e+01	2.677032e+03	5.291749e+02	3.587807e+02	7.980428e+01	4.271078e+01	5.040995e+01
586	1.699536e+01	2.671737e+03	5.292247e+02	3.600913e+02	7.940413e+01	4.284111e+01	4.842884e+01
587	1.702436e+01	2.688216e+03	5.295272e+02	3.613739e+02	7.982685e+01	4.287709e+01	4.679988e+01
588	1.705336e+01	2.683350e+03	5.297744e+02	3.628358e+02	7.976566e+01	4.283231e+01	4.515580e+01
589	1.708237e+01	2.684834e+03	5.300706e+02	3.641862e+02	7.923593e+01	4.314251e+01	4.337934e+01
590	1.711137e+01	2.691852e+03	5.301934e+02	3.655498e+02	7.934615e+01	4.319521e+01	4.205141e+01
591	1.714037e+01	2.686940e+03	5.306815e+02	3.667624e+02	7.937195e+01	4.310235e+01	3.965339e+01
592	1.716937e+01	2.685622e+03	5.309276e+02	3.679666e+02	7.946228e+01	4.303225e+01	3.851410e+01
593	1.719838e+01	2.694756e+03	5.309464e+02	3.692914e+02	7.967599e+01	4.306278e+01	3.792793e+01
594	1.722738e+01	2.687603e+03	5.312526e+02	3.705373e+02	7.952024e+01	4.303260e+01	3.635464e+01
595	1.725638e+01	2.697118e+03	5.319389e+02	3.717579e+02	7.932680e+01	4.329026e+01	3.447564e+01
596	1.728538e+01	2.710543e+03	5.323470e+02	3.729364e+02	7.984786e+01	4.322182e+01	3.266365e+01
597	1.731439e+01	2.695078e+03	5.330920e+02	3.741516e+02	7.944156e+01	4.319502e+01	3.018044e+01
598	1.734339e+01	2.704930e+03	5.340572e+02	3.750363e+02	7.960643e+01	4.326313e+01	2.802419e+01
599	1.737239e+01	2.700904e+03	5.349088e+02	3.762869e+02	7.943443e+01	4.329229e+01	2.547252e+01
600	1.740139e+01	2.704836e+03	5.357069e+02	3.772810e+02	7.950594e+01	4.331630e+01	2.374807e+01
601	1.743039e+01	2.694511e+03	5.363055e+02	3.784954e+02	7.930060e+01	4.326270e+01	2.195210e+01
602	1.745940e+01	2.685441e+03	5.372186e+02	3.795566e+02	7.935686e+01	4.308651e+01	2.015736e+01
603	1.748840e+01	2.701127e+03	5.381001e+02	3.806175e+02	7.950069e+01	4.325977e+01	1.825574e+01
604	1.751740e+01	2.697843e+03	5.389391e+02	3.816764e+02	7.944312e+01	4.323849e+01	1.620324e+01
605	1.754640e+01	2.697182e+03	5.396873e+02	3.827785e+02	7.954569e+01	4.317215e+01	1.461645e+01
606	1.757541e+01	2.690803e+03	5.404675e+02	3.839879e+02	7.939339e+01	4.315267e+01	1.287114e+01
607	1.760441e+01	2.696781e+03	5.412354e+02	3.850729e+02	7.897367e+01	4.347839e+01	1.132226e+01
608	1.763341e+01	2.699814e+03	5.422314e+02	3.860932e+02	7.924577e+01	4.337783e+01	9.804587e+00
609	1.766241e+01	2.698488e+03	5.431538e+02	3.869814e+02	7.937608e+01	4.328535e+01	7.880740e+00
610	1.769142e+01	2.694603e+03	5.443382e+02	3.878408e+02	7.946517e+01	4.317458e+01	5.827245e+00
611	1.772042e+01	2.692739e+03	5.453561e+02	3.887308e+02	7.941744e+01	4.317063e+01	4.091853e+00
612	1.774942e+01	2.696285e+03	5.462348e+02	3.896320e+02	7.929921e+01	4.329195e+01	2.934595e+00
613	1.777842e+01	2.685910e+03	5.471703e+02	3.905381e+02	7.933721e+01	4.310471e+01	1.109629e+00
614	1.780742e+01	2.684451e+03	5.480214e+02	3.915831e+02	7.927340e+01	4.311596e+01	1.798120e+02
615	1.783643e+01	2.678621e+03	5.488505e+02	3.925609e+02	7.925506e+01	4.303228e+01	1.785706e+02
616	1.786543e+01	2.678354e+03	5.497949e+02	3.936199e+02	7.899918e+01	4.316735e+01	1.771010e+02
617	1.789443e+01	2.691047e+03	5.504976e+02	3.945580e+02	7.907011e+01	4.333303e+01	1.762612e+02
618	1.792343e+01	2.688287e+03	5.513518e+02	3.956309e+02	7.926870e+01	4.318014e+01	1.758846e+02
619	1.795244e+01	2.691043e+03	5.522898e+02	3.964273e+02	7.949683e+01	4.310037e+01	1.748193e+02
620	1.798144e+01	2.695658e+03	5.531373e+02	3.973292e+02	7.924019e+01	4.331411e+01	1.738750e+02
621	1.801044e+01	2.686938e+03	5.540578e+02	3.983548e+02	7.903284e+01	4.328726e+01	1.724790e+02
622	1.803944e+01	2.681115e+03	5.551322e+02	3.990522e+02	7.926357e+01	4.306772e+01	1.708789e+02
623	1.806845e+01	2.696466e+03	5.563060e+02	3.999480e+02	7.909264e+01	4.340792e+01	1.694591e+02
624	1.809745e+01	2.686059e+03	5.573793e+02	4.007625e+02	7.899144e+01	4.329579e+01	1.686435e+02
625	1.812645e+01	2.683459e+03	5.585187e+02	4.012056e+02	7.911983e+01	4.318368e+01	1.673885e+02
626	1.815545e+01	2.678070e+03	5.598463e+02	4.019138e+02	7.889812e+01	4.321807e+01	1.653448e+02
627	1.818445e+01	2.664386e+03	5.609086e+02	4.025982e+02	7.907798e+01	4.289944e+01	1.644223e+02
628	1.821346e+01	2.672213e+03	5.621354e+02	4.033673e+02	7.892120e+01	4.311094e+01	1.630276e+02
629	1.824246e+01	2.673442e+03	5.632073e+02	4.039526e+02	7.919525e+01	4.298152e+01	1.616976e+02
630	1.827146e+01	2.684206e+03	5.644928e+02	4.044801e+02	7.899796e+01	4.326235e+01	1.600513e+02
631	1.830046e+01	2.690901e+03	5.657108e+02	4.049004e+02	7.922271e+01	4.324722e+01	1.588053e+02
632	1.832947e+01	2.684449e+03	5.670017e+02	4.051863e+02	7.909389e+01	4.321379e+01	1.567240e+02
633	1.835847e+01	2.672598e+03	5.680679e+02	4.052392e+02	7.893819e+01	4.310788e+01	1.543074e+02
634	1.838747e+01	2.676219e+03	5.694321e+02	4.058933e+02	7.897437e+01	4.314650e+01	1.529166e+02
635	1.841647e+01	2.676062e+03	5.706677e+02	4.061803e+02	7.894556e+01	4.315971e+01	1.513867e+02
636	1.844548e+01	2.667927e+03	5.721078e+02	4.064495e+02	7.893208e+01	4.303587e+01	1.496106e+02
637	1.847448e+01	2.663255e+03	5.735568e+02	4.065258e+02	7.906536e+01	4.288809e+01	1.477486e+02
638	1.850348e+01	2.659804e+03	5.748536e+02	4.064622e+02	7.901333e+01	4.286071e+01	1.453447e+02
639	1.853248e+01	2.665472e+03	5.761572e+02	4.066279e+02	7.907983e+01	4.291593e+01	1.431133e+02
640	1.856148e+01	2.655287e+03	5.774699e+02	4.064958e+02	7.862321e+01	4.300023e+01	1.411629e+02
641	1.859049e+01	2.656747e+03	5.786431e+02	4.065562e+02	7.906998e+01	4.278078e+01	1.392941e+02
642	1.861949e+01	2.644148e+03	5.797371e+02	4.068494e+02	7.863940e+01	4.281103e+01	1.380390e+02
643	1.864849e+01	2.643622e+03	5.809001e+02	4.071407e+02	7.894699e+01	4.263575e+01	1.367699e+02
644	1.867749e+01	2.648546e+03	5.833172e+02	4.077696e+02	7.879794e+01	4.279596e+01	1.348874e+02
645	1.870650e+01	2.645685e+03	5.847260e+02	4.078753e+02	7.907106e+01	4.260207e+01	1.339469e+02
646	1.873550e+01	2.652894e+03	5.858942e+02	4.080929e+02	7.915324e+01	4.267380e+01	1.333987e+02
647	1.876450e+01	2.668065e+03	5.872427e+02	4.083185e+02	7.937132e+01	4.279992e+01	1.320257e+02
648	1.879350e+01	2.652991e+03	5.883189e+02	4.086629e+02	7.903719e+01	4.273802e+01	1.312002e+02
649	1.882251e+01	2.659291e+03	5.897960e+02	4.087603e+02	7.903628e+01	4.284000e+01	1.303904e+02
650	1.885151e+01	2.648411e+03	5.909047e+02	4.086093e+02	7.878844e+01	4.279893e+01	1.294705e+02
651	1.888051e+01	2.641766e+03	5.922536e+02	4.086415e+02	7.923717e+01	4.244978e+01	1.274786e+02
652	1.890951e+01	2.646533e+03	5.935135e+02	4.082397e+02	7.922968e+01	4.253041e+01	1.260022e+02
653	1.893852e+01	2.638221e+03	5.947034e+02	4.078891e+02	7.883760e+01	4.260768e+01	1.244101e+02
654	1.896752e+01	2.637460e+03	5.960634e+02	4.075567e+02	7.920296e+01	4.239891e+01	1.224507e+02
655	1.899652e+01	2.632119e+03	5.973423e+02	4.072945e+02	7.914770e+01	4.234258e+01	1.207463e+02
656	1.902552e+01	2.629492e+03	5.983083e+02	4.067583e+02	7.891402e+01	4.242559e+01	1.186996e+02
657	1.905452e+01	2.651737e+03	5.994338e+02	4.062857e+02	7.999656e+01	4.220551e+01	1.169302e+02
658	1.908353e+01	2.607035e+03	6.009097e+02	4.059566e+02	7.904324e+01	4.199448e+01	1.149011e+02
659	1.911253e+01	2.627656e+03	6.018675e+02	4.051794e+02	7.965692e+01	4.200057e+01	1.129144e+02
660	1.914153e+01	2.634273e+03	6.029883e+02	4.044846e+02	7.970591e+01	4.208046e+01	1.107519e+02
661	1.917053e+01	2.627708e+03	6.040915e+02	4.036676e+02	7.980695e+01	4.192243e+01	1.089086e+02
662	1.919954e+01	2.628178e+03	6.051534e+02	4.028585e+02	7.950250e+01	4.209050e+01	1.066658e+02
663	1.922854e+01	2.618939e+03	6.062243e+02	4.022242e+02	7.980057e+01	4.178587e+01	1.053103e+02
664	1.925754e+01	2.624661e+03	6.072271e+02	4.014861e+02	7.985482e+01	4.184873e+01	1.033826e+02
665	1.928654e+01	2.622858e+03	6.083820e+02	4.008016e+02	7.977171e+01	4.186354e+01	1.020191e+02
666	1.931555e+01	2.631220e+03	6.094399e+02	3.999951e+02	7.990675e+01	4.192604e+01	1.006291e+02
667	1.934455e+01	2.613845e+03	6.104608e+02	3.992148e+02	7.966976e+01	4.177307e+01	9.858054e+01
668	1.937355e+01	2.604050e+03	6.112957e+02	3.981836e+02	7.977998e+01	4.155904e+01	9.700849e+01
669	1.940255e+01	2.618026e+03	6.119791e+02	3.971369e+02	7.977896e+01	4.178263e+01	9.575568e+01
670	1.943155e+01	2.638293e+03	6.132140e+02	3.963568e+02	7.999743e+01	4.199109e+01	9.387659e+01
671	1.946056e+01	2.610279e+03	6.139944e+02	3.956563e+02	7.988085e+01	4.160585e+01	9.231424e+01
672	1.948956e+01	2.604330e+03	6.146363e+02	3.947669e+02	7.995106e+01	4.147457e+01	9.080181e+01
673	1.951856e+01	2.616274e+03	6.154710e+02	3.938652e+02	8.021439e+01	4.152800e+01	8.947668e+01
674	1.954756e+01	2.623139e+03	6.164550e+02	3.927798e+02	7.992839e+01	4.178595e+01	8.738602e+01
675	1.957657e+01	2.633602e+03	6.172180e+02	3.918170e+02	8.027298e+01	4.177253e+01	8.558035e+01
676	1.960557e+01	2.613241e+03	6.181005e+02	3.908703e+02	7.987354e+01	4.165688e+01	8.429340e+01
677	1.963457e+01	2.620432e+03	6.189037e+02	3.898126e+02	8.018227e+01	4.161066e+01	8.268161e+01
678	1.966357e+01	2.634913e+03	6.197696e+02	3.888016e+02	7.995802e+01	4.195796e+01	8.125239e+01
679	1.969258e+01	2.632047e+03	6.203019e+02	3.877616e+02	8.018179e+01	4.179535e+01	8.011288e+01
680	1.972158e+01	2.629608e+03	6.210705e+02	3.866497e+02	8.013103e+01	4.178308e+01	7.806748e+01
681	1.975058e+01	2.624849e+03	6.218553e+02	3.855609e+02	7.977214e+01	4.189510e+01	7.690690e+01
682	1.977958e+01	2.625057e+03	6.225768e+02	3.844445e+02	7.988187e+01	4.184086e+01	7.549809e+01
683	1.980858e+01	2.617482e+03	6.233276e+02	3.834455e+02	7.995764e+01	4.168060e+01	7.505515e+01
684	1.983759e+01	2.618360e+03	6.241650e+02	3.824883e+02	8.019013e+01	4.157368e+01	7.471442e+01
685	1.986659e+01	2.611525e+03	6.250487e+02	3.815667e+02	7.997420e+01	4.157712e+01	7.406314e+01
686	1.989559e+01	2.618224e+03	6.257945e+02	3.805412e+02	8.001996e+01	4.165994e+01	7.291311e+01
687	1.992459e+01	2.626096e+03	6.261992e+02	3.794905e+02	7.970045e+01	4.195271e+01	7.176954e+01
688	1.995360e+01	2.631326e+03	6.268093e+02	3.781003e+02	7.969745e+01	4.203784e+01	7.034833e+01
689	1.998260e+01	2.638988e+03	6.272703e+02	3.768889e+02	7.980428e+01	4.210380e+01	6.888539e+01
690	2.001160e+01	2.639222e+03	6.277867e+02	3.756030e+02	7.973531e+01	4.214396e+01	6.738665e+01
691	2.004060e+01	2.626797e+03	6.283201e+02	3.744958e+02	7.970705e+01	4.196043e+01	6.631606e+01
692	2.006961e+01	2.616300e+03	6.287417e+02	3.733830e+02	7.916159e+01	4.208071e+01	6.521906e+01
693	2.009861e+01	2.645288e+03	6.291117e+02	3.721087e+02	7.995547e+01	4.212451e+01	6.392126e+01
694	2.012761e+01	2.645903e+03	6.296891e+02	3.708696e+02	7.971532e+01	4.226123e+01	6.243492e+01
695	2.015661e+01	2.631476e+03	6.300694e+02	3.695397e+02	7.941377e+01	4.219041e+01	6.138985e+01
696	2.018561e+01	2.642569e+03	6.303874e+02	3.682940e+02	7.972076e+01	4.220510e+01	6.009605e+01
697	2.021462e+01	2.637145e+03	6.307943e+02	3.672137e+02	7.922095e+01	4.238422e+01	5.941672e+01
698	2.024362e+01	2.640905e+03	6.312529e+02	3.661423e+02	7.969083e+01	4.219438e+01	5.911562e+01
699	2.027262e+01	2.644470e+03	6.316501e+02	3.649219e+02	7.922121e+01	4.250180e+01	5.819411e+01
700	2.030162e+01	2.642072e+03	6.319991e+02	3.637184e+02	7.937058e+01	4.238334e+01	5.661572e+01
701	2.033063e+01	2.648804e+03	6.323173e+02	3.626353e+02	7.959997e+01	4.236889e+01	5.632456e+01
702	2.035963e+01	2.640558e+03	6.328248e+02	3.611700e+02	7.899287e+01	4.256159e+01	5.506327e+01
703	2.038863e+01	2.629795e+03	6.329432e+02	3.600475e+02	7.875334e+01	4.251704e+01	5.365850e+01
704	2.041763e+01	2.648214e+03	6.329860e+02	3.587137e+02	7.914130e+01	4.260495e+01	5.240446e+01
705	2.044664e+01	2.639662e+03	6.331619e+02	3.574592e+02	7.909921e+01	4.248996e+01	5.042484e+01
706	2.047564e+01	2.651916e+03	6.334542e+02	3.562485e+02	7.933402e+01	4.256087e+01	5.006628e+01
707	2.050464e+01	2.647482e+03	6.337686e+02	3.547219e+02	7.905722e+01	4.263848e+01	4.929433e+01
708	2.053364e+01	2.664054e+03	6.337071e+02	3.535091e+02	7.941715e+01	4.271091e+01	4.818977e+01
709	2.056265e+01	2.657982e+03	6.336751e+02	3.522853e+02	7.935323e+01	4.264789e+01	4.689859e+01
710	2.059165e+01	2.669731e+03	6.335940e+02	3.510885e+02	7.927726e+01	4.287746e+01	4.526712e+01
711	2.062065e+01	2.658453e+03	6.337359e+02	3.497664e+02	7.933955e+01	4.266280e+01	4.443198e+01
712	2.064965e+01	2.649337e+03	6.338841e+02	3.486244e+02	7.916827e+01	4.260849e+01	4.458657e+01
713	2.067865e+01	2.651214e+03	6.340590e+02	3.472460e+02	7.912128e+01	4.266400e+01	4.335600e+01
714	2.070766e+01	2.656868e+03	6.342668e+02	3.459629e+02	7.882242e+01	4.291710e+01	4.282005e+01
715	2.073666e+01	2.658595e+03	6.343489e+02	3.447181e+02	7.899720e+01	4.284998e+01	4.159691e+01
716	2.076566e+01	2.654300e+03	6.343976e+02	3.435796e+02	7.878865e+01	4.289399e+01	4.152860e+01
717	2.079466e+01	2.658764e+03	6.341019e+02	3.424079e+02	7.886808e+01	4.292286e+01	4.024380e+01
718	2.082367e+01	2.682395e+03	6.335928e+02	3.412425e+02	7.935608e+01	4.303806e+01	3.842004e+01
719	2.085267e+01	2.671818e+03	6.333029e+02	3.398741e+02	7.916319e+01	4.297280e+01	3.661383e+01
720	2.088167e+01	2.673366e+03	6.331199e+02	3.386396e+02	7.935834e+01	4.289196e+01	3.598381e+01
721	2.091067e+01	2.676959e+03	6.329531e+02	3.374623e+02	7.924925e+01	4.300873e+01	3.493466e+01
722	2.093968e+01	2.679991e+03	6.328994e+02	3.361097e+02	7.922545e+01	4.307038e+01	3.390236e+01
723	2.096868e+01	2.670740e+03	6.326047e+02	3.350992e+02	7.891520e+01	4.309045e+01	3.283565e+01
724	2.099768e+01	2.663055e+03	6.326010e+02	3.337154e+02	7.877424e+01	4.304335e+01	3.213778e+01
725	2.102668e+01	2.676246e+03	6.323368e+02	3.324217e+02	7.913784e+01	4.305782e+01	3.146369e+01
726	2.105568e+01	2.665707e+03	6.320210e+02	3.311659e+02	7.885122e+01	4.304414e+01	3.015959e+01
727	2.108469e+01	2.665858e+03	6.316281e+02	3.299101e+02	7.884589e+01	4.304950e+01	2.883828e+01
728	2.111369e+01	2.680953e+03	6.311814e+02	3.286270e+02	7.889846e+01	4.326440e+01	2.763930e+01
729	2.114269e+01	2.674415e+03	6.305526e+02	3.275949e+02	7.914293e+01	4.302559e+01	2.613050e+01
730	2.117169e+01	2.676328e+03	6.299389e+02	3.263868e+02	7.884224e+01	4.322057e+01	2.395274e+01
731	2.120070e+01	2.678319e+03	6.292020e+02	3.252746e+02	7.864635e+01	4.336045e+01	2.258970e+01
732	2.122970e+01	2.692828e+03	6.284634e+02	3.241380e+02	7.902341e+01	4.338733e+01	2.065178e+01
733	2.125870e+01	2.683134e+03	6.279498e+02	3.229703e+02	7.917170e+01	4.315016e+01	1.889637e+01
734	2.128770e+01	2.690918e+03	6.275734e+02	3.217276e+02	7.906483e+01	4.333385e+01	1.818287e+01
735	2.131671e+01	2.666103e+03	6.270783e+02	3.205241e+02	7.874428e+01	4.310902e+01	1.683426e+01
736	2.134571e+01	2.688612e+03	6.262670e+02	3.197098e+02	7.880046e+01	4.344197e+01	1.522198e+01
737	2.137471e+01	2.684727e+03	6.252078e+02	3.175281e+02	7.942067e+01	4.304044e+01	1.232679e+01
738	2.140371e+01	2.695099e+03	6.243901e+02	3.164978e+02	7.899089e+01	4.344180e+01	1.081800e+01
739	2.143271e+01	2.708028e+03	6.236200e+02	3.155059e+02	7.945126e+01	4.339728e+01	9.244785e+00
740	2.146172e+01	2.690580e+03	6.229711e+02	3.146855e+02	7.906068e+01	4.333068e+01	7.296278e+00
741	2.149072e+01	2.694830e+03	6.221346e+02	3.137171e+02	7.910278e+01	4.337602e+01	5.667247e+00
742	2.151972e+01	2.704964e+03	6.211570e+02	3.128441e+02	7.905893e+01	4.356329e+01	3.501279e+00
743	2.154872e+01	2.696070e+03	6.199717e+02	3.121607e+02	7.898575e+01	4.346028e+01	1.186740e+00
744	2.157773e+01	2.709196e+03	6.187878e+02	3.116077e+02	7.949287e+01	4.339327e+01	1.790815e+02
745	2.160673e+01	2.700826e+03	6.177087e+02	3.108600e+02	7.920927e+01	4.341409e+01	1.767434e+02
746	2.163573e+01	2.694197e+03	6.166201e+02	3.101692e+02	7.878350e+01	4.354158e+01	1.742419e+02
747	2.166473e+01	2.695399e+03	6.154730e+02	3.097817e+02	7.927448e+01	4.329122e+01	1.721420e+02
748	2.169374e+01	2.698852e+03	6.143083e+02	3.093147e+02	7.904390e+01	4.347313e+01	1.692213e+02
749	2.172274e+01	2.700956e+03	6.131386e+02	3.087158e+02	7.911443e+01	4.346822e+01	1.672722e+02
750	2.175174e+01	2.690580e+03	6.120673e+02	3.083212e+02	7.915397e+01	4.327962e+01	1.653549e+02
751	2.178074e+01	2.696454e+03	6.108936e+02	3.077081e+02	7.891942e+01	4.350301e+01	1.627962e+02
752	2.180974e+01	2.715862e+03	6.097206e+02	3.072549e+02	7.931590e+01	4.359710e+01	1.606467e+02
753	2.183875e+01	2.708214e+03	6.085202e+02	3.069885e+02	7.924866e+01	4.351120e+01	1.584807e+02
754	2.186775e+01	2.715382e+03	6.072780e+02	3.067831e+02	7.896844e+01	4.378119e+01	1.560220e+02
755	2.189675e+01	2.697090e+03	6.059638e+02	3.066520e+02	7.898569e+01	4.347676e+01	1.533842e+02
756	2.192575e+01	2.706009e+03	6.046003e+02	3.065140e+02	7.950143e+01	4.333755e+01	1.500551e+02
757	2.195476e+01	2.709489e+03	6.033208e+02	3.067203e+02	7.923145e+01	4.354115e+01	1.476850e+02
758	2.198376e+01	2.697441e+03	6.020851e+02	3.069138e+02	7.879849e+01	4.358572e+01	1.447780e+02
759	2.201276e+01	2.700017e+03	6.009195e+02	3.070399e+02	7.920019e+01	4.340607e+01	1.421440e+02
760	2.204176e+01	2.695793e+03	5.997035e+02	3.074108e+02	7.933958e+01	4.326201e+01	1.394615e+02
761	2.207077e+01	2.698299e+03	5.986023e+02	3.078804e+02	7.939333e+01	4.327292e+01	1.364462e+02
762	2.209977e+01	2.684290e+03	5.973437e+02	3.082840e+02	7.916180e+01	4.317417e+01	1.339748e+02
763	2.212877e+01	2.682287e+03	5.961017e+02	3.085488e+02	7.924132e+01	4.309865e+01	1.315170e+02
764	2.215777e+01	2.689895e+03	5.949185e+02	3.089753e+02	7.945314e+01	4.310567e+01	1.289486e+02
765	2.218677e+01	2.686417e+03	5.914015e+02	3.106675e+02	7.923185e+01	4.317017e+01	1.215961e+02
766	2.221578e+01	2.699685e+03	5.901697e+02	3.112440e+02	7.961171e+01	4.317639e+01	1.195901e+02
767	2.224478e+01	2.688615e+03	5.889736e+02	3.119088e+02	7.987862e+01	4.285566e+01	1.171599e+02
768	2.227378e+01	2.682438e+03	5.877940e+02	3.125732e+02	7.984418e+01	4.277565e+01	1.148949e+02
769	2.230278e+01	2.671101e+03	5.868740e+02	3.134545e+02	7.958424e+01	4.273398e+01	1.125244e+02
770	2.233179e+01	2.681921e+03	5.857898e+02	3.142283e+02	7.992408e+01	4.272465e+01	1.100936e+02
771	2.236079e+01	2.674634e+03	5.847464e+02	3.150780e+02	7.958932e+01	4.278778e+01	1.082105e+02
772	2.238979e+01	2.661558e+03	5.837079e+02	3.159426e+02	7.981301e+01	4.245925e+01	1.063924e+02
773	2.241879e+01	2.674386e+03	5.826616e+02	3.168244e+02	8.006509e+01	4.252958e+01	1.044843e+02
774	2.244780e+01	2.665144e+03	5.818190e+02	3.178034e+02	8.005937e+01	4.238562e+01	1.028506e+02
775	2.247680e+01	2.660182e+03	5.808895e+02	3.187991e+02	7.986131e+01	4.241163e+01	1.010127e+02
776	2.250580e+01	2.658732e+03	5.800468e+02	3.197455e+02	8.002266e+01	4.230304e+01	9.890555e+01
777	2.253480e+01	2.638570e+03	5.790905e+02	3.207456e+02	7.949354e+01	4.226170e+01	9.660939e+01
778	2.256381e+01	2.661177e+03	5.784331e+02	3.218118e+02	8.039996e+01	4.214325e+01	9.483650e+01
779	2.259281e+01	2.660849e+03	5.774761e+02	3.228832e+02	8.023196e+01	4.222629e+01	9.291486e+01
780	2.262181e+01	2.658421e+03	5.766024e+02	3.239781e+02	8.014656e+01	4.223272e+01	9.101633e+01
781	2.265081e+01	2.666476e+03	5.756583e+02	3.250927e+02	8.020293e+01	4.233091e+01	8.886535e+01
782	2.267981e+01	2.657843e+03	5.749557e+02	3.260844e+02	8.009912e+01	4.224854e+01	8.782452e+01
783	2.270882e+01	2.670426e+03	5.739186e+02	3.271579e+02	8.059759e+01	4.218602e+01	8.641635e+01
784	2.273782e+01	2.669974e+03	5.734245e+02	3.283004e+02	8.041530e+01	4.227450e+01	8.405436e+01
785	2.276682e+01	2.650231e+03	5.730045e+02	3.295803e+02	8.011468e+01	4.211937e+01	8.247118e+01
786	2.279582e+01	2.664764e+03	5.723083e+02	3.309601e+02	8.027373e+01	4.226641e+01	8.038347e+01
787	2.282483e+01	2.650866e+03	5.719427e+02	3.320459e+02	8.026756e+01	4.204921e+01	7.844711e+01
788	2.285383e+01	2.657510e+03	5.713402e+02	3.334690e+02	8.044811e+01	4.205999e+01	7.676236e+01
789	2.288283e+01	2.663462e+03	5.707721e+02	3.347269e+02	8.030988e+01	4.222675e+01	7.530593e+01
790	2.291183e+01	2.668913e+03	5.704137e+02	3.360317e+02	8.024621e+01	4.234674e+01	7.310117e+01
791	2.294084e+01	2.649817e+03	5.700919e+02	3.373525e+02	7.990982e+01	4.222074e+01	7.176444e+01
792	2.296984e+01	2.665178e+03	5.694469e+02	3.385391e+02	8.000739e+01	4.241370e+01	6.986156e+01
793	2.299884e+01	2.665411e+03	5.692001e+02	3.396719e+02	8.037733e+01	4.222219e+01	6.844907e+01
794	2.302784e+01	2.657990e+03	5.689464e+02	3.409975e+02	7.969463e+01	4.246532e+01	6.704848e+01
795	2.305684e+01	2.673305e+03	5.687706e+02	3.424316e+02	7.990634e+01	4.259684e+01	6.462051e+01
796	2.308585e+01	2.671869e+03	5.685767e+02	3.436028e+02	7.986703e+01	4.259491e+01	6.283411e+01
797	2.311485e+01	2.665801e+03	5.686577e+02	3.449066e+02	7.965395e+01	4.261187e+01	6.026817e+01
798	2.314385e+01	2.665896e+03	5.688343e+02	3.463178e+02	7.947660e+01	4.270847e+01	5.824226e+01
799	2.317285e+01	2.673974e+03	5.689842e+02	3.477035e+02	7.963899e+01	4.275053e+01	5.562155e+01
