1	2.885170e-02	2.643412e+03	4.205820e+02	3.667343e+02	7.906110e+01	4.257084e+01	1.544574e+02
2	5.770340e-02	2.634065e+03	4.202585e+02	3.679311e+02	7.895153e+01	4.247918e+01	1.582335e+02
3	8.655511e-02	2.643798e+03	4.198997e+02	3.692336e+02	7.917844e+01	4.251395e+01	1.614797e+02
4	1.154068e-01	2.623385e+03	4.192494e+02	3.702238e+02	7.923768e+01	4.215416e+01	1.654724e+02
5	1.442585e-01	2.629814e+03	4.187168e+02	3.712867e+02	7.887959e+01	4.244930e+01	1.687178e+02
6	1.731102e-01	2.630715e+03	4.180979e+02	3.721192e+02	7.875509e+01	4.253098e+01	1.723996e+02
7	2.019619e-01	2.634150e+03	4.173221e+02	3.731581e+02	7.843291e+01	4.276144e+01	1.764727e+02
8	2.308136e-01	2.640810e+03	4.165294e+02	3.740866e+02	7.879368e+01	4.267326e+01	1.795446e+02
9	2.596653e-01	2.622906e+03	4.155804e+02	3.749590e+02	7.859811e+01	4.248941e+01	3.593506e+00
10	2.885170e-01	2.621160e+03	4.146537e+02	3.756716e+02	7.856799e+01	4.247741e+01	6.832461e+00
11	3.173687e-01	2.620199e+03	4.138643e+02	3.764892e+02	7.860994e+01	4.243917e+01	1.046956e+01
12	3.462204e-01	2.609687e+03	4.127148e+02	3.772011e+02	7.835976e+01	4.240386e+01	1.397789e+01
13	3.750721e-01	2.626830e+03	4.117582e+02	3.777787e+02	7.875372e+01	4.246890e+01	1.787157e+01
14	4.039238e-01	2.625920e+03	4.107227e+02	3.783134e+02	7.853738e+01	4.257113e+01	2.149469e+01
15	4.327755e-01	2.642328e+03	4.096588e+02	3.786452e+02	7.907252e+01	4.254723e+01	2.538932e+01
16	4.616272e-01	2.608998e+03	4.085331e+02	3.790742e+02	7.825787e+01	4.244786e+01	2.896434e+01
17	4.904789e-01	2.623926e+03	4.075601e+02	3.793253e+02	7.875942e+01	4.241888e+01	3.248176e+01
18	5.193306e-01	2.615232e+03	4.064019e+02	3.795548e+02	7.851568e+01	4.240958e+01	3.667252e+01
19	5.481823e-01	2.608124e+03	4.052140e+02	3.797449e+02	7.843468e+01	4.233799e+01	4.013381e+01
20	5.770340e-01	2.610937e+03	4.040464e+02	3.797914e+02	7.848907e+01	4.235427e+01	4.387348e+01
21	6.058857e-01	2.597678e+03	4.029677e+02	3.797868e+02	7.839701e+01	4.218868e+01	4.760806e+01
22	6.347374e-01	2.592860e+03	4.017411e+02	3.798833e+02	7.866936e+01	4.196464e+01	5.106800e+01
23	6.635892e-01	2.605983e+03	4.006939e+02	3.796402e+02	7.914448e+01	4.192384e+01	5.481523e+01
24	6.924409e-01	2.599426e+03	3.995421e+02	3.794694e+02	7.921716e+01	4.177999e+01	5.804851e+01
25	7.212926e-01	2.610633e+03	3.984312e+02	3.790303e+02	7.920056e+01	4.196890e+01	6.168771e+01
26	7.501443e-01	2.601426e+03	3.971464e+02	3.789047e+02	7.941033e+01	4.171042e+01	6.505513e+01
27	7.789960e-01	2.602964e+03	3.961266e+02	3.784176e+02	7.948112e+01	4.169791e+01	6.828328e+01
28	8.078477e-01	2.601542e+03	3.948818e+02	3.779763e+02	7.945621e+01	4.168819e+01	7.204473e+01
29	8.366994e-01	2.614993e+03	3.940702e+02	3.774462e+02	7.984914e+01	4.169754e+01	7.538068e+01
30	8.655511e-01	2.592024e+03	3.929822e+02	3.768136e+02	7.948310e+01	4.152163e+01	7.862516e+01
31	8.944028e-01	2.604974e+03	3.918831e+02	3.761240e+02	7.973605e+01	4.159669e+01	8.215021e+01
32	9.232545e-01	2.587774e+03	3.910664e+02	3.753646e+02	7.956879e+01	4.140890e+01	8.558851e+01
33	9.521062e-01	2.604875e+03	3.901065e+02	3.746128e+02	7.971214e+01	4.160759e+01	8.840938e+01
34	9.809579e-01	2.603372e+03	3.892881e+02	3.737912e+02	7.949997e+01	4.169456e+01	9.173553e+01
35	1.009810e+00	2.616914e+03	3.884670e+02	3.729187e+02	8.011369e+01	4.159037e+01	9.529249e+01
36	1.038661e+00	2.613761e+03	3.877798e+02	3.720110e+02	8.012035e+01	4.153681e+01	9.837595e+01
37	1.067513e+00	2.620043e+03	3.872016e+02	3.710790e+02	7.971656e+01	4.184755e+01	1.018732e+02
38	1.096365e+00	2.629197e+03	3.864355e+02	3.700467e+02	7.945250e+01	4.213332e+01	1.050548e+02
39	1.125216e+00	2.631447e+03	3.862144e+02	3.691297e+02	7.994151e+01	4.191142e+01	1.087644e+02
40	1.154068e+00	2.617062e+03	3.855620e+02	3.679811e+02	7.927624e+01	4.203209e+01	1.118547e+02
41	1.182920e+00	2.633846e+03	3.850988e+02	3.668184e+02	7.942699e+01	4.222137e+01	1.155670e+02
42	1.211771e+00	2.629379e+03	3.847309e+02	3.659151e+02	7.926746e+01	4.223460e+01	1.186373e+02
43	1.240623e+00	2.623336e+03	3.844220e+02	3.648522e+02	7.899029e+01	4.228539e+01	1.215824e+02
44	1.269475e+00	2.630873e+03	3.842838e+02	3.636540e+02	7.937155e+01	4.220318e+01	1.252166e+02
45	1.298327e+00	2.625605e+03	3.841474e+02	3.625047e+02	7.911294e+01	4.225636e+01	1.288690e+02
46	1.327178e+00	2.643836e+03	3.840567e+02	3.614252e+02	7.915048e+01	4.252958e+01	1.325173e+02
47	1.356030e+00	2.634167e+03	3.841169e+02	3.602036e+02	7.909525e+01	4.240363e+01	1.357068e+02
48	1.384882e+00	2.628853e+03	3.839613e+02	3.589841e+02	7.870612e+01	4.252731e+01	1.393269e+02
49	1.413733e+00	2.647847e+03	3.841374e+02	3.578727e+02	7.932030e+01	4.250291e+01	1.429331e+02
50	1.442585e+00	2.623612e+03	3.843965e+02	3.569231e+02	7.887457e+01	4.235189e+01	1.463322e+02
51	1.471437e+00	2.642258e+03	3.846046e+02	3.556277e+02	7.901907e+01	4.257488e+01	1.498216e+02
52	1.500289e+00	2.647002e+03	3.848716e+02	3.544673e+02	7.901061e+01	4.265589e+01	1.536442e+02
53	1.529140e+00	2.651640e+03	3.851611e+02	3.533639e+02	7.892251e+01	4.277832e+01	1.569062e+02
54	1.557992e+00	2.647179e+03	3.857844e+02	3.523719e+02	7.891972e+01	4.270786e+01	1.605948e+02
55	1.586844e+00	2.657666e+03	3.862826e+02	3.511765e+02	7.874738e+01	4.297090e+01	1.644290e+02
56	1.615695e+00	2.647919e+03	3.868211e+02	3.502485e+02	7.896777e+01	4.269382e+01	1.678771e+02
57	1.644547e+00	2.639126e+03	3.874158e+02	3.492967e+02	7.892101e+01	4.257726e+01	1.712992e+02
58	1.673399e+00	2.647609e+03	3.881751e+02	3.481977e+02	7.851859e+01	4.293303e+01	1.746679e+02
59	1.702250e+00	2.632844e+03	3.888146e+02	3.473569e+02	7.837095e+01	4.277402e+01	1.774875e+02
60	1.731102e+00	2.645685e+03	3.897283e+02	3.463375e+02	7.830228e+01	4.302033e+01	1.218200e+00
61	1.759954e+00	2.653135e+03	3.907260e+02	3.454937e+02	7.895724e+01	4.278362e+01	4.703716e+00
62	1.788806e+00	2.629144e+03	3.915859e+02	3.447431e+02	7.850696e+01	4.263991e+01	8.028870e+00
63	1.817657e+00	2.634900e+03	3.925702e+02	3.441679e+02	7.847000e+01	4.275339e+01	1.193988e+01
64	1.846509e+00	2.630003e+03	3.937316e+02	3.433699e+02	7.852256e+01	4.264538e+01	1.569637e+01
65	1.875361e+00	2.641843e+03	3.947475e+02	3.428401e+02	7.862659e+01	4.278069e+01	1.921188e+01
66	1.904212e+00	2.638192e+03	3.959561e+02	3.424265e+02	7.827730e+01	4.291220e+01	2.263385e+01
67	1.933064e+00	2.649746e+03	3.972213e+02	3.420425e+02	7.880569e+01	4.281115e+01	2.630224e+01
68	1.961916e+00	2.650150e+03	3.984332e+02	3.417995e+02	7.885486e+01	4.279097e+01	3.004410e+01
69	1.990767e+00	2.642079e+03	3.997025e+02	3.413489e+02	7.872044e+01	4.273349e+01	3.336222e+01
70	2.019619e+00	2.642984e+03	4.009006e+02	3.413350e+02	7.889556e+01	4.265325e+01	3.649958e+01
71	2.048471e+00	2.628107e+03	4.021365e+02	3.413408e+02	7.864331e+01	4.254920e+01	4.022032e+01
72	2.077323e+00	2.655614e+03	4.035650e+02	3.413568e+02	7.924252e+01	4.266942e+01	4.413921e+01
73	2.106174e+00	2.635081e+03	4.047775e+02	3.414224e+02	7.863231e+01	4.266808e+01	4.769483e+01
74	2.135026e+00	2.637328e+03	4.061784e+02	3.416448e+02	7.899271e+01	4.250962e+01	5.053405e+01
75	2.163878e+00	2.646385e+03	4.075282e+02	3.418788e+02	7.949876e+01	4.238408e+01	5.385367e+01
76	2.192729e+00	2.627613e+03	4.113291e+02	3.435033e+02	7.933365e+01	4.217102e+01	6.382493e+01
77	2.221581e+00	2.634158e+03	4.125764e+02	3.441591e+02	7.961048e+01	4.212905e+01	6.682909e+01
78	2.250433e+00	2.630724e+03	4.137051e+02	3.449416e+02	7.963419e+01	4.206160e+01	7.008150e+01
79	2.279284e+00	2.628224e+03	4.148845e+02	3.457698e+02	7.967052e+01	4.200246e+01	7.301471e+01
80	2.308136e+00	2.611715e+03	4.157586e+02	3.467916e+02	7.921986e+01	4.197607e+01	7.640055e+01
81	2.336988e+00	2.617831e+03	4.171079e+02	3.475665e+02	7.981522e+01	4.176054e+01	7.959162e+01
82	2.365840e+00	2.628357e+03	4.181812e+02	3.483720e+02	7.996974e+01	4.184743e+01	8.203136e+01
83	2.394691e+00	2.625616e+03	4.192623e+02	3.493010e+02	7.965829e+01	4.196723e+01	8.486716e+01
84	2.423543e+00	2.607019e+03	4.201053e+02	3.505567e+02	7.916866e+01	4.192769e+01	8.847626e+01
85	2.452395e+00	2.614841e+03	4.211408e+02	3.514536e+02	7.956916e+01	4.184183e+01	9.121951e+01
86	2.481246e+00	2.619275e+03	4.220926e+02	3.524199e+02	7.940612e+01	4.199884e+01	9.458100e+01
87	2.510098e+00	2.617737e+03	4.228148e+02	3.535662e+02	7.935808e+01	4.199959e+01	9.783784e+01
88	2.538950e+00	2.604017e+03	4.235155e+02	3.546198e+02	7.903131e+01	4.195220e+01	1.010782e+02
89	2.567802e+00	2.611644e+03	4.240707e+02	3.557729e+02	7.893493e+01	4.212644e+01	1.045498e+02
90	2.596653e+00	2.630745e+03	4.248811e+02	3.570756e+02	7.951314e+01	4.212598e+01	1.072968e+02
91	2.625505e+00	2.633233e+03	4.254006e+02	3.583825e+02	7.938915e+01	4.223166e+01	1.102368e+02
92	2.654357e+00	2.625023e+03	4.258089e+02	3.596060e+02	7.919556e+01	4.220292e+01	1.139721e+02
93	2.683208e+00	2.619744e+03	4.261848e+02	3.610042e+02	7.911543e+01	4.216070e+01	1.171217e+02
94	2.712060e+00	2.617183e+03	4.266735e+02	3.623061e+02	7.900358e+01	4.217912e+01	1.201539e+02
95	2.740912e+00	2.631308e+03	4.268771e+02	3.636372e+02	7.925900e+01	4.227010e+01	1.232885e+02
96	2.769763e+00	2.608399e+03	4.269759e+02	3.649182e+02	7.908689e+01	4.199327e+01	1.267938e+02
97	2.798615e+00	2.628424e+03	4.274187e+02	3.663936e+02	7.926604e+01	4.222002e+01	1.297660e+02
98	2.827467e+00	2.636435e+03	4.274820e+02	3.678524e+02	7.929810e+01	4.233158e+01	1.330718e+02
99	2.856319e+00	2.629804e+03	4.274762e+02	3.691209e+02	7.917799e+01	4.228915e+01	1.365486e+02
100	2.885170e+00	2.627879e+03	4.274948e+02	3.703690e+02	7.875369e+01	4.248587e+01	1.400592e+02
101	2.914022e+00	2.627561e+03	4.272818e+02	3.717517e+02	7.917880e+01	4.225266e+01	1.428943e+02
102	2.942874e+00	2.639452e+03	4.272156e+02	3.729806e+02	7.905855e+01	4.250843e+01	1.464241e+02
103	2.971725e+00	2.643687e+03	4.269092e+02	3.743223e+02	7.909929e+01	4.255471e+01	1.496072e+02
104	3.000577e+00	2.643453e+03	4.265631e+02	3.756378e+02	7.915753e+01	4.251962e+01	1.531042e+02
105	3.029429e+00	2.639640e+03	4.259825e+02	3.769109e+02	7.921428e+01	4.242789e+01	1.564279e+02
106	3.058280e+00	2.626026e+03	4.253708e+02	3.781111e+02	7.892017e+01	4.236636e+01	1.592854e+02
107	3.087132e+00	2.617740e+03	4.247541e+02	3.793648e+02	7.918660e+01	4.209058e+01	1.632961e+02
108	3.115984e+00	2.622651e+03	4.242462e+02	3.803758e+02	7.884591e+01	4.235175e+01	1.665331e+02
109	3.144836e+00	2.625489e+03	4.235958e+02	3.813661e+02	7.860049e+01	4.252998e+01	1.701449e+02
110	3.173687e+00	2.618138e+03	4.228653e+02	3.826058e+02	7.870776e+01	4.235309e+01	1.734941e+02
111	3.202539e+00	2.615516e+03	4.219627e+02	3.835497e+02	7.881932e+01	4.225079e+01	1.769639e+02
112	3.231391e+00	2.635787e+03	4.211779e+02	3.844173e+02	7.863947e+01	4.267563e+01	8.898550e-01
113	3.260242e+00	2.633844e+03	4.203922e+02	3.851032e+02	7.864572e+01	4.264078e+01	4.570035e+00
114	3.289094e+00	2.624039e+03	4.194301e+02	3.859789e+02	7.859744e+01	4.250813e+01	7.893734e+00
115	3.317946e+00	2.618549e+03	4.183067e+02	3.867941e+02	7.854147e+01	4.244942e+01	1.164317e+01
116	3.346797e+00	2.624787e+03	4.173697e+02	3.872538e+02	7.833341e+01	4.266356e+01	1.575429e+01
117	3.375649e+00	2.623116e+03	4.163196e+02	3.878835e+02	7.871535e+01	4.242953e+01	1.920815e+01
118	3.404501e+00	2.617895e+03	4.150939e+02	3.884546e+02	7.820956e+01	4.261892e+01	2.279432e+01
119	3.433353e+00	2.626570e+03	4.140540e+02	3.888878e+02	7.864989e+01	4.252076e+01	2.619194e+01
120	3.462204e+00	2.635968e+03	4.127995e+02	3.893251e+02	7.846408e+01	4.277395e+01	3.040278e+01
121	3.491056e+00	2.641249e+03	4.117122e+02	3.895567e+02	7.893213e+01	4.260549e+01	3.373641e+01
122	3.519908e+00	2.631762e+03	4.105281e+02	3.898428e+02	7.888786e+01	4.247629e+01	3.754113e+01
123	3.548759e+00	2.630558e+03	4.093313e+02	3.898613e+02	7.910052e+01	4.234270e+01	4.108301e+01
124	3.577611e+00	2.620524e+03	4.081395e+02	3.899861e+02	7.873392e+01	4.237760e+01	4.464758e+01
125	3.606463e+00	2.615966e+03	4.068437e+02	3.899153e+02	7.872547e+01	4.230843e+01	4.865083e+01
126	3.635314e+00	2.610598e+03	4.056941e+02	3.899504e+02	7.868861e+01	4.224139e+01	5.147966e+01
127	3.664166e+00	2.628322e+03	4.048179e+02	3.899126e+02	7.900204e+01	4.235945e+01	5.394641e+01
128	3.693018e+00	2.621466e+03	4.036766e+02	3.897810e+02	7.905363e+01	4.222139e+01	5.764695e+01
129	3.721870e+00	2.626487e+03	4.026452e+02	3.893984e+02	7.947780e+01	4.207648e+01	6.101463e+01
130	3.750721e+00	2.620344e+03	4.014588e+02	3.890547e+02	7.946675e+01	4.198392e+01	6.445546e+01
131	3.779573e+00	2.614141e+03	4.004923e+02	3.885666e+02	7.939411e+01	4.192286e+01	6.812387e+01
132	3.808425e+00	2.628232e+03	3.991771e+02	3.880873e+02	7.994091e+01	4.186053e+01	7.119340e+01
133	3.837276e+00	2.602880e+03	3.982648e+02	3.875627e+02	7.952138e+01	4.167545e+01	7.462267e+01
134	3.866128e+00	2.630641e+03	3.971299e+02	3.869353e+02	7.984867e+01	4.194730e+01	7.814736e+01
135	3.894980e+00	2.610681e+03	3.960793e+02	3.863415e+02	7.951758e+01	4.180235e+01	8.140670e+01
136	3.923832e+00	2.625763e+03	3.952504e+02	3.856231e+02	7.975349e+01	4.191949e+01	8.455718e+01
137	3.952683e+00	2.612412e+03	3.943313e+02	3.847886e+02	8.000047e+01	4.157758e+01	8.781250e+01
138	3.981535e+00	2.621811e+03	3.934428e+02	3.840045e+02	7.961800e+01	4.192762e+01	9.129324e+01
139	4.010387e+00	2.616977e+03	3.925781e+02	3.831316e+02	8.003973e+01	4.162981e+01	9.452669e+01
140	4.039238e+00	2.622595e+03	3.918657e+02	3.822804e+02	7.969335e+01	4.190050e+01	9.807552e+01
141	4.068090e+00	2.632977e+03	3.911304e+02	3.811982e+02	7.994650e+01	4.193317e+01	1.015740e+02
142	4.096942e+00	2.628680e+03	3.906004e+02	3.802595e+02	7.969607e+01	4.199630e+01	1.048289e+02
143	4.125793e+00	2.620520e+03	3.900055e+02	3.791373e+02	7.950797e+01	4.196497e+01	1.083012e+02
144	4.154645e+00	2.627819e+03	3.894857e+02	3.780197e+02	7.944553e+01	4.211494e+01	1.115369e+02
145	4.183497e+00	2.644230e+03	3.890770e+02	3.769456e+02	7.945270e+01	4.237411e+01	1.151674e+02
146	4.212349e+00	2.632730e+03	3.888563e+02	3.759468e+02	7.943723e+01	4.219805e+01	1.182707e+02
147	4.241200e+00	2.638759e+03	3.884654e+02	3.747854e+02	7.918506e+01	4.242936e+01	1.216964e+02
148	4.270052e+00	2.638142e+03	3.883980e+02	3.736238e+02	7.915929e+01	4.243326e+01	1.252195e+02
149	4.298904e+00	2.648822e+03	3.881522e+02	3.723719e+02	7.914139e+01	4.261468e+01	1.287128e+02
150	4.327755e+00	2.646411e+03	3.881738e+02	3.713156e+02	7.910477e+01	4.259560e+01	1.322243e+02
151	4.356607e+00	2.660357e+03	3.881350e+02	3.700742e+02	7.923692e+01	4.274866e+01	1.358119e+02
152	4.385459e+00	2.660719e+03	3.880445e+02	3.687564e+02	7.922746e+01	4.275957e+01	1.391688e+02
153	4.414310e+00	2.640963e+03	3.882548e+02	3.676452e+02	7.860458e+01	4.277840e+01	1.427126e+02
154	4.443162e+00	2.662851e+03	3.883599e+02	3.663255e+02	7.913743e+01	4.284253e+01	1.463747e+02
155	4.472014e+00	2.655247e+03	3.887546e+02	3.652686e+02	7.892963e+01	4.283265e+01	1.498986e+02
156	4.500866e+00	2.653690e+03	3.890138e+02	3.640217e+02	7.906265e+01	4.273552e+01	1.534819e+02
157	4.529717e+00	2.650040e+03	3.893768e+02	3.629032e+02	7.890686e+01	4.276099e+01	1.573326e+02
158	4.558569e+00	2.671618e+03	3.898654e+02	3.617878e+02	7.897852e+01	4.307006e+01	1.606828e+02
159	4.587421e+00	2.655868e+03	3.903805e+02	3.608364e+02	7.896188e+01	4.282517e+01	1.641367e+02
160	4.616272e+00	2.650057e+03	3.911332e+02	3.597110e+02	7.904537e+01	4.268634e+01	1.678476e+02
161	4.645124e+00	2.645119e+03	3.917473e+02	3.587764e+02	7.896825e+01	4.264841e+01	1.714050e+02
162	4.673976e+00	2.659062e+03	3.924650e+02	3.578655e+02	7.880406e+01	4.296255e+01	1.751422e+02
163	4.702827e+00	2.649114e+03	3.933206e+02	3.568436e+02	7.892466e+01	4.273642e+01	1.784543e+02
164	4.731679e+00	2.648748e+03	3.941337e+02	3.561441e+02	7.876740e+01	4.281582e+01	1.770382e+00
165	4.760531e+00	2.659612e+03	3.952306e+02	3.551043e+02	7.896431e+01	4.288422e+01	5.914513e+00
166	4.789383e+00	2.652063e+03	3.961214e+02	3.544442e+02	7.896635e+01	4.276140e+01	9.366803e+00
167	4.818234e+00	2.665887e+03	3.972280e+02	3.536211e+02	7.902026e+01	4.295496e+01	1.324634e+01
168	4.847086e+00	2.659152e+03	3.981230e+02	3.530862e+02	7.841308e+01	4.317823e+01	1.639032e+01
169	4.875938e+00	2.663029e+03	3.992387e+02	3.525819e+02	7.888808e+01	4.298081e+01	2.014313e+01
170	4.904789e+00	2.656395e+03	4.004394e+02	3.521045e+02	7.887320e+01	4.288183e+01	2.399269e+01
171	4.933641e+00	2.662379e+03	4.016786e+02	3.514114e+02	7.890910e+01	4.295888e+01	2.707778e+01
172	4.962493e+00	2.671622e+03	4.027851e+02	3.511339e+02	7.907567e+01	4.301721e+01	3.072141e+01
173	4.991344e+00	2.655609e+03	4.040910e+02	3.509050e+02	7.902163e+01	4.278861e+01	3.414055e+01
174	5.020196e+00	2.654066e+03	4.054386e+02	3.508433e+02	7.929153e+01	4.261818e+01	3.774001e+01
175	5.049048e+00	2.650355e+03	4.067543e+02	3.508087e+02	7.892430e+01	4.275663e+01	4.104757e+01
176	5.077900e+00	2.646587e+03	4.081751e+02	3.510048e+02	7.888912e+01	4.271489e+01	4.454289e+01
177	5.106751e+00	2.659118e+03	4.096155e+02	3.510180e+02	7.886018e+01	4.293287e+01	4.724530e+01
178	5.135603e+00	2.643696e+03	4.109376e+02	3.514327e+02	7.923995e+01	4.247931e+01	5.095309e+01
179	5.164455e+00	2.641056e+03	4.121502e+02	3.516950e+02	7.928299e+01	4.241385e+01	5.398759e+01
180	5.193306e+00	2.634399e+03	4.132943e+02	3.519321e+02	7.923200e+01	4.233418e+01	5.764391e+01
181	5.222158e+00	2.640913e+03	4.145128e+02	3.523059e+02	7.926823e+01	4.241946e+01	6.145926e+01
182	5.251010e+00	2.625690e+03	4.156523e+02	3.525864e+02	7.878942e+01	4.243124e+01	6.471294e+01
183	5.279862e+00	2.624060e+03	4.166407e+02	3.530338e+02	7.881981e+01	4.238854e+01	6.832890e+01
184	5.308713e+00	2.618304e+03	4.179514e+02	3.534517e+02	7.931216e+01	4.203300e+01	7.141714e+01
185	5.337565e+00	2.621718e+03	4.188794e+02	3.541649e+02	7.920544e+01	4.214451e+01	7.490328e+01
186	5.366417e+00	2.628178e+03	4.199710e+02	3.546986e+02	7.930762e+01	4.219394e+01	7.837804e+01
187	5.395268e+00	2.611155e+03	4.208145e+02	3.555191e+02	7.924414e+01	4.195422e+01	8.162008e+01
188	5.424120e+00	2.611112e+03	4.218176e+02	3.562666e+02	7.934437e+01	4.190053e+01	8.473044e+01
189	5.452972e+00	2.645385e+03	4.229547e+02	3.571490e+02	8.009328e+01	4.205358e+01	8.785251e+01
190	5.481823e+00	2.609345e+03	4.239267e+02	3.580627e+02	7.914301e+01	4.197870e+01	9.131886e+01
191	5.510675e+00	2.608007e+03	4.245943e+02	3.591769e+02	7.936825e+01	4.183812e+01	9.454451e+01
192	5.539527e+00	2.622027e+03	4.256321e+02	3.603030e+02	7.971408e+01	4.188054e+01	9.756815e+01
193	5.568379e+00	2.613554e+03	4.262404e+02	3.614984e+02	7.967744e+01	4.176440e+01	1.006996e+02
194	5.597230e+00	2.621247e+03	4.269975e+02	3.626076e+02	7.971642e+01	4.186685e+01	1.035624e+02
195	5.626082e+00	2.621744e+03	4.273289e+02	3.638546e+02	7.935253e+01	4.206681e+01	1.074162e+02
196	5.654934e+00	2.620037e+03	4.279553e+02	3.651849e+02	7.942875e+01	4.199908e+01	1.102771e+02
197	5.683785e+00	2.611608e+03	4.284169e+02	3.663765e+02	7.933335e+01	4.191430e+01	1.135829e+02
198	5.712637e+00	2.644670e+03	4.289977e+02	3.675795e+02	7.964288e+01	4.227996e+01	1.168072e+02
199	5.741489e+00	2.624259e+03	4.291148e+02	3.688274e+02	7.902328e+01	4.228260e+01	1.208244e+02
200	5.770340e+00	2.630453e+03	4.294888e+02	3.700397e+02	7.928477e+01	4.224261e+01	1.236541e+02
201	5.799192e+00	2.612915e+03	4.296942e+02	3.713078e+02	7.872178e+01	4.226107e+01	1.272181e+02
202	5.828044e+00	2.637782e+03	4.299118e+02	3.725755e+02	7.930793e+01	4.234795e+01	1.302843e+02
203	5.856896e+00	2.635232e+03	4.301127e+02	3.740098e+02	7.904056e+01	4.245013e+01	1.340124e+02
204	5.885747e+00	2.638603e+03	4.299349e+02	3.751537e+02	7.910264e+01	4.247107e+01	1.371037e+02
205	5.914599e+00	2.637866e+03	4.299623e+02	3.764865e+02	7.917041e+01	4.242287e+01	1.406942e+02
206	5.943451e+00	2.633347e+03	4.297876e+02	3.776361e+02	7.914664e+01	4.236291e+01	1.437363e+02
207	5.972302e+00	2.636749e+03	4.296324e+02	3.790419e+02	7.928965e+01	4.234113e+01	1.475712e+02
208	6.001154e+00	2.628309e+03	4.290901e+02	3.799602e+02	7.858272e+01	4.258528e+01	1.511694e+02
209	6.030006e+00	2.639697e+03	4.287348e+02	3.811977e+02	7.920992e+01	4.243113e+01	1.546355e+02
210	6.058857e+00	2.637477e+03	4.283380e+02	3.823794e+02	7.917908e+01	4.241196e+01	1.581478e+02
211	6.087709e+00	2.639358e+03	4.277597e+02	3.835699e+02	7.883604e+01	4.262689e+01	1.616129e+02
212	6.116561e+00	2.630307e+03	4.271648e+02	3.847392e+02	7.891465e+01	4.243840e+01	1.655135e+02
213	6.145413e+00	2.635653e+03	4.265412e+02	3.857252e+02	7.879121e+01	4.259126e+01	1.694134e+02
214	6.174264e+00	2.627029e+03	4.256535e+02	3.867620e+02	7.896638e+01	4.235773e+01	1.727127e+02
215	6.203116e+00	2.614069e+03	4.249377e+02	3.877837e+02	7.857758e+01	4.235732e+01	1.762445e+02
216	6.231968e+00	2.616993e+03	4.240262e+02	3.888167e+02	7.827882e+01	4.256655e+01	1.793968e+02
217	6.260819e+00	2.629062e+03	4.231088e+02	3.897531e+02	7.866492e+01	4.255297e+01	3.530159e+00
218	6.289671e+00	2.621676e+03	4.222256e+02	3.904175e+02	7.873645e+01	4.239487e+01	6.718189e+00
219	6.318523e+00	2.599660e+03	4.210652e+02	3.914627e+02	7.817226e+01	4.234225e+01	9.796418e+00
220	6.347374e+00	2.654794e+03	4.199210e+02	3.917995e+02	7.825202e+01	4.319618e+01	1.409046e+01
221	6.376226e+00	2.632468e+03	4.192617e+02	3.923506e+02	7.891287e+01	4.247422e+01	1.817784e+01
222	6.405078e+00	2.631738e+03	4.178378e+02	3.929185e+02	7.827563e+01	4.280812e+01	2.166097e+01
223	6.433930e+00	2.618221e+03	4.167036e+02	3.934920e+02	7.822479e+01	4.261593e+01	2.573443e+01
224	6.462781e+00	2.621279e+03	4.156954e+02	3.938779e+02	7.845425e+01	4.254092e+01	2.917591e+01
225	6.491633e+00	2.612288e+03	4.144978e+02	3.941089e+02	7.832358e+01	4.246574e+01	3.282014e+01
226	6.520485e+00	2.622807e+03	4.133089e+02	3.942697e+02	7.890040e+01	4.232503e+01	3.653106e+01
227	6.549336e+00	2.625403e+03	4.122090e+02	3.944610e+02	7.881608e+01	4.241225e+01	4.008647e+01
228	6.578188e+00	2.618535e+03	4.110975e+02	3.944759e+02	7.879834e+01	4.231081e+01	4.338244e+01
229	6.607040e+00	2.618705e+03	4.099601e+02	3.944360e+02	7.909912e+01	4.215266e+01	4.740274e+01
230	6.635892e+00	2.619973e+03	4.088210e+02	3.943510e+02	7.886210e+01	4.229983e+01	5.069546e+01
231	6.664743e+00	2.618239e+03	4.075001e+02	3.943839e+02	7.907403e+01	4.215854e+01	5.429610e+01
232	6.693595e+00	2.622068e+03	4.063939e+02	3.941568e+02	7.931269e+01	4.209314e+01	5.790612e+01
233	6.722447e+00	2.620654e+03	4.051730e+02	3.939317e+02	7.925455e+01	4.210130e+01	6.169174e+01
234	6.751298e+00	2.617024e+03	4.042174e+02	3.935802e+02	7.944128e+01	4.194417e+01	6.501028e+01
235	6.780150e+00	2.615549e+03	4.029135e+02	3.933133e+02	7.949464e+01	4.189239e+01	6.852467e+01
236	6.809002e+00	2.617692e+03	4.019118e+02	3.927961e+02	7.948120e+01	4.193381e+01	7.192509e+01
237	6.837853e+00	2.618603e+03	4.009397e+02	3.922554e+02	7.973370e+01	4.181556e+01	7.523021e+01
238	6.866705e+00	2.619136e+03	3.999833e+02	3.916614e+02	7.992654e+01	4.172315e+01	7.868204e+01
239	6.895557e+00	2.609656e+03	3.990192e+02	3.910843e+02	7.984470e+01	4.161475e+01	8.206702e+01
240	6.924409e+00	2.616518e+03	3.980005e+02	3.903904e+02	7.980362e+01	4.174565e+01	8.534321e+01
241	6.953260e+00	2.612796e+03	3.970822e+02	3.895912e+02	7.969895e+01	4.174102e+01	8.850639e+01
242	6.982112e+00	2.625024e+03	3.962858e+02	3.887631e+02	7.976800e+01	4.190006e+01	9.200376e+01
243	7.010964e+00	2.629290e+03	3.955625e+02	3.879028e+02	7.981376e+01	4.194410e+01	9.538933e+01
244	7.039815e+00	2.620216e+03	3.948602e+02	3.868880e+02	7.983179e+01	4.178990e+01	9.855859e+01
245	7.068667e+00	2.637571e+03	3.940059e+02	3.859557e+02	7.984495e+01	4.205976e+01	1.016820e+02
246	7.097519e+00	2.634702e+03	3.935157e+02	3.849606e+02	7.989506e+01	4.198766e+01	1.054665e+02
247	7.126370e+00	2.642213e+03	3.928362e+02	3.839750e+02	7.989864e+01	4.210547e+01	1.087204e+02
248	7.155222e+00	2.646855e+03	3.924406e+02	3.829258e+02	7.988465e+01	4.218683e+01	1.123343e+02
249	7.184074e+00	2.647366e+03	3.919815e+02	3.817824e+02	7.969769e+01	4.229396e+01	1.156346e+02
250	7.212926e+00	2.652976e+03	3.917045e+02	3.807586e+02	7.960201e+01	4.243453e+01	1.191186e+02
251	7.241777e+00	2.648760e+03	3.913218e+02	3.795829e+02	7.948957e+01	4.242703e+01	1.231661e+02
252	7.270629e+00	2.653937e+03	3.910863e+02	3.783948e+02	7.922894e+01	4.264978e+01	1.263026e+02
253	7.299481e+00	2.646027e+03	3.910150e+02	3.772224e+02	7.927765e+01	4.249655e+01	1.299583e+02
254	7.328332e+00	2.645162e+03	3.909635e+02	3.761748e+02	7.898470e+01	4.264022e+01	1.334021e+02
255	7.357184e+00	2.648019e+03	3.908539e+02	3.748840e+02	7.903938e+01	4.265674e+01	1.370821e+02
256	7.386036e+00	2.671612e+03	3.908500e+02	3.736319e+02	7.936673e+01	4.285929e+01	1.410511e+02
257	7.414887e+00	2.654948e+03	3.911075e+02	3.725757e+02	7.901981e+01	4.277895e+01	1.443050e+02
258	7.443739e+00	2.660721e+03	3.913221e+02	3.714572e+02	7.922176e+01	4.276268e+01	1.483783e+02
259	7.472591e+00	2.666092e+03	3.914610e+02	3.701747e+02	7.917570e+01	4.287393e+01	1.515557e+02
260	7.501443e+00	2.667831e+03	3.917943e+02	3.692305e+02	7.908493e+01	4.295115e+01	1.549484e+02
261	7.530294e+00	2.651929e+03	3.922343e+02	3.681324e+02	7.885276e+01	4.282084e+01	1.586787e+02
262	7.559146e+00	2.668729e+03	3.927438e+02	3.670169e+02	7.881146e+01	4.311469e+01	1.621114e+02
263	7.587998e+00	2.645191e+03	3.933730e+02	3.661599e+02	7.870655e+01	4.279137e+01	1.659178e+02
264	7.616849e+00	2.655747e+03	3.939762e+02	3.650287e+02	7.891534e+01	4.284847e+01	1.693075e+02
265	7.645701e+00	2.659755e+03	3.946118e+02	3.639950e+02	7.885665e+01	4.294508e+01	1.728437e+02
266	7.674553e+00	2.654796e+03	3.954942e+02	3.630462e+02	7.869305e+01	4.295412e+01	1.766167e+02
267	7.703405e+00	2.662163e+03	3.963163e+02	3.620258e+02	7.884318e+01	4.299130e+01	3.016733e-01
268	7.732256e+00	2.667367e+03	3.971920e+02	3.611396e+02	7.889231e+01	4.304852e+01	4.142185e+00
269	7.761108e+00	2.672072e+03	3.981538e+02	3.602805e+02	7.903751e+01	4.304523e+01	7.871066e+00
270	7.789960e+00	2.667732e+03	3.990918e+02	3.597854e+02	7.908025e+01	4.295210e+01	1.137790e+01
271	7.818811e+00	2.662949e+03	4.001627e+02	3.590214e+02	7.907750e+01	4.287657e+01	1.506288e+01
272	7.847663e+00	2.659024e+03	4.012172e+02	3.584591e+02	7.902301e+01	4.284289e+01	1.843338e+01
273	7.876515e+00	2.644224e+03	4.023344e+02	3.580858e+02	7.863895e+01	4.281250e+01	2.188330e+01
274	7.905366e+00	2.652580e+03	4.035685e+02	3.573991e+02	7.911663e+01	4.268849e+01	2.579809e+01
275	7.934218e+00	2.669501e+03	4.047967e+02	3.570379e+02	7.959134e+01	4.270458e+01	2.942639e+01
276	7.963070e+00	2.662202e+03	4.060038e+02	3.567563e+02	7.920303e+01	4.279661e+01	3.282721e+01
277	7.991922e+00	2.647925e+03	4.072306e+02	3.565323e+02	7.926274e+01	4.253503e+01	3.642965e+01
278	8.020773e+00	2.656458e+03	4.084792e+02	3.563857e+02	7.915403e+01	4.273070e+01	3.979285e+01
279	8.049625e+00	2.647790e+03	4.096205e+02	3.565777e+02	7.901360e+01	4.266697e+01	4.367529e+01
280	8.078477e+00	2.639820e+03	4.110224e+02	3.565648e+02	7.904895e+01	4.251951e+01	4.709312e+01
281	8.107328e+00	2.643203e+03	4.122435e+02	3.566248e+02	7.901047e+01	4.259474e+01	5.069682e+01
282	8.136180e+00	2.638389e+03	4.134955e+02	3.567275e+02	7.899519e+01	4.252539e+01	5.439421e+01
283	8.165032e+00	2.636568e+03	4.146444e+02	3.568982e+02	7.931210e+01	4.232624e+01	5.774290e+01
284	8.193883e+00	2.632720e+03	4.159550e+02	3.572019e+02	7.920765e+01	4.232019e+01	6.113214e+01
285	8.222735e+00	2.627072e+03	4.169271e+02	3.576342e+02	7.921323e+01	4.222644e+01	6.497163e+01
286	8.251587e+00	2.631258e+03	4.180477e+02	3.580989e+02	7.914645e+01	4.232940e+01	6.868416e+01
287	8.280439e+00	2.616555e+03	4.192480e+02	3.586496e+02	7.922833e+01	4.204937e+01	7.204233e+01
288	8.309290e+00	2.625168e+03	4.204628e+02	3.592634e+02	7.983858e+01	4.186532e+01	7.505476e+01
289	8.338142e+00	2.626477e+03	4.213508e+02	3.600241e+02	7.960984e+01	4.200654e+01	7.817335e+01
290	8.366994e+00	2.631476e+03	4.225970e+02	3.608286e+02	7.984093e+01	4.196469e+01	8.106792e+01
291	8.395845e+00	2.631279e+03	4.236159e+02	3.618348e+02	7.987185e+01	4.194529e+01	8.441980e+01
292	8.424697e+00	2.622238e+03	4.246500e+02	3.627989e+02	7.983315e+01	4.182143e+01	8.762688e+01
293	8.453549e+00	2.618379e+03	4.255838e+02	3.638288e+02	7.953417e+01	4.191687e+01	9.094848e+01
294	8.482400e+00	2.619776e+03	4.265331e+02	3.646925e+02	7.949500e+01	4.195991e+01	9.409391e+01
295	8.511252e+00	2.627774e+03	4.273553e+02	3.657897e+02	7.962064e+01	4.202158e+01	9.704693e+01
296	8.540104e+00	2.619845e+03	4.279512e+02	3.669663e+02	7.925552e+01	4.208779e+01	1.003419e+02
297	8.568956e+00	2.631321e+03	4.286408e+02	3.682638e+02	7.952696e+01	4.212787e+01	1.035321e+02
298	8.597807e+00	2.644121e+03	4.293657e+02	3.694528e+02	7.973833e+01	4.222059e+01	1.067211e+02
299	8.626659e+00	2.631123e+03	4.296667e+02	3.705824e+02	7.969234e+01	4.203728e+01	1.100388e+02
300	8.655511e+00	2.643118e+03	4.303398e+02	3.719182e+02	7.961929e+01	4.226768e+01	1.134507e+02
301	8.684362e+00	2.643784e+03	4.305534e+02	3.730484e+02	7.964371e+01	4.226537e+01	1.167738e+02
302	8.713214e+00	2.630837e+03	4.311361e+02	3.742725e+02	7.920534e+01	4.229117e+01	1.199011e+02
303	8.742066e+00	2.644511e+03	4.313087e+02	3.755511e+02	7.956107e+01	4.232090e+01	1.225746e+02
304	8.770917e+00	2.642389e+03	4.315319e+02	3.769594e+02	7.922474e+01	4.246646e+01	1.260228e+02
305	8.799769e+00	2.643450e+03	4.316253e+02	3.781743e+02	7.934279e+01	4.242030e+01	1.285523e+02
306	8.828621e+00	2.644731e+03	4.317841e+02	3.796693e+02	7.900198e+01	4.262394e+01	1.314137e+02
307	8.857473e+00	2.645162e+03	4.321525e+02	3.810325e+02	7.933260e+01	4.245323e+01	1.347809e+02
308	8.886324e+00	2.660724e+03	4.319475e+02	3.823109e+02	7.914973e+01	4.280165e+01	1.374258e+02
309	8.915176e+00	2.626525e+03	4.318190e+02	3.834626e+02	7.888713e+01	4.239216e+01	1.418730e+02
310	8.944028e+00	2.634418e+03	4.317353e+02	3.848734e+02	7.909592e+01	4.240731e+01	1.453761e+02
311	8.972879e+00	2.649704e+03	4.315311e+02	3.860979e+02	7.946167e+01	4.245704e+01	1.484489e+02
312	9.001731e+00	2.619843e+03	4.311069e+02	3.873130e+02	7.894013e+01	4.225592e+01	1.519210e+02
313	9.030583e+00	2.637156e+03	4.307149e+02	3.883940e+02	7.927480e+01	4.235560e+01	1.555033e+02
314	9.059435e+00	2.625199e+03	4.305383e+02	3.898371e+02	7.899403e+01	4.231342e+01	1.576917e+02
315	9.088286e+00	2.621372e+03	4.300995e+02	3.909739e+02	7.878535e+01	4.236364e+01	1.604483e+02
316	9.117138e+00	2.624751e+03	4.296609e+02	3.919627e+02	7.901366e+01	4.229569e+01	1.637319e+02
317	9.145990e+00	2.613234e+03	4.292105e+02	3.930175e+02	7.876117e+01	4.224509e+01	1.663919e+02
318	9.174841e+00	2.631498e+03	4.285175e+02	3.940924e+02	7.869866e+01	4.257413e+01	1.699337e+02
319	9.203693e+00	2.634630e+03	4.277510e+02	3.952211e+02	7.839674e+01	4.278897e+01	1.727682e+02
320	9.232545e+00	2.633276e+03	4.271465e+02	3.960471e+02	7.851497e+01	4.270258e+01	1.767570e+02
321	9.261396e+00	2.614715e+03	4.262003e+02	3.971147e+02	7.813995e+01	4.260507e+01	2.912787e-01
322	9.290248e+00	2.617916e+03	4.253689e+02	3.977703e+02	7.804401e+01	4.270967e+01	4.157614e+00
323	9.319100e+00	2.605112e+03	4.244809e+02	3.985054e+02	7.821510e+01	4.240781e+01	7.607404e+00
324	9.347952e+00	2.632149e+03	4.235512e+02	3.991398e+02	7.819551e+01	4.285867e+01	1.167782e+01
325	9.376803e+00	2.610174e+03	4.225939e+02	3.997090e+02	7.825967e+01	4.246602e+01	1.472794e+01
326	9.405655e+00	2.618250e+03	4.215237e+02	4.001804e+02	7.818161e+01	4.263995e+01	1.808686e+01
327	9.434507e+00	2.621519e+03	4.203924e+02	4.006425e+02	7.851441e+01	4.251222e+01	2.185125e+01
328	9.463358e+00	2.630298e+03	4.191402e+02	4.012363e+02	7.859830e+01	4.260906e+01	2.534984e+01
329	9.492210e+00	2.628151e+03	4.179024e+02	4.015412e+02	7.857169e+01	4.258869e+01	2.898316e+01
330	9.521062e+00	2.617063e+03	4.166740e+02	4.020149e+02	7.837554e+01	4.251515e+01	3.261440e+01
331	9.549913e+00	2.608741e+03	4.154642e+02	4.020656e+02	7.841866e+01	4.235666e+01	3.611516e+01
332	9.578765e+00	2.624406e+03	4.144417e+02	4.021490e+02	7.870466e+01	4.245616e+01	3.998438e+01
333	9.607617e+00	2.622837e+03	4.131477e+02	4.023187e+02	7.872792e+01	4.241824e+01	4.328050e+01
334	9.636469e+00	2.628209e+03	4.120809e+02	4.023738e+02	7.888218e+01	4.242200e+01	4.710983e+01
335	9.665320e+00	2.637300e+03	4.108100e+02	4.023564e+02	7.900014e+01	4.250518e+01	5.037471e+01
336	9.694172e+00	2.635251e+03	4.097017e+02	4.022142e+02	7.931316e+01	4.230453e+01	5.394186e+01
337	9.723024e+00	2.617012e+03	4.085291e+02	4.020158e+02	7.899500e+01	4.218093e+01	5.733290e+01
338	9.751875e+00	2.627873e+03	4.072546e+02	4.017310e+02	7.917363e+01	4.226043e+01	6.105669e+01
339	9.780727e+00	2.624669e+03	4.061030e+02	4.014088e+02	7.938544e+01	4.209628e+01	6.459328e+01
340	9.809579e+00	2.619527e+03	4.049385e+02	4.009167e+02	7.936514e+01	4.202456e+01	6.798568e+01
341	9.838430e+00	2.626584e+03	4.038393e+02	4.004603e+02	7.970477e+01	4.195823e+01	7.134241e+01
342	9.867282e+00	2.620704e+03	4.026422e+02	4.000025e+02	7.981778e+01	4.180502e+01	7.486815e+01
343	9.896134e+00	2.610298e+03	4.017873e+02	3.993215e+02	8.003326e+01	4.152692e+01	7.840071e+01
344	9.924986e+00	2.625545e+03	4.006057e+02	3.985480e+02	7.990771e+01	4.183511e+01	8.166071e+01
345	9.953837e+00	2.635305e+03	3.997310e+02	3.978730e+02	7.988144e+01	4.200443e+01	8.528665e+01
346	9.982689e+00	2.633075e+03	3.986813e+02	3.969931e+02	8.004967e+01	4.188068e+01	8.850446e+01
347	1.001154e+01	2.630820e+03	3.977176e+02	3.961499e+02	8.019050e+01	4.177134e+01	9.189810e+01
348	1.004039e+01	2.629459e+03	3.971253e+02	3.951982e+02	8.020271e+01	4.174336e+01	9.537923e+01
349	1.006924e+01	2.622494e+03	3.963442e+02	3.943948e+02	8.011610e+01	4.167780e+01	9.862190e+01
350	1.009810e+01	2.633407e+03	3.957645e+02	3.933815e+02	7.990113e+01	4.196384e+01	1.022397e+02
351	1.012695e+01	2.629646e+03	3.951846e+02	3.922844e+02	7.940857e+01	4.216383e+01	1.056999e+02
352	1.015580e+01	2.648188e+03	3.945141e+02	3.911538e+02	7.999515e+01	4.214977e+01	1.092198e+02
353	1.018465e+01	2.664609e+03	3.940611e+02	3.899943e+02	7.986154e+01	4.248209e+01	1.125272e+02
354	1.021350e+01	2.662284e+03	3.935819e+02	3.888609e+02	7.975005e+01	4.250437e+01	1.157908e+02
355	1.024235e+01	2.659343e+03	3.932558e+02	3.876736e+02	7.946175e+01	4.261145e+01	1.185037e+02
356	1.027121e+01	2.654643e+03	3.929753e+02	3.863851e+02	7.947023e+01	4.253160e+01	1.220366e+02
357	1.030006e+01	2.640337e+03	3.928350e+02	3.851619e+02	7.896075e+01	4.257535e+01	1.258718e+02
358	1.032891e+01	2.654389e+03	3.926248e+02	3.838337e+02	7.927632e+01	4.263155e+01	1.292568e+02
359	1.035776e+01	2.656629e+03	3.924244e+02	3.825570e+02	7.931314e+01	4.264773e+01	1.326418e+02
360	1.038661e+01	2.648644e+03	3.925625e+02	3.813614e+02	7.896990e+01	4.270434e+01	1.358848e+02
361	1.041546e+01	2.658938e+03	3.926442e+02	3.801180e+02	7.905647e+01	4.282338e+01	1.392496e+02
362	1.044432e+01	2.650468e+03	3.928221e+02	3.788801e+02	7.873334e+01	4.286216e+01	1.426109e+02
363	1.047317e+01	2.666426e+03	3.928713e+02	3.774865e+02	7.899523e+01	4.297727e+01	1.465614e+02
364	1.050202e+01	2.655861e+03	3.931304e+02	3.763267e+02	7.895669e+01	4.282788e+01	1.503769e+02
365	1.053087e+01	2.671838e+03	3.935358e+02	3.752157e+02	7.915923e+01	4.297528e+01	1.536473e+02
366	1.055972e+01	2.665633e+03	3.939145e+02	3.740988e+02	7.894600e+01	4.299128e+01	1.569171e+02
367	1.058857e+01	2.635037e+03	3.943822e+02	3.731171e+02	7.830733e+01	4.284443e+01	1.599001e+02
368	1.061743e+01	2.654639e+03	3.949448e+02	3.720899e+02	7.865752e+01	4.297099e+01	1.639351e+02
369	1.064628e+01	2.663236e+03	3.954907e+02	3.707409e+02	7.875283e+01	4.305798e+01	1.674355e+02
370	1.067513e+01	2.644345e+03	3.961522e+02	3.700872e+02	7.830235e+01	4.299852e+01	1.704833e+02
371	1.070398e+01	2.647724e+03	3.968012e+02	3.688049e+02	7.872672e+01	4.282138e+01	1.746315e+02
372	1.073283e+01	2.662950e+03	3.976307e+02	3.678610e+02	7.896019e+01	4.294028e+01	1.778620e+02
373	1.076168e+01	2.672924e+03	3.984860e+02	3.668702e+02	7.904607e+01	4.305430e+01	1.871658e+00
374	1.079054e+01	2.664094e+03	3.994373e+02	3.661029e+02	7.893564e+01	4.297209e+01	5.310634e+00
375	1.081939e+01	2.665148e+03	4.003562e+02	3.654041e+02	7.888358e+01	4.301747e+01	9.286544e+00
376	1.084824e+01	2.663691e+03	4.014021e+02	3.646017e+02	7.921156e+01	4.281593e+01	1.263603e+01
377	1.087709e+01	2.673671e+03	4.025011e+02	3.639716e+02	7.911393e+01	4.302938e+01	1.687144e+01
378	1.090594e+01	2.670081e+03	4.035618e+02	3.634164e+02	7.921021e+01	4.291938e+01	2.023930e+01
379	1.093480e+01	2.666502e+03	4.047567e+02	3.630093e+02	7.942469e+01	4.274611e+01	2.378632e+01
380	1.096365e+01	2.666906e+03	4.058003e+02	3.626258e+02	7.925448e+01	4.284439e+01	2.725534e+01
381	1.099250e+01	2.666659e+03	4.070870e+02	3.623604e+02	7.933846e+01	4.279508e+01	3.093937e+01
382	1.102135e+01	2.672167e+03	4.084037e+02	3.620346e+02	7.949855e+01	4.279711e+01	3.412880e+01
383	1.105020e+01	2.662025e+03	4.095296e+02	3.619659e+02	7.944756e+01	4.266204e+01	3.759712e+01
384	1.107905e+01	2.673777e+03	4.109821e+02	3.618693e+02	7.938618e+01	4.288352e+01	4.118410e+01
385	1.110791e+01	2.658080e+03	4.122532e+02	3.619068e+02	7.944296e+01	4.260128e+01	4.454357e+01
386	1.113676e+01	2.654123e+03	4.137007e+02	3.617934e+02	7.935195e+01	4.258665e+01	4.815111e+01
387	1.116561e+01	2.634451e+03	4.147917e+02	3.621604e+02	7.877621e+01	4.257994e+01	5.177818e+01
388	1.119446e+01	2.648680e+03	4.161303e+02	3.624186e+02	7.914296e+01	4.261155e+01	5.535001e+01
389	1.122331e+01	2.640621e+03	4.173525e+02	3.627094e+02	7.914394e+01	4.248137e+01	5.875218e+01
390	1.125216e+01	2.635545e+03	4.184757e+02	3.632216e+02	7.917330e+01	4.238398e+01	6.266282e+01
391	1.128102e+01	2.637491e+03	4.198228e+02	3.635289e+02	7.949415e+01	4.224409e+01	6.532388e+01
392	1.130987e+01	2.628661e+03	4.209353e+02	3.640030e+02	7.959949e+01	4.204695e+01	6.926476e+01
393	1.133872e+01	2.617753e+03	4.219189e+02	3.646884e+02	7.917403e+01	4.209747e+01	7.269978e+01
394	1.136757e+01	2.635298e+03	4.232311e+02	3.651915e+02	7.974714e+01	4.207506e+01	7.547921e+01
395	1.139642e+01	2.633687e+03	4.242437e+02	3.659956e+02	7.971046e+01	4.206869e+01	7.940156e+01
396	1.142527e+01	2.640711e+03	4.253922e+02	3.666663e+02	7.973255e+01	4.216920e+01	8.226029e+01
397	1.145413e+01	2.622817e+03	4.264417e+02	3.676355e+02	7.944600e+01	4.203452e+01	8.565887e+01
398	1.148298e+01	2.619269e+03	4.274578e+02	3.685313e+02	7.968357e+01	4.185250e+01	8.882770e+01
399	1.151183e+01	2.610492e+03	4.280914e+02	3.696722e+02	7.952753e+01	4.179410e+01	9.250761e+01
400	1.154068e+01	2.613987e+03	4.290611e+02	3.706706e+02	7.975951e+01	4.172833e+01	9.582169e+01
401	1.156953e+01	2.616836e+03	4.299365e+02	3.715997e+02	7.956641e+01	4.187520e+01	9.872300e+01
402	1.159838e+01	2.636058e+03	4.304972e+02	3.726880e+02	8.007008e+01	4.191745e+01	1.019641e+02
403	1.162724e+01	2.626600e+03	4.310198e+02	3.739670e+02	7.970692e+01	4.195736e+01	1.055776e+02
404	1.165609e+01	2.633020e+03	4.315615e+02	3.752244e+02	7.965189e+01	4.208896e+01	1.085680e+02
405	1.168494e+01	2.632037e+03	4.319857e+02	3.764739e+02	7.958279e+01	4.210979e+01	1.119699e+02
406	1.171379e+01	2.624982e+03	4.323708e+02	3.776342e+02	7.945193e+01	4.206607e+01	1.153522e+02
407	1.174264e+01	2.628308e+03	4.329829e+02	3.788774e+02	7.942926e+01	4.213139e+01	1.185279e+02
408	1.177149e+01	2.630109e+03	4.331846e+02	3.800154e+02	7.915387e+01	4.230695e+01	1.218082e+02
409	1.180035e+01	2.619723e+03	4.333955e+02	3.812377e+02	7.891825e+01	4.226570e+01	1.250125e+02
410	1.182920e+01	2.653301e+03	4.336327e+02	3.824422e+02	7.941357e+01	4.254043e+01	1.282573e+02
411	1.185805e+01	2.641748e+03	4.337474e+02	3.837195e+02	7.941396e+01	4.235500e+01	1.319191e+02
412	1.188690e+01	2.630186e+03	4.337394e+02	3.850345e+02	7.909746e+01	4.233836e+01	1.353452e+02
413	1.191575e+01	2.643994e+03	4.336891e+02	3.864140e+02	7.923705e+01	4.248565e+01	1.387000e+02
414	1.194460e+01	2.637793e+03	4.335730e+02	3.876844e+02	7.926398e+01	4.237160e+01	1.418509e+02
415	1.197346e+01	2.641113e+03	4.333327e+02	3.889666e+02	7.923196e+01	4.244208e+01	1.448930e+02
416	1.200231e+01	2.623815e+03	4.325041e+02	3.927245e+02	7.903197e+01	4.227079e+01	1.558501e+02
417	1.203116e+01	2.605546e+03	4.319860e+02	3.940413e+02	7.867194e+01	4.216858e+01	1.590983e+02
418	1.206001e+01	2.621812e+03	4.313651e+02	3.951320e+02	7.885220e+01	4.233483e+01	1.628766e+02
419	1.208886e+01	2.596563e+03	4.307559e+02	3.963753e+02	7.835408e+01	4.219367e+01	1.663135e+02
420	1.211771e+01	2.607268e+03	4.299579e+02	3.973223e+02	7.863190e+01	4.221793e+01	1.699316e+02
421	1.214657e+01	2.609012e+03	4.292196e+02	3.983520e+02	7.820509e+01	4.247673e+01	1.733092e+02
422	1.217542e+01	2.640355e+03	4.283947e+02	3.992894e+02	7.853912e+01	4.280421e+01	1.774507e+02
423	1.220427e+01	2.620106e+03	4.274777e+02	3.999517e+02	7.855303e+01	4.246841e+01	1.034717e+00
424	1.223312e+01	2.634542e+03	4.265783e+02	4.008537e+02	7.835295e+01	4.281145e+01	4.468572e+00
425	1.226197e+01	2.618588e+03	4.255656e+02	4.017321e+02	7.853490e+01	4.245360e+01	7.662872e+00
426	1.229083e+01	2.639654e+03	4.246203e+02	4.024747e+02	7.839544e+01	4.287127e+01	1.187726e+01
427	1.231968e+01	2.633409e+03	4.236160e+02	4.029781e+02	7.846785e+01	4.273037e+01	1.574991e+01
428	1.234853e+01	2.628317e+03	4.225517e+02	4.036908e+02	7.852938e+01	4.261433e+01	1.928853e+01
429	1.237738e+01	2.615237e+03	4.214199e+02	4.042188e+02	7.847868e+01	4.242965e+01	2.322329e+01
430	1.240623e+01	2.601617e+03	4.203028e+02	4.045117e+02	7.810357e+01	4.241140e+01	2.675925e+01
431	1.243508e+01	2.621194e+03	4.191735e+02	4.048429e+02	7.820560e+01	4.267479e+01	3.068067e+01
432	1.246394e+01	2.627144e+03	4.180466e+02	4.051812e+02	7.874945e+01	4.247628e+01	3.374282e+01
433	1.249279e+01	2.639696e+03	4.167228e+02	4.053536e+02	7.934446e+01	4.235917e+01	3.733078e+01
434	1.252164e+01	2.631302e+03	4.156318e+02	4.053377e+02	7.912775e+01	4.234012e+01	4.087903e+01
435	1.255049e+01	2.633798e+03	4.144937e+02	4.053819e+02	7.924268e+01	4.231881e+01	4.453009e+01
436	1.257934e+01	2.622153e+03	4.132396e+02	4.055215e+02	7.901575e+01	4.225269e+01	4.818222e+01
437	1.260819e+01	2.633601e+03	4.119836e+02	4.054533e+02	7.921516e+01	4.233034e+01	5.186906e+01
438	1.263705e+01	2.629488e+03	4.107874e+02	4.053056e+02	7.923322e+01	4.225461e+01	5.498690e+01
439	1.266590e+01	2.629781e+03	4.097304e+02	4.049384e+02	7.968917e+01	4.201751e+01	5.846586e+01
440	1.269475e+01	2.624273e+03	4.086299e+02	4.046688e+02	7.940382e+01	4.208019e+01	6.207929e+01
441	1.272360e+01	2.611120e+03	4.074387e+02	4.043579e+02	7.921187e+01	4.197074e+01	6.567665e+01
442	1.275245e+01	2.620839e+03	4.063345e+02	4.038842e+02	7.957869e+01	4.193278e+01	6.926627e+01
443	1.278130e+01	2.615829e+03	4.051502e+02	4.035410e+02	7.929613e+01	4.200175e+01	7.254601e+01
444	1.281016e+01	2.628202e+03	4.040858e+02	4.029100e+02	7.989532e+01	4.188394e+01	7.633049e+01
445	1.283901e+01	2.613379e+03	4.030410e+02	4.023816e+02	7.984224e+01	4.167540e+01	7.955178e+01
446	1.286786e+01	2.623951e+03	4.021646e+02	4.016089e+02	8.005058e+01	4.173510e+01	8.275213e+01
447	1.289671e+01	2.622280e+03	4.012341e+02	4.008791e+02	7.989566e+01	4.178939e+01	8.621942e+01
448	1.292556e+01	2.640198e+03	4.003734e+02	4.000164e+02	7.989500e+01	4.207528e+01	8.933389e+01
449	1.295441e+01	2.627149e+03	3.995295e+02	3.991404e+02	8.004366e+01	4.178957e+01	9.243908e+01
450	1.298327e+01	2.629513e+03	3.985885e+02	3.980744e+02	8.024445e+01	4.172251e+01	9.594708e+01
451	1.301212e+01	2.630821e+03	3.981016e+02	3.972468e+02	7.992937e+01	4.190781e+01	9.910464e+01
452	1.304097e+01	2.633619e+03	3.973930e+02	3.963124e+02	8.019372e+01	4.181410e+01	1.023141e+02
453	1.306982e+01	2.625652e+03	3.967955e+02	3.952500e+02	7.984852e+01	4.186783e+01	1.058480e+02
454	1.309867e+01	2.639100e+03	3.962323e+02	3.941158e+02	7.985103e+01	4.208095e+01	1.088949e+02
455	1.312752e+01	2.637182e+03	3.957701e+02	3.930471e+02	7.947974e+01	4.224680e+01	1.124981e+02
456	1.315638e+01	2.644349e+03	3.953283e+02	3.918541e+02	7.951228e+01	4.234428e+01	1.156337e+02
457	1.318523e+01	2.653471e+03	3.949750e+02	3.907520e+02	7.927429e+01	4.261790e+01	1.193179e+02
458	1.321408e+01	2.647841e+03	3.947355e+02	3.897142e+02	7.924261e+01	4.254448e+01	1.228755e+02
459	1.324293e+01	2.651777e+03	3.945598e+02	3.884478e+02	7.927225e+01	4.259180e+01	1.263062e+02
460	1.327178e+01	2.658861e+03	3.944371e+02	3.872528e+02	7.926888e+01	4.270739e+01	1.298272e+02
461	1.330063e+01	2.657709e+03	3.943119e+02	3.860110e+02	7.911445e+01	4.277222e+01	1.333048e+02
462	1.332949e+01	2.668192e+03	3.942896e+02	3.847220e+02	7.910040e+01	4.294854e+01	1.370801e+02
463	1.335834e+01	2.653339e+03	3.944612e+02	3.837117e+02	7.887549e+01	4.283126e+01	1.402691e+02
464	1.338719e+01	2.659592e+03	3.946689e+02	3.824524e+02	7.921043e+01	4.275065e+01	1.438755e+02
465	1.341604e+01	2.666016e+03	3.949708e+02	3.811520e+02	7.914211e+01	4.289091e+01	1.476700e+02
466	1.344489e+01	2.689542e+03	3.953763e+02	3.797657e+02	7.954514e+01	4.305016e+01	1.507820e+02
467	1.347374e+01	2.658709e+03	3.958661e+02	3.788342e+02	7.881737e+01	4.294959e+01	1.542110e+02
468	1.350260e+01	2.677986e+03	3.963472e+02	3.776187e+02	7.930534e+01	4.299481e+01	1.582198e+02
469	1.353145e+01	2.664825e+03	3.968193e+02	3.764640e+02	7.911443e+01	4.288675e+01	1.610330e+02
470	1.356030e+01	2.666089e+03	3.972343e+02	3.753986e+02	7.907135e+01	4.293046e+01	1.643829e+02
471	1.358915e+01	2.648948e+03	3.979559e+02	3.745928e+02	7.874329e+01	4.283216e+01	1.679140e+02
472	1.361800e+01	2.668478e+03	3.984994e+02	3.732758e+02	7.894070e+01	4.304005e+01	1.717558e+02
473	1.364686e+01	2.658754e+03	3.993917e+02	3.723275e+02	7.885323e+01	4.293078e+01	1.754227e+02
474	1.367571e+01	2.648144e+03	4.001156e+02	3.715965e+02	7.857018e+01	4.291351e+01	1.786868e+02
475	1.370456e+01	2.669194e+03	4.008348e+02	3.706294e+02	7.910872e+01	4.296016e+01	2.602619e+00
476	1.373341e+01	2.666481e+03	4.017766e+02	3.697879e+02	7.893602e+01	4.301039e+01	6.250190e+00
477	1.376226e+01	2.665917e+03	4.027368e+02	3.691416e+02	7.924309e+01	4.283467e+01	9.880569e+00
478	1.379111e+01	2.652303e+03	4.037785e+02	3.685174e+02	7.900508e+01	4.274430e+01	1.331531e+01
479	1.381997e+01	2.659768e+03	4.047028e+02	3.678060e+02	7.902292e+01	4.285493e+01	1.701165e+01
480	1.384882e+01	2.664718e+03	4.058060e+02	3.672315e+02	7.909811e+01	4.289387e+01	2.086568e+01
481	1.387767e+01	2.661844e+03	4.071420e+02	3.668298e+02	7.907462e+01	4.286034e+01	2.409044e+01
482	1.390652e+01	2.664965e+03	4.084158e+02	3.661772e+02	7.938515e+01	4.274274e+01	2.803810e+01
483	1.393537e+01	2.660051e+03	4.095959e+02	3.659417e+02	7.910901e+01	4.281284e+01	3.114697e+01
484	1.396422e+01	2.662539e+03	4.107973e+02	3.658277e+02	7.929869e+01	4.275039e+01	3.453444e+01
485	1.399308e+01	2.666856e+03	4.121443e+02	3.655683e+02	7.953403e+01	4.269300e+01	3.832433e+01
486	1.402193e+01	2.651967e+03	4.133269e+02	3.655445e+02	7.919544e+01	4.263615e+01	4.176196e+01
487	1.405078e+01	2.644225e+03	4.144691e+02	3.655744e+02	7.886208e+01	4.269140e+01	4.524264e+01
488	1.407963e+01	2.638918e+03	4.156453e+02	3.656538e+02	7.905829e+01	4.249998e+01	4.914245e+01
489	1.410848e+01	2.649235e+03	4.169034e+02	3.657314e+02	7.939628e+01	4.248450e+01	5.235598e+01
490	1.413733e+01	2.641675e+03	4.180761e+02	3.659267e+02	7.926617e+01	4.243280e+01	5.597945e+01
491	1.416619e+01	2.636647e+03	4.192647e+02	3.663658e+02	7.916414e+01	4.240662e+01	5.964000e+01
492	1.419504e+01	2.637543e+03	4.205015e+02	3.667468e+02	7.955242e+01	4.221397e+01	6.289572e+01
493	1.422389e+01	2.612387e+03	4.215768e+02	3.673230e+02	7.865158e+01	4.229025e+01	6.682761e+01
494	1.425274e+01	2.639826e+03	4.230321e+02	3.678052e+02	7.954257e+01	4.225575e+01	6.939407e+01
495	1.428159e+01	2.621859e+03	4.242382e+02	3.684460e+02	7.922758e+01	4.213501e+01	7.275571e+01
496	1.431044e+01	2.625262e+03	4.252910e+02	3.691611e+02	7.921132e+01	4.219835e+01	7.589519e+01
497	1.433930e+01	2.614472e+03	4.265255e+02	3.698842e+02	7.956828e+01	4.183639e+01	7.923823e+01
498	1.436815e+01	2.631484e+03	4.274150e+02	3.707167e+02	7.973859e+01	4.201867e+01	8.219949e+01
499	1.439700e+01	2.641660e+03	4.282802e+02	3.716003e+02	7.994265e+01	4.207348e+01	8.545233e+01
500	1.442585e+01	2.616495e+03	4.291877e+02	3.723721e+02	7.958273e+01	4.186116e+01	8.913899e+01
501	1.445470e+01	2.637057e+03	4.300767e+02	3.732484e+02	8.006168e+01	4.193774e+01	9.221602e+01
502	1.448355e+01	2.630325e+03	4.307862e+02	3.742840e+02	8.006978e+01	4.182644e+01	9.591493e+01
503	1.451241e+01	2.614575e+03	4.314759e+02	3.755638e+02	7.964126e+01	4.179969e+01	9.923979e+01
504	1.454126e+01	2.632852e+03	4.320814e+02	3.767079e+02	7.985490e+01	4.197927e+01	1.020893e+02
505	1.457011e+01	2.639205e+03	4.327919e+02	3.779227e+02	7.976313e+01	4.212899e+01	1.055712e+02
506	1.459896e+01	2.609207e+03	4.332723e+02	3.791139e+02	7.929683e+01	4.189505e+01	1.087013e+02
507	1.462781e+01	2.635193e+03	4.336895e+02	3.803047e+02	7.931347e+01	4.230343e+01	1.122502e+02
508	1.465666e+01	2.629926e+03	4.342901e+02	3.816037e+02	7.938058e+01	4.218319e+01	1.149410e+02
509	1.468552e+01	2.624213e+03	4.343871e+02	3.827299e+02	7.899628e+01	4.229631e+01	1.185857e+02
510	1.471437e+01	2.618903e+03	4.350461e+02	3.840141e+02	7.887485e+01	4.227572e+01	1.223247e+02
511	1.474322e+01	2.619183e+03	4.352717e+02	3.852123e+02	7.918317e+01	4.211562e+01	1.258563e+02
512	1.477207e+01	2.614702e+03	4.353436e+02	3.865031e+02	7.863651e+01	4.233583e+01	1.297271e+02
513	1.480092e+01	2.634211e+03	4.355188e+02	3.877679e+02	7.928475e+01	4.230298e+01	1.330123e+02
514	1.482977e+01	2.644648e+03	4.354957e+02	3.890323e+02	7.923863e+01	4.249531e+01	1.367202e+02
515	1.485863e+01	2.622471e+03	4.354066e+02	3.902937e+02	7.893241e+01	4.230244e+01	1.402629e+02
516	1.488748e+01	2.628638e+03	4.353802e+02	3.915840e+02	7.874003e+01	4.250552e+01	1.434670e+02
517	1.491633e+01	2.626016e+03	4.351880e+02	3.929117e+02	7.878471e+01	4.243903e+01	1.467941e+02
518	1.494518e+01	2.626986e+03	4.349436e+02	3.941472e+02	7.893459e+01	4.237410e+01	1.505489e+02
519	1.497403e+01	2.603345e+03	4.344336e+02	3.950558e+02	7.824776e+01	4.236137e+01	1.542168e+02
520	1.500289e+01	2.608657e+03	4.339575e+02	3.963818e+02	7.836058e+01	4.238669e+01	1.577521e+02
521	1.503174e+01	2.616819e+03	4.334660e+02	3.972726e+02	7.879181e+01	4.228660e+01	1.611364e+02
522	1.506059e+01	2.614475e+03	4.328668e+02	3.984293e+02	7.871889e+01	4.228786e+01	1.642251e+02
523	1.508944e+01	2.622097e+03	4.321636e+02	3.996435e+02	7.883457e+01	4.234890e+01	1.674077e+02
524	1.511829e+01	2.630695e+03	4.316065e+02	4.005335e+02	7.848957e+01	4.267451e+01	1.714989e+02
525	1.514714e+01	2.599448e+03	4.308252e+02	4.016669e+02	7.823923e+01	4.230256e+01	1.747384e+02
526	1.517600e+01	2.629371e+03	4.299304e+02	4.023179e+02	7.843860e+01	4.268076e+01	1.791178e+02
527	1.520485e+01	2.622875e+03	4.291410e+02	4.031688e+02	7.832844e+01	4.263520e+01	2.715622e+00
528	1.523370e+01	2.619810e+03	4.281307e+02	4.040667e+02	7.781099e+01	4.286858e+01	6.125690e+00
529	1.526255e+01	2.618506e+03	4.271496e+02	4.047288e+02	7.851151e+01	4.246492e+01	9.833773e+00
530	1.529140e+01	2.622829e+03	4.263048e+02	4.053065e+02	7.818189e+01	4.271436e+01	1.343392e+01
531	1.532025e+01	2.622407e+03	4.251159e+02	4.060902e+02	7.793266e+01	4.284406e+01	1.747216e+01
532	1.534911e+01	2.616998e+03	4.241133e+02	4.065644e+02	7.841752e+01	4.249134e+01	2.111545e+01
533	1.537796e+01	2.637077e+03	4.228018e+02	4.071652e+02	7.865707e+01	4.268695e+01	2.516661e+01
534	1.540681e+01	2.637435e+03	4.218642e+02	4.074355e+02	7.891827e+01	4.255144e+01	2.824091e+01
535	1.543566e+01	2.636011e+03	4.205266e+02	4.078734e+02	7.911105e+01	4.242484e+01	3.223623e+01
536	1.546451e+01	2.629879e+03	4.194815e+02	4.079702e+02	7.890036e+01	4.243917e+01	3.571603e+01
537	1.549336e+01	2.616230e+03	4.182425e+02	4.082355e+02	7.877106e+01	4.228821e+01	3.927768e+01
538	1.552222e+01	2.623466e+03	4.169794e+02	4.083135e+02	7.886738e+01	4.235339e+01	4.273511e+01
539	1.555107e+01	2.617827e+03	4.158661e+02	4.084091e+02	7.891938e+01	4.223450e+01	4.564970e+01
540	1.557992e+01	2.643683e+03	4.144092e+02	4.084006e+02	7.932796e+01	4.243198e+01	4.941496e+01
541	1.560877e+01	2.634230e+03	4.132927e+02	4.080009e+02	7.934784e+01	4.226966e+01	5.273785e+01
542	1.563762e+01	2.634011e+03	4.119494e+02	4.076474e+02	7.942588e+01	4.222461e+01	5.631445e+01
543	1.566647e+01	2.637389e+03	4.107281e+02	4.074437e+02	7.927796e+01	4.235765e+01	5.994185e+01
544	1.569533e+01	2.623344e+03	4.096315e+02	4.070765e+02	7.961795e+01	4.195216e+01	6.296008e+01
545	1.572418e+01	2.626940e+03	4.084492e+02	4.067354e+02	7.981418e+01	4.190638e+01	6.689462e+01
546	1.575303e+01	2.630006e+03	4.072905e+02	4.061893e+02	7.977018e+01	4.197844e+01	7.042529e+01
547	1.578188e+01	2.620080e+03	4.062848e+02	4.057134e+02	7.965385e+01	4.188108e+01	7.420496e+01
548	1.581073e+01	2.621671e+03	4.051195e+02	4.050768e+02	7.990907e+01	4.177267e+01	7.781931e+01
549	1.583958e+01	2.627068e+03	4.041886e+02	4.043876e+02	8.005147e+01	4.178420e+01	8.090227e+01
550	1.586844e+01	2.632068e+03	4.031632e+02	4.038275e+02	8.005444e+01	4.186217e+01	8.403939e+01
551	1.589729e+01	2.616314e+03	4.022647e+02	4.030201e+02	7.988129e+01	4.170181e+01	8.737885e+01
552	1.592614e+01	2.624330e+03	4.013976e+02	4.020365e+02	7.979938e+01	4.187251e+01	9.063786e+01
553	1.595499e+01	2.619836e+03	4.005208e+02	4.011761e+02	7.985822e+01	4.177001e+01	9.402666e+01
554	1.598384e+01	2.621751e+03	3.997341e+02	4.002591e+02	7.985242e+01	4.180358e+01	9.741183e+01
555	1.601269e+01	2.632450e+03	3.991696e+02	3.992649e+02	7.984812e+01	4.197643e+01	1.007733e+02
556	1.604155e+01	2.635617e+03	3.984589e+02	3.983014e+02	7.945444e+01	4.223517e+01	1.039149e+02
557	1.607040e+01	2.623547e+03	3.978189e+02	3.971010e+02	7.929464e+01	4.212647e+01	1.072647e+02
558	1.609925e+01	2.625816e+03	3.973350e+02	3.960188e+02	7.956111e+01	4.202170e+01	1.109380e+02
559	1.612810e+01	2.640150e+03	3.967600e+02	3.948609e+02	7.929973e+01	4.239035e+01	1.144678e+02
560	1.615695e+01	2.644963e+03	3.965255e+02	3.936758e+02	7.949242e+01	4.236470e+01	1.177307e+02
561	1.618580e+01	2.659787e+03	3.961353e+02	3.924193e+02	7.970722e+01	4.248732e+01	1.216271e+02
562	1.621466e+01	2.651798e+03	3.959511e+02	3.912591e+02	7.931577e+01	4.256876e+01	1.246748e+02
563	1.624351e+01	2.652527e+03	3.958093e+02	3.901855e+02	7.916209e+01	4.266312e+01	1.282742e+02
564	1.627236e+01	2.639573e+03	3.957874e+02	3.889326e+02	7.885100e+01	4.262228e+01	1.318607e+02
565	1.630121e+01	2.656754e+03	3.955510e+02	3.874710e+02	7.931213e+01	4.265028e+01	1.362348e+02
566	1.633006e+01	2.643399e+03	3.956588e+02	3.864059e+02	7.862643e+01	4.280597e+01	1.389197e+02
567	1.635892e+01	2.665855e+03	3.958215e+02	3.850583e+02	7.909653e+01	4.291303e+01	1.427222e+02
568	1.638777e+01	2.666339e+03	3.960372e+02	3.838763e+02	7.911848e+01	4.290892e+01	1.463125e+02
569	1.641662e+01	2.655448e+03	3.963992e+02	3.826378e+02	7.871771e+01	4.295121e+01	1.502858e+02
570	1.644547e+01	2.659250e+03	3.967186e+02	3.815259e+02	7.891740e+01	4.290388e+01	1.533740e+02
571	1.647432e+01	2.670395e+03	3.971331e+02	3.804090e+02	7.881154e+01	4.314156e+01	1.573586e+02
572	1.650317e+01	2.676291e+03	3.976188e+02	3.791810e+02	7.950291e+01	4.286081e+01	1.609521e+02
573	1.653203e+01	2.662225e+03	3.981317e+02	3.780822e+02	7.884257e+01	4.299264e+01	1.646492e+02
574	1.656088e+01	2.665407e+03	3.986731e+02	3.771646e+02	7.886245e+01	4.303318e+01	1.679928e+02
575	1.658973e+01	2.659382e+03	3.993894e+02	3.761837e+02	7.900612e+01	4.285782e+01	1.717995e+02
576	1.661858e+01	2.647980e+03	4.000885e+02	3.754087e+02	7.878484e+01	4.279394e+01	1.751833e+02
577	1.664743e+01	2.652151e+03	4.009452e+02	3.743192e+02	7.911597e+01	4.268194e+01	1.790716e+02
578	1.667628e+01	2.662369e+03	4.016704e+02	3.734842e+02	7.884908e+01	4.299141e+01	2.667853e+00
579	1.670514e+01	2.681628e+03	4.027746e+02	3.724954e+02	7.915836e+01	4.313321e+01	6.533724e+00
580	1.673399e+01	2.671343e+03	4.037259e+02	3.718531e+02	7.904350e+01	4.303023e+01	1.018599e+01
581	1.676284e+01	2.687101e+03	4.046204e+02	3.711133e+02	7.902084e+01	4.329647e+01	1.435688e+01
582	1.679169e+01	2.679599e+03	4.057714e+02	3.705690e+02	7.928483e+01	4.303183e+01	1.792109e+01
583	1.682054e+01	2.669226e+03	4.068807e+02	3.700900e+02	7.920491e+01	4.290850e+01	2.131986e+01
584	1.684939e+01	2.671066e+03	4.080791e+02	3.697454e+02	7.904371e+01	4.302566e+01	2.468815e+01
585	1.687825e+01	2.667797e+03	4.094043e+02	3.691367e+02	7.922282e+01	4.287583e+01	2.797217e+01
586	1.690710e+01	2.661049e+03	4.104831e+02	3.688891e+02	7.921813e+01	4.276991e+01	3.148110e+01
587	1.693595e+01	2.661698e+03	4.116270e+02	3.686512e+02	7.930736e+01	4.273222e+01	3.516948e+01
588	1.696480e+01	2.661853e+03	4.128224e+02	3.684118e+02	7.930006e+01	4.273864e+01	3.892862e+01
589	1.699365e+01	2.653073e+03	4.140341e+02	3.682722e+02	7.935291e+01	4.256929e+01	4.276123e+01
590	1.702250e+01	2.640641e+03	4.151357e+02	3.682529e+02	7.896727e+01	4.257673e+01	4.626886e+01
591	1.705136e+01	2.649684e+03	4.163542e+02	3.682822e+02	7.933305e+01	4.252556e+01	5.019756e+01
592	1.708021e+01	2.646885e+03	4.176870e+02	3.683910e+02	7.903063e+01	4.264320e+01	5.381196e+01
593	1.710906e+01	2.631006e+03	4.186634e+02	3.687177e+02	7.877944e+01	4.252253e+01	5.767994e+01
594	1.713791e+01	2.642662e+03	4.198898e+02	3.689399e+02	7.949079e+01	4.232870e+01	6.108789e+01
595	1.716676e+01	2.630553e+03	4.209084e+02	3.693047e+02	7.936624e+01	4.220086e+01	6.481174e+01
596	1.719561e+01	2.635768e+03	4.219771e+02	3.696647e+02	7.953206e+01	4.219637e+01	6.842670e+01
597	1.722447e+01	2.633059e+03	4.231567e+02	3.700678e+02	7.963197e+01	4.210011e+01	7.154871e+01
598	1.725332e+01	2.612457e+03	4.243144e+02	3.705580e+02	7.959130e+01	4.179205e+01	7.522623e+01
599	1.728217e+01	2.640110e+03	4.252839e+02	3.711543e+02	7.997754e+01	4.203045e+01	7.854367e+01
600	1.731102e+01	2.635014e+03	4.263209e+02	3.717538e+02	7.962576e+01	4.213466e+01	8.180686e+01
601	1.733987e+01	2.629279e+03	4.272923e+02	3.724425e+02	7.990192e+01	4.189764e+01	8.526232e+01
602	1.736872e+01	2.643954e+03	4.282192e+02	3.732205e+02	8.010464e+01	4.202487e+01	8.869539e+01
603	1.739758e+01	2.629397e+03	4.288586e+02	3.742077e+02	8.004541e+01	4.182441e+01	9.222952e+01
604	1.742643e+01	2.624961e+03	4.297261e+02	3.750632e+02	7.956827e+01	4.200424e+01	9.584563e+01
605	1.745528e+01	2.617656e+03	4.303764e+02	3.759413e+02	7.951914e+01	4.191322e+01	9.945213e+01
606	1.748413e+01	2.617138e+03	4.309085e+02	3.768811e+02	7.913014e+01	4.211093e+01	1.033136e+02
607	1.751298e+01	2.634811e+03	4.319191e+02	3.780167e+02	7.980338e+01	4.203764e+01	1.062822e+02
608	1.754183e+01	2.642472e+03	4.323685e+02	3.790661e+02	7.966100e+01	4.223522e+01	1.098069e+02
609	1.757069e+01	2.654994e+03	4.328005e+02	3.801114e+02	7.997632e+01	4.226805e+01	1.130967e+02
610	1.759954e+01	2.635472e+03	4.331022e+02	3.812213e+02	7.943233e+01	4.224459e+01	1.163892e+02
611	1.762839e+01	2.625769e+03	4.336084e+02	3.823972e+02	7.906928e+01	4.228232e+01	1.200201e+02
612	1.765724e+01	2.636499e+03	4.339005e+02	3.836274e+02	7.911641e+01	4.242981e+01	1.239738e+02
613	1.768609e+01	2.627376e+03	4.340721e+02	3.847233e+02	7.911926e+01	4.228148e+01	1.271897e+02
614	1.771495e+01	2.627357e+03	4.342024e+02	3.860141e+02	7.911292e+01	4.228455e+01	1.308141e+02
615	1.774380e+01	2.633341e+03	4.342706e+02	3.871439e+02	7.891757e+01	4.248577e+01	1.341555e+02
616	1.777265e+01	2.640507e+03	4.341598e+02	3.884033e+02	7.911587e+01	4.249461e+01	1.381597e+02
617	1.780150e+01	2.651175e+03	4.340863e+02	3.895934e+02	7.941293e+01	4.250669e+01	1.412029e+02
618	1.783035e+01	2.625922e+03	4.339537e+02	3.907645e+02	7.879803e+01	4.243034e+01	1.446060e+02
619	1.785920e+01	2.627103e+03	4.337686e+02	3.922541e+02	7.887048e+01	4.241043e+01	1.480006e+02
620	1.788806e+01	2.622281e+03	4.332986e+02	3.933038e+02	7.886179e+01	4.233726e+01	1.519506e+02
621	1.791691e+01	2.611198e+03	4.329280e+02	3.943803e+02	7.861903e+01	4.228851e+01	1.555932e+02
622	1.794576e+01	2.623173e+03	4.325295e+02	3.957603e+02	7.874843e+01	4.241262e+01	1.588635e+02
623	1.797461e+01	2.613862e+03	4.319442e+02	3.968765e+02	7.869572e+01	4.229039e+01	1.624912e+02
624	1.800346e+01	2.619875e+03	4.314389e+02	3.979047e+02	7.887630e+01	4.229064e+01	1.660495e+02
625	1.803231e+01	2.621785e+03	4.307181e+02	3.989964e+02	7.879765e+01	4.236370e+01	1.689731e+02
626	1.806117e+01	2.632151e+03	4.300647e+02	3.999662e+02	7.870403e+01	4.258179e+01	1.728759e+02
627	1.809002e+01	2.627251e+03	4.292094e+02	4.010386e+02	7.852734e+01	4.259816e+01	1.765341e+02
628	1.811887e+01	2.617463e+03	4.284289e+02	4.018611e+02	7.820960e+01	4.261188e+01	1.799676e+02
629	1.814772e+01	2.636608e+03	4.274955e+02	4.028170e+02	7.864486e+01	4.268599e+01	3.998405e+00
630	1.817657e+01	2.602850e+03	4.265500e+02	4.035926e+02	7.789285e+01	4.254628e+01	7.606013e+00
631	1.820542e+01	2.619105e+03	4.256561e+02	4.041510e+02	7.808837e+01	4.270480e+01	1.183228e+01
632	1.823428e+01	2.613667e+03	4.246902e+02	4.048445e+02	7.830971e+01	4.249568e+01	1.499057e+01
633	1.826313e+01	2.623602e+03	4.235832e+02	4.053423e+02	7.858780e+01	4.250627e+01	1.879619e+01
634	1.829198e+01	2.615232e+03	4.224496e+02	4.058974e+02	7.840546e+01	4.246919e+01	2.205627e+01
635	1.832083e+01	2.631417e+03	4.213467e+02	4.064317e+02	7.859068e+01	4.263133e+01	2.634491e+01
636	1.834968e+01	2.626673e+03	4.202514e+02	4.066047e+02	7.879207e+01	4.244569e+01	3.021983e+01
637	1.837853e+01	2.635875e+03	4.189815e+02	4.070517e+02	7.906559e+01	4.244704e+01	3.414077e+01
638	1.840739e+01	2.628400e+03	4.179216e+02	4.072397e+02	7.899421e+01	4.236491e+01	3.766382e+01
639	1.843624e+01	2.635385e+03	4.167002e+02	4.073623e+02	7.916618e+01	4.238522e+01	4.144621e+01
640	1.846509e+01	2.621188e+03	4.155341e+02	4.074041e+02	7.911482e+01	4.218426e+01	4.502946e+01
641	1.849394e+01	2.638020e+03	4.143177e+02	4.074099e+02	7.957422e+01	4.221004e+01	4.873411e+01
642	1.852279e+01	2.641417e+03	4.131357e+02	4.073042e+02	7.961012e+01	4.224533e+01	5.226760e+01
643	1.855164e+01	2.633244e+03	4.118099e+02	4.072417e+02	7.947121e+01	4.218823e+01	5.590534e+01
644	1.858050e+01	2.619922e+03	4.106400e+02	4.070579e+02	7.918102e+01	4.212863e+01	5.962238e+01
645	1.860935e+01	2.614846e+03	4.093945e+02	4.066314e+02	7.938597e+01	4.193846e+01	6.304370e+01
646	1.863820e+01	2.624571e+03	4.083020e+02	4.062216e+02	7.982294e+01	4.186399e+01	6.661655e+01
647	1.866705e+01	2.619173e+03	4.071760e+02	4.057892e+02	7.967154e+01	4.185729e+01	7.028185e+01
648	1.869590e+01	2.612457e+03	4.060027e+02	4.052785e+02	7.943159e+01	4.187608e+01	7.382568e+01
649	1.872475e+01	2.623041e+03	4.048862e+02	4.046462e+02	7.999226e+01	4.175103e+01	7.697286e+01
650	1.875361e+01	2.617433e+03	4.039000e+02	4.039911e+02	7.986978e+01	4.172565e+01	8.058668e+01
651	1.878246e+01	2.611378e+03	4.030214e+02	4.032565e+02	8.002854e+01	4.154655e+01	8.404527e+01
652	1.881131e+01	2.608724e+03	4.020217e+02	4.024095e+02	8.012917e+01	4.145220e+01	8.705424e+01
653	1.884016e+01	2.620014e+03	4.011490e+02	4.013815e+02	7.992966e+01	4.173552e+01	9.036745e+01
654	1.886901e+01	2.618166e+03	4.002872e+02	4.004815e+02	8.012322e+01	4.160533e+01	9.325905e+01
655	1.889786e+01	2.629620e+03	3.995028e+02	3.995241e+02	7.985808e+01	4.192607e+01	9.688522e+01
656	1.892672e+01	2.639174e+03	3.987810e+02	3.984103e+02	8.010177e+01	4.195039e+01	1.002717e+02
657	1.895557e+01	2.629517e+03	3.981878e+02	3.972695e+02	7.970361e+01	4.200570e+01	1.032003e+02
658	1.898442e+01	2.635983e+03	3.975923e+02	3.962583e+02	7.984344e+01	4.203524e+01	1.065608e+02
659	1.901327e+01	2.636694e+03	3.971366e+02	3.951062e+02	7.960135e+01	4.217445e+01	1.100679e+02
660	1.904212e+01	2.637938e+03	3.967240e+02	3.939860e+02	7.952939e+01	4.223252e+01	1.134566e+02
661	1.907098e+01	2.644332e+03	3.964264e+02	3.929225e+02	7.947187e+01	4.236553e+01	1.168715e+02
662	1.909983e+01	2.660091e+03	3.959408e+02	3.915807e+02	7.983196e+01	4.242579e+01	1.203924e+02
663	1.912868e+01	2.658607e+03	3.958361e+02	3.905369e+02	7.956779e+01	4.254289e+01	1.239515e+02
664	1.915753e+01	2.644638e+03	3.955965e+02	3.891830e+02	7.888633e+01	4.268493e+01	1.273349e+02
665	1.918638e+01	2.647502e+03	3.954989e+02	3.879982e+02	7.904728e+01	4.264416e+01	1.305047e+02
666	1.921523e+01	2.660140e+03	3.954844e+02	3.866906e+02	7.943840e+01	4.263676e+01	1.344336e+02
667	1.924409e+01	2.657629e+03	3.955124e+02	3.855876e+02	7.902177e+01	4.282110e+01	1.374956e+02
668	1.927294e+01	2.648788e+03	3.955915e+02	3.842463e+02	7.858975e+01	4.291325e+01	1.412079e+02
669	1.930179e+01	2.660524e+03	3.957470e+02	3.829818e+02	7.892554e+01	4.292001e+01	1.450494e+02
670	1.933064e+01	2.667782e+03	3.960693e+02	3.818223e+02	7.897236e+01	4.301158e+01	1.483359e+02
671	1.935949e+01	2.668958e+03	3.964372e+02	3.808152e+02	7.882662e+01	4.311008e+01	1.520183e+02
672	1.938834e+01	2.660044e+03	3.967780e+02	3.795175e+02	7.889233e+01	4.293032e+01	1.559332e+02
673	1.941720e+01	2.668719e+03	3.972293e+02	3.782995e+02	7.928506e+01	4.285699e+01	1.592062e+02
674	1.944605e+01	2.668603e+03	3.976847e+02	3.772753e+02	7.901846e+01	4.299972e+01	1.629263e+02
675	1.947490e+01	2.660691e+03	3.984269e+02	3.762888e+02	7.899202e+01	4.288658e+01	1.667042e+02
676	1.950375e+01	2.676349e+03	3.990793e+02	3.751254e+02	7.907358e+01	4.309446e+01	1.701410e+02
677	1.953260e+01	2.655373e+03	3.997729e+02	3.742829e+02	7.888569e+01	4.285854e+01	1.735751e+02
678	1.956145e+01	2.651519e+03	4.006197e+02	3.733110e+02	7.861614e+01	4.294307e+01	1.769139e+02
679	1.959031e+01	2.629799e+03	4.013652e+02	3.726494e+02	7.789193e+01	4.298730e+01	5.163221e-02
680	1.961916e+01	2.652571e+03	4.023400e+02	3.716333e+02	7.874135e+01	4.289179e+01	4.294339e+00
681	1.964801e+01	2.666098e+03	4.033112e+02	3.707573e+02	7.890206e+01	4.302272e+01	7.995703e+00
682	1.967686e+01	2.680117e+03	4.043450e+02	3.699886e+02	7.908321e+01	4.314988e+01	1.191074e+01
683	1.970571e+01	2.677002e+03	4.053577e+02	3.694383e+02	7.926927e+01	4.299857e+01	1.525407e+01
684	1.973456e+01	2.678040e+03	4.064069e+02	3.687926e+02	7.949178e+01	4.289484e+01	1.902729e+01
685	1.976342e+01	2.657222e+03	4.073234e+02	3.683279e+02	7.907790e+01	4.278415e+01	2.254815e+01
686	1.979227e+01	2.672719e+03	4.086378e+02	3.677104e+02	7.945066e+01	4.283176e+01	2.612938e+01
687	1.982112e+01	2.662194e+03	4.097613e+02	3.675171e+02	7.902451e+01	4.289317e+01	2.947748e+01
688	1.984997e+01	2.660831e+03	4.110108e+02	3.671981e+02	7.906668e+01	4.284834e+01	3.299591e+01
689	1.987882e+01	2.666297e+03	4.121814e+02	3.669785e+02	7.951860e+01	4.269233e+01	3.650837e+01
690	1.990767e+01	2.655209e+03	4.134320e+02	3.668921e+02	7.917366e+01	4.270002e+01	4.003282e+01
691	1.993653e+01	2.646134e+03	4.148320e+02	3.669249e+02	7.889710e+01	4.270325e+01	4.365676e+01
692	1.996538e+01	2.643547e+03	4.161404e+02	3.669492e+02	7.909966e+01	4.255225e+01	4.672079e+01
693	1.999423e+01	2.641324e+03	4.197203e+02	3.676932e+02	7.932165e+01	4.239748e+01	5.755243e+01
694	2.002308e+01	2.633837e+03	4.208550e+02	3.680605e+02	7.930777e+01	4.228470e+01	6.108039e+01
695	2.005193e+01	2.642186e+03	4.219879e+02	3.685396e+02	7.952911e+01	4.230068e+01	6.464104e+01
696	2.008078e+01	2.629465e+03	4.232895e+02	3.692388e+02	7.924048e+01	4.225037e+01	6.792924e+01
697	2.010964e+01	2.630890e+03	4.245520e+02	3.698573e+02	7.940478e+01	4.218579e+01	7.088596e+01
698	2.013849e+01	2.630293e+03	4.257443e+02	3.705965e+02	7.957629e+01	4.208530e+01	7.409563e+01
699	2.016734e+01	2.631694e+03	4.270374e+02	3.713084e+02	7.965072e+01	4.206838e+01	7.717826e+01
700	2.019619e+01	2.632276e+03	4.281162e+02	3.723281e+02	7.978028e+01	4.200936e+01	7.985947e+01
701	2.022504e+01	2.636966e+03	4.294015e+02	3.731793e+02	8.015614e+01	4.188686e+01	8.297950e+01
702	2.025389e+01	2.622359e+03	4.301717e+02	3.742940e+02	7.959256e+01	4.194979e+01	8.642855e+01
703	2.028275e+01	2.630614e+03	4.310643e+02	3.753120e+02	7.979674e+01	4.197416e+01	8.995621e+01
704	2.031160e+01	2.630564e+03	4.318600e+02	3.764218e+02	7.975459e+01	4.199556e+01	9.303581e+01
705	2.034045e+01	2.630828e+03	4.328320e+02	3.775967e+02	8.008041e+01	4.182888e+01	9.602728e+01
706	2.036930e+01	2.626920e+03	4.334292e+02	3.787628e+02	7.995201e+01	4.183383e+01	9.919142e+01
707	2.039815e+01	2.621721e+03	4.341660e+02	3.799147e+02	7.980981e+01	4.182542e+01	1.025514e+02
708	2.042701e+01	2.638382e+03	4.349050e+02	3.811331e+02	8.001975e+01	4.198079e+01	1.055887e+02
709	2.045586e+01	2.641596e+03	4.354133e+02	3.822933e+02	7.986376e+01	4.211402e+01	1.089563e+02
710	2.048471e+01	2.631034e+03	4.357772e+02	3.833973e+02	7.936473e+01	4.220939e+01	1.119233e+02
711	2.051356e+01	2.620246e+03	4.362733e+02	3.846372e+02	7.931557e+01	4.206237e+01	1.156572e+02
712	2.054241e+01	2.622001e+03	4.364368e+02	3.858839e+02	7.911478e+01	4.219736e+01	1.187880e+02
713	2.057126e+01	2.620316e+03	4.368607e+02	3.872124e+02	7.900681e+01	4.222787e+01	1.224797e+02
714	2.060012e+01	2.616501e+03	4.370828e+02	3.885085e+02	7.871188e+01	4.232439e+01	1.256885e+02
715	2.062897e+01	2.615845e+03	4.371777e+02	3.898079e+02	7.876898e+01	4.228311e+01	1.290143e+02
716	2.065782e+01	2.633801e+03	4.372029e+02	3.909872e+02	7.910410e+01	4.239299e+01	1.319292e+02
717	2.068667e+01	2.628123e+03	4.374271e+02	3.922679e+02	7.904520e+01	4.233313e+01	1.354759e+02
718	2.071552e+01	2.635370e+03	4.372636e+02	3.935425e+02	7.923206e+01	4.234974e+01	1.386241e+02
719	2.074437e+01	2.619801e+03	4.371718e+02	3.948630e+02	7.897562e+01	4.223625e+01	1.418981e+02
720	2.077323e+01	2.636487e+03	4.368107e+02	3.961480e+02	7.924437e+01	4.236111e+01	1.449741e+02
721	2.080208e+01	2.628057e+03	4.365661e+02	3.974795e+02	7.902689e+01	4.234188e+01	1.482334e+02
722	2.083093e+01	2.623258e+03	4.360919e+02	3.985712e+02	7.878370e+01	4.239502e+01	1.519079e+02
723	2.085978e+01	2.604005e+03	4.357409e+02	4.001705e+02	7.856293e+01	4.220212e+01	1.552376e+02
724	2.088863e+01	2.626706e+03	4.351879e+02	4.011719e+02	7.919584e+01	4.222981e+01	1.585835e+02
725	2.091748e+01	2.634615e+03	4.347238e+02	4.024219e+02	7.884367e+01	4.254617e+01	1.621661e+02
726	2.094634e+01	2.642916e+03	4.340835e+02	4.034628e+02	7.919678e+01	4.248993e+01	1.656738e+02
727	2.097519e+01	2.621255e+03	4.335186e+02	4.047828e+02	7.857711e+01	4.247403e+01	1.689070e+02
728	2.100404e+01	2.622955e+03	4.325881e+02	4.055154e+02	7.846746e+01	4.256096e+01	1.722090e+02
729	2.103289e+01	2.640354e+03	4.318253e+02	4.065389e+02	7.895331e+01	4.257964e+01	1.759395e+02
730	2.106174e+01	2.634743e+03	4.310531e+02	4.076198e+02	7.852331e+01	4.272182e+01	1.790934e+02
731	2.109059e+01	2.622074e+03	4.301025e+02	4.083816e+02	7.827333e+01	4.265218e+01	2.803771e+00
732	2.111945e+01	2.639996e+03	4.290978e+02	4.091903e+02	7.854012e+01	4.279784e+01	6.817690e+00
733	2.114830e+01	2.619314e+03	4.280771e+02	4.098945e+02	7.831535e+01	4.258442e+01	1.019919e+01
734	2.117715e+01	2.627313e+03	4.271055e+02	4.106042e+02	7.816467e+01	4.279682e+01	1.467501e+01
735	2.120600e+01	2.633317e+03	4.259994e+02	4.111697e+02	7.886771e+01	4.251225e+01	1.800692e+01
736	2.123485e+01	2.646330e+03	4.249418e+02	4.116276e+02	7.905727e+01	4.261989e+01	2.185335e+01
737	2.126370e+01	2.637707e+03	4.238287e+02	4.120075e+02	7.880387e+01	4.261761e+01	2.554348e+01
738	2.129256e+01	2.655997e+03	4.225852e+02	4.124998e+02	7.922715e+01	4.268385e+01	2.893209e+01
739	2.132141e+01	2.628390e+03	4.214046e+02	4.127596e+02	7.891041e+01	4.240975e+01	3.276089e+01
740	2.135026e+01	2.625885e+03	4.199568e+02	4.130694e+02	7.896197e+01	4.234166e+01	3.624258e+01
741	2.137911e+01	2.620830e+03	4.188135e+02	4.131731e+02	7.885059e+01	4.231984e+01	3.964027e+01
742	2.140796e+01	2.622950e+03	4.176208e+02	4.132132e+02	7.893175e+01	4.231052e+01	4.347441e+01
743	2.143681e+01	2.635075e+03	4.162503e+02	4.132798e+02	7.937946e+01	4.226637e+01	4.710299e+01
744	2.146567e+01	2.630362e+03	4.151450e+02	4.131170e+02	7.913291e+01	4.232222e+01	5.053092e+01
745	2.149452e+01	2.622051e+03	4.139723e+02	4.129815e+02	7.937527e+01	4.205969e+01	5.396848e+01
746	2.152337e+01	2.627341e+03	4.126344e+02	4.127727e+02	7.914838e+01	4.226536e+01	5.745235e+01
747	2.155222e+01	2.624355e+03	4.115755e+02	4.124167e+02	7.946006e+01	4.205172e+01	6.105431e+01
748	2.158107e+01	2.631305e+03	4.103710e+02	4.120042e+02	7.937070e+01	4.221055e+01	6.440027e+01
749	2.160992e+01	2.626049e+03	4.092729e+02	4.115617e+02	7.964613e+01	4.198056e+01	6.805279e+01
750	2.163878e+01	2.618923e+03	4.080215e+02	4.111442e+02	7.985184e+01	4.175879e+01	7.157896e+01
751	2.166763e+01	2.614885e+03	4.070098e+02	4.105158e+02	7.974189e+01	4.175190e+01	7.509042e+01
752	2.169648e+01	2.620872e+03	4.060226e+02	4.099796e+02	7.972255e+01	4.185764e+01	7.828248e+01
753	2.172533e+01	2.620641e+03	4.051478e+02	4.092512e+02	8.004694e+01	4.168434e+01	8.165738e+01
754	2.175418e+01	2.617880e+03	4.041132e+02	4.085564e+02	7.995737e+01	4.168707e+01	8.509834e+01
755	2.178304e+01	2.611830e+03	4.031281e+02	4.077408e+02	7.974944e+01	4.169916e+01	8.835937e+01
756	2.181189e+01	2.646527e+03	4.022685e+02	4.069433e+02	8.005556e+01	4.209156e+01	9.191292e+01
757	2.184074e+01	2.622642e+03	4.015474e+02	4.059903e+02	7.985977e+01	4.181394e+01	9.486804e+01
758	2.186959e+01	2.627467e+03	4.009135e+02	4.051338e+02	8.002909e+01	4.180224e+01	9.857488e+01
759	2.189844e+01	2.643737e+03	4.000285e+02	4.039810e+02	8.010955e+01	4.201884e+01	1.017430e+02
760	2.192729e+01	2.628763e+03	3.994582e+02	4.027778e+02	7.982011e+01	4.193235e+01	1.046636e+02
761	2.195615e+01	2.630160e+03	3.988559e+02	4.014692e+02	7.967512e+01	4.203099e+01	1.081206e+02
762	2.198500e+01	2.638877e+03	3.983476e+02	4.002451e+02	7.935944e+01	4.233802e+01	1.111281e+02
763	2.201385e+01	2.629388e+03	3.979925e+02	3.990747e+02	7.932616e+01	4.220349e+01	1.141267e+02
764	2.204270e+01	2.654129e+03	3.977699e+02	3.978922e+02	7.955089e+01	4.248026e+01	1.177736e+02
765	2.207155e+01	2.660115e+03	3.974783e+02	3.966777e+02	7.948905e+01	4.260918e+01	1.211222e+02
766	2.210040e+01	2.667323e+03	3.970158e+02	3.954057e+02	7.930852e+01	4.282190e+01	1.239956e+02
767	2.212926e+01	2.647650e+03	3.969450e+02	3.941802e+02	7.913802e+01	4.259763e+01	1.278371e+02
768	2.215811e+01	2.656332e+03	3.968722e+02	3.928859e+02	7.898299e+01	4.282120e+01	1.314753e+02
769	2.218696e+01	2.643448e+03	3.968813e+02	3.917850e+02	7.878349e+01	4.272142e+01	1.351973e+02
770	2.221581e+01	2.641275e+03	3.970297e+02	3.907875e+02	7.872019e+01	4.272063e+01	1.381835e+02
771	2.224466e+01	2.661206e+03	3.970648e+02	3.894787e+02	7.905826e+01	4.285894e+01	1.421086e+02
772	2.227351e+01	2.668280e+03	3.971031e+02	3.880249e+02	7.907282e+01	4.296495e+01	1.456379e+02
773	2.230237e+01	2.663569e+03	3.975621e+02	3.869560e+02	7.894225e+01	4.296002e+01	1.495142e+02
774	2.233122e+01	2.678477e+03	3.977969e+02	3.853725e+02	7.932326e+01	4.299298e+01	1.532560e+02
775	2.236007e+01	2.670019e+03	3.982093e+02	3.844026e+02	7.901922e+01	4.302211e+01	1.562912e+02
776	2.238892e+01	2.668735e+03	3.985898e+02	3.832680e+02	7.898569e+01	4.301968e+01	1.598409e+02
777	2.241777e+01	2.669558e+03	3.991691e+02	3.822327e+02	7.916935e+01	4.293312e+01	1.635895e+02
778	2.244662e+01	2.666654e+03	3.997618e+02	3.814159e+02	7.857427e+01	4.321121e+01	1.668774e+02
779	2.247548e+01	2.679010e+03	4.003802e+02	3.801931e+02	7.910831e+01	4.311836e+01	1.706722e+02
780	2.250433e+01	2.675043e+03	4.010267e+02	3.793113e+02	7.891000e+01	4.316272e+01	1.741320e+02
781	2.253318e+01	2.673343e+03	4.018505e+02	3.783129e+02	7.883579e+01	4.317589e+01	1.777001e+02
782	2.256203e+01	2.662924e+03	4.026858e+02	3.777273e+02	7.899174e+01	4.292273e+01	1.179272e+00
783	2.259088e+01	2.660606e+03	4.035216e+02	3.768978e+02	7.903435e+01	4.286223e+01	4.547589e+00
784	2.261973e+01	2.675026e+03	4.044695e+02	3.759443e+02	7.889242e+01	4.317207e+01	8.313903e+00
785	2.264859e+01	2.667539e+03	4.055358e+02	3.751626e+02	7.905807e+01	4.296104e+01	1.183571e+01
786	2.267744e+01	2.672561e+03	4.064807e+02	3.745431e+02	7.910963e+01	4.301386e+01	1.560684e+01
787	2.270629e+01	2.682810e+03	4.077382e+02	3.739091e+02	7.928746e+01	4.308197e+01	1.904949e+01
788	2.273514e+01	2.673779e+03	4.088972e+02	3.735333e+02	7.958209e+01	4.277798e+01	2.255465e+01
789	2.276399e+01	2.670182e+03	4.101073e+02	3.732005e+02	7.925988e+01	4.289411e+01	2.598355e+01
790	2.279284e+01	2.663287e+03	4.115380e+02	3.729479e+02	7.892472e+01	4.296503e+01	2.901025e+01
791	2.282170e+01	2.684425e+03	4.129379e+02	3.728415e+02	7.932487e+01	4.308758e+01	3.258877e+01
792	2.285055e+01	2.682990e+03	4.143394e+02	3.727402e+02	7.975517e+01	4.283220e+01	3.609139e+01
793	2.287940e+01	2.667660e+03	4.156287e+02	3.727139e+02	7.929563e+01	4.283427e+01	3.956335e+01
794	2.290825e+01	2.658205e+03	4.170348e+02	3.727407e+02	7.908051e+01	4.279856e+01	4.324743e+01
795	2.293710e+01	2.662245e+03	4.183267e+02	3.727491e+02	7.939545e+01	4.269358e+01	4.706539e+01
796	2.296595e+01	2.658108e+03	4.195501e+02	3.729294e+02	7.921382e+01	4.272497e+01	5.041201e+01
797	2.299481e+01	2.654988e+03	4.207752e+02	3.731973e+02	7.921661e+01	4.267332e+01	5.393616e+01
798	2.302366e+01	2.644265e+03	4.220542e+02	3.736653e+02	7.933736e+01	4.243628e+01	5.700213e+01
799	2.305251e+01	2.641240e+03	4.235330e+02	3.740981e+02	7.915443e+01	4.248569e+01	6.047115e+01
