1	2.872738e-02	2.603397e+03	4.287310e+02	3.245967e+02	7.945564e+01	4.171823e+01	7.466541e+01
2	5.745475e-02	2.599674e+03	4.305060e+02	3.248169e+02	7.929375e+01	4.174361e+01	7.726939e+01
3	8.618213e-02	2.613941e+03	4.321554e+02	3.251193e+02	7.955460e+01	4.183508e+01	7.932672e+01
4	1.149095e-01	2.606742e+03	4.339035e+02	3.255974e+02	7.976171e+01	4.161153e+01	8.142097e+01
5	1.436369e-01	2.611566e+03	4.355266e+02	3.261913e+02	8.004518e+01	4.154090e+01	8.436305e+01
6	1.723643e-01	2.605323e+03	4.372442e+02	3.268800e+02	7.972037e+01	4.161044e+01	8.682347e+01
7	2.010916e-01	2.604009e+03	4.389765e+02	3.276898e+02	8.017708e+01	4.135256e+01	8.929649e+01
8	2.298190e-01	2.600309e+03	4.405037e+02	3.283479e+02	7.975969e+01	4.150989e+01	9.133424e+01
9	2.585464e-01	2.611513e+03	4.421032e+02	3.292712e+02	7.976521e+01	4.168587e+01	9.351719e+01
10	2.872738e-01	2.603222e+03	4.434627e+02	3.302358e+02	7.948817e+01	4.169835e+01	9.599709e+01
11	3.160011e-01	2.601977e+03	4.447227e+02	3.312862e+02	7.985239e+01	4.148830e+01	9.894318e+01
12	3.447285e-01	2.615367e+03	4.460475e+02	3.322186e+02	7.980559e+01	4.172626e+01	1.010768e+02
13	3.734559e-01	2.620054e+03	4.475388e+02	3.335104e+02	8.013454e+01	4.162944e+01	1.035810e+02
14	4.021833e-01	2.616247e+03	4.488448e+02	3.346559e+02	7.960793e+01	4.184394e+01	1.056389e+02
15	4.309107e-01	2.614936e+03	4.501804e+02	3.357975e+02	7.956338e+01	4.184639e+01	1.079529e+02
16	4.596380e-01	2.620019e+03	4.515126e+02	3.371597e+02	7.955531e+01	4.193198e+01	1.103246e+02
17	4.883654e-01	2.622047e+03	4.524842e+02	3.384324e+02	7.923174e+01	4.213582e+01	1.129666e+02
18	5.170928e-01	2.606271e+03	4.537684e+02	3.398460e+02	7.937792e+01	4.180516e+01	1.153186e+02
19	5.458202e-01	2.608245e+03	4.548257e+02	3.412661e+02	7.891550e+01	4.208199e+01	1.178099e+02
20	5.745475e-01	2.612776e+03	4.560003e+02	3.428986e+02	7.927443e+01	4.196423e+01	1.202898e+02
21	6.032749e-01	2.623945e+03	4.569553e+02	3.442960e+02	7.901398e+01	4.228252e+01	1.227153e+02
22	6.320023e-01	2.631100e+03	4.578232e+02	3.460797e+02	7.890333e+01	4.245728e+01	1.252633e+02
23	6.607297e-01	2.612415e+03	4.587624e+02	3.476710e+02	7.868285e+01	4.227390e+01	1.272438e+02
24	6.894571e-01	2.627362e+03	4.591385e+02	3.492396e+02	7.888882e+01	4.240476e+01	1.306131e+02
25	7.181844e-01	2.628359e+03	4.596795e+02	3.510119e+02	7.921566e+01	4.224582e+01	1.334411e+02
26	7.469118e-01	2.632344e+03	4.602742e+02	3.529416e+02	7.935426e+01	4.223597e+01	1.360479e+02
27	7.756392e-01	2.619926e+03	4.605482e+02	3.545486e+02	7.900395e+01	4.222313e+01	1.387483e+02
28	8.043666e-01	2.628093e+03	4.610353e+02	3.563798e+02	7.902514e+01	4.234338e+01	1.414025e+02
29	8.330939e-01	2.621651e+03	4.613365e+02	3.582192e+02	7.861622e+01	4.245930e+01	1.436858e+02
30	8.618213e-01	2.619276e+03	4.615466e+02	3.601777e+02	7.898524e+01	4.222265e+01	1.460834e+02
31	8.905487e-01	2.634984e+03	4.618157e+02	3.619047e+02	7.893874e+01	4.250087e+01	1.482256e+02
32	9.192761e-01	2.611137e+03	4.620156e+02	3.636303e+02	7.891849e+01	4.212705e+01	1.511250e+02
33	9.480034e-01	2.646185e+03	4.622465e+02	3.653178e+02	7.918492e+01	4.254884e+01	1.536447e+02
34	9.767308e-01	2.621983e+03	4.622130e+02	3.670512e+02	7.891381e+01	4.230454e+01	1.562994e+02
35	1.005458e+00	2.619865e+03	4.620603e+02	3.688426e+02	7.927811e+01	4.207613e+01	1.584415e+02
36	1.034186e+00	2.617399e+03	4.620381e+02	3.709988e+02	7.875527e+01	4.231559e+01	1.600675e+02
37	1.062913e+00	2.618886e+03	4.620250e+02	3.726891e+02	7.897077e+01	4.222409e+01	1.625250e+02
38	1.091640e+00	2.631238e+03	4.619945e+02	3.743439e+02	7.886407e+01	4.248064e+01	1.646237e+02
39	1.120368e+00	2.630188e+03	4.619501e+02	3.761371e+02	7.898630e+01	4.239798e+01	1.666647e+02
40	1.149095e+00	2.643099e+03	4.614063e+02	3.779083e+02	7.870525e+01	4.275824e+01	1.688128e+02
41	1.177822e+00	2.632239e+03	4.611368e+02	3.797306e+02	7.908772e+01	4.237663e+01	1.715424e+02
42	1.206550e+00	2.632683e+03	4.606532e+02	3.813954e+02	7.892966e+01	4.246865e+01	1.736129e+02
43	1.235277e+00	2.635859e+03	4.603279e+02	3.830834e+02	7.886918e+01	4.255249e+01	1.758237e+02
44	1.264005e+00	2.641678e+03	4.596434e+02	3.847518e+02	7.864710e+01	4.276685e+01	1.782183e+02
45	1.292732e+00	2.653507e+03	4.590457e+02	3.864225e+02	7.900062e+01	4.276613e+01	7.412473e-01
46	1.321459e+00	2.645233e+03	4.584454e+02	3.881812e+02	7.869916e+01	4.279607e+01	2.377786e+00
47	1.350187e+00	2.652149e+03	4.576023e+02	3.898552e+02	7.874951e+01	4.288054e+01	5.208964e+00
48	1.378914e+00	2.649368e+03	4.569955e+02	3.914801e+02	7.851942e+01	4.296110e+01	7.369763e+00
49	1.407641e+00	2.659240e+03	4.561041e+02	3.930057e+02	7.913424e+01	4.278616e+01	9.886810e+00
50	1.436369e+00	2.651045e+03	4.552978e+02	3.944486e+02	7.905875e+01	4.269502e+01	1.177842e+01
51	1.465096e+00	2.641538e+03	4.541743e+02	3.959576e+02	7.876070e+01	4.270291e+01	1.433436e+01
52	1.493824e+00	2.638196e+03	4.529651e+02	3.975392e+02	7.880778e+01	4.262339e+01	1.693263e+01
53	1.522551e+00	2.634302e+03	4.522226e+02	3.989165e+02	7.850581e+01	4.272419e+01	1.910059e+01
54	1.551278e+00	2.640938e+03	4.509601e+02	4.004195e+02	7.859853e+01	4.278129e+01	2.153854e+01
55	1.580006e+00	2.638511e+03	4.498688e+02	4.015445e+02	7.871066e+01	4.268108e+01	2.357030e+01
56	1.608733e+00	2.649572e+03	4.483844e+02	4.029179e+02	7.894063e+01	4.273515e+01	2.640984e+01
57	1.637460e+00	2.657799e+03	4.473353e+02	4.039886e+02	7.939073e+01	4.262481e+01	2.821527e+01
58	1.666188e+00	2.643929e+03	4.459765e+02	4.052111e+02	7.888502e+01	4.267420e+01	3.077447e+01
59	1.694915e+00	2.645329e+03	4.444401e+02	4.063943e+02	7.904331e+01	4.261129e+01	3.295182e+01
60	1.723643e+00	2.646643e+03	4.430898e+02	4.072353e+02	7.914475e+01	4.257782e+01	3.569482e+01
61	1.752370e+00	2.631956e+03	4.416609e+02	4.084626e+02	7.868337e+01	4.258982e+01	3.807768e+01
62	1.781097e+00	2.633725e+03	4.402199e+02	4.092797e+02	7.862504e+01	4.265005e+01	4.030601e+01
63	1.809825e+00	2.643920e+03	4.384867e+02	4.102869e+02	7.889375e+01	4.266934e+01	4.243754e+01
64	1.838552e+00	2.632747e+03	4.369351e+02	4.111278e+02	7.892888e+01	4.247010e+01	4.503118e+01
65	1.867280e+00	2.648831e+03	4.353955e+02	4.118167e+02	7.929837e+01	4.253046e+01	4.718697e+01
66	1.896007e+00	2.646608e+03	4.336127e+02	4.125499e+02	7.924586e+01	4.252293e+01	4.970200e+01
67	1.924734e+00	2.635752e+03	4.320192e+02	4.130270e+02	7.896596e+01	4.249861e+01	5.244905e+01
68	1.953462e+00	2.634524e+03	4.302835e+02	4.136995e+02	7.916840e+01	4.237020e+01	5.437103e+01
69	1.982189e+00	2.647838e+03	4.286653e+02	4.140772e+02	7.947589e+01	4.241955e+01	5.660335e+01
70	2.010916e+00	2.643460e+03	4.270894e+02	4.144937e+02	7.990408e+01	4.212247e+01	5.920913e+01
71	2.039644e+00	2.646373e+03	4.254504e+02	4.147442e+02	7.968496e+01	4.228486e+01	6.148099e+01
72	2.068371e+00	2.645373e+03	4.237600e+02	4.150903e+02	7.985884e+01	4.217684e+01	6.352005e+01
73	2.097099e+00	2.650736e+03	4.219639e+02	4.152545e+02	7.991561e+01	4.223233e+01	6.569003e+01
74	2.125826e+00	2.644786e+03	4.201234e+02	4.153523e+02	7.982106e+01	4.218744e+01	6.834838e+01
75	2.154553e+00	2.621035e+03	4.181838e+02	4.155164e+02	7.986220e+01	4.178704e+01	7.038414e+01
76	2.183281e+00	2.641480e+03	4.165337e+02	4.154971e+02	8.029831e+01	4.188428e+01	7.273856e+01
77	2.212008e+00	2.636040e+03	4.147399e+02	4.153574e+02	8.016317e+01	4.186848e+01	7.488241e+01
78	2.240735e+00	2.630726e+03	4.129535e+02	4.152787e+02	8.021099e+01	4.175917e+01	7.686069e+01
79	2.269463e+00	2.630100e+03	4.111242e+02	4.150439e+02	7.996317e+01	4.187862e+01	7.903468e+01
80	2.298190e+00	2.626318e+03	4.092816e+02	4.147580e+02	8.021644e+01	4.168637e+01	8.110329e+01
81	2.326918e+00	2.638349e+03	4.075955e+02	4.144846e+02	8.029995e+01	4.183378e+01	8.253751e+01
82	2.355645e+00	2.631825e+03	4.060014e+02	4.139580e+02	8.003666e+01	4.186761e+01	8.512939e+01
83	2.384372e+00	2.629000e+03	4.041693e+02	4.134435e+02	8.008548e+01	4.179717e+01	8.769712e+01
84	2.413100e+00	2.632796e+03	4.025429e+02	4.129178e+02	7.992523e+01	4.194144e+01	8.975711e+01
85	2.441827e+00	2.625902e+03	4.009411e+02	4.122887e+02	8.008817e+01	4.174653e+01	9.175392e+01
86	2.470554e+00	2.618014e+03	3.994583e+02	4.116729e+02	7.984949e+01	4.174552e+01	9.400117e+01
87	2.499282e+00	2.647858e+03	3.978081e+02	4.109355e+02	8.016132e+01	4.205716e+01	9.554901e+01
88	2.528009e+00	2.637926e+03	3.963345e+02	4.099316e+02	8.031332e+01	4.182011e+01	9.791396e+01
89	2.556737e+00	2.651746e+03	3.946805e+02	4.090748e+02	8.022298e+01	4.208655e+01	1.000728e+02
90	2.585464e+00	2.631965e+03	3.933659e+02	4.080199e+02	7.996309e+01	4.190836e+01	1.019954e+02
91	2.614191e+00	2.646556e+03	3.917815e+02	4.067446e+02	8.011831e+01	4.205904e+01	1.043276e+02
92	2.642919e+00	2.640408e+03	3.905315e+02	4.056420e+02	7.991385e+01	4.206871e+01	1.068531e+02
93	2.671646e+00	2.654527e+03	3.891872e+02	4.043429e+02	8.011960e+01	4.218505e+01	1.091432e+02
94	2.700373e+00	2.648890e+03	3.878741e+02	4.031130e+02	8.006284e+01	4.212531e+01	1.111824e+02
95	2.729101e+00	2.635512e+03	3.867751e+02	4.020016e+02	7.921391e+01	4.236172e+01	1.132992e+02
96	2.757828e+00	2.654161e+03	3.855396e+02	4.006408e+02	7.975069e+01	4.237434e+01	1.157222e+02
97	2.786556e+00	2.648161e+03	3.844391e+02	3.993210e+02	7.947531e+01	4.242505e+01	1.178573e+02
98	2.815283e+00	2.636617e+03	3.832198e+02	3.977711e+02	7.915454e+01	4.241127e+01	1.202178e+02
99	2.844010e+00	2.649473e+03	3.822995e+02	3.962271e+02	7.926747e+01	4.255735e+01	1.228567e+02
100	2.872738e+00	2.642580e+03	3.814372e+02	3.948414e+02	7.901189e+01	4.258394e+01	1.247725e+02
101	2.901465e+00	2.651092e+03	3.805587e+02	3.933663e+02	7.915144e+01	4.264578e+01	1.273275e+02
102	2.930192e+00	2.672193e+03	3.795443e+02	3.916922e+02	7.940919e+01	4.284570e+01	1.296063e+02
103	2.958920e+00	2.674006e+03	3.788330e+02	3.901652e+02	7.939917e+01	4.288018e+01	1.318674e+02
104	2.987647e+00	2.669067e+03	3.781519e+02	3.884696e+02	7.948497e+01	4.275477e+01	1.340597e+02
105	3.016375e+00	2.657035e+03	3.775587e+02	3.867983e+02	7.921869e+01	4.270509e+01	1.368765e+02
106	3.045102e+00	2.663955e+03	3.770584e+02	3.849560e+02	7.917041e+01	4.284243e+01	1.395429e+02
107	3.073829e+00	2.675452e+03	3.766177e+02	3.832658e+02	7.932280e+01	4.294467e+01	1.415569e+02
108	3.102557e+00	2.658231e+03	3.762805e+02	3.817548e+02	7.895251e+01	4.286837e+01	1.438297e+02
109	3.131284e+00	2.668228e+03	3.758675e+02	3.798185e+02	7.912900e+01	4.293361e+01	1.469507e+02
110	3.160011e+00	2.661127e+03	3.755142e+02	3.781969e+02	7.899606e+01	4.289140e+01	1.487536e+02
111	3.188739e+00	2.665820e+03	3.753772e+02	3.762551e+02	7.912592e+01	4.289653e+01	1.515904e+02
112	3.217466e+00	2.661893e+03	3.753755e+02	3.747534e+02	7.919984e+01	4.279337e+01	1.540356e+02
113	3.246194e+00	2.658921e+03	3.754971e+02	3.730180e+02	7.879402e+01	4.296573e+01	1.561323e+02
114	3.274921e+00	2.664209e+03	3.754408e+02	3.709939e+02	7.880794e+01	4.304358e+01	1.588075e+02
115	3.303648e+00	2.667582e+03	3.756282e+02	3.695286e+02	7.895117e+01	4.301989e+01	1.609282e+02
116	3.332376e+00	2.672606e+03	3.756772e+02	3.675878e+02	7.907639e+01	4.303267e+01	1.633076e+02
117	3.361103e+00	2.670664e+03	3.759444e+02	3.659603e+02	7.894064e+01	4.307534e+01	1.653569e+02
118	3.389831e+00	2.673369e+03	3.762883e+02	3.641477e+02	7.915354e+01	4.300299e+01	1.677866e+02
119	3.418558e+00	2.646386e+03	3.767175e+02	3.624284e+02	7.887560e+01	4.271896e+01	1.701429e+02
120	3.447285e+00	2.654243e+03	3.771143e+02	3.606432e+02	7.871499e+01	4.293322e+01	1.725240e+02
121	3.476013e+00	2.657439e+03	3.774854e+02	3.591295e+02	7.882955e+01	4.292244e+01	1.749709e+02
122	3.504740e+00	2.632707e+03	3.778170e+02	3.574758e+02	7.856570e+01	4.266578e+01	1.770156e+02
123	3.533467e+00	2.641618e+03	3.783650e+02	3.558356e+02	7.832538e+01	4.294155e+01	1.797493e+02
124	3.562195e+00	2.636281e+03	3.789073e+02	3.541399e+02	7.846871e+01	4.277651e+01	1.618609e+00
125	3.590922e+00	2.651035e+03	3.797270e+02	3.524430e+02	7.872389e+01	4.287647e+01	4.677896e+00
126	3.619650e+00	2.637924e+03	3.806512e+02	3.509854e+02	7.903498e+01	4.249649e+01	6.771122e+00
127	3.648377e+00	2.650994e+03	3.815008e+02	3.492788e+02	7.909165e+01	4.267644e+01	8.932953e+00
128	3.677104e+00	2.626572e+03	3.820884e+02	3.479707e+02	7.823045e+01	4.274878e+01	1.039541e+01
129	3.705832e+00	2.643331e+03	3.830078e+02	3.463679e+02	7.847044e+01	4.288995e+01	1.316704e+01
130	3.734559e+00	2.631413e+03	3.840672e+02	3.449413e+02	7.840717e+01	4.273103e+01	1.556394e+01
131	3.763286e+00	2.635199e+03	3.851671e+02	3.436342e+02	7.849266e+01	4.274590e+01	1.773452e+01
132	3.792014e+00	2.633318e+03	3.862503e+02	3.424210e+02	7.840964e+01	4.276061e+01	2.020793e+01
133	3.820741e+00	2.627879e+03	3.875508e+02	3.409595e+02	7.840533e+01	4.267463e+01	2.254516e+01
134	3.849469e+00	2.653485e+03	3.888074e+02	3.396935e+02	7.861326e+01	4.297650e+01	2.518211e+01
135	3.878196e+00	2.637999e+03	3.901215e+02	3.385923e+02	7.853634e+01	4.276752e+01	2.735505e+01
136	3.906923e+00	2.645194e+03	3.917025e+02	3.374628e+02	7.874117e+01	4.277261e+01	3.014296e+01
137	3.935651e+00	2.642994e+03	3.932265e+02	3.364004e+02	7.882482e+01	4.269168e+01	3.307175e+01
138	3.964378e+00	2.645505e+03	3.947742e+02	3.353909e+02	7.902222e+01	4.262550e+01	3.535173e+01
139	3.993105e+00	2.628968e+03	3.962829e+02	3.345657e+02	7.856741e+01	4.260426e+01	3.786457e+01
140	4.021833e+00	2.635778e+03	3.979388e+02	3.337678e+02	7.901292e+01	4.247378e+01	4.058010e+01
141	4.050560e+00	2.637194e+03	3.995723e+02	3.330488e+02	7.893991e+01	4.253590e+01	4.355268e+01
142	4.079288e+00	2.644830e+03	4.011704e+02	3.323035e+02	7.921582e+01	4.251048e+01	4.559380e+01
143	4.108015e+00	2.638224e+03	4.029711e+02	3.317043e+02	7.927136e+01	4.237459e+01	4.824036e+01
144	4.136742e+00	2.624710e+03	4.048655e+02	3.311441e+02	7.926479e+01	4.216103e+01	5.074463e+01
145	4.165470e+00	2.626607e+03	4.062920e+02	3.308960e+02	7.914228e+01	4.225680e+01	5.301722e+01
146	4.194197e+00	2.641070e+03	4.081420e+02	3.305583e+02	7.943997e+01	4.233026e+01	5.593699e+01
147	4.222924e+00	2.618269e+03	4.100181e+02	3.303352e+02	7.908063e+01	4.215550e+01	5.826662e+01
148	4.251652e+00	2.617603e+03	4.116487e+02	3.301268e+02	7.912106e+01	4.212325e+01	6.077494e+01
149	4.280379e+00	2.618339e+03	4.134160e+02	3.300363e+02	7.939561e+01	4.198938e+01	6.324508e+01
150	4.309107e+00	2.613789e+03	4.152494e+02	3.298870e+02	7.910841e+01	4.206860e+01	6.566871e+01
151	4.337834e+00	2.607993e+03	4.170899e+02	3.298544e+02	7.946389e+01	4.178753e+01	6.841365e+01
152	4.366561e+00	2.631385e+03	4.188507e+02	3.300662e+02	7.969277e+01	4.204125e+01	7.070873e+01
153	4.395289e+00	2.608698e+03	4.205991e+02	3.301755e+02	7.908567e+01	4.199873e+01	7.306137e+01
154	4.424016e+00	2.599751e+03	4.222450e+02	3.305422e+02	7.942804e+01	4.167427e+01	7.558144e+01
155	4.452743e+00	2.597557e+03	4.239474e+02	3.308792e+02	7.942002e+01	4.164331e+01	7.771562e+01
156	4.481471e+00	2.601886e+03	4.258099e+02	3.314807e+02	7.954333e+01	4.164804e+01	7.997626e+01
157	4.510198e+00	2.595706e+03	4.277240e+02	3.319750e+02	7.934041e+01	4.165538e+01	8.251897e+01
158	4.538926e+00	2.607823e+03	4.292248e+02	3.325712e+02	7.952948e+01	4.175034e+01	8.512780e+01
159	4.567653e+00	2.610356e+03	4.308908e+02	3.333145e+02	7.966801e+01	4.171823e+01	8.744169e+01
160	4.596380e+00	2.610690e+03	4.326405e+02	3.341161e+02	7.990814e+01	4.159819e+01	8.978580e+01
161	4.625108e+00	2.607270e+03	4.343394e+02	3.348473e+02	7.953525e+01	4.173846e+01	9.205693e+01
162	4.653835e+00	2.598566e+03	4.357587e+02	3.357861e+02	7.951144e+01	4.161159e+01	9.454439e+01
163	4.682562e+00	2.633945e+03	4.372674e+02	3.367135e+02	7.982552e+01	4.201217e+01	9.685935e+01
164	4.711290e+00	2.603627e+03	4.388417e+02	3.377010e+02	7.943723e+01	4.173157e+01	9.934155e+01
165	4.740017e+00	2.618461e+03	4.404204e+02	3.387493e+02	7.959926e+01	4.188391e+01	1.015182e+02
166	4.768745e+00	2.605835e+03	4.416662e+02	3.398351e+02	7.920637e+01	4.188871e+01	1.036911e+02
167	4.797472e+00	2.612768e+03	4.430804e+02	3.410010e+02	7.963046e+01	4.177647e+01	1.062162e+02
168	4.826199e+00	2.626961e+03	4.443103e+02	3.423791e+02	7.984373e+01	4.189121e+01	1.088981e+02
169	4.854927e+00	2.616750e+03	4.454467e+02	3.434547e+02	7.959560e+01	4.185847e+01	1.112673e+02
170	4.883654e+00	2.619214e+03	4.467405e+02	3.448315e+02	7.957205e+01	4.191029e+01	1.137021e+02
171	4.912381e+00	2.622845e+03	4.478641e+02	3.461391e+02	7.935635e+01	4.208246e+01	1.155431e+02
172	4.941109e+00	2.615054e+03	4.488263e+02	3.476928e+02	7.880426e+01	4.225140e+01	1.186584e+02
173	4.969836e+00	2.628054e+03	4.499374e+02	3.491700e+02	7.967089e+01	4.199956e+01	1.207345e+02
174	4.998564e+00	2.623635e+03	4.506717e+02	3.507469e+02	7.905820e+01	4.225388e+01	1.234651e+02
175	5.027291e+00	2.616375e+03	4.515978e+02	3.524147e+02	7.919331e+01	4.206506e+01	1.258697e+02
176	5.056018e+00	2.628262e+03	4.524724e+02	3.540318e+02	7.903424e+01	4.234123e+01	1.285326e+02
177	5.084746e+00	2.614695e+03	4.531899e+02	3.557184e+02	7.888901e+01	4.220021e+01	1.306581e+02
178	5.113473e+00	2.614076e+03	4.539574e+02	3.574109e+02	7.896705e+01	4.214853e+01	1.326498e+02
179	5.142201e+00	2.619427e+03	4.545402e+02	3.590201e+02	7.926830e+01	4.207429e+01	1.349490e+02
180	5.170928e+00	2.614700e+03	4.552316e+02	3.608578e+02	7.894435e+01	4.217071e+01	1.373785e+02
181	5.199655e+00	2.630981e+03	4.558016e+02	3.626924e+02	7.948036e+01	4.214713e+01	1.400695e+02
182	5.228383e+00	2.603937e+03	4.561433e+02	3.644556e+02	7.848124e+01	4.224495e+01	1.425902e+02
183	5.257110e+00	2.627402e+03	4.566520e+02	3.663571e+02	7.924991e+01	4.221218e+01	1.447707e+02
184	5.285837e+00	2.630324e+03	4.570001e+02	3.682162e+02	7.928252e+01	4.224175e+01	1.469522e+02
185	5.314565e+00	2.616381e+03	4.571095e+02	3.701825e+02	7.900221e+01	4.216692e+01	1.491449e+02
186	5.343292e+00	2.624902e+03	4.572763e+02	3.718808e+02	7.905820e+01	4.227428e+01	1.519145e+02
187	5.372020e+00	2.633395e+03	4.572956e+02	3.735324e+02	7.928902e+01	4.228761e+01	1.541832e+02
188	5.400747e+00	2.641321e+03	4.573509e+02	3.753743e+02	7.909589e+01	4.251846e+01	1.567132e+02
189	5.429474e+00	2.622242e+03	4.573018e+02	3.771566e+02	7.871257e+01	4.241688e+01	1.587016e+02
190	5.458202e+00	2.617582e+03	4.571991e+02	3.790823e+02	7.873996e+01	4.232678e+01	1.609227e+02
191	5.486929e+00	2.629764e+03	4.572340e+02	3.807528e+02	7.894071e+01	4.241562e+01	1.623802e+02
192	5.515656e+00	2.626875e+03	4.575586e+02	3.825628e+02	7.904580e+01	4.231269e+01	1.638970e+02
193	5.544384e+00	2.633361e+03	4.571277e+02	3.841829e+02	7.934972e+01	4.225471e+01	1.658727e+02
194	5.573111e+00	2.628129e+03	4.569131e+02	3.859647e+02	7.913826e+01	4.228344e+01	1.683625e+02
195	5.601839e+00	2.645542e+03	4.567128e+02	3.877674e+02	7.899866e+01	4.263881e+01	1.704823e+02
196	5.630566e+00	2.629395e+03	4.563304e+02	3.895428e+02	7.892355e+01	4.241890e+01	1.720325e+02
197	5.659293e+00	2.646836e+03	4.560652e+02	3.910455e+02	7.927149e+01	4.251284e+01	1.746467e+02
198	5.688021e+00	2.650325e+03	4.555562e+02	3.931183e+02	7.888225e+01	4.277893e+01	1.769904e+02
199	5.716748e+00	2.650788e+03	4.549953e+02	3.946093e+02	7.892401e+01	4.276377e+01	1.793936e+02
200	5.745475e+00	2.656681e+03	4.543055e+02	3.962822e+02	7.893101e+01	4.285503e+01	2.149615e+00
201	5.774203e+00	2.649874e+03	4.535563e+02	3.980259e+02	7.866635e+01	4.288904e+01	4.382376e+00
202	5.802930e+00	2.631468e+03	4.527162e+02	3.998797e+02	7.814269e+01	4.287655e+01	6.309679e+00
203	5.831658e+00	2.643925e+03	4.521059e+02	4.011791e+02	7.878712e+01	4.272716e+01	8.666292e+00
204	5.860385e+00	2.641774e+03	4.511341e+02	4.025423e+02	7.907605e+01	4.253641e+01	1.146069e+01
205	5.889112e+00	2.634805e+03	4.501050e+02	4.041471e+02	7.869408e+01	4.263012e+01	1.419801e+01
206	5.917840e+00	2.639925e+03	4.490860e+02	4.056360e+02	7.912931e+01	4.247803e+01	1.602189e+01
207	5.946567e+00	2.652427e+03	4.479902e+02	4.069755e+02	7.922225e+01	4.262913e+01	1.872336e+01
208	5.975294e+00	2.647072e+03	4.468558e+02	4.083262e+02	7.895494e+01	4.268708e+01	2.117528e+01
209	6.004022e+00	2.649344e+03	4.454851e+02	4.096512e+02	7.916842e+01	4.260852e+01	2.361590e+01
210	6.032749e+00	2.655730e+03	4.443517e+02	4.109542e+02	7.915573e+01	4.271808e+01	2.566943e+01
211	6.061477e+00	2.629815e+03	4.428903e+02	4.123634e+02	7.860747e+01	4.259627e+01	2.804651e+01
212	6.090204e+00	2.663244e+03	4.416460e+02	4.135001e+02	7.928400e+01	4.276963e+01	3.044570e+01
213	6.118931e+00	2.654259e+03	4.401193e+02	4.146141e+02	7.904890e+01	4.275211e+01	3.288248e+01
214	6.147659e+00	2.663989e+03	4.385647e+02	4.156799e+02	7.903187e+01	4.291809e+01	3.506372e+01
215	6.176386e+00	2.640598e+03	4.370732e+02	4.166101e+02	7.888898e+01	4.261829e+01	3.771684e+01
216	6.205113e+00	2.653484e+03	4.355636e+02	4.173805e+02	7.934680e+01	4.257916e+01	4.066191e+01
217	6.233841e+00	2.639480e+03	4.341051e+02	4.181879e+02	7.909985e+01	4.248669e+01	4.282105e+01
218	6.262568e+00	2.651030e+03	4.324511e+02	4.188829e+02	7.949315e+01	4.246147e+01	4.605281e+01
219	6.291296e+00	2.644175e+03	4.307501e+02	4.195822e+02	7.916290e+01	4.252837e+01	4.834322e+01
220	6.320023e+00	2.649282e+03	4.291940e+02	4.202683e+02	7.934850e+01	4.251083e+01	5.043367e+01
221	6.348750e+00	2.646929e+03	4.274236e+02	4.208848e+02	7.936696e+01	4.246319e+01	5.278645e+01
222	6.377478e+00	2.644134e+03	4.257141e+02	4.214952e+02	7.935418e+01	4.242519e+01	5.501455e+01
223	6.406205e+00	2.645547e+03	4.238652e+02	4.221145e+02	7.975135e+01	4.223646e+01	5.744820e+01
224	6.434932e+00	2.644099e+03	4.220933e+02	4.223949e+02	7.970493e+01	4.223794e+01	5.967938e+01
225	6.463660e+00	2.652475e+03	4.204384e+02	4.225829e+02	8.008990e+01	4.216806e+01	6.173304e+01
226	6.492387e+00	2.639330e+03	4.186973e+02	4.228377e+02	7.986395e+01	4.207780e+01	6.376944e+01
227	6.521115e+00	2.645980e+03	4.168558e+02	4.230678e+02	8.018893e+01	4.201285e+01	6.623655e+01
228	6.549842e+00	2.641399e+03	4.152204e+02	4.231000e+02	8.009406e+01	4.198980e+01	6.851427e+01
229	6.578569e+00	2.634648e+03	4.134539e+02	4.232015e+02	8.011795e+01	4.186999e+01	7.051295e+01
230	6.607297e+00	2.635188e+03	4.116497e+02	4.232540e+02	8.000507e+01	4.193765e+01	7.283048e+01
231	6.636024e+00	2.635489e+03	4.100225e+02	4.232230e+02	8.011304e+01	4.188593e+01	7.478451e+01
232	6.664752e+00	2.632258e+03	4.081464e+02	4.229556e+02	8.009973e+01	4.184153e+01	7.693227e+01
233	6.693479e+00	2.628633e+03	4.064686e+02	4.226854e+02	7.992576e+01	4.187485e+01	7.908912e+01
234	6.722206e+00	2.625278e+03	4.048037e+02	4.225113e+02	8.007152e+01	4.174528e+01	8.115259e+01
235	6.750934e+00	2.628823e+03	4.031255e+02	4.221337e+02	7.983504e+01	4.192546e+01	8.304408e+01
236	6.779661e+00	2.625311e+03	4.014325e+02	4.216704e+02	7.979265e+01	4.189171e+01	8.557211e+01
237	6.808388e+00	2.635450e+03	3.997736e+02	4.210612e+02	8.032050e+01	4.177712e+01	8.807809e+01
238	6.837116e+00	2.615747e+03	3.980528e+02	4.204789e+02	8.015284e+01	4.155151e+01	9.010950e+01
239	6.865843e+00	2.625964e+03	3.963783e+02	4.197827e+02	8.016326e+01	4.170840e+01	9.214383e+01
240	6.894571e+00	2.621500e+03	3.948807e+02	4.190767e+02	7.989622e+01	4.177665e+01	9.490199e+01
241	6.923298e+00	2.629249e+03	3.934531e+02	4.181457e+02	8.001006e+01	4.184053e+01	9.709860e+01
242	6.952025e+00	2.636939e+03	3.918912e+02	4.173361e+02	8.004504e+01	4.194457e+01	9.935709e+01
243	6.980753e+00	2.632210e+03	3.905008e+02	4.162739e+02	7.976290e+01	4.201746e+01	1.011565e+02
244	7.009480e+00	2.650737e+03	3.888854e+02	4.153529e+02	8.018138e+01	4.209236e+01	1.031912e+02
245	7.038207e+00	2.644350e+03	3.874529e+02	4.142860e+02	7.971322e+01	4.223755e+01	1.054010e+02
246	7.066935e+00	2.623362e+03	3.861798e+02	4.132465e+02	7.957142e+01	4.197699e+01	1.070229e+02
247	7.095662e+00	2.655472e+03	3.847183e+02	4.120051e+02	8.000964e+01	4.225805e+01	1.093081e+02
248	7.124390e+00	2.651624e+03	3.835296e+02	4.108484e+02	7.980624e+01	4.230437e+01	1.115791e+02
249	7.153117e+00	2.657129e+03	3.826835e+02	4.095652e+02	7.973229e+01	4.243151e+01	1.149066e+02
250	7.181844e+00	2.669228e+03	3.816647e+02	4.081877e+02	7.999689e+01	4.248374e+01	1.170830e+02
251	7.210572e+00	2.658617e+03	3.805518e+02	4.068322e+02	7.964669e+01	4.250091e+01	1.194737e+02
252	7.239299e+00	2.654377e+03	3.797108e+02	4.054484e+02	7.948171e+01	4.252121e+01	1.218154e+02
253	7.268026e+00	2.642416e+03	3.788989e+02	4.039529e+02	7.915491e+01	4.250435e+01	1.238235e+02
254	7.296754e+00	2.654107e+03	3.778656e+02	4.023792e+02	7.915698e+01	4.269129e+01	1.264625e+02
255	7.325481e+00	2.656761e+03	3.764384e+02	3.993386e+02	7.929355e+01	4.266038e+01	1.308920e+02
256	7.354209e+00	2.651652e+03	3.756109e+02	3.976410e+02	7.915656e+01	4.265203e+01	1.331909e+02
257	7.382936e+00	2.650610e+03	3.749694e+02	3.961349e+02	7.913335e+01	4.264779e+01	1.350763e+02
258	7.411663e+00	2.645433e+03	3.742325e+02	3.945575e+02	7.877441e+01	4.275843e+01	1.374025e+02
259	7.440391e+00	2.667697e+03	3.737382e+02	3.927493e+02	7.903315e+01	4.297712e+01	1.398018e+02
260	7.469118e+00	2.681015e+03	3.731013e+02	3.911393e+02	7.920081e+01	4.310025e+01	1.417491e+02
261	7.497845e+00	2.670890e+03	3.726523e+02	3.893476e+02	7.874715e+01	4.318483e+01	1.439075e+02
262	7.526573e+00	2.681404e+03	3.721701e+02	3.876337e+02	7.920248e+01	4.310559e+01	1.459972e+02
263	7.555300e+00	2.678266e+03	3.716961e+02	3.858477e+02	7.921250e+01	4.304970e+01	1.479323e+02
264	7.584028e+00	2.663041e+03	3.715620e+02	3.842322e+02	7.898181e+01	4.293000e+01	1.499321e+02
265	7.612755e+00	2.679621e+03	3.713503e+02	3.824838e+02	7.904688e+01	4.316173e+01	1.524250e+02
266	7.641482e+00	2.667215e+03	3.713707e+02	3.807910e+02	7.899914e+01	4.298786e+01	1.550680e+02
267	7.670210e+00	2.668938e+03	3.714399e+02	3.789856e+02	7.905361e+01	4.298598e+01	1.581356e+02
268	7.698937e+00	2.656854e+03	3.715249e+02	3.772901e+02	7.880531e+01	4.292619e+01	1.598990e+02
269	7.727664e+00	2.665934e+03	3.716427e+02	3.753588e+02	7.865108e+01	4.315736e+01	1.620493e+02
270	7.756392e+00	2.675858e+03	3.720378e+02	3.737474e+02	7.913967e+01	4.305058e+01	1.647156e+02
271	7.785119e+00	2.648022e+03	3.722830e+02	3.721895e+02	7.857676e+01	4.290793e+01	1.667909e+02
272	7.813847e+00	2.668493e+03	3.726096e+02	3.703046e+02	7.888093e+01	4.307291e+01	1.692117e+02
273	7.842574e+00	2.659173e+03	3.729853e+02	3.686166e+02	7.869900e+01	4.302169e+01	1.714199e+02
274	7.871301e+00	2.665855e+03	3.735388e+02	3.668068e+02	7.888283e+01	4.302929e+01	1.746239e+02
275	7.900029e+00	2.641844e+03	3.741050e+02	3.654386e+02	7.839144e+01	4.290902e+01	1.763843e+02
276	7.928756e+00	2.653562e+03	3.747715e+02	3.637274e+02	7.854376e+01	4.301577e+01	1.790582e+02
277	7.957483e+00	2.660598e+03	3.755387e+02	3.621212e+02	7.876841e+01	4.300682e+01	1.708827e+00
278	7.986211e+00	2.660011e+03	3.763378e+02	3.604296e+02	7.879337e+01	4.298372e+01	4.559532e+00
279	8.014938e+00	2.643398e+03	3.772421e+02	3.590598e+02	7.846889e+01	4.289189e+01	6.606696e+00
280	8.043666e+00	2.637331e+03	3.779900e+02	3.577749e+02	7.846803e+01	4.279392e+01	8.905653e+00
281	8.072393e+00	2.659153e+03	3.792980e+02	3.559706e+02	7.910152e+01	4.280245e+01	1.257024e+01
282	8.101120e+00	2.654512e+03	3.802593e+02	3.546619e+02	7.889484e+01	4.283968e+01	1.443426e+01
283	8.129848e+00	2.627327e+03	3.812229e+02	3.533468e+02	7.820921e+01	4.277267e+01	1.671803e+01
284	8.158575e+00	2.646780e+03	3.825965e+02	3.515705e+02	7.874433e+01	4.279655e+01	1.940982e+01
285	8.187302e+00	2.649488e+03	3.838642e+02	3.503301e+02	7.890965e+01	4.275058e+01	2.213610e+01
286	8.216030e+00	2.659448e+03	3.852372e+02	3.490209e+02	7.925456e+01	4.272453e+01	2.457451e+01
287	8.244757e+00	2.645164e+03	3.864895e+02	3.479770e+02	7.882731e+01	4.272539e+01	2.699376e+01
288	8.273485e+00	2.641269e+03	3.880339e+02	3.468340e+02	7.889261e+01	4.262717e+01	2.983011e+01
289	8.302212e+00	2.630318e+03	3.894558e+02	3.458244e+02	7.872923e+01	4.253851e+01	3.186914e+01
290	8.330939e+00	2.649243e+03	3.910877e+02	3.448694e+02	7.904000e+01	4.267612e+01	3.438987e+01
291	8.359667e+00	2.644179e+03	3.925514e+02	3.441286e+02	7.891203e+01	4.266363e+01	3.742012e+01
292	8.388394e+00	2.639582e+03	3.940477e+02	3.430828e+02	7.881193e+01	4.264354e+01	4.007304e+01
293	8.417122e+00	2.628922e+03	3.955792e+02	3.424316e+02	7.882321e+01	4.246525e+01	4.246646e+01
294	8.445849e+00	2.647257e+03	3.973004e+02	3.417761e+02	7.903331e+01	4.264774e+01	4.489852e+01
295	8.474576e+00	2.651006e+03	3.990374e+02	3.410369e+02	7.917413e+01	4.263218e+01	4.791486e+01
296	8.503304e+00	2.638188e+03	4.008647e+02	3.407905e+02	7.883224e+01	4.261004e+01	5.036868e+01
297	8.532031e+00	2.647581e+03	4.025632e+02	3.403618e+02	7.942490e+01	4.244267e+01	5.311054e+01
298	8.560758e+00	2.636492e+03	4.044773e+02	3.399305e+02	7.903930e+01	4.247110e+01	5.574804e+01
299	8.589486e+00	2.627584e+03	4.062233e+02	3.395626e+02	7.910992e+01	4.228981e+01	5.812525e+01
300	8.618213e+00	2.629667e+03	4.079097e+02	3.395927e+02	7.919675e+01	4.227694e+01	6.089943e+01
301	8.646941e+00	2.622441e+03	4.095285e+02	3.394720e+02	7.946149e+01	4.202029e+01	6.344484e+01
302	8.675668e+00	2.624711e+03	4.112724e+02	3.394909e+02	7.948792e+01	4.204269e+01	6.583810e+01
303	8.704395e+00	2.626063e+03	4.131649e+02	3.394991e+02	7.948206e+01	4.206745e+01	6.822340e+01
304	8.733123e+00	2.614164e+03	4.149261e+02	3.394370e+02	7.948226e+01	4.187672e+01	7.057922e+01
305	8.761850e+00	2.620283e+03	4.167838e+02	3.396636e+02	7.923110e+01	4.210781e+01	7.276994e+01
306	8.790577e+00	2.597001e+03	4.183192e+02	3.399714e+02	7.932269e+01	4.168547e+01	7.555321e+01
307	8.819305e+00	2.625326e+03	4.201997e+02	3.402333e+02	7.987287e+01	4.184987e+01	7.733727e+01
308	8.848032e+00	2.607279e+03	4.219583e+02	3.406538e+02	7.944231e+01	4.178744e+01	7.950037e+01
309	8.876760e+00	2.624428e+03	4.237133e+02	3.411847e+02	8.001921e+01	4.175903e+01	8.176103e+01
310	8.905487e+00	2.623520e+03	4.255867e+02	3.416527e+02	7.964056e+01	4.194307e+01	8.410104e+01
311	8.934214e+00	2.624430e+03	4.273803e+02	3.421917e+02	7.986753e+01	4.183838e+01	8.590517e+01
312	8.962942e+00	2.624948e+03	4.290485e+02	3.429476e+02	7.961111e+01	4.198142e+01	8.828567e+01
313	8.991669e+00	2.618841e+03	4.306689e+02	3.437245e+02	7.972057e+01	4.182625e+01	9.061900e+01
314	9.020396e+00	2.631482e+03	4.322840e+02	3.446009e+02	7.973888e+01	4.201849e+01	9.295882e+01
315	9.049124e+00	2.613921e+03	4.337638e+02	3.457342e+02	7.941019e+01	4.191084e+01	9.550106e+01
316	9.077851e+00	2.628030e+03	4.353536e+02	3.465911e+02	7.971693e+01	4.197492e+01	9.805219e+01
317	9.106579e+00	2.615163e+03	4.368020e+02	3.476801e+02	7.959742e+01	4.183213e+01	1.002554e+02
318	9.135306e+00	2.596281e+03	4.380275e+02	3.488428e+02	7.897588e+01	4.185692e+01	1.028652e+02
319	9.164033e+00	2.616421e+03	4.396405e+02	3.499978e+02	7.944087e+01	4.193472e+01	1.051187e+02
320	9.192761e+00	2.604503e+03	4.409502e+02	3.513360e+02	7.915057e+01	4.189681e+01	1.077651e+02
321	9.221488e+00	2.612702e+03	4.423988e+02	3.525029e+02	7.957293e+01	4.180561e+01	1.094200e+02
322	9.250215e+00	2.633763e+03	4.437156e+02	3.537948e+02	7.992133e+01	4.195890e+01	1.115022e+02
323	9.278943e+00	2.633170e+03	4.447561e+02	3.552027e+02	7.967134e+01	4.208109e+01	1.144957e+02
324	9.307670e+00	2.638239e+03	4.459057e+02	3.568386e+02	7.979021e+01	4.209928e+01	1.164017e+02
325	9.336398e+00	2.630022e+03	4.469680e+02	3.583128e+02	7.926581e+01	4.224580e+01	1.191136e+02
326	9.365125e+00	2.644052e+03	4.481503e+02	3.598896e+02	7.944533e+01	4.237520e+01	1.215379e+02
327	9.393852e+00	2.634262e+03	4.490470e+02	3.612105e+02	7.941769e+01	4.223298e+01	1.232829e+02
328	9.422580e+00	2.634468e+03	4.497701e+02	3.627659e+02	7.948125e+01	4.220252e+01	1.257146e+02
329	9.451307e+00	2.642873e+03	4.508303e+02	3.645995e+02	7.940115e+01	4.237987e+01	1.281017e+02
330	9.480034e+00	2.633195e+03	4.515287e+02	3.662591e+02	7.912784e+01	4.237052e+01	1.302815e+02
331	9.508762e+00	2.634761e+03	4.523402e+02	3.681154e+02	7.922974e+01	4.234120e+01	1.328467e+02
332	9.537489e+00	2.640910e+03	4.528527e+02	3.697511e+02	7.966106e+01	4.221022e+01	1.352070e+02
333	9.566217e+00	2.637038e+03	4.535511e+02	3.714621e+02	7.926180e+01	4.236064e+01	1.374786e+02
334	9.594944e+00	2.623072e+03	4.540391e+02	3.733005e+02	7.900050e+01	4.227567e+01	1.399236e+02
335	9.623671e+00	2.643185e+03	4.546354e+02	3.748888e+02	7.939789e+01	4.238661e+01	1.422350e+02
336	9.652399e+00	2.630552e+03	4.551600e+02	3.767913e+02	7.882220e+01	4.249213e+01	1.439488e+02
337	9.681126e+00	2.622194e+03	4.554748e+02	3.787358e+02	7.916212e+01	4.217524e+01	1.464376e+02
338	9.709853e+00	2.639400e+03	4.557819e+02	3.804713e+02	7.932550e+01	4.236454e+01	1.486566e+02
339	9.738581e+00	2.626788e+03	4.559050e+02	3.822522e+02	7.908666e+01	4.228943e+01	1.512221e+02
340	9.767308e+00	2.619601e+03	4.562285e+02	3.844564e+02	7.874527e+01	4.235658e+01	1.527001e+02
341	9.796036e+00	2.626737e+03	4.564093e+02	3.861306e+02	7.906390e+01	4.230079e+01	1.554201e+02
342	9.824763e+00	2.631292e+03	4.563580e+02	3.879706e+02	7.899476e+01	4.241123e+01	1.576575e+02
343	9.853490e+00	2.628075e+03	4.564334e+02	3.898330e+02	7.891036e+01	4.240469e+01	1.592967e+02
344	9.882218e+00	2.624461e+03	4.562887e+02	3.916543e+02	7.883073e+01	4.238914e+01	1.618694e+02
345	9.910945e+00	2.648483e+03	4.563789e+02	3.935465e+02	7.912125e+01	4.262006e+01	1.633915e+02
346	9.939673e+00	2.618759e+03	4.562503e+02	3.955465e+02	7.873199e+01	4.235009e+01	1.653363e+02
347	9.968400e+00	2.652317e+03	4.559422e+02	3.970060e+02	7.896561e+01	4.276589e+01	1.683069e+02
348	9.997127e+00	2.638866e+03	4.554861e+02	3.986509e+02	7.898447e+01	4.253886e+01	1.707722e+02
349	1.002585e+01	2.620498e+03	4.551956e+02	4.006491e+02	7.794340e+01	4.280698e+01	1.728730e+02
350	1.005458e+01	2.634417e+03	4.547405e+02	4.023336e+02	7.904088e+01	4.243682e+01	1.757204e+02
351	1.008331e+01	2.648284e+03	4.544391e+02	4.039024e+02	7.901378e+01	4.267484e+01	1.777076e+02
352	1.011204e+01	2.619403e+03	4.538896e+02	4.058941e+02	7.857119e+01	4.244721e+01	1.795042e+02
353	1.014076e+01	2.621556e+03	4.532407e+02	4.074148e+02	7.846265e+01	4.254086e+01	2.190722e+00
354	1.016949e+01	2.628947e+03	4.526157e+02	4.090723e+02	7.838273e+01	4.270430e+01	4.529201e+00
355	1.019822e+01	2.645572e+03	4.517701e+02	4.106657e+02	7.849950e+01	4.291042e+01	7.059156e+00
356	1.022695e+01	2.637283e+03	4.509057e+02	4.123697e+02	7.840849e+01	4.282563e+01	9.364684e+00
357	1.025567e+01	2.630776e+03	4.499439e+02	4.139374e+02	7.841608e+01	4.271583e+01	1.151225e+01
358	1.028440e+01	2.638962e+03	4.489203e+02	4.153752e+02	7.858176e+01	4.275841e+01	1.457157e+01
359	1.031313e+01	2.639034e+03	4.479014e+02	4.169689e+02	7.890187e+01	4.258609e+01	1.659147e+01
360	1.034186e+01	2.654462e+03	4.470488e+02	4.183714e+02	7.908992e+01	4.273322e+01	1.890976e+01
361	1.037058e+01	2.639274e+03	4.458778e+02	4.198775e+02	7.869771e+01	4.270045e+01	2.090739e+01
362	1.039931e+01	2.641117e+03	4.448068e+02	4.210788e+02	7.879992e+01	4.267485e+01	2.297302e+01
363	1.042804e+01	2.645499e+03	4.434340e+02	4.226021e+02	7.868880e+01	4.280601e+01	2.527557e+01
364	1.045677e+01	2.650529e+03	4.422393e+02	4.238538e+02	7.889363e+01	4.277606e+01	2.760597e+01
365	1.048549e+01	2.648919e+03	4.409346e+02	4.250365e+02	7.908363e+01	4.264736e+01	2.989790e+01
366	1.051422e+01	2.648319e+03	4.397498e+02	4.260182e+02	7.926863e+01	4.253819e+01	3.236949e+01
367	1.054295e+01	2.635495e+03	4.383744e+02	4.272778e+02	7.891911e+01	4.251969e+01	3.489815e+01
368	1.057167e+01	2.659534e+03	4.370086e+02	4.283023e+02	7.959063e+01	4.254550e+01	3.720296e+01
369	1.060040e+01	2.657819e+03	4.354501e+02	4.292796e+02	7.941280e+01	4.261329e+01	3.982591e+01
370	1.062913e+01	2.660311e+03	4.339214e+02	4.302790e+02	7.930048e+01	4.271366e+01	4.198905e+01
371	1.065786e+01	2.647650e+03	4.321591e+02	4.313135e+02	7.910872e+01	4.261342e+01	4.448475e+01
372	1.068658e+01	2.650046e+03	4.306354e+02	4.319813e+02	7.909460e+01	4.265959e+01	4.656042e+01
373	1.071531e+01	2.644699e+03	4.290602e+02	4.327816e+02	7.927930e+01	4.247433e+01	4.842761e+01
374	1.074404e+01	2.655217e+03	4.274690e+02	4.334105e+02	7.951247e+01	4.251821e+01	5.054225e+01
375	1.077277e+01	2.649655e+03	4.256892e+02	4.341432e+02	7.922520e+01	4.258298e+01	5.293723e+01
376	1.080149e+01	2.647180e+03	4.238883e+02	4.347116e+02	7.928297e+01	4.251220e+01	5.503929e+01
377	1.083022e+01	2.636636e+03	4.219515e+02	4.351333e+02	7.941019e+01	4.227503e+01	5.761486e+01
378	1.085895e+01	2.643030e+03	4.202446e+02	4.356046e+02	7.981225e+01	4.216409e+01	5.953672e+01
379	1.088768e+01	2.641805e+03	4.185449e+02	4.359610e+02	7.980571e+01	4.214799e+01	6.113601e+01
380	1.091640e+01	2.655304e+03	4.167367e+02	4.363052e+02	7.979617e+01	4.236843e+01	6.339039e+01
381	1.094513e+01	2.641492e+03	4.151938e+02	4.365500e+02	7.993011e+01	4.207740e+01	6.531826e+01
382	1.097386e+01	2.657041e+03	4.135855e+02	4.366612e+02	8.009916e+01	4.223577e+01	6.752656e+01
383	1.100259e+01	2.637931e+03	4.115963e+02	4.367722e+02	7.999309e+01	4.198760e+01	7.002735e+01
384	1.103131e+01	2.645436e+03	4.097283e+02	4.365210e+02	8.019418e+01	4.200148e+01	7.205180e+01
385	1.106004e+01	2.640502e+03	4.079363e+02	4.363586e+02	8.030506e+01	4.186525e+01	7.441592e+01
386	1.108877e+01	2.625073e+03	4.061346e+02	4.362712e+02	7.990813e+01	4.182737e+01	7.630550e+01
387	1.111749e+01	2.641504e+03	4.044833e+02	4.358623e+02	8.009451e+01	4.199123e+01	7.861266e+01
388	1.114622e+01	2.634199e+03	4.025359e+02	4.355188e+02	8.005225e+01	4.189721e+01	8.082571e+01
389	1.117495e+01	2.641920e+03	4.009133e+02	4.351096e+02	7.987089e+01	4.211543e+01	8.281519e+01
390	1.120368e+01	2.621256e+03	3.990351e+02	4.347030e+02	8.014099e+01	4.164520e+01	8.469528e+01
391	1.123240e+01	2.616231e+03	3.972930e+02	4.340766e+02	7.966658e+01	4.181288e+01	8.667124e+01
392	1.126113e+01	2.612181e+03	3.954995e+02	4.334725e+02	7.978165e+01	4.168794e+01	8.879414e+01
393	1.128986e+01	2.627279e+03	3.939662e+02	4.328729e+02	8.006792e+01	4.177896e+01	9.083178e+01
394	1.131859e+01	2.623369e+03	3.923563e+02	4.321082e+02	7.966605e+01	4.192723e+01	9.289902e+01
395	1.134731e+01	2.627257e+03	3.907784e+02	4.314095e+02	8.008280e+01	4.177087e+01	9.508397e+01
396	1.137604e+01	2.629209e+03	3.891496e+02	4.306809e+02	7.996362e+01	4.186420e+01	9.710391e+01
397	1.140477e+01	2.637923e+03	3.874759e+02	4.296088e+02	8.009349e+01	4.193484e+01	9.951440e+01
398	1.143350e+01	2.642869e+03	3.861505e+02	4.286841e+02	8.015578e+01	4.198082e+01	1.014855e+02
399	1.146222e+01	2.642211e+03	3.847976e+02	4.276605e+02	7.974314e+01	4.218755e+01	1.032237e+02
400	1.149095e+01	2.633193e+03	3.833267e+02	4.266295e+02	7.977468e+01	4.202693e+01	1.055284e+02
401	1.151968e+01	2.647982e+03	3.820337e+02	4.255326e+02	8.007057e+01	4.210680e+01	1.078558e+02
402	1.154841e+01	2.658622e+03	3.804480e+02	4.244172e+02	8.020038e+01	4.220757e+01	1.098631e+02
403	1.157713e+01	2.650987e+03	3.792734e+02	4.230625e+02	7.982934e+01	4.228197e+01	1.120617e+02
404	1.160586e+01	2.656679e+03	3.778882e+02	4.218369e+02	7.964096e+01	4.247297e+01	1.141615e+02
405	1.163459e+01	2.650239e+03	3.767285e+02	4.205532e+02	7.981808e+01	4.227600e+01	1.162121e+02
406	1.166332e+01	2.662911e+03	3.756341e+02	4.191246e+02	7.957912e+01	4.260569e+01	1.186046e+02
407	1.169204e+01	2.658954e+03	3.747272e+02	4.178733e+02	7.970239e+01	4.247659e+01	1.204029e+02
408	1.172077e+01	2.654499e+03	3.736491e+02	4.164708e+02	7.925372e+01	4.264547e+01	1.230339e+02
409	1.174950e+01	2.658711e+03	3.729463e+02	4.150905e+02	7.918044e+01	4.275267e+01	1.256832e+02
410	1.177822e+01	2.662162e+03	3.719777e+02	4.133824e+02	7.922856e+01	4.278218e+01	1.276553e+02
411	1.180695e+01	2.681067e+03	3.710767e+02	4.119053e+02	7.938330e+01	4.300200e+01	1.297014e+02
412	1.183568e+01	2.659303e+03	3.703264e+02	4.103075e+02	7.888877e+01	4.292030e+01	1.319864e+02
413	1.186441e+01	2.656928e+03	3.697495e+02	4.087232e+02	7.881463e+01	4.292230e+01	1.342410e+02
414	1.189313e+01	2.667398e+03	3.691284e+02	4.072785e+02	7.899857e+01	4.299111e+01	1.364166e+02
415	1.192186e+01	2.667752e+03	3.684821e+02	4.056408e+02	7.909210e+01	4.294597e+01	1.388129e+02
416	1.195059e+01	2.669047e+03	3.680550e+02	4.039425e+02	7.911632e+01	4.295367e+01	1.403289e+02
417	1.197932e+01	2.669321e+03	3.677079e+02	4.024026e+02	7.900865e+01	4.301662e+01	1.429235e+02
418	1.200804e+01	2.661627e+03	3.675564e+02	4.008500e+02	7.890450e+01	4.294925e+01	1.457013e+02
419	1.203677e+01	2.669768e+03	3.672882e+02	3.988526e+02	7.910649e+01	4.297061e+01	1.482114e+02
420	1.206550e+01	2.672176e+03	3.670679e+02	3.971147e+02	7.920124e+01	4.295791e+01	1.503484e+02
421	1.209423e+01	2.669308e+03	3.669199e+02	3.954029e+02	7.919623e+01	4.291452e+01	1.530991e+02
422	1.212295e+01	2.671538e+03	3.667971e+02	3.935787e+02	7.903393e+01	4.303857e+01	1.549670e+02
423	1.215168e+01	2.689742e+03	3.668383e+02	3.920740e+02	7.913475e+01	4.327663e+01	1.582798e+02
424	1.218041e+01	2.665236e+03	3.672733e+02	3.906604e+02	7.893558e+01	4.299054e+01	1.622448e+02
425	1.220914e+01	2.681135e+03	3.673515e+02	3.889664e+02	7.916209e+01	4.312326e+01	1.646608e+02
426	1.223786e+01	2.680269e+03	3.673833e+02	3.873874e+02	7.901014e+01	4.319224e+01	1.668963e+02
427	1.226659e+01	2.679440e+03	3.677800e+02	3.857355e+02	7.867619e+01	4.336215e+01	1.689710e+02
428	1.229532e+01	2.674100e+03	3.681863e+02	3.841619e+02	7.901451e+01	4.309044e+01	1.713214e+02
429	1.232404e+01	2.663228e+03	3.686670e+02	3.825186e+02	7.885506e+01	4.300203e+01	1.738518e+02
430	1.235277e+01	2.669792e+03	3.688792e+02	3.807642e+02	7.909067e+01	4.297960e+01	1.763520e+02
431	1.238150e+01	2.673994e+03	3.694996e+02	3.792050e+02	7.890312e+01	4.314956e+01	1.781563e+02
432	1.241023e+01	2.676818e+03	3.700821e+02	3.778849e+02	7.887906e+01	4.320831e+01	4.808930e-01
433	1.243895e+01	2.669238e+03	3.707285e+02	3.761163e+02	7.917799e+01	4.292328e+01	2.555419e+00
434	1.246768e+01	2.664997e+03	3.714766e+02	3.745426e+02	7.884978e+01	4.303347e+01	4.931134e+00
435	1.249641e+01	2.657746e+03	3.720764e+02	3.733004e+02	7.838824e+01	4.316907e+01	7.161783e+00
436	1.252514e+01	2.641816e+03	3.731200e+02	3.716144e+02	7.866231e+01	4.276082e+01	9.313910e+00
437	1.255386e+01	2.646115e+03	3.739759e+02	3.701351e+02	7.869377e+01	4.281328e+01	1.118143e+01
438	1.258259e+01	2.631383e+03	3.749208e+02	3.688364e+02	7.789252e+01	4.301287e+01	1.295535e+01
439	1.261132e+01	2.665284e+03	3.763617e+02	3.669279e+02	7.922198e+01	4.283590e+01	1.697420e+01
440	1.264005e+01	2.652846e+03	3.774564e+02	3.657910e+02	7.855352e+01	4.299883e+01	1.943663e+01
441	1.266877e+01	2.674156e+03	3.788922e+02	3.643467e+02	7.954784e+01	4.280243e+01	2.212880e+01
442	1.269750e+01	2.672972e+03	3.800179e+02	3.631266e+02	7.924039e+01	4.294949e+01	2.456801e+01
443	1.272623e+01	2.663199e+03	3.816774e+02	3.618488e+02	7.935228e+01	4.273210e+01	2.730141e+01
444	1.275496e+01	2.668799e+03	3.829511e+02	3.608034e+02	7.959508e+01	4.269135e+01	2.947275e+01
445	1.278368e+01	2.665196e+03	3.844121e+02	3.597419e+02	7.934454e+01	4.276832e+01	3.207793e+01
446	1.281241e+01	2.674167e+03	3.859385e+02	3.589282e+02	7.948936e+01	4.283410e+01	3.533710e+01
447	1.284114e+01	2.651561e+03	3.875268e+02	3.580579e+02	7.875096e+01	4.287024e+01	3.790598e+01
448	1.286986e+01	2.660947e+03	3.892118e+02	3.570318e+02	7.935551e+01	4.269423e+01	4.012658e+01
449	1.289859e+01	2.660735e+03	3.909017e+02	3.562703e+02	7.916880e+01	4.279152e+01	4.264294e+01
450	1.292732e+01	2.646895e+03	3.925185e+02	3.555303e+02	7.910207e+01	4.260484e+01	4.529298e+01
451	1.295605e+01	2.649627e+03	3.943365e+02	3.549212e+02	7.918010e+01	4.260679e+01	4.774965e+01
452	1.298477e+01	2.645473e+03	3.960482e+02	3.543283e+02	7.930006e+01	4.247564e+01	5.004831e+01
453	1.301350e+01	2.634199e+03	3.978770e+02	3.536608e+02	7.899862e+01	4.245601e+01	5.261930e+01
454	1.304223e+01	2.634806e+03	3.996387e+02	3.533763e+02	7.902329e+01	4.245254e+01	5.532379e+01
455	1.307096e+01	2.651774e+03	4.013592e+02	3.530181e+02	7.958057e+01	4.242673e+01	5.757929e+01
456	1.309968e+01	2.635062e+03	4.030979e+02	3.528359e+02	7.896429e+01	4.248839e+01	5.969226e+01
457	1.312841e+01	2.637511e+03	4.048151e+02	3.525502e+02	7.913584e+01	4.243568e+01	6.186255e+01
458	1.315714e+01	2.635324e+03	4.066058e+02	3.523252e+02	7.939451e+01	4.226235e+01	6.398082e+01
459	1.318587e+01	2.634380e+03	4.103952e+02	3.523444e+02	7.962128e+01	4.212688e+01	6.854884e+01
460	1.321459e+01	2.631603e+03	4.121681e+02	3.525107e+02	7.952036e+01	4.213589e+01	7.096413e+01
461	1.324332e+01	2.633592e+03	4.139147e+02	3.526401e+02	7.963088e+01	4.210920e+01	7.322813e+01
462	1.327205e+01	2.604986e+03	4.156157e+02	3.527469e+02	7.903725e+01	4.196466e+01	7.544193e+01
463	1.330078e+01	2.602695e+03	4.174139e+02	3.531370e+02	7.914896e+01	4.186858e+01	7.757521e+01
464	1.332950e+01	2.627927e+03	4.193730e+02	3.534339e+02	7.981300e+01	4.192276e+01	7.905502e+01
465	1.335823e+01	2.614783e+03	4.212383e+02	3.540209e+02	7.951255e+01	4.187069e+01	8.182191e+01
466	1.338696e+01	2.642076e+03	4.231729e+02	3.545103e+02	7.983314e+01	4.213783e+01	8.349263e+01
467	1.341569e+01	2.645083e+03	4.248950e+02	3.551753e+02	8.007802e+01	4.205679e+01	8.564707e+01
468	1.344441e+01	2.622537e+03	4.265858e+02	3.560724e+02	7.977396e+01	4.185725e+01	8.840813e+01
469	1.347314e+01	2.641263e+03	4.283496e+02	3.568141e+02	7.962395e+01	4.223554e+01	9.056036e+01
470	1.350187e+01	2.626504e+03	4.298249e+02	3.578090e+02	7.960255e+01	4.201082e+01	9.298215e+01
471	1.353059e+01	2.618020e+03	4.314431e+02	3.586956e+02	7.972503e+01	4.181079e+01	9.569357e+01
472	1.355932e+01	2.630143e+03	4.332640e+02	3.595763e+02	7.968169e+01	4.202725e+01	9.754727e+01
473	1.358805e+01	2.622664e+03	4.347625e+02	3.605376e+02	7.952300e+01	4.199137e+01	9.986053e+01
474	1.361678e+01	2.619490e+03	4.361032e+02	3.616573e+02	7.947777e+01	4.196441e+01	1.018999e+02
475	1.364550e+01	2.625350e+03	4.374737e+02	3.627385e+02	7.940966e+01	4.209437e+01	1.045183e+02
476	1.367423e+01	2.624115e+03	4.389852e+02	3.639621e+02	7.922804e+01	4.217101e+01	1.067252e+02
477	1.370296e+01	2.631889e+03	4.403813e+02	3.653149e+02	7.969267e+01	4.204935e+01	1.091076e+02
478	1.373169e+01	2.613731e+03	4.416930e+02	3.667573e+02	7.941587e+01	4.190479e+01	1.114963e+02
479	1.376041e+01	2.634697e+03	4.430591e+02	3.680486e+02	7.938371e+01	4.225805e+01	1.137412e+02
480	1.378914e+01	2.624642e+03	4.440728e+02	3.694664e+02	7.909511e+01	4.225037e+01	1.159807e+02
481	1.381787e+01	2.625479e+03	4.453720e+02	3.709231e+02	7.942070e+01	4.209058e+01	1.183022e+02
482	1.384660e+01	2.625943e+03	4.463845e+02	3.723665e+02	7.944576e+01	4.208474e+01	1.200608e+02
483	1.387532e+01	2.641884e+03	4.475993e+02	3.739710e+02	7.970797e+01	4.220094e+01	1.222835e+02
484	1.390405e+01	2.632351e+03	4.485089e+02	3.755858e+02	7.926396e+01	4.228419e+01	1.250219e+02
485	1.393278e+01	2.644670e+03	4.493713e+02	3.772873e+02	7.959582e+01	4.230497e+01	1.270200e+02
486	1.396151e+01	2.623362e+03	4.499043e+02	3.788559e+02	7.906744e+01	4.224455e+01	1.296082e+02
487	1.399023e+01	2.624935e+03	4.508983e+02	3.806658e+02	7.902052e+01	4.229497e+01	1.316684e+02
488	1.401896e+01	2.630533e+03	4.516139e+02	3.825339e+02	7.914848e+01	4.231665e+01	1.336965e+02
489	1.404769e+01	2.634138e+03	4.522136e+02	3.841853e+02	7.903070e+01	4.243780e+01	1.361619e+02
490	1.407641e+01	2.621713e+03	4.528559e+02	3.858951e+02	7.893549e+01	4.228856e+01	1.386246e+02
491	1.410514e+01	2.629645e+03	4.534101e+02	3.876851e+02	7.923467e+01	4.225634e+01	1.407360e+02
492	1.413387e+01	2.635587e+03	4.538567e+02	3.894621e+02	7.936039e+01	4.228474e+01	1.429493e+02
493	1.416260e+01	2.640037e+03	4.542264e+02	3.913801e+02	7.928753e+01	4.239506e+01	1.459443e+02
494	1.419132e+01	2.633439e+03	4.545453e+02	3.932139e+02	7.901083e+01	4.243720e+01	1.477110e+02
495	1.422005e+01	2.642192e+03	4.550340e+02	3.951977e+02	7.901484e+01	4.257609e+01	1.496559e+02
496	1.424878e+01	2.625900e+03	4.552908e+02	3.967739e+02	7.893032e+01	4.235887e+01	1.515549e+02
497	1.427751e+01	2.606367e+03	4.555732e+02	3.989232e+02	7.860342e+01	4.221864e+01	1.530969e+02
498	1.430623e+01	2.610676e+03	4.556833e+02	4.004813e+02	7.873989e+01	4.221515e+01	1.558970e+02
499	1.433496e+01	2.636000e+03	4.559739e+02	4.022090e+02	7.911605e+01	4.242198e+01	1.569648e+02
500	1.436369e+01	2.629463e+03	4.563796e+02	4.040715e+02	7.882425e+01	4.247343e+01	1.580932e+02
501	1.439242e+01	2.652238e+03	4.565683e+02	4.056719e+02	7.915527e+01	4.266216e+01	1.606894e+02
502	1.442114e+01	2.639218e+03	4.563596e+02	4.077141e+02	7.886083e+01	4.261123e+01	1.618850e+02
503	1.444987e+01	2.639496e+03	4.561620e+02	4.095161e+02	7.900023e+01	4.254052e+01	1.644971e+02
504	1.447860e+01	2.640684e+03	4.560800e+02	4.112758e+02	7.875849e+01	4.269030e+01	1.662721e+02
505	1.450733e+01	2.629871e+03	4.557750e+02	4.128547e+02	7.858528e+01	4.260920e+01	1.685473e+02
506	1.453605e+01	2.632691e+03	4.554058e+02	4.147014e+02	7.836485e+01	4.277488e+01	1.701437e+02
507	1.456478e+01	2.637124e+03	4.549976e+02	4.165704e+02	7.839693e+01	4.282935e+01	1.729551e+02
508	1.459351e+01	2.624182e+03	4.543646e+02	4.183597e+02	7.837072e+01	4.263342e+01	1.754702e+02
509	1.462223e+01	2.632786e+03	4.537600e+02	4.199830e+02	7.872089e+01	4.258294e+01	1.784342e+02
510	1.465096e+01	2.650421e+03	4.531466e+02	4.217565e+02	7.884696e+01	4.279963e+01	9.001871e-01
511	1.467969e+01	2.637188e+03	4.525053e+02	4.234328e+02	7.840588e+01	4.282552e+01	3.296684e+00
512	1.470842e+01	2.646207e+03	4.516170e+02	4.250826e+02	7.901917e+01	4.263845e+01	5.272195e+00
513	1.473714e+01	2.650956e+03	4.507112e+02	4.264617e+02	7.881042e+01	4.282812e+01	8.017818e+00
514	1.476587e+01	2.642456e+03	4.498328e+02	4.282954e+02	7.864644e+01	4.277981e+01	1.017997e+01
515	1.479460e+01	2.638126e+03	4.489771e+02	4.296555e+02	7.857549e+01	4.274828e+01	1.290465e+01
516	1.482333e+01	2.640976e+03	4.479718e+02	4.311978e+02	7.875384e+01	4.269754e+01	1.507462e+01
517	1.485205e+01	2.650866e+03	4.470854e+02	4.326249e+02	7.892018e+01	4.276710e+01	1.736037e+01
518	1.488078e+01	2.664277e+03	4.459134e+02	4.339886e+02	7.914437e+01	4.286171e+01	1.985317e+01
519	1.490951e+01	2.644815e+03	4.447845e+02	4.354746e+02	7.902180e+01	4.261460e+01	2.190531e+01
520	1.493824e+01	2.642108e+03	4.435291e+02	4.368346e+02	7.881988e+01	4.268005e+01	2.427281e+01
521	1.496696e+01	2.651143e+03	4.421011e+02	4.381614e+02	7.890571e+01	4.277942e+01	2.596553e+01
522	1.499569e+01	2.656576e+03	4.407723e+02	4.392995e+02	7.905632e+01	4.278542e+01	2.861183e+01
523	1.502442e+01	2.647696e+03	4.394603e+02	4.405411e+02	7.913512e+01	4.259995e+01	3.113565e+01
524	1.505315e+01	2.657865e+03	4.381327e+02	4.412839e+02	7.917744e+01	4.274070e+01	3.451554e+01
525	1.508187e+01	2.667544e+03	4.366513e+02	4.419960e+02	7.923139e+01	4.286713e+01	3.716346e+01
526	1.511060e+01	2.648933e+03	4.351134e+02	4.428490e+02	7.934747e+01	4.250578e+01	3.969357e+01
527	1.513933e+01	2.644100e+03	4.335660e+02	4.437258e+02	7.896059e+01	4.263612e+01	4.190742e+01
528	1.516806e+01	2.672728e+03	4.318797e+02	4.444758e+02	7.960305e+01	4.274991e+01	4.444456e+01
529	1.519678e+01	2.666722e+03	4.284774e+02	4.460982e+02	7.970639e+01	4.259855e+01	4.856954e+01
530	1.522551e+01	2.655619e+03	4.267869e+02	4.468224e+02	7.964621e+01	4.245324e+01	5.084586e+01
531	1.525424e+01	2.657863e+03	4.250225e+02	4.474549e+02	7.937026e+01	4.263683e+01	5.330304e+01
532	1.528296e+01	2.644612e+03	4.233419e+02	4.480058e+02	7.912908e+01	4.255356e+01	5.520672e+01
533	1.531169e+01	2.653237e+03	4.215486e+02	4.485294e+02	7.945381e+01	4.251787e+01	5.753699e+01
534	1.534042e+01	2.648179e+03	4.198171e+02	4.491076e+02	7.933940e+01	4.249801e+01	5.935668e+01
535	1.536915e+01	2.653628e+03	4.181681e+02	4.493623e+02	7.968890e+01	4.239867e+01	6.172056e+01
536	1.539787e+01	2.647266e+03	4.164781e+02	4.497381e+02	7.978295e+01	4.224717e+01	6.334398e+01
537	1.542660e+01	2.647186e+03	4.150825e+02	4.501097e+02	7.974085e+01	4.226819e+01	6.492629e+01
538	1.545533e+01	2.648450e+03	4.136990e+02	4.502464e+02	7.981895e+01	4.224701e+01	6.614547e+01
539	1.548406e+01	2.647148e+03	4.121095e+02	4.503378e+02	7.969188e+01	4.229357e+01	6.803666e+01
540	1.551278e+01	2.641947e+03	4.104881e+02	4.502570e+02	7.981618e+01	4.214473e+01	7.058900e+01
541	1.554151e+01	2.654918e+03	4.086198e+02	4.502834e+02	8.027338e+01	4.211044e+01	7.260050e+01
542	1.557024e+01	2.651095e+03	4.070195e+02	4.501829e+02	8.019830e+01	4.208915e+01	7.455849e+01
543	1.559897e+01	2.634582e+03	4.050771e+02	4.502466e+02	7.980827e+01	4.203141e+01	7.657747e+01
544	1.562769e+01	2.634262e+03	4.034094e+02	4.500143e+02	7.974292e+01	4.206074e+01	7.878089e+01
545	1.565642e+01	2.640780e+03	4.017235e+02	4.496381e+02	7.999989e+01	4.202938e+01	8.092440e+01
546	1.568515e+01	2.654486e+03	3.998842e+02	4.492252e+02	8.016872e+01	4.215855e+01	8.310268e+01
547	1.571388e+01	2.635600e+03	3.982783e+02	4.486795e+02	8.007251e+01	4.190889e+01	8.542760e+01
548	1.574260e+01	2.649033e+03	3.966497e+02	4.480564e+02	8.017605e+01	4.206809e+01	8.739761e+01
549	1.577133e+01	2.649657e+03	3.948239e+02	4.473601e+02	8.023532e+01	4.204691e+01	8.955756e+01
550	1.580006e+01	2.644962e+03	3.933094e+02	4.466241e+02	8.025996e+01	4.195953e+01	9.201453e+01
551	1.582878e+01	2.636817e+03	3.915302e+02	4.459559e+02	8.017371e+01	4.187532e+01	9.429794e+01
552	1.585751e+01	2.639041e+03	3.898662e+02	4.451130e+02	8.024968e+01	4.187096e+01	9.674297e+01
553	1.588624e+01	2.640306e+03	3.883875e+02	4.441487e+02	8.016764e+01	4.193390e+01	9.861585e+01
554	1.591497e+01	2.625859e+03	3.869583e+02	4.433626e+02	7.985268e+01	4.186895e+01	1.006041e+02
555	1.594369e+01	2.623878e+03	3.856330e+02	4.422513e+02	7.976541e+01	4.188313e+01	1.027003e+02
556	1.597242e+01	2.651772e+03	3.841240e+02	4.410909e+02	8.008617e+01	4.215884e+01	1.050272e+02
557	1.600115e+01	2.644274e+03	3.827482e+02	4.397610e+02	7.966062e+01	4.226422e+01	1.074402e+02
558	1.602988e+01	2.644601e+03	3.813462e+02	4.386607e+02	7.942328e+01	4.239576e+01	1.092766e+02
559	1.605860e+01	2.654200e+03	3.801582e+02	4.374446e+02	7.967868e+01	4.241326e+01	1.115596e+02
560	1.608733e+01	2.644668e+03	3.787928e+02	4.362876e+02	7.946451e+01	4.237484e+01	1.134313e+02
561	1.611606e+01	2.651940e+03	3.774680e+02	4.349774e+02	7.968391e+01	4.237436e+01	1.152933e+02
562	1.614479e+01	2.661293e+03	3.763748e+02	4.336857e+02	7.976803e+01	4.247897e+01	1.176411e+02
563	1.617351e+01	2.651757e+03	3.751328e+02	4.323413e+02	7.914019e+01	4.266254e+01	1.196042e+02
564	1.620224e+01	2.652000e+03	3.742757e+02	4.309122e+02	7.932011e+01	4.256967e+01	1.219790e+02
565	1.623097e+01	2.658887e+03	3.733476e+02	4.294018e+02	7.922400e+01	4.273201e+01	1.247688e+02
566	1.625970e+01	2.660171e+03	3.723029e+02	4.280984e+02	7.942016e+01	4.264704e+01	1.264999e+02
567	1.628842e+01	2.669723e+03	3.713396e+02	4.264330e+02	7.945709e+01	4.278028e+01	1.285128e+02
568	1.631715e+01	2.658395e+03	3.706969e+02	4.248571e+02	7.922440e+01	4.272389e+01	1.306826e+02
569	1.634588e+01	2.669514e+03	3.699054e+02	4.231040e+02	7.925936e+01	4.288366e+01	1.336392e+02
570	1.637460e+01	2.662684e+03	3.692888e+02	4.214949e+02	7.913286e+01	4.284232e+01	1.357003e+02
571	1.640333e+01	2.665512e+03	3.686831e+02	4.198178e+02	7.934026e+01	4.277570e+01	1.376818e+02
572	1.643206e+01	2.672389e+03	3.682879e+02	4.181577e+02	7.919006e+01	4.296740e+01	1.401092e+02
573	1.646079e+01	2.687823e+03	3.678226e+02	4.163849e+02	7.961244e+01	4.298627e+01	1.424584e+02
574	1.648951e+01	2.675732e+03	3.674718e+02	4.145065e+02	7.923380e+01	4.299740e+01	1.455286e+02
575	1.651824e+01	2.669070e+03	3.671958e+02	4.129188e+02	7.897308e+01	4.303195e+01	1.479077e+02
576	1.654697e+01	2.680127e+03	3.668773e+02	4.112906e+02	7.913750e+01	4.312044e+01	1.501231e+02
577	1.657570e+01	2.685677e+03	3.665956e+02	4.095921e+02	7.931888e+01	4.311092e+01	1.526195e+02
578	1.660442e+01	2.661417e+03	3.663161e+02	4.079488e+02	7.883884e+01	4.298162e+01	1.545857e+02
579	1.663315e+01	2.677780e+03	3.662219e+02	4.063638e+02	7.883210e+01	4.324958e+01	1.560771e+02
580	1.666188e+01	2.671919e+03	3.664272e+02	4.045158e+02	7.883833e+01	4.315151e+01	1.587403e+02
581	1.669061e+01	2.671605e+03	3.664757e+02	4.027667e+02	7.900737e+01	4.305413e+01	1.608071e+02
582	1.671933e+01	2.682825e+03	3.665384e+02	4.011473e+02	7.911853e+01	4.317419e+01	1.629372e+02
583	1.674806e+01	2.664788e+03	3.667843e+02	3.995409e+02	7.864297e+01	4.314325e+01	1.653779e+02
584	1.677679e+01	2.671334e+03	3.671977e+02	3.975691e+02	7.923679e+01	4.292511e+01	1.685210e+02
585	1.680552e+01	2.681897e+03	3.674159e+02	3.957485e+02	7.898690e+01	4.323118e+01	1.700065e+02
586	1.683424e+01	2.689617e+03	3.678625e+02	3.941588e+02	7.919354e+01	4.324249e+01	1.728560e+02
587	1.686297e+01	2.677402e+03	3.685215e+02	3.923585e+02	7.921577e+01	4.303403e+01	1.756428e+02
588	1.689170e+01	2.667903e+03	3.690848e+02	3.907187e+02	7.947731e+01	4.274024e+01	1.780983e+02
589	1.692043e+01	2.685669e+03	3.694875e+02	3.890473e+02	7.923576e+01	4.315603e+01	1.799584e+02
590	1.694915e+01	2.676999e+03	3.702338e+02	3.875891e+02	7.914992e+01	4.306335e+01	2.643203e+00
591	1.697788e+01	2.663601e+03	3.710045e+02	3.859692e+02	7.882912e+01	4.302220e+01	4.859571e+00
592	1.700661e+01	2.657486e+03	3.716439e+02	3.843796e+02	7.877491e+01	4.295297e+01	6.641179e+00
593	1.703533e+01	2.677063e+03	3.724907e+02	3.828596e+02	7.876234e+01	4.327630e+01	9.357148e+00
594	1.706406e+01	2.668434e+03	3.733947e+02	3.813267e+02	7.889866e+01	4.306227e+01	1.139130e+01
595	1.709279e+01	2.658757e+03	3.741937e+02	3.798551e+02	7.894707e+01	4.287980e+01	1.343789e+01
596	1.712152e+01	2.685229e+03	3.754363e+02	3.784178e+02	7.944482e+01	4.303540e+01	1.646445e+01
597	1.715024e+01	2.668008e+03	3.765790e+02	3.771382e+02	7.912486e+01	4.293231e+01	1.857602e+01
598	1.717897e+01	2.661000e+03	3.777010e+02	3.757119e+02	7.885180e+01	4.296782e+01	2.143530e+01
599	1.720770e+01	2.665427e+03	3.790804e+02	3.743210e+02	7.898411e+01	4.296722e+01	2.347021e+01
600	1.723643e+01	2.659015e+03	3.803956e+02	3.731649e+02	7.898635e+01	4.286263e+01	2.562577e+01
601	1.726515e+01	2.667830e+03	3.816961e+02	3.720584e+02	7.937585e+01	4.279370e+01	2.817021e+01
602	1.729388e+01	2.667806e+03	3.831482e+02	3.708514e+02	7.917838e+01	4.290005e+01	3.060966e+01
603	1.732261e+01	2.658088e+03	3.847235e+02	3.696357e+02	7.909744e+01	4.278752e+01	3.280106e+01
604	1.735134e+01	2.662065e+03	3.861034e+02	3.687393e+02	7.908386e+01	4.285889e+01	3.557808e+01
605	1.738006e+01	2.655044e+03	3.875864e+02	3.677329e+02	7.925780e+01	4.265204e+01	3.770680e+01
606	1.740879e+01	2.648931e+03	3.890141e+02	3.667206e+02	7.884071e+01	4.277896e+01	3.961628e+01
607	1.743752e+01	2.648289e+03	3.906335e+02	3.658474e+02	7.907159e+01	4.264371e+01	4.182544e+01
608	1.746625e+01	2.662055e+03	3.923530e+02	3.650094e+02	7.963300e+01	4.256317e+01	4.428215e+01
609	1.749497e+01	2.653823e+03	3.940628e+02	3.643735e+02	7.922383e+01	4.265071e+01	4.601565e+01
610	1.752370e+01	2.658406e+03	3.958161e+02	3.637720e+02	7.925860e+01	4.270562e+01	4.849815e+01
611	1.755243e+01	2.651001e+03	3.975014e+02	3.630893e+02	7.928773e+01	4.257101e+01	5.094641e+01
612	1.758115e+01	2.651043e+03	3.992875e+02	3.624266e+02	7.956818e+01	4.242165e+01	5.259241e+01
613	1.760988e+01	2.644430e+03	4.009670e+02	3.619675e+02	7.980589e+01	4.218978e+01	5.497318e+01
614	1.763861e+01	2.652084e+03	4.027779e+02	3.615931e+02	7.955431e+01	4.244570e+01	5.707074e+01
615	1.766734e+01	2.643519e+03	4.045724e+02	3.613224e+02	7.944622e+01	4.236618e+01	5.950847e+01
616	1.769606e+01	2.637185e+03	4.063351e+02	3.611634e+02	7.956092e+01	4.220374e+01	6.206174e+01
617	1.772479e+01	2.643416e+03	4.082309e+02	3.608970e+02	7.946881e+01	4.235249e+01	6.444092e+01
618	1.775352e+01	2.636479e+03	4.101119e+02	3.609474e+02	7.930563e+01	4.232826e+01	6.659091e+01
619	1.778225e+01	2.616076e+03	4.118244e+02	3.610387e+02	7.919093e+01	4.206152e+01	6.912485e+01
620	1.781097e+01	2.629186e+03	4.136916e+02	3.610534e+02	7.934677e+01	4.218929e+01	7.095547e+01
621	1.783970e+01	2.620287e+03	4.154174e+02	3.611418e+02	7.942039e+01	4.200751e+01	7.342268e+01
622	1.786843e+01	2.638186e+03	4.173114e+02	3.612904e+02	7.970656e+01	4.214261e+01	7.537208e+01
623	1.789716e+01	2.623007e+03	4.192445e+02	3.617045e+02	7.905568e+01	4.224511e+01	7.756316e+01
624	1.792588e+01	2.636269e+03	4.210542e+02	3.619858e+02	7.977264e+01	4.207710e+01	7.992001e+01
625	1.795461e+01	2.642077e+03	4.227181e+02	3.626136e+02	8.010809e+01	4.199321e+01	8.242967e+01
626	1.798334e+01	2.626079e+03	4.245484e+02	3.632350e+02	7.971513e+01	4.194470e+01	8.458993e+01
627	1.801207e+01	2.626624e+03	4.263754e+02	3.639923e+02	7.979121e+01	4.191341e+01	8.708754e+01
628	1.804079e+01	2.612027e+03	4.279482e+02	3.646363e+02	7.987038e+01	4.163917e+01	8.946374e+01
629	1.806952e+01	2.622894e+03	4.295988e+02	3.653497e+02	7.948967e+01	4.201266e+01	9.174999e+01
630	1.809825e+01	2.619970e+03	4.313813e+02	3.663902e+02	7.927982e+01	4.207691e+01	9.400972e+01
631	1.812698e+01	2.609460e+03	4.329359e+02	3.675130e+02	7.896143e+01	4.207709e+01	9.695801e+01
632	1.815570e+01	2.634215e+03	4.345772e+02	3.684196e+02	7.987218e+01	4.199193e+01	9.848073e+01
633	1.818443e+01	2.634560e+03	4.362664e+02	3.694104e+02	7.989835e+01	4.198368e+01	1.004246e+02
634	1.821316e+01	2.615532e+03	4.375572e+02	3.706420e+02	7.932631e+01	4.198101e+01	1.033567e+02
635	1.824188e+01	2.630576e+03	4.391131e+02	3.718938e+02	7.985832e+01	4.194120e+01	1.052328e+02
636	1.827061e+01	2.619952e+03	4.405172e+02	3.730979e+02	7.944542e+01	4.198891e+01	1.079167e+02
637	1.829934e+01	2.611688e+03	4.416134e+02	3.743715e+02	7.913825e+01	4.201893e+01	1.102260e+02
638	1.832807e+01	2.634906e+03	4.429381e+02	3.756980e+02	7.947030e+01	4.221535e+01	1.122314e+02
639	1.835679e+01	2.641124e+03	4.440911e+02	3.770377e+02	7.942319e+01	4.234007e+01	1.144775e+02
640	1.838552e+01	2.623996e+03	4.452082e+02	3.783447e+02	7.944102e+01	4.205605e+01	1.162735e+02
641	1.841425e+01	2.627246e+03	4.464570e+02	3.799803e+02	7.939191e+01	4.213418e+01	1.181031e+02
642	1.844298e+01	2.608804e+03	4.473892e+02	3.815403e+02	7.916278e+01	4.195953e+01	1.207351e+02
643	1.847170e+01	2.632278e+03	4.486132e+02	3.828929e+02	7.955238e+01	4.212974e+01	1.225262e+02
644	1.850043e+01	2.623426e+03	4.496505e+02	3.845096e+02	7.954675e+01	4.199103e+01	1.248156e+02
645	1.852916e+01	2.618246e+03	4.504536e+02	3.860519e+02	7.903332e+01	4.218036e+01	1.268270e+02
646	1.855789e+01	2.618159e+03	4.514548e+02	3.877056e+02	7.909938e+01	4.214373e+01	1.290303e+02
647	1.858661e+01	2.619666e+03	4.524539e+02	3.891891e+02	7.912775e+01	4.215288e+01	1.302056e+02
648	1.861534e+01	2.620529e+03	4.535316e+02	3.906834e+02	7.907230e+01	4.219634e+01	1.315463e+02
649	1.864407e+01	2.631348e+03	4.541678e+02	3.922101e+02	7.925990e+01	4.227027e+01	1.335829e+02
650	1.867280e+01	2.631443e+03	4.547719e+02	3.938725e+02	7.931532e+01	4.224224e+01	1.360484e+02
651	1.870152e+01	2.628739e+03	4.552728e+02	3.957114e+02	7.868523e+01	4.253676e+01	1.388763e+02
652	1.873025e+01	2.617465e+03	4.556821e+02	3.975082e+02	7.876152e+01	4.231329e+01	1.410412e+02
653	1.875898e+01	2.635523e+03	4.558886e+02	3.993752e+02	7.928905e+01	4.232176e+01	1.429921e+02
654	1.878770e+01	2.632053e+03	4.565555e+02	4.011440e+02	7.890410e+01	4.247224e+01	1.454510e+02
655	1.881643e+01	2.620376e+03	4.568886e+02	4.028740e+02	7.881165e+01	4.233342e+01	1.473073e+02
656	1.884516e+01	2.636183e+03	4.572840e+02	4.047436e+02	7.896397e+01	4.250664e+01	1.492174e+02
657	1.887389e+01	2.638131e+03	4.576295e+02	4.067579e+02	7.919471e+01	4.241410e+01	1.512459e+02
658	1.890261e+01	2.630506e+03	4.576172e+02	4.082728e+02	7.904860e+01	4.236969e+01	1.544402e+02
659	1.893134e+01	2.622751e+03	4.576833e+02	4.103165e+02	7.855711e+01	4.250909e+01	1.561854e+02
660	1.896007e+01	2.627795e+03	4.576801e+02	4.119392e+02	7.871313e+01	4.250641e+01	1.592008e+02
661	1.898880e+01	2.621083e+03	4.578120e+02	4.137672e+02	7.882724e+01	4.233646e+01	1.611896e+02
662	1.901752e+01	2.617473e+03	4.574991e+02	4.158389e+02	7.843707e+01	4.248847e+01	1.634609e+02
663	1.904625e+01	2.635618e+03	4.573121e+02	4.171468e+02	7.901778e+01	4.246858e+01	1.663707e+02
664	1.907498e+01	2.626519e+03	4.569614e+02	4.189435e+02	7.871892e+01	4.248265e+01	1.686272e+02
665	1.910371e+01	2.645083e+03	4.566512e+02	4.205708e+02	7.872952e+01	4.277714e+01	1.713665e+02
666	1.913243e+01	2.649196e+03	4.562842e+02	4.224895e+02	7.890088e+01	4.275061e+01	1.739636e+02
667	1.916116e+01	2.631986e+03	4.558188e+02	4.244199e+02	7.848560e+01	4.269762e+01	1.756209e+02
668	1.918989e+01	2.650075e+03	4.554390e+02	4.261265e+02	7.896815e+01	4.272836e+01	1.782086e+02
669	1.921862e+01	2.634977e+03	4.548234e+02	4.277944e+02	7.870466e+01	4.262717e+01	5.358245e-01
670	1.924734e+01	2.641132e+03	4.541387e+02	4.295128e+02	7.864027e+01	4.276173e+01	3.110770e+00
671	1.927607e+01	2.639504e+03	4.532994e+02	4.312469e+02	7.868234e+01	4.271251e+01	5.182054e+00
672	1.930480e+01	2.638315e+03	4.525606e+02	4.328407e+02	7.896163e+01	4.254227e+01	7.730373e+00
673	1.933352e+01	2.650725e+03	4.517329e+02	4.344325e+02	7.886466e+01	4.279494e+01	1.048015e+01
674	1.936225e+01	2.646349e+03	4.507100e+02	4.359551e+02	7.885211e+01	4.273108e+01	1.260749e+01
675	1.939098e+01	2.652901e+03	4.497800e+02	4.372817e+02	7.891254e+01	4.280408e+01	1.488557e+01
676	1.941971e+01	2.655602e+03	4.485808e+02	4.389538e+02	7.942566e+01	4.257085e+01	1.744274e+01
677	1.944843e+01	2.646553e+03	4.473227e+02	4.404127e+02	7.896683e+01	4.267230e+01	1.989633e+01
678	1.947716e+01	2.664476e+03	4.462229e+02	4.416048e+02	7.891618e+01	4.298885e+01	2.232009e+01
679	1.950589e+01	2.646041e+03	4.448660e+02	4.430003e+02	7.875108e+01	4.278093e+01	2.485250e+01
680	1.953462e+01	2.647865e+03	4.435886e+02	4.442895e+02	7.901184e+01	4.266913e+01	2.721431e+01
681	1.956334e+01	2.645150e+03	4.421671e+02	4.455051e+02	7.926640e+01	4.248848e+01	2.937822e+01
682	1.959207e+01	2.638430e+03	4.407201e+02	4.469337e+02	7.885713e+01	4.260050e+01	3.144540e+01
683	1.962080e+01	2.655327e+03	4.394714e+02	4.480560e+02	7.935931e+01	4.260202e+01	3.376649e+01
684	1.964953e+01	2.651917e+03	4.378074e+02	4.491537e+02	7.916023e+01	4.265432e+01	3.634556e+01
685	1.967825e+01	2.653927e+03	4.362933e+02	4.502027e+02	7.949506e+01	4.250685e+01	3.797789e+01
686	1.970698e+01	2.659295e+03	4.346507e+02	4.513072e+02	7.941496e+01	4.263579e+01	4.065551e+01
687	1.973571e+01	2.649689e+03	4.330754e+02	4.522068e+02	7.942889e+01	4.247432e+01	4.278231e+01
688	1.976444e+01	2.651481e+03	4.314432e+02	4.530089e+02	7.948235e+01	4.247446e+01	4.538346e+01
689	1.979316e+01	2.649025e+03	4.297257e+02	4.538293e+02	7.897987e+01	4.270511e+01	4.759600e+01
690	1.982189e+01	2.659675e+03	4.281758e+02	4.543512e+02	7.916574e+01	4.277612e+01	4.988684e+01
691	1.985062e+01	2.656115e+03	4.264127e+02	4.550102e+02	7.962266e+01	4.247372e+01	5.225262e+01
692	1.987935e+01	2.659914e+03	4.247469e+02	4.555616e+02	7.987797e+01	4.239853e+01	5.436323e+01
693	1.990807e+01	2.650927e+03	4.230744e+02	4.562634e+02	7.970581e+01	4.234654e+01	5.621563e+01
694	1.993680e+01	2.655661e+03	4.215922e+02	4.566942e+02	7.988966e+01	4.232453e+01	5.797865e+01
695	1.996553e+01	2.646315e+03	4.198588e+02	4.570999e+02	7.971687e+01	4.226699e+01	5.978251e+01
696	1.999425e+01	2.644478e+03	4.181245e+02	4.573742e+02	7.953044e+01	4.233666e+01	6.197960e+01
697	2.002298e+01	2.643609e+03	4.163998e+02	4.577477e+02	7.949452e+01	4.234188e+01	6.391848e+01
698	2.005171e+01	2.645743e+03	4.145594e+02	4.578889e+02	8.001865e+01	4.209849e+01	6.603284e+01
699	2.008044e+01	2.641967e+03	4.128472e+02	4.580092e+02	8.003020e+01	4.203235e+01	6.843087e+01
700	2.010916e+01	2.641941e+03	4.110137e+02	4.579981e+02	7.975139e+01	4.217887e+01	7.051131e+01
701	2.013789e+01	2.635902e+03	4.091367e+02	4.580263e+02	7.959309e+01	4.216616e+01	7.266232e+01
702	2.016662e+01	2.648180e+03	4.073262e+02	4.578557e+02	7.991527e+01	4.219178e+01	7.473427e+01
703	2.019535e+01	2.626966e+03	4.057677e+02	4.577396e+02	7.984177e+01	4.189232e+01	7.685923e+01
704	2.022407e+01	2.642281e+03	4.038750e+02	4.576337e+02	7.980096e+01	4.215809e+01	7.890519e+01
705	2.025280e+01	2.638696e+03	4.022069e+02	4.573783e+02	7.990682e+01	4.204512e+01	8.055991e+01
706	2.028153e+01	2.630899e+03	4.003904e+02	4.569906e+02	8.002853e+01	4.185714e+01	8.265434e+01
707	2.031026e+01	2.636454e+03	3.985395e+02	4.567564e+02	8.019047e+01	4.186080e+01	8.456350e+01
708	2.033898e+01	2.640283e+03	3.968358e+02	4.561338e+02	8.008823e+01	4.197511e+01	8.668612e+01
709	2.036771e+01	2.640792e+03	3.949796e+02	4.555371e+02	8.020065e+01	4.192435e+01	8.867037e+01
710	2.039644e+01	2.637658e+03	3.934023e+02	4.548563e+02	8.010172e+01	4.192632e+01	9.087680e+01
711	2.042517e+01	2.642915e+03	3.916371e+02	4.540302e+02	8.023463e+01	4.194030e+01	9.334626e+01
712	2.045389e+01	2.634894e+03	3.898865e+02	4.532816e+02	8.009582e+01	4.188547e+01	9.537666e+01
713	2.048262e+01	2.632015e+03	3.884019e+02	4.524234e+02	7.998247e+01	4.189901e+01	9.758273e+01
714	2.051135e+01	2.639694e+03	3.868800e+02	4.515147e+02	7.984769e+01	4.209217e+01	1.001576e+02
715	2.054007e+01	2.644553e+03	3.855619e+02	4.504645e+02	8.006691e+01	4.205419e+01	1.019809e+02
716	2.056880e+01	2.645727e+03	3.840598e+02	4.493905e+02	7.999326e+01	4.211160e+01	1.043282e+02
717	2.059753e+01	2.647477e+03	3.825744e+02	4.483332e+02	7.984126e+01	4.221968e+01	1.063248e+02
718	2.062626e+01	2.648031e+03	3.814953e+02	4.471981e+02	7.965011e+01	4.232985e+01	1.088059e+02
719	2.065498e+01	2.650397e+03	3.801270e+02	4.460653e+02	7.985772e+01	4.225753e+01	1.108906e+02
720	2.068371e+01	2.655641e+03	3.789580e+02	4.447264e+02	7.974206e+01	4.240255e+01	1.131824e+02
721	2.071244e+01	2.656255e+03	3.778168e+02	4.433008e+02	7.992029e+01	4.231778e+01	1.153393e+02
722	2.074117e+01	2.644680e+03	3.765437e+02	4.418750e+02	7.939074e+01	4.241441e+01	1.172995e+02
723	2.076989e+01	2.646212e+03	3.755127e+02	4.403599e+02	7.946423e+01	4.239972e+01	1.196699e+02
724	2.079862e+01	2.660610e+03	3.744479e+02	4.389959e+02	7.955204e+01	4.258336e+01	1.219681e+02
725	2.082735e+01	2.669794e+03	3.731609e+02	4.375348e+02	7.946696e+01	4.277611e+01	1.237613e+02
726	2.085608e+01	2.655324e+03	3.722960e+02	4.361024e+02	7.934227e+01	4.261113e+01	1.258360e+02
727	2.088480e+01	2.671163e+03	3.714647e+02	4.346227e+02	7.936908e+01	4.285083e+01	1.278571e+02
728	2.091353e+01	2.671355e+03	3.706945e+02	4.330673e+02	7.915581e+01	4.296937e+01	1.307418e+02
729	2.094226e+01	2.664591e+03	3.701017e+02	4.314993e+02	7.916856e+01	4.285366e+01	1.331995e+02
730	2.097099e+01	2.672258e+03	3.693653e+02	4.297348e+02	7.904854e+01	4.304222e+01	1.356722e+02
731	2.099971e+01	2.673711e+03	3.688444e+02	4.281025e+02	7.937219e+01	4.289001e+01	1.376832e+02
732	2.102844e+01	2.685745e+03	3.682309e+02	4.263853e+02	7.947674e+01	4.302638e+01	1.397387e+02
733	2.105717e+01	2.679099e+03	3.679605e+02	4.247324e+02	7.908886e+01	4.313041e+01	1.420538e+02
734	2.108589e+01	2.695954e+03	3.676436e+02	4.229044e+02	7.922545e+01	4.332692e+01	1.445946e+02
735	2.111462e+01	2.676040e+03	3.674085e+02	4.211072e+02	7.928455e+01	4.297483e+01	1.474918e+02
736	2.114335e+01	2.683899e+03	3.670044e+02	4.194897e+02	7.939084e+01	4.304334e+01	1.491974e+02
737	2.117208e+01	2.693724e+03	3.666953e+02	4.175244e+02	7.914653e+01	4.333426e+01	1.509908e+02
738	2.120080e+01	2.683089e+03	3.664975e+02	4.159546e+02	7.914223e+01	4.316551e+01	1.528675e+02
739	2.122953e+01	2.671679e+03	3.663618e+02	4.144976e+02	7.887580e+01	4.312713e+01	1.547500e+02
740	2.125826e+01	2.678729e+03	3.660536e+02	4.127300e+02	7.907675e+01	4.313105e+01	1.568788e+02
741	2.128699e+01	2.685250e+03	3.660197e+02	4.111416e+02	7.911143e+01	4.321709e+01	1.582138e+02
742	2.131571e+01	2.671836e+03	3.661181e+02	4.094267e+02	7.901678e+01	4.305271e+01	1.606946e+02
743	2.134444e+01	2.672385e+03	3.663108e+02	4.077593e+02	7.865600e+01	4.325908e+01	1.622277e+02
744	2.137317e+01	2.668097e+03	3.664954e+02	4.060321e+02	7.871532e+01	4.315712e+01	1.646082e+02
745	2.140190e+01	2.701569e+03	3.666026e+02	4.040590e+02	7.955492e+01	4.323736e+01	1.658057e+02
746	2.143062e+01	2.675858e+03	3.668361e+02	4.026039e+02	7.928809e+01	4.296999e+01	1.689626e+02
747	2.145935e+01	2.686657e+03	3.669695e+02	4.007160e+02	7.909242e+01	4.325014e+01	1.702239e+02
748	2.148808e+01	2.665681e+03	3.674217e+02	3.990298e+02	7.907381e+01	4.292257e+01	1.724587e+02
749	2.151681e+01	2.687105e+03	3.680019e+02	3.971397e+02	7.886697e+01	4.338100e+01	1.752003e+02
750	2.154553e+01	2.677443e+03	3.685374e+02	3.954340e+02	7.906332e+01	4.311768e+01	1.770869e+02
751	2.157426e+01	2.679226e+03	3.689786e+02	3.936562e+02	7.929041e+01	4.302282e+01	1.795021e+02
752	2.160299e+01	2.684979e+03	3.693492e+02	3.922046e+02	7.938451e+01	4.306408e+01	1.142884e+00
753	2.163172e+01	2.656527e+03	3.700436e+02	3.904389e+02	7.875189e+01	4.295002e+01	2.471497e+00
754	2.166044e+01	2.663961e+03	3.708216e+02	3.888108e+02	7.870129e+01	4.309790e+01	5.020542e+00
755	2.168917e+01	2.663519e+03	3.717175e+02	3.873120e+02	7.873060e+01	4.307472e+01	7.698758e+00
756	2.171790e+01	2.677704e+03	3.726282e+02	3.856942e+02	7.883220e+01	4.324830e+01	1.026885e+01
757	2.174662e+01	2.661470e+03	3.735449e+02	3.843489e+02	7.914026e+01	4.281877e+01	1.243876e+01
758	2.177535e+01	2.677835e+03	3.745558e+02	3.831893e+02	7.937908e+01	4.295244e+01	1.588635e+01
759	2.180408e+01	2.695294e+03	3.752684e+02	3.822304e+02	7.859158e+01	4.366568e+01	1.896223e+01
760	2.183281e+01	2.659317e+03	3.766929e+02	3.814764e+02	7.902538e+01	4.284633e+01	2.207744e+01
761	2.186153e+01	2.677234e+03	3.780094e+02	3.803377e+02	7.938179e+01	4.294133e+01	2.544512e+01
762	2.189026e+01	2.675277e+03	3.793236e+02	3.792490e+02	7.894550e+01	4.314708e+01	2.759323e+01
763	2.191899e+01	2.674768e+03	3.805581e+02	3.781046e+02	7.929264e+01	4.295001e+01	3.036528e+01
764	2.194772e+01	2.667941e+03	3.820001e+02	3.770450e+02	7.941868e+01	4.277240e+01	3.224591e+01
765	2.197644e+01	2.664973e+03	3.835919e+02	3.759817e+02	7.954690e+01	4.265595e+01	3.457481e+01
766	2.200517e+01	2.657055e+03	3.851072e+02	3.749989e+02	7.913757e+01	4.274919e+01	3.706144e+01
767	2.203390e+01	2.657613e+03	3.865380e+02	3.742226e+02	7.952387e+01	4.255046e+01	3.920689e+01
768	2.206263e+01	2.663545e+03	3.879837e+02	3.735022e+02	7.884421e+01	4.301306e+01	4.158375e+01
769	2.209135e+01	2.654688e+03	3.896989e+02	3.726616e+02	7.930903e+01	4.261878e+01	4.370527e+01
770	2.212008e+01	2.668444e+03	3.913794e+02	3.718647e+02	7.947498e+01	4.275017e+01	4.615111e+01
771	2.214881e+01	2.664575e+03	3.931097e+02	3.711504e+02	7.940116e+01	4.272787e+01	4.831705e+01
772	2.217754e+01	2.657177e+03	3.947927e+02	3.706815e+02	7.940252e+01	4.260850e+01	5.047683e+01
773	2.220626e+01	2.658329e+03	3.965180e+02	3.700079e+02	7.962539e+01	4.250768e+01	5.250668e+01
774	2.223499e+01	2.655168e+03	3.981245e+02	3.696532e+02	7.938904e+01	4.258352e+01	5.478716e+01
775	2.226372e+01	2.647024e+03	4.001305e+02	3.692340e+02	7.934146e+01	4.247837e+01	5.696175e+01
776	2.229244e+01	2.648285e+03	4.019554e+02	3.689348e+02	7.962468e+01	4.234743e+01	5.923939e+01
777	2.232117e+01	2.628995e+03	4.037481e+02	3.687034e+02	7.920006e+01	4.226437e+01	6.149625e+01
778	2.234990e+01	2.640256e+03	4.055392e+02	3.685125e+02	7.942332e+01	4.232608e+01	6.350123e+01
779	2.237863e+01	2.644169e+03	4.074997e+02	3.683390e+02	7.969461e+01	4.224451e+01	6.571992e+01
780	2.240735e+01	2.633422e+03	4.092136e+02	3.684352e+02	7.928726e+01	4.228897e+01	6.835452e+01
781	2.243608e+01	2.637706e+03	4.112644e+02	3.683374e+02	7.937649e+01	4.231015e+01	7.054795e+01
782	2.246481e+01	2.615641e+03	4.128715e+02	3.685988e+02	7.902419e+01	4.214326e+01	7.296755e+01
783	2.249354e+01	2.631807e+03	4.149175e+02	3.685713e+02	8.001233e+01	4.188006e+01	7.484603e+01
784	2.252226e+01	2.633617e+03	4.164981e+02	3.687831e+02	7.964062e+01	4.210445e+01	7.687325e+01
785	2.255099e+01	2.644138e+03	4.182853e+02	3.692128e+02	7.980312e+01	4.218658e+01	7.925050e+01
786	2.257972e+01	2.642034e+03	4.201162e+02	3.695822e+02	8.005921e+01	4.201817e+01	8.115803e+01
787	2.260845e+01	2.640429e+03	4.219016e+02	3.701945e+02	8.017589e+01	4.193155e+01	8.359899e+01
788	2.263717e+01	2.636750e+03	4.236857e+02	3.708363e+02	8.017000e+01	4.187619e+01	8.576691e+01
789	2.266590e+01	2.621579e+03	4.253315e+02	3.715376e+02	7.966497e+01	4.189919e+01	8.787147e+01
790	2.269463e+01	2.634029e+03	4.269639e+02	3.723358e+02	8.008913e+01	4.187521e+01	9.037229e+01
791	2.272336e+01	2.644022e+03	4.287578e+02	3.733036e+02	7.996542e+01	4.209911e+01	9.261028e+01
792	2.275208e+01	2.634829e+03	4.302843e+02	3.742933e+02	8.008012e+01	4.189264e+01	9.462079e+01
793	2.278081e+01	2.637774e+03	4.319616e+02	3.752075e+02	7.998953e+01	4.198697e+01	9.699252e+01
794	2.280954e+01	2.625982e+03	4.335914e+02	3.761093e+02	7.960043e+01	4.200359e+01	9.879269e+01
795	2.283826e+01	2.628563e+03	4.350527e+02	3.771437e+02	7.982978e+01	4.192408e+01	1.011721e+02
796	2.286699e+01	2.624564e+03	4.365161e+02	3.783188e+02	7.953524e+01	4.201532e+01	1.031495e+02
797	2.289572e+01	2.620704e+03	4.381352e+02	3.795769e+02	7.926403e+01	4.209708e+01	1.053744e+02
798	2.292445e+01	2.628670e+03	4.395165e+02	3.808497e+02	7.965086e+01	4.201996e+01	1.074450e+02
799	2.295317e+01	2.630753e+03	4.408111e+02	3.820432e+02	7.968728e+01	4.203405e+01	1.094643e+02
