1	2.882675e-02	2.611145e+03	4.688097e+02	3.037351e+02	7.852727e+01	4.233706e+01	3.734093e+01
2	5.765350e-02	2.600301e+03	4.692167e+02	3.037437e+02	7.840845e+01	4.222512e+01	3.879099e+01
3	8.648025e-02	2.615245e+03	4.695422e+02	3.037519e+02	7.871841e+01	4.230057e+01	4.041985e+01
4	1.153070e-01	2.612269e+03	4.702194e+02	3.036525e+02	7.839816e+01	4.242504e+01	4.167632e+01
5	1.441338e-01	2.610238e+03	4.706065e+02	3.035792e+02	7.861193e+01	4.227677e+01	4.308287e+01
6	1.729605e-01	2.616869e+03	4.711246e+02	3.035249e+02	7.877335e+01	4.229732e+01	4.444815e+01
7	2.017873e-01	2.603975e+03	4.715033e+02	3.036281e+02	7.863567e+01	4.216260e+01	4.578984e+01
8	2.306140e-01	2.600018e+03	4.718789e+02	3.037020e+02	7.846338e+01	4.219097e+01	4.727638e+01
9	2.594408e-01	2.589067e+03	4.723434e+02	3.038152e+02	7.843810e+01	4.202679e+01	4.896284e+01
10	2.882675e-01	2.598233e+03	4.728277e+02	3.036340e+02	7.851129e+01	4.213626e+01	4.996633e+01
11	3.170943e-01	2.590798e+03	4.731559e+02	3.037887e+02	7.850353e+01	4.201985e+01	5.100368e+01
12	3.459210e-01	2.596744e+03	4.736404e+02	3.036758e+02	7.878005e+01	4.196846e+01	5.235369e+01
13	3.747478e-01	2.581680e+03	4.738272e+02	3.039346e+02	7.860770e+01	4.181647e+01	5.422140e+01
14	4.035745e-01	2.589399e+03	4.744355e+02	3.037842e+02	7.883421e+01	4.182100e+01	5.533991e+01
15	4.324013e-01	2.601677e+03	4.748150e+02	3.038868e+02	7.886181e+01	4.200460e+01	5.665498e+01
16	4.612280e-01	2.572726e+03	4.751846e+02	3.040849e+02	7.816741e+01	4.190617e+01	5.817511e+01
17	4.900548e-01	2.571586e+03	4.754912e+02	3.042385e+02	7.830206e+01	4.181556e+01	5.994927e+01
18	5.188815e-01	2.589204e+03	4.760253e+02	3.041860e+02	7.880390e+01	4.183393e+01	6.051247e+01
19	5.477083e-01	2.587196e+03	4.764881e+02	3.043031e+02	7.900191e+01	4.169670e+01	6.206511e+01
20	5.765350e-01	2.588049e+03	4.771040e+02	3.043229e+02	7.924136e+01	4.158443e+01	6.323568e+01
21	6.053618e-01	2.584331e+03	4.774605e+02	3.044678e+02	7.897624e+01	4.166408e+01	6.427612e+01
22	6.341885e-01	2.579983e+03	4.778554e+02	3.046013e+02	7.916452e+01	4.149507e+01	6.584824e+01
23	6.630153e-01	2.590737e+03	4.782017e+02	3.046962e+02	7.914327e+01	4.167921e+01	6.658285e+01
24	6.918420e-01	2.586509e+03	4.786671e+02	3.048077e+02	7.968424e+01	4.132870e+01	6.786765e+01
25	7.206688e-01	2.585705e+03	4.790936e+02	3.050588e+02	7.959949e+01	4.135984e+01	6.955004e+01
26	7.494955e-01	2.590967e+03	4.793673e+02	3.053593e+02	7.959347e+01	4.144714e+01	7.064272e+01
27	7.783223e-01	2.580095e+03	4.800944e+02	3.053657e+02	7.946693e+01	4.133894e+01	7.195912e+01
28	8.071490e-01	2.575398e+03	4.802750e+02	3.056821e+02	7.952248e+01	4.123487e+01	7.337998e+01
29	8.359758e-01	2.578941e+03	4.806557e+02	3.058106e+02	7.975578e+01	4.117081e+01	7.435413e+01
30	8.648025e-01	2.576021e+03	4.812073e+02	3.059967e+02	7.957480e+01	4.121772e+01	7.591525e+01
31	8.936293e-01	2.584140e+03	4.814733e+02	3.062057e+02	7.991589e+01	4.117115e+01	7.712869e+01
32	9.224560e-01	2.584102e+03	4.819626e+02	3.064040e+02	7.958605e+01	4.134118e+01	7.882378e+01
33	9.512828e-01	2.566784e+03	4.823350e+02	3.067215e+02	7.961446e+01	4.104947e+01	7.974142e+01
34	9.801095e-01	2.578621e+03	4.825910e+02	3.069452e+02	7.971738e+01	4.118553e+01	8.112531e+01
35	1.008936e+00	2.579281e+03	4.830779e+02	3.071820e+02	7.975729e+01	4.117545e+01	8.209298e+01
36	1.037763e+00	2.577288e+03	4.835099e+02	3.073802e+02	7.984138e+01	4.110030e+01	8.353623e+01
37	1.066590e+00	2.577320e+03	4.838481e+02	3.078440e+02	7.957078e+01	4.124059e+01	8.437810e+01
38	1.095417e+00	2.566578e+03	4.840035e+02	3.080375e+02	7.971639e+01	4.099369e+01	8.579150e+01
39	1.124243e+00	2.567408e+03	4.844875e+02	3.083570e+02	7.968341e+01	4.102391e+01	8.695552e+01
40	1.153070e+00	2.578684e+03	4.846736e+02	3.086475e+02	7.948164e+01	4.130869e+01	8.812334e+01
41	1.181897e+00	2.570764e+03	4.849355e+02	3.089587e+02	7.921464e+01	4.132063e+01	8.991501e+01
42	1.210724e+00	2.588473e+03	4.854387e+02	3.093265e+02	7.969780e+01	4.135303e+01	9.076041e+01
43	1.239550e+00	2.576970e+03	4.857599e+02	3.096150e+02	7.937096e+01	4.133880e+01	9.244892e+01
44	1.268377e+00	2.589912e+03	4.860578e+02	3.099505e+02	7.974917e+01	4.134937e+01	9.359570e+01
45	1.297204e+00	2.569594e+03	4.862935e+02	3.103657e+02	7.981168e+01	4.099286e+01	9.488194e+01
46	1.326031e+00	2.572984e+03	4.865561e+02	3.106333e+02	7.969102e+01	4.110908e+01	9.611831e+01
47	1.354857e+00	2.582464e+03	4.869680e+02	3.110445e+02	7.930724e+01	4.146021e+01	9.703289e+01
48	1.383684e+00	2.583305e+03	4.870611e+02	3.113298e+02	7.967071e+01	4.128450e+01	9.834010e+01
49	1.412511e+00	2.590830e+03	4.873488e+02	3.116013e+02	7.956516e+01	4.145971e+01	9.995856e+01
50	1.441338e+00	2.601685e+03	4.876377e+02	3.120764e+02	7.980682e+01	4.150734e+01	1.010439e+02
51	1.470164e+00	2.591598e+03	4.877869e+02	3.124080e+02	7.918356e+01	4.167185e+01	1.023534e+02
52	1.498991e+00	2.586950e+03	4.881427e+02	3.128983e+02	7.949444e+01	4.143443e+01	1.033301e+02
53	1.527818e+00	2.582913e+03	4.881041e+02	3.132599e+02	7.917158e+01	4.153848e+01	1.048661e+02
54	1.556645e+00	2.583337e+03	4.886779e+02	3.137027e+02	7.926987e+01	4.149379e+01	1.063308e+02
55	1.585471e+00	2.585476e+03	4.887009e+02	3.139988e+02	7.913492e+01	4.159896e+01	1.080515e+02
56	1.614298e+00	2.591677e+03	4.889285e+02	3.144668e+02	7.892296e+01	4.181072e+01	1.087664e+02
57	1.643125e+00	2.604167e+03	4.891153e+02	3.147548e+02	7.936417e+01	4.177866e+01	1.105836e+02
58	1.671952e+00	2.596363e+03	4.893086e+02	3.152763e+02	7.891496e+01	4.189055e+01	1.121991e+02
59	1.700778e+00	2.597711e+03	4.894717e+02	3.156520e+02	7.898458e+01	4.187537e+01	1.133137e+02
60	1.729605e+00	2.588506e+03	4.895514e+02	3.160276e+02	7.874709e+01	4.185283e+01	1.144089e+02
61	1.758432e+00	2.590105e+03	4.898318e+02	3.164559e+02	7.888992e+01	4.180286e+01	1.159813e+02
62	1.787259e+00	2.605797e+03	4.899623e+02	3.169366e+02	7.896183e+01	4.201782e+01	1.169061e+02
63	1.816085e+00	2.626849e+03	4.901157e+02	3.173769e+02	7.928351e+01	4.218542e+01	1.181349e+02
64	1.844912e+00	2.604927e+03	4.902058e+02	3.176549e+02	7.896680e+01	4.200114e+01	1.194536e+02
65	1.873739e+00	2.604746e+03	4.904178e+02	3.182338e+02	7.879973e+01	4.208727e+01	1.211184e+02
66	1.902566e+00	2.610426e+03	4.903625e+02	3.185304e+02	7.862971e+01	4.227024e+01	1.223235e+02
67	1.931392e+00	2.604314e+03	4.905402e+02	3.189819e+02	7.831026e+01	4.234331e+01	1.240955e+02
68	1.960219e+00	2.619909e+03	4.905821e+02	3.193919e+02	7.878732e+01	4.233894e+01	1.250212e+02
69	1.989046e+00	2.614025e+03	4.906085e+02	3.198295e+02	7.827144e+01	4.252228e+01	1.267509e+02
70	2.017873e+00	2.628810e+03	4.907348e+02	3.202659e+02	7.849507e+01	4.264096e+01	1.280254e+02
71	2.046699e+00	2.630278e+03	4.907224e+02	3.207365e+02	7.883530e+01	4.248064e+01	1.292262e+02
72	2.075526e+00	2.603281e+03	4.906826e+02	3.211196e+02	7.802410e+01	4.248175e+01	1.307815e+02
73	2.104353e+00	2.617981e+03	4.906333e+02	3.215409e+02	7.846577e+01	4.248117e+01	1.319353e+02
74	2.133180e+00	2.613331e+03	4.906063e+02	3.218587e+02	7.848323e+01	4.239628e+01	1.335489e+02
75	2.162006e+00	2.623884e+03	4.908242e+02	3.225198e+02	7.853455e+01	4.253965e+01	1.350595e+02
76	2.190833e+00	2.634626e+03	4.907616e+02	3.229991e+02	7.877722e+01	4.258223e+01	1.362590e+02
77	2.219660e+00	2.637630e+03	4.908033e+02	3.234479e+02	7.876816e+01	4.263569e+01	1.376704e+02
78	2.248487e+00	2.631839e+03	4.907269e+02	3.238709e+02	7.878318e+01	4.253398e+01	1.389052e+02
79	2.277313e+00	2.626448e+03	4.906910e+02	3.242981e+02	7.845188e+01	4.262610e+01	1.403211e+02
80	2.306140e+00	2.617733e+03	4.906440e+02	3.246544e+02	7.854424e+01	4.243471e+01	1.419481e+02
81	2.334967e+00	2.643225e+03	4.906028e+02	3.251823e+02	7.884557e+01	4.268419e+01	1.430256e+02
82	2.363794e+00	2.626418e+03	4.905950e+02	3.256656e+02	7.881278e+01	4.243042e+01	1.443103e+02
83	2.392620e+00	2.628561e+03	4.904305e+02	3.261080e+02	7.881563e+01	4.246351e+01	1.456788e+02
84	2.421447e+00	2.641018e+03	4.903695e+02	3.265807e+02	7.899512e+01	4.256780e+01	1.467798e+02
85	2.450274e+00	2.631003e+03	4.902000e+02	3.269905e+02	7.903010e+01	4.238761e+01	1.488577e+02
86	2.479101e+00	2.642321e+03	4.902318e+02	3.275557e+02	7.915408e+01	4.250328e+01	1.499775e+02
87	2.507927e+00	2.644092e+03	4.900624e+02	3.279107e+02	7.896397e+01	4.263416e+01	1.510476e+02
88	2.536754e+00	2.646766e+03	4.899692e+02	3.284391e+02	7.908059e+01	4.261435e+01	1.528417e+02
89	2.565581e+00	2.638324e+03	4.897154e+02	3.287508e+02	7.880823e+01	4.262523e+01	1.540921e+02
90	2.594408e+00	2.636281e+03	4.895721e+02	3.292260e+02	7.885512e+01	4.256690e+01	1.556359e+02
91	2.623234e+00	2.632944e+03	4.894756e+02	3.297208e+02	7.883674e+01	4.252291e+01	1.575187e+02
92	2.652061e+00	2.637237e+03	4.892112e+02	3.301649e+02	7.876086e+01	4.263329e+01	1.588340e+02
93	2.680888e+00	2.639186e+03	4.890027e+02	3.305259e+02	7.877998e+01	4.265445e+01	1.603027e+02
94	2.709715e+00	2.643963e+03	4.888265e+02	3.310217e+02	7.902741e+01	4.259785e+01	1.616140e+02
95	2.738541e+00	2.652560e+03	4.885546e+02	3.312725e+02	7.895717e+01	4.277438e+01	1.628567e+02
96	2.767368e+00	2.654598e+03	4.882802e+02	3.316885e+02	7.934534e+01	4.259783e+01	1.645803e+02
97	2.796195e+00	2.651652e+03	4.881207e+02	3.320226e+02	7.915472e+01	4.265303e+01	1.658551e+02
98	2.825022e+00	2.661119e+03	4.879041e+02	3.324806e+02	7.900832e+01	4.288462e+01	1.669099e+02
99	2.853848e+00	2.657966e+03	4.875996e+02	3.328955e+02	7.900314e+01	4.283662e+01	1.684868e+02
100	2.882675e+00	2.661176e+03	4.873765e+02	3.333656e+02	7.881384e+01	4.299136e+01	1.698724e+02
101	2.911502e+00	2.656677e+03	4.871303e+02	3.335650e+02	7.875742e+01	4.294942e+01	1.716176e+02
102	2.940329e+00	2.658077e+03	4.868869e+02	3.340277e+02	7.872558e+01	4.298945e+01	1.730130e+02
103	2.969155e+00	2.645778e+03	4.865744e+02	3.343438e+02	7.857062e+01	4.287492e+01	1.746758e+02
104	2.997982e+00	2.655228e+03	4.861942e+02	3.348464e+02	7.859639e+01	4.301396e+01	1.761960e+02
105	3.026809e+00	2.648127e+03	4.858984e+02	3.350723e+02	7.912266e+01	4.261358e+01	1.773649e+02
106	3.055636e+00	2.652597e+03	4.856248e+02	3.354605e+02	7.898166e+01	4.276171e+01	1.788301e+02
107	3.084462e+00	2.660515e+03	4.853208e+02	3.357222e+02	7.887750e+01	4.294600e+01	4.462471e-01
108	3.113289e+00	2.657852e+03	4.850205e+02	3.361039e+02	7.919248e+01	4.273236e+01	1.854234e+00
109	3.142116e+00	2.647391e+03	4.846351e+02	3.364492e+02	7.890963e+01	4.271675e+01	3.544426e+00
110	3.170943e+00	2.657544e+03	4.843698e+02	3.366939e+02	7.888024e+01	4.289655e+01	4.667477e+00
111	3.199769e+00	2.660725e+03	4.839554e+02	3.370020e+02	7.888754e+01	4.294392e+01	6.138020e+00
112	3.228596e+00	2.658973e+03	4.836743e+02	3.372545e+02	7.929374e+01	4.269580e+01	7.238700e+00
113	3.257423e+00	2.655977e+03	4.832595e+02	3.375780e+02	7.883018e+01	4.289848e+01	8.776054e+00
114	3.286250e+00	2.653879e+03	4.830414e+02	3.378624e+02	7.900089e+01	4.277198e+01	1.012784e+01
115	3.315076e+00	2.656961e+03	4.825866e+02	3.380396e+02	7.920163e+01	4.271310e+01	1.156000e+01
116	3.343903e+00	2.657392e+03	4.822957e+02	3.383938e+02	7.886367e+01	4.290310e+01	1.278399e+01
117	3.372730e+00	2.659096e+03	4.819175e+02	3.386295e+02	7.885368e+01	4.293606e+01	1.435436e+01
118	3.401557e+00	2.672771e+03	4.814217e+02	3.388912e+02	7.904234e+01	4.305387e+01	1.585123e+01
119	3.430383e+00	2.660550e+03	4.811037e+02	3.390959e+02	7.917580e+01	4.278476e+01	1.699206e+01
120	3.459210e+00	2.644665e+03	4.806010e+02	3.392940e+02	7.886161e+01	4.269875e+01	1.841667e+01
121	3.488037e+00	2.655584e+03	4.801895e+02	3.396327e+02	7.886156e+01	4.287506e+01	1.993272e+01
122	3.516864e+00	2.650594e+03	4.798277e+02	3.396653e+02	7.895436e+01	4.274420e+01	2.098320e+01
123	3.545690e+00	2.641348e+03	4.794765e+02	3.398531e+02	7.871142e+01	4.272657e+01	2.242617e+01
124	3.574517e+00	2.639070e+03	4.790443e+02	3.401077e+02	7.871635e+01	4.268705e+01	2.385651e+01
125	3.603344e+00	2.650276e+03	4.786417e+02	3.402081e+02	7.899976e+01	4.271451e+01	2.532003e+01
126	3.632171e+00	2.646138e+03	4.782093e+02	3.404836e+02	7.886057e+01	4.272310e+01	2.656761e+01
127	3.660997e+00	2.656865e+03	4.778244e+02	3.405082e+02	7.938469e+01	4.261307e+01	2.785999e+01
128	3.689824e+00	2.641924e+03	4.775088e+02	3.406267e+02	7.887483e+01	4.264734e+01	2.912271e+01
129	3.718651e+00	2.626790e+03	4.770287e+02	3.407894e+02	7.875889e+01	4.246546e+01	3.099098e+01
130	3.747478e+00	2.641817e+03	4.765606e+02	3.408845e+02	7.903336e+01	4.256007e+01	3.221358e+01
131	3.776304e+00	2.654997e+03	4.760959e+02	3.410277e+02	7.922082e+01	4.267120e+01	3.331377e+01
132	3.805131e+00	2.645122e+03	4.756058e+02	3.411300e+02	7.899849e+01	4.263213e+01	3.491437e+01
133	3.833958e+00	2.650615e+03	4.751794e+02	3.412674e+02	7.913676e+01	4.264602e+01	3.634436e+01
134	3.862785e+00	2.650167e+03	4.746919e+02	3.412484e+02	7.929208e+01	4.255530e+01	3.784697e+01
135	3.891611e+00	2.640746e+03	4.743766e+02	3.413534e+02	7.900930e+01	4.255578e+01	3.873140e+01
136	3.920438e+00	2.644616e+03	4.738712e+02	3.414188e+02	7.911746e+01	4.255988e+01	4.009337e+01
137	3.949265e+00	2.636124e+03	4.734925e+02	3.414018e+02	7.889802e+01	4.254121e+01	4.150788e+01
138	3.978092e+00	2.642772e+03	4.730381e+02	3.414577e+02	7.916266e+01	4.250593e+01	4.265891e+01
139	4.006918e+00	2.641589e+03	4.725269e+02	3.415591e+02	7.907264e+01	4.253527e+01	4.430682e+01
140	4.035745e+00	2.645594e+03	4.720891e+02	3.415972e+02	7.913172e+01	4.256795e+01	4.565429e+01
141	4.064572e+00	2.647114e+03	4.716996e+02	3.414570e+02	7.918636e+01	4.256302e+01	4.702770e+01
142	4.093399e+00	2.639192e+03	4.712950e+02	3.414267e+02	7.922214e+01	4.241648e+01	4.846092e+01
143	4.122225e+00	2.645511e+03	4.708220e+02	3.414895e+02	7.908987e+01	4.258913e+01	4.959994e+01
144	4.151052e+00	2.641370e+03	4.704855e+02	3.414467e+02	7.949678e+01	4.230482e+01	5.079281e+01
145	4.179879e+00	2.636138e+03	4.700711e+02	3.413934e+02	7.890716e+01	4.253651e+01	5.233271e+01
146	4.208706e+00	2.636148e+03	4.696766e+02	3.413137e+02	7.937891e+01	4.228388e+01	5.350177e+01
147	4.237532e+00	2.617584e+03	4.691611e+02	3.413487e+02	7.863318e+01	4.238428e+01	5.479676e+01
148	4.266359e+00	2.630464e+03	4.688517e+02	3.412138e+02	7.931869e+01	4.222474e+01	5.617217e+01
149	4.295186e+00	2.625891e+03	4.682961e+02	3.411606e+02	7.895367e+01	4.234620e+01	5.750734e+01
150	4.324013e+00	2.640794e+03	4.678488e+02	3.410944e+02	7.942111e+01	4.233589e+01	5.870011e+01
151	4.352839e+00	2.638048e+03	4.673769e+02	3.410357e+02	7.973837e+01	4.212360e+01	6.045931e+01
152	4.381666e+00	2.626551e+03	4.669292e+02	3.409215e+02	7.931604e+01	4.216334e+01	6.159953e+01
153	4.410493e+00	2.623539e+03	4.666025e+02	3.407967e+02	7.960585e+01	4.196166e+01	6.258814e+01
154	4.439320e+00	2.628284e+03	4.662610e+02	3.406951e+02	7.968490e+01	4.199586e+01	6.354528e+01
155	4.468146e+00	2.611551e+03	4.659836e+02	3.404800e+02	7.947347e+01	4.183950e+01	6.487881e+01
156	4.496973e+00	2.622899e+03	4.653282e+02	3.404778e+02	7.973120e+01	4.188547e+01	6.614949e+01
157	4.525800e+00	2.612898e+03	4.650853e+02	3.402601e+02	7.957884e+01	4.180565e+01	6.739379e+01
158	4.554627e+00	2.626272e+03	4.646483e+02	3.401839e+02	7.980266e+01	4.190178e+01	6.878500e+01
159	4.583453e+00	2.626979e+03	4.642526e+02	3.400031e+02	7.977163e+01	4.192936e+01	6.984514e+01
160	4.612280e+00	2.622440e+03	4.639998e+02	3.397978e+02	7.983439e+01	4.182401e+01	7.121775e+01
161	4.641107e+00	2.615848e+03	4.634280e+02	3.396715e+02	7.954431e+01	4.187102e+01	7.234675e+01
162	4.669934e+00	2.614893e+03	4.632301e+02	3.395532e+02	7.980496e+01	4.171902e+01	7.379197e+01
163	4.698760e+00	2.616989e+03	4.627592e+02	3.393375e+02	7.964045e+01	4.183871e+01	7.495212e+01
164	4.727587e+00	2.616959e+03	4.624325e+02	3.391592e+02	7.967771e+01	4.181866e+01	7.603614e+01
165	4.756414e+00	2.618267e+03	4.620540e+02	3.389413e+02	7.987586e+01	4.173578e+01	7.729725e+01
166	4.785241e+00	2.615408e+03	4.618696e+02	3.387269e+02	7.983645e+01	4.171078e+01	7.808331e+01
167	4.814067e+00	2.619947e+03	4.614190e+02	3.385332e+02	7.984355e+01	4.177945e+01	7.955028e+01
168	4.842894e+00	2.626969e+03	4.609010e+02	3.382977e+02	7.994968e+01	4.183582e+01	8.094906e+01
169	4.871721e+00	2.606885e+03	4.605462e+02	3.379890e+02	7.996538e+01	4.150783e+01	8.218501e+01
170	4.900548e+00	2.614803e+03	4.604066e+02	3.377835e+02	7.986930e+01	4.168398e+01	8.357580e+01
171	4.929374e+00	2.622061e+03	4.599860e+02	3.376147e+02	7.955468e+01	4.196499e+01	8.441621e+01
172	4.958201e+00	2.611537e+03	4.596853e+02	3.372797e+02	7.972598e+01	4.170675e+01	8.548875e+01
173	4.987028e+00	2.608014e+03	4.594545e+02	3.370181e+02	7.974631e+01	4.163988e+01	8.655991e+01
174	5.015855e+00	2.615022e+03	4.591293e+02	3.367434e+02	7.979162e+01	4.172805e+01	8.726262e+01
175	5.044681e+00	2.599043e+03	4.589133e+02	3.365042e+02	7.936646e+01	4.169525e+01	8.855901e+01
176	5.073508e+00	2.616130e+03	4.586155e+02	3.362498e+02	7.978642e+01	4.174847e+01	8.985264e+01
177	5.102335e+00	2.616716e+03	4.583172e+02	3.359590e+02	7.983630e+01	4.173173e+01	9.095759e+01
178	5.131162e+00	2.617307e+03	4.580453e+02	3.356834e+02	8.011726e+01	4.159477e+01	9.188464e+01
179	5.159988e+00	2.604844e+03	4.576661e+02	3.353716e+02	7.981756e+01	4.155214e+01	9.330293e+01
180	5.188815e+00	2.616118e+03	4.575159e+02	3.351235e+02	7.992808e+01	4.167427e+01	9.418915e+01
181	5.217642e+00	2.619229e+03	4.573589e+02	3.348368e+02	7.982806e+01	4.177611e+01	9.544762e+01
182	5.246469e+00	2.608237e+03	4.569516e+02	3.345259e+02	8.000031e+01	4.151122e+01	9.638847e+01
183	5.275295e+00	2.613635e+03	4.567969e+02	3.342054e+02	8.006731e+01	4.156233e+01	9.776360e+01
184	5.304122e+00	2.606565e+03	4.565807e+02	3.338967e+02	7.983467e+01	4.157067e+01	9.875749e+01
185	5.332949e+00	2.614839e+03	4.562503e+02	3.335073e+02	8.007258e+01	4.157874e+01	1.000269e+02
186	5.361776e+00	2.618756e+03	4.561160e+02	3.332450e+02	7.983096e+01	4.176705e+01	1.012181e+02
187	5.390602e+00	2.618466e+03	4.558879e+02	3.329103e+02	7.976264e+01	4.179820e+01	1.021666e+02
188	5.419429e+00	2.623246e+03	4.556733e+02	3.325530e+02	7.993160e+01	4.178598e+01	1.034663e+02
189	5.448256e+00	2.625526e+03	4.556085e+02	3.321954e+02	7.975091e+01	4.191706e+01	1.044857e+02
190	5.477083e+00	2.629671e+03	4.553550e+02	3.318776e+02	7.979765e+01	4.195864e+01	1.056390e+02
191	5.505909e+00	2.621697e+03	4.550307e+02	3.315687e+02	7.970412e+01	4.188049e+01	1.069196e+02
192	5.534736e+00	2.621454e+03	4.549135e+02	3.312018e+02	7.955402e+01	4.195563e+01	1.077628e+02
193	5.563563e+00	2.647362e+03	4.546744e+02	3.308124e+02	7.989168e+01	4.219120e+01	1.091343e+02
194	5.592390e+00	2.628515e+03	4.545034e+02	3.304246e+02	7.956690e+01	4.206183e+01	1.106717e+02
195	5.621216e+00	2.619978e+03	4.543748e+02	3.301074e+02	7.949059e+01	4.196547e+01	1.112814e+02
196	5.650043e+00	2.629686e+03	4.543271e+02	3.298094e+02	7.974838e+01	4.198480e+01	1.126693e+02
197	5.678870e+00	2.620392e+03	4.541043e+02	3.294180e+02	7.923328e+01	4.210841e+01	1.137899e+02
198	5.707697e+00	2.623873e+03	4.540549e+02	3.291211e+02	7.933472e+01	4.211042e+01	1.148922e+02
199	5.736523e+00	2.626930e+03	4.538389e+02	3.286123e+02	7.939725e+01	4.212629e+01	1.163588e+02
200	5.765350e+00	2.627784e+03	4.537030e+02	3.283604e+02	7.919319e+01	4.224857e+01	1.173879e+02
201	5.794177e+00	2.639947e+03	4.535555e+02	3.279405e+02	7.960944e+01	4.222219e+01	1.182251e+02
202	5.823004e+00	2.635298e+03	4.535323e+02	3.274893e+02	7.941928e+01	4.224876e+01	1.194829e+02
203	5.851830e+00	2.635623e+03	4.534056e+02	3.271211e+02	7.912292e+01	4.241224e+01	1.208407e+02
204	5.880657e+00	2.645419e+03	4.533998e+02	3.267634e+02	7.938583e+01	4.242889e+01	1.219675e+02
205	5.909484e+00	2.635188e+03	4.531489e+02	3.263665e+02	7.936343e+01	4.227672e+01	1.235029e+02
206	5.938311e+00	2.637102e+03	4.531305e+02	3.259775e+02	7.912492e+01	4.243496e+01	1.246777e+02
207	5.967138e+00	2.639075e+03	4.531089e+02	3.256498e+02	7.929796e+01	4.237403e+01	1.257076e+02
208	5.995964e+00	2.642638e+03	4.530088e+02	3.252010e+02	7.899933e+01	4.259164e+01	1.270517e+02
209	6.024791e+00	2.650506e+03	4.530570e+02	3.248130e+02	7.902956e+01	4.270210e+01	1.284149e+02
210	6.053618e+00	2.650807e+03	4.530523e+02	3.243319e+02	7.941112e+01	4.250176e+01	1.299389e+02
211	6.082445e+00	2.649093e+03	4.529254e+02	3.239350e+02	7.934710e+01	4.250855e+01	1.311319e+02
212	6.111271e+00	2.640094e+03	4.529185e+02	3.236453e+02	7.903204e+01	4.253303e+01	1.318378e+02
213	6.140098e+00	2.636362e+03	4.528524e+02	3.231693e+02	7.896781e+01	4.250745e+01	1.334776e+02
214	6.168925e+00	2.642377e+03	4.528725e+02	3.227484e+02	7.901507e+01	4.257895e+01	1.349172e+02
215	6.197752e+00	2.639279e+03	4.529044e+02	3.223691e+02	7.871902e+01	4.268897e+01	1.362199e+02
216	6.226578e+00	2.651558e+03	4.529024e+02	3.219704e+02	7.903267e+01	4.271738e+01	1.373512e+02
217	6.255405e+00	2.644495e+03	4.529503e+02	3.214811e+02	7.902326e+01	4.260866e+01	1.387574e+02
218	6.284232e+00	2.644644e+03	4.529620e+02	3.210058e+02	7.897614e+01	4.263649e+01	1.398087e+02
219	6.313059e+00	2.646003e+03	4.531853e+02	3.207534e+02	7.892395e+01	4.268660e+01	1.415981e+02
220	6.341885e+00	2.643677e+03	4.530654e+02	3.202834e+02	7.892359e+01	4.264928e+01	1.425788e+02
221	6.370712e+00	2.648216e+03	4.531600e+02	3.198033e+02	7.925342e+01	4.254470e+01	1.438543e+02
222	6.399539e+00	2.639455e+03	4.532837e+02	3.193892e+02	7.904369e+01	4.251648e+01	1.451185e+02
223	6.428366e+00	2.647377e+03	4.533218e+02	3.190233e+02	7.902200e+01	4.265578e+01	1.463831e+02
224	6.457192e+00	2.644449e+03	4.534232e+02	3.185011e+02	7.874320e+01	4.275946e+01	1.481145e+02
225	6.486019e+00	2.650064e+03	4.535663e+02	3.181783e+02	7.894508e+01	4.274068e+01	1.489612e+02
226	6.514846e+00	2.644925e+03	4.536997e+02	3.178557e+02	7.893059e+01	4.266563e+01	1.504765e+02
227	6.543673e+00	2.647681e+03	4.537308e+02	3.173044e+02	7.914688e+01	4.259336e+01	1.517489e+02
228	6.572499e+00	2.633513e+03	4.538867e+02	3.169803e+02	7.872231e+01	4.259394e+01	1.532131e+02
229	6.601326e+00	2.639320e+03	4.541101e+02	3.165873e+02	7.898076e+01	4.254817e+01	1.544679e+02
230	6.630153e+00	2.648432e+03	4.542824e+02	3.162812e+02	7.885787e+01	4.276160e+01	1.555809e+02
231	6.658980e+00	2.642614e+03	4.542962e+02	3.157482e+02	7.890985e+01	4.263955e+01	1.567940e+02
232	6.687806e+00	2.635434e+03	4.545046e+02	3.154033e+02	7.890024e+01	4.252887e+01	1.581261e+02
233	6.716633e+00	2.656265e+03	4.546292e+02	3.149452e+02	7.911021e+01	4.275126e+01	1.594193e+02
234	6.745460e+00	2.645428e+03	4.551393e+02	3.143073e+02	7.880383e+01	4.274238e+01	1.625777e+02
235	6.774287e+00	2.644407e+03	4.552733e+02	3.139333e+02	7.861317e+01	4.282950e+01	1.634373e+02
236	6.803113e+00	2.638235e+03	4.555029e+02	3.135821e+02	7.837259e+01	4.286071e+01	1.648001e+02
237	6.831940e+00	2.644476e+03	4.556587e+02	3.130934e+02	7.867330e+01	4.279789e+01	1.665093e+02
238	6.860767e+00	2.646581e+03	4.559632e+02	3.126464e+02	7.879132e+01	4.276780e+01	1.679822e+02
239	6.889594e+00	2.647766e+03	4.561666e+02	3.124538e+02	7.876392e+01	4.280185e+01	1.694462e+02
240	6.918420e+00	2.644233e+03	4.563444e+02	3.119726e+02	7.849155e+01	4.289304e+01	1.703783e+02
241	6.947247e+00	2.637847e+03	4.566396e+02	3.116784e+02	7.839793e+01	4.284055e+01	1.722149e+02
242	6.976074e+00	2.640402e+03	4.569344e+02	3.111066e+02	7.893650e+01	4.258947e+01	1.734377e+02
243	7.004901e+00	2.644444e+03	4.573008e+02	3.109337e+02	7.862993e+01	4.282098e+01	1.747136e+02
244	7.033727e+00	2.636724e+03	4.575075e+02	3.105745e+02	7.852801e+01	4.275139e+01	1.758243e+02
245	7.062554e+00	2.634565e+03	4.577036e+02	3.104053e+02	7.856701e+01	4.269518e+01	1.768864e+02
246	7.091381e+00	2.636824e+03	4.580618e+02	3.098936e+02	7.869733e+01	4.266103e+01	1.783786e+02
247	7.120208e+00	2.640094e+03	4.583600e+02	3.096819e+02	7.868194e+01	4.272229e+01	1.799273e+02
248	7.149034e+00	2.645634e+03	4.586690e+02	3.092249e+02	7.869451e+01	4.280509e+01	1.001875e+00
249	7.177861e+00	2.637756e+03	4.589104e+02	3.090034e+02	7.871375e+01	4.266720e+01	2.545946e+00
250	7.206688e+00	2.637341e+03	4.592966e+02	3.088923e+02	7.859175e+01	4.272671e+01	3.948289e+00
251	7.235515e+00	2.641618e+03	4.597023e+02	3.085027e+02	7.855730e+01	4.281476e+01	5.169663e+00
252	7.264341e+00	2.646187e+03	4.601117e+02	3.081054e+02	7.895029e+01	4.267533e+01	6.606386e+00
253	7.293168e+00	2.646877e+03	4.603112e+02	3.079763e+02	7.893298e+01	4.269582e+01	8.184953e+00
254	7.321995e+00	2.632305e+03	4.606754e+02	3.077701e+02	7.847854e+01	4.270664e+01	9.533450e+00
255	7.350822e+00	2.640373e+03	4.609624e+02	3.075104e+02	7.866829e+01	4.273421e+01	1.099282e+01
256	7.379648e+00	2.638422e+03	4.614658e+02	3.071810e+02	7.863301e+01	4.272179e+01	1.231733e+01
257	7.408475e+00	2.636640e+03	4.617697e+02	3.068939e+02	7.861215e+01	4.270427e+01	1.367419e+01
258	7.437302e+00	2.643126e+03	4.620314e+02	3.066314e+02	7.849107e+01	4.287536e+01	1.481269e+01
259	7.466129e+00	2.623524e+03	4.625099e+02	3.064855e+02	7.852368e+01	4.253971e+01	1.636350e+01
260	7.494955e+00	2.645708e+03	4.628479e+02	3.062540e+02	7.901965e+01	4.263016e+01	1.785394e+01
261	7.523782e+00	2.637582e+03	4.632105e+02	3.060831e+02	7.876538e+01	4.263642e+01	1.910123e+01
262	7.552609e+00	2.622204e+03	4.637279e+02	3.057570e+02	7.853204e+01	4.251378e+01	2.044969e+01
263	7.581436e+00	2.627637e+03	4.640845e+02	3.055603e+02	7.860722e+01	4.256111e+01	2.163439e+01
264	7.610262e+00	2.627315e+03	4.644797e+02	3.054582e+02	7.850659e+01	4.261045e+01	2.313427e+01
265	7.639089e+00	2.626315e+03	4.649418e+02	3.052130e+02	7.843700e+01	4.263203e+01	2.470200e+01
266	7.667916e+00	2.629190e+03	4.652193e+02	3.051769e+02	7.867447e+01	4.254987e+01	2.595395e+01
267	7.696743e+00	2.634291e+03	4.658283e+02	3.048374e+02	7.877348e+01	4.257884e+01	2.726946e+01
268	7.725569e+00	2.615999e+03	4.661864e+02	3.047968e+02	7.843875e+01	4.246362e+01	2.901184e+01
269	7.754396e+00	2.622312e+03	4.666138e+02	3.046373e+02	7.860020e+01	4.247866e+01	2.999166e+01
270	7.783223e+00	2.632289e+03	4.670476e+02	3.044064e+02	7.884528e+01	4.250774e+01	3.192096e+01
271	7.812050e+00	2.613782e+03	4.674776e+02	3.043952e+02	7.837402e+01	4.246267e+01	3.272382e+01
272	7.840876e+00	2.621522e+03	4.679906e+02	3.040845e+02	7.860464e+01	4.246347e+01	3.420796e+01
273	7.869703e+00	2.613207e+03	4.683618e+02	3.042542e+02	7.847704e+01	4.239761e+01	3.575011e+01
274	7.898530e+00	2.611001e+03	4.688553e+02	3.041026e+02	7.841709e+01	4.239420e+01	3.706850e+01
275	7.927357e+00	2.607511e+03	4.693167e+02	3.039570e+02	7.863584e+01	4.221975e+01	3.859393e+01
276	7.956183e+00	2.616388e+03	4.697174e+02	3.041025e+02	7.873626e+01	4.230945e+01	4.000848e+01
277	7.985010e+00	2.608805e+03	4.702921e+02	3.039590e+02	7.850864e+01	4.230914e+01	4.164234e+01
278	8.013837e+00	2.613037e+03	4.707721e+02	3.038533e+02	7.875914e+01	4.224299e+01	4.277885e+01
279	8.042664e+00	2.597701e+03	4.709854e+02	3.041371e+02	7.854939e+01	4.210720e+01	4.445132e+01
280	8.071490e+00	2.603202e+03	4.715510e+02	3.039038e+02	7.847334e+01	4.223726e+01	4.551880e+01
281	8.100317e+00	2.597400e+03	4.719555e+02	3.039908e+02	7.842094e+01	4.217130e+01	4.723836e+01
282	8.129144e+00	2.602482e+03	4.724057e+02	3.039354e+02	7.892978e+01	4.198140e+01	4.850566e+01
283	8.157971e+00	2.596963e+03	4.729340e+02	3.039230e+02	7.870155e+01	4.201386e+01	4.977031e+01
284	8.186797e+00	2.598700e+03	4.732493e+02	3.040126e+02	7.876658e+01	4.200725e+01	5.109754e+01
285	8.215624e+00	2.599041e+03	4.737167e+02	3.039977e+02	7.876980e+01	4.201104e+01	5.229873e+01
286	8.244451e+00	2.587974e+03	4.740779e+02	3.041358e+02	7.880340e+01	4.181432e+01	5.393482e+01
287	8.273278e+00	2.594484e+03	4.744767e+02	3.041486e+02	7.884121e+01	4.189940e+01	5.506495e+01
288	8.302104e+00	2.587125e+03	4.749382e+02	3.042385e+02	7.865495e+01	4.187950e+01	5.664501e+01
289	8.330931e+00	2.592425e+03	4.753103e+02	3.043308e+02	7.876460e+01	4.190688e+01	5.753022e+01
290	8.359758e+00	2.587709e+03	4.757538e+02	3.043471e+02	7.858699e+01	4.192517e+01	5.885220e+01
291	8.388585e+00	2.579621e+03	4.762617e+02	3.044622e+02	7.870931e+01	4.172919e+01	6.040479e+01
292	8.417411e+00	2.582754e+03	4.767325e+02	3.045605e+02	7.888573e+01	4.168643e+01	6.182674e+01
293	8.446238e+00	2.594778e+03	4.771201e+02	3.047451e+02	7.933643e+01	4.164259e+01	6.287534e+01
294	8.475065e+00	2.583409e+03	4.775432e+02	3.048097e+02	7.918988e+01	4.153685e+01	6.454182e+01
295	8.503892e+00	2.585915e+03	4.780316e+02	3.049000e+02	7.932172e+01	4.150805e+01	6.553928e+01
296	8.532718e+00	2.578931e+03	4.783804e+02	3.050547e+02	7.933910e+01	4.138686e+01	6.678829e+01
297	8.561545e+00	2.582478e+03	4.789328e+02	3.050662e+02	7.932481e+01	4.145126e+01	6.800673e+01
298	8.590372e+00	2.589698e+03	4.792646e+02	3.053080e+02	7.929575e+01	4.158238e+01	6.948076e+01
299	8.619199e+00	2.581880e+03	4.796317e+02	3.055179e+02	7.949864e+01	4.135104e+01	7.053481e+01
300	8.648025e+00	2.562705e+03	4.799703e+02	3.056896e+02	7.929926e+01	4.114713e+01	7.203018e+01
301	8.676852e+00	2.580558e+03	4.803875e+02	3.059354e+02	7.963536e+01	4.125891e+01	7.307436e+01
302	8.705679e+00	2.573408e+03	4.808525e+02	3.059766e+02	7.922984e+01	4.135519e+01	7.430746e+01
303	8.734506e+00	2.567033e+03	4.811679e+02	3.063025e+02	7.926744e+01	4.123318e+01	7.573646e+01
304	8.763332e+00	2.565611e+03	4.816303e+02	3.064874e+02	7.934283e+01	4.117118e+01	7.704693e+01
305	8.792159e+00	2.581148e+03	4.821947e+02	3.066983e+02	7.984783e+01	4.115853e+01	7.809314e+01
306	8.820986e+00	2.561831e+03	4.824518e+02	3.068802e+02	7.935670e+01	4.110333e+01	7.972382e+01
307	8.849813e+00	2.574715e+03	4.826582e+02	3.071134e+02	7.981510e+01	4.107279e+01	8.107683e+01
308	8.878639e+00	2.553963e+03	4.831957e+02	3.074139e+02	7.962103e+01	4.084105e+01	8.234952e+01
309	8.907466e+00	2.579968e+03	4.836010e+02	3.076640e+02	7.969918e+01	4.121645e+01	8.319968e+01
310	8.936293e+00	2.576995e+03	4.839211e+02	3.079091e+02	7.988383e+01	4.107380e+01	8.452461e+01
311	8.965120e+00	2.587107e+03	4.843406e+02	3.082186e+02	7.990151e+01	4.122584e+01	8.563236e+01
312	8.993946e+00	2.589333e+03	4.844501e+02	3.084737e+02	7.963845e+01	4.139761e+01	8.676052e+01
313	9.022773e+00	2.575390e+03	4.848659e+02	3.087697e+02	7.941049e+01	4.129289e+01	8.823912e+01
314	9.051600e+00	2.574889e+03	4.852216e+02	3.090863e+02	7.933210e+01	4.132564e+01	8.939179e+01
315	9.080427e+00	2.586268e+03	4.855919e+02	3.093654e+02	7.976356e+01	4.128375e+01	9.057781e+01
316	9.109253e+00	2.562804e+03	4.858397e+02	3.097151e+02	7.962730e+01	4.097921e+01	9.186366e+01
317	9.138080e+00	2.577252e+03	4.860965e+02	3.099661e+02	7.984607e+01	4.109731e+01	9.287717e+01
318	9.166907e+00	2.578966e+03	4.864691e+02	3.103576e+02	7.968729e+01	4.120658e+01	9.443618e+01
319	9.195734e+00	2.577207e+03	4.866475e+02	3.106625e+02	7.954128e+01	4.125407e+01	9.554487e+01
320	9.224560e+00	2.580815e+03	4.870479e+02	3.110393e+02	7.969115e+01	4.123413e+01	9.697086e+01
321	9.253387e+00	2.573838e+03	4.871628e+02	3.112936e+02	7.927905e+01	4.133642e+01	9.792669e+01
322	9.282214e+00	2.589913e+03	4.874661e+02	3.116092e+02	7.966518e+01	4.139299e+01	9.931514e+01
323	9.311041e+00	2.594766e+03	4.877105e+02	3.120752e+02	7.989542e+01	4.135105e+01	1.006126e+02
324	9.339867e+00	2.591419e+03	4.879677e+02	3.124499e+02	7.961323e+01	4.144409e+01	1.014430e+02
325	9.368694e+00	2.580384e+03	4.882403e+02	3.128745e+02	7.960656e+01	4.127106e+01	1.025427e+02
326	9.397521e+00	2.592037e+03	4.883245e+02	3.130795e+02	7.967873e+01	4.141989e+01	1.041798e+02
327	9.426348e+00	2.575881e+03	4.884706e+02	3.135051e+02	7.916706e+01	4.142775e+01	1.054375e+02
328	9.455174e+00	2.587505e+03	4.888115e+02	3.139533e+02	7.926037e+01	4.156572e+01	1.064735e+02
329	9.484001e+00	2.586122e+03	4.890353e+02	3.142761e+02	7.918513e+01	4.158297e+01	1.084838e+02
330	9.512828e+00	2.595255e+03	4.891718e+02	3.147273e+02	7.901643e+01	4.181891e+01	1.097873e+02
331	9.541655e+00	2.587496e+03	4.892704e+02	3.150368e+02	7.875517e+01	4.183220e+01	1.106926e+02
332	9.570481e+00	2.580360e+03	4.893644e+02	3.154966e+02	7.859430e+01	4.180223e+01	1.122320e+02
333	9.599308e+00	2.607756e+03	4.895939e+02	3.158566e+02	7.888467e+01	4.209053e+01	1.135037e+02
334	9.628135e+00	2.600632e+03	4.897404e+02	3.162685e+02	7.884025e+01	4.199920e+01	1.148787e+02
335	9.656962e+00	2.597312e+03	4.899653e+02	3.167798e+02	7.885780e+01	4.193626e+01	1.160787e+02
336	9.685788e+00	2.596866e+03	4.901229e+02	3.171589e+02	7.876350e+01	4.197925e+01	1.174790e+02
337	9.714615e+00	2.596506e+03	4.901311e+02	3.175366e+02	7.865064e+01	4.203366e+01	1.187491e+02
338	9.743442e+00	2.611959e+03	4.903079e+02	3.180178e+02	7.910838e+01	4.203915e+01	1.200924e+02
339	9.772269e+00	2.612988e+03	4.904445e+02	3.184363e+02	7.902841e+01	4.209827e+01	1.215337e+02
340	9.801095e+00	2.616309e+03	4.902995e+02	3.187487e+02	7.860420e+01	4.237926e+01	1.229488e+02
341	9.829922e+00	2.615306e+03	4.907329e+02	3.192894e+02	7.903622e+01	4.213145e+01	1.242510e+02
342	9.858749e+00	2.616286e+03	4.906441e+02	3.196327e+02	7.856081e+01	4.240230e+01	1.254994e+02
343	9.887576e+00	2.621155e+03	4.907274e+02	3.200601e+02	7.871368e+01	4.239870e+01	1.267948e+02
344	9.916402e+00	2.610207e+03	4.906468e+02	3.204626e+02	7.875460e+01	4.219968e+01	1.283315e+02
345	9.945229e+00	2.622828e+03	4.907571e+02	3.210349e+02	7.867203e+01	4.244823e+01	1.294069e+02
346	9.974056e+00	2.619899e+03	4.907389e+02	3.213788e+02	7.879634e+01	4.233394e+01	1.310768e+02
347	1.000288e+01	2.617596e+03	4.908363e+02	3.216804e+02	7.858382e+01	4.241110e+01	1.323492e+02
348	1.003171e+01	2.634438e+03	4.909199e+02	3.222547e+02	7.909096e+01	4.241029e+01	1.336867e+02
349	1.006054e+01	2.634707e+03	4.908371e+02	3.227231e+02	7.878117e+01	4.258140e+01	1.354653e+02
350	1.008936e+01	2.619617e+03	4.909464e+02	3.232477e+02	7.832715e+01	4.258294e+01	1.365837e+02
351	1.011819e+01	2.627528e+03	4.907331e+02	3.235323e+02	7.857028e+01	4.257936e+01	1.378693e+02
352	1.014702e+01	2.627688e+03	4.907732e+02	3.240788e+02	7.870376e+01	4.250974e+01	1.386438e+02
353	1.017584e+01	2.620866e+03	4.907401e+02	3.244467e+02	7.845434e+01	4.253416e+01	1.409178e+02
354	1.020467e+01	2.635080e+03	4.907737e+02	3.251003e+02	7.889495e+01	4.252602e+01	1.418882e+02
355	1.023350e+01	2.638875e+03	4.907144e+02	3.254242e+02	7.869433e+01	4.269584e+01	1.435748e+02
356	1.026232e+01	2.640606e+03	4.907163e+02	3.259535e+02	7.882067e+01	4.265536e+01	1.448074e+02
357	1.029115e+01	2.643856e+03	4.905172e+02	3.264584e+02	7.896120e+01	4.263184e+01	1.461349e+02
358	1.031998e+01	2.652379e+03	4.905372e+02	3.269456e+02	7.919726e+01	4.264180e+01	1.476373e+02
359	1.034880e+01	2.634380e+03	4.903393e+02	3.272954e+02	7.894281e+01	4.248895e+01	1.493326e+02
360	1.037763e+01	2.641700e+03	4.902776e+02	3.277412e+02	7.907779e+01	4.253428e+01	1.501915e+02
361	1.040646e+01	2.630106e+03	4.901006e+02	3.282518e+02	7.872056e+01	4.253977e+01	1.519668e+02
362	1.043528e+01	2.644023e+03	4.899604e+02	3.286029e+02	7.910113e+01	4.255913e+01	1.530993e+02
363	1.046411e+01	2.653504e+03	4.899083e+02	3.289797e+02	7.897267e+01	4.278121e+01	1.542865e+02
364	1.049294e+01	2.623637e+03	4.897755e+02	3.295988e+02	7.869907e+01	4.244674e+01	1.561287e+02
365	1.052176e+01	2.634069e+03	4.896071e+02	3.299730e+02	7.855502e+01	4.269365e+01	1.573329e+02
366	1.055059e+01	2.644308e+03	4.893573e+02	3.302780e+02	7.867773e+01	4.279276e+01	1.588102e+02
367	1.057942e+01	2.640254e+03	4.891186e+02	3.306138e+02	7.877657e+01	4.267356e+01	1.604675e+02
368	1.060824e+01	2.636516e+03	4.889852e+02	3.312007e+02	7.897791e+01	4.250450e+01	1.620197e+02
369	1.063707e+01	2.641290e+03	4.887466e+02	3.314544e+02	7.910880e+01	4.251100e+01	1.631938e+02
370	1.066590e+01	2.647279e+03	4.885697e+02	3.318877e+02	7.889928e+01	4.272055e+01	1.649457e+02
371	1.069472e+01	2.649178e+03	4.882496e+02	3.322990e+02	7.910413e+01	4.264048e+01	1.661304e+02
372	1.072355e+01	2.655492e+03	4.881623e+02	3.328000e+02	7.909583e+01	4.274660e+01	1.673564e+02
373	1.075238e+01	2.660458e+03	4.877588e+02	3.330090e+02	7.899352e+01	4.288200e+01	1.686313e+02
374	1.078120e+01	2.653280e+03	4.876934e+02	3.334923e+02	7.924037e+01	4.263308e+01	1.699368e+02
375	1.081003e+01	2.651709e+03	4.874016e+02	3.338843e+02	7.865337e+01	4.292582e+01	1.712291e+02
376	1.083886e+01	2.662531e+03	4.870969e+02	3.340738e+02	7.880099e+01	4.302027e+01	1.727032e+02
377	1.086769e+01	2.642730e+03	4.869869e+02	3.346645e+02	7.889341e+01	4.265031e+01	1.743667e+02
378	1.089651e+01	2.633223e+03	4.866104e+02	3.349169e+02	7.839445e+01	4.276737e+01	1.753306e+02
379	1.092534e+01	2.662077e+03	4.862742e+02	3.352250e+02	7.880404e+01	4.301126e+01	1.768855e+02
380	1.095417e+01	2.647696e+03	4.860109e+02	3.355066e+02	7.909666e+01	4.262065e+01	1.786564e+02
381	1.098299e+01	2.656698e+03	4.857258e+02	3.357494e+02	7.911488e+01	4.275570e+01	1.795083e+02
382	1.101182e+01	2.670130e+03	4.854295e+02	3.361756e+02	7.888060e+01	4.309951e+01	1.207863e+00
383	1.104065e+01	2.659175e+03	4.851010e+02	3.365280e+02	7.904356e+01	4.283419e+01	2.546286e+00
384	1.106947e+01	2.647884e+03	4.848654e+02	3.367592e+02	7.918990e+01	4.257350e+01	3.848924e+00
385	1.109830e+01	2.648971e+03	4.844962e+02	3.370099e+02	7.872536e+01	4.284229e+01	5.004727e+00
386	1.112713e+01	2.662387e+03	4.841874e+02	3.373375e+02	7.903642e+01	4.288980e+01	6.502989e+00
387	1.115595e+01	2.656059e+03	4.838435e+02	3.376122e+02	7.886248e+01	4.288223e+01	7.850738e+00
388	1.118478e+01	2.647829e+03	4.835190e+02	3.379583e+02	7.928727e+01	4.252032e+01	8.835872e+00
389	1.121361e+01	2.664030e+03	4.831192e+02	3.380799e+02	7.916845e+01	4.284470e+01	1.024108e+01
390	1.124243e+01	2.653220e+03	4.828088e+02	3.383989e+02	7.885179e+01	4.284220e+01	1.170791e+01
391	1.127126e+01	2.665905e+03	4.824527e+02	3.386919e+02	7.912640e+01	4.289765e+01	1.306946e+01
392	1.130009e+01	2.660609e+03	4.820885e+02	3.388335e+02	7.879531e+01	4.299231e+01	1.432313e+01
393	1.132891e+01	2.670544e+03	4.817198e+02	3.390916e+02	7.917953e+01	4.294345e+01	1.566372e+01
394	1.135774e+01	2.656663e+03	4.812952e+02	3.393430e+02	7.901891e+01	4.280707e+01	1.688953e+01
395	1.138657e+01	2.657685e+03	4.808867e+02	3.395858e+02	7.916975e+01	4.274195e+01	1.837468e+01
396	1.141539e+01	2.651668e+03	4.804756e+02	3.397498e+02	7.908324e+01	4.269183e+01	1.949356e+01
397	1.144422e+01	2.656066e+03	4.801591e+02	3.399450e+02	7.928661e+01	4.265295e+01	2.062238e+01
398	1.147305e+01	2.652096e+03	4.797656e+02	3.399993e+02	7.887962e+01	4.280894e+01	2.246154e+01
399	1.150187e+01	2.662140e+03	4.793996e+02	3.401518e+02	7.908435e+01	4.285983e+01	2.393165e+01
400	1.153070e+01	2.662564e+03	4.789323e+02	3.404601e+02	7.875417e+01	4.304638e+01	2.520254e+01
401	1.155953e+01	2.649882e+03	4.785759e+02	3.405460e+02	7.884021e+01	4.279459e+01	2.610076e+01
402	1.158835e+01	2.648494e+03	4.782441e+02	3.406318e+02	7.917059e+01	4.259369e+01	2.784277e+01
403	1.161718e+01	2.645525e+03	4.777181e+02	3.409731e+02	7.927180e+01	4.249162e+01	2.903057e+01
404	1.164601e+01	2.646815e+03	4.772399e+02	3.410852e+02	7.905151e+01	4.263081e+01	3.023973e+01
405	1.167483e+01	2.649884e+03	4.769998e+02	3.409157e+02	7.927995e+01	4.255725e+01	3.175923e+01
406	1.170366e+01	2.633152e+03	4.765507e+02	3.411730e+02	7.895293e+01	4.246370e+01	3.282091e+01
407	1.173249e+01	2.651196e+03	4.761044e+02	3.412023e+02	7.929784e+01	4.256872e+01	3.436637e+01
408	1.176131e+01	2.633338e+03	4.756423e+02	3.413679e+02	7.891798e+01	4.248551e+01	3.539030e+01
409	1.179014e+01	2.656328e+03	4.751876e+02	3.414746e+02	7.925920e+01	4.267192e+01	3.663607e+01
410	1.181897e+01	2.647109e+03	4.748528e+02	3.414731e+02	7.923735e+01	4.253554e+01	3.806154e+01
411	1.184779e+01	2.634215e+03	4.744203e+02	3.415089e+02	7.887637e+01	4.252207e+01	3.938801e+01
412	1.187662e+01	2.635102e+03	4.738644e+02	3.416152e+02	7.877112e+01	4.259323e+01	4.089726e+01
413	1.190545e+01	2.632422e+03	4.735680e+02	3.416510e+02	7.883968e+01	4.251291e+01	4.202822e+01
414	1.193428e+01	2.646352e+03	4.731060e+02	3.416944e+02	7.930232e+01	4.248854e+01	4.307670e+01
415	1.196310e+01	2.638717e+03	4.726723e+02	3.417798e+02	7.913712e+01	4.245439e+01	4.462598e+01
416	1.199193e+01	2.645768e+03	4.723618e+02	3.416830e+02	7.929950e+01	4.248068e+01	4.551939e+01
417	1.202076e+01	2.632520e+03	4.720301e+02	3.416005e+02	7.902714e+01	4.241364e+01	4.699534e+01
418	1.204958e+01	2.654577e+03	4.713876e+02	3.417079e+02	7.949578e+01	4.251687e+01	4.848017e+01
419	1.207841e+01	2.635073e+03	4.710732e+02	3.416010e+02	7.893381e+01	4.250497e+01	4.934822e+01
420	1.210724e+01	2.638944e+03	4.706687e+02	3.416461e+02	7.917278e+01	4.243893e+01	5.091047e+01
421	1.213606e+01	2.640512e+03	4.702382e+02	3.416453e+02	7.912598e+01	4.248925e+01	5.211789e+01
422	1.216489e+01	2.637813e+03	4.699182e+02	3.414651e+02	7.900100e+01	4.251298e+01	5.330309e+01
423	1.219372e+01	2.633165e+03	4.694597e+02	3.414999e+02	7.904829e+01	4.241268e+01	5.469733e+01
424	1.222254e+01	2.638254e+03	4.691091e+02	3.414261e+02	7.920190e+01	4.241223e+01	5.558354e+01
425	1.225137e+01	2.626315e+03	4.687606e+02	3.413096e+02	7.895502e+01	4.235231e+01	5.708393e+01
426	1.228020e+01	2.630844e+03	4.683578e+02	3.412262e+02	7.913536e+01	4.232866e+01	5.819634e+01
427	1.230902e+01	2.636678e+03	4.678671e+02	3.411158e+02	7.948862e+01	4.223400e+01	5.922401e+01
428	1.233785e+01	2.626961e+03	4.674927e+02	3.410874e+02	7.941705e+01	4.211628e+01	6.087896e+01
429	1.236668e+01	2.629811e+03	4.670678e+02	3.409640e+02	7.932983e+01	4.220833e+01	6.178810e+01
430	1.239550e+01	2.625574e+03	4.665543e+02	3.408728e+02	7.954816e+01	4.202467e+01	6.321451e+01
431	1.242433e+01	2.615909e+03	4.663209e+02	3.407568e+02	7.959281e+01	4.184648e+01	6.435732e+01
432	1.245316e+01	2.623484e+03	4.659869e+02	3.406610e+02	7.969666e+01	4.191296e+01	6.527774e+01
433	1.248198e+01	2.616431e+03	4.655214e+02	3.405383e+02	7.937811e+01	4.196803e+01	6.682590e+01
434	1.251081e+01	2.614889e+03	4.650972e+02	3.403327e+02	7.979130e+01	4.172611e+01	6.798764e+01
435	1.253964e+01	2.615805e+03	4.647843e+02	3.401723e+02	7.973328e+01	4.177110e+01	6.905040e+01
436	1.256846e+01	2.621996e+03	4.643773e+02	3.400717e+02	7.971792e+01	4.187802e+01	7.007785e+01
437	1.259729e+01	2.614762e+03	4.640435e+02	3.399198e+02	7.986307e+01	4.168658e+01	7.152204e+01
438	1.262612e+01	2.620798e+03	4.636338e+02	3.398140e+02	7.993212e+01	4.174672e+01	7.289223e+01
439	1.265494e+01	2.628850e+03	4.633132e+02	3.396052e+02	7.992026e+01	4.188120e+01	7.373600e+01
440	1.268377e+01	2.615694e+03	4.628975e+02	3.394098e+02	7.958978e+01	4.184464e+01	7.486987e+01
441	1.271260e+01	2.619240e+03	4.625542e+02	3.392284e+02	7.960843e+01	4.189154e+01	7.602466e+01
442	1.274142e+01	2.611356e+03	4.622961e+02	3.389554e+02	7.943410e+01	4.185711e+01	7.714773e+01
443	1.277025e+01	2.632121e+03	4.618294e+02	3.388426e+02	7.998328e+01	4.190026e+01	7.825784e+01
444	1.279908e+01	2.621813e+03	4.615544e+02	3.385251e+02	8.013659e+01	4.165633e+01	7.930001e+01
445	1.282790e+01	2.612349e+03	4.611880e+02	3.382765e+02	7.968594e+01	4.174070e+01	8.079391e+01
446	1.285673e+01	2.607783e+03	4.608923e+02	3.380719e+02	7.988754e+01	4.156258e+01	8.202273e+01
447	1.288556e+01	2.611309e+03	4.604651e+02	3.378890e+02	8.002884e+01	4.154529e+01	8.285190e+01
448	1.291438e+01	2.620242e+03	4.601373e+02	3.377111e+02	7.986624e+01	4.177229e+01	8.407744e+01
449	1.294321e+01	2.610741e+03	4.598942e+02	3.373862e+02	7.984435e+01	4.163223e+01	8.572150e+01
450	1.297204e+01	2.626304e+03	4.595508e+02	3.370958e+02	7.972318e+01	4.194407e+01	8.672037e+01
451	1.300086e+01	2.614623e+03	4.593712e+02	3.368508e+02	7.977036e+01	4.173282e+01	8.724089e+01
452	1.302969e+01	2.607150e+03	4.587545e+02	3.363885e+02	7.983104e+01	4.158190e+01	8.990950e+01
453	1.305852e+01	2.616534e+03	4.585732e+02	3.360952e+02	7.979610e+01	4.174984e+01	9.079143e+01
454	1.308735e+01	2.607995e+03	4.581551e+02	3.357866e+02	7.969733e+01	4.166517e+01	9.185025e+01
455	1.311617e+01	2.621490e+03	4.579659e+02	3.355823e+02	8.011427e+01	4.166280e+01	9.313138e+01
456	1.314500e+01	2.618568e+03	4.577928e+02	3.353585e+02	7.976727e+01	4.179741e+01	9.397260e+01
457	1.317383e+01	2.619179e+03	4.576222e+02	3.349761e+02	7.980158e+01	4.178918e+01	9.499474e+01
458	1.320265e+01	2.611315e+03	4.574210e+02	3.347937e+02	7.985680e+01	4.163489e+01	9.604752e+01
459	1.323148e+01	2.604882e+03	4.572123e+02	3.346039e+02	7.973392e+01	4.159633e+01	9.725790e+01
460	1.326031e+01	2.614868e+03	4.567826e+02	3.341979e+02	8.006498e+01	4.158315e+01	9.795132e+01
461	1.328913e+01	2.608570e+03	4.566001e+02	3.338674e+02	8.005145e+01	4.148999e+01	9.933708e+01
462	1.331796e+01	2.619522e+03	4.564628e+02	3.335122e+02	7.996260e+01	4.171049e+01	1.001579e+02
463	1.334679e+01	2.613682e+03	4.561374e+02	3.332018e+02	7.978486e+01	4.171021e+01	1.012967e+02
464	1.337561e+01	2.617998e+03	4.559636e+02	3.329304e+02	7.978162e+01	4.178078e+01	1.024632e+02
465	1.340444e+01	2.624568e+03	4.558849e+02	3.325624e+02	7.972179e+01	4.191707e+01	1.035017e+02
466	1.343327e+01	2.614599e+03	4.557863e+02	3.323653e+02	7.992937e+01	4.164941e+01	1.042866e+02
467	1.346209e+01	2.622550e+03	4.554709e+02	3.320427e+02	7.983331e+01	4.182633e+01	1.055478e+02
468	1.349092e+01	2.630277e+03	4.553286e+02	3.317876e+02	7.991180e+01	4.190837e+01	1.062668e+02
469	1.351975e+01	2.634718e+03	4.551789e+02	3.314757e+02	7.982703e+01	4.202371e+01	1.076531e+02
470	1.354857e+01	2.628428e+03	4.549014e+02	3.310721e+02	7.947639e+01	4.210833e+01	1.086331e+02
471	1.357740e+01	2.629712e+03	4.548279e+02	3.308461e+02	7.960380e+01	4.206147e+01	1.094829e+02
472	1.360623e+01	2.636259e+03	4.547275e+02	3.304523e+02	7.968892e+01	4.212115e+01	1.109057e+02
473	1.363505e+01	2.622950e+03	4.545286e+02	3.301051e+02	7.925517e+01	4.213787e+01	1.117106e+02
474	1.366388e+01	2.634423e+03	4.544676e+02	3.298044e+02	7.950007e+01	4.219181e+01	1.128161e+02
475	1.369271e+01	2.633075e+03	4.542982e+02	3.294353e+02	7.953281e+01	4.215285e+01	1.140934e+02
476	1.372153e+01	2.630848e+03	4.541308e+02	3.290641e+02	7.929338e+01	4.224438e+01	1.149707e+02
477	1.375036e+01	2.645197e+03	4.540244e+02	3.286705e+02	7.943141e+01	4.240097e+01	1.162904e+02
478	1.377919e+01	2.623194e+03	4.538813e+02	3.283303e+02	7.891566e+01	4.232309e+01	1.174056e+02
479	1.380801e+01	2.625099e+03	4.538224e+02	3.279764e+02	7.932956e+01	4.213285e+01	1.183630e+02
480	1.383684e+01	2.641667e+03	4.536592e+02	3.276687e+02	7.960928e+01	4.224979e+01	1.190686e+02
481	1.386567e+01	2.624416e+03	4.536053e+02	3.272964e+02	7.901802e+01	4.228796e+01	1.203695e+02
482	1.389449e+01	2.636860e+03	4.536007e+02	3.270616e+02	7.942333e+01	4.227163e+01	1.213100e+02
483	1.392332e+01	2.645159e+03	4.535265e+02	3.267773e+02	7.969315e+01	4.226111e+01	1.223179e+02
484	1.395215e+01	2.641483e+03	4.535060e+02	3.264610e+02	7.926663e+01	4.242947e+01	1.233191e+02
485	1.398097e+01	2.634341e+03	4.533178e+02	3.262015e+02	7.892659e+01	4.249705e+01	1.241862e+02
486	1.400980e+01	2.640901e+03	4.534063e+02	3.259500e+02	7.923112e+01	4.243912e+01	1.255676e+02
487	1.403863e+01	2.639554e+03	4.532425e+02	3.254647e+02	7.902359e+01	4.252887e+01	1.268761e+02
488	1.406745e+01	2.627820e+03	4.532436e+02	3.250768e+02	7.906517e+01	4.231755e+01	1.279426e+02
489	1.409628e+01	2.656169e+03	4.532227e+02	3.245467e+02	7.919049e+01	4.270639e+01	1.296879e+02
490	1.412511e+01	2.645615e+03	4.531234e+02	3.241908e+02	7.919251e+01	4.253561e+01	1.302813e+02
491	1.415393e+01	2.632461e+03	4.531956e+02	3.238957e+02	7.886320e+01	4.250086e+01	1.318791e+02
492	1.418276e+01	2.642329e+03	4.531476e+02	3.234826e+02	7.903728e+01	4.256622e+01	1.327869e+02
493	1.421159e+01	2.645391e+03	4.531084e+02	3.230098e+02	7.913556e+01	4.256261e+01	1.341759e+02
494	1.424042e+01	2.632911e+03	4.531132e+02	3.226212e+02	7.876846e+01	4.255925e+01	1.353486e+02
495	1.426924e+01	2.636529e+03	4.530314e+02	3.221497e+02	7.890311e+01	4.254501e+01	1.367023e+02
496	1.429807e+01	2.661439e+03	4.530522e+02	3.216422e+02	7.910154e+01	4.283923e+01	1.381006e+02
497	1.432690e+01	2.645933e+03	4.532054e+02	3.213820e+02	7.917625e+01	4.254946e+01	1.391728e+02
498	1.435572e+01	2.655480e+03	4.530947e+02	3.209362e+02	7.903079e+01	4.278158e+01	1.405009e+02
499	1.438455e+01	2.640905e+03	4.532755e+02	3.206542e+02	7.884245e+01	4.264840e+01	1.417746e+02
500	1.441338e+01	2.646215e+03	4.532341e+02	3.202876e+02	7.903403e+01	4.263057e+01	1.427214e+02
501	1.444220e+01	2.637475e+03	4.533129e+02	3.198072e+02	7.853442e+01	4.276007e+01	1.443567e+02
502	1.447103e+01	2.642976e+03	4.533358e+02	3.193145e+02	7.901208e+01	4.259021e+01	1.454531e+02
503	1.449986e+01	2.657972e+03	4.534363e+02	3.189589e+02	7.905159e+01	4.281047e+01	1.467651e+02
504	1.452868e+01	2.648262e+03	4.535256e+02	3.184524e+02	7.899482e+01	4.268473e+01	1.480007e+02
505	1.455751e+01	2.651853e+03	4.536487e+02	3.183120e+02	7.890447e+01	4.279155e+01	1.491729e+02
506	1.458634e+01	2.645956e+03	4.537271e+02	3.178938e+02	7.875468e+01	4.277759e+01	1.502307e+02
507	1.461516e+01	2.663520e+03	4.538473e+02	3.174688e+02	7.932409e+01	4.275245e+01	1.515468e+02
508	1.464399e+01	2.648999e+03	4.539641e+02	3.169713e+02	7.890125e+01	4.274723e+01	1.531291e+02
509	1.467282e+01	2.662389e+03	4.540993e+02	3.166416e+02	7.906635e+01	4.287360e+01	1.545798e+02
510	1.470164e+01	2.653690e+03	4.542541e+02	3.163003e+02	7.901345e+01	4.276213e+01	1.555120e+02
511	1.473047e+01	2.634804e+03	4.544655e+02	3.159330e+02	7.867060e+01	4.264282e+01	1.568192e+02
512	1.475930e+01	2.644305e+03	4.545767e+02	3.155029e+02	7.895821e+01	4.264071e+01	1.580342e+02
513	1.478812e+01	2.633459e+03	4.547241e+02	3.151412e+02	7.835899e+01	4.279055e+01	1.593009e+02
514	1.481695e+01	2.640182e+03	4.550314e+02	3.147308e+02	7.871864e+01	4.270380e+01	1.608411e+02
515	1.484578e+01	2.638580e+03	4.551043e+02	3.144135e+02	7.836122e+01	4.287254e+01	1.618761e+02
516	1.487460e+01	2.647069e+03	4.553244e+02	3.139746e+02	7.871357e+01	4.281793e+01	1.635440e+02
517	1.490343e+01	2.638050e+03	4.555797e+02	3.137116e+02	7.858262e+01	4.274317e+01	1.648437e+02
518	1.493226e+01	2.642567e+03	4.556470e+02	3.132008e+02	7.871614e+01	4.274373e+01	1.661670e+02
519	1.496108e+01	2.634460e+03	4.558545e+02	3.128612e+02	7.838862e+01	4.279063e+01	1.671176e+02
520	1.498991e+01	2.637621e+03	4.560903e+02	3.125552e+02	7.868845e+01	4.267873e+01	1.684677e+02
521	1.501874e+01	2.645907e+03	4.563381e+02	3.122587e+02	7.880444e+01	4.274979e+01	1.699545e+02
522	1.504756e+01	2.637924e+03	4.566447e+02	3.118738e+02	7.871549e+01	4.266897e+01	1.714176e+02
523	1.507639e+01	2.643227e+03	4.568692e+02	3.114897e+02	7.866378e+01	4.278286e+01	1.723732e+02
524	1.510522e+01	2.638235e+03	4.572454e+02	3.112162e+02	7.865644e+01	4.270604e+01	1.739046e+02
525	1.513404e+01	2.641636e+03	4.574321e+02	3.108591e+02	7.860936e+01	4.278671e+01	1.748554e+02
526	1.516287e+01	2.632501e+03	4.576193e+02	3.105052e+02	7.853698e+01	4.267804e+01	1.762641e+02
527	1.519170e+01	2.642541e+03	4.578562e+02	3.102837e+02	7.891061e+01	4.263797e+01	1.773204e+02
528	1.522052e+01	2.637709e+03	4.581705e+02	3.099299e+02	7.865656e+01	4.269746e+01	1.791068e+02
529	1.524935e+01	2.637571e+03	4.585094e+02	3.095961e+02	7.863165e+01	4.270876e+01	2.114453e-01
530	1.527818e+01	2.631389e+03	4.588477e+02	3.092606e+02	7.857248e+01	4.264073e+01	1.823420e+00
531	1.530700e+01	2.631759e+03	4.591018e+02	3.090217e+02	7.881734e+01	4.251424e+01	2.486172e+00
532	1.533583e+01	2.633652e+03	4.594793e+02	3.087556e+02	7.836298e+01	4.279151e+01	4.140015e+00
533	1.536466e+01	2.646866e+03	4.596953e+02	3.084892e+02	7.876932e+01	4.278436e+01	5.794154e+00
534	1.539349e+01	2.638791e+03	4.601720e+02	3.082121e+02	7.848407e+01	4.280885e+01	6.772435e+00
535	1.542231e+01	2.641854e+03	4.603026e+02	3.080688e+02	7.848954e+01	4.285556e+01	8.202347e+00
536	1.545114e+01	2.623502e+03	4.606187e+02	3.078496e+02	7.842940e+01	4.259050e+01	9.181056e+00
537	1.547997e+01	2.633865e+03	4.609465e+02	3.074750e+02	7.840211e+01	4.277360e+01	1.048459e+01
538	1.550879e+01	2.644541e+03	4.613719e+02	3.073057e+02	7.843898e+01	4.292679e+01	1.152116e+01
539	1.553762e+01	2.632332e+03	4.616758e+02	3.069910e+02	7.851192e+01	4.268892e+01	1.307587e+01
540	1.556645e+01	2.643693e+03	4.620720e+02	3.067977e+02	7.886886e+01	4.267913e+01	1.454969e+01
541	1.559527e+01	2.639840e+03	4.624355e+02	3.066130e+02	7.861575e+01	4.275414e+01	1.596645e+01
542	1.562410e+01	2.636151e+03	4.629352e+02	3.063677e+02	7.877658e+01	4.260723e+01	1.723608e+01
543	1.565293e+01	2.628792e+03	4.631892e+02	3.062201e+02	7.855456e+01	4.260838e+01	1.823241e+01
544	1.568175e+01	2.627982e+03	4.635355e+02	3.059503e+02	7.853159e+01	4.260770e+01	1.949195e+01
545	1.571058e+01	2.632844e+03	4.640555e+02	3.057789e+02	7.875646e+01	4.256465e+01	2.102760e+01
546	1.573941e+01	2.617926e+03	4.643749e+02	3.056470e+02	7.823112e+01	4.260768e+01	2.231932e+01
547	1.576823e+01	2.621312e+03	4.647666e+02	3.053956e+02	7.851054e+01	4.251096e+01	2.362591e+01
548	1.579706e+01	2.631902e+03	4.651704e+02	3.052041e+02	7.855550e+01	4.265828e+01	2.505692e+01
549	1.582589e+01	2.631975e+03	4.655983e+02	3.050063e+02	7.890385e+01	4.247113e+01	2.634279e+01
550	1.585471e+01	2.625951e+03	4.660002e+02	3.049393e+02	7.877891e+01	4.244111e+01	2.781962e+01
551	1.588354e+01	2.623177e+03	4.664568e+02	3.047061e+02	7.878304e+01	4.239405e+01	2.914842e+01
552	1.591237e+01	2.616526e+03	4.668802e+02	3.046100e+02	7.843343e+01	4.247506e+01	3.066962e+01
553	1.594119e+01	2.615851e+03	4.673422e+02	3.044906e+02	7.856374e+01	4.239366e+01	3.193409e+01
554	1.597002e+01	2.621717e+03	4.676980e+02	3.043528e+02	7.860268e+01	4.246768e+01	3.316656e+01
555	1.599885e+01	2.605197e+03	4.680362e+02	3.043013e+02	7.827261e+01	4.237804e+01	3.452789e+01
556	1.602767e+01	2.618040e+03	4.685492e+02	3.041507e+02	7.849265e+01	4.246756e+01	3.574814e+01
557	1.605650e+01	2.600237e+03	4.688851e+02	3.041225e+02	7.826862e+01	4.229951e+01	3.735011e+01
558	1.608533e+01	2.613589e+03	4.693551e+02	3.041076e+02	7.838662e+01	4.245272e+01	3.843620e+01
559	1.611415e+01	2.615246e+03	4.698862e+02	3.040053e+02	7.866375e+01	4.232997e+01	4.003965e+01
560	1.614298e+01	2.614284e+03	4.702500e+02	3.039098e+02	7.849921e+01	4.240310e+01	4.131516e+01
561	1.617181e+01	2.606577e+03	4.706730e+02	3.038975e+02	7.863409e+01	4.220557e+01	4.229528e+01
562	1.620063e+01	2.615186e+03	4.711369e+02	3.039285e+02	7.919204e+01	4.204663e+01	4.381309e+01
563	1.622946e+01	2.606697e+03	4.715520e+02	3.039442e+02	7.863737e+01	4.220576e+01	4.539083e+01
564	1.625829e+01	2.604173e+03	4.719532e+02	3.039386e+02	7.868343e+01	4.214022e+01	4.658347e+01
565	1.628711e+01	2.601643e+03	4.724231e+02	3.038770e+02	7.866644e+01	4.210837e+01	4.820463e+01
566	1.631594e+01	2.597876e+03	4.728146e+02	3.038737e+02	7.849921e+01	4.213697e+01	4.947245e+01
567	1.634477e+01	2.591236e+03	4.732005e+02	3.039346e+02	7.866765e+01	4.193928e+01	5.063087e+01
568	1.637359e+01	2.592508e+03	4.736459e+02	3.040579e+02	7.863453e+01	4.197753e+01	5.201201e+01
569	1.640242e+01	2.600281e+03	4.740541e+02	3.039961e+02	7.881344e+01	4.200781e+01	5.343568e+01
570	1.643125e+01	2.593661e+03	4.744181e+02	3.041357e+02	7.885513e+01	4.187872e+01	5.492169e+01
571	1.646007e+01	2.597806e+03	4.748751e+02	3.041624e+02	7.871352e+01	4.202111e+01	5.636709e+01
572	1.648890e+01	2.590586e+03	4.752835e+02	3.042048e+02	7.892687e+01	4.179104e+01	5.737047e+01
573	1.651773e+01	2.578617e+03	4.757947e+02	3.042453e+02	7.844641e+01	4.185273e+01	5.845773e+01
574	1.654656e+01	2.592430e+03	4.760463e+02	3.044276e+02	7.884588e+01	4.186376e+01	6.016344e+01
575	1.657538e+01	2.592873e+03	4.766149e+02	3.044937e+02	7.889422e+01	4.184526e+01	6.131983e+01
576	1.660421e+01	2.592463e+03	4.771530e+02	3.044910e+02	7.904943e+01	4.175648e+01	6.267620e+01
577	1.663304e+01	2.583782e+03	4.774695e+02	3.046500e+02	7.883212e+01	4.173139e+01	6.380286e+01
578	1.666186e+01	2.585538e+03	4.779442e+02	3.046737e+02	7.923623e+01	4.154678e+01	6.498266e+01
579	1.669069e+01	2.590886e+03	4.782237e+02	3.049178e+02	7.926735e+01	4.161637e+01	6.590791e+01
580	1.671952e+01	2.586769e+03	4.787706e+02	3.050478e+02	7.935343e+01	4.150515e+01	6.724186e+01
581	1.674834e+01	2.583149e+03	4.792196e+02	3.051102e+02	7.915846e+01	4.154915e+01	6.861803e+01
582	1.677717e+01	2.576006e+03	4.795053e+02	3.053701e+02	7.938840e+01	4.131427e+01	6.972327e+01
583	1.680600e+01	2.583558e+03	4.798517e+02	3.056045e+02	7.939635e+01	4.143122e+01	7.130901e+01
584	1.683482e+01	2.575338e+03	4.802013e+02	3.057360e+02	7.926062e+01	4.137014e+01	7.258330e+01
585	1.686365e+01	2.581284e+03	4.807144e+02	3.059070e+02	7.964876e+01	4.126358e+01	7.355459e+01
586	1.689248e+01	2.574700e+03	4.810097e+02	3.060369e+02	7.941421e+01	4.127989e+01	7.472264e+01
587	1.692130e+01	2.570666e+03	4.813909e+02	3.062181e+02	7.952499e+01	4.115781e+01	7.561409e+01
588	1.695013e+01	2.570154e+03	4.817386e+02	3.063815e+02	7.954535e+01	4.113908e+01	7.686077e+01
589	1.697896e+01	2.577121e+03	4.823256e+02	3.066429e+02	7.979435e+01	4.112187e+01	7.792805e+01
590	1.700778e+01	2.564205e+03	4.832211e+02	3.072854e+02	7.960277e+01	4.101424e+01	8.178607e+01
591	1.703661e+01	2.579290e+03	4.835604e+02	3.075382e+02	7.998537e+01	4.105818e+01	8.291180e+01
592	1.706544e+01	2.574278e+03	4.838648e+02	3.077331e+02	7.970983e+01	4.112006e+01	8.396466e+01
593	1.709426e+01	2.570653e+03	4.843060e+02	3.081196e+02	7.983161e+01	4.099951e+01	8.527657e+01
594	1.712309e+01	2.577711e+03	4.845292e+02	3.082455e+02	8.003809e+01	4.100601e+01	8.635371e+01
595	1.715192e+01	2.574379e+03	4.849320e+02	3.086276e+02	7.950276e+01	4.122878e+01	8.727773e+01
596	1.718074e+01	2.575912e+03	4.852001e+02	3.089428e+02	7.923166e+01	4.139448e+01	8.908468e+01
597	1.720957e+01	2.580704e+03	4.855383e+02	3.092718e+02	7.966245e+01	4.124722e+01	9.013839e+01
598	1.723840e+01	2.564888e+03	4.857280e+02	3.095906e+02	7.965795e+01	4.099675e+01	9.108170e+01
599	1.726722e+01	2.566061e+03	4.860598e+02	3.098236e+02	7.942047e+01	4.113814e+01	9.256857e+01
600	1.729605e+01	2.562163e+03	4.863953e+02	3.102324e+02	7.935562e+01	4.110921e+01	9.392904e+01
601	1.732488e+01	2.568286e+03	4.866266e+02	3.105126e+02	7.946365e+01	4.115144e+01	9.500363e+01
602	1.735370e+01	2.579852e+03	4.868897e+02	3.108355e+02	7.948890e+01	4.132362e+01	9.657845e+01
603	1.738253e+01	2.584591e+03	4.872084e+02	3.111328e+02	7.959542e+01	4.134412e+01	9.757578e+01
604	1.741136e+01	2.584539e+03	4.875186e+02	3.115257e+02	7.955895e+01	4.136226e+01	9.832355e+01
605	1.744018e+01	2.592224e+03	4.876986e+02	3.117931e+02	7.965598e+01	4.143471e+01	9.951861e+01
606	1.746901e+01	2.581031e+03	4.880091e+02	3.122246e+02	7.935175e+01	4.141397e+01	1.007328e+02
607	1.749784e+01	2.595099e+03	4.882828e+02	3.125600e+02	7.964115e+01	4.148838e+01	1.022515e+02
608	1.752666e+01	2.591736e+03	4.884821e+02	3.129163e+02	7.969128e+01	4.140855e+01	1.034241e+02
609	1.755549e+01	2.580366e+03	4.887359e+02	3.133393e+02	7.892139e+01	4.162907e+01	1.045303e+02
610	1.758432e+01	2.579942e+03	4.886584e+02	3.136568e+02	7.910253e+01	4.152691e+01	1.059982e+02
611	1.761314e+01	2.580914e+03	4.891576e+02	3.141216e+02	7.886487e+01	4.166776e+01	1.074503e+02
612	1.764197e+01	2.602042e+03	4.892722e+02	3.144592e+02	7.922591e+01	4.181742e+01	1.083249e+02
613	1.767080e+01	2.607205e+03	4.892948e+02	3.146728e+02	7.931902e+01	4.185120e+01	1.096893e+02
614	1.769963e+01	2.589808e+03	4.895681e+02	3.151524e+02	7.906408e+01	4.170599e+01	1.117049e+02
615	1.772845e+01	2.594239e+03	4.896286e+02	3.155027e+02	7.907492e+01	4.177161e+01	1.127558e+02
616	1.775728e+01	2.589100e+03	4.898470e+02	3.160531e+02	7.873847e+01	4.186701e+01	1.140673e+02
617	1.778611e+01	2.599557e+03	4.900320e+02	3.164734e+02	7.840541e+01	4.221466e+01	1.153579e+02
618	1.781493e+01	2.595493e+03	4.901503e+02	3.168418e+02	7.872565e+01	4.197722e+01	1.169769e+02
619	1.784376e+01	2.594515e+03	4.902256e+02	3.172787e+02	7.879227e+01	4.192593e+01	1.181536e+02
620	1.787259e+01	2.599980e+03	4.903540e+02	3.177112e+02	7.876877e+01	4.202677e+01	1.190188e+02
621	1.790141e+01	2.596119e+03	4.903978e+02	3.180744e+02	7.896575e+01	4.185968e+01	1.209482e+02
622	1.793024e+01	2.615207e+03	4.906328e+02	3.185822e+02	7.892942e+01	4.218687e+01	1.220370e+02
623	1.795907e+01	2.602535e+03	4.906701e+02	3.189969e+02	7.850949e+01	4.220700e+01	1.238835e+02
624	1.798789e+01	2.610814e+03	4.908332e+02	3.193888e+02	7.875380e+01	4.220992e+01	1.247259e+02
625	1.801672e+01	2.609226e+03	4.909140e+02	3.197660e+02	7.846670e+01	4.233860e+01	1.262621e+02
626	1.804555e+01	2.626063e+03	4.909592e+02	3.203209e+02	7.895081e+01	4.235051e+01	1.275697e+02
627	1.807437e+01	2.612730e+03	4.908676e+02	3.206069e+02	7.863099e+01	4.230687e+01	1.287632e+02
628	1.810320e+01	2.618907e+03	4.909791e+02	3.210848e+02	7.868050e+01	4.238021e+01	1.302396e+02
629	1.813203e+01	2.619706e+03	4.909637e+02	3.215140e+02	7.856954e+01	4.245301e+01	1.314773e+02
630	1.816085e+01	2.620219e+03	4.909257e+02	3.219124e+02	7.886301e+01	4.230331e+01	1.328355e+02
631	1.818968e+01	2.634279e+03	4.910702e+02	3.224810e+02	7.871047e+01	4.261274e+01	1.344469e+02
632	1.821851e+01	2.633593e+03	4.909822e+02	3.228934e+02	7.877098e+01	4.256890e+01	1.360858e+02
633	1.824733e+01	2.627299e+03	4.910927e+02	3.233260e+02	7.861600e+01	4.255088e+01	1.372013e+02
634	1.827616e+01	2.627070e+03	4.911114e+02	3.237068e+02	7.873067e+01	4.248521e+01	1.380750e+02
635	1.830499e+01	2.639913e+03	4.909699e+02	3.241124e+02	7.890724e+01	4.259739e+01	1.394291e+02
636	1.833381e+01	2.632221e+03	4.909286e+02	3.246866e+02	7.859321e+01	4.264296e+01	1.414900e+02
637	1.836264e+01	2.631124e+03	4.908546e+02	3.251421e+02	7.855434e+01	4.264629e+01	1.426501e+02
638	1.839147e+01	2.636685e+03	4.909633e+02	3.256422e+02	7.891487e+01	4.254118e+01	1.441128e+02
639	1.842029e+01	2.645819e+03	4.907971e+02	3.260760e+02	7.899983e+01	4.264264e+01	1.452723e+02
640	1.844912e+01	2.647036e+03	4.906254e+02	3.264578e+02	7.899852e+01	4.266296e+01	1.467412e+02
641	1.847795e+01	2.647332e+03	4.906005e+02	3.270947e+02	7.916251e+01	4.257934e+01	1.481970e+02
642	1.850677e+01	2.632525e+03	4.904113e+02	3.274196e+02	7.889109e+01	4.248686e+01	1.497784e+02
643	1.853560e+01	2.632460e+03	4.904099e+02	3.277501e+02	7.879359e+01	4.253838e+01	1.508607e+02
644	1.856443e+01	2.636363e+03	4.902934e+02	3.282933e+02	7.908971e+01	4.244195e+01	1.519749e+02
645	1.859325e+01	2.650673e+03	4.901360e+02	3.286089e+02	7.931040e+01	4.255358e+01	1.533393e+02
646	1.862208e+01	2.639071e+03	4.899740e+02	3.290843e+02	7.889878e+01	4.258835e+01	1.546921e+02
647	1.865091e+01	2.639982e+03	4.897673e+02	3.294815e+02	7.871381e+01	4.270318e+01	1.565725e+02
648	1.867973e+01	2.644253e+03	4.896945e+02	3.300518e+02	7.868830e+01	4.278613e+01	1.577342e+02
649	1.870856e+01	2.655456e+03	4.890266e+02	3.312079e+02	7.923051e+01	4.267335e+01	1.618372e+02
650	1.873739e+01	2.634489e+03	4.888386e+02	3.316404e+02	7.902079e+01	4.244877e+01	1.637862e+02
651	1.876622e+01	2.643797e+03	4.886782e+02	3.320846e+02	7.882131e+01	4.270655e+01	1.648715e+02
652	1.879504e+01	2.640633e+03	4.883430e+02	3.324318e+02	7.906456e+01	4.252422e+01	1.666136e+02
653	1.882387e+01	2.647535e+03	4.881902e+02	3.328796e+02	7.902437e+01	4.265705e+01	1.675753e+02
654	1.885270e+01	2.660116e+03	4.879478e+02	3.332600e+02	7.930441e+01	4.270841e+01	1.691017e+02
655	1.888152e+01	2.649752e+03	4.877835e+02	3.336243e+02	7.885492e+01	4.278450e+01	1.703076e+02
656	1.891035e+01	2.650733e+03	4.875490e+02	3.337674e+02	7.907199e+01	4.268285e+01	1.717833e+02
657	1.893918e+01	2.643409e+03	4.872561e+02	3.342209e+02	7.866103e+01	4.278730e+01	1.730193e+02
658	1.896800e+01	2.649589e+03	4.870518e+02	3.346028e+02	7.899625e+01	4.270533e+01	1.746142e+02
659	1.899683e+01	2.640432e+03	4.867616e+02	3.348706e+02	7.872447e+01	4.270467e+01	1.754400e+02
660	1.902566e+01	2.656613e+03	4.865005e+02	3.351757e+02	7.900061e+01	4.281618e+01	1.768837e+02
661	1.905448e+01	2.650984e+03	4.861828e+02	3.354995e+02	7.898534e+01	4.273373e+01	1.783611e+02
662	1.908331e+01	2.662012e+03	4.858578e+02	3.358260e+02	7.933351e+01	4.272318e+01	1.797024e+02
663	1.911214e+01	2.666553e+03	4.854830e+02	3.360630e+02	7.902866e+01	4.296113e+01	9.701782e-01
664	1.914096e+01	2.662042e+03	4.852441e+02	3.364104e+02	7.884064e+01	4.299074e+01	2.237105e+00
665	1.916979e+01	2.652073e+03	4.849770e+02	3.366634e+02	7.932496e+01	4.256824e+01	3.412772e+00
666	1.919862e+01	2.648654e+03	4.846580e+02	3.369914e+02	7.883342e+01	4.277845e+01	4.612399e+00
667	1.922744e+01	2.654523e+03	4.843774e+02	3.371499e+02	7.907823e+01	4.274050e+01	5.897504e+00
668	1.925627e+01	2.667566e+03	4.839780e+02	3.374937e+02	7.912296e+01	4.292623e+01	7.517841e+00
669	1.928510e+01	2.659622e+03	4.837082e+02	3.377596e+02	7.907594e+01	4.282385e+01	8.554611e+00
670	1.931392e+01	2.652078e+03	4.833650e+02	3.381201e+02	7.906741e+01	4.270699e+01	9.777580e+00
671	1.934275e+01	2.650164e+03	4.830499e+02	3.382765e+02	7.901305e+01	4.270552e+01	1.135966e+01
672	1.937158e+01	2.660436e+03	4.826785e+02	3.384626e+02	7.917330e+01	4.278428e+01	1.240328e+01
673	1.940040e+01	2.666431e+03	4.823692e+02	3.387443e+02	7.946159e+01	4.272512e+01	1.375239e+01
674	1.942923e+01	2.655699e+03	4.819669e+02	3.390122e+02	7.904977e+01	4.277484e+01	1.527360e+01
675	1.945806e+01	2.667403e+03	4.815428e+02	3.392288e+02	7.892753e+01	4.302989e+01	1.686338e+01
676	1.948688e+01	2.681158e+03	4.809514e+02	3.395458e+02	7.895050e+01	4.323920e+01	1.857386e+01
677	1.951571e+01	2.661897e+03	4.807935e+02	3.397255e+02	7.928341e+01	4.274831e+01	1.943901e+01
678	1.954454e+01	2.662438e+03	4.803635e+02	3.397399e+02	7.912872e+01	4.284060e+01	2.085223e+01
679	1.957336e+01	2.657555e+03	4.799637e+02	3.400620e+02	7.901910e+01	4.282135e+01	2.224721e+01
680	1.960219e+01	2.642924e+03	4.797233e+02	3.400037e+02	7.892741e+01	4.263507e+01	2.316760e+01
681	1.963102e+01	2.650800e+03	4.791517e+02	3.403224e+02	7.903445e+01	4.270420e+01	2.440021e+01
682	1.965984e+01	2.656701e+03	4.789671e+02	3.403402e+02	7.897536e+01	4.283130e+01	2.593387e+01
683	1.968867e+01	2.665764e+03	4.783983e+02	3.405867e+02	7.921623e+01	4.284673e+01	2.733175e+01
684	1.971750e+01	2.658268e+03	4.780896e+02	3.406157e+02	7.922732e+01	4.272026e+01	2.834100e+01
685	1.974632e+01	2.643699e+03	4.777317e+02	3.408055e+02	7.908759e+01	4.256120e+01	2.987933e+01
686	1.977515e+01	2.656807e+03	4.772456e+02	3.409663e+02	7.927694e+01	4.267007e+01	3.118397e+01
687	1.980398e+01	2.647436e+03	4.769130e+02	3.410049e+02	7.929901e+01	4.250773e+01	3.245582e+01
688	1.983280e+01	2.647611e+03	4.764431e+02	3.410908e+02	7.936656e+01	4.247435e+01	3.353839e+01
689	1.986163e+01	2.636592e+03	4.758419e+02	3.412123e+02	7.897837e+01	4.250548e+01	3.506224e+01
690	1.989046e+01	2.661359e+03	4.755215e+02	3.412830e+02	7.929656e+01	4.273260e+01	3.643241e+01
691	1.991929e+01	2.645025e+03	4.750464e+02	3.413621e+02	7.888392e+01	4.269249e+01	3.787757e+01
692	1.994811e+01	2.654699e+03	4.747394e+02	3.413972e+02	7.927909e+01	4.263505e+01	3.880032e+01
693	1.997694e+01	2.640143e+03	4.742314e+02	3.414892e+02	7.917591e+01	4.245653e+01	4.013797e+01
694	2.000577e+01	2.640580e+03	4.738176e+02	3.416048e+02	7.900602e+01	4.255487e+01	4.132294e+01
695	2.003459e+01	2.648104e+03	4.734554e+02	3.415593e+02	7.920425e+01	4.256931e+01	4.281136e+01
696	2.006342e+01	2.643385e+03	4.730916e+02	3.416147e+02	7.916077e+01	4.251680e+01	4.355799e+01
697	2.009225e+01	2.633007e+03	4.726215e+02	3.416207e+02	7.892449e+01	4.247666e+01	4.455288e+01
698	2.012107e+01	2.634714e+03	4.722502e+02	3.416160e+02	7.885537e+01	4.254145e+01	4.643124e+01
699	2.014990e+01	2.629859e+03	4.717852e+02	3.416034e+02	7.908865e+01	4.233781e+01	4.776951e+01
700	2.017873e+01	2.634587e+03	4.713340e+02	3.415169e+02	7.904399e+01	4.243790e+01	4.910872e+01
701	2.020755e+01	2.642438e+03	4.709711e+02	3.415501e+02	7.928043e+01	4.243742e+01	5.024661e+01
702	2.023638e+01	2.635545e+03	4.705726e+02	3.415357e+02	7.923225e+01	4.235246e+01	5.140614e+01
703	2.026521e+01	2.621303e+03	4.701289e+02	3.415501e+02	7.903989e+01	4.222610e+01	5.301016e+01
704	2.029403e+01	2.638683e+03	4.698071e+02	3.413954e+02	7.922845e+01	4.240491e+01	5.392812e+01
705	2.032286e+01	2.638627e+03	4.693394e+02	3.413920e+02	7.926824e+01	4.238272e+01	5.499649e+01
706	2.035169e+01	2.629754e+03	4.690929e+02	3.412643e+02	7.930441e+01	4.222094e+01	5.609655e+01
707	2.038051e+01	2.631612e+03	4.686494e+02	3.411896e+02	7.927029e+01	4.226895e+01	5.768443e+01
708	2.040934e+01	2.623151e+03	4.682688e+02	3.411970e+02	7.903882e+01	4.225645e+01	5.865987e+01
709	2.043817e+01	2.621009e+03	4.678734e+02	3.410154e+02	7.901601e+01	4.223412e+01	5.989825e+01
710	2.046699e+01	2.625553e+03	4.674043e+02	3.409693e+02	7.931887e+01	4.214581e+01	6.138116e+01
711	2.049582e+01	2.629271e+03	4.670843e+02	3.408102e+02	7.948527e+01	4.211714e+01	6.229929e+01
712	2.052465e+01	2.624514e+03	4.666613e+02	3.407650e+02	7.964893e+01	4.195454e+01	6.355925e+01
713	2.055347e+01	2.629409e+03	4.662615e+02	3.406402e+02	7.964426e+01	4.203527e+01	6.481522e+01
714	2.058230e+01	2.625689e+03	4.659000e+02	3.404733e+02	7.965002e+01	4.197276e+01	6.593786e+01
715	2.061113e+01	2.615700e+03	4.655187e+02	3.403500e+02	7.981244e+01	4.172799e+01	6.742067e+01
716	2.063995e+01	2.618505e+03	4.651094e+02	3.401887e+02	7.941307e+01	4.198281e+01	6.852170e+01
717	2.066878e+01	2.626122e+03	4.647561e+02	3.400493e+02	7.976038e+01	4.192160e+01	6.972168e+01
718	2.069761e+01	2.633144e+03	4.641705e+02	3.400432e+02	8.002732e+01	4.189348e+01	7.084455e+01
719	2.072643e+01	2.610758e+03	4.640441e+02	3.397152e+02	7.964584e+01	4.173627e+01	7.193042e+01
720	2.075526e+01	2.625438e+03	4.636201e+02	3.396481e+02	7.999943e+01	4.178544e+01	7.313966e+01
721	2.078409e+01	2.615489e+03	4.633098e+02	3.394137e+02	7.966053e+01	4.180419e+01	7.454231e+01
722	2.081291e+01	2.615327e+03	4.628706e+02	3.392162e+02	7.986598e+01	4.169406e+01	7.551225e+01
723	2.084174e+01	2.597488e+03	4.624868e+02	3.389711e+02	7.946417e+01	4.161906e+01	7.675887e+01
724	2.087057e+01	2.622481e+03	4.621985e+02	3.388324e+02	7.968970e+01	4.190060e+01	7.801572e+01
725	2.089939e+01	2.619710e+03	4.618343e+02	3.386506e+02	7.992490e+01	4.173315e+01	7.881494e+01
726	2.092822e+01	2.616690e+03	4.615916e+02	3.384005e+02	8.006785e+01	4.161063e+01	8.005813e+01
727	2.095705e+01	2.620213e+03	4.612407e+02	3.381811e+02	7.969905e+01	4.185946e+01	8.154726e+01
728	2.098587e+01	2.617620e+03	4.607330e+02	3.378838e+02	7.992216e+01	4.170129e+01	8.264461e+01
729	2.101470e+01	2.611683e+03	4.605326e+02	3.376233e+02	7.961360e+01	4.176797e+01	8.382716e+01
730	2.104353e+01	2.606639e+03	4.600497e+02	3.373934e+02	7.982035e+01	4.157932e+01	8.518536e+01
731	2.107236e+01	2.629937e+03	4.597823e+02	3.372554e+02	8.003645e+01	4.183768e+01	8.574406e+01
732	2.110118e+01	2.623666e+03	4.596536e+02	3.369428e+02	7.988942e+01	4.181473e+01	8.730814e+01
733	2.113001e+01	2.617349e+03	4.593340e+02	3.366573e+02	7.989116e+01	4.171315e+01	8.814050e+01
734	2.115884e+01	2.603789e+03	4.589548e+02	3.364199e+02	7.961513e+01	4.164092e+01	8.928115e+01
735	2.118766e+01	2.623055e+03	4.586210e+02	3.360568e+02	7.976994e+01	4.186762e+01	9.041029e+01
736	2.121649e+01	2.622075e+03	4.583703e+02	3.358300e+02	7.991278e+01	4.177717e+01	9.168349e+01
737	2.124532e+01	2.610160e+03	4.581643e+02	3.355342e+02	7.981393e+01	4.163884e+01	9.270871e+01
738	2.127414e+01	2.621104e+03	4.578242e+02	3.353136e+02	8.001971e+01	4.170589e+01	9.374278e+01
739	2.130297e+01	2.605967e+03	4.575408e+02	3.349181e+02	7.962251e+01	4.167188e+01	9.513469e+01
740	2.133180e+01	2.607354e+03	4.574352e+02	3.346610e+02	7.999508e+01	4.149988e+01	9.602955e+01
741	2.136062e+01	2.620917e+03	4.571053e+02	3.342688e+02	7.985000e+01	4.179154e+01	9.717761e+01
742	2.138945e+01	2.607402e+03	4.568055e+02	3.340436e+02	7.979761e+01	4.160335e+01	9.819111e+01
743	2.141828e+01	2.614992e+03	4.566581e+02	3.335981e+02	7.977744e+01	4.173499e+01	9.963253e+01
744	2.144710e+01	2.621941e+03	4.563809e+02	3.333116e+02	8.010662e+01	4.167395e+01	1.008484e+02
745	2.147593e+01	2.612179e+03	4.562244e+02	3.330152e+02	7.986861e+01	4.164251e+01	1.017682e+02
746	2.150476e+01	2.618330e+03	4.560111e+02	3.326058e+02	7.972816e+01	4.181410e+01	1.030517e+02
747	2.153358e+01	2.617905e+03	4.558491e+02	3.323553e+02	7.986869e+01	4.173375e+01	1.042110e+02
748	2.156241e+01	2.629723e+03	4.555428e+02	3.320047e+02	7.980939e+01	4.195330e+01	1.054393e+02
749	2.159124e+01	2.619453e+03	4.553887e+02	3.317023e+02	7.981169e+01	4.178825e+01	1.062211e+02
750	2.162006e+01	2.636487e+03	4.550923e+02	3.313078e+02	7.958308e+01	4.218082e+01	1.073145e+02
751	2.164889e+01	2.621460e+03	4.551409e+02	3.311054e+02	7.945037e+01	4.201045e+01	1.085204e+02
752	2.167772e+01	2.637418e+03	4.548759e+02	3.307437e+02	7.993891e+01	4.200789e+01	1.094012e+02
753	2.170654e+01	2.627563e+03	4.547318e+02	3.303501e+02	7.982200e+01	4.191222e+01	1.108212e+02
754	2.173537e+01	2.620556e+03	4.545926e+02	3.299775e+02	7.947090e+01	4.198512e+01	1.118940e+02
755	2.176420e+01	2.630354e+03	4.544411e+02	3.297058e+02	7.944571e+01	4.215546e+01	1.129156e+02
756	2.179302e+01	2.634403e+03	4.542918e+02	3.292404e+02	7.936372e+01	4.226397e+01	1.143304e+02
757	2.182185e+01	2.645860e+03	4.540983e+02	3.288182e+02	7.943157e+01	4.241151e+01	1.154337e+02
758	2.185068e+01	2.637154e+03	4.541230e+02	3.285979e+02	7.924812e+01	4.236982e+01	1.166062e+02
759	2.187950e+01	2.625497e+03	4.538589e+02	3.281799e+02	7.926237e+01	4.217494e+01	1.177489e+02
760	2.190833e+01	2.641969e+03	4.537838e+02	3.277887e+02	7.941624e+01	4.235733e+01	1.189372e+02
761	2.193716e+01	2.637982e+03	4.536638e+02	3.275014e+02	7.933371e+01	4.233739e+01	1.198196e+02
762	2.196598e+01	2.629991e+03	4.534979e+02	3.270579e+02	7.937247e+01	4.218853e+01	1.211569e+02
763	2.199481e+01	2.647817e+03	4.535269e+02	3.265943e+02	7.949074e+01	4.241129e+01	1.225497e+02
764	2.202364e+01	2.640881e+03	4.535424e+02	3.263831e+02	7.936549e+01	4.236695e+01	1.234379e+02
765	2.205246e+01	2.637313e+03	4.534089e+02	3.259763e+02	7.929897e+01	4.234521e+01	1.248969e+02
766	2.208129e+01	2.641554e+03	4.532833e+02	3.254545e+02	7.929733e+01	4.241417e+01	1.262487e+02
767	2.211012e+01	2.643263e+03	4.532218e+02	3.252028e+02	7.923778e+01	4.247351e+01	1.273658e+02
768	2.213894e+01	2.635348e+03	4.532137e+02	3.247699e+02	7.885875e+01	4.254986e+01	1.287113e+02
769	2.216777e+01	2.654865e+03	4.533076e+02	3.243537e+02	7.921180e+01	4.267393e+01	1.299107e+02
770	2.219660e+01	2.647041e+03	4.531167e+02	3.238869e+02	7.921486e+01	4.254653e+01	1.309929e+02
771	2.222543e+01	2.637350e+03	4.532997e+02	3.236057e+02	7.867426e+01	4.268205e+01	1.323755e+02
772	2.225425e+01	2.633191e+03	4.530555e+02	3.229742e+02	7.891354e+01	4.248553e+01	1.338324e+02
773	2.228308e+01	2.647915e+03	4.531880e+02	3.226884e+02	7.919070e+01	4.257356e+01	1.350619e+02
774	2.231191e+01	2.639301e+03	4.531631e+02	3.222151e+02	7.910295e+01	4.248214e+01	1.366494e+02
775	2.234073e+01	2.634645e+03	4.532447e+02	3.218320e+02	7.881471e+01	4.256228e+01	1.375658e+02
776	2.236956e+01	2.645176e+03	4.531774e+02	3.212815e+02	7.913150e+01	4.256133e+01	1.387950e+02
777	2.239839e+01	2.640085e+03	4.533585e+02	3.210543e+02	7.884305e+01	4.263483e+01	1.405218e+02
778	2.242721e+01	2.640987e+03	4.533723e+02	3.205456e+02	7.893814e+01	4.259803e+01	1.417269e+02
779	2.245604e+01	2.633052e+03	4.534525e+02	3.201374e+02	7.865258e+01	4.262423e+01	1.431807e+02
780	2.248487e+01	2.647016e+03	4.534545e+02	3.196293e+02	7.905825e+01	4.263040e+01	1.447183e+02
781	2.251369e+01	2.639531e+03	4.534954e+02	3.192457e+02	7.869888e+01	4.270397e+01	1.454822e+02
782	2.254252e+01	2.649890e+03	4.535989e+02	3.187646e+02	7.890017e+01	4.276220e+01	1.470776e+02
783	2.257135e+01	2.642516e+03	4.535945e+02	3.182443e+02	7.879451e+01	4.270038e+01	1.484976e+02
784	2.260017e+01	2.632851e+03	4.538457e+02	3.180579e+02	7.879644e+01	4.254316e+01	1.494871e+02
785	2.262900e+01	2.651562e+03	4.539709e+02	3.176082e+02	7.907802e+01	4.269296e+01	1.507794e+02
786	2.265783e+01	2.652339e+03	4.539652e+02	3.171072e+02	7.920631e+01	4.263629e+01	1.525492e+02
787	2.268665e+01	2.646000e+03	4.540927e+02	3.166306e+02	7.897557e+01	4.265865e+01	1.538210e+02
788	2.271548e+01	2.644077e+03	4.543357e+02	3.163858e+02	7.898002e+01	4.262526e+01	1.549592e+02
789	2.274431e+01	2.641869e+03	4.544522e+02	3.159956e+02	7.885546e+01	4.265694e+01	1.560663e+02
790	2.277313e+01	2.635109e+03	4.546628e+02	3.156103e+02	7.883646e+01	4.255804e+01	1.573605e+02
791	2.280196e+01	2.630854e+03	4.547162e+02	3.152160e+02	7.848267e+01	4.268085e+01	1.585248e+02
792	2.283079e+01	2.645982e+03	4.549962e+02	3.148181e+02	7.898416e+01	4.265372e+01	1.603380e+02
793	2.285961e+01	2.630465e+03	4.552003e+02	3.144263e+02	7.865207e+01	4.258263e+01	1.620237e+02
794	2.288844e+01	2.641455e+03	4.553831e+02	3.139694e+02	7.880229e+01	4.267902e+01	1.631260e+02
795	2.291727e+01	2.635574e+03	4.556038e+02	3.136646e+02	7.830530e+01	4.285427e+01	1.641776e+02
796	2.294609e+01	2.637759e+03	4.557446e+02	3.131594e+02	7.853831e+01	4.276255e+01	1.658338e+02
797	2.297492e+01	2.652258e+03	4.559561e+02	3.128437e+02	7.890369e+01	4.279850e+01	1.666795e+02
798	2.300375e+01	2.649433e+03	4.561507e+02	3.124252e+02	7.885170e+01	4.278111e+01	1.686376e+02
799	2.303257e+01	2.638304e+03	4.563765e+02	3.120218e+02	7.877682e+01	4.264189e+01	1.698443e+02
