1	2.880184e-02	2.629080e+03	4.288711e+02	3.573150e+02	7.946302e+01	4.212587e+01	1.150189e+02
2	5.760369e-02	2.626355e+03	4.297853e+02	3.587187e+02	7.940142e+01	4.211485e+01	1.172231e+02
3	8.640553e-02	2.612353e+03	4.305967e+02	3.601655e+02	7.891035e+01	4.215100e+01	1.198066e+02
4	1.152074e-01	2.636410e+03	4.314298e+02	3.617906e+02	7.937019e+01	4.229272e+01	1.216085e+02
5	1.440092e-01	2.629014e+03	4.321966e+02	3.633634e+02	7.912759e+01	4.230338e+01	1.242383e+02
6	1.728111e-01	2.646436e+03	4.329455e+02	3.649058e+02	7.953915e+01	4.236337e+01	1.262221e+02
7	2.016129e-01	2.638776e+03	4.336613e+02	3.665839e+02	7.932832e+01	4.235302e+01	1.288421e+02
8	2.304147e-01	2.641145e+03	4.343549e+02	3.681410e+02	7.941299e+01	4.234585e+01	1.304470e+02
9	2.592166e-01	2.638901e+03	4.349562e+02	3.698410e+02	7.937590e+01	4.232964e+01	1.326156e+02
10	2.880184e-01	2.616933e+03	4.355874e+02	3.714870e+02	7.894034e+01	4.220887e+01	1.350232e+02
11	3.168203e-01	2.635645e+03	4.360572e+02	3.731660e+02	7.920561e+01	4.236831e+01	1.368814e+02
12	3.456221e-01	2.639287e+03	4.366548e+02	3.748676e+02	7.937196e+01	4.233794e+01	1.390135e+02
13	3.744240e-01	2.632455e+03	4.370190e+02	3.766346e+02	7.918629e+01	4.232735e+01	1.408590e+02
14	4.032258e-01	2.624092e+03	4.374500e+02	3.783689e+02	7.915250e+01	4.221090e+01	1.435536e+02
15	4.320276e-01	2.644185e+03	4.378055e+02	3.801709e+02	7.940536e+01	4.239865e+01	1.454628e+02
16	4.608295e-01	2.634759e+03	4.379425e+02	3.819175e+02	7.934550e+01	4.227939e+01	1.476163e+02
17	4.896313e-01	2.640368e+03	4.382025e+02	3.836881e+02	7.933797e+01	4.237341e+01	1.494504e+02
18	5.184332e-01	2.608775e+03	4.383017e+02	3.854571e+02	7.882446e+01	4.213914e+01	1.519359e+02
19	5.472350e-01	2.609171e+03	4.382575e+02	3.871672e+02	7.882782e+01	4.214375e+01	1.540699e+02
20	5.760369e-01	2.616985e+03	4.380969e+02	3.889315e+02	7.929057e+01	4.202327e+01	1.556363e+02
21	6.048387e-01	2.622760e+03	4.380762e+02	3.907497e+02	7.899559e+01	4.227327e+01	1.582764e+02
22	6.336406e-01	2.622100e+03	4.379113e+02	3.924893e+02	7.887354e+01	4.232802e+01	1.607234e+02
23	6.624424e-01	2.610151e+03	4.375777e+02	3.942827e+02	7.872800e+01	4.221303e+01	1.627418e+02
24	6.912442e-01	2.619412e+03	4.374409e+02	3.958914e+02	7.893188e+01	4.225338e+01	1.656615e+02
25	7.200461e-01	2.643327e+03	4.371253e+02	3.977093e+02	7.913628e+01	4.252902e+01	1.671819e+02
26	7.488479e-01	2.625798e+03	4.366251e+02	3.994096e+02	7.870789e+01	4.247694e+01	1.695738e+02
27	7.776498e-01	2.613199e+03	4.361305e+02	4.013446e+02	7.859181e+01	4.233556e+01	1.715166e+02
28	8.064516e-01	2.624444e+03	4.355144e+02	4.026502e+02	7.881286e+01	4.239848e+01	1.745289e+02
29	8.352535e-01	2.612753e+03	4.349239e+02	4.043384e+02	7.843755e+01	4.241158e+01	1.767451e+02
30	8.640553e-01	2.595881e+03	4.339484e+02	4.060605e+02	7.812916e+01	4.230404e+01	1.783735e+02
31	8.928571e-01	2.629087e+03	4.333764e+02	4.074291e+02	7.874464e+01	4.251030e+01	1.852394e+00
32	9.216590e-01	2.632199e+03	4.325862e+02	4.091353e+02	7.881015e+01	4.252523e+01	3.954032e+00
33	9.504608e-01	2.639317e+03	4.316436e+02	4.103996e+02	7.863245e+01	4.273658e+01	6.590003e+00
34	9.792627e-01	2.641463e+03	4.308952e+02	4.115847e+02	7.854123e+01	4.282102e+01	9.158365e+00
35	1.008065e+00	2.642888e+03	4.298141e+02	4.131091e+02	7.872836e+01	4.274228e+01	1.164403e+01
36	1.036866e+00	2.639786e+03	4.286937e+02	4.145948e+02	7.872025e+01	4.269651e+01	1.413195e+01
37	1.065668e+00	2.619498e+03	4.275684e+02	4.158158e+02	7.818352e+01	4.265923e+01	1.659614e+01
38	1.094470e+00	2.637709e+03	4.262145e+02	4.171884e+02	7.877310e+01	4.263428e+01	1.881308e+01
39	1.123272e+00	2.647227e+03	4.250038e+02	4.183670e+02	7.881332e+01	4.276630e+01	2.177482e+01
40	1.152074e+00	2.651105e+03	4.235494e+02	4.195630e+02	7.842252e+01	4.304238e+01	2.405144e+01
41	1.180876e+00	2.638233e+03	4.222530e+02	4.206097e+02	7.898563e+01	4.252802e+01	2.624206e+01
42	1.209677e+00	2.643063e+03	4.208034e+02	4.214755e+02	7.910705e+01	4.254049e+01	2.885128e+01
43	1.238479e+00	2.624871e+03	4.192426e+02	4.226341e+02	7.871838e+01	4.245628e+01	3.109634e+01
44	1.267281e+00	2.629359e+03	4.178927e+02	4.234947e+02	7.862810e+01	4.257771e+01	3.313731e+01
45	1.296083e+00	2.626150e+03	4.164764e+02	4.244428e+02	7.872964e+01	4.247089e+01	3.545929e+01
46	1.324885e+00	2.637445e+03	4.149596e+02	4.251027e+02	7.902703e+01	4.249305e+01	3.842640e+01
47	1.353687e+00	2.633468e+03	4.135132e+02	4.258247e+02	7.894114e+01	4.247514e+01	4.029210e+01
48	1.382488e+00	2.643855e+03	4.118959e+02	4.265679e+02	7.930705e+01	4.244593e+01	4.265553e+01
49	1.411290e+00	2.630232e+03	4.104640e+02	4.273283e+02	7.907007e+01	4.235378e+01	4.477498e+01
50	1.440092e+00	2.641153e+03	4.088377e+02	4.278962e+02	7.947034e+01	4.231541e+01	4.726226e+01
51	1.468894e+00	2.638788e+03	4.073322e+02	4.282502e+02	7.952103e+01	4.225057e+01	4.916007e+01
52	1.497696e+00	2.613205e+03	4.056989e+02	4.288299e+02	7.880801e+01	4.221952e+01	5.126780e+01
53	1.526498e+00	2.634394e+03	4.040589e+02	4.292478e+02	7.901002e+01	4.245303e+01	5.343108e+01
54	1.555300e+00	2.635468e+03	4.023844e+02	4.296643e+02	7.899139e+01	4.248035e+01	5.557899e+01
55	1.584101e+00	2.625853e+03	4.007943e+02	4.298700e+02	7.913027e+01	4.225108e+01	5.768361e+01
56	1.612903e+00	2.636915e+03	3.991225e+02	4.301935e+02	7.967931e+01	4.213671e+01	5.985989e+01
57	1.641705e+00	2.648206e+03	3.974398e+02	4.304082e+02	8.006905e+01	4.211116e+01	6.175346e+01
58	1.670507e+00	2.623336e+03	3.956775e+02	4.305473e+02	7.943008e+01	4.205126e+01	6.392872e+01
59	1.699309e+00	2.641488e+03	3.940082e+02	4.304818e+02	7.968891e+01	4.220470e+01	6.618938e+01
60	1.728111e+00	2.650213e+03	3.920399e+02	4.304579e+02	8.000201e+01	4.217839e+01	6.848628e+01
61	1.756912e+00	2.642625e+03	3.904011e+02	4.302043e+02	8.016776e+01	4.197067e+01	7.097604e+01
62	1.785714e+00	2.618551e+03	3.888911e+02	4.300045e+02	7.968604e+01	4.183974e+01	7.336891e+01
63	1.814516e+00	2.637303e+03	3.870533e+02	4.298168e+02	7.998300e+01	4.198290e+01	7.541299e+01
64	1.843318e+00	2.635664e+03	3.854962e+02	4.294049e+02	7.984752e+01	4.202801e+01	7.781356e+01
65	1.872120e+00	2.630864e+03	3.837591e+02	4.289648e+02	7.970725e+01	4.202530e+01	7.989503e+01
66	1.900922e+00	2.630502e+03	3.821717e+02	4.285173e+02	8.020965e+01	4.175632e+01	8.194461e+01
67	1.929724e+00	2.625169e+03	3.805410e+02	4.278676e+02	7.979417e+01	4.188864e+01	8.427576e+01
68	1.958525e+00	2.636232e+03	3.789141e+02	4.271269e+02	8.012802e+01	4.188990e+01	8.641328e+01
69	1.987327e+00	2.628544e+03	3.773227e+02	4.267957e+02	7.960078e+01	4.204438e+01	8.813556e+01
70	2.016129e+00	2.632459e+03	3.759248e+02	4.260391e+02	7.980738e+01	4.199801e+01	9.026769e+01
71	2.044931e+00	2.620246e+03	3.744983e+02	4.253176e+02	7.993156e+01	4.173821e+01	9.270859e+01
72	2.073733e+00	2.644509e+03	3.729815e+02	4.244630e+02	8.007871e+01	4.204730e+01	9.462988e+01
73	2.102535e+00	2.635407e+03	3.716996e+02	4.237690e+02	8.009167e+01	4.189580e+01	9.672363e+01
74	2.131336e+00	2.628004e+03	3.703180e+02	4.228959e+02	8.038329e+01	4.162654e+01	9.852905e+01
75	2.160138e+00	2.640313e+03	3.691169e+02	4.218812e+02	8.023254e+01	4.190009e+01	1.007309e+02
76	2.188940e+00	2.654088e+03	3.678131e+02	4.207188e+02	8.010797e+01	4.218419e+01	1.030431e+02
77	2.217742e+00	2.641606e+03	3.666064e+02	4.196335e+02	8.010536e+01	4.198717e+01	1.050555e+02
78	2.246544e+00	2.655186e+03	3.653643e+02	4.184678e+02	8.016241e+01	4.217299e+01	1.077619e+02
79	2.275346e+00	2.650776e+03	3.642287e+02	4.173806e+02	7.957445e+01	4.241403e+01	1.098336e+02
80	2.304147e+00	2.633606e+03	3.631729e+02	4.162487e+02	7.944335e+01	4.220883e+01	1.119401e+02
81	2.332949e+00	2.638480e+03	3.619093e+02	4.150002e+02	7.944962e+01	4.228362e+01	1.141070e+02
82	2.361751e+00	2.650999e+03	3.609586e+02	4.135302e+02	7.974037e+01	4.232933e+01	1.158604e+02
83	2.390553e+00	2.652251e+03	3.601556e+02	4.121977e+02	7.974892e+01	4.234479e+01	1.178726e+02
84	2.419355e+00	2.647593e+03	3.591726e+02	4.107313e+02	7.935288e+01	4.248138e+01	1.203867e+02
85	2.448157e+00	2.660106e+03	3.580932e+02	4.092291e+02	7.946168e+01	4.262372e+01	1.224391e+02
86	2.476959e+00	2.641808e+03	3.570357e+02	4.078148e+02	7.926597e+01	4.243505e+01	1.240846e+02
87	2.505760e+00	2.649826e+03	3.564648e+02	4.063640e+02	7.931894e+01	4.253541e+01	1.266391e+02
88	2.534562e+00	2.658011e+03	3.556214e+02	4.048375e+02	7.927962e+01	4.268795e+01	1.286799e+02
89	2.563364e+00	2.668838e+03	3.549112e+02	4.035599e+02	7.930838e+01	4.284629e+01	1.303160e+02
90	2.592166e+00	2.654920e+03	3.543853e+02	4.020132e+02	7.946490e+01	4.253889e+01	1.327061e+02
91	2.620968e+00	2.650961e+03	3.537646e+02	4.005747e+02	7.909270e+01	4.267535e+01	1.345525e+02
92	2.649770e+00	2.653702e+03	3.531790e+02	3.989229e+02	7.925341e+01	4.263284e+01	1.365549e+02
93	2.678571e+00	2.667081e+03	3.527220e+02	3.973015e+02	7.930206e+01	4.282151e+01	1.385914e+02
94	2.707373e+00	2.664636e+03	3.524303e+02	3.956848e+02	7.916422e+01	4.285674e+01	1.409325e+02
95	2.736175e+00	2.667165e+03	3.521252e+02	3.941188e+02	7.914663e+01	4.290694e+01	1.425427e+02
96	2.764977e+00	2.666492e+03	3.520386e+02	3.923347e+02	7.916077e+01	4.288846e+01	1.452970e+02
97	2.793779e+00	2.670429e+03	3.517291e+02	3.904372e+02	7.913889e+01	4.296365e+01	1.470785e+02
98	2.822581e+00	2.672179e+03	3.514865e+02	3.888325e+02	7.920148e+01	4.295783e+01	1.492210e+02
99	2.851382e+00	2.651194e+03	3.512061e+02	3.873472e+02	7.887582e+01	4.279645e+01	1.508853e+02
100	2.880184e+00	2.656294e+03	3.511991e+02	3.855190e+02	7.908447e+01	4.276564e+01	1.537897e+02
101	2.908986e+00	2.677228e+03	3.510524e+02	3.839666e+02	7.914747e+01	4.306837e+01	1.554756e+02
102	2.937788e+00	2.683977e+03	3.511677e+02	3.823048e+02	7.928519e+01	4.310195e+01	1.576537e+02
103	2.966590e+00	2.671245e+03	3.514254e+02	3.806549e+02	7.895557e+01	4.307656e+01	1.596015e+02
104	2.995392e+00	2.672263e+03	3.516975e+02	3.789967e+02	7.919210e+01	4.296427e+01	1.624961e+02
105	3.024194e+00	2.680803e+03	3.518631e+02	3.774227e+02	7.859267e+01	4.343032e+01	1.647069e+02
106	3.052995e+00	2.671464e+03	3.524354e+02	3.757778e+02	7.900008e+01	4.305582e+01	1.669582e+02
107	3.081797e+00	2.702823e+03	3.523800e+02	3.741141e+02	7.825225e+01	4.397754e+01	1.685759e+02
108	3.110599e+00	2.664674e+03	3.531772e+02	3.724915e+02	7.866378e+01	4.312999e+01	1.712940e+02
109	3.139401e+00	2.670045e+03	3.536592e+02	3.707906e+02	7.888511e+01	4.309568e+01	1.738311e+02
110	3.168203e+00	2.662964e+03	3.541805e+02	3.694439e+02	7.904063e+01	4.289682e+01	1.759879e+02
111	3.197005e+00	2.662535e+03	3.545957e+02	3.678548e+02	7.899071e+01	4.291701e+01	1.778469e+02
112	3.225806e+00	2.675007e+03	3.553266e+02	3.663250e+02	7.893343e+01	4.314934e+01	2.966968e-02
113	3.254608e+00	2.662618e+03	3.560756e+02	3.650492e+02	7.884055e+01	4.300010e+01	2.316596e+00
114	3.283410e+00	2.655049e+03	3.567845e+02	3.636247e+02	7.854691e+01	4.303814e+01	4.387978e+00
115	3.312212e+00	2.655813e+03	3.577460e+02	3.620650e+02	7.846521e+01	4.309535e+01	6.820740e+00
116	3.341014e+00	2.658092e+03	3.585844e+02	3.605222e+02	7.894164e+01	4.287202e+01	9.134377e+00
117	3.369816e+00	2.657522e+03	3.592895e+02	3.594759e+02	7.852911e+01	4.308800e+01	1.139668e+01
118	3.398618e+00	2.646042e+03	3.604261e+02	3.579875e+02	7.891856e+01	4.269015e+01	1.333400e+01
119	3.427419e+00	2.672055e+03	3.614808e+02	3.568171e+02	7.908873e+01	4.301708e+01	1.652019e+01
120	3.456221e+00	2.658660e+03	3.625240e+02	3.554607e+02	7.917730e+01	4.275356e+01	1.839862e+01
121	3.485023e+00	2.658020e+03	3.637546e+02	3.539119e+02	7.915211e+01	4.275687e+01	2.026752e+01
122	3.513825e+00	2.622859e+03	3.645906e+02	3.532490e+02	7.806216e+01	4.278037e+01	2.169403e+01
123	3.542627e+00	2.655337e+03	3.661230e+02	3.518610e+02	7.906298e+01	4.276187e+01	2.484332e+01
124	3.571429e+00	2.659018e+03	3.674307e+02	3.507631e+02	7.926129e+01	4.271400e+01	2.740615e+01
125	3.600230e+00	2.652788e+03	3.687295e+02	3.496292e+02	7.900471e+01	4.275232e+01	2.918814e+01
126	3.629032e+00	2.652248e+03	3.702575e+02	3.485479e+02	7.900119e+01	4.274552e+01	3.164165e+01
127	3.657834e+00	2.648444e+03	3.713748e+02	3.478211e+02	7.916447e+01	4.259617e+01	3.301808e+01
128	3.686636e+00	2.646229e+03	3.727954e+02	3.468756e+02	7.909961e+01	4.259545e+01	3.569779e+01
129	3.715438e+00	2.659826e+03	3.742209e+02	3.460737e+02	7.942168e+01	4.264069e+01	3.782614e+01
130	3.744240e+00	2.649045e+03	3.758799e+02	3.451436e+02	7.886050e+01	4.277006e+01	3.944172e+01
131	3.773041e+00	2.644824e+03	3.773873e+02	3.445414e+02	7.916747e+01	4.253634e+01	4.207367e+01
132	3.801843e+00	2.636506e+03	3.789954e+02	3.439507e+02	7.910772e+01	4.243458e+01	4.395013e+01
133	3.830645e+00	2.631307e+03	3.807225e+02	3.434142e+02	7.909145e+01	4.235962e+01	4.607214e+01
134	3.859447e+00	2.635111e+03	3.822437e+02	3.428864e+02	7.889111e+01	4.252859e+01	4.821923e+01
135	3.888249e+00	2.642360e+03	3.837855e+02	3.424668e+02	7.940296e+01	4.237067e+01	5.066400e+01
136	3.917051e+00	2.641295e+03	3.854722e+02	3.421417e+02	7.953387e+01	4.228388e+01	5.325354e+01
137	3.945853e+00	2.641557e+03	3.871605e+02	3.418955e+02	7.942387e+01	4.234665e+01	5.622541e+01
138	3.974654e+00	2.634864e+03	3.887630e+02	3.418135e+02	7.934494e+01	4.228138e+01	5.823387e+01
139	4.003456e+00	2.629637e+03	3.905205e+02	3.416215e+02	7.936824e+01	4.218511e+01	6.040453e+01
140	4.032258e+00	2.644349e+03	3.921797e+02	3.415075e+02	7.946326e+01	4.237040e+01	6.279340e+01
141	4.061060e+00	2.627229e+03	3.937181e+02	3.415070e+02	7.959875e+01	4.202443e+01	6.512848e+01
142	4.089862e+00	2.608505e+03	3.953322e+02	3.416838e+02	7.908437e+01	4.199631e+01	6.764826e+01
143	4.118664e+00	2.621771e+03	3.971718e+02	3.419826e+02	7.944743e+01	4.201699e+01	6.950718e+01
144	4.147465e+00	2.630127e+03	3.989816e+02	3.420226e+02	7.968399e+01	4.202578e+01	7.146135e+01
145	4.176267e+00	2.619391e+03	4.006419e+02	3.423755e+02	7.939147e+01	4.200845e+01	7.390565e+01
146	4.205069e+00	2.634038e+03	4.023705e+02	3.427591e+02	7.954667e+01	4.216093e+01	7.626419e+01
147	4.233871e+00	2.632263e+03	4.038659e+02	3.431762e+02	7.977154e+01	4.201374e+01	7.801693e+01
148	4.262673e+00	2.616858e+03	4.055724e+02	3.437014e+02	7.956708e+01	4.187520e+01	8.025129e+01
149	4.291475e+00	2.618040e+03	4.073183e+02	3.441799e+02	7.983516e+01	4.175343e+01	8.244952e+01
150	4.320276e+00	2.620474e+03	4.088763e+02	3.448439e+02	7.968342e+01	4.187185e+01	8.458015e+01
151	4.349078e+00	2.625941e+03	4.103593e+02	3.453500e+02	7.989864e+01	4.184617e+01	8.648548e+01
152	4.377880e+00	2.620038e+03	4.118972e+02	3.460959e+02	7.931656e+01	4.205850e+01	8.897447e+01
153	4.406682e+00	2.630372e+03	4.132252e+02	3.469185e+02	7.963325e+01	4.205647e+01	9.138630e+01
154	4.435484e+00	2.578146e+03	4.142867e+02	3.478498e+02	7.835300e+01	4.189497e+01	9.441080e+01
155	4.464286e+00	2.615856e+03	4.161111e+02	3.488178e+02	7.953172e+01	4.187778e+01	9.618990e+01
156	4.493088e+00	2.624968e+03	4.174565e+02	3.497500e+02	7.980543e+01	4.187953e+01	9.874253e+01
157	4.521889e+00	2.615626e+03	4.187962e+02	3.509017e+02	7.941408e+01	4.193612e+01	1.012892e+02
158	4.550691e+00	2.630718e+03	4.199758e+02	3.520859e+02	7.978461e+01	4.198220e+01	1.028560e+02
159	4.579493e+00	2.615585e+03	4.211489e+02	3.530846e+02	7.932509e+01	4.198250e+01	1.049939e+02
160	4.608295e+00	2.632784e+03	4.224389e+02	3.543426e+02	7.948900e+01	4.217143e+01	1.069326e+02
161	4.637097e+00	2.630416e+03	4.236190e+02	3.556085e+02	7.951954e+01	4.211732e+01	1.093752e+02
162	4.665899e+00	2.616495e+03	4.245656e+02	3.568735e+02	7.940972e+01	4.195235e+01	1.115249e+02
163	4.694700e+00	2.622654e+03	4.256096e+02	3.583619e+02	7.933626e+01	4.209005e+01	1.139797e+02
164	4.723502e+00	2.630255e+03	4.266510e+02	3.599486e+02	7.902596e+01	4.237777e+01	1.161266e+02
165	4.752304e+00	2.636375e+03	4.276735e+02	3.614169e+02	7.924900e+01	4.235684e+01	1.183014e+02
166	4.781106e+00	2.626425e+03	4.283980e+02	3.629572e+02	7.901247e+01	4.232329e+01	1.211525e+02
167	4.809908e+00	2.626340e+03	4.292009e+02	3.647240e+02	7.914597e+01	4.225055e+01	1.234965e+02
168	4.838710e+00	2.624763e+03	4.300855e+02	3.664232e+02	7.904331e+01	4.228002e+01	1.257945e+02
169	4.867512e+00	2.630587e+03	4.307479e+02	3.679238e+02	7.913686e+01	4.232373e+01	1.276341e+02
170	4.896313e+00	2.638397e+03	4.313473e+02	3.695370e+02	7.910355e+01	4.246727e+01	1.294540e+02
171	4.925115e+00	2.634975e+03	4.321783e+02	3.714532e+02	7.930612e+01	4.230386e+01	1.317706e+02
172	4.953917e+00	2.623553e+03	4.325373e+02	3.730237e+02	7.914688e+01	4.220522e+01	1.339087e+02
173	4.982719e+00	2.630398e+03	4.331754e+02	3.746848e+02	7.895054e+01	4.242056e+01	1.365603e+02
174	5.011521e+00	2.622554e+03	4.335359e+02	3.765142e+02	7.896136e+01	4.228827e+01	1.386005e+02
175	5.040323e+00	2.629759e+03	4.337790e+02	3.783060e+02	7.922945e+01	4.226096e+01	1.410130e+02
176	5.069124e+00	2.628947e+03	4.340109e+02	3.801163e+02	7.912875e+01	4.230169e+01	1.433220e+02
177	5.097926e+00	2.623408e+03	4.342999e+02	3.822276e+02	7.920308e+01	4.217294e+01	1.451707e+02
178	5.126728e+00	2.624719e+03	4.344377e+02	3.840146e+02	7.904922e+01	4.227613e+01	1.477514e+02
179	5.155530e+00	2.633291e+03	4.344081e+02	3.859608e+02	7.907604e+01	4.239982e+01	1.498663e+02
180	5.184332e+00	2.620808e+03	4.343371e+02	3.877065e+02	7.929427e+01	4.208270e+01	1.523513e+02
181	5.213134e+00	2.635148e+03	4.344219e+02	3.896858e+02	7.885978e+01	4.254609e+01	1.547555e+02
182	5.241935e+00	2.624256e+03	4.343387e+02	3.916415e+02	7.934470e+01	4.211127e+01	1.570104e+02
183	5.270737e+00	2.596881e+03	4.338954e+02	3.933743e+02	7.892384e+01	4.189421e+01	1.592671e+02
184	5.299539e+00	2.625303e+03	4.337029e+02	3.949172e+02	7.923125e+01	4.218841e+01	1.616223e+02
185	5.328341e+00	2.607876e+03	4.331950e+02	3.970585e+02	7.869088e+01	4.219614e+01	1.633769e+02
186	5.357143e+00	2.625345e+03	4.328006e+02	3.983205e+02	7.863650e+01	4.250817e+01	1.658994e+02
187	5.385945e+00	2.617595e+03	4.325259e+02	4.002019e+02	7.905747e+01	4.215699e+01	1.679874e+02
188	5.414747e+00	2.618457e+03	4.320588e+02	4.020191e+02	7.875603e+01	4.233229e+01	1.701941e+02
189	5.443548e+00	2.601597e+03	4.314058e+02	4.038616e+02	7.820020e+01	4.235867e+01	1.719820e+02
190	5.472350e+00	2.641491e+03	4.308509e+02	4.053099e+02	7.862251e+01	4.277720e+01	1.748741e+02
191	5.501152e+00	2.642816e+03	4.300522e+02	4.070227e+02	7.867001e+01	4.277282e+01	1.773688e+02
192	5.529954e+00	2.645745e+03	4.293359e+02	4.085252e+02	7.874965e+01	4.277691e+01	1.799083e+02
193	5.558756e+00	2.642952e+03	4.284318e+02	4.103435e+02	7.859456e+01	4.281609e+01	1.978282e+00
194	5.587558e+00	2.626544e+03	4.275887e+02	4.116533e+02	7.870433e+01	4.249093e+01	4.534379e+00
195	5.616359e+00	2.628732e+03	4.265818e+02	4.132907e+02	7.881909e+01	4.246441e+01	6.944059e+00
196	5.645161e+00	2.636980e+03	4.256833e+02	4.146358e+02	7.890909e+01	4.254906e+01	9.544931e+00
197	5.673963e+00	2.628971e+03	4.246317e+02	4.159854e+02	7.854751e+01	4.261510e+01	1.203095e+01
198	5.702765e+00	2.655230e+03	4.237024e+02	4.173214e+02	7.925665e+01	4.265564e+01	1.418259e+01
199	5.731567e+00	2.638284e+03	4.227022e+02	4.187950e+02	7.891844e+01	4.256506e+01	1.629829e+01
200	5.760369e+00	2.611350e+03	4.215205e+02	4.200544e+02	7.801633e+01	4.261767e+01	1.856285e+01
201	5.789171e+00	2.632874e+03	4.201351e+02	4.212273e+02	7.841827e+01	4.274870e+01	2.171785e+01
202	5.817972e+00	2.619054e+03	4.189951e+02	4.222434e+02	7.858618e+01	4.243346e+01	2.395024e+01
203	5.846774e+00	2.628374e+03	4.175220e+02	4.234959e+02	7.851092e+01	4.262529e+01	2.617282e+01
204	5.875576e+00	2.637787e+03	4.163067e+02	4.244246e+02	7.897883e+01	4.252449e+01	2.838666e+01
205	5.904378e+00	2.634310e+03	4.148428e+02	4.254722e+02	7.905298e+01	4.242860e+01	3.116489e+01
206	5.933180e+00	2.627528e+03	4.133542e+02	4.262259e+02	7.878274e+01	4.246454e+01	3.368349e+01
207	5.961982e+00	2.631918e+03	4.118516e+02	4.270765e+02	7.885810e+01	4.249484e+01	3.590680e+01
208	5.990783e+00	2.641090e+03	4.103483e+02	4.279368e+02	7.918511e+01	4.246683e+01	3.859507e+01
209	6.019585e+00	2.636491e+03	4.088978e+02	4.286309e+02	7.918468e+01	4.239310e+01	4.119436e+01
210	6.048387e+00	2.647758e+03	4.073979e+02	4.292993e+02	7.937788e+01	4.247065e+01	4.291618e+01
211	6.077189e+00	2.630126e+03	4.056324e+02	4.299895e+02	7.903359e+01	4.237161e+01	4.505236e+01
212	6.105991e+00	2.632861e+03	4.039722e+02	4.304093e+02	7.941957e+01	4.220953e+01	4.771690e+01
213	6.134793e+00	2.632909e+03	4.022828e+02	4.309340e+02	7.914441e+01	4.235705e+01	4.974192e+01
214	6.163594e+00	2.646450e+03	4.006569e+02	4.312932e+02	7.919033e+01	4.255021e+01	5.181884e+01
215	6.192396e+00	2.641438e+03	3.989655e+02	4.317749e+02	7.957047e+01	4.226673e+01	5.416915e+01
216	6.221198e+00	2.640893e+03	3.971966e+02	4.319775e+02	7.948002e+01	4.230610e+01	5.645936e+01
217	6.250000e+00	2.626928e+03	3.954928e+02	4.320627e+02	7.909810e+01	4.228558e+01	5.881840e+01
218	6.278802e+00	2.631604e+03	3.937634e+02	4.323625e+02	7.934914e+01	4.222682e+01	6.086293e+01
219	6.307604e+00	2.643394e+03	3.922119e+02	4.323063e+02	7.967883e+01	4.224051e+01	6.318963e+01
220	6.336406e+00	2.631101e+03	3.903208e+02	4.322497e+02	7.945959e+01	4.216006e+01	6.596743e+01
221	6.365207e+00	2.635065e+03	3.886303e+02	4.321342e+02	7.974609e+01	4.207189e+01	6.807713e+01
222	6.394009e+00	2.627949e+03	3.868970e+02	4.319416e+02	7.973665e+01	4.196324e+01	7.049274e+01
223	6.422811e+00	2.624424e+03	3.853268e+02	4.317750e+02	7.976682e+01	4.189111e+01	7.294696e+01
224	6.451613e+00	2.631807e+03	3.838473e+02	4.315804e+02	7.991161e+01	4.193284e+01	7.492816e+01
225	6.480415e+00	2.624608e+03	3.821573e+02	4.313027e+02	7.969817e+01	4.193013e+01	7.673481e+01
226	6.509217e+00	2.631743e+03	3.804034e+02	4.309922e+02	8.000896e+01	4.188080e+01	7.906940e+01
227	6.538018e+00	2.622716e+03	3.788738e+02	4.305848e+02	7.959028e+01	4.195670e+01	8.124988e+01
228	6.566820e+00	2.623674e+03	3.772289e+02	4.299902e+02	7.993094e+01	4.179315e+01	8.327108e+01
229	6.595622e+00	2.638570e+03	3.755457e+02	4.293674e+02	7.992834e+01	4.203179e+01	8.499992e+01
230	6.624424e+00	2.641392e+03	3.739783e+02	4.287067e+02	8.035617e+01	4.185273e+01	8.742796e+01
231	6.653226e+00	2.635456e+03	3.722163e+02	4.280497e+02	7.987456e+01	4.201046e+01	8.964603e+01
232	6.682028e+00	2.626250e+03	3.709824e+02	4.273224e+02	8.005716e+01	4.176823e+01	9.162172e+01
233	6.710829e+00	2.632594e+03	3.694197e+02	4.266516e+02	7.976586e+01	4.202203e+01	9.358211e+01
234	6.739631e+00	2.623907e+03	3.679722e+02	4.257345e+02	7.996640e+01	4.177832e+01	9.562982e+01
235	6.768433e+00	2.641294e+03	3.666294e+02	4.247936e+02	7.999568e+01	4.203978e+01	9.746898e+01
236	6.797235e+00	2.632797e+03	3.651810e+02	4.238549e+02	7.997606e+01	4.191480e+01	9.948418e+01
237	6.826037e+00	2.636783e+03	3.639083e+02	4.229602e+02	8.003800e+01	4.194578e+01	1.018207e+02
238	6.854839e+00	2.641990e+03	3.626846e+02	4.220188e+02	7.997034e+01	4.206418e+01	1.033539e+02
239	6.883641e+00	2.636550e+03	3.613832e+02	4.208110e+02	7.971302e+01	4.211307e+01	1.057539e+02
240	6.912442e+00	2.653832e+03	3.602688e+02	4.196293e+02	7.994063e+01	4.226842e+01	1.076790e+02
241	6.941244e+00	2.638669e+03	3.589495e+02	4.184114e+02	7.971928e+01	4.214360e+01	1.098189e+02
242	6.970046e+00	2.647027e+03	3.577520e+02	4.170779e+02	7.970875e+01	4.228268e+01	1.116346e+02
243	6.998848e+00	2.652758e+03	3.568283e+02	4.158470e+02	7.979974e+01	4.232592e+01	1.137865e+02
244	7.027650e+00	2.648408e+03	3.557821e+02	4.146719e+02	7.948539e+01	4.242362e+01	1.156609e+02
245	7.056452e+00	2.664291e+03	3.547314e+02	4.134954e+02	7.956053e+01	4.263773e+01	1.170646e+02
246	7.085253e+00	2.653058e+03	3.538571e+02	4.122654e+02	7.950748e+01	4.248630e+01	1.186854e+02
247	7.114055e+00	2.647410e+03	3.530038e+02	4.107924e+02	7.944985e+01	4.242660e+01	1.211198e+02
248	7.142857e+00	2.651406e+03	3.521382e+02	4.093062e+02	7.941212e+01	4.251083e+01	1.233833e+02
249	7.171659e+00	2.656056e+03	3.516861e+02	4.078866e+02	7.924914e+01	4.267296e+01	1.260909e+02
250	7.200461e+00	2.653663e+03	3.510387e+02	4.064419e+02	7.925126e+01	4.263337e+01	1.285371e+02
251	7.229263e+00	2.658073e+03	3.503450e+02	4.049319e+02	7.893900e+01	4.287315e+01	1.308660e+02
252	7.258065e+00	2.658473e+03	3.498702e+02	4.035989e+02	7.901382e+01	4.283900e+01	1.334993e+02
253	7.286866e+00	2.666723e+03	3.494014e+02	4.019587e+02	7.927085e+01	4.283261e+01	1.355965e+02
254	7.315668e+00	2.679097e+03	3.489095e+02	4.002237e+02	7.930779e+01	4.301131e+01	1.378095e+02
255	7.344470e+00	2.676544e+03	3.485383e+02	3.987058e+02	7.928307e+01	4.298372e+01	1.396138e+02
256	7.373272e+00	2.666820e+03	3.481532e+02	3.971278e+02	7.927740e+01	4.283062e+01	1.422245e+02
257	7.402074e+00	2.680071e+03	3.478345e+02	3.952931e+02	7.932340e+01	4.301847e+01	1.447201e+02
258	7.430876e+00	2.674599e+03	3.475597e+02	3.938948e+02	7.920123e+01	4.299686e+01	1.468490e+02
259	7.459677e+00	2.687078e+03	3.473292e+02	3.917964e+02	7.943673e+01	4.306943e+01	1.488623e+02
260	7.488479e+00	2.684724e+03	3.473711e+02	3.903291e+02	7.945051e+01	4.302422e+01	1.511120e+02
261	7.517281e+00	2.684115e+03	3.473249e+02	3.887358e+02	7.939524e+01	4.304442e+01	1.528221e+02
262	7.546083e+00	2.671868e+03	3.473604e+02	3.871506e+02	7.935634e+01	4.286901e+01	1.550265e+02
263	7.574885e+00	2.664764e+03	3.474291e+02	3.854291e+02	7.905492e+01	4.291805e+01	1.579319e+02
264	7.603687e+00	2.677701e+03	3.476519e+02	3.837343e+02	7.928575e+01	4.300085e+01	1.597551e+02
265	7.632488e+00	2.672707e+03	3.478282e+02	3.821629e+02	7.950453e+01	4.280255e+01	1.622828e+02
266	7.661290e+00	2.665244e+03	3.482310e+02	3.808760e+02	7.913771e+01	4.288087e+01	1.644766e+02
267	7.690092e+00	2.665164e+03	3.485530e+02	3.792298e+02	7.901001e+01	4.294888e+01	1.668898e+02
268	7.718894e+00	2.678566e+03	3.487729e+02	3.778310e+02	7.882447e+01	4.326646e+01	1.685125e+02
269	7.747696e+00	2.670431e+03	3.491599e+02	3.761714e+02	7.891145e+01	4.308752e+01	1.708603e+02
270	7.776498e+00	2.658145e+03	3.496352e+02	3.746875e+02	7.897186e+01	4.285648e+01	1.730959e+02
271	7.805300e+00	2.675105e+03	3.500553e+02	3.731035e+02	7.862132e+01	4.332221e+01	1.751062e+02
272	7.834101e+00	2.654529e+03	3.506606e+02	3.714813e+02	7.867095e+01	4.296188e+01	1.773991e+02
273	7.862903e+00	2.667129e+03	3.514432e+02	3.699539e+02	7.863310e+01	4.318657e+01	1.798997e+02
274	7.891705e+00	2.672922e+03	3.522026e+02	3.683569e+02	7.872433e+01	4.323022e+01	2.069216e+00
275	7.920507e+00	2.681286e+03	3.530964e+02	3.668118e+02	7.912021e+01	4.314851e+01	4.506469e+00
276	7.949309e+00	2.667475e+03	3.538729e+02	3.654241e+02	7.894702e+01	4.302043e+01	6.704735e+00
277	7.978111e+00	2.654050e+03	3.547750e+02	3.641474e+02	7.876207e+01	4.290443e+01	8.654077e+00
278	8.006912e+00	2.664388e+03	3.558126e+02	3.624980e+02	7.917204e+01	4.284852e+01	1.073949e+01
279	8.035714e+00	2.658862e+03	3.567067e+02	3.613220e+02	7.870149e+01	4.301530e+01	1.297925e+01
280	8.064516e+00	2.659518e+03	3.578481e+02	3.598814e+02	7.880084e+01	4.297167e+01	1.542652e+01
281	8.093318e+00	2.647494e+03	3.588043e+02	3.588724e+02	7.859049e+01	4.289189e+01	1.750024e+01
282	8.122120e+00	2.706137e+03	3.595804e+02	3.573917e+02	7.826862e+01	4.402225e+01	1.998302e+01
283	8.150922e+00	2.666993e+03	3.610217e+02	3.564926e+02	7.922913e+01	4.285951e+01	2.267103e+01
284	8.179724e+00	2.663885e+03	3.623399e+02	3.552672e+02	7.940736e+01	4.271347e+01	2.445438e+01
285	8.208525e+00	2.644429e+03	3.634402e+02	3.544388e+02	7.857935e+01	4.284829e+01	2.678795e+01
286	8.237327e+00	2.657740e+03	3.650353e+02	3.533462e+02	7.917652e+01	4.273918e+01	2.963991e+01
287	8.266129e+00	2.654775e+03	3.691534e+02	3.504238e+02	7.923543e+01	4.265976e+01	3.575043e+01
288	8.294931e+00	2.661189e+03	3.707061e+02	3.494874e+02	7.905750e+01	4.285908e+01	3.789772e+01
289	8.323733e+00	2.655642e+03	3.720988e+02	3.487084e+02	7.914809e+01	4.272079e+01	3.989788e+01
290	8.352535e+00	2.653589e+03	3.736126e+02	3.480607e+02	7.940556e+01	4.254935e+01	4.206574e+01
291	8.381336e+00	2.646365e+03	3.753681e+02	3.475271e+02	7.921951e+01	4.253316e+01	4.457660e+01
292	8.410138e+00	2.632570e+03	3.770838e+02	3.469764e+02	7.899435e+01	4.243205e+01	4.715095e+01
293	8.438940e+00	2.626735e+03	3.785757e+02	3.464161e+02	7.879693e+01	4.244407e+01	4.934474e+01
294	8.467742e+00	2.645108e+03	3.801468e+02	3.461779e+02	7.933005e+01	4.245372e+01	5.194778e+01
295	8.496544e+00	2.632831e+03	3.818949e+02	3.457782e+02	7.886175e+01	4.250761e+01	5.405078e+01
296	8.525346e+00	2.638360e+03	3.836288e+02	3.454541e+02	7.933393e+01	4.234336e+01	5.629415e+01
297	8.554147e+00	2.636482e+03	3.853501e+02	3.453687e+02	7.940841e+01	4.227351e+01	5.873320e+01
298	8.582949e+00	2.625510e+03	3.869908e+02	3.453209e+02	7.922285e+01	4.219620e+01	6.104288e+01
299	8.611751e+00	2.632584e+03	3.886402e+02	3.452084e+02	7.947009e+01	4.217826e+01	6.323214e+01
300	8.640553e+00	2.627491e+03	3.905601e+02	3.452021e+02	7.945856e+01	4.210277e+01	6.520802e+01
301	8.669355e+00	2.634940e+03	3.920828e+02	3.452086e+02	7.943227e+01	4.223611e+01	6.762888e+01
302	8.698157e+00	2.639288e+03	3.938330e+02	3.451952e+02	7.970609e+01	4.216047e+01	6.982622e+01
303	8.726959e+00	2.634981e+03	3.955136e+02	3.454728e+02	7.951566e+01	4.219246e+01	7.179876e+01
304	8.755760e+00	2.626372e+03	3.972432e+02	3.457381e+02	7.954695e+01	4.203808e+01	7.397732e+01
305	8.784562e+00	2.630863e+03	3.990999e+02	3.459109e+02	7.975822e+01	4.199841e+01	7.586108e+01
306	8.813364e+00	2.636163e+03	4.006310e+02	3.461674e+02	7.995836e+01	4.197769e+01	7.782492e+01
307	8.842166e+00	2.634360e+03	4.022574e+02	3.466507e+02	7.994476e+01	4.195612e+01	7.986623e+01
308	8.870968e+00	2.626576e+03	4.037633e+02	3.471914e+02	7.993866e+01	4.183533e+01	8.222164e+01
309	8.899770e+00	2.633819e+03	4.055578e+02	3.478003e+02	7.986808e+01	4.198777e+01	8.401085e+01
310	8.928571e+00	2.632560e+03	4.071790e+02	3.484474e+02	7.967680e+01	4.206845e+01	8.632376e+01
311	8.957373e+00	2.618742e+03	4.086383e+02	3.492159e+02	7.948902e+01	4.194650e+01	8.851836e+01
312	8.986175e+00	2.617418e+03	4.102015e+02	3.499562e+02	7.964652e+01	4.184238e+01	9.062763e+01
313	9.014977e+00	2.618586e+03	4.117094e+02	3.507744e+02	7.979131e+01	4.178510e+01	9.302283e+01
314	9.043779e+00	2.616620e+03	4.132177e+02	3.517122e+02	7.942642e+01	4.194554e+01	9.529691e+01
315	9.072581e+00	2.624570e+03	4.145499e+02	3.527237e+02	7.943987e+01	4.206585e+01	9.726920e+01
316	9.101382e+00	2.616175e+03	4.159680e+02	3.538095e+02	7.932249e+01	4.199334e+01	9.943836e+01
317	9.130184e+00	2.621838e+03	4.171788e+02	3.549337e+02	7.960826e+01	4.193318e+01	1.016075e+02
318	9.158986e+00	2.630815e+03	4.188469e+02	3.560101e+02	7.973929e+01	4.200763e+01	1.033518e+02
319	9.187788e+00	2.617993e+03	4.199218e+02	3.573837e+02	7.923845e+01	4.206711e+01	1.058097e+02
320	9.216590e+00	2.618624e+03	4.211510e+02	3.585996e+02	7.909695e+01	4.215252e+01	1.084157e+02
321	9.245392e+00	2.631477e+03	4.224733e+02	3.598795e+02	7.955917e+01	4.211332e+01	1.104378e+02
322	9.274194e+00	2.633893e+03	4.238154e+02	3.611327e+02	7.965401e+01	4.210180e+01	1.120503e+02
323	9.302995e+00	2.617183e+03	4.247979e+02	3.622886e+02	7.900666e+01	4.217747e+01	1.138586e+02
324	9.331797e+00	2.643484e+03	4.260452e+02	3.636933e+02	7.932385e+01	4.243098e+01	1.157232e+02
325	9.360599e+00	2.643485e+03	4.273383e+02	3.652357e+02	7.996531e+01	4.209063e+01	1.177571e+02
326	9.389401e+00	2.624588e+03	4.279900e+02	3.667378e+02	7.949899e+01	4.203486e+01	1.203493e+02
327	9.418203e+00	2.620273e+03	4.289424e+02	3.683108e+02	7.877646e+01	4.235067e+01	1.224423e+02
328	9.447005e+00	2.627773e+03	4.299636e+02	3.698570e+02	7.939636e+01	4.214027e+01	1.243851e+02
329	9.475806e+00	2.631522e+03	4.305479e+02	3.713480e+02	7.923944e+01	4.228397e+01	1.267564e+02
330	9.504608e+00	2.629488e+03	4.314475e+02	3.730056e+02	7.912377e+01	4.231304e+01	1.286192e+02
331	9.533410e+00	2.629974e+03	4.320648e+02	3.747626e+02	7.910612e+01	4.233032e+01	1.311313e+02
332	9.562212e+00	2.627219e+03	4.324885e+02	3.765199e+02	7.907521e+01	4.230250e+01	1.332932e+02
333	9.591014e+00	2.632050e+03	4.329091e+02	3.783011e+02	7.938605e+01	4.221434e+01	1.356038e+02
334	9.619816e+00	2.629682e+03	4.333984e+02	3.802540e+02	7.914075e+01	4.230710e+01	1.380429e+02
335	9.648618e+00	2.637168e+03	4.336151e+02	3.819247e+02	7.911087e+01	4.244356e+01	1.401112e+02
336	9.677419e+00	2.637102e+03	4.340117e+02	3.839362e+02	7.932595e+01	4.232742e+01	1.426056e+02
337	9.706221e+00	2.634035e+03	4.343528e+02	3.859388e+02	7.944417e+01	4.221527e+01	1.447254e+02
338	9.735023e+00	2.647817e+03	4.344683e+02	3.875723e+02	7.924370e+01	4.254351e+01	1.469376e+02
339	9.763825e+00	2.632839e+03	4.347590e+02	3.897574e+02	7.900755e+01	4.242930e+01	1.491203e+02
340	9.792627e+00	2.632429e+03	4.345088e+02	3.916667e+02	7.936652e+01	4.223082e+01	1.512748e+02
341	9.821429e+00	2.623861e+03	4.343361e+02	3.932913e+02	7.920977e+01	4.217667e+01	1.536764e+02
342	9.850230e+00	2.622941e+03	4.343824e+02	3.949108e+02	7.914229e+01	4.219783e+01	1.565092e+02
343	9.879032e+00	2.625383e+03	4.343564e+02	3.969220e+02	7.911065e+01	4.225401e+01	1.583961e+02
344	9.907834e+00	2.614825e+03	4.344299e+02	3.986734e+02	7.894440e+01	4.217271e+01	1.603687e+02
345	9.936636e+00	2.631239e+03	4.339803e+02	4.004719e+02	7.900323e+01	4.240583e+01	1.623272e+02
346	9.965438e+00	2.633589e+03	4.336211e+02	4.023342e+02	7.901315e+01	4.243839e+01	1.644554e+02
347	9.994240e+00	2.640832e+03	4.332851e+02	4.039865e+02	7.888451e+01	4.262448e+01	1.672277e+02
348	1.002304e+01	2.643013e+03	4.327552e+02	4.057923e+02	7.896989e+01	4.261356e+01	1.690902e+02
349	1.005184e+01	2.629308e+03	4.323006e+02	4.074680e+02	7.890452e+01	4.242772e+01	1.714411e+02
350	1.008065e+01	2.639615e+03	4.317869e+02	4.093784e+02	7.877273e+01	4.266530e+01	1.733564e+02
351	1.010945e+01	2.638628e+03	4.310383e+02	4.109312e+02	7.844505e+01	4.282750e+01	1.758148e+02
352	1.013825e+01	2.646898e+03	4.303350e+02	4.126698e+02	7.884152e+01	4.274569e+01	1.783991e+02
353	1.016705e+01	2.645580e+03	4.295812e+02	4.141093e+02	7.869022e+01	4.280656e+01	1.003322e+00
354	1.019585e+01	2.624421e+03	4.287877e+02	4.158250e+02	7.876778e+01	4.242238e+01	3.089382e+00
355	1.022465e+01	2.638673e+03	4.278499e+02	4.172584e+02	7.855607e+01	4.276771e+01	5.187019e+00
356	1.025346e+01	2.641355e+03	4.270255e+02	4.187754e+02	7.829194e+01	4.295561e+01	7.239455e+00
357	1.028226e+01	2.622294e+03	4.257402e+02	4.204097e+02	7.848590e+01	4.254023e+01	9.416552e+00
358	1.031106e+01	2.638582e+03	4.246246e+02	4.216818e+02	7.884576e+01	4.260911e+01	1.269068e+01
359	1.033986e+01	2.642280e+03	4.234751e+02	4.231409e+02	7.859277e+01	4.280616e+01	1.537042e+01
360	1.036866e+01	2.644600e+03	4.223456e+02	4.242294e+02	7.861970e+01	4.282908e+01	1.770654e+01
361	1.039747e+01	2.640217e+03	4.210752e+02	4.250948e+02	7.878412e+01	4.266886e+01	2.028400e+01
362	1.042627e+01	2.647826e+03	4.199140e+02	4.264044e+02	7.899906e+01	4.267540e+01	2.327913e+01
363	1.045507e+01	2.648759e+03	4.184446e+02	4.274212e+02	7.906020e+01	4.265743e+01	2.550000e+01
364	1.048387e+01	2.638834e+03	4.170065e+02	4.286581e+02	7.883521e+01	4.261887e+01	2.784845e+01
365	1.051267e+01	2.626167e+03	4.155637e+02	4.298307e+02	7.867530e+01	4.250051e+01	2.996743e+01
366	1.054147e+01	2.632312e+03	4.140294e+02	4.307325e+02	7.875928e+01	4.255452e+01	3.263792e+01
367	1.057028e+01	2.635122e+03	4.126115e+02	4.315227e+02	7.893983e+01	4.250252e+01	3.478592e+01
368	1.059908e+01	2.628562e+03	4.110475e+02	4.323093e+02	7.883844e+01	4.245123e+01	3.723155e+01
369	1.062788e+01	2.639402e+03	4.094200e+02	4.332216e+02	7.900171e+01	4.253821e+01	3.975842e+01
370	1.065668e+01	2.632974e+03	4.079014e+02	4.338316e+02	7.921835e+01	4.231856e+01	4.193858e+01
371	1.068548e+01	2.642924e+03	4.064802e+02	4.344745e+02	7.912366e+01	4.252933e+01	4.405238e+01
372	1.071429e+01	2.652640e+03	4.048248e+02	4.349037e+02	7.939975e+01	4.253724e+01	4.630191e+01
373	1.074309e+01	2.639852e+03	4.030910e+02	4.355477e+02	7.954396e+01	4.225542e+01	4.870445e+01
374	1.077189e+01	2.642034e+03	4.014053e+02	4.359544e+02	7.922624e+01	4.245995e+01	5.113173e+01
375	1.080069e+01	2.636616e+03	3.997094e+02	4.363997e+02	7.926771e+01	4.235071e+01	5.349181e+01
376	1.082949e+01	2.640963e+03	3.979970e+02	4.368097e+02	7.914057e+01	4.248869e+01	5.517851e+01
377	1.085829e+01	2.638023e+03	3.963464e+02	4.370412e+02	7.912750e+01	4.244839e+01	5.792721e+01
378	1.088710e+01	2.633583e+03	3.945891e+02	4.372952e+02	7.948123e+01	4.218835e+01	6.019132e+01
379	1.091590e+01	2.628765e+03	3.928433e+02	4.372773e+02	7.945406e+01	4.212558e+01	6.241230e+01
380	1.094470e+01	2.629012e+03	3.910575e+02	4.373568e+02	7.946906e+01	4.212157e+01	6.453048e+01
381	1.097350e+01	2.636448e+03	3.895265e+02	4.373252e+02	7.973589e+01	4.209936e+01	6.724271e+01
382	1.100230e+01	2.647540e+03	3.877961e+02	4.372431e+02	7.982571e+01	4.222890e+01	6.932241e+01
383	1.103111e+01	2.645023e+03	3.860424e+02	4.369085e+02	8.010120e+01	4.204366e+01	7.186401e+01
384	1.105991e+01	2.623647e+03	3.842075e+02	4.366726e+02	7.976125e+01	4.188163e+01	7.365170e+01
385	1.108871e+01	2.627775e+03	3.825956e+02	4.364080e+02	7.983568e+01	4.190841e+01	7.585358e+01
386	1.111751e+01	2.639677e+03	3.809095e+02	4.359849e+02	8.011253e+01	4.195275e+01	7.798197e+01
387	1.114631e+01	2.634175e+03	3.793879e+02	4.355350e+02	8.021861e+01	4.180995e+01	8.025596e+01
388	1.117512e+01	2.659878e+03	3.775193e+02	4.351030e+02	8.072257e+01	4.195433e+01	8.222836e+01
389	1.120392e+01	2.630464e+03	3.760254e+02	4.344518e+02	7.994083e+01	4.189613e+01	8.454153e+01
390	1.123272e+01	2.633535e+03	3.743787e+02	4.337665e+02	8.022733e+01	4.179524e+01	8.655740e+01
391	1.126152e+01	2.628144e+03	3.728234e+02	4.330062e+02	7.996978e+01	4.184401e+01	8.880364e+01
392	1.129032e+01	2.633662e+03	3.713925e+02	4.321408e+02	8.002032e+01	4.190539e+01	9.098145e+01
393	1.131912e+01	2.630648e+03	3.698105e+02	4.313086e+02	8.020014e+01	4.176358e+01	9.313761e+01
394	1.134793e+01	2.632827e+03	3.684790e+02	4.308253e+02	7.992410e+01	4.194253e+01	9.483755e+01
395	1.137673e+01	2.628762e+03	3.674142e+02	4.306039e+02	8.000359e+01	4.183617e+01	9.565309e+01
396	1.140553e+01	2.634602e+03	3.663889e+02	4.303412e+02	8.008765e+01	4.188511e+01	9.643177e+01
397	1.143433e+01	2.633003e+03	3.651447e+02	4.298095e+02	8.006176e+01	4.187322e+01	9.769882e+01
398	1.146313e+01	2.638468e+03	3.637581e+02	4.287569e+02	7.970380e+01	4.214858e+01	1.001734e+02
399	1.149194e+01	2.638590e+03	3.624255e+02	4.276910e+02	7.984617e+01	4.207536e+01	1.020110e+02
400	1.152074e+01	2.643010e+03	3.611672e+02	4.265893e+02	7.970493e+01	4.222054e+01	1.040584e+02
401	1.154954e+01	2.659168e+03	3.598463e+02	4.255188e+02	7.985110e+01	4.240089e+01	1.060624e+02
402	1.157834e+01	2.651974e+03	3.586402e+02	4.243775e+02	7.953948e+01	4.245185e+01	1.078916e+02
403	1.160714e+01	2.650289e+03	3.573911e+02	4.232940e+02	7.987259e+01	4.224794e+01	1.097271e+02
404	1.163594e+01	2.645547e+03	3.561657e+02	4.221351e+02	7.967439e+01	4.227727e+01	1.114599e+02
405	1.166475e+01	2.646715e+03	3.551836e+02	4.208855e+02	7.955080e+01	4.236163e+01	1.132634e+02
406	1.169355e+01	2.643989e+03	3.541315e+02	4.195347e+02	7.942963e+01	4.238256e+01	1.156002e+02
407	1.172235e+01	2.653275e+03	3.531571e+02	4.182638e+02	7.937877e+01	4.255866e+01	1.177846e+02
408	1.175115e+01	2.644174e+03	3.523550e+02	4.168266e+02	7.939229e+01	4.240546e+01	1.201635e+02
409	1.177995e+01	2.652670e+03	3.516056e+02	4.155126e+02	7.924633e+01	4.262008e+01	1.224420e+02
410	1.180876e+01	2.655053e+03	3.497882e+02	4.112302e+02	7.915241e+01	4.270897e+01	1.304283e+02
411	1.183756e+01	2.674696e+03	3.491195e+02	4.095481e+02	7.943033e+01	4.287442e+01	1.329128e+02
412	1.186636e+01	2.662778e+03	3.485636e+02	4.080410e+02	7.914211e+01	4.283882e+01	1.355285e+02
413	1.189516e+01	2.677619e+03	3.480924e+02	4.064620e+02	7.946891e+01	4.290043e+01	1.378052e+02
414	1.192396e+01	2.659328e+03	3.477885e+02	4.049704e+02	7.894315e+01	4.289114e+01	1.400124e+02
415	1.195276e+01	2.667067e+03	3.472190e+02	4.034802e+02	7.900011e+01	4.298494e+01	1.416629e+02
416	1.198157e+01	2.672254e+03	3.469473e+02	4.019916e+02	7.897256e+01	4.308356e+01	1.436256e+02
417	1.201037e+01	2.671261e+03	3.468821e+02	4.002492e+02	7.900800e+01	4.304823e+01	1.462992e+02
418	1.203917e+01	2.680901e+03	3.466679e+02	3.986275e+02	7.939028e+01	4.299555e+01	1.482409e+02
419	1.206797e+01	2.683520e+03	3.464800e+02	3.970972e+02	7.922722e+01	4.312613e+01	1.504934e+02
420	1.209677e+01	2.681722e+03	3.462033e+02	3.956909e+02	7.926391e+01	4.307729e+01	1.523637e+02
421	1.212558e+01	2.675161e+03	3.459800e+02	3.941445e+02	7.912077e+01	4.304964e+01	1.539598e+02
422	1.215438e+01	2.671962e+03	3.462249e+02	3.922619e+02	7.887469e+01	4.313231e+01	1.571463e+02
423	1.218318e+01	2.675634e+03	3.465186e+02	3.908501e+02	7.899946e+01	4.312337e+01	1.595930e+02
424	1.221198e+01	2.661317e+03	3.466968e+02	3.892616e+02	7.896622e+01	4.291069e+01	1.617489e+02
425	1.224078e+01	2.688742e+03	3.466931e+02	3.874823e+02	7.914088e+01	4.325719e+01	1.639896e+02
426	1.226959e+01	2.683650e+03	3.470410e+02	3.860916e+02	7.924899e+01	4.311638e+01	1.655265e+02
427	1.229839e+01	2.671813e+03	3.473940e+02	3.844325e+02	7.930251e+01	4.289723e+01	1.678949e+02
428	1.232719e+01	2.664161e+03	3.476973e+02	3.831122e+02	7.847370e+01	4.322614e+01	1.692895e+02
429	1.235599e+01	2.671523e+03	3.482559e+02	3.813879e+02	7.880000e+01	4.316610e+01	1.714861e+02
430	1.238479e+01	2.671668e+03	3.487259e+02	3.798912e+02	7.869126e+01	4.322809e+01	1.735892e+02
431	1.241359e+01	2.660923e+03	3.494483e+02	3.783034e+02	7.881473e+01	4.298680e+01	1.765348e+02
432	1.244240e+01	2.672526e+03	3.500080e+02	3.767800e+02	7.850033e+01	4.334715e+01	1.787628e+02
433	1.247120e+01	2.670769e+03	3.507463e+02	3.751996e+02	7.876604e+01	4.317252e+01	1.183906e+00
434	1.250000e+01	2.664716e+03	3.514158e+02	3.739998e+02	7.888733e+01	4.300845e+01	3.159769e+00
435	1.252880e+01	2.666715e+03	3.521183e+02	3.724073e+02	7.879266e+01	4.309243e+01	4.829203e+00
436	1.255760e+01	2.665201e+03	3.530497e+02	3.710296e+02	7.897130e+01	4.297055e+01	7.765316e+00
437	1.258641e+01	2.678003e+03	3.538279e+02	3.698227e+02	7.939114e+01	4.294861e+01	1.042967e+01
438	1.261521e+01	2.672104e+03	3.548836e+02	3.684366e+02	7.922861e+01	4.294192e+01	1.308872e+01
439	1.264401e+01	2.654036e+03	3.557599e+02	3.671182e+02	7.865231e+01	4.296407e+01	1.451955e+01
440	1.267281e+01	2.652164e+03	3.570023e+02	3.658034e+02	7.894162e+01	4.277643e+01	1.740515e+01
441	1.270161e+01	2.649904e+03	3.581281e+02	3.647853e+02	7.899922e+01	4.270881e+01	1.981989e+01
442	1.273041e+01	2.668457e+03	3.592513e+02	3.634021e+02	7.928812e+01	4.285112e+01	2.230571e+01
443	1.275922e+01	2.670169e+03	3.605611e+02	3.622003e+02	7.946701e+01	4.278209e+01	2.411581e+01
444	1.278802e+01	2.657689e+03	3.617693e+02	3.612331e+02	7.905514e+01	4.280398e+01	2.649153e+01
445	1.281682e+01	2.667128e+03	3.630840e+02	3.601228e+02	7.919777e+01	4.287864e+01	2.901693e+01
446	1.284562e+01	2.658023e+03	3.645005e+02	3.591418e+02	7.911905e+01	4.277479e+01	3.138367e+01
447	1.287442e+01	2.665200e+03	3.658176e+02	3.582228e+02	7.954717e+01	4.265944e+01	3.350814e+01
448	1.290323e+01	2.651893e+03	3.672502e+02	3.572688e+02	7.928439e+01	4.258714e+01	3.576173e+01
449	1.293203e+01	2.660386e+03	3.686602e+02	3.564206e+02	7.933379e+01	4.269692e+01	3.774643e+01
450	1.296083e+01	2.647405e+03	3.700414e+02	3.556335e+02	7.918223e+01	4.256992e+01	3.982595e+01
451	1.298963e+01	2.657181e+03	3.714691e+02	3.548824e+02	7.963978e+01	4.248164e+01	4.150428e+01
452	1.301843e+01	2.645702e+03	3.729647e+02	3.541472e+02	7.897834e+01	4.265237e+01	4.367857e+01
453	1.304724e+01	2.668575e+03	3.745813e+02	3.534622e+02	7.957629e+01	4.269784e+01	4.564806e+01
454	1.307604e+01	2.646617e+03	3.759922e+02	3.527938e+02	7.901826e+01	4.264555e+01	4.715811e+01
455	1.310484e+01	2.641723e+03	3.774438e+02	3.522563e+02	7.918062e+01	4.247942e+01	4.915563e+01
456	1.313364e+01	2.647486e+03	3.790659e+02	3.518220e+02	7.932514e+01	4.249452e+01	5.130144e+01
457	1.316244e+01	2.661908e+03	3.806919e+02	3.514264e+02	7.982778e+01	4.245698e+01	5.369526e+01
458	1.319124e+01	2.651164e+03	3.822784e+02	3.510112e+02	7.954259e+01	4.243722e+01	5.578388e+01
459	1.322005e+01	2.642838e+03	3.839135e+02	3.508344e+02	7.927657e+01	4.244591e+01	5.808328e+01
460	1.324885e+01	2.636617e+03	3.856829e+02	3.506291e+02	7.927646e+01	4.234606e+01	5.998279e+01
461	1.327765e+01	2.631750e+03	3.873704e+02	3.506105e+02	7.969720e+01	4.204474e+01	6.261937e+01
462	1.330645e+01	2.638725e+03	3.889979e+02	3.506663e+02	7.933997e+01	4.234599e+01	6.527783e+01
463	1.333525e+01	2.639148e+03	3.906979e+02	3.506196e+02	7.970685e+01	4.215783e+01	6.735943e+01
464	1.336406e+01	2.631053e+03	3.925613e+02	3.507385e+02	7.930570e+01	4.224110e+01	6.934938e+01
465	1.339286e+01	2.633448e+03	3.943555e+02	3.510499e+02	7.971631e+01	4.206179e+01	7.177988e+01
466	1.342166e+01	2.626481e+03	3.960266e+02	3.513665e+02	7.926237e+01	4.219076e+01	7.393642e+01
467	1.345046e+01	2.631795e+03	3.978062e+02	3.515846e+02	7.980360e+01	4.198941e+01	7.589312e+01
468	1.347926e+01	2.624226e+03	3.994592e+02	3.521305e+02	7.941765e+01	4.207212e+01	7.786098e+01
469	1.350806e+01	2.618368e+03	4.009437e+02	3.525662e+02	7.965974e+01	4.185062e+01	8.008002e+01
470	1.353687e+01	2.632373e+03	4.028439e+02	3.530300e+02	8.000462e+01	4.189309e+01	8.214934e+01
471	1.356567e+01	2.626156e+03	4.043364e+02	3.534479e+02	7.985646e+01	4.187169e+01	8.391941e+01
472	1.359447e+01	2.625122e+03	4.057925e+02	3.541321e+02	7.961648e+01	4.198137e+01	8.659666e+01
473	1.362327e+01	2.616246e+03	4.074850e+02	3.547766e+02	7.994757e+01	4.166616e+01	8.811930e+01
474	1.365207e+01	2.628289e+03	4.090752e+02	3.557074e+02	8.004784e+01	4.180552e+01	9.057526e+01
475	1.368088e+01	2.637113e+03	4.105798e+02	3.564739e+02	7.968859e+01	4.213496e+01	9.269822e+01
476	1.370968e+01	2.612288e+03	4.119278e+02	3.574293e+02	7.962121e+01	4.177365e+01	9.482457e+01
477	1.373848e+01	2.613340e+03	4.132386e+02	3.583019e+02	7.903197e+01	4.210205e+01	9.685007e+01
478	1.376728e+01	2.630859e+03	4.147263e+02	3.593339e+02	7.960656e+01	4.207837e+01	9.851161e+01
479	1.379608e+01	2.619557e+03	4.162041e+02	3.605810e+02	7.965559e+01	4.187181e+01	1.011081e+02
480	1.382488e+01	2.622819e+03	4.172968e+02	3.618326e+02	7.930998e+01	4.210663e+01	1.037223e+02
481	1.385369e+01	2.634162e+03	4.185775e+02	3.631526e+02	7.973997e+01	4.206071e+01	1.059355e+02
482	1.388249e+01	2.627148e+03	4.200651e+02	3.644211e+02	7.934608e+01	4.215694e+01	1.079344e+02
483	1.391129e+01	2.647975e+03	4.214303e+02	3.656947e+02	7.967897e+01	4.231364e+01	1.097550e+02
484	1.394009e+01	2.630822e+03	4.224258e+02	3.671253e+02	7.938922e+01	4.219297e+01	1.119085e+02
485	1.396889e+01	2.628234e+03	4.234998e+02	3.685864e+02	7.901031e+01	4.235361e+01	1.146306e+02
486	1.399770e+01	2.637637e+03	4.244485e+02	3.700839e+02	7.925694e+01	4.237286e+01	1.167846e+02
487	1.402650e+01	2.643593e+03	4.255842e+02	3.717104e+02	7.954514e+01	4.231469e+01	1.190449e+02
488	1.405530e+01	2.619381e+03	4.264545e+02	3.730159e+02	7.878857e+01	4.232973e+01	1.212662e+02
489	1.408410e+01	2.626254e+03	4.273517e+02	3.747016e+02	7.940150e+01	4.211319e+01	1.235484e+02
490	1.411290e+01	2.638394e+03	4.281225e+02	3.763907e+02	7.921070e+01	4.240977e+01	1.261233e+02
491	1.414171e+01	2.633775e+03	4.288601e+02	3.779427e+02	7.910390e+01	4.239269e+01	1.281751e+02
492	1.417051e+01	2.629640e+03	4.295029e+02	3.797349e+02	7.904603e+01	4.235712e+01	1.301966e+02
493	1.419931e+01	2.637552e+03	4.299592e+02	3.813385e+02	7.937153e+01	4.231034e+01	1.325678e+02
494	1.422811e+01	2.629902e+03	4.304077e+02	3.831546e+02	7.884419e+01	4.246977e+01	1.348656e+02
495	1.425691e+01	2.618349e+03	4.309693e+02	3.849382e+02	7.870111e+01	4.236008e+01	1.370305e+02
496	1.428571e+01	2.624609e+03	4.312846e+02	3.866700e+02	7.918043e+01	4.220432e+01	1.391980e+02
497	1.431452e+01	2.650592e+03	4.313844e+02	3.885323e+02	7.944301e+01	4.248125e+01	1.418722e+02
498	1.434332e+01	2.631658e+03	4.317001e+02	3.902580e+02	7.900324e+01	4.241258e+01	1.443389e+02
499	1.437212e+01	2.635390e+03	4.319889e+02	3.923072e+02	7.921545e+01	4.235894e+01	1.462533e+02
500	1.440092e+01	2.616910e+03	4.319276e+02	3.940208e+02	7.913071e+01	4.210695e+01	1.484789e+02
501	1.442972e+01	2.636120e+03	4.320006e+02	3.958217e+02	7.900432e+01	4.248391e+01	1.508864e+02
502	1.445853e+01	2.647991e+03	4.320542e+02	3.977119e+02	7.904826e+01	4.265151e+01	1.530500e+02
503	1.448733e+01	2.659277e+03	4.319746e+02	3.994667e+02	7.950160e+01	4.258904e+01	1.556362e+02
504	1.451613e+01	2.649454e+03	4.318624e+02	4.012626e+02	7.911800e+01	4.263744e+01	1.577090e+02
505	1.454493e+01	2.635507e+03	4.317560e+02	4.031351e+02	7.925486e+01	4.233976e+01	1.595139e+02
506	1.457373e+01	2.649955e+03	4.314143e+02	4.047198e+02	7.916858e+01	4.261826e+01	1.618754e+02
507	1.460253e+01	2.644030e+03	4.312318e+02	4.066992e+02	7.916753e+01	4.252353e+01	1.638499e+02
508	1.463134e+01	2.650203e+03	4.307836e+02	4.084267e+02	7.940974e+01	4.249281e+01	1.664045e+02
509	1.466014e+01	2.644566e+03	4.303302e+02	4.102767e+02	7.898569e+01	4.263007e+01	1.689160e+02
510	1.468894e+01	2.625714e+03	4.295985e+02	4.119402e+02	7.849505e+01	4.259075e+01	1.707983e+02
511	1.471774e+01	2.625387e+03	4.290318e+02	4.136088e+02	7.853446e+01	4.256408e+01	1.738980e+02
512	1.474654e+01	2.629044e+03	4.281876e+02	4.154075e+02	7.831502e+01	4.274280e+01	1.759500e+02
513	1.477535e+01	2.624460e+03	4.276029e+02	4.169570e+02	7.873553e+01	4.244038e+01	1.783991e+02
514	1.480415e+01	2.637969e+03	4.267024e+02	4.185259e+02	7.895626e+01	4.253959e+01	1.218947e+00
515	1.483295e+01	2.628273e+03	4.260255e+02	4.199303e+02	7.875171e+01	4.249332e+01	3.332527e+00
516	1.486175e+01	2.626797e+03	4.251277e+02	4.213053e+02	7.848138e+01	4.261574e+01	5.660281e+00
517	1.489055e+01	2.637654e+03	4.240679e+02	4.227184e+02	7.866879e+01	4.268994e+01	8.842708e+00
518	1.491935e+01	2.646292e+03	4.230934e+02	4.239652e+02	7.852558e+01	4.290786e+01	1.113633e+01
519	1.494816e+01	2.640741e+03	4.218112e+02	4.254028e+02	7.843302e+01	4.286837e+01	1.415796e+01
520	1.497696e+01	2.653863e+03	4.207070e+02	4.266887e+02	7.891532e+01	4.281808e+01	1.658912e+01
521	1.500576e+01	2.643826e+03	4.196014e+02	4.278566e+02	7.887971e+01	4.267540e+01	1.841302e+01
522	1.503456e+01	2.638584e+03	4.182341e+02	4.291537e+02	7.877650e+01	4.264660e+01	2.082256e+01
523	1.506336e+01	2.642772e+03	4.170058e+02	4.303256e+02	7.871809e+01	4.274598e+01	2.336513e+01
524	1.509217e+01	2.649910e+03	4.155157e+02	4.314581e+02	7.897995e+01	4.271933e+01	2.602065e+01
525	1.512097e+01	2.628041e+03	4.141164e+02	4.323568e+02	7.852359e+01	4.261300e+01	2.768736e+01
526	1.514977e+01	2.634828e+03	4.129319e+02	4.330523e+02	7.864603e+01	4.265654e+01	3.021679e+01
527	1.517857e+01	2.634098e+03	4.114481e+02	4.341929e+02	7.867255e+01	4.263034e+01	3.233596e+01
528	1.520737e+01	2.644981e+03	4.100934e+02	4.350740e+02	7.901237e+01	4.262238e+01	3.504801e+01
529	1.523618e+01	2.645266e+03	4.087772e+02	4.358390e+02	7.912469e+01	4.256646e+01	3.721608e+01
530	1.526498e+01	2.649267e+03	4.072463e+02	4.366893e+02	7.933936e+01	4.251548e+01	3.946755e+01
531	1.529378e+01	2.633141e+03	4.055352e+02	4.375600e+02	7.920136e+01	4.233032e+01	4.185571e+01
532	1.532258e+01	2.632860e+03	4.039146e+02	4.383641e+02	7.904517e+01	4.240944e+01	4.415398e+01
533	1.535138e+01	2.632790e+03	4.022740e+02	4.389811e+02	7.903015e+01	4.241637e+01	4.652237e+01
534	1.538018e+01	2.630179e+03	4.008149e+02	4.395178e+02	7.902608e+01	4.237649e+01	4.833170e+01
535	1.540899e+01	2.622308e+03	3.992003e+02	4.401937e+02	7.870236e+01	4.242346e+01	5.077277e+01
536	1.543779e+01	2.633973e+03	3.976829e+02	4.405645e+02	7.907413e+01	4.241182e+01	5.269306e+01
537	1.546659e+01	2.634847e+03	3.958333e+02	4.407827e+02	7.898348e+01	4.247460e+01	5.518696e+01
538	1.549539e+01	2.629500e+03	3.941784e+02	4.409631e+02	7.908178e+01	4.233572e+01	5.746533e+01
539	1.552419e+01	2.640472e+03	3.923864e+02	4.410767e+02	7.933511e+01	4.237661e+01	5.977522e+01
540	1.555300e+01	2.646831e+03	3.907219e+02	4.409252e+02	7.980821e+01	4.222686e+01	6.224233e+01
541	1.558180e+01	2.638027e+03	3.889586e+02	4.408977e+02	7.986762e+01	4.205509e+01	6.442741e+01
542	1.561060e+01	2.621707e+03	3.870662e+02	4.409383e+02	7.921347e+01	4.214006e+01	6.698402e+01
543	1.563940e+01	2.637266e+03	3.852469e+02	4.407560e+02	7.989624e+01	4.202790e+01	6.911809e+01
544	1.566820e+01	2.637627e+03	3.836464e+02	4.405155e+02	7.975563e+01	4.210776e+01	7.132111e+01
545	1.569700e+01	2.654771e+03	3.818813e+02	4.405014e+02	8.006960e+01	4.221527e+01	7.347549e+01
546	1.572581e+01	2.640059e+03	3.804548e+02	4.403301e+02	7.974266e+01	4.215344e+01	7.569564e+01
547	1.575461e+01	2.639641e+03	3.789682e+02	4.399514e+02	8.027542e+01	4.186705e+01	7.763898e+01
548	1.578341e+01	2.635337e+03	3.772614e+02	4.394951e+02	7.971066e+01	4.209494e+01	7.941032e+01
549	1.581221e+01	2.634641e+03	3.755790e+02	4.389224e+02	8.004348e+01	4.190884e+01	8.196663e+01
550	1.584101e+01	2.641929e+03	3.740160e+02	4.384293e+02	8.018250e+01	4.195190e+01	8.360700e+01
551	1.586982e+01	2.639689e+03	3.723105e+02	4.379225e+02	8.025666e+01	4.187761e+01	8.604987e+01
552	1.589862e+01	2.641097e+03	3.706669e+02	4.371570e+02	7.995092e+01	4.206018e+01	8.798603e+01
553	1.592742e+01	2.632868e+03	3.691455e+02	4.366046e+02	8.000833e+01	4.189904e+01	9.013213e+01
554	1.595622e+01	2.650594e+03	3.676830e+02	4.359166e+02	8.020390e+01	4.207826e+01	9.201442e+01
555	1.598502e+01	2.632692e+03	3.662293e+02	4.352121e+02	7.996395e+01	4.191948e+01	9.408353e+01
556	1.601382e+01	2.643995e+03	3.647754e+02	4.343185e+02	8.017742e+01	4.198737e+01	9.560816e+01
557	1.604263e+01	2.642262e+03	3.633969e+02	4.333463e+02	8.001949e+01	4.204266e+01	9.818477e+01
558	1.607143e+01	2.641783e+03	3.621440e+02	4.322989e+02	8.011848e+01	4.198310e+01	9.944579e+01
559	1.610023e+01	2.633254e+03	3.607585e+02	4.311834e+02	7.983005e+01	4.199876e+01	1.016260e+02
560	1.612903e+01	2.643862e+03	3.595026e+02	4.300923e+02	7.989336e+01	4.213454e+01	1.037945e+02
561	1.615783e+01	2.630975e+03	3.581764e+02	4.292366e+02	7.964505e+01	4.205988e+01	1.054810e+02
562	1.618664e+01	2.627542e+03	3.568387e+02	4.280280e+02	7.987255e+01	4.188535e+01	1.075563e+02
563	1.621544e+01	2.652013e+03	3.557876e+02	4.267680e+02	7.985281e+01	4.228590e+01	1.096658e+02
564	1.624424e+01	2.654043e+03	3.544945e+02	4.255291e+02	7.979288e+01	4.235005e+01	1.118543e+02
565	1.627304e+01	2.652507e+03	3.533329e+02	4.243654e+02	7.982279e+01	4.230968e+01	1.136930e+02
566	1.630184e+01	2.650863e+03	3.523529e+02	4.231552e+02	7.952605e+01	4.244123e+01	1.160385e+02
567	1.633065e+01	2.660818e+03	3.513969e+02	4.216799e+02	7.956577e+01	4.257935e+01	1.181583e+02
568	1.635945e+01	2.661332e+03	3.505534e+02	4.203946e+02	7.960531e+01	4.256642e+01	1.202314e+02
569	1.638825e+01	2.659048e+03	3.496238e+02	4.191064e+02	7.925030e+01	4.272040e+01	1.224590e+02
570	1.641705e+01	2.665021e+03	3.489873e+02	4.174835e+02	7.952511e+01	4.266841e+01	1.249235e+02
571	1.644585e+01	2.653683e+03	3.483900e+02	4.160135e+02	7.920094e+01	4.266079e+01	1.271160e+02
572	1.647465e+01	2.646658e+03	3.478481e+02	4.143272e+02	7.879276e+01	4.276827e+01	1.296374e+02
573	1.650346e+01	2.680644e+03	3.469145e+02	4.125992e+02	7.899290e+01	4.320770e+01	1.318060e+02
574	1.653226e+01	2.664661e+03	3.464303e+02	4.110789e+02	7.899651e+01	4.294812e+01	1.341737e+02
575	1.656106e+01	2.681976e+03	3.457784e+02	4.096611e+02	7.925362e+01	4.308697e+01	1.359539e+02
576	1.658986e+01	2.672948e+03	3.455795e+02	4.081940e+02	7.917863e+01	4.298260e+01	1.379386e+02
577	1.661866e+01	2.676313e+03	3.451978e+02	4.064167e+02	7.924698e+01	4.299959e+01	1.412517e+02
578	1.664747e+01	2.665645e+03	3.450311e+02	4.049156e+02	7.909225e+01	4.291197e+01	1.427789e+02
579	1.667627e+01	2.691135e+03	3.446599e+02	4.031537e+02	7.933563e+01	4.318941e+01	1.455607e+02
580	1.670507e+01	2.684548e+03	3.443612e+02	4.014931e+02	7.923279e+01	4.313963e+01	1.473890e+02
581	1.673387e+01	2.677309e+03	3.440478e+02	3.998432e+02	7.918854e+01	4.304734e+01	1.490728e+02
582	1.676267e+01	2.668183e+03	3.441092e+02	3.983713e+02	7.912709e+01	4.293393e+01	1.514532e+02
583	1.679147e+01	2.673293e+03	3.440557e+02	3.965148e+02	7.914970e+01	4.300386e+01	1.537141e+02
584	1.682028e+01	2.680435e+03	3.442158e+02	3.949913e+02	7.921432e+01	4.308357e+01	1.560479e+02
585	1.684908e+01	2.684749e+03	3.443692e+02	3.931169e+02	7.916390e+01	4.318040e+01	1.589745e+02
586	1.687788e+01	2.703920e+03	3.445014e+02	3.914808e+02	7.918649e+01	4.347633e+01	1.608447e+02
587	1.690668e+01	2.695758e+03	3.446908e+02	3.900771e+02	7.905291e+01	4.341833e+01	1.634216e+02
588	1.693548e+01	2.676970e+03	3.449952e+02	3.886551e+02	7.884050e+01	4.323189e+01	1.650538e+02
589	1.696429e+01	2.677118e+03	3.454052e+02	3.869252e+02	7.900076e+01	4.314658e+01	1.675520e+02
590	1.699309e+01	2.657311e+03	3.458680e+02	3.854817e+02	7.899889e+01	4.282836e+01	1.696580e+02
591	1.702189e+01	2.675352e+03	3.461846e+02	3.840031e+02	7.911354e+01	4.305666e+01	1.719239e+02
592	1.705069e+01	2.671769e+03	3.466540e+02	3.824217e+02	7.920327e+01	4.295028e+01	1.740390e+02
593	1.707949e+01	2.682242e+03	3.473255e+02	3.808756e+02	7.927200e+01	4.308125e+01	1.764139e+02
594	1.710829e+01	2.661378e+03	3.479241e+02	3.793677e+02	7.923036e+01	4.276860e+01	1.788393e+02
595	1.713710e+01	2.660745e+03	3.486895e+02	3.779168e+02	7.875507e+01	4.301648e+01	7.321700e-01
596	1.716590e+01	2.676856e+03	3.495139e+02	3.765073e+02	7.907594e+01	4.310133e+01	3.442832e+00
597	1.719470e+01	2.670336e+03	3.502623e+02	3.748795e+02	7.850526e+01	4.330891e+01	5.562070e+00
598	1.722350e+01	2.668771e+03	3.510854e+02	3.735825e+02	7.873653e+01	4.315640e+01	8.065790e+00
599	1.725230e+01	2.667234e+03	3.520690e+02	3.720169e+02	7.921494e+01	4.287105e+01	1.003036e+01
600	1.728111e+01	2.675574e+03	3.530233e+02	3.706876e+02	7.939634e+01	4.290685e+01	1.207664e+01
601	1.730991e+01	2.654489e+03	3.540766e+02	3.695380e+02	7.890878e+01	4.283174e+01	1.412457e+01
602	1.733871e+01	2.670792e+03	3.553365e+02	3.680393e+02	7.908602e+01	4.299821e+01	1.688006e+01
603	1.736751e+01	2.677926e+03	3.563364e+02	3.669832e+02	7.922925e+01	4.303514e+01	1.913962e+01
604	1.739631e+01	2.657562e+03	3.576540e+02	3.656896e+02	7.927334e+01	4.268412e+01	2.111433e+01
605	1.742512e+01	2.659079e+03	3.588934e+02	3.645058e+02	7.933881e+01	4.267324e+01	2.328839e+01
606	1.745392e+01	2.662482e+03	3.601147e+02	3.634055e+02	7.910490e+01	4.285419e+01	2.593230e+01
607	1.748272e+01	2.653937e+03	3.615471e+02	3.621905e+02	7.922636e+01	4.265117e+01	2.777235e+01
608	1.751152e+01	2.653198e+03	3.627652e+02	3.612118e+02	7.915951e+01	4.267532e+01	2.982206e+01
609	1.754032e+01	2.652044e+03	3.638958e+02	3.602113e+02	7.898251e+01	4.275233e+01	3.178545e+01
610	1.756912e+01	2.667827e+03	3.651866e+02	3.594908e+02	7.953353e+01	4.270881e+01	3.423857e+01
611	1.759793e+01	2.664987e+03	3.665400e+02	3.587072e+02	7.951374e+01	4.267397e+01	3.654167e+01
612	1.762673e+01	2.648297e+03	3.681135e+02	3.577960e+02	7.927409e+01	4.253492e+01	3.896235e+01
613	1.765553e+01	2.646597e+03	3.694722e+02	3.568337e+02	7.926599e+01	4.251194e+01	4.091858e+01
614	1.768433e+01	2.654930e+03	3.709114e+02	3.562068e+02	7.957051e+01	4.248259e+01	4.242886e+01
615	1.771313e+01	2.657688e+03	3.725567e+02	3.555254e+02	7.965524e+01	4.248150e+01	4.497694e+01
616	1.774194e+01	2.649189e+03	3.741162e+02	3.549337e+02	7.915214e+01	4.261479e+01	4.675308e+01
617	1.777074e+01	2.649066e+03	3.758391e+02	3.543487e+02	7.942506e+01	4.246639e+01	4.923931e+01
618	1.779954e+01	2.648612e+03	3.775066e+02	3.539505e+02	7.929540e+01	4.252853e+01	5.150422e+01
619	1.782834e+01	2.646270e+03	3.792227e+02	3.536894e+02	7.929681e+01	4.249018e+01	5.370359e+01
620	1.785714e+01	2.639997e+03	3.808775e+02	3.533095e+02	7.921715e+01	4.243208e+01	5.586502e+01
621	1.788594e+01	2.650342e+03	3.826294e+02	3.530060e+02	7.958475e+01	4.240160e+01	5.807405e+01
622	1.791475e+01	2.631530e+03	3.843158e+02	3.528488e+02	7.924862e+01	4.227921e+01	5.997587e+01
623	1.794355e+01	2.637004e+03	3.861361e+02	3.528011e+02	7.950536e+01	4.223033e+01	6.247792e+01
624	1.797235e+01	2.630638e+03	3.878730e+02	3.527922e+02	7.959284e+01	4.208207e+01	6.500529e+01
625	1.800115e+01	2.643637e+03	3.895685e+02	3.528976e+02	7.976824e+01	4.219704e+01	6.696773e+01
626	1.802995e+01	2.630227e+03	3.912805e+02	3.530462e+02	7.937305e+01	4.219202e+01	6.938280e+01
627	1.805876e+01	2.630546e+03	3.930135e+02	3.532500e+02	7.981614e+01	4.196288e+01	7.159749e+01
628	1.808756e+01	2.637607e+03	3.947400e+02	3.534832e+02	7.951873e+01	4.223289e+01	7.368432e+01
629	1.811636e+01	2.604474e+03	3.962766e+02	3.538079e+02	7.899504e+01	4.197884e+01	7.613042e+01
630	1.814516e+01	2.615420e+03	3.981289e+02	3.541718e+02	7.930470e+01	4.199065e+01	7.804247e+01
631	1.817396e+01	2.619165e+03	3.998475e+02	3.545473e+02	7.957818e+01	4.190627e+01	8.008030e+01
632	1.820276e+01	2.628558e+03	4.014438e+02	3.550449e+02	8.007582e+01	4.179519e+01	8.236427e+01
633	1.823157e+01	2.632080e+03	4.031290e+02	3.557693e+02	7.972615e+01	4.203475e+01	8.418255e+01
634	1.826037e+01	2.633270e+03	4.047881e+02	3.564461e+02	7.995567e+01	4.193302e+01	8.631287e+01
635	1.828917e+01	2.637643e+03	4.063376e+02	3.571393e+02	7.995469e+01	4.200319e+01	8.851975e+01
636	1.831797e+01	2.642872e+03	4.079766e+02	3.579276e+02	8.032594e+01	4.189193e+01	9.059298e+01
637	1.834677e+01	2.634149e+03	4.094751e+02	3.587851e+02	7.992133e+01	4.196505e+01	9.238142e+01
638	1.837558e+01	2.630286e+03	4.109628e+02	3.598111e+02	7.973669e+01	4.200055e+01	9.489643e+01
639	1.840438e+01	2.634009e+03	4.123531e+02	3.607789e+02	7.967106e+01	4.209463e+01	9.698584e+01
640	1.843318e+01	2.612968e+03	4.137238e+02	3.619149e+02	7.956985e+01	4.181150e+01	9.938731e+01
641	1.846198e+01	2.636006e+03	4.153255e+02	3.630071e+02	7.984550e+01	4.203452e+01	1.013139e+02
642	1.849078e+01	2.618800e+03	4.165820e+02	3.641435e+02	7.955674e+01	4.191173e+01	1.031204e+02
643	1.851959e+01	2.626929e+03	4.177560e+02	3.655257e+02	7.951556e+01	4.206360e+01	1.059847e+02
644	1.854839e+01	2.619287e+03	4.188552e+02	3.667901e+02	7.936613e+01	4.202020e+01	1.082826e+02
645	1.857719e+01	2.651550e+03	4.198227e+02	3.680354e+02	7.975025e+01	4.233289e+01	1.109947e+02
646	1.860599e+01	2.628251e+03	4.211118e+02	3.694936e+02	7.910582e+01	4.230274e+01	1.129710e+02
647	1.863479e+01	2.616678e+03	4.219638e+02	3.710096e+02	7.869418e+01	4.233678e+01	1.154687e+02
648	1.866359e+01	2.613789e+03	4.228292e+02	3.726002e+02	7.879199e+01	4.223754e+01	1.179489e+02
649	1.869240e+01	2.625522e+03	4.239077e+02	3.740663e+02	7.920354e+01	4.220667e+01	1.198838e+02
650	1.872120e+01	2.634519e+03	4.249867e+02	3.756988e+02	7.920737e+01	4.234925e+01	1.226209e+02
651	1.875000e+01	2.631993e+03	4.257688e+02	3.773064e+02	7.934151e+01	4.223712e+01	1.248343e+02
652	1.877880e+01	2.632919e+03	4.266890e+02	3.788129e+02	7.957880e+01	4.212601e+01	1.267416e+02
653	1.880760e+01	2.637635e+03	4.274535e+02	3.806075e+02	7.930980e+01	4.234459e+01	1.289673e+02
654	1.883641e+01	2.618151e+03	4.280109e+02	3.823020e+02	7.915665e+01	4.211312e+01	1.313860e+02
655	1.886521e+01	2.610934e+03	4.284525e+02	3.840018e+02	7.884936e+01	4.216070e+01	1.340986e+02
656	1.889401e+01	2.631361e+03	4.288167e+02	3.857959e+02	7.892576e+01	4.244942e+01	1.364294e+02
657	1.892281e+01	2.636676e+03	4.294502e+02	3.876428e+02	7.898704e+01	4.250216e+01	1.382546e+02
658	1.895161e+01	2.638728e+03	4.298878e+02	3.894828e+02	7.929845e+01	4.236821e+01	1.407731e+02
659	1.898041e+01	2.623178e+03	4.300945e+02	3.911583e+02	7.890133e+01	4.233052e+01	1.428903e+02
660	1.900922e+01	2.629080e+03	4.303275e+02	3.927899e+02	7.916510e+01	4.228440e+01	1.450228e+02
661	1.903802e+01	2.630948e+03	4.304862e+02	3.947144e+02	7.884061e+01	4.248860e+01	1.476881e+02
662	1.906682e+01	2.634049e+03	4.304492e+02	3.965289e+02	7.915311e+01	4.237074e+01	1.504196e+02
663	1.909562e+01	2.641692e+03	4.305598e+02	3.981479e+02	7.907967e+01	4.253314e+01	1.528963e+02
664	1.912442e+01	2.650478e+03	4.304434e+02	3.998101e+02	7.914458e+01	4.263960e+01	1.549630e+02
665	1.915323e+01	2.637531e+03	4.303994e+02	4.015628e+02	7.900493e+01	4.250632e+01	1.569441e+02
666	1.918203e+01	2.642817e+03	4.302454e+02	4.032165e+02	7.921981e+01	4.247598e+01	1.590838e+02
667	1.921083e+01	2.637116e+03	4.299057e+02	4.050720e+02	7.890786e+01	4.255191e+01	1.614223e+02
668	1.923963e+01	2.637224e+03	4.297605e+02	4.067464e+02	7.913031e+01	4.243404e+01	1.635776e+02
669	1.926843e+01	2.634629e+03	4.294276e+02	4.084568e+02	7.891396e+01	4.250849e+01	1.660782e+02
670	1.929724e+01	2.627115e+03	4.289929e+02	4.104610e+02	7.873039e+01	4.248610e+01	1.678559e+02
671	1.932604e+01	2.624566e+03	4.285728e+02	4.119302e+02	7.868560e+01	4.246902e+01	1.700797e+02
672	1.935484e+01	2.639953e+03	4.280338e+02	4.136061e+02	7.861407e+01	4.275688e+01	1.724677e+02
673	1.938364e+01	2.649351e+03	4.273455e+02	4.151903e+02	7.911018e+01	4.264001e+01	1.752884e+02
674	1.941244e+01	2.623063e+03	4.265872e+02	4.171447e+02	7.851537e+01	4.253674e+01	1.775558e+02
675	1.944124e+01	2.620846e+03	4.259530e+02	4.188963e+02	7.845612e+01	4.253288e+01	1.791860e+02
676	1.947005e+01	2.629428e+03	4.254838e+02	4.199886e+02	7.837427e+01	4.271672e+01	2.176768e+00
677	1.949885e+01	2.636893e+03	4.245496e+02	4.214930e+02	7.868590e+01	4.266833e+01	4.795754e+00
678	1.952765e+01	2.632277e+03	4.235214e+02	4.230277e+02	7.876505e+01	4.255084e+01	7.416394e+00
679	1.955645e+01	2.641660e+03	4.224248e+02	4.247060e+02	7.886252e+01	4.264975e+01	1.017240e+01
680	1.958525e+01	2.636271e+03	4.214590e+02	4.259399e+02	7.849302e+01	4.276310e+01	1.236450e+01
681	1.961406e+01	2.636432e+03	4.206126e+02	4.272268e+02	7.891622e+01	4.253637e+01	1.436352e+01
682	1.964286e+01	2.638232e+03	4.195472e+02	4.285477e+02	7.891497e+01	4.256609e+01	1.668267e+01
683	1.967166e+01	2.647253e+03	4.182555e+02	4.298600e+02	7.891245e+01	4.271300e+01	1.932162e+01
684	1.970046e+01	2.630744e+03	4.169571e+02	4.309796e+02	7.858755e+01	4.262211e+01	2.157238e+01
685	1.972926e+01	2.642032e+03	4.156024e+02	4.321550e+02	7.883392e+01	4.267123e+01	2.423751e+01
686	1.975806e+01	2.655105e+03	4.141367e+02	4.331534e+02	7.923757e+01	4.266392e+01	2.635214e+01
687	1.978687e+01	2.636809e+03	4.127519e+02	4.342048e+02	7.885467e+01	4.257566e+01	2.871197e+01
688	1.981567e+01	2.637378e+03	4.113843e+02	4.353444e+02	7.899277e+01	4.251039e+01	3.114133e+01
689	1.984447e+01	2.639731e+03	4.099547e+02	4.362454e+02	7.889947e+01	4.259864e+01	3.331435e+01
690	1.987327e+01	2.639420e+03	4.084983e+02	4.370169e+02	7.891444e+01	4.258554e+01	3.556374e+01
691	1.990207e+01	2.648557e+03	4.069748e+02	4.377968e+02	7.928716e+01	4.253208e+01	3.859657e+01
692	1.993088e+01	2.630074e+03	4.053547e+02	4.386441e+02	7.890270e+01	4.244107e+01	4.038370e+01
693	1.995968e+01	2.629858e+03	4.036270e+02	4.393574e+02	7.875995e+01	4.251449e+01	4.269583e+01
694	1.998848e+01	2.628105e+03	4.019481e+02	4.400386e+02	7.867565e+01	4.253167e+01	4.529039e+01
695	2.001728e+01	2.633067e+03	4.002322e+02	4.405965e+02	7.890358e+01	4.248888e+01	4.741044e+01
696	2.004608e+01	2.626494e+03	3.986835e+02	4.410131e+02	7.890775e+01	4.238058e+01	4.964454e+01
697	2.007488e+01	2.631683e+03	3.969488e+02	4.416339e+02	7.890150e+01	4.246767e+01	5.197134e+01
698	2.010369e+01	2.651184e+03	3.954378e+02	4.418868e+02	7.929852e+01	4.256816e+01	5.418334e+01
699	2.013249e+01	2.638690e+03	3.936978e+02	4.421765e+02	7.905737e+01	4.249679e+01	5.640090e+01
700	2.016129e+01	2.637658e+03	3.920356e+02	4.424266e+02	7.938903e+01	4.230270e+01	5.850702e+01
701	2.019009e+01	2.633741e+03	3.902453e+02	4.426454e+02	7.951227e+01	4.217442e+01	6.065691e+01
702	2.021889e+01	2.630302e+03	3.885842e+02	4.426405e+02	7.958248e+01	4.208219e+01	6.299036e+01
703	2.024770e+01	2.631277e+03	3.867329e+02	4.427173e+02	7.973967e+01	4.201480e+01	6.494760e+01
704	2.027650e+01	2.629632e+03	3.849895e+02	4.425523e+02	7.961038e+01	4.205672e+01	6.792734e+01
705	2.030530e+01	2.648074e+03	3.833523e+02	4.424805e+02	8.008149e+01	4.210252e+01	6.991909e+01
706	2.033410e+01	2.623293e+03	3.817491e+02	4.424118e+02	7.944743e+01	4.204139e+01	7.192337e+01
707	2.036290e+01	2.642285e+03	3.800676e+02	4.421308e+02	7.985775e+01	4.212817e+01	7.424966e+01
708	2.039171e+01	2.625821e+03	3.782742e+02	4.420208e+02	7.951479e+01	4.204626e+01	7.587591e+01
709	2.042051e+01	2.630952e+03	3.767786e+02	4.415768e+02	8.002908e+01	4.185769e+01	7.808709e+01
710	2.044931e+01	2.633607e+03	3.749485e+02	4.411556e+02	7.969173e+01	4.207729e+01	8.005583e+01
711	2.047811e+01	2.625383e+03	3.733021e+02	4.406179e+02	7.971092e+01	4.193580e+01	8.228138e+01
712	2.050691e+01	2.632180e+03	3.718570e+02	4.399563e+02	7.979626e+01	4.199941e+01	8.445219e+01
713	2.053571e+01	2.622585e+03	3.701177e+02	4.395708e+02	7.987208e+01	4.180659e+01	8.681943e+01
714	2.056452e+01	2.627734e+03	3.685229e+02	4.388920e+02	7.978635e+01	4.193368e+01	8.833059e+01
715	2.059332e+01	2.630543e+03	3.670498e+02	4.381987e+02	7.981783e+01	4.196194e+01	9.058327e+01
716	2.062212e+01	2.639616e+03	3.657526e+02	4.374254e+02	8.020806e+01	4.190182e+01	9.273738e+01
717	2.065092e+01	2.638897e+03	3.643362e+02	4.367704e+02	7.987129e+01	4.206704e+01	9.446097e+01
718	2.067972e+01	2.645015e+03	3.627506e+02	4.359068e+02	8.031301e+01	4.193266e+01	9.655322e+01
719	2.070853e+01	2.647727e+03	3.613475e+02	4.350626e+02	8.041731e+01	4.192120e+01	9.852001e+01
720	2.073733e+01	2.644251e+03	3.599887e+02	4.341819e+02	8.001918e+01	4.207447e+01	1.003478e+02
721	2.076613e+01	2.629076e+03	3.583316e+02	4.331323e+02	7.997545e+01	4.185590e+01	1.025572e+02
722	2.079493e+01	2.625019e+03	3.571618e+02	4.321559e+02	7.972388e+01	4.192317e+01	1.045499e+02
723	2.082373e+01	2.638645e+03	3.559108e+02	4.312852e+02	7.980343e+01	4.209879e+01	1.066242e+02
724	2.085253e+01	2.656702e+03	3.545857e+02	4.301298e+02	7.982470e+01	4.237558e+01	1.084992e+02
725	2.088134e+01	2.638463e+03	3.534795e+02	4.288979e+02	7.949272e+01	4.226042e+01	1.107696e+02
726	2.091014e+01	2.650180e+03	3.522128e+02	4.276357e+02	7.980689e+01	4.228098e+01	1.123778e+02
727	2.093894e+01	2.642994e+03	3.510659e+02	4.264926e+02	7.955340e+01	4.230070e+01	1.145225e+02
728	2.096774e+01	2.645271e+03	3.501649e+02	4.253435e+02	7.961241e+01	4.230576e+01	1.166744e+02
729	2.099654e+01	2.662952e+03	3.492420e+02	4.239150e+02	7.965144e+01	4.256766e+01	1.191209e+02
730	2.102535e+01	2.671024e+03	3.482367e+02	4.224871e+02	7.978017e+01	4.262781e+01	1.212915e+02
731	2.105415e+01	2.660609e+03	3.474592e+02	4.212147e+02	7.930061e+01	4.271836e+01	1.230382e+02
732	2.108295e+01	2.658730e+03	3.466936e+02	4.198901e+02	7.923862e+01	4.272160e+01	1.258792e+02
733	2.111175e+01	2.655403e+03	3.459370e+02	4.183937e+02	7.917268e+01	4.270367e+01	1.276249e+02
734	2.114055e+01	2.660954e+03	3.451997e+02	4.169221e+02	7.918424e+01	4.278669e+01	1.301001e+02
735	2.116935e+01	2.659644e+03	3.444672e+02	4.153771e+02	7.909821e+01	4.281214e+01	1.320073e+02
736	2.119816e+01	2.664849e+03	3.438107e+02	4.137854e+02	7.906676e+01	4.291299e+01	1.343236e+02
737	2.122696e+01	2.661207e+03	3.433679e+02	4.123889e+02	7.897809e+01	4.290245e+01	1.365432e+02
738	2.125576e+01	2.660810e+03	3.429254e+02	4.107344e+02	7.904255e+01	4.286107e+01	1.386452e+02
739	2.128456e+01	2.668730e+03	3.424678e+02	4.091451e+02	7.908900e+01	4.296339e+01	1.407640e+02
740	2.131336e+01	2.673165e+03	3.420437e+02	4.076800e+02	7.914716e+01	4.300318e+01	1.428259e+02
741	2.134217e+01	2.671171e+03	3.416245e+02	4.058806e+02	7.885915e+01	4.312804e+01	1.449463e+02
742	2.137097e+01	2.657465e+03	3.414977e+02	4.041809e+02	7.872299e+01	4.298096e+01	1.473148e+02
743	2.139977e+01	2.671041e+03	3.413481e+02	4.025364e+02	7.890770e+01	4.309940e+01	1.495869e+02
744	2.142857e+01	2.674155e+03	3.411585e+02	4.009028e+02	7.914585e+01	4.301981e+01	1.517888e+02
745	2.145737e+01	2.671314e+03	3.410583e+02	3.994580e+02	7.900297e+01	4.305183e+01	1.538922e+02
746	2.148618e+01	2.680141e+03	3.411528e+02	3.979644e+02	7.917019e+01	4.310286e+01	1.560235e+02
747	2.151498e+01	2.672576e+03	3.409586e+02	3.964074e+02	7.874309e+01	4.321433e+01	1.581632e+02
748	2.154378e+01	2.674927e+03	3.409696e+02	3.947929e+02	7.919398e+01	4.300608e+01	1.603602e+02
749	2.157258e+01	2.681817e+03	3.412018e+02	3.932986e+02	7.903496e+01	4.320361e+01	1.621461e+02
750	2.160138e+01	2.686759e+03	3.414599e+02	3.915656e+02	7.909714e+01	4.324921e+01	1.642695e+02
751	2.163018e+01	2.682190e+03	3.416124e+02	3.899719e+02	7.877800e+01	4.335056e+01	1.663526e+02
752	2.165899e+01	2.669106e+03	3.419755e+02	3.885834e+02	7.917374e+01	4.292346e+01	1.690859e+02
753	2.168779e+01	2.669241e+03	3.423858e+02	3.869909e+02	7.900243e+01	4.301872e+01	1.707173e+02
754	2.171659e+01	2.685762e+03	3.429489e+02	3.852998e+02	7.886566e+01	4.336004e+01	1.730238e+02
755	2.174539e+01	2.686244e+03	3.435374e+02	3.839332e+02	7.927860e+01	4.314193e+01	1.756719e+02
756	2.177419e+01	2.673690e+03	3.441266e+02	3.824679e+02	7.910580e+01	4.303411e+01	1.775962e+02
757	2.180300e+01	2.680667e+03	3.449889e+02	3.808179e+02	7.892502e+01	4.324525e+01	1.798690e+02
758	2.183180e+01	2.661425e+03	3.454966e+02	3.794246e+02	7.885099e+01	4.297514e+01	1.942004e+00
759	2.186060e+01	2.664883e+03	3.462640e+02	3.778749e+02	7.909941e+01	4.289583e+01	3.716823e+00
760	2.188940e+01	2.655888e+03	3.471853e+02	3.765434e+02	7.874660e+01	4.294257e+01	6.646876e+00
761	2.191820e+01	2.680045e+03	3.480613e+02	3.749656e+02	7.914834e+01	4.311322e+01	8.973946e+00
762	2.194700e+01	2.667218e+03	3.487617e+02	3.738028e+02	7.908850e+01	4.293934e+01	1.078550e+01
763	2.197581e+01	2.668523e+03	3.496644e+02	3.726116e+02	7.894642e+01	4.303765e+01	1.324288e+01
764	2.200461e+01	2.660688e+03	3.505834e+02	3.714918e+02	7.873485e+01	4.302660e+01	1.545060e+01
765	2.203341e+01	2.680751e+03	3.518763e+02	3.700773e+02	7.925829e+01	4.306475e+01	1.810084e+01
766	2.206221e+01	2.671609e+03	3.531198e+02	3.686540e+02	7.899553e+01	4.306063e+01	2.022746e+01
767	2.209101e+01	2.670551e+03	3.541909e+02	3.676710e+02	7.921342e+01	4.292520e+01	2.237934e+01
768	2.211982e+01	2.668675e+03	3.555299e+02	3.665537e+02	7.931405e+01	4.284062e+01	2.472231e+01
769	2.214862e+01	2.666781e+03	3.568369e+02	3.656732e+02	7.896746e+01	4.299810e+01	2.710107e+01
770	2.217742e+01	2.662224e+03	3.581075e+02	3.645964e+02	7.916889e+01	4.281542e+01	2.935568e+01
771	2.220622e+01	2.672525e+03	3.594875e+02	3.636519e+02	7.965061e+01	4.272113e+01	3.143903e+01
772	2.223502e+01	2.658522e+03	3.609288e+02	3.626006e+02	7.946760e+01	4.259517e+01	3.355020e+01
773	2.226382e+01	2.654331e+03	3.623576e+02	3.617454e+02	7.885638e+01	4.285764e+01	3.533051e+01
774	2.229263e+01	2.668761e+03	3.639599e+02	3.610877e+02	7.960682e+01	4.268443e+01	3.817681e+01
775	2.232143e+01	2.645737e+03	3.652876e+02	3.604092e+02	7.915654e+01	4.255691e+01	3.987876e+01
776	2.235023e+01	2.642997e+03	3.668771e+02	3.595782e+02	7.909775e+01	4.254442e+01	4.249852e+01
777	2.237903e+01	2.648266e+03	3.684202e+02	3.589247e+02	7.934477e+01	4.249652e+01	4.473294e+01
778	2.240783e+01	2.658633e+03	3.697672e+02	3.583856e+02	7.959839e+01	4.252695e+01	4.674204e+01
779	2.243664e+01	2.644456e+03	3.714409e+02	3.579224e+02	7.900533e+01	4.261770e+01	4.873933e+01
780	2.246544e+01	2.658151e+03	3.731898e+02	3.573920e+02	7.954151e+01	4.254964e+01	5.113446e+01
781	2.249424e+01	2.658109e+03	3.748893e+02	3.569973e+02	7.952071e+01	4.256010e+01	5.329087e+01
782	2.252304e+01	2.654274e+03	3.766062e+02	3.568159e+02	7.953547e+01	4.249081e+01	5.553955e+01
783	2.255184e+01	2.636279e+03	3.784247e+02	3.566906e+02	7.913243e+01	4.241769e+01	5.772651e+01
784	2.258065e+01	2.641294e+03	3.801331e+02	3.564868e+02	7.965745e+01	4.221827e+01	5.986323e+01
785	2.260945e+01	2.637636e+03	3.818650e+02	3.561995e+02	7.939003e+01	4.230181e+01	6.209248e+01
786	2.263825e+01	2.641104e+03	3.835557e+02	3.561093e+02	7.963628e+01	4.222645e+01	6.412313e+01
787	2.266705e+01	2.635166e+03	3.854026e+02	3.561729e+02	7.973404e+01	4.207986e+01	6.662154e+01
788	2.269585e+01	2.631504e+03	3.872441e+02	3.561276e+02	7.978608e+01	4.199398e+01	6.844304e+01
789	2.272465e+01	2.631269e+03	3.889748e+02	3.561667e+02	7.954014e+01	4.212006e+01	7.043607e+01
790	2.275346e+01	2.630849e+03	3.907108e+02	3.563641e+02	7.975295e+01	4.200096e+01	7.264043e+01
791	2.278226e+01	2.638082e+03	3.925050e+02	3.564677e+02	7.969360e+01	4.214780e+01	7.459083e+01
792	2.281106e+01	2.624040e+03	3.940507e+02	3.568084e+02	7.954696e+01	4.200075e+01	7.651923e+01
793	2.283986e+01	2.627029e+03	3.957724e+02	3.572444e+02	7.962353e+01	4.200815e+01	7.850891e+01
794	2.286866e+01	2.620590e+03	3.973772e+02	3.576337e+02	7.960220e+01	4.191641e+01	8.071693e+01
795	2.289747e+01	2.612143e+03	3.991909e+02	3.581681e+02	7.960721e+01	4.177868e+01	8.311224e+01
796	2.292627e+01	2.621922e+03	4.008138e+02	3.587633e+02	7.950243e+01	4.199035e+01	8.527284e+01
797	2.295507e+01	2.620551e+03	4.025086e+02	3.594221e+02	7.949315e+01	4.197329e+01	8.740292e+01
798	2.298387e+01	2.634552e+03	4.040234e+02	3.602059e+02	7.997504e+01	4.194328e+01	8.965314e+01
799	2.301267e+01	2.613940e+03	4.055612e+02	3.608972e+02	7.940646e+01	4.191312e+01	9.135785e+01
