1	2.881014e-02	2.618268e+03	4.345579e+02	3.808930e+02	7.851627e+01	4.245850e+01	8.922650e+00
2	5.762028e-02	2.632104e+03	4.353802e+02	3.808259e+02	7.879887e+01	4.252978e+01	6.908482e+00
3	8.643042e-02	2.622979e+03	4.360247e+02	3.807286e+02	7.888255e+01	4.233738e+01	4.614227e+00
4	1.152406e-01	2.666916e+03	4.366656e+02	3.806676e+02	7.823283e+01	4.340407e+01	3.081995e+00
5	1.440507e-01	2.625097e+03	4.378594e+02	3.804881e+02	7.860952e+01	4.251873e+01	2.127575e-01
6	1.728608e-01	2.628714e+03	4.387108e+02	3.805599e+02	7.860489e+01	4.257983e+01	1.776421e+02
7	2.016710e-01	2.636731e+03	4.395342e+02	3.805445e+02	7.884473e+01	4.257977e+01	1.757037e+02
8	2.304811e-01	2.631759e+03	4.403932e+02	3.803737e+02	7.885791e+01	4.249237e+01	1.732343e+02
9	2.592913e-01	2.642965e+03	4.411394e+02	3.799757e+02	7.918548e+01	4.249678e+01	1.717320e+02
10	2.881014e-01	2.631968e+03	4.418618e+02	3.798063e+02	7.930209e+01	4.225772e+01	1.692337e+02
11	3.169116e-01	2.635448e+03	4.426933e+02	3.795809e+02	7.923365e+01	4.235014e+01	1.671678e+02
12	3.457217e-01	2.647174e+03	4.435075e+02	3.792301e+02	7.908044e+01	4.262099e+01	1.645035e+02
13	3.745318e-01	2.631211e+03	4.442016e+02	3.789583e+02	7.905690e+01	4.237659e+01	1.624584e+02
14	4.033420e-01	2.632555e+03	4.448807e+02	3.786494e+02	7.906197e+01	4.239551e+01	1.606320e+02
15	4.321521e-01	2.628983e+03	4.457211e+02	3.784793e+02	7.868563e+01	4.254049e+01	1.588946e+02
16	4.609623e-01	2.628699e+03	4.465849e+02	3.781333e+02	7.911477e+01	4.230517e+01	1.566247e+02
17	4.897724e-01	2.623517e+03	4.471743e+02	3.775786e+02	7.929743e+01	4.212452e+01	1.544810e+02
18	5.185825e-01	2.637475e+03	4.479030e+02	3.770800e+02	7.926590e+01	4.236548e+01	1.522110e+02
19	5.473927e-01	2.619469e+03	4.485165e+02	3.766717e+02	7.858614e+01	4.244020e+01	1.497838e+02
20	5.762028e-01	2.641961e+03	4.491702e+02	3.759179e+02	7.919308e+01	4.247655e+01	1.475265e+02
21	6.050130e-01	2.630023e+03	4.496241e+02	3.753637e+02	7.919128e+01	4.228559e+01	1.452849e+02
22	6.338231e-01	2.631284e+03	4.501693e+02	3.745923e+02	7.907414e+01	4.236852e+01	1.427954e+02
23	6.626332e-01	2.625275e+03	4.504632e+02	3.738715e+02	7.882043e+01	4.240784e+01	1.410536e+02
24	6.914434e-01	2.630685e+03	4.508763e+02	3.732026e+02	7.887860e+01	4.246388e+01	1.389209e+02
25	7.202535e-01	2.647596e+03	4.513309e+02	3.726708e+02	7.938599e+01	4.246372e+01	1.365437e+02
26	7.490637e-01	2.618304e+03	4.517077e+02	3.718779e+02	7.900273e+01	4.219763e+01	1.344621e+02
27	7.778738e-01	2.626159e+03	4.521050e+02	3.711093e+02	7.920511e+01	4.221608e+01	1.323581e+02
28	8.066840e-01	2.644617e+03	4.525985e+02	3.705089e+02	7.948540e+01	4.236288e+01	1.301152e+02
29	8.354941e-01	2.625550e+03	4.528784e+02	3.695866e+02	7.900675e+01	4.231226e+01	1.277220e+02
30	8.643042e-01	2.633691e+03	4.531638e+02	3.689068e+02	7.937613e+01	4.224594e+01	1.257424e+02
31	8.931144e-01	2.634679e+03	4.536473e+02	3.681180e+02	7.894880e+01	4.249055e+01	1.232075e+02
32	9.219245e-01	2.635705e+03	4.538997e+02	3.673267e+02	7.927070e+01	4.233447e+01	1.207448e+02
33	9.507347e-01	2.629238e+03	4.541485e+02	3.665330e+02	7.932912e+01	4.219950e+01	1.188345e+02
34	9.795448e-01	2.622372e+03	4.545712e+02	3.658357e+02	7.913003e+01	4.219521e+01	1.173119e+02
35	1.008355e+00	2.619960e+03	4.547910e+02	3.650063e+02	7.913796e+01	4.215217e+01	1.147305e+02
36	1.037165e+00	2.622239e+03	4.552034e+02	3.642001e+02	7.953391e+01	4.197881e+01	1.125827e+02
37	1.065975e+00	2.639690e+03	4.552730e+02	3.633475e+02	7.941244e+01	4.232281e+01	1.103145e+02
38	1.094785e+00	2.621483e+03	4.552852e+02	3.626100e+02	7.956645e+01	4.194954e+01	1.085348e+02
39	1.123596e+00	2.637049e+03	4.554722e+02	3.616855e+02	7.974419e+01	4.210457e+01	1.060502e+02
40	1.152406e+00	2.640447e+03	4.557469e+02	3.607131e+02	8.002288e+01	4.201200e+01	1.037797e+02
41	1.181216e+00	2.628921e+03	4.557330e+02	3.597803e+02	7.991499e+01	4.188509e+01	1.016809e+02
42	1.210026e+00	2.634890e+03	4.557813e+02	3.589728e+02	7.999081e+01	4.194040e+01	9.942632e+01
43	1.238836e+00	2.621867e+03	4.556151e+02	3.581457e+02	7.995519e+01	4.175170e+01	9.700542e+01
44	1.267646e+00	2.641241e+03	4.556457e+02	3.572136e+02	8.024323e+01	4.190924e+01	9.484122e+01
45	1.296456e+00	2.637559e+03	4.554694e+02	3.563371e+02	7.999557e+01	4.198038e+01	9.254873e+01
46	1.325266e+00	2.624137e+03	4.552425e+02	3.554104e+02	7.985088e+01	4.184244e+01	9.018939e+01
47	1.354077e+00	2.635948e+03	4.550601e+02	3.547801e+02	8.001154e+01	4.194637e+01	8.807117e+01
48	1.382887e+00	2.623097e+03	4.548835e+02	3.538543e+02	8.012393e+01	4.168332e+01	8.603494e+01
49	1.411697e+00	2.640018e+03	4.545525e+02	3.529493e+02	8.028581e+01	4.186761e+01	8.387877e+01
50	1.440507e+00	2.629015e+03	4.541690e+02	3.522559e+02	8.022095e+01	4.172683e+01	8.165871e+01
51	1.469317e+00	2.617439e+03	4.537038e+02	3.514206e+02	7.964545e+01	4.184329e+01	7.952779e+01
52	1.498127e+00	2.618224e+03	4.533369e+02	3.506882e+02	7.961720e+01	4.187067e+01	7.693422e+01
53	1.526937e+00	2.633055e+03	4.527451e+02	3.499272e+02	7.980441e+01	4.200909e+01	7.482218e+01
54	1.555748e+00	2.638832e+03	4.524553e+02	3.491570e+02	7.985452e+01	4.207484e+01	7.261864e+01
55	1.584558e+00	2.635240e+03	4.520146e+02	3.484547e+02	7.971145e+01	4.209297e+01	7.072090e+01
56	1.613368e+00	2.620961e+03	4.513997e+02	3.478454e+02	7.964187e+01	4.190147e+01	6.868498e+01
57	1.642178e+00	2.617556e+03	4.508889e+02	3.472382e+02	7.939644e+01	4.197638e+01	6.629270e+01
58	1.670988e+00	2.634395e+03	4.501665e+02	3.466390e+02	7.956253e+01	4.215824e+01	6.420708e+01
59	1.699798e+00	2.636300e+03	4.495897e+02	3.459626e+02	7.981918e+01	4.205306e+01	6.171158e+01
60	1.728608e+00	2.646714e+03	4.490178e+02	3.454475e+02	7.984223e+01	4.220699e+01	5.931859e+01
61	1.757419e+00	2.645418e+03	4.483510e+02	3.448828e+02	7.985714e+01	4.217845e+01	5.725058e+01
62	1.786229e+00	2.637158e+03	4.475463e+02	3.445276e+02	7.926830e+01	4.235910e+01	5.507495e+01
63	1.815039e+00	2.640320e+03	4.469586e+02	3.440429e+02	7.926281e+01	4.241282e+01	5.294707e+01
64	1.843849e+00	2.637163e+03	4.461940e+02	3.435192e+02	7.898565e+01	4.251077e+01	5.043288e+01
65	1.872659e+00	2.639827e+03	4.454556e+02	3.430885e+02	7.926665e+01	4.240285e+01	4.788071e+01
66	1.901469e+00	2.639738e+03	4.447187e+02	3.428118e+02	7.908099e+01	4.250096e+01	4.534893e+01
67	1.930279e+00	2.646849e+03	4.440151e+02	3.423551e+02	7.941704e+01	4.243514e+01	4.305949e+01
68	1.959090e+00	2.641028e+03	4.431901e+02	3.419980e+02	7.894087e+01	4.259722e+01	4.077234e+01
69	1.987900e+00	2.646393e+03	4.424430e+02	3.416126e+02	7.920479e+01	4.254153e+01	3.806686e+01
70	2.016710e+00	2.662919e+03	4.416121e+02	3.413339e+02	7.963159e+01	4.257774e+01	3.601386e+01
71	2.045520e+00	2.651564e+03	4.407831e+02	3.411469e+02	7.925783e+01	4.259612e+01	3.326831e+01
72	2.074330e+00	2.649984e+03	4.400220e+02	3.410383e+02	7.911534e+01	4.264740e+01	3.110684e+01
73	2.103140e+00	2.657903e+03	4.391413e+02	3.408869e+02	7.932408e+01	4.266230e+01	2.873030e+01
74	2.131950e+00	2.656182e+03	4.382485e+02	3.407962e+02	7.900059e+01	4.280925e+01	2.641502e+01
75	2.160761e+00	2.660460e+03	4.376123e+02	3.404854e+02	7.925230e+01	4.274201e+01	2.383299e+01
76	2.189571e+00	2.664755e+03	4.365843e+02	3.406215e+02	7.924666e+01	4.281406e+01	2.138079e+01
77	2.218381e+00	2.658104e+03	4.358466e+02	3.405346e+02	7.905990e+01	4.280809e+01	1.944558e+01
78	2.247191e+00	2.650159e+03	4.350285e+02	3.406353e+02	7.901770e+01	4.270293e+01	1.712244e+01
79	2.276001e+00	2.656026e+03	4.340658e+02	3.407625e+02	7.867611e+01	4.298328e+01	1.471563e+01
80	2.304811e+00	2.647214e+03	4.333507e+02	3.408728e+02	7.884350e+01	4.274973e+01	1.215607e+01
81	2.333621e+00	2.658050e+03	4.326508e+02	3.409447e+02	7.914002e+01	4.276388e+01	1.000175e+01
82	2.362432e+00	2.655819e+03	4.317814e+02	3.410825e+02	7.871053e+01	4.296115e+01	7.565984e+00
83	2.391242e+00	2.658927e+03	4.308228e+02	3.412359e+02	7.890453e+01	4.290565e+01	5.087137e+00
84	2.420052e+00	2.657241e+03	4.301056e+02	3.415624e+02	7.924789e+01	4.269267e+01	2.759754e+00
85	2.448862e+00	2.662383e+03	4.292991e+02	3.417990e+02	7.893532e+01	4.294467e+01	2.968898e-01
86	2.477672e+00	2.667245e+03	4.285169e+02	3.421640e+02	7.910580e+01	4.293037e+01	1.780306e+02
87	2.506482e+00	2.666367e+03	4.277823e+02	3.422447e+02	7.897438e+01	4.298766e+01	1.758310e+02
88	2.535292e+00	2.664215e+03	4.270345e+02	3.428196e+02	7.894476e+01	4.296909e+01	1.734619e+02
89	2.564103e+00	2.656262e+03	4.264180e+02	3.432894e+02	7.930524e+01	4.264608e+01	1.715170e+02
90	2.592913e+00	2.657222e+03	4.256624e+02	3.436712e+02	7.905148e+01	4.279844e+01	1.686310e+02
91	2.621723e+00	2.666137e+03	4.249429e+02	3.439977e+02	7.896993e+01	4.298637e+01	1.663392e+02
92	2.650533e+00	2.667625e+03	4.243418e+02	3.444662e+02	7.878202e+01	4.311295e+01	1.639426e+02
93	2.679343e+00	2.658301e+03	4.238597e+02	3.450792e+02	7.896790e+01	4.286115e+01	1.618652e+02
94	2.708153e+00	2.660228e+03	4.231230e+02	3.456585e+02	7.888534e+01	4.293710e+01	1.596104e+02
95	2.736963e+00	2.645708e+03	4.225229e+02	3.462014e+02	7.862117e+01	4.284622e+01	1.570474e+02
96	2.765774e+00	2.674330e+03	4.219629e+02	3.468041e+02	7.911346e+01	4.304025e+01	1.547221e+02
97	2.794584e+00	2.658178e+03	4.214534e+02	3.473596e+02	7.888684e+01	4.290319e+01	1.526093e+02
98	2.823394e+00	2.662205e+03	4.209357e+02	3.479940e+02	7.903076e+01	4.288993e+01	1.503703e+02
99	2.852204e+00	2.665936e+03	4.203773e+02	3.486352e+02	7.912286e+01	4.290007e+01	1.481707e+02
100	2.881014e+00	2.666746e+03	4.199183e+02	3.493241e+02	7.942445e+01	4.275013e+01	1.454565e+02
101	2.909824e+00	2.662223e+03	4.196774e+02	3.501436e+02	7.912798e+01	4.283754e+01	1.436713e+02
102	2.938634e+00	2.650889e+03	4.192723e+02	3.508073e+02	7.906268e+01	4.269039e+01	1.414489e+02
103	2.967445e+00	2.663771e+03	4.189234e+02	3.515551e+02	7.956610e+01	4.262643e+01	1.385108e+02
104	2.996255e+00	2.677814e+03	4.184946e+02	3.522987e+02	7.949307e+01	4.289052e+01	1.365146e+02
105	3.025065e+00	2.672381e+03	4.181896e+02	3.531814e+02	7.934697e+01	4.288232e+01	1.343989e+02
106	3.053875e+00	2.660169e+03	4.178515e+02	3.537524e+02	7.945280e+01	4.262949e+01	1.318113e+02
107	3.082685e+00	2.658533e+03	4.175836e+02	3.544757e+02	7.927252e+01	4.270016e+01	1.297093e+02
108	3.111495e+00	2.663784e+03	4.174989e+02	3.553903e+02	7.929406e+01	4.277288e+01	1.273581e+02
109	3.140305e+00	2.658540e+03	4.171923e+02	3.561412e+02	7.927000e+01	4.270164e+01	1.247791e+02
110	3.169116e+00	2.638111e+03	4.170292e+02	3.570932e+02	7.875384e+01	4.265122e+01	1.223716e+02
111	3.197926e+00	2.652551e+03	4.168513e+02	3.579591e+02	7.952448e+01	4.246909e+01	1.201296e+02
112	3.226736e+00	2.644029e+03	4.166435e+02	3.587413e+02	7.960332e+01	4.229073e+01	1.176900e+02
113	3.255546e+00	2.638890e+03	4.166205e+02	3.596505e+02	7.936059e+01	4.233763e+01	1.152350e+02
114	3.284356e+00	2.641893e+03	4.164092e+02	3.604255e+02	7.996618e+01	4.206482e+01	1.130839e+02
115	3.313166e+00	2.627546e+03	4.164857e+02	3.613199e+02	7.947911e+01	4.209276e+01	1.105397e+02
116	3.341976e+00	2.642341e+03	4.163920e+02	3.621639e+02	8.009249e+01	4.200559e+01	1.086330e+02
117	3.370787e+00	2.635361e+03	4.164822e+02	3.630769e+02	7.966085e+01	4.212165e+01	1.059891e+02
118	3.399597e+00	2.620853e+03	4.165218e+02	3.639967e+02	7.944698e+01	4.200253e+01	1.038219e+02
119	3.428407e+00	2.631109e+03	4.165703e+02	3.650508e+02	7.963618e+01	4.206671e+01	1.014577e+02
120	3.457217e+00	2.628374e+03	4.166526e+02	3.659598e+02	7.999937e+01	4.183221e+01	9.925803e+01
121	3.486027e+00	2.621260e+03	4.167944e+02	3.668535e+02	7.991287e+01	4.176414e+01	9.676128e+01
122	3.514837e+00	2.624372e+03	4.170452e+02	3.676889e+02	7.989636e+01	4.182236e+01	9.481360e+01
123	3.543647e+00	2.612751e+03	4.172777e+02	3.685063e+02	8.005883e+01	4.155267e+01	9.225108e+01
124	3.572458e+00	2.600241e+03	4.175725e+02	3.694953e+02	7.964465e+01	4.156876e+01	8.958553e+01
125	3.601268e+00	2.618365e+03	4.178205e+02	3.702279e+02	7.992303e+01	4.171270e+01	8.777202e+01
126	3.630078e+00	2.613963e+03	4.181049e+02	3.710816e+02	7.985728e+01	4.167687e+01	8.529893e+01
127	3.658888e+00	2.615974e+03	4.184687e+02	3.718209e+02	7.982614e+01	4.172520e+01	8.312809e+01
128	3.687698e+00	2.614549e+03	4.188044e+02	3.727180e+02	7.999607e+01	4.161388e+01	8.091840e+01
129	3.716508e+00	2.597303e+03	4.191733e+02	3.735064e+02	7.953236e+01	4.158043e+01	7.861490e+01
130	3.745318e+00	2.626474e+03	4.196765e+02	3.742891e+02	8.016413e+01	4.171605e+01	7.622540e+01
131	3.774128e+00	2.623684e+03	4.202241e+02	3.750573e+02	7.993024e+01	4.179367e+01	7.372787e+01
132	3.802939e+00	2.615751e+03	4.207677e+02	3.758231e+02	7.959731e+01	4.184159e+01	7.167587e+01
133	3.831749e+00	2.607861e+03	4.213304e+02	3.765462e+02	7.921458e+01	4.191692e+01	6.921747e+01
134	3.860559e+00	2.611241e+03	4.218414e+02	3.772076e+02	7.925080e+01	4.195207e+01	6.681479e+01
135	3.889369e+00	2.602313e+03	4.224266e+02	3.779287e+02	7.890755e+01	4.199050e+01	6.441702e+01
136	3.918179e+00	2.609238e+03	4.231366e+02	3.784259e+02	7.915652e+01	4.196982e+01	6.227013e+01
137	3.946989e+00	2.627615e+03	4.237344e+02	3.790845e+02	7.911971e+01	4.228508e+01	5.965281e+01
138	3.975799e+00	2.627524e+03	4.244612e+02	3.797361e+02	7.911201e+01	4.228773e+01	5.739149e+01
139	4.004610e+00	2.619357e+03	4.252537e+02	3.802484e+02	7.903484e+01	4.219746e+01	5.457030e+01
140	4.033420e+00	2.620846e+03	4.260728e+02	3.807315e+02	7.913808e+01	4.216636e+01	5.222706e+01
141	4.062230e+00	2.623147e+03	4.268620e+02	3.812912e+02	7.859013e+01	4.249763e+01	4.968306e+01
142	4.091040e+00	2.631802e+03	4.275117e+02	3.818739e+02	7.883866e+01	4.250344e+01	4.744795e+01
143	4.119850e+00	2.628693e+03	4.283083e+02	3.822921e+02	7.891530e+01	4.241201e+01	4.497230e+01
144	4.148660e+00	2.629788e+03	4.290485e+02	3.827068e+02	7.887798e+01	4.244975e+01	4.272474e+01
145	4.177470e+00	2.612423e+03	4.298344e+02	3.831221e+02	7.864324e+01	4.229531e+01	4.015046e+01
146	4.206281e+00	2.635050e+03	4.306509e+02	3.836749e+02	7.893414e+01	4.250443e+01	3.767767e+01
147	4.235091e+00	2.659388e+03	4.313831e+02	3.839140e+02	7.884840e+01	4.294364e+01	3.505683e+01
148	4.263901e+00	2.639282e+03	4.323129e+02	3.843871e+02	7.878551e+01	4.265301e+01	3.246989e+01
149	4.292711e+00	2.624473e+03	4.332296e+02	3.846108e+02	7.864935e+01	4.248709e+01	3.014941e+01
150	4.321521e+00	2.632863e+03	4.341828e+02	3.846643e+02	7.864137e+01	4.262724e+01	2.772207e+01
151	4.350331e+00	2.634391e+03	4.350493e+02	3.848728e+02	7.864809e+01	4.264833e+01	2.514235e+01
152	4.379141e+00	2.620701e+03	4.359362e+02	3.851508e+02	7.830315e+01	4.261361e+01	2.277448e+01
153	4.407952e+00	2.647482e+03	4.367068e+02	3.850435e+02	7.864708e+01	4.286082e+01	2.049652e+01
154	4.436762e+00	2.630064e+03	4.376259e+02	3.853616e+02	7.854021e+01	4.263678e+01	1.737937e+01
155	4.465572e+00	2.641273e+03	4.387047e+02	3.852254e+02	7.870934e+01	4.272648e+01	1.464721e+01
156	4.494382e+00	2.631929e+03	4.394724e+02	3.852066e+02	7.850359e+01	4.268692e+01	1.255518e+01
157	4.523192e+00	2.635368e+03	4.401936e+02	3.853566e+02	7.885970e+01	4.254967e+01	1.021520e+01
158	4.552002e+00	2.640506e+03	4.411687e+02	3.852086e+02	7.873354e+01	4.270094e+01	7.882943e+00
159	4.580812e+00	2.626091e+03	4.421707e+02	3.850590e+02	7.874365e+01	4.246238e+01	5.156489e+00
160	4.609623e+00	2.617489e+03	4.428878e+02	3.849768e+02	7.839734e+01	4.251025e+01	2.642215e+00
161	4.638433e+00	2.631980e+03	4.436482e+02	3.850002e+02	7.848810e+01	4.269616e+01	1.874228e-01
162	4.667243e+00	2.616460e+03	4.446786e+02	3.846515e+02	7.815249e+01	4.262667e+01	1.778271e+02
163	4.696053e+00	2.612971e+03	4.454197e+02	3.843801e+02	7.826546e+01	4.250838e+01	1.753828e+02
164	4.724863e+00	2.639824e+03	4.462177e+02	3.838094e+02	7.910065e+01	4.249179e+01	1.736874e+02
165	4.753673e+00	2.644322e+03	4.470560e+02	3.834342e+02	7.889690e+01	4.267411e+01	1.709813e+02
166	4.782483e+00	2.633025e+03	4.479216e+02	3.832869e+02	7.904295e+01	4.241329e+01	1.688856e+02
167	4.811294e+00	2.636756e+03	4.486310e+02	3.828571e+02	7.896317e+01	4.251629e+01	1.665328e+02
168	4.840104e+00	2.630199e+03	4.494481e+02	3.825841e+02	7.899377e+01	4.239415e+01	1.643394e+02
169	4.868914e+00	2.622625e+03	4.501300e+02	3.822643e+02	7.908508e+01	4.222325e+01	1.614824e+02
170	4.897724e+00	2.635408e+03	4.508214e+02	3.817500e+02	7.911530e+01	4.241286e+01	1.596218e+02
171	4.926534e+00	2.629867e+03	4.514766e+02	3.809880e+02	7.899770e+01	4.238668e+01	1.573883e+02
172	4.955344e+00	2.639761e+03	4.521581e+02	3.805858e+02	7.913926e+01	4.247005e+01	1.551565e+02
173	4.984154e+00	2.637653e+03	4.528500e+02	3.800765e+02	7.922648e+01	4.238941e+01	1.525731e+02
174	5.012965e+00	2.621007e+03	4.533469e+02	3.793250e+02	7.892794e+01	4.228122e+01	1.507689e+02
175	5.041775e+00	2.639183e+03	4.540603e+02	3.788162e+02	7.927338e+01	4.238890e+01	1.481512e+02
176	5.070585e+00	2.653068e+03	4.546939e+02	3.782445e+02	7.941857e+01	4.253403e+01	1.453596e+02
177	5.099395e+00	2.628955e+03	4.550977e+02	3.775547e+02	7.900793e+01	4.236650e+01	1.430816e+02
178	5.128205e+00	2.624536e+03	4.555668e+02	3.768908e+02	7.900108e+01	4.229895e+01	1.409432e+02
179	5.157015e+00	2.629857e+03	4.559835e+02	3.762120e+02	7.903326e+01	4.236745e+01	1.394113e+02
180	5.185825e+00	2.634027e+03	4.563774e+02	3.754733e+02	7.929523e+01	4.229443e+01	1.363856e+02
181	5.214636e+00	2.629891e+03	4.568422e+02	3.747578e+02	7.930324e+01	4.222377e+01	1.341126e+02
182	5.243446e+00	2.634106e+03	4.570721e+02	3.738563e+02	7.941458e+01	4.223214e+01	1.319349e+02
183	5.272256e+00	2.630783e+03	4.574113e+02	3.731477e+02	7.911848e+01	4.233672e+01	1.294446e+02
184	5.301066e+00	2.638157e+03	4.577352e+02	3.723189e+02	7.923854e+01	4.239106e+01	1.273722e+02
185	5.329876e+00	2.618432e+03	4.577865e+02	3.714019e+02	7.900808e+01	4.219684e+01	1.251529e+02
186	5.358686e+00	2.626656e+03	4.582456e+02	3.706749e+02	7.937702e+01	4.213262e+01	1.225554e+02
187	5.387496e+00	2.624598e+03	4.585891e+02	3.700372e+02	7.931882e+01	4.213051e+01	1.202535e+02
188	5.416307e+00	2.610451e+03	4.586046e+02	3.690833e+02	7.921268e+01	4.195956e+01	1.177939e+02
189	5.445117e+00	2.629781e+03	4.589393e+02	3.682041e+02	7.928892e+01	4.222962e+01	1.150622e+02
190	5.473927e+00	2.625301e+03	4.590258e+02	3.673824e+02	7.951043e+01	4.204024e+01	1.127594e+02
191	5.502737e+00	2.617332e+03	4.589926e+02	3.663536e+02	7.943881e+01	4.195040e+01	1.110709e+02
192	5.531547e+00	2.621382e+03	4.590010e+02	3.654739e+02	7.948432e+01	4.199126e+01	1.089387e+02
193	5.560357e+00	2.654203e+03	4.592323e+02	3.646376e+02	8.025904e+01	4.210661e+01	1.055470e+02
194	5.589167e+00	2.632404e+03	4.592300e+02	3.637194e+02	7.995486e+01	4.191966e+01	1.035197e+02
195	5.617978e+00	2.638092e+03	4.592548e+02	3.629162e+02	8.003835e+01	4.196643e+01	1.015887e+02
196	5.646788e+00	2.613836e+03	4.589901e+02	3.620450e+02	7.958311e+01	4.181842e+01	9.925768e+01
197	5.675598e+00	2.628683e+03	4.589970e+02	3.611665e+02	8.002846e+01	4.182192e+01	9.705094e+01
198	5.704408e+00	2.619509e+03	4.587863e+02	3.602959e+02	7.965804e+01	4.186975e+01	9.460028e+01
199	5.733218e+00	2.626024e+03	4.586355e+02	3.594790e+02	8.043246e+01	4.156975e+01	9.239973e+01
200	5.762028e+00	2.637121e+03	4.584093e+02	3.585595e+02	8.028312e+01	4.182307e+01	9.009184e+01
201	5.790838e+00	2.627792e+03	4.581273e+02	3.576966e+02	8.030438e+01	4.166409e+01	8.800137e+01
202	5.819649e+00	2.640554e+03	4.578143e+02	3.569623e+02	8.043793e+01	4.179692e+01	8.536852e+01
203	5.848459e+00	2.637792e+03	4.574783e+02	3.560989e+02	8.021729e+01	4.186804e+01	8.333258e+01
204	5.877269e+00	2.636757e+03	4.567665e+02	3.554260e+02	8.053470e+01	4.168666e+01	8.077562e+01
205	5.906079e+00	2.620954e+03	4.566653e+02	3.546061e+02	7.976122e+01	4.183865e+01	7.911073e+01
206	5.934889e+00	2.631966e+03	4.563938e+02	3.537784e+02	7.960580e+01	4.209647e+01	7.647274e+01
207	5.963699e+00	2.635092e+03	4.558771e+02	3.529524e+02	7.985919e+01	4.201273e+01	7.425870e+01
208	5.992509e+00	2.636750e+03	4.552959e+02	3.522695e+02	8.026157e+01	4.182842e+01	7.193024e+01
209	6.021320e+00	2.632490e+03	4.547159e+02	3.516421e+02	7.978246e+01	4.201162e+01	6.972592e+01
210	6.050130e+00	2.633002e+03	4.541929e+02	3.508167e+02	7.973496e+01	4.204483e+01	6.727446e+01
211	6.078940e+00	2.643125e+03	4.537524e+02	3.501262e+02	7.970332e+01	4.222323e+01	6.505660e+01
212	6.107750e+00	2.633227e+03	4.530543e+02	3.496444e+02	7.964563e+01	4.209557e+01	6.248349e+01
213	6.136560e+00	2.623445e+03	4.522189e+02	3.491172e+02	7.950965e+01	4.201093e+01	6.038055e+01
214	6.165370e+00	2.637934e+03	4.516272e+02	3.485072e+02	7.939832e+01	4.230218e+01	5.804068e+01
215	6.194180e+00	2.650132e+03	4.509606e+02	3.479874e+02	7.971394e+01	4.232952e+01	5.569283e+01
216	6.222990e+00	2.655587e+03	4.502486e+02	3.474886e+02	7.952242e+01	4.251880e+01	5.298328e+01
217	6.251801e+00	2.644886e+03	4.494664e+02	3.471331e+02	7.946356e+01	4.237885e+01	5.069762e+01
218	6.280611e+00	2.656954e+03	4.487527e+02	3.465575e+02	7.937658e+01	4.261885e+01	4.835192e+01
219	6.309421e+00	2.645670e+03	4.479359e+02	3.463316e+02	7.940617e+01	4.242204e+01	4.618121e+01
220	6.338231e+00	2.653459e+03	4.472018e+02	3.460050e+02	7.922696e+01	4.264317e+01	4.358776e+01
221	6.367041e+00	2.647901e+03	4.463851e+02	3.456984e+02	7.910348e+01	4.262028e+01	4.116193e+01
222	6.395851e+00	2.649233e+03	4.455335e+02	3.452880e+02	7.910259e+01	4.264219e+01	3.851817e+01
223	6.424661e+00	2.649208e+03	4.447106e+02	3.449722e+02	7.912189e+01	4.263140e+01	3.644207e+01
224	6.453472e+00	2.645377e+03	4.437574e+02	3.449004e+02	7.878333e+01	4.275269e+01	3.374800e+01
225	6.482282e+00	2.656620e+03	4.431428e+02	3.445443e+02	7.890438e+01	4.286852e+01	3.120347e+01
226	6.511092e+00	2.657720e+03	4.421574e+02	3.445162e+02	7.906805e+01	4.279749e+01	2.877160e+01
227	6.539902e+00	2.666781e+03	4.414263e+02	3.443855e+02	7.944086e+01	4.274188e+01	2.646924e+01
228	6.568712e+00	2.655984e+03	4.403559e+02	3.446187e+02	7.906153e+01	4.277306e+01	2.446435e+01
229	6.597522e+00	2.654776e+03	4.396704e+02	3.444593e+02	7.933449e+01	4.260651e+01	2.190526e+01
230	6.626332e+00	2.670888e+03	4.387856e+02	3.445738e+02	7.947579e+01	4.278888e+01	1.976909e+01
231	6.655143e+00	2.683427e+03	4.379711e+02	3.444027e+02	7.927029e+01	4.310122e+01	1.770971e+01
232	6.683953e+00	2.674498e+03	4.370824e+02	3.446135e+02	7.950079e+01	4.283324e+01	1.493319e+01
233	6.712763e+00	2.661082e+03	4.363448e+02	3.447122e+02	7.898112e+01	4.289880e+01	1.266019e+01
234	6.741573e+00	2.671708e+03	4.355260e+02	3.449839e+02	7.898280e+01	4.306918e+01	1.014968e+01
235	6.770383e+00	2.676006e+03	4.347323e+02	3.450624e+02	7.926817e+01	4.298317e+01	7.882363e+00
236	6.799193e+00	2.670820e+03	4.338464e+02	3.453551e+02	7.933723e+01	4.286253e+01	5.561872e+00
237	6.828003e+00	2.676624e+03	4.330999e+02	3.455859e+02	7.980392e+01	4.270446e+01	3.300853e+00
238	6.856814e+00	2.678953e+03	4.324055e+02	3.458613e+02	7.940990e+01	4.295371e+01	6.064901e-01
239	6.885624e+00	2.674174e+03	4.316765e+02	3.461589e+02	7.927986e+01	4.294740e+01	1.787006e+02
240	6.914434e+00	2.663768e+03	4.309090e+02	3.464817e+02	7.915478e+01	4.284788e+01	1.761003e+02
241	6.943244e+00	2.670042e+03	4.300991e+02	3.471154e+02	7.899220e+01	4.303721e+01	1.735349e+02
242	6.972054e+00	2.653440e+03	4.294677e+02	3.473470e+02	7.932043e+01	4.259261e+01	1.715786e+02
243	7.000864e+00	2.671148e+03	4.288065e+02	3.476330e+02	7.902193e+01	4.303883e+01	1.691342e+02
244	7.029674e+00	2.672539e+03	4.281090e+02	3.480965e+02	7.896164e+01	4.309412e+01	1.668237e+02
245	7.058485e+00	2.687437e+03	4.274481e+02	3.485161e+02	7.926734e+01	4.316723e+01	1.643396e+02
246	7.087295e+00	2.670570e+03	4.268914e+02	3.491880e+02	7.928590e+01	4.288625e+01	1.623548e+02
247	7.116105e+00	2.669989e+03	4.263383e+02	3.497001e+02	7.914642e+01	4.295248e+01	1.598596e+02
248	7.144915e+00	2.669395e+03	4.257165e+02	3.502285e+02	7.931867e+01	4.284967e+01	1.574705e+02
249	7.173725e+00	2.660079e+03	4.252062e+02	3.507773e+02	7.902116e+01	4.286090e+01	1.550883e+02
250	7.202535e+00	2.670656e+03	4.244732e+02	3.512852e+02	7.914101e+01	4.296615e+01	1.526904e+02
251	7.231345e+00	2.672780e+03	4.237967e+02	3.517631e+02	7.931152e+01	4.290787e+01	1.503936e+02
252	7.260156e+00	2.672907e+03	4.233203e+02	3.523912e+02	7.929417e+01	4.291931e+01	1.480819e+02
253	7.288966e+00	2.659994e+03	4.230830e+02	3.532336e+02	7.926701e+01	4.272660e+01	1.456605e+02
254	7.317776e+00	2.663038e+03	4.226054e+02	3.539899e+02	7.914750e+01	4.284008e+01	1.434583e+02
255	7.346586e+00	2.663357e+03	4.220900e+02	3.545645e+02	7.930095e+01	4.276231e+01	1.411126e+02
256	7.375396e+00	2.673033e+03	4.217386e+02	3.553627e+02	7.950240e+01	4.280891e+01	1.387832e+02
257	7.404206e+00	2.659724e+03	4.213441e+02	3.561082e+02	7.930906e+01	4.269961e+01	1.366858e+02
258	7.433016e+00	2.677110e+03	4.209861e+02	3.568842e+02	7.962486e+01	4.280827e+01	1.345165e+02
259	7.461827e+00	2.664369e+03	4.203363e+02	3.584879e+02	7.947322e+01	4.268582e+01	1.297113e+02
260	7.490637e+00	2.648897e+03	4.200710e+02	3.592692e+02	7.924236e+01	4.256158e+01	1.273023e+02
261	7.519447e+00	2.649267e+03	4.198904e+02	3.601768e+02	7.956709e+01	4.239381e+01	1.248939e+02
262	7.548257e+00	2.646199e+03	4.198427e+02	3.609876e+02	7.937840e+01	4.244537e+01	1.231323e+02
263	7.577067e+00	2.643526e+03	4.195407e+02	3.618946e+02	7.932904e+01	4.242888e+01	1.203083e+02
264	7.605877e+00	2.647019e+03	4.194828e+02	3.628097e+02	7.949930e+01	4.239395e+01	1.179501e+02
265	7.634687e+00	2.636115e+03	4.193776e+02	3.635426e+02	7.959973e+01	4.216605e+01	1.158549e+02
266	7.663498e+00	2.641987e+03	4.194514e+02	3.644345e+02	7.960796e+01	4.225561e+01	1.134605e+02
267	7.692308e+00	2.648985e+03	4.194455e+02	3.653084e+02	7.978190e+01	4.227516e+01	1.113803e+02
268	7.721118e+00	2.650452e+03	4.193728e+02	3.662147e+02	8.001003e+01	4.217797e+01	1.089062e+02
269	7.749928e+00	2.636462e+03	4.195606e+02	3.670464e+02	7.976369e+01	4.208490e+01	1.065588e+02
270	7.778738e+00	2.630016e+03	4.193489e+02	3.680001e+02	7.956908e+01	4.208469e+01	1.042528e+02
271	7.807548e+00	2.622247e+03	4.195356e+02	3.689238e+02	7.975989e+01	4.185999e+01	1.016005e+02
272	7.836358e+00	2.624738e+03	4.196057e+02	3.697108e+02	8.006306e+01	4.174111e+01	9.959921e+01
273	7.865169e+00	2.625862e+03	4.197454e+02	3.705317e+02	7.982799e+01	4.188194e+01	9.735607e+01
274	7.893979e+00	2.621050e+03	4.201012e+02	3.714886e+02	8.006814e+01	4.167980e+01	9.472649e+01
275	7.922789e+00	2.609383e+03	4.204343e+02	3.723704e+02	8.023315e+01	4.140895e+01	9.265366e+01
276	7.951599e+00	2.624976e+03	4.206443e+02	3.732293e+02	8.012298e+01	4.171367e+01	9.037263e+01
277	7.980409e+00	2.615649e+03	4.210160e+02	3.739265e+02	7.974627e+01	4.176181e+01	8.795332e+01
278	8.009219e+00	2.623039e+03	4.213985e+02	3.748289e+02	7.995379e+01	4.177109e+01	8.586689e+01
279	8.038029e+00	2.626145e+03	4.216062e+02	3.755990e+02	7.976568e+01	4.191918e+01	8.317034e+01
280	8.066840e+00	2.613201e+03	4.222365e+02	3.763802e+02	7.976301e+01	4.171395e+01	8.085341e+01
281	8.095650e+00	2.616217e+03	4.226683e+02	3.772111e+02	7.958448e+01	4.185579e+01	7.852187e+01
282	8.124460e+00	2.612709e+03	4.230598e+02	3.778894e+02	7.995005e+01	4.160854e+01	7.660033e+01
283	8.153270e+00	2.625054e+03	4.236647e+02	3.787508e+02	7.981628e+01	4.187520e+01	7.409611e+01
284	8.182080e+00	2.618114e+03	4.241149e+02	3.795128e+02	7.968526e+01	4.183317e+01	7.173163e+01
285	8.210890e+00	2.614841e+03	4.247245e+02	3.800407e+02	7.926262e+01	4.200364e+01	6.925562e+01
286	8.239700e+00	2.620956e+03	4.254012e+02	3.806582e+02	7.936583e+01	4.204712e+01	6.708627e+01
287	8.268511e+00	2.631574e+03	4.259341e+02	3.813882e+02	7.963766e+01	4.207336e+01	6.460484e+01
288	8.297321e+00	2.623291e+03	4.267083e+02	3.819703e+02	7.940322e+01	4.206476e+01	6.237091e+01
289	8.326131e+00	2.612377e+03	4.273850e+02	3.826683e+02	7.886356e+01	4.217641e+01	6.000290e+01
290	8.354941e+00	2.633316e+03	4.281278e+02	3.830828e+02	7.927782e+01	4.229231e+01	5.739943e+01
291	8.383751e+00	2.625455e+03	4.286302e+02	3.837807e+02	7.894635e+01	4.234310e+01	5.502028e+01
292	8.412561e+00	2.613226e+03	4.295574e+02	3.841765e+02	7.858418e+01	4.234011e+01	5.258813e+01
293	8.441371e+00	2.640835e+03	4.302377e+02	3.846684e+02	7.926613e+01	4.241932e+01	5.028612e+01
294	8.470182e+00	2.628187e+03	4.308560e+02	3.851873e+02	7.873870e+01	4.249894e+01	4.821161e+01
295	8.498992e+00	2.623567e+03	4.317005e+02	3.854010e+02	7.834712e+01	4.263628e+01	4.593877e+01
296	8.527802e+00	2.638602e+03	4.325258e+02	3.859286e+02	7.895081e+01	4.255273e+01	4.331461e+01
297	8.556612e+00	2.639383e+03	4.332531e+02	3.862408e+02	7.908666e+01	4.249221e+01	4.073426e+01
298	8.585422e+00	2.645782e+03	4.340485e+02	3.865437e+02	7.899274e+01	4.264587e+01	3.871741e+01
299	8.614232e+00	2.638615e+03	4.349227e+02	3.868146e+02	7.900249e+01	4.252510e+01	3.581560e+01
300	8.643042e+00	2.656132e+03	4.357249e+02	3.870251e+02	7.925710e+01	4.266990e+01	3.379434e+01
301	8.671852e+00	2.636659e+03	4.365385e+02	3.873415e+02	7.891996e+01	4.253802e+01	3.127355e+01
302	8.700663e+00	2.633437e+03	4.374963e+02	3.873836e+02	7.857410e+01	4.267305e+01	2.872641e+01
303	8.729473e+00	2.646958e+03	4.382962e+02	3.876087e+02	7.893226e+01	4.269752e+01	2.654335e+01
304	8.758283e+00	2.636345e+03	4.391680e+02	3.877149e+02	7.880004e+01	4.259768e+01	2.379416e+01
305	8.787093e+00	2.637284e+03	4.400506e+02	3.877726e+02	7.864897e+01	4.269470e+01	2.120611e+01
306	8.815903e+00	2.620511e+03	4.408131e+02	3.880080e+02	7.855826e+01	4.247216e+01	1.841453e+01
307	8.844713e+00	2.641943e+03	4.416991e+02	3.880892e+02	7.849867e+01	4.285201e+01	1.647370e+01
308	8.873523e+00	2.632224e+03	4.424888e+02	3.881088e+02	7.842265e+01	4.273577e+01	1.377577e+01
309	8.902334e+00	2.634472e+03	4.434099e+02	3.882333e+02	7.859313e+01	4.267948e+01	1.145813e+01
310	8.931144e+00	2.624237e+03	4.443162e+02	3.880021e+02	7.854295e+01	4.254082e+01	8.946974e+00
311	8.959954e+00	2.630290e+03	4.453470e+02	3.880474e+02	7.837006e+01	4.273302e+01	6.922094e+00
312	8.988764e+00	2.636291e+03	4.460468e+02	3.878042e+02	7.845952e+01	4.278168e+01	4.341221e+00
313	9.017574e+00	2.630957e+03	4.468149e+02	3.878364e+02	7.890179e+01	4.245580e+01	2.001146e+00
314	9.046384e+00	2.638014e+03	4.476135e+02	3.877403e+02	7.870935e+01	4.267376e+01	1.798528e+02
315	9.075194e+00	2.640005e+03	4.484818e+02	3.875745e+02	7.885290e+01	4.262823e+01	1.772857e+02
316	9.104005e+00	2.634382e+03	4.493604e+02	3.872929e+02	7.867505e+01	4.263358e+01	1.750648e+02
317	9.132815e+00	2.621505e+03	4.501083e+02	3.869202e+02	7.895171e+01	4.227653e+01	1.724964e+02
318	9.161625e+00	2.631241e+03	4.508571e+02	3.865584e+02	7.912837e+01	4.233880e+01	1.703676e+02
319	9.190435e+00	2.623052e+03	4.517065e+02	3.863766e+02	7.876577e+01	4.240133e+01	1.680978e+02
320	9.219245e+00	2.634641e+03	4.522841e+02	3.858304e+02	7.898306e+01	4.247150e+01	1.658287e+02
321	9.248055e+00	2.637837e+03	4.530963e+02	3.854102e+02	7.871969e+01	4.266529e+01	1.633384e+02
322	9.276865e+00	2.625174e+03	4.538230e+02	3.849890e+02	7.897316e+01	4.232420e+01	1.605908e+02
323	9.305676e+00	2.630276e+03	4.544338e+02	3.846313e+02	7.905891e+01	4.236045e+01	1.582788e+02
324	9.334486e+00	2.627051e+03	4.550471e+02	3.839007e+02	7.914758e+01	4.226112e+01	1.564268e+02
325	9.363296e+00	2.636289e+03	4.558247e+02	3.836426e+02	7.903292e+01	4.247126e+01	1.537805e+02
326	9.392106e+00	2.642982e+03	4.565422e+02	3.830438e+02	7.908080e+01	4.255330e+01	1.513570e+02
327	9.420916e+00	2.621704e+03	4.571877e+02	3.824952e+02	7.879601e+01	4.236329e+01	1.489094e+02
328	9.449726e+00	2.625965e+03	4.576433e+02	3.816795e+02	7.875417e+01	4.245468e+01	1.468151e+02
329	9.478536e+00	2.636470e+03	4.582927e+02	3.811211e+02	7.913864e+01	4.241743e+01	1.446582e+02
330	9.507347e+00	2.629797e+03	4.587773e+02	3.803314e+02	7.886166e+01	4.245868e+01	1.423690e+02
331	9.536157e+00	2.629723e+03	4.592600e+02	3.797120e+02	7.884144e+01	4.246838e+01	1.398137e+02
332	9.564967e+00	2.629649e+03	4.596862e+02	3.789292e+02	7.905033e+01	4.235495e+01	1.372182e+02
333	9.593777e+00	2.639642e+03	4.599973e+02	3.781774e+02	7.929844e+01	4.238288e+01	1.352332e+02
334	9.622587e+00	2.643406e+03	4.603384e+02	3.771564e+02	7.959415e+01	4.228563e+01	1.331503e+02
335	9.651397e+00	2.629089e+03	4.607135e+02	3.767643e+02	7.902109e+01	4.236160e+01	1.301007e+02
336	9.680207e+00	2.620414e+03	4.609223e+02	3.758784e+02	7.894659e+01	4.226167e+01	1.278234e+02
337	9.709018e+00	2.626547e+03	4.613057e+02	3.753020e+02	7.890189e+01	4.238459e+01	1.257565e+02
338	9.737828e+00	2.616689e+03	4.613227e+02	3.744402e+02	7.878836e+01	4.228635e+01	1.235815e+02
339	9.766638e+00	2.622466e+03	4.615902e+02	3.737054e+02	7.866073e+01	4.244846e+01	1.214841e+02
340	9.795448e+00	2.622541e+03	4.618872e+02	3.728100e+02	7.919539e+01	4.216309e+01	1.189412e+02
341	9.824258e+00	2.633809e+03	4.619712e+02	3.720695e+02	7.957375e+01	4.214291e+01	1.165373e+02
342	9.853068e+00	2.628742e+03	4.621604e+02	3.713609e+02	7.948804e+01	4.210720e+01	1.148654e+02
343	9.881878e+00	2.619720e+03	4.623097e+02	3.703820e+02	7.910168e+01	4.216764e+01	1.126658e+02
344	9.910689e+00	2.617531e+03	4.624170e+02	3.696400e+02	7.948527e+01	4.192907e+01	1.103761e+02
345	9.939499e+00	2.639940e+03	4.625725e+02	3.689370e+02	7.994404e+01	4.204537e+01	1.083190e+02
346	9.968309e+00	2.629146e+03	4.624893e+02	3.681633e+02	7.979383e+01	4.195228e+01	1.063008e+02
347	9.997119e+00	2.623280e+03	4.624203e+02	3.674259e+02	7.957262e+01	4.197504e+01	1.047606e+02
348	1.002593e+01	2.637987e+03	4.625358e+02	3.672650e+02	7.989824e+01	4.203834e+01	1.046903e+02
349	1.005474e+01	2.621872e+03	4.626659e+02	3.670001e+02	7.984462e+01	4.180959e+01	1.048730e+02
350	1.008355e+01	2.629706e+03	4.629370e+02	3.666351e+02	7.992830e+01	4.189061e+01	1.045291e+02
351	1.011236e+01	2.629679e+03	4.635947e+02	3.665296e+02	7.994624e+01	4.188078e+01	1.042506e+02
352	1.014117e+01	2.639169e+03	4.638318e+02	3.662517e+02	8.022030e+01	4.188833e+01	1.040005e+02
353	1.016998e+01	2.626723e+03	4.639167e+02	3.661662e+02	8.005250e+01	4.177818e+01	1.044685e+02
354	1.019879e+01	2.626938e+03	4.641115e+02	3.660636e+02	7.954888e+01	4.204611e+01	1.047711e+02
355	1.022760e+01	2.629345e+03	4.645237e+02	3.657842e+02	7.986583e+01	4.191762e+01	1.042876e+02
356	1.025641e+01	2.628310e+03	4.648521e+02	3.654839e+02	7.970925e+01	4.198344e+01	1.041836e+02
357	1.028522e+01	2.625275e+03	4.650732e+02	3.651300e+02	7.967274e+01	4.195417e+01	1.034657e+02
358	1.031403e+01	2.622606e+03	4.653296e+02	3.645291e+02	7.989913e+01	4.179277e+01	1.016362e+02
359	1.034284e+01	2.640965e+03	4.653229e+02	3.637614e+02	8.001731e+01	4.202317e+01	9.983872e+01
360	1.037165e+01	2.635385e+03	4.652796e+02	3.630374e+02	8.007845e+01	4.190236e+01	9.801696e+01
361	1.040046e+01	2.635305e+03	4.649192e+02	3.622960e+02	8.028865e+01	4.179140e+01	9.649325e+01
362	1.042927e+01	2.635616e+03	4.648255e+02	3.615132e+02	8.005096e+01	4.192043e+01	9.422599e+01
363	1.045808e+01	2.632263e+03	4.647695e+02	3.607236e+02	8.029742e+01	4.173859e+01	9.188363e+01
364	1.048689e+01	2.633768e+03	4.644882e+02	3.598096e+02	8.024158e+01	4.179152e+01	8.940633e+01
365	1.051570e+01	2.622863e+03	4.640979e+02	3.590629e+02	8.014164e+01	4.167038e+01	8.723742e+01
366	1.054451e+01	2.628216e+03	4.638275e+02	3.583540e+02	8.022267e+01	4.171325e+01	8.471396e+01
367	1.057332e+01	2.636214e+03	4.636489e+02	3.575224e+02	8.023318e+01	4.183471e+01	8.297723e+01
368	1.060213e+01	2.631056e+03	4.631992e+02	3.567065e+02	8.021003e+01	4.176491e+01	8.073132e+01
369	1.063094e+01	2.627423e+03	4.626937e+02	3.559973e+02	7.975920e+01	4.194298e+01	7.854601e+01
370	1.065975e+01	2.620934e+03	4.622826e+02	3.553239e+02	7.959647e+01	4.192494e+01	7.687150e+01
371	1.068856e+01	2.626265e+03	4.617184e+02	3.546784e+02	7.978109e+01	4.191299e+01	7.454910e+01
372	1.071737e+01	2.629731e+03	4.612616e+02	3.540876e+02	7.970445e+01	4.200866e+01	7.237509e+01
373	1.074618e+01	2.624110e+03	4.607392e+02	3.534772e+02	7.984791e+01	4.184356e+01	7.010516e+01
374	1.077499e+01	2.648858e+03	4.602090e+02	3.528784e+02	7.984015e+01	4.224229e+01	6.756528e+01
375	1.080380e+01	2.627352e+03	4.596959e+02	3.523542e+02	7.964724e+01	4.200080e+01	6.565066e+01
376	1.083261e+01	2.635166e+03	4.590796e+02	3.516489e+02	7.950364e+01	4.220181e+01	6.306870e+01
377	1.086142e+01	2.649148e+03	4.583411e+02	3.510829e+02	7.957555e+01	4.238738e+01	6.089372e+01
378	1.089023e+01	2.644912e+03	4.576497e+02	3.506512e+02	7.927157e+01	4.248190e+01	5.863707e+01
379	1.091904e+01	2.652164e+03	4.569737e+02	3.502386e+02	7.922601e+01	4.262286e+01	5.662999e+01
380	1.094785e+01	2.643962e+03	4.564099e+02	3.496831e+02	7.920353e+01	4.250311e+01	5.406144e+01
381	1.097666e+01	2.652017e+03	4.557080e+02	3.490116e+02	7.945660e+01	4.249683e+01	5.105745e+01
382	1.100547e+01	2.656001e+03	4.549727e+02	3.485739e+02	7.929103e+01	4.264954e+01	4.917535e+01
383	1.103428e+01	2.650363e+03	4.541953e+02	3.480855e+02	7.905404e+01	4.268658e+01	4.651796e+01
384	1.106309e+01	2.651645e+03	4.534208e+02	3.478192e+02	7.929271e+01	4.257869e+01	4.426997e+01
385	1.109190e+01	2.660844e+03	4.527037e+02	3.473214e+02	7.961101e+01	4.255558e+01	4.171947e+01
386	1.112071e+01	2.654935e+03	4.518331e+02	3.471593e+02	7.943195e+01	4.255679e+01	3.934557e+01
387	1.114952e+01	2.665562e+03	4.511157e+02	3.468848e+02	7.925055e+01	4.282493e+01	3.684730e+01
388	1.117833e+01	2.666459e+03	4.502914e+02	3.466672e+02	7.929617e+01	4.281469e+01	3.482759e+01
389	1.120714e+01	2.659270e+03	4.494212e+02	3.466862e+02	7.922340e+01	4.273848e+01	3.221865e+01
390	1.123596e+01	2.663421e+03	4.486955e+02	3.463666e+02	7.915696e+01	4.284113e+01	2.989985e+01
391	1.126477e+01	2.682717e+03	4.477855e+02	3.464307e+02	7.996603e+01	4.271490e+01	2.763531e+01
392	1.129358e+01	2.670600e+03	4.469934e+02	3.463122e+02	7.928542e+01	4.288700e+01	2.520489e+01
393	1.132239e+01	2.669095e+03	4.462560e+02	3.461718e+02	7.930651e+01	4.285143e+01	2.294263e+01
394	1.135120e+01	2.672996e+03	4.454958e+02	3.461617e+02	7.923901e+01	4.295061e+01	2.067358e+01
395	1.138001e+01	2.672118e+03	4.446848e+02	3.461564e+02	7.916478e+01	4.297676e+01	1.839169e+01
396	1.140882e+01	2.666867e+03	4.438331e+02	3.461078e+02	7.918015e+01	4.288398e+01	1.573246e+01
397	1.143763e+01	2.679645e+03	4.429806e+02	3.461334e+02	7.919283e+01	4.308256e+01	1.341196e+01
398	1.146644e+01	2.680324e+03	4.420014e+02	3.463582e+02	7.972614e+01	4.280521e+01	1.116016e+01
399	1.149525e+01	2.673977e+03	4.412274e+02	3.466279e+02	7.917638e+01	4.300037e+01	8.917681e+00
400	1.152406e+01	2.661731e+03	4.405599e+02	3.468874e+02	7.913804e+01	4.282417e+01	6.414309e+00
401	1.155287e+01	2.672805e+03	4.396263e+02	3.471585e+02	7.903522e+01	4.305828e+01	4.168112e+00
402	1.158168e+01	2.664800e+03	4.389846e+02	3.474308e+02	7.939677e+01	4.273383e+01	1.484339e+00
403	1.161049e+01	2.682138e+03	4.381844e+02	3.475956e+02	7.940407e+01	4.300792e+01	1.794421e+02
404	1.163930e+01	2.679852e+03	4.374737e+02	3.479383e+02	7.928392e+01	4.303639e+01	1.768571e+02
405	1.166811e+01	2.679251e+03	4.367048e+02	3.482844e+02	7.947234e+01	4.292473e+01	1.744718e+02
406	1.169692e+01	2.673713e+03	4.359695e+02	3.487964e+02	7.911194e+01	4.303114e+01	1.721937e+02
407	1.172573e+01	2.672885e+03	4.351645e+02	3.490542e+02	7.918011e+01	4.298077e+01	1.697657e+02
408	1.175454e+01	2.670676e+03	4.343650e+02	3.496269e+02	7.930214e+01	4.287917e+01	1.670476e+02
409	1.178335e+01	2.680851e+03	4.336030e+02	3.500970e+02	7.909074e+01	4.315759e+01	1.645882e+02
410	1.181216e+01	2.666726e+03	4.330351e+02	3.507508e+02	7.880502e+01	4.308585e+01	1.621639e+02
411	1.184097e+01	2.670050e+03	4.324173e+02	3.514119e+02	7.908946e+01	4.298441e+01	1.595677e+02
412	1.186978e+01	2.667412e+03	4.318682e+02	3.518948e+02	7.910136e+01	4.293547e+01	1.572374e+02
413	1.189859e+01	2.672554e+03	4.311995e+02	3.524191e+02	7.920433e+01	4.296232e+01	1.552406e+02
414	1.192740e+01	2.682694e+03	4.306836e+02	3.530580e+02	7.927934e+01	4.308452e+01	1.532915e+02
415	1.195621e+01	2.671672e+03	4.300689e+02	3.537456e+02	7.920276e+01	4.294898e+01	1.505147e+02
416	1.198502e+01	2.667962e+03	4.295018e+02	3.543610e+02	7.914729e+01	4.291940e+01	1.482382e+02
417	1.201383e+01	2.680234e+03	4.290356e+02	3.550685e+02	7.931924e+01	4.302335e+01	1.454763e+02
418	1.204264e+01	2.682156e+03	4.284825e+02	3.557253e+02	7.938392e+01	4.301912e+01	1.431821e+02
419	1.207145e+01	2.681713e+03	4.281260e+02	3.564532e+02	7.936536e+01	4.302209e+01	1.413253e+02
420	1.210026e+01	2.677478e+03	4.278283e+02	3.573265e+02	7.963074e+01	4.281099e+01	1.385868e+02
421	1.212907e+01	2.670710e+03	4.273597e+02	3.580688e+02	7.931906e+01	4.287057e+01	1.357888e+02
422	1.215788e+01	2.671899e+03	4.271889e+02	3.589343e+02	7.956377e+01	4.275774e+01	1.338757e+02
423	1.218669e+01	2.646723e+03	4.268649e+02	3.596546e+02	7.935560e+01	4.246597e+01	1.314276e+02
424	1.221550e+01	2.673621e+03	4.264352e+02	3.604543e+02	7.956839e+01	4.278281e+01	1.288199e+02
425	1.224431e+01	2.659946e+03	4.262935e+02	3.614100e+02	7.932664e+01	4.269371e+01	1.260322e+02
426	1.227312e+01	2.655199e+03	4.261432e+02	3.622436e+02	7.883655e+01	4.288245e+01	1.237136e+02
427	1.230193e+01	2.654152e+03	4.258223e+02	3.630628e+02	7.949212e+01	4.251203e+01	1.213162e+02
428	1.233074e+01	2.655748e+03	4.258077e+02	3.639111e+02	7.971300e+01	4.241973e+01	1.191550e+02
429	1.235955e+01	2.655134e+03	4.255621e+02	3.648126e+02	7.959145e+01	4.247469e+01	1.165578e+02
430	1.238836e+01	2.629025e+03	4.255680e+02	3.656512e+02	7.936415e+01	4.217747e+01	1.139325e+02
431	1.241717e+01	2.642371e+03	4.255089e+02	3.665938e+02	7.959024e+01	4.227115e+01	1.116974e+02
432	1.244598e+01	2.640904e+03	4.255854e+02	3.675534e+02	7.963323e+01	4.222488e+01	1.091077e+02
433	1.247479e+01	2.653051e+03	4.253365e+02	3.683371e+02	7.977184e+01	4.234539e+01	1.065418e+02
434	1.250360e+01	2.625311e+03	4.255311e+02	3.692775e+02	7.960101e+01	4.199255e+01	1.041578e+02
435	1.253241e+01	2.633648e+03	4.256323e+02	3.701654e+02	7.981798e+01	4.201140e+01	1.022011e+02
436	1.256122e+01	2.635587e+03	4.257361e+02	3.709514e+02	8.010273e+01	4.189287e+01	9.992990e+01
437	1.259003e+01	2.623729e+03	4.259247e+02	3.718793e+02	7.998648e+01	4.176501e+01	9.722467e+01
438	1.261884e+01	2.624416e+03	4.260522e+02	3.727629e+02	7.992596e+01	4.180757e+01	9.515182e+01
439	1.264765e+01	2.628141e+03	4.262119e+02	3.736067e+02	8.039108e+01	4.162468e+01	9.267142e+01
440	1.267646e+01	2.620023e+03	4.265534e+02	3.744090e+02	8.001855e+01	4.168930e+01	9.031306e+01
441	1.270527e+01	2.631473e+03	4.268604e+02	3.751825e+02	8.003329e+01	4.186377e+01	8.812817e+01
442	1.273408e+01	2.617823e+03	4.273225e+02	3.758834e+02	7.967953e+01	4.183151e+01	8.599612e+01
443	1.276289e+01	2.602533e+03	4.276789e+02	3.766761e+02	7.994612e+01	4.144851e+01	8.379308e+01
444	1.279170e+01	2.619473e+03	4.286467e+02	3.782249e+02	7.982998e+01	4.177900e+01	7.904818e+01
445	1.282051e+01	2.626935e+03	4.289426e+02	3.789663e+02	8.008832e+01	4.176287e+01	7.685267e+01
446	1.284932e+01	2.625647e+03	4.295537e+02	3.797203e+02	7.985181e+01	4.186601e+01	7.416328e+01
447	1.287813e+01	2.627899e+03	4.302250e+02	3.804539e+02	7.940878e+01	4.213570e+01	7.226037e+01
448	1.290694e+01	2.628412e+03	4.308243e+02	3.811986e+02	7.956325e+01	4.206211e+01	6.964650e+01
449	1.293575e+01	2.628339e+03	4.314123e+02	3.818110e+02	7.985457e+01	4.190749e+01	6.720863e+01
450	1.296456e+01	2.633271e+03	4.318180e+02	3.823820e+02	7.954166e+01	4.215130e+01	6.527037e+01
451	1.299337e+01	2.640187e+03	4.325160e+02	3.830277e+02	7.968087e+01	4.218818e+01	6.276043e+01
452	1.302218e+01	2.635871e+03	4.331460e+02	3.835371e+02	7.914311e+01	4.240540e+01	6.081454e+01
453	1.305099e+01	2.640131e+03	4.337584e+02	3.841226e+02	7.941206e+01	4.233009e+01	5.836898e+01
454	1.307980e+01	2.637581e+03	4.345697e+02	3.846607e+02	7.935835e+01	4.231783e+01	5.583587e+01
455	1.310861e+01	2.641553e+03	4.352971e+02	3.851853e+02	7.917730e+01	4.247847e+01	5.333252e+01
456	1.313742e+01	2.642674e+03	4.361647e+02	3.855888e+02	7.950177e+01	4.232304e+01	5.124673e+01
457	1.316623e+01	2.637416e+03	4.369339e+02	3.860110e+02	7.899226e+01	4.251128e+01	4.926909e+01
458	1.319504e+01	2.625975e+03	4.378070e+02	3.863422e+02	7.868659e+01	4.249130e+01	4.646091e+01
459	1.322385e+01	2.632769e+03	4.385379e+02	3.866915e+02	7.879149e+01	4.254452e+01	4.385729e+01
460	1.325266e+01	2.640474e+03	4.391463e+02	3.870980e+02	7.892706e+01	4.259573e+01	4.217038e+01
461	1.328148e+01	2.625274e+03	4.399990e+02	3.872835e+02	7.854844e+01	4.255467e+01	3.961697e+01
462	1.331029e+01	2.632692e+03	4.409147e+02	3.875392e+02	7.855845e+01	4.266947e+01	3.734716e+01
463	1.333910e+01	2.633772e+03	4.416889e+02	3.879111e+02	7.844600e+01	4.274816e+01	3.474505e+01
464	1.336791e+01	2.638904e+03	4.425940e+02	3.881359e+02	7.873073e+01	4.267656e+01	3.216043e+01
465	1.339672e+01	2.637167e+03	4.434692e+02	3.881703e+02	7.855066e+01	4.274624e+01	2.989626e+01
466	1.342553e+01	2.628667e+03	4.443098e+02	3.883640e+02	7.840405e+01	4.268814e+01	2.746780e+01
467	1.345434e+01	2.637710e+03	4.452439e+02	3.884565e+02	7.841640e+01	4.282824e+01	2.519965e+01
468	1.348315e+01	2.649088e+03	4.460401e+02	3.887347e+02	7.865967e+01	4.287996e+01	2.280199e+01
469	1.351196e+01	2.639063e+03	4.470483e+02	3.888776e+02	7.860146e+01	4.274933e+01	2.004765e+01
470	1.354077e+01	2.638191e+03	4.478287e+02	3.890918e+02	7.857226e+01	4.275108e+01	1.736056e+01
471	1.356958e+01	2.639788e+03	4.488679e+02	3.889413e+02	7.869212e+01	4.271180e+01	1.482903e+01
472	1.359839e+01	2.640611e+03	4.497320e+02	3.890222e+02	7.891318e+01	4.260543e+01	1.248361e+01
473	1.362720e+01	2.640513e+03	4.505708e+02	3.888600e+02	7.869041e+01	4.272446e+01	9.737331e+00
474	1.365601e+01	2.645027e+03	4.514036e+02	3.888195e+02	7.909740e+01	4.257729e+01	7.081620e+00
475	1.368482e+01	2.644495e+03	4.522574e+02	3.885972e+02	7.886314e+01	4.269518e+01	4.964337e+00
476	1.371363e+01	2.636408e+03	4.530941e+02	3.885056e+02	7.867891e+01	4.266428e+01	2.306769e+00
477	1.374244e+01	2.633913e+03	4.539428e+02	3.882538e+02	7.901160e+01	4.244444e+01	1.797036e+02
478	1.377125e+01	2.640412e+03	4.548051e+02	3.880330e+02	7.905859e+01	4.252386e+01	1.772919e+02
479	1.380006e+01	2.634722e+03	4.555526e+02	3.877296e+02	7.860485e+01	4.267717e+01	1.749309e+02
480	1.382887e+01	2.649521e+03	4.564395e+02	3.873965e+02	7.922170e+01	4.258271e+01	1.727270e+02
481	1.385768e+01	2.635927e+03	4.571422e+02	3.871366e+02	7.881014e+01	4.258547e+01	1.700694e+02
482	1.388649e+01	2.639378e+03	4.577845e+02	3.866840e+02	7.916539e+01	4.244986e+01	1.683069e+02
483	1.391530e+01	2.649926e+03	4.586096e+02	3.863406e+02	7.900975e+01	4.270346e+01	1.656436e+02
484	1.394411e+01	2.646525e+03	4.593360e+02	3.860114e+02	7.906419e+01	4.261930e+01	1.631328e+02
485	1.397292e+01	2.637954e+03	4.599550e+02	3.855774e+02	7.924529e+01	4.238419e+01	1.608405e+02
486	1.400173e+01	2.627248e+03	4.606156e+02	3.850094e+02	7.896672e+01	4.236108e+01	1.586946e+02
487	1.403054e+01	2.619027e+03	4.613145e+02	3.845704e+02	7.882723e+01	4.230326e+01	1.565984e+02
488	1.405935e+01	2.633755e+03	4.617679e+02	3.838273e+02	7.874305e+01	4.258662e+01	1.541403e+02
489	1.408816e+01	2.641131e+03	4.624128e+02	3.833327e+02	7.916479e+01	4.247838e+01	1.514421e+02
490	1.411697e+01	2.639092e+03	4.630274e+02	3.827735e+02	7.902033e+01	4.252319e+01	1.495778e+02
491	1.414578e+01	2.631235e+03	4.635702e+02	3.819777e+02	7.896096e+01	4.242846e+01	1.473192e+02
492	1.417459e+01	2.639515e+03	4.639415e+02	3.811971e+02	7.935247e+01	4.235199e+01	1.448243e+02
493	1.420340e+01	2.634624e+03	4.646447e+02	3.807181e+02	7.918260e+01	4.236420e+01	1.423585e+02
494	1.423221e+01	2.624750e+03	4.651049e+02	3.801408e+02	7.894994e+01	4.232981e+01	1.402508e+02
495	1.426102e+01	2.633026e+03	4.656378e+02	3.792933e+02	7.900282e+01	4.243486e+01	1.381768e+02
496	1.428983e+01	2.636001e+03	4.659395e+02	3.784958e+02	7.888515e+01	4.254617e+01	1.354916e+02
497	1.431864e+01	2.642656e+03	4.664539e+02	3.778074e+02	7.948731e+01	4.233045e+01	1.332800e+02
498	1.434745e+01	2.634837e+03	4.668782e+02	3.770143e+02	7.899291e+01	4.246936e+01	1.309983e+02
499	1.437626e+01	2.634755e+03	4.673607e+02	3.761645e+02	7.924139e+01	4.233487e+01	1.287370e+02
500	1.440507e+01	2.632914e+03	4.676604e+02	3.753662e+02	7.928846e+01	4.228017e+01	1.258282e+02
501	1.443388e+01	2.616942e+03	4.680240e+02	3.745707e+02	7.901501e+01	4.216912e+01	1.235633e+02
502	1.446269e+01	2.630701e+03	4.683527e+02	3.737132e+02	7.916262e+01	4.231180e+01	1.212362e+02
503	1.449150e+01	2.628220e+03	4.685866e+02	3.729285e+02	7.928122e+01	4.220865e+01	1.192080e+02
504	1.452031e+01	2.623659e+03	4.689957e+02	3.720067e+02	7.951473e+01	4.201167e+01	1.168625e+02
505	1.454912e+01	2.629741e+03	4.691154e+02	3.712452e+02	7.946661e+01	4.213455e+01	1.145714e+02
506	1.457793e+01	2.618043e+03	4.694636e+02	3.703363e+02	7.948480e+01	4.193752e+01	1.122389e+02
507	1.460674e+01	2.618045e+03	4.695704e+02	3.694337e+02	7.952624e+01	4.191571e+01	1.102224e+02
508	1.463555e+01	2.610441e+03	4.696572e+02	3.685526e+02	7.943595e+01	4.184146e+01	1.077521e+02
509	1.466436e+01	2.618882e+03	4.698523e+02	3.677651e+02	7.978626e+01	4.179247e+01	1.057500e+02
510	1.469317e+01	2.625916e+03	4.700117e+02	3.667953e+02	7.992298e+01	4.183302e+01	1.033490e+02
511	1.472198e+01	2.633017e+03	4.699133e+02	3.657423e+02	7.998995e+01	4.191104e+01	1.007991e+02
512	1.475079e+01	2.619473e+03	4.699498e+02	3.647922e+02	7.979166e+01	4.179906e+01	9.875481e+01
513	1.477960e+01	2.621036e+03	4.699976e+02	3.638230e+02	8.002927e+01	4.169983e+01	9.679769e+01
514	1.480841e+01	2.637324e+03	4.697191e+02	3.630033e+02	7.993711e+01	4.200734e+01	9.448656e+01
515	1.483722e+01	2.639630e+03	4.699776e+02	3.623840e+02	8.025275e+01	4.187871e+01	9.360262e+01
516	1.486603e+01	2.636872e+03	4.700817e+02	3.615626e+02	8.031470e+01	4.180267e+01	9.138148e+01
517	1.489484e+01	2.629592e+03	4.695438e+02	3.607095e+02	8.003838e+01	4.183119e+01	8.924850e+01
518	1.492365e+01	2.626035e+03	4.694232e+02	3.598169e+02	8.027465e+01	4.165165e+01	8.708237e+01
519	1.495246e+01	2.628412e+03	4.691807e+02	3.588918e+02	8.017229e+01	4.174258e+01	8.485105e+01
520	1.498127e+01	2.630627e+03	4.688647e+02	3.580816e+02	8.008167e+01	4.182504e+01	8.257279e+01
521	1.501008e+01	2.619614e+03	4.684471e+02	3.572840e+02	8.014112e+01	4.161903e+01	8.057101e+01
522	1.503889e+01	2.619858e+03	4.679694e+02	3.565562e+02	7.989573e+01	4.175075e+01	7.822462e+01
523	1.506770e+01	2.622925e+03	4.675605e+02	3.557430e+02	7.955084e+01	4.198085e+01	7.577306e+01
524	1.509651e+01	2.620194e+03	4.667375e+02	3.551180e+02	7.967410e+01	4.187226e+01	7.357681e+01
525	1.512532e+01	2.629106e+03	4.663306e+02	3.543557e+02	7.990022e+01	4.189578e+01	7.122263e+01
526	1.515413e+01	2.636435e+03	4.658732e+02	3.536302e+02	7.980962e+01	4.206025e+01	6.900530e+01
527	1.518294e+01	2.646008e+03	4.654370e+02	3.529987e+02	7.983116e+01	4.220159e+01	6.637804e+01
528	1.521175e+01	2.639569e+03	4.647164e+02	3.524085e+02	7.976758e+01	4.213246e+01	6.426731e+01
529	1.524056e+01	2.628199e+03	4.639924e+02	3.518525e+02	7.903353e+01	4.234060e+01	6.210715e+01
530	1.526937e+01	2.639835e+03	4.634889e+02	3.512038e+02	7.958183e+01	4.223505e+01	5.927074e+01
531	1.529818e+01	2.625518e+03	4.627300e+02	3.507320e+02	7.898323e+01	4.232434e+01	5.743594e+01
532	1.532700e+01	2.653716e+03	4.620348e+02	3.501871e+02	7.984781e+01	4.231570e+01	5.466567e+01
533	1.535581e+01	2.656749e+03	4.612887e+02	3.497430e+02	7.948195e+01	4.255908e+01	5.245893e+01
534	1.538462e+01	2.639593e+03	4.605160e+02	3.493798e+02	7.898221e+01	4.255179e+01	5.023194e+01
535	1.541343e+01	2.671297e+03	4.599613e+02	3.488244e+02	7.946828e+01	4.279948e+01	4.757360e+01
536	1.544224e+01	2.662375e+03	4.590607e+02	3.486003e+02	7.936398e+01	4.271259e+01	4.522232e+01
537	1.547105e+01	2.660026e+03	4.581443e+02	3.482303e+02	7.943489e+01	4.263681e+01	4.250817e+01
538	1.549986e+01	2.654609e+03	4.574176e+02	3.479005e+02	7.928610e+01	4.262983e+01	4.042947e+01
539	1.552867e+01	2.654785e+03	4.565929e+02	3.476743e+02	7.931282e+01	4.261830e+01	3.786053e+01
540	1.555748e+01	2.681866e+03	4.557867e+02	3.475188e+02	7.962245e+01	4.288561e+01	3.523895e+01
541	1.558629e+01	2.670772e+03	4.549408e+02	3.472993e+02	7.935037e+01	4.285465e+01	3.289924e+01
542	1.561510e+01	2.676436e+03	4.540644e+02	3.472377e+02	7.927266e+01	4.298764e+01	3.011789e+01
543	1.564391e+01	2.674580e+03	4.531584e+02	3.472596e+02	7.919803e+01	4.299831e+01	2.745898e+01
544	1.567272e+01	2.671520e+03	4.523268e+02	3.472225e+02	7.932437e+01	4.288070e+01	2.554676e+01
545	1.570153e+01	2.678151e+03	4.515119e+02	3.471147e+02	7.940574e+01	4.294309e+01	2.309051e+01
546	1.573034e+01	2.675489e+03	4.505963e+02	3.472224e+02	7.943257e+01	4.288591e+01	2.057634e+01
547	1.575915e+01	2.665597e+03	4.497375e+02	3.473074e+02	7.924011e+01	4.283113e+01	1.815838e+01
548	1.578796e+01	2.673631e+03	4.488849e+02	3.474305e+02	7.929223e+01	4.293198e+01	1.529399e+01
549	1.581677e+01	2.680539e+03	4.479653e+02	3.474319e+02	7.929521e+01	4.304129e+01	1.321951e+01
550	1.584558e+01	2.688489e+03	4.471833e+02	3.477156e+02	7.932553e+01	4.315245e+01	1.076572e+01
551	1.587439e+01	2.677739e+03	4.462878e+02	3.478629e+02	7.912333e+01	4.308973e+01	7.962210e+00
552	1.590320e+01	2.676600e+03	4.455104e+02	3.480847e+02	7.934325e+01	4.295202e+01	5.548636e+00
553	1.593201e+01	2.681859e+03	4.446776e+02	3.483462e+02	7.938718e+01	4.301260e+01	3.069345e+00
554	1.596082e+01	2.679617e+03	4.437279e+02	3.487111e+02	7.915413e+01	4.310318e+01	5.135063e-01
555	1.598963e+01	2.663550e+03	4.430113e+02	3.490754e+02	7.950198e+01	4.265726e+01	1.778932e+02
556	1.601844e+01	2.676791e+03	4.423748e+02	3.493036e+02	7.924525e+01	4.300822e+01	1.758967e+02
557	1.604725e+01	2.675022e+03	4.415274e+02	3.497795e+02	7.934913e+01	4.292351e+01	1.730754e+02
558	1.607606e+01	2.663058e+03	4.407809e+02	3.503070e+02	7.913258e+01	4.284848e+01	1.706249e+02
559	1.610487e+01	2.657542e+03	4.400413e+02	3.508190e+02	7.907841e+01	4.278902e+01	1.684393e+02
560	1.613368e+01	2.668524e+03	4.392329e+02	3.512795e+02	7.905714e+01	4.297740e+01	1.656330e+02
561	1.616249e+01	2.691095e+03	4.386038e+02	3.518185e+02	7.945847e+01	4.312200e+01	1.631944e+02
562	1.619130e+01	2.687725e+03	4.379467e+02	3.522548e+02	7.942283e+01	4.308733e+01	1.610938e+02
563	1.622011e+01	2.664127e+03	4.373636e+02	3.529341e+02	7.918799e+01	4.283569e+01	1.582798e+02
564	1.624892e+01	2.659794e+03	4.366952e+02	3.534273e+02	7.907462e+01	4.282733e+01	1.559524e+02
565	1.627773e+01	2.668167e+03	4.360846e+02	3.541851e+02	7.953850e+01	4.271159e+01	1.538981e+02
566	1.630654e+01	2.665624e+03	4.356007e+02	3.547928e+02	7.901054e+01	4.295601e+01	1.512102e+02
567	1.633535e+01	2.683994e+03	4.351385e+02	3.556692e+02	7.924351e+01	4.312489e+01	1.490475e+02
568	1.636416e+01	2.681326e+03	4.344449e+02	3.562401e+02	7.939723e+01	4.299861e+01	1.466055e+02
569	1.639297e+01	2.673109e+03	4.339009e+02	3.570055e+02	7.935005e+01	4.289233e+01	1.440689e+02
570	1.642178e+01	2.680275e+03	4.334678e+02	3.578087e+02	7.919630e+01	4.309080e+01	1.415956e+02
571	1.645059e+01	2.659228e+03	4.330466e+02	3.586369e+02	7.906673e+01	4.282250e+01	1.391116e+02
572	1.647940e+01	2.672760e+03	4.326874e+02	3.593432e+02	7.931796e+01	4.290407e+01	1.365879e+02
573	1.650821e+01	2.672706e+03	4.323296e+02	3.600603e+02	7.931550e+01	4.290454e+01	1.339793e+02
574	1.653702e+01	2.677543e+03	4.321608e+02	3.609630e+02	7.930215e+01	4.298941e+01	1.319167e+02
575	1.656583e+01	2.682930e+03	4.316377e+02	3.617350e+02	7.967876e+01	4.287231e+01	1.291140e+02
576	1.659464e+01	2.664082e+03	4.316385e+02	3.626818e+02	7.955985e+01	4.263475e+01	1.267729e+02
577	1.662345e+01	2.643154e+03	4.313676e+02	3.635053e+02	7.931294e+01	4.243151e+01	1.241465e+02
578	1.665226e+01	2.658739e+03	4.313327e+02	3.644654e+02	7.956487e+01	4.254655e+01	1.216683e+02
579	1.668107e+01	2.657679e+03	4.311604e+02	3.653494e+02	7.924542e+01	4.270103e+01	1.192051e+02
580	1.670988e+01	2.651056e+03	4.311415e+02	3.662050e+02	7.924091e+01	4.259705e+01	1.168005e+02
581	1.673869e+01	2.646550e+03	4.311100e+02	3.671156e+02	7.932032e+01	4.248208e+01	1.143991e+02
582	1.676750e+01	2.632869e+03	4.310816e+02	3.680435e+02	7.944978e+01	4.219360e+01	1.119804e+02
583	1.679631e+01	2.647528e+03	4.308630e+02	3.689055e+02	7.981584e+01	4.223393e+01	1.096694e+02
584	1.682512e+01	2.639940e+03	4.310118e+02	3.697955e+02	7.981515e+01	4.211327e+01	1.072344e+02
585	1.685393e+01	2.636372e+03	4.311017e+02	3.707250e+02	8.006171e+01	4.192682e+01	1.048112e+02
586	1.688274e+01	2.651738e+03	4.311633e+02	3.716014e+02	8.002818e+01	4.218886e+01	1.023115e+02
587	1.691155e+01	2.629317e+03	4.314738e+02	3.725083e+02	8.016862e+01	4.175885e+01	9.970592e+01
588	1.694036e+01	2.633123e+03	4.317169e+02	3.734532e+02	7.988746e+01	4.196649e+01	9.735259e+01
589	1.696917e+01	2.627070e+03	4.319090e+02	3.743463e+02	7.999814e+01	4.181209e+01	9.479482e+01
590	1.699798e+01	2.628245e+03	4.321089e+02	3.750256e+02	8.003973e+01	4.180906e+01	9.256325e+01
591	1.702679e+01	2.631469e+03	4.323753e+02	3.759604e+02	8.000317e+01	4.187947e+01	9.033638e+01
592	1.705560e+01	2.641145e+03	4.327314e+02	3.768725e+02	8.025247e+01	4.190289e+01	8.775037e+01
593	1.708441e+01	2.628236e+03	4.331151e+02	3.776407e+02	8.016862e+01	4.174170e+01	8.536650e+01
594	1.711322e+01	2.636574e+03	4.335068e+02	3.785815e+02	8.013798e+01	4.189013e+01	8.301072e+01
595	1.714203e+01	2.621310e+03	4.340258e+02	3.793541e+02	7.976902e+01	4.184025e+01	8.043518e+01
596	1.717084e+01	2.620551e+03	4.346320e+02	3.800742e+02	7.978705e+01	4.181868e+01	7.825130e+01
597	1.719965e+01	2.624441e+03	4.351022e+02	3.807084e+02	8.010078e+01	4.171673e+01	7.610286e+01
598	1.722846e+01	2.640192e+03	4.354727e+02	3.814595e+02	7.985753e+01	4.209492e+01	7.393142e+01
599	1.725727e+01	2.643146e+03	4.360734e+02	3.821540e+02	7.982382e+01	4.215982e+01	7.156914e+01
600	1.728608e+01	2.624743e+03	4.365968e+02	3.828673e+02	7.925999e+01	4.216410e+01	6.903439e+01
601	1.731489e+01	2.642194e+03	4.373817e+02	3.834722e+02	7.977863e+01	4.216851e+01	6.663704e+01
602	1.734370e+01	2.642841e+03	4.379654e+02	3.841006e+02	7.960442e+01	4.227114e+01	6.451912e+01
603	1.737252e+01	2.642435e+03	4.388172e+02	3.846172e+02	7.945045e+01	4.234656e+01	6.170646e+01
604	1.740133e+01	2.636979e+03	4.394847e+02	3.852852e+02	7.920146e+01	4.239196e+01	5.928272e+01
605	1.743014e+01	2.642376e+03	4.400811e+02	3.858494e+02	7.907258e+01	4.254797e+01	5.695778e+01
606	1.745895e+01	2.641585e+03	4.409737e+02	3.863093e+02	7.950489e+01	4.230395e+01	5.429140e+01
607	1.748776e+01	2.632342e+03	4.417477e+02	3.868849e+02	7.888206e+01	4.248877e+01	5.206893e+01
608	1.751657e+01	2.646508e+03	4.424450e+02	3.873762e+02	7.918008e+01	4.255665e+01	4.949734e+01
609	1.754538e+01	2.628819e+03	4.432065e+02	3.878330e+02	7.888985e+01	4.242772e+01	4.727996e+01
610	1.757419e+01	2.629402e+03	4.442143e+02	3.880965e+02	7.873418e+01	4.252104e+01	4.437037e+01
611	1.760300e+01	2.635528e+03	4.449071e+02	3.885899e+02	7.873191e+01	4.262133e+01	4.172687e+01
612	1.763181e+01	2.635106e+03	4.458051e+02	3.889182e+02	7.858936e+01	4.269180e+01	3.956802e+01
613	1.766062e+01	2.644042e+03	4.466275e+02	3.892208e+02	7.878857e+01	4.272827e+01	3.706688e+01
614	1.768943e+01	2.629435e+03	4.475233e+02	3.894233e+02	7.852052e+01	4.263726e+01	3.468375e+01
615	1.771824e+01	2.636455e+03	4.484343e+02	3.897409e+02	7.882410e+01	4.258644e+01	3.214321e+01
616	1.774705e+01	2.638421e+03	4.491541e+02	3.898747e+02	7.869422e+01	4.268855e+01	2.987231e+01
617	1.777586e+01	2.646953e+03	4.500901e+02	3.901853e+02	7.877850e+01	4.278077e+01	2.714836e+01
618	1.780467e+01	2.645233e+03	4.509416e+02	3.903230e+02	7.886729e+01	4.270485e+01	2.423681e+01
619	1.783348e+01	2.646248e+03	4.519060e+02	3.902927e+02	7.869553e+01	4.281448e+01	2.231141e+01
620	1.786229e+01	2.652645e+03	4.528152e+02	3.902681e+02	7.894142e+01	4.278428e+01	1.956225e+01
621	1.789110e+01	2.650725e+03	4.536794e+02	3.904536e+02	7.899088e+01	4.272655e+01	1.716597e+01
622	1.791991e+01	2.638070e+03	4.545410e+02	3.903589e+02	7.883675e+01	4.260571e+01	1.433320e+01
623	1.794872e+01	2.653992e+03	4.554505e+02	3.903654e+02	7.886582e+01	4.284705e+01	1.222713e+01
624	1.797753e+01	2.639934e+03	4.561693e+02	3.903898e+02	7.869106e+01	4.271473e+01	9.660446e+00
625	1.800634e+01	2.637336e+03	4.571649e+02	3.901214e+02	7.874986e+01	4.264084e+01	7.340307e+00
626	1.803515e+01	2.644939e+03	4.578832e+02	3.901959e+02	7.868803e+01	4.279737e+01	5.034736e+00
627	1.806396e+01	2.632600e+03	4.586547e+02	3.899938e+02	7.853865e+01	4.267874e+01	2.707128e+00
628	1.809277e+01	2.640606e+03	4.594207e+02	3.896485e+02	7.869768e+01	4.272202e+01	1.799005e+02
629	1.812158e+01	2.654704e+03	4.602816e+02	3.893170e+02	7.852956e+01	4.304205e+01	1.776774e+02
630	1.815039e+01	2.638743e+03	4.611577e+02	3.892000e+02	7.858992e+01	4.275042e+01	1.747943e+02
631	1.817920e+01	2.644283e+03	4.620213e+02	3.887627e+02	7.873863e+01	4.275925e+01	1.724828e+02
632	1.820801e+01	2.697120e+03	4.625059e+02	3.889520e+02	7.840923e+01	4.379689e+01	1.717758e+02
633	1.823682e+01	2.646394e+03	4.635629e+02	3.881418e+02	7.886354e+01	4.272562e+01	1.684417e+02
634	1.826563e+01	2.625156e+03	4.642668e+02	3.879495e+02	7.880099e+01	4.241638e+01	1.658842e+02
635	1.829444e+01	2.633915e+03	4.649416e+02	3.873128e+02	7.878189e+01	4.256822e+01	1.640654e+02
636	1.832325e+01	2.651425e+03	4.656592e+02	3.868848e+02	7.902256e+01	4.272070e+01	1.612640e+02
637	1.835206e+01	2.644532e+03	4.664134e+02	3.864360e+02	7.912413e+01	4.255495e+01	1.591204e+02
638	1.838087e+01	2.655334e+03	4.668413e+02	3.858155e+02	7.876072e+01	4.292591e+01	1.561023e+02
639	1.840968e+01	2.632188e+03	4.676326e+02	3.852546e+02	7.880939e+01	4.252546e+01	1.542150e+02
640	1.843849e+01	2.637654e+03	4.683634e+02	3.848124e+02	7.897507e+01	4.252438e+01	1.517879e+02
641	1.846730e+01	2.643103e+03	4.689173e+02	3.840930e+02	7.929288e+01	4.244142e+01	1.494375e+02
642	1.849611e+01	2.632051e+03	4.694747e+02	3.833912e+02	7.902791e+01	4.240567e+01	1.470782e+02
643	1.852492e+01	2.630260e+03	4.700088e+02	3.827570e+02	7.880935e+01	4.249433e+01	1.452224e+02
644	1.855373e+01	2.641336e+03	4.704576e+02	3.822003e+02	7.934761e+01	4.238380e+01	1.424020e+02
645	1.858254e+01	2.645370e+03	4.709620e+02	3.814232e+02	7.936563e+01	4.243889e+01	1.403525e+02
646	1.861135e+01	2.650342e+03	4.713075e+02	3.805105e+02	7.938351e+01	4.250908e+01	1.377751e+02
647	1.864016e+01	2.625820e+03	4.715426e+02	3.797209e+02	7.906122e+01	4.228745e+01	1.355566e+02
648	1.866897e+01	2.638094e+03	4.720291e+02	3.790070e+02	7.900449e+01	4.251563e+01	1.331008e+02
649	1.869778e+01	2.627363e+03	4.723218e+02	3.781824e+02	7.912041e+01	4.228065e+01	1.304848e+02
650	1.872659e+01	2.630302e+03	4.725593e+02	3.772998e+02	7.902884e+01	4.237700e+01	1.284428e+02
651	1.875540e+01	2.635742e+03	4.729378e+02	3.765730e+02	7.928911e+01	4.232524e+01	1.255538e+02
652	1.878421e+01	2.625891e+03	4.731595e+02	3.759068e+02	7.911759e+01	4.225847e+01	1.237341e+02
653	1.881302e+01	2.626015e+03	4.733042e+02	3.751944e+02	7.944212e+01	4.208782e+01	1.210707e+02
654	1.884183e+01	2.624391e+03	4.734328e+02	3.741350e+02	7.948919e+01	4.203688e+01	1.192016e+02
655	1.887064e+01	2.622190e+03	4.738593e+02	3.734244e+02	7.936219e+01	4.206885e+01	1.168139e+02
656	1.889945e+01	2.621397e+03	4.740094e+02	3.726316e+02	7.957390e+01	4.194423e+01	1.145497e+02
657	1.892826e+01	2.634054e+03	4.739200e+02	3.718514e+02	7.976142e+01	4.204767e+01	1.122892e+02
658	1.895707e+01	2.622993e+03	4.738995e+02	3.692761e+02	7.990743e+01	4.179460e+01	1.057061e+02
659	1.898588e+01	2.626700e+03	4.740702e+02	3.684629e+02	8.011120e+01	4.174720e+01	1.033438e+02
660	1.901469e+01	2.626770e+03	4.737799e+02	3.675693e+02	7.993550e+01	4.184008e+01	1.012270e+02
661	1.904350e+01	2.622173e+03	4.738352e+02	3.668070e+02	8.001556e+01	4.172507e+01	9.896625e+01
662	1.907231e+01	2.634565e+03	4.739978e+02	3.662638e+02	8.023932e+01	4.180534e+01	9.768484e+01
663	1.910112e+01	2.626954e+03	4.740893e+02	3.655936e+02	8.001572e+01	4.180105e+01	9.644608e+01
664	1.912993e+01	2.634211e+03	4.740192e+02	3.646501e+02	8.024007e+01	4.179933e+01	9.418037e+01
665	1.915874e+01	2.626207e+03	4.737211e+02	3.638936e+02	7.997305e+01	4.181147e+01	9.201765e+01
666	1.918755e+01	2.615118e+03	4.734728e+02	3.630912e+02	7.982745e+01	4.171087e+01	9.003932e+01
667	1.921636e+01	2.628238e+03	4.730873e+02	3.623266e+02	7.995746e+01	4.185196e+01	8.729360e+01
668	1.924517e+01	2.636627e+03	4.728532e+02	3.614145e+02	7.995750e+01	4.198552e+01	8.482930e+01
669	1.927398e+01	2.631254e+03	4.724998e+02	3.606498e+02	8.005016e+01	4.185147e+01	8.275166e+01
670	1.930279e+01	2.633314e+03	4.720498e+02	3.598357e+02	7.978820e+01	4.202174e+01	8.004555e+01
671	1.933160e+01	2.624884e+03	4.715489e+02	3.591407e+02	7.974434e+01	4.191026e+01	7.814819e+01
672	1.936041e+01	2.623587e+03	4.710233e+02	3.584820e+02	8.008504e+01	4.171135e+01	7.583212e+01
673	1.938923e+01	2.637091e+03	4.705312e+02	3.577561e+02	7.985722e+01	4.204564e+01	7.377755e+01
674	1.941804e+01	2.631449e+03	4.698488e+02	3.572234e+02	7.934235e+01	4.222794e+01	7.156974e+01
675	1.944685e+01	2.632241e+03	4.693695e+02	3.564906e+02	7.955392e+01	4.212832e+01	6.911487e+01
676	1.947566e+01	2.631404e+03	4.688522e+02	3.558736e+02	7.984782e+01	4.195992e+01	6.662292e+01
677	1.950447e+01	2.636139e+03	4.681027e+02	3.552575e+02	7.948426e+01	4.222769e+01	6.450602e+01
678	1.953328e+01	2.629150e+03	4.675676e+02	3.546446e+02	7.938465e+01	4.216857e+01	6.246778e+01
679	1.956209e+01	2.645176e+03	4.669938e+02	3.539686e+02	7.955535e+01	4.233458e+01	5.987299e+01
680	1.959090e+01	2.647407e+03	4.663609e+02	3.534448e+02	7.949951e+01	4.240005e+01	5.765355e+01
681	1.961971e+01	2.643845e+03	4.655464e+02	3.530323e+02	7.914909e+01	4.253047e+01	5.509333e+01
682	1.964852e+01	2.640928e+03	4.649382e+02	3.524446e+02	7.939758e+01	4.235059e+01	5.263674e+01
683	1.967733e+01	2.643342e+03	4.641719e+02	3.519937e+02	7.887522e+01	4.267003e+01	5.033844e+01
684	1.970614e+01	2.649157e+03	4.634282e+02	3.515615e+02	7.904922e+01	4.266975e+01	4.818382e+01
685	1.973495e+01	2.638201e+03	4.626667e+02	3.512008e+02	7.865228e+01	4.270775e+01	4.545835e+01
686	1.976376e+01	2.663018e+03	4.617522e+02	3.508903e+02	7.947108e+01	4.266533e+01	4.347379e+01
687	1.979257e+01	2.654511e+03	4.609332e+02	3.504833e+02	7.912146e+01	4.271696e+01	4.063472e+01
688	1.982138e+01	2.668802e+03	4.601118e+02	3.502157e+02	7.929626e+01	4.285227e+01	3.838517e+01
689	1.985019e+01	2.664239e+03	4.592997e+02	3.499296e+02	7.943752e+01	4.270292e+01	3.577602e+01
690	1.987900e+01	2.670847e+03	4.583947e+02	3.498293e+02	7.957285e+01	4.273603e+01	3.326954e+01
691	1.990781e+01	2.676617e+03	4.575428e+02	3.496567e+02	7.960716e+01	4.280991e+01	3.083236e+01
692	1.993662e+01	2.667188e+03	4.567360e+02	3.495394e+02	7.930985e+01	4.281902e+01	2.844716e+01
693	1.996543e+01	2.678679e+03	4.559310e+02	3.493407e+02	7.954462e+01	4.287656e+01	2.594687e+01
694	1.999424e+01	2.662913e+03	4.550190e+02	3.492538e+02	7.917003e+01	4.282588e+01	2.307692e+01
695	2.002305e+01	2.683235e+03	4.542143e+02	3.493274e+02	7.934294e+01	4.305865e+01	2.124831e+01
696	2.005186e+01	2.671347e+03	4.533437e+02	3.493116e+02	7.911920e+01	4.298911e+01	1.837004e+01
697	2.008067e+01	2.681003e+03	4.525269e+02	3.494369e+02	7.917464e+01	4.311430e+01	1.632333e+01
698	2.010948e+01	2.672396e+03	4.517088e+02	3.496687e+02	7.902954e+01	4.305480e+01	1.401354e+01
699	2.013829e+01	2.663743e+03	4.508581e+02	3.497197e+02	7.898640e+01	4.293882e+01	1.128027e+01
700	2.016710e+01	2.673040e+03	4.500433e+02	3.499987e+02	7.904241e+01	4.305816e+01	8.905989e+00
701	2.019591e+01	2.684142e+03	4.492660e+02	3.500091e+02	7.888490e+01	4.332331e+01	6.672375e+00
702	2.022472e+01	2.673072e+03	4.485104e+02	3.503522e+02	7.915176e+01	4.299919e+01	4.206316e+00
703	2.025353e+01	2.678822e+03	4.476426e+02	3.505698e+02	7.926859e+01	4.302817e+01	1.547772e+00
704	2.028234e+01	2.680437e+03	4.468132e+02	3.509287e+02	7.920340e+01	4.308955e+01	1.795016e+02
705	2.031115e+01	2.682088e+03	4.460240e+02	3.513852e+02	7.907324e+01	4.318706e+01	1.767111e+02
706	2.033996e+01	2.683483e+03	4.453363e+02	3.517067e+02	7.945759e+01	4.300050e+01	1.744529e+02
707	2.036877e+01	2.671804e+03	4.444730e+02	3.520538e+02	7.938443e+01	4.285281e+01	1.719968e+02
708	2.039758e+01	2.668962e+03	4.439236e+02	3.526071e+02	7.915623e+01	4.293064e+01	1.697059e+02
709	2.042639e+01	2.677508e+03	4.432188e+02	3.531330e+02	7.915925e+01	4.306646e+01	1.671307e+02
710	2.045520e+01	2.671312e+03	4.425734e+02	3.535932e+02	7.929271e+01	4.289449e+01	1.651301e+02
711	2.048401e+01	2.667789e+03	4.418440e+02	3.541645e+02	7.917849e+01	4.289970e+01	1.623070e+02
712	2.051282e+01	2.658649e+03	4.411133e+02	3.546963e+02	7.887910e+01	4.291500e+01	1.600070e+02
713	2.054163e+01	2.666963e+03	4.405861e+02	3.554243e+02	7.921759e+01	4.286526e+01	1.576173e+02
714	2.057044e+01	2.673456e+03	4.399183e+02	3.560183e+02	7.949485e+01	4.281975e+01	1.548241e+02
715	2.059925e+01	2.687468e+03	4.393033e+02	3.566262e+02	7.957979e+01	4.299823e+01	1.526880e+02
716	2.062806e+01	2.674093e+03	4.388071e+02	3.571634e+02	7.939163e+01	4.288564e+01	1.501252e+02
717	2.065687e+01	2.670956e+03	4.383400e+02	3.580359e+02	7.937818e+01	4.284258e+01	1.482282e+02
718	2.068568e+01	2.674808e+03	4.378085e+02	3.587853e+02	7.935599e+01	4.291637e+01	1.456367e+02
719	2.071449e+01	2.664018e+03	4.373145e+02	3.595468e+02	7.909529e+01	4.288413e+01	1.431231e+02
720	2.074330e+01	2.663233e+03	4.369485e+02	3.604153e+02	7.910472e+01	4.286639e+01	1.406568e+02
721	2.077211e+01	2.672365e+03	4.365497e+02	3.611959e+02	7.934171e+01	4.288489e+01	1.381308e+02
722	2.080092e+01	2.689813e+03	4.360619e+02	3.621353e+02	7.895643e+01	4.337553e+01	1.354842e+02
723	2.082973e+01	2.660093e+03	4.356837e+02	3.628273e+02	7.941346e+01	4.264939e+01	1.331748e+02
724	2.085854e+01	2.674261e+03	4.353387e+02	3.635503e+02	7.960073e+01	4.277568e+01	1.307091e+02
725	2.088735e+01	2.665897e+03	4.351367e+02	3.643643e+02	7.922717e+01	4.284296e+01	1.286219e+02
726	2.091616e+01	2.669917e+03	4.349745e+02	3.654626e+02	7.954512e+01	4.273605e+01	1.260852e+02
727	2.094497e+01	2.651330e+03	4.346179e+02	3.662157e+02	7.938612e+01	4.252353e+01	1.234933e+02
728	2.097378e+01	2.661671e+03	4.343202e+02	3.669727e+02	7.956487e+01	4.259348e+01	1.213184e+02
729	2.100259e+01	2.656177e+03	4.343678e+02	3.679007e+02	7.980358e+01	4.237841e+01	1.185121e+02
730	2.103140e+01	2.643474e+03	4.341917e+02	3.688227e+02	7.970301e+01	4.222896e+01	1.164057e+02
731	2.106021e+01	2.639931e+03	4.343844e+02	3.697829e+02	7.959719e+01	4.222844e+01	1.140331e+02
732	2.108902e+01	2.643205e+03	4.343111e+02	3.705606e+02	7.965270e+01	4.225134e+01	1.117936e+02
733	2.111783e+01	2.643735e+03	4.344312e+02	3.714577e+02	7.991732e+01	4.211988e+01	1.090088e+02
734	2.114664e+01	2.641299e+03	4.343833e+02	3.724584e+02	7.969846e+01	4.219663e+01	1.065181e+02
735	2.117545e+01	2.643000e+03	4.344858e+02	3.733830e+02	7.975684e+01	4.219290e+01	1.043111e+02
736	2.120426e+01	2.633342e+03	4.345479e+02	3.741748e+02	7.964255e+01	4.209904e+01	1.018899e+02
737	2.123307e+01	2.636516e+03	4.346220e+02	3.751108e+02	7.986752e+01	4.203106e+01	9.914317e+01
738	2.126188e+01	2.622198e+03	4.349218e+02	3.758821e+02	7.963281e+01	4.192601e+01	9.699585e+01
739	2.129069e+01	2.632977e+03	4.350343e+02	3.767065e+02	8.019437e+01	4.180357e+01	9.434158e+01
740	2.131950e+01	2.621293e+03	4.354682e+02	3.776028e+02	7.972160e+01	4.186486e+01	9.246429e+01
741	2.134831e+01	2.622214e+03	4.356642e+02	3.784844e+02	8.000690e+01	4.173023e+01	9.009580e+01
742	2.137712e+01	2.632048e+03	4.360539e+02	3.793539e+02	8.030888e+01	4.172923e+01	8.799243e+01
743	2.140593e+01	2.622733e+03	4.366078e+02	3.802087e+02	8.027619e+01	4.159848e+01	8.538827e+01
744	2.143475e+01	2.625262e+03	4.370036e+02	3.809959e+02	8.011169e+01	4.172409e+01	8.322932e+01
745	2.146356e+01	2.623840e+03	4.374827e+02	3.817074e+02	8.003050e+01	4.174380e+01	8.097372e+01
746	2.149237e+01	2.625840e+03	4.378762e+02	3.824961e+02	8.010345e+01	4.173757e+01	7.850744e+01
747	2.152118e+01	2.625301e+03	4.384455e+02	3.833503e+02	7.955508e+01	4.201663e+01	7.607312e+01
748	2.154999e+01	2.625630e+03	4.389650e+02	3.840428e+02	7.954491e+01	4.202727e+01	7.369090e+01
749	2.157880e+01	2.637289e+03	4.396115e+02	3.848100e+02	7.943155e+01	4.227414e+01	7.157911e+01
750	2.160761e+01	2.642528e+03	4.401940e+02	3.854449e+02	7.942486e+01	4.236169e+01	6.889164e+01
751	2.163642e+01	2.639328e+03	4.408238e+02	3.862129e+02	7.961886e+01	4.220730e+01	6.675235e+01
752	2.166523e+01	2.646711e+03	4.412625e+02	3.867471e+02	7.935866e+01	4.246414e+01	6.469534e+01
753	2.169404e+01	2.629352e+03	4.419826e+02	3.875542e+02	7.949498e+01	4.211329e+01	6.183309e+01
754	2.172285e+01	2.646679e+03	4.426671e+02	3.881341e+02	7.944143e+01	4.241939e+01	5.948390e+01
755	2.175166e+01	2.648307e+03	4.433983e+02	3.885088e+02	7.968333e+01	4.231663e+01	5.705281e+01
756	2.178047e+01	2.637576e+03	4.441492e+02	3.889730e+02	7.909321e+01	4.245960e+01	5.462031e+01
757	2.180928e+01	2.638921e+03	4.449835e+02	3.894930e+02	7.912855e+01	4.246228e+01	5.226053e+01
758	2.183809e+01	2.647550e+03	4.456739e+02	3.899576e+02	7.919051e+01	4.256779e+01	5.000417e+01
759	2.186690e+01	2.646391e+03	4.464936e+02	3.903456e+02	7.909277e+01	4.260175e+01	4.743177e+01
760	2.189571e+01	2.640434e+03	4.474108e+02	3.907527e+02	7.882700e+01	4.264915e+01	4.465919e+01
761	2.192452e+01	2.635983e+03	4.482018e+02	3.912266e+02	7.861025e+01	4.269466e+01	4.265095e+01
762	2.195333e+01	2.630416e+03	4.490515e+02	3.915751e+02	7.854688e+01	4.263887e+01	4.002584e+01
763	2.198214e+01	2.643513e+03	4.497996e+02	3.918293e+02	7.882488e+01	4.270004e+01	3.746993e+01
764	2.201095e+01	2.647562e+03	4.507573e+02	3.920752e+02	7.876914e+01	4.279570e+01	3.492435e+01
765	2.203976e+01	2.641206e+03	4.516459e+02	3.922146e+02	7.863504e+01	4.276577e+01	3.208620e+01
766	2.206857e+01	2.643754e+03	4.533499e+02	3.926512e+02	7.890002e+01	4.266327e+01	2.722437e+01
767	2.209738e+01	2.645997e+03	4.543017e+02	3.926257e+02	7.867830e+01	4.281978e+01	2.488163e+01
768	2.212619e+01	2.644963e+03	4.551092e+02	3.928811e+02	7.874990e+01	4.276413e+01	2.295230e+01
769	2.215500e+01	2.641595e+03	4.559845e+02	3.927111e+02	7.859091e+01	4.279608e+01	1.994276e+01
770	2.218381e+01	2.650424e+03	4.567321e+02	3.928882e+02	7.891117e+01	4.276485e+01	1.742166e+01
771	2.221262e+01	2.648878e+03	4.576951e+02	3.928016e+02	7.923013e+01	4.256784e+01	1.483480e+01
772	2.224143e+01	2.651427e+03	4.585150e+02	3.926792e+02	7.862659e+01	4.293587e+01	1.250588e+01
773	2.227024e+01	2.658144e+03	4.593683e+02	3.925622e+02	7.857789e+01	4.307133e+01	1.050948e+01
774	2.229905e+01	2.638130e+03	4.601937e+02	3.924526e+02	7.850850e+01	4.278481e+01	7.609998e+00
775	2.232786e+01	2.661467e+03	4.610993e+02	3.923240e+02	7.882343e+01	4.299084e+01	5.376747e+00
776	2.235667e+01	2.662003e+03	4.618824e+02	3.922639e+02	7.898105e+01	4.291368e+01	3.117620e+00
777	2.238548e+01	2.631879e+03	4.628327e+02	3.920127e+02	7.857352e+01	4.264811e+01	2.989778e-01
778	2.241429e+01	2.651558e+03	4.635253e+02	3.915466e+02	7.889087e+01	4.279416e+01	1.777768e+02
779	2.244310e+01	2.645652e+03	4.643661e+02	3.914904e+02	7.868457e+01	4.281080e+01	1.751850e+02
780	2.247191e+01	2.649732e+03	4.652989e+02	3.911651e+02	7.899179e+01	4.271006e+01	1.731696e+02
781	2.250072e+01	2.645663e+03	4.659250e+02	3.906728e+02	7.899783e+01	4.264120e+01	1.705637e+02
782	2.252953e+01	2.636939e+03	4.666888e+02	3.903823e+02	7.904741e+01	4.247394e+01	1.679657e+02
783	2.255834e+01	2.640067e+03	4.674455e+02	3.898906e+02	7.910438e+01	4.249371e+01	1.660597e+02
784	2.258715e+01	2.645044e+03	4.681763e+02	3.895468e+02	7.897215e+01	4.264509e+01	1.631246e+02
785	2.261596e+01	2.647101e+03	4.688333e+02	3.887559e+02	7.894044e+01	4.269540e+01	1.608916e+02
786	2.264477e+01	2.644549e+03	4.694419e+02	3.882307e+02	7.905653e+01	4.259159e+01	1.590255e+02
787	2.267358e+01	2.646297e+03	4.701653e+02	3.878862e+02	7.899833e+01	4.265115e+01	1.564071e+02
788	2.270239e+01	2.640169e+03	4.706936e+02	3.870928e+02	7.919412e+01	4.244718e+01	1.544021e+02
789	2.273120e+01	2.639006e+03	4.713405e+02	3.866044e+02	7.896776e+01	4.255011e+01	1.514581e+02
790	2.276001e+01	2.631386e+03	4.719951e+02	3.859291e+02	7.870461e+01	4.256911e+01	1.491183e+02
791	2.278882e+01	2.636045e+03	4.724721e+02	3.851416e+02	7.922108e+01	4.236646e+01	1.469338e+02
792	2.281763e+01	2.639217e+03	4.729554e+02	3.844786e+02	7.901007e+01	4.253072e+01	1.446631e+02
793	2.284644e+01	2.647742e+03	4.733964e+02	3.838893e+02	7.919309e+01	4.256948e+01	1.423909e+02
794	2.287525e+01	2.640634e+03	4.738323e+02	3.832409e+02	7.903152e+01	4.254200e+01	1.401935e+02
795	2.290406e+01	2.632140e+03	4.741615e+02	3.825371e+02	7.909033e+01	4.237363e+01	1.380252e+02
796	2.293287e+01	2.629954e+03	4.746554e+02	3.818569e+02	7.883045e+01	4.247803e+01	1.350642e+02
797	2.296168e+01	2.637725e+03	4.749053e+02	3.810152e+02	7.898331e+01	4.252108e+01	1.328794e+02
798	2.299049e+01	2.632319e+03	4.751557e+02	3.802154e+02	7.870706e+01	4.258286e+01	1.306160e+02
799	2.301930e+01	2.635842e+03	4.757356e+02	3.795349e+02	7.917281e+01	4.238902e+01	1.282656e+02
