1	2.878526e-02	2.627191e+03	3.808842e+02	4.064369e+02	7.899904e+01	4.234284e+01	4.260883e+01
2	5.757052e-02	2.616904e+03	3.793963e+02	4.066728e+02	7.911391e+01	4.211581e+01	4.607611e+01
3	8.635579e-02	2.618329e+03	3.781755e+02	4.068273e+02	7.890117e+01	4.225235e+01	4.959557e+01
4	1.151410e-01	2.628346e+03	3.769510e+02	4.069643e+02	7.938939e+01	4.215316e+01	5.341063e+01
5	1.439263e-01	2.604546e+03	3.758484e+02	4.067908e+02	7.915829e+01	4.189341e+01	5.707463e+01
6	1.727116e-01	2.616990e+03	3.746476e+02	4.065335e+02	7.913842e+01	4.210414e+01	6.064560e+01
7	2.014968e-01	2.608922e+03	3.731999e+02	4.064203e+02	7.942686e+01	4.182190e+01	6.466129e+01
8	2.302821e-01	2.615407e+03	3.722620e+02	4.059352e+02	7.941563e+01	4.193180e+01	6.751812e+01
9	2.590674e-01	2.596792e+03	3.710855e+02	4.055522e+02	7.937405e+01	4.165516e+01	7.137196e+01
10	2.878526e-01	2.605001e+03	3.700981e+02	4.050883e+02	7.942721e+01	4.175887e+01	7.482880e+01
11	3.166379e-01	2.605763e+03	3.689059e+02	4.046233e+02	7.984077e+01	4.155471e+01	7.811228e+01
12	3.454231e-01	2.615861e+03	3.678851e+02	4.041151e+02	7.976753e+01	4.175405e+01	8.140652e+01
13	3.742084e-01	2.635538e+03	3.668965e+02	4.036180e+02	7.990144e+01	4.199763e+01	8.437107e+01
14	4.029937e-01	2.634068e+03	3.658986e+02	4.029344e+02	8.008898e+01	4.187592e+01	8.694548e+01
15	4.317789e-01	2.624929e+03	3.648741e+02	4.021945e+02	7.997940e+01	4.178781e+01	9.009993e+01
16	4.605642e-01	2.621714e+03	3.641655e+02	4.014236e+02	7.996421e+01	4.174454e+01	9.344324e+01
17	4.893495e-01	2.620179e+03	3.631872e+02	4.006252e+02	7.976686e+01	4.182332e+01	9.703055e+01
18	5.181347e-01	2.626311e+03	3.624576e+02	3.995711e+02	7.988093e+01	4.186134e+01	9.984231e+01
19	5.469200e-01	2.625704e+03	3.614600e+02	3.986364e+02	7.962579e+01	4.198577e+01	1.027624e+02
20	5.757052e-01	2.628530e+03	3.605908e+02	3.975574e+02	7.956258e+01	4.206435e+01	1.054803e+02
21	6.044905e-01	2.632587e+03	3.595612e+02	3.963917e+02	7.979095e+01	4.200870e+01	1.075830e+02
22	6.332758e-01	2.637387e+03	3.587738e+02	3.950390e+02	7.950480e+01	4.223677e+01	1.100877e+02
23	6.620610e-01	2.638769e+03	3.578336e+02	3.938445e+02	7.959473e+01	4.221114e+01	1.126718e+02
24	6.908463e-01	2.661745e+03	3.571138e+02	3.927277e+02	7.986099e+01	4.243673e+01	1.149083e+02
25	7.196315e-01	2.651148e+03	3.563376e+02	3.914443e+02	7.977328e+01	4.231425e+01	1.176254e+02
26	7.484168e-01	2.652072e+03	3.553904e+02	3.902614e+02	7.947338e+01	4.248872e+01	1.196726e+02
27	7.772021e-01	2.645110e+03	3.548784e+02	3.890825e+02	7.931692e+01	4.246079e+01	1.222509e+02
28	8.059873e-01	2.646780e+03	3.543836e+02	3.876089e+02	7.936396e+01	4.246242e+01	1.248205e+02
29	8.347726e-01	2.645867e+03	3.540711e+02	3.862058e+02	7.962859e+01	4.230670e+01	1.277717e+02
30	8.635579e-01	2.662310e+03	3.535872e+02	3.846243e+02	7.973135e+01	4.251475e+01	1.304581e+02
31	8.923431e-01	2.646035e+03	3.532850e+02	3.831178e+02	7.926482e+01	4.250356e+01	1.329572e+02
32	9.211284e-01	2.659348e+03	3.531481e+02	3.815160e+02	7.915723e+01	4.277547e+01	1.362793e+02
33	9.499136e-01	2.651544e+03	3.530864e+02	3.802153e+02	7.860139e+01	4.295153e+01	1.387328e+02
34	9.786989e-01	2.656192e+03	3.530042e+02	3.786893e+02	7.896297e+01	4.282981e+01	1.414405e+02
35	1.007484e+00	2.665522e+03	3.527552e+02	3.770847e+02	7.895741e+01	4.298327e+01	1.436368e+02
36	1.036269e+00	2.649678e+03	3.527066e+02	3.755372e+02	7.865523e+01	4.289194e+01	1.463746e+02
37	1.065055e+00	2.653399e+03	3.527733e+02	3.738048e+02	7.870992e+01	4.292232e+01	1.490438e+02
38	1.093840e+00	2.674613e+03	3.527642e+02	3.721904e+02	7.902980e+01	4.309037e+01	1.510833e+02
39	1.122625e+00	2.671796e+03	3.528908e+02	3.708053e+02	7.921419e+01	4.294479e+01	1.538479e+02
40	1.151410e+00	2.655986e+03	3.531084e+02	3.693511e+02	7.859846e+01	4.302509e+01	1.562939e+02
41	1.180196e+00	2.655477e+03	3.534617e+02	3.679103e+02	7.887670e+01	4.286510e+01	1.588756e+02
42	1.208981e+00	2.662148e+03	3.536887e+02	3.662153e+02	7.886362e+01	4.297991e+01	1.618839e+02
43	1.237766e+00	2.664249e+03	3.541042e+02	3.648027e+02	7.877265e+01	4.306351e+01	1.644187e+02
44	1.266552e+00	2.658033e+03	3.545496e+02	3.637200e+02	7.861024e+01	4.305180e+01	1.667079e+02
45	1.295337e+00	2.670810e+03	3.548474e+02	3.621123e+02	7.878823e+01	4.316102e+01	1.690863e+02
46	1.324122e+00	2.674788e+03	3.553265e+02	3.606881e+02	7.879561e+01	4.322127e+01	1.715723e+02
47	1.352907e+00	2.658801e+03	3.559914e+02	3.594675e+02	7.878730e+01	4.296746e+01	1.742045e+02
48	1.381693e+00	2.644771e+03	3.566058e+02	3.581790e+02	7.854568e+01	4.287222e+01	1.766778e+02
49	1.410478e+00	2.655324e+03	3.575338e+02	3.568327e+02	7.869336e+01	4.296250e+01	1.795510e+02
50	1.439263e+00	2.663389e+03	3.584064e+02	3.553787e+02	7.887960e+01	4.299125e+01	2.278968e+00
51	1.468048e+00	2.663672e+03	3.591849e+02	3.540151e+02	7.881766e+01	4.302961e+01	5.459753e+00
52	1.496834e+00	2.646147e+03	3.601779e+02	3.530820e+02	7.848037e+01	4.293021e+01	7.693321e+00
53	1.525619e+00	2.650347e+03	3.609966e+02	3.518829e+02	7.875201e+01	4.285003e+01	1.018716e+01
54	1.554404e+00	2.649221e+03	3.620247e+02	3.507422e+02	7.890034e+01	4.275132e+01	1.333358e+01
55	1.583189e+00	2.654933e+03	3.629632e+02	3.496946e+02	7.931982e+01	4.261691e+01	1.562005e+01
56	1.611975e+00	2.645754e+03	3.639009e+02	3.486232e+02	7.872714e+01	4.278930e+01	1.810982e+01
57	1.640760e+00	2.636272e+03	3.650596e+02	3.475901e+02	7.865733e+01	4.267378e+01	2.059724e+01
58	1.669545e+00	2.655786e+03	3.660864e+02	3.467787e+02	7.881955e+01	4.290118e+01	2.387197e+01
59	1.698330e+00	2.642517e+03	3.672634e+02	3.460312e+02	7.883055e+01	4.268089e+01	2.662754e+01
60	1.727116e+00	2.644536e+03	3.683558e+02	3.453981e+02	7.880988e+01	4.272469e+01	2.930221e+01
61	1.755901e+00	2.661137e+03	3.695475e+02	3.448437e+02	7.895180e+01	4.291561e+01	3.271393e+01
62	1.784686e+00	2.641463e+03	3.710301e+02	3.442071e+02	7.910233e+01	4.251727e+01	3.524265e+01
63	1.813472e+00	2.636492e+03	3.724030e+02	3.436526e+02	7.866494e+01	4.267321e+01	3.842391e+01
64	1.842257e+00	2.629394e+03	3.739140e+02	3.431043e+02	7.853255e+01	4.263008e+01	4.064843e+01
65	1.871042e+00	2.646910e+03	3.753123e+02	3.427629e+02	7.921448e+01	4.254463e+01	4.339495e+01
66	1.899827e+00	2.640807e+03	3.768969e+02	3.423825e+02	7.916308e+01	4.247409e+01	4.616771e+01
67	1.928613e+00	2.640847e+03	3.783889e+02	3.421010e+02	7.933988e+01	4.238008e+01	4.873327e+01
68	1.957398e+00	2.631526e+03	3.799468e+02	3.419078e+02	7.916452e+01	4.232405e+01	5.132547e+01
69	1.986183e+00	2.642075e+03	3.815544e+02	3.418962e+02	7.949459e+01	4.231727e+01	5.407494e+01
70	2.014968e+00	2.649561e+03	3.832750e+02	3.417459e+02	7.988691e+01	4.222877e+01	5.656803e+01
71	2.043754e+00	2.628593e+03	3.847713e+02	3.419449e+02	7.910140e+01	4.231061e+01	5.936924e+01
72	2.072539e+00	2.640091e+03	3.864381e+02	3.419338e+02	7.948769e+01	4.228917e+01	6.213784e+01
73	2.101324e+00	2.633959e+03	3.879716e+02	3.420909e+02	7.952644e+01	4.217038e+01	6.485346e+01
74	2.130109e+00	2.621258e+03	3.896001e+02	3.424315e+02	7.925702e+01	4.210970e+01	6.738719e+01
75	2.158895e+00	2.629274e+03	3.910296e+02	3.428186e+02	7.952683e+01	4.209518e+01	7.027636e+01
76	2.187680e+00	2.632965e+03	3.940727e+02	3.437283e+02	7.971964e+01	4.205232e+01	7.545976e+01
77	2.216465e+00	2.631040e+03	3.954129e+02	3.442245e+02	7.987390e+01	4.194040e+01	7.861906e+01
78	2.245250e+00	2.624287e+03	3.967984e+02	3.447669e+02	7.957162e+01	4.199168e+01	8.093216e+01
79	2.274036e+00	2.629697e+03	3.981492e+02	3.454082e+02	7.984948e+01	4.193182e+01	8.353476e+01
80	2.302821e+00	2.634542e+03	3.996452e+02	3.461378e+02	7.978041e+01	4.204544e+01	8.603883e+01
81	2.331606e+00	2.647477e+03	4.008563e+02	3.471210e+02	8.018108e+01	4.204074e+01	8.871574e+01
82	2.360391e+00	2.642692e+03	4.022834e+02	3.480617e+02	7.984341e+01	4.214223e+01	9.133820e+01
83	2.389177e+00	2.632392e+03	4.034106e+02	3.490562e+02	7.973029e+01	4.203755e+01	9.408955e+01
84	2.417962e+00	2.603740e+03	4.045712e+02	3.500880e+02	7.929483e+01	4.180834e+01	9.681094e+01
85	2.446747e+00	2.617164e+03	4.059481e+02	3.512392e+02	7.931157e+01	4.201501e+01	9.891063e+01
86	2.475533e+00	2.617057e+03	4.070411e+02	3.522750e+02	7.951093e+01	4.190796e+01	1.013402e+02
87	2.504318e+00	2.636890e+03	4.081947e+02	3.535412e+02	7.967667e+01	4.213771e+01	1.038084e+02
88	2.533103e+00	2.623405e+03	4.092821e+02	3.548518e+02	7.935197e+01	4.209377e+01	1.065173e+02
89	2.561888e+00	2.621428e+03	4.101655e+02	3.560969e+02	7.928524e+01	4.209745e+01	1.088671e+02
90	2.590674e+00	2.613554e+03	4.111252e+02	3.575010e+02	7.880206e+01	4.222834e+01	1.115215e+02
91	2.619459e+00	2.615513e+03	4.121195e+02	3.590370e+02	7.894036e+01	4.218595e+01	1.143301e+02
92	2.648244e+00	2.620781e+03	4.130127e+02	3.602449e+02	7.906290e+01	4.220541e+01	1.166075e+02
93	2.677029e+00	2.631002e+03	4.136641e+02	3.617173e+02	7.911996e+01	4.233945e+01	1.195782e+02
94	2.705815e+00	2.619692e+03	4.140522e+02	3.633665e+02	7.895825e+01	4.224379e+01	1.226430e+02
95	2.734600e+00	2.643742e+03	4.147338e+02	3.649814e+02	7.945261e+01	4.236635e+01	1.251017e+02
96	2.763385e+00	2.632635e+03	4.154389e+02	3.664657e+02	7.911444e+01	4.236869e+01	1.274809e+02
97	2.792170e+00	2.632537e+03	4.160173e+02	3.680718e+02	7.878180e+01	4.254599e+01	1.298729e+02
98	2.820956e+00	2.624140e+03	4.163042e+02	3.696945e+02	7.893611e+01	4.232738e+01	1.323901e+02
99	2.849741e+00	2.640245e+03	4.166601e+02	3.715255e+02	7.924061e+01	4.242351e+01	1.349605e+02
100	2.878526e+00	2.624997e+03	4.169604e+02	3.731222e+02	7.868726e+01	4.247511e+01	1.373398e+02
101	2.907311e+00	2.638741e+03	4.171270e+02	3.747515e+02	7.907348e+01	4.248896e+01	1.404861e+02
102	2.936097e+00	2.631765e+03	4.173642e+02	3.764550e+02	7.880106e+01	4.252312e+01	1.428298e+02
103	2.964882e+00	2.643754e+03	4.174084e+02	3.781065e+02	7.929366e+01	4.245147e+01	1.459482e+02
104	2.993667e+00	2.655027e+03	4.174349e+02	3.798532e+02	7.923601e+01	4.266350e+01	1.482098e+02
105	3.022453e+00	2.629874e+03	4.175624e+02	3.814932e+02	7.920451e+01	4.227612e+01	1.508096e+02
106	3.051238e+00	2.634698e+03	4.175050e+02	3.831339e+02	7.909632e+01	4.241159e+01	1.536122e+02
107	3.080023e+00	2.631891e+03	4.173679e+02	3.848627e+02	7.884428e+01	4.250185e+01	1.558851e+02
108	3.108808e+00	2.636995e+03	4.170058e+02	3.864087e+02	7.885962e+01	4.257600e+01	1.584685e+02
109	3.137594e+00	2.640732e+03	4.167305e+02	3.880200e+02	7.884808e+01	4.264256e+01	1.608953e+02
110	3.166379e+00	2.628819e+03	4.162841e+02	3.896336e+02	7.866321e+01	4.254996e+01	1.639454e+02
111	3.195164e+00	2.655991e+03	4.157848e+02	3.911976e+02	7.889687e+01	4.286244e+01	1.663793e+02
112	3.223949e+00	2.635958e+03	4.150244e+02	3.929329e+02	7.907143e+01	4.244525e+01	1.693155e+02
113	3.252735e+00	2.635010e+03	4.144018e+02	3.940241e+02	7.902495e+01	4.245493e+01	1.722759e+02
114	3.281520e+00	2.604831e+03	4.137179e+02	3.957556e+02	7.850723e+01	4.224546e+01	1.745034e+02
115	3.310305e+00	2.639616e+03	4.131181e+02	3.971675e+02	7.858187e+01	4.276894e+01	1.776897e+02
116	3.339090e+00	2.628779e+03	4.121082e+02	3.987858e+02	7.845222e+01	4.266375e+01	1.799595e+02
117	3.367876e+00	2.638429e+03	4.111535e+02	3.999929e+02	7.867225e+01	4.270060e+01	2.694827e+00
118	3.396661e+00	2.637534e+03	4.104080e+02	4.013210e+02	7.890058e+01	4.256259e+01	5.704891e+00
119	3.425446e+00	2.611181e+03	4.092128e+02	4.027303e+02	7.838876e+01	4.241244e+01	7.832931e+00
120	3.454231e+00	2.644620e+03	4.083350e+02	4.035706e+02	7.882183e+01	4.271956e+01	1.138620e+01
121	3.483017e+00	2.631946e+03	4.070746e+02	4.049644e+02	7.840778e+01	4.273935e+01	1.410506e+01
122	3.511802e+00	2.631809e+03	4.058016e+02	4.060469e+02	7.839891e+01	4.274196e+01	1.658345e+01
123	3.540587e+00	2.627045e+03	4.048433e+02	4.067789e+02	7.856521e+01	4.257428e+01	1.951001e+01
124	3.569372e+00	2.633708e+03	4.035822e+02	4.077849e+02	7.874429e+01	4.258520e+01	2.222034e+01
125	3.598158e+00	2.647241e+03	4.022913e+02	4.086584e+02	7.882584e+01	4.275974e+01	2.552075e+01
126	3.626943e+00	2.647619e+03	4.008276e+02	4.095073e+02	7.913905e+01	4.259658e+01	2.785171e+01
127	3.655728e+00	2.631933e+03	3.994388e+02	4.102993e+02	7.882587e+01	4.251245e+01	3.069872e+01
128	3.684514e+00	2.633187e+03	3.979008e+02	4.110709e+02	7.884525e+01	4.252225e+01	3.345183e+01
129	3.713299e+00	2.618719e+03	3.963907e+02	4.118260e+02	7.875900e+01	4.233492e+01	3.580675e+01
130	3.742084e+00	2.615054e+03	3.949352e+02	4.122677e+02	7.862348e+01	4.234855e+01	3.932158e+01
131	3.770869e+00	2.623032e+03	3.934511e+02	4.125962e+02	7.874408e+01	4.241269e+01	4.216780e+01
132	3.799655e+00	2.631383e+03	3.919287e+02	4.131076e+02	7.905837e+01	4.237858e+01	4.496838e+01
133	3.828440e+00	2.626951e+03	3.903171e+02	4.134737e+02	7.895766e+01	4.236115e+01	4.755172e+01
134	3.857225e+00	2.628639e+03	3.888864e+02	4.137117e+02	7.916777e+01	4.227588e+01	5.008942e+01
135	3.886010e+00	2.614811e+03	3.871449e+02	4.141764e+02	7.902371e+01	4.213015e+01	5.301925e+01
136	3.914796e+00	2.612957e+03	3.857274e+02	4.141563e+02	7.878805e+01	4.222621e+01	5.550872e+01
137	3.943581e+00	2.611492e+03	3.841080e+02	4.141018e+02	7.918654e+01	4.199016e+01	5.842435e+01
138	3.972366e+00	2.630632e+03	3.823973e+02	4.141483e+02	7.930349e+01	4.223553e+01	6.099827e+01
139	4.001151e+00	2.639458e+03	3.809127e+02	4.142523e+02	7.985963e+01	4.208212e+01	6.338356e+01
140	4.029937e+00	2.641180e+03	3.792338e+02	4.141115e+02	7.993548e+01	4.206961e+01	6.638789e+01
141	4.058722e+00	2.630529e+03	3.778208e+02	4.138701e+02	7.975014e+01	4.199733e+01	6.824332e+01
142	4.087507e+00	2.640939e+03	3.762004e+02	4.135361e+02	8.007808e+01	4.199088e+01	7.145425e+01
143	4.116292e+00	2.629201e+03	3.748610e+02	4.130097e+02	7.993874e+01	4.187709e+01	7.384704e+01
144	4.145078e+00	2.629326e+03	3.733815e+02	4.124849e+02	7.968642e+01	4.201171e+01	7.619846e+01
145	4.173863e+00	2.624528e+03	3.717291e+02	4.119635e+02	7.961763e+01	4.197127e+01	7.871655e+01
146	4.202648e+00	2.624855e+03	3.702960e+02	4.112879e+02	7.991582e+01	4.181987e+01	8.101850e+01
147	4.231434e+00	2.621246e+03	3.687656e+02	4.107351e+02	7.975299e+01	4.184763e+01	8.356037e+01
148	4.260219e+00	2.612537e+03	3.675927e+02	4.098797e+02	7.974128e+01	4.171473e+01	8.616001e+01
149	4.289004e+00	2.624796e+03	3.662900e+02	4.090467e+02	7.991361e+01	4.182009e+01	8.933890e+01
150	4.317789e+00	2.623020e+03	3.649840e+02	4.081266e+02	7.970573e+01	4.190079e+01	9.111006e+01
151	4.346575e+00	2.628381e+03	3.637134e+02	4.073597e+02	8.032835e+01	4.166099e+01	9.355210e+01
152	4.375360e+00	2.623240e+03	3.626377e+02	4.063706e+02	7.966114e+01	4.192776e+01	9.608886e+01
153	4.404145e+00	2.635243e+03	3.612742e+02	4.054018e+02	7.979665e+01	4.204807e+01	9.851701e+01
154	4.432930e+00	2.632319e+03	3.601574e+02	4.042863e+02	8.003024e+01	4.187883e+01	1.004965e+02
155	4.461716e+00	2.636281e+03	3.591246e+02	4.032421e+02	8.023487e+01	4.183489e+01	1.033446e+02
156	4.490501e+00	2.637139e+03	3.581730e+02	4.020608e+02	7.973032e+01	4.211334e+01	1.058731e+02
157	4.519286e+00	2.636162e+03	3.574164e+02	4.008956e+02	7.968713e+01	4.212055e+01	1.090714e+02
158	4.548071e+00	2.652619e+03	3.566931e+02	3.996055e+02	7.969978e+01	4.237677e+01	1.115689e+02
159	4.576857e+00	2.640478e+03	3.556617e+02	3.981392e+02	7.954945e+01	4.226252e+01	1.140760e+02
160	4.605642e+00	2.645771e+03	3.549483e+02	3.967663e+02	7.938167e+01	4.243675e+01	1.165804e+02
161	4.634427e+00	2.649835e+03	3.543076e+02	3.952956e+02	7.954101e+01	4.241680e+01	1.192292e+02
162	4.663212e+00	2.648951e+03	3.536907e+02	3.939345e+02	7.940997e+01	4.247261e+01	1.217501e+02
163	4.691998e+00	2.650135e+03	3.532605e+02	3.925799e+02	7.946458e+01	4.246239e+01	1.246879e+02
164	4.720783e+00	2.655080e+03	3.524822e+02	3.910814e+02	7.936350e+01	4.259581e+01	1.268862e+02
165	4.749568e+00	2.649073e+03	3.519031e+02	3.895094e+02	7.914517e+01	4.261668e+01	1.295439e+02
166	4.778353e+00	2.673142e+03	3.516462e+02	3.881202e+02	7.958742e+01	4.276492e+01	1.320957e+02
167	4.807139e+00	2.669388e+03	3.513486e+02	3.865168e+02	7.917496e+01	4.292734e+01	1.352045e+02
168	4.835924e+00	2.676380e+03	3.512745e+02	3.850454e+02	7.947078e+01	4.287957e+01	1.375684e+02
169	4.864709e+00	2.665791e+03	3.512128e+02	3.834500e+02	7.929128e+01	4.280660e+01	1.405508e+02
170	4.893495e+00	2.662374e+03	3.510764e+02	3.818004e+02	7.882819e+01	4.300288e+01	1.433636e+02
171	4.922280e+00	2.669135e+03	3.511725e+02	3.802730e+02	7.886483e+01	4.309206e+01	1.455990e+02
172	4.951065e+00	2.657811e+03	3.512835e+02	3.786583e+02	7.899300e+01	4.283963e+01	1.482609e+02
173	4.979850e+00	2.655141e+03	3.510708e+02	3.772870e+02	7.856318e+01	4.303072e+01	1.503961e+02
174	5.008636e+00	2.681516e+03	3.511688e+02	3.760167e+02	7.888810e+01	4.327918e+01	1.526361e+02
175	5.037421e+00	2.656821e+03	3.512987e+02	3.743394e+02	7.882874e+01	4.291290e+01	1.546520e+02
176	5.066206e+00	2.667208e+03	3.514621e+02	3.728756e+02	7.887598e+01	4.305487e+01	1.569151e+02
177	5.094991e+00	2.654481e+03	3.515863e+02	3.712591e+02	7.875070e+01	4.291759e+01	1.592591e+02
178	5.123777e+00	2.669124e+03	3.518121e+02	3.697593e+02	7.850592e+01	4.328889e+01	1.616724e+02
179	5.152562e+00	2.646696e+03	3.522975e+02	3.684162e+02	7.845297e+01	4.295411e+01	1.638613e+02
180	5.181347e+00	2.671590e+03	3.529490e+02	3.668115e+02	7.891292e+01	4.310541e+01	1.667628e+02
181	5.210132e+00	2.669352e+03	3.534767e+02	3.653720e+02	7.886757e+01	4.309408e+01	1.691842e+02
182	5.238918e+00	2.655777e+03	3.540999e+02	3.642435e+02	7.867760e+01	4.297843e+01	1.723156e+02
183	5.267703e+00	2.665562e+03	3.548519e+02	3.630063e+02	7.874214e+01	4.310144e+01	1.751963e+02
184	5.296488e+00	2.647801e+03	3.554779e+02	3.614958e+02	7.840575e+01	4.299792e+01	1.780576e+02
185	5.325273e+00	2.651191e+03	3.562705e+02	3.603929e+02	7.825001e+01	4.313866e+01	5.199406e-01
186	5.354059e+00	2.645967e+03	3.570724e+02	3.590682e+02	7.825683e+01	4.304991e+01	3.184797e+00
187	5.382844e+00	2.656688e+03	3.580441e+02	3.576606e+02	7.840794e+01	4.314104e+01	6.437090e+00
188	5.411629e+00	2.641894e+03	3.589348e+02	3.565717e+02	7.822562e+01	4.300080e+01	8.657959e+00
189	5.440415e+00	2.653768e+03	3.600704e+02	3.553369e+02	7.892337e+01	4.281219e+01	1.136624e+01
190	5.469200e+00	2.643102e+03	3.612503e+02	3.540794e+02	7.890392e+01	4.265063e+01	1.352122e+01
191	5.497985e+00	2.642378e+03	3.621562e+02	3.531912e+02	7.865987e+01	4.277124e+01	1.587432e+01
192	5.526770e+00	2.660046e+03	3.634761e+02	3.518281e+02	7.898008e+01	4.288266e+01	1.865420e+01
193	5.555556e+00	2.649294e+03	3.645337e+02	3.509750e+02	7.895329e+01	4.272381e+01	2.143812e+01
194	5.584341e+00	2.655774e+03	3.658549e+02	3.501298e+02	7.912174e+01	4.273714e+01	2.368650e+01
195	5.613126e+00	2.642695e+03	3.671100e+02	3.491524e+02	7.896260e+01	4.261237e+01	2.639091e+01
196	5.641911e+00	2.648091e+03	3.686849e+02	3.482264e+02	7.907090e+01	4.264090e+01	2.894784e+01
197	5.670697e+00	2.645191e+03	3.700146e+02	3.473084e+02	7.898473e+01	4.264066e+01	3.101016e+01
198	5.699482e+00	2.650433e+03	3.712882e+02	3.465796e+02	7.906723e+01	4.268059e+01	3.370479e+01
199	5.728267e+00	2.646897e+03	3.727028e+02	3.457794e+02	7.900323e+01	4.265818e+01	3.610097e+01
200	5.757052e+00	2.635088e+03	3.739571e+02	3.455918e+02	7.885287e+01	4.254884e+01	3.874412e+01
201	5.785838e+00	2.661408e+03	3.756375e+02	3.451021e+02	7.945634e+01	4.264744e+01	4.140697e+01
202	5.814623e+00	2.644585e+03	3.771184e+02	3.449267e+02	7.888070e+01	4.268712e+01	4.423652e+01
203	5.843408e+00	2.638985e+03	3.788300e+02	3.445594e+02	7.884051e+01	4.261845e+01	4.695189e+01
204	5.872193e+00	2.644857e+03	3.803942e+02	3.444022e+02	7.931270e+01	4.245898e+01	4.951369e+01
205	5.900979e+00	2.647506e+03	3.820602e+02	3.441026e+02	7.947719e+01	4.241355e+01	5.210425e+01
206	5.929764e+00	2.644922e+03	3.835741e+02	3.439163e+02	7.918988e+01	4.252588e+01	5.473730e+01
207	5.958549e+00	2.628543e+03	3.851458e+02	3.439919e+02	7.925673e+01	4.222689e+01	5.737109e+01
208	5.987334e+00	2.637455e+03	3.869849e+02	3.439549e+02	7.962486e+01	4.217416e+01	6.011780e+01
209	6.016120e+00	2.626381e+03	3.883252e+02	3.440934e+02	7.936385e+01	4.213521e+01	6.308443e+01
210	6.044905e+00	2.637784e+03	3.900324e+02	3.442415e+02	7.952496e+01	4.223241e+01	6.561880e+01
211	6.073690e+00	2.631268e+03	3.913845e+02	3.443753e+02	7.977354e+01	4.199681e+01	6.798494e+01
212	6.102476e+00	2.624575e+03	3.931570e+02	3.445482e+02	7.938599e+01	4.209449e+01	6.993925e+01
213	6.131261e+00	2.611394e+03	3.946441e+02	3.449812e+02	7.933188e+01	4.191166e+01	7.285756e+01
214	6.160046e+00	2.618082e+03	3.961060e+02	3.455022e+02	7.951515e+01	4.192215e+01	7.540807e+01
215	6.188831e+00	2.629869e+03	3.976676e+02	3.460354e+02	7.986137e+01	4.192833e+01	7.786373e+01
216	6.217617e+00	2.637185e+03	3.992227e+02	3.465806e+02	8.018117e+01	4.187727e+01	8.055273e+01
217	6.246402e+00	2.611888e+03	4.004200e+02	3.473900e+02	7.949103e+01	4.183565e+01	8.300215e+01
218	6.275187e+00	2.624237e+03	4.019708e+02	3.481758e+02	7.939005e+01	4.208691e+01	8.559776e+01
219	6.303972e+00	2.624025e+03	4.034425e+02	3.490580e+02	7.991798e+01	4.180552e+01	8.771374e+01
220	6.332758e+00	2.618911e+03	4.046441e+02	3.500454e+02	7.972475e+01	4.182516e+01	9.036953e+01
221	6.361543e+00	2.619573e+03	4.059832e+02	3.509904e+02	7.937428e+01	4.202046e+01	9.278265e+01
222	6.390328e+00	2.599371e+03	4.068813e+02	3.520627e+02	7.889256e+01	4.195101e+01	9.585638e+01
223	6.419113e+00	2.619996e+03	4.084673e+02	3.532401e+02	7.942932e+01	4.199812e+01	9.777648e+01
224	6.447899e+00	2.626608e+03	4.098317e+02	3.542758e+02	7.932489e+01	4.215955e+01	9.999695e+01
225	6.476684e+00	2.613246e+03	4.106498e+02	3.555448e+02	7.900265e+01	4.211616e+01	1.028875e+02
226	6.505469e+00	2.619356e+03	4.117021e+02	3.567423e+02	7.929363e+01	4.205972e+01	1.055770e+02
227	6.534254e+00	2.614962e+03	4.127740e+02	3.581178e+02	7.910484e+01	4.208937e+01	1.080589e+02
228	6.563040e+00	2.633952e+03	4.138100e+02	3.593424e+02	7.968301e+01	4.208741e+01	1.104986e+02
229	6.591825e+00	2.622446e+03	4.142314e+02	3.605475e+02	7.921646e+01	4.215036e+01	1.131792e+02
230	6.620610e+00	2.631480e+03	4.154699e+02	3.621930e+02	7.906409e+01	4.237706e+01	1.156409e+02
231	6.649396e+00	2.647896e+03	4.161607e+02	3.637325e+02	7.941756e+01	4.245165e+01	1.182010e+02
232	6.678181e+00	2.643219e+03	4.168506e+02	3.653294e+02	7.929376e+01	4.244282e+01	1.206421e+02
233	6.706966e+00	2.630277e+03	4.174837e+02	3.668244e+02	7.898969e+01	4.239760e+01	1.234856e+02
234	6.735751e+00	2.640058e+03	4.179789e+02	3.682210e+02	7.936875e+01	4.235201e+01	1.262926e+02
235	6.764537e+00	2.641010e+03	4.185046e+02	3.699651e+02	7.925360e+01	4.242884e+01	1.291926e+02
236	6.793322e+00	2.636755e+03	4.188860e+02	3.716589e+02	7.919646e+01	4.239105e+01	1.313550e+02
237	6.822107e+00	2.648926e+03	4.193460e+02	3.735173e+02	7.944895e+01	4.245138e+01	1.341385e+02
238	6.850892e+00	2.644788e+03	4.194544e+02	3.750765e+02	7.903834e+01	4.260526e+01	1.368327e+02
239	6.879678e+00	2.652675e+03	4.197355e+02	3.766766e+02	7.927988e+01	4.260212e+01	1.393733e+02
240	6.908463e+00	2.666538e+03	4.198048e+02	3.783117e+02	7.936909e+01	4.277662e+01	1.424269e+02
241	6.937248e+00	2.654081e+03	4.198519e+02	3.802225e+02	7.918581e+01	4.267534e+01	1.451318e+02
242	6.966033e+00	2.645140e+03	4.198313e+02	3.818260e+02	7.930412e+01	4.246811e+01	1.481656e+02
243	6.994819e+00	2.642344e+03	4.196061e+02	3.832725e+02	7.897219e+01	4.260153e+01	1.507691e+02
244	7.023604e+00	2.625755e+03	4.193559e+02	3.848812e+02	7.887873e+01	4.238424e+01	1.542589e+02
245	7.052389e+00	2.645117e+03	4.189790e+02	3.864005e+02	7.896965e+01	4.264761e+01	1.569917e+02
246	7.081174e+00	2.643328e+03	4.187122e+02	3.881234e+02	7.919272e+01	4.249872e+01	1.602293e+02
247	7.109960e+00	2.641255e+03	4.182568e+02	3.896961e+02	7.883307e+01	4.265913e+01	1.628389e+02
248	7.138745e+00	2.617540e+03	4.177168e+02	3.912505e+02	7.861654e+01	4.239255e+01	1.656973e+02
249	7.167530e+00	2.637266e+03	4.172206e+02	3.929078e+02	7.873196e+01	4.264941e+01	1.683491e+02
250	7.196315e+00	2.643730e+03	4.166525e+02	3.943731e+02	7.874038e+01	4.274937e+01	1.711180e+02
251	7.225101e+00	2.629850e+03	4.159827e+02	3.957076e+02	7.869562e+01	4.254912e+01	1.744991e+02
252	7.253886e+00	2.633399e+03	4.151540e+02	3.973172e+02	7.846484e+01	4.273185e+01	1.766204e+02
253	7.282671e+00	2.643429e+03	4.145427e+02	3.988087e+02	7.911240e+01	4.254350e+01	1.790958e+02
254	7.311457e+00	2.639480e+03	4.136093e+02	4.001529e+02	7.889767e+01	4.259556e+01	1.855295e+00
255	7.340242e+00	2.629762e+03	4.127139e+02	4.015216e+02	7.867995e+01	4.255616e+01	4.685186e+00
256	7.369027e+00	2.640882e+03	4.117490e+02	4.028416e+02	7.818725e+01	4.300541e+01	6.908466e+00
257	7.397812e+00	2.641966e+03	4.107005e+02	4.039679e+02	7.838535e+01	4.291434e+01	9.947037e+00
258	7.426598e+00	2.622155e+03	4.094782e+02	4.051144e+02	7.835499e+01	4.260905e+01	1.218890e+01
259	7.455383e+00	2.630998e+03	4.084020e+02	4.061837e+02	7.852932e+01	4.265784e+01	1.511146e+01
260	7.484168e+00	2.650610e+03	4.072954e+02	4.071778e+02	7.895093e+01	4.274632e+01	1.842053e+01
261	7.512953e+00	2.637400e+03	4.059366e+02	4.082058e+02	7.884058e+01	4.259282e+01	2.080741e+01
262	7.541739e+00	2.647246e+03	4.046631e+02	4.090970e+02	7.864812e+01	4.285644e+01	2.373872e+01
263	7.570524e+00	2.630479e+03	4.032597e+02	4.099226e+02	7.887872e+01	4.246050e+01	2.670546e+01
264	7.599309e+00	2.622045e+03	4.018728e+02	4.104969e+02	7.875483e+01	4.239094e+01	2.917325e+01
265	7.628094e+00	2.635961e+03	4.003609e+02	4.112891e+02	7.901773e+01	4.247414e+01	3.209861e+01
266	7.656880e+00	2.632495e+03	3.988690e+02	4.119482e+02	7.904411e+01	4.240413e+01	3.471947e+01
267	7.685665e+00	2.633031e+03	3.975158e+02	4.125074e+02	7.930453e+01	4.227349e+01	3.792305e+01
268	7.714450e+00	2.620988e+03	3.959017e+02	4.131409e+02	7.874220e+01	4.238064e+01	4.056000e+01
269	7.743235e+00	2.622162e+03	3.943578e+02	4.136330e+02	7.925400e+01	4.212584e+01	4.334438e+01
270	7.772021e+00	2.623910e+03	3.928303e+02	4.139588e+02	7.900768e+01	4.228533e+01	4.614484e+01
271	7.800806e+00	2.617913e+03	3.911450e+02	4.142134e+02	7.872839e+01	4.233836e+01	4.943161e+01
272	7.829591e+00	2.612303e+03	3.896535e+02	4.142666e+02	7.874411e+01	4.223919e+01	5.251580e+01
273	7.858377e+00	2.626158e+03	3.882550e+02	4.143974e+02	7.904972e+01	4.229905e+01	5.500505e+01
274	7.887162e+00	2.631580e+03	3.865897e+02	4.144380e+02	7.955345e+01	4.211798e+01	5.780108e+01
275	7.915947e+00	2.645809e+03	3.851581e+02	4.143538e+02	7.985152e+01	4.218766e+01	6.022177e+01
276	7.944732e+00	2.635256e+03	3.834363e+02	4.142576e+02	7.988572e+01	4.200139e+01	6.331653e+01
277	7.973518e+00	2.630556e+03	3.819243e+02	4.140133e+02	7.946169e+01	4.215023e+01	6.600864e+01
278	8.002303e+00	2.616607e+03	3.805583e+02	4.136365e+02	7.947915e+01	4.191750e+01	6.845048e+01
279	8.031088e+00	2.623520e+03	3.789384e+02	4.133621e+02	7.969801e+01	4.191283e+01	7.154217e+01
280	8.059873e+00	2.615987e+03	3.774053e+02	4.128162e+02	7.935075e+01	4.197538e+01	7.425543e+01
281	8.088659e+00	2.628712e+03	3.759520e+02	4.123797e+02	7.997530e+01	4.185017e+01	7.648293e+01
282	8.117444e+00	2.615758e+03	3.746455e+02	4.118433e+02	7.969057e+01	4.179273e+01	7.910446e+01
283	8.146229e+00	2.620396e+03	3.730439e+02	4.113121e+02	7.940161e+01	4.201920e+01	8.124797e+01
284	8.175014e+00	2.623135e+03	3.717158e+02	4.105162e+02	7.951217e+01	4.200463e+01	8.396464e+01
285	8.203800e+00	2.614370e+03	3.703286e+02	4.098734e+02	7.962310e+01	4.180595e+01	8.599461e+01
286	8.232585e+00	2.613534e+03	3.689717e+02	4.091127e+02	7.986440e+01	4.166632e+01	8.841394e+01
287	8.261370e+00	2.619778e+03	3.676331e+02	4.083645e+02	7.993658e+01	4.172815e+01	9.075558e+01
288	8.290155e+00	2.620809e+03	3.664345e+02	4.075646e+02	7.998578e+01	4.171889e+01	9.304761e+01
289	8.318941e+00	2.629615e+03	3.651113e+02	4.065936e+02	7.996496e+01	4.186997e+01	9.532703e+01
290	8.347726e+00	2.639466e+03	3.640139e+02	4.056378e+02	7.985431e+01	4.208505e+01	9.819743e+01
291	8.376511e+00	2.627903e+03	3.632723e+02	4.048010e+02	7.971677e+01	4.197297e+01	1.009917e+02
292	8.405296e+00	2.626490e+03	3.622810e+02	4.039189e+02	7.954033e+01	4.204346e+01	1.036015e+02
293	8.434082e+00	2.643442e+03	3.614410e+02	4.028193e+02	7.967960e+01	4.224086e+01	1.060228e+02
294	8.462867e+00	2.643049e+03	3.603296e+02	4.016381e+02	7.986181e+01	4.213823e+01	1.085488e+02
295	8.491652e+00	2.646414e+03	3.593817e+02	4.004344e+02	7.989394e+01	4.217490e+01	1.105576e+02
296	8.520438e+00	2.643961e+03	3.586102e+02	3.991441e+02	7.963497e+01	4.227283e+01	1.132737e+02
297	8.549223e+00	2.657787e+03	3.578632e+02	3.978651e+02	7.985960e+01	4.237436e+01	1.159712e+02
298	8.578008e+00	2.649491e+03	3.568984e+02	3.965185e+02	7.936954e+01	4.250292e+01	1.185216e+02
299	8.606793e+00	2.648129e+03	3.561932e+02	3.951458e+02	7.941437e+01	4.245709e+01	1.210329e+02
300	8.635579e+00	2.661644e+03	3.555617e+02	3.938614e+02	7.942680e+01	4.266709e+01	1.237646e+02
301	8.664364e+00	2.661009e+03	3.548650e+02	3.925389e+02	7.928375e+01	4.273387e+01	1.256322e+02
302	8.693149e+00	2.670970e+03	3.543338e+02	3.910944e+02	7.960715e+01	4.271959e+01	1.278911e+02
303	8.721934e+00	2.658644e+03	3.539649e+02	3.896710e+02	7.919744e+01	4.274243e+01	1.306916e+02
304	8.750720e+00	2.656907e+03	3.537574e+02	3.882278e+02	7.908234e+01	4.277666e+01	1.336972e+02
305	8.779505e+00	2.660181e+03	3.532195e+02	3.867873e+02	7.936539e+01	4.267663e+01	1.362797e+02
306	8.808290e+00	2.665881e+03	3.529694e+02	3.852922e+02	7.927264e+01	4.281812e+01	1.386282e+02
307	8.837075e+00	2.669624e+03	3.528146e+02	3.837979e+02	7.920723e+01	4.291364e+01	1.415808e+02
308	8.865861e+00	2.677011e+03	3.525467e+02	3.822328e+02	7.897010e+01	4.316160e+01	1.437088e+02
309	8.894646e+00	2.666631e+03	3.523926e+02	3.806375e+02	7.907844e+01	4.293534e+01	1.456677e+02
310	8.923431e+00	2.659345e+03	3.523026e+02	3.792151e+02	7.931938e+01	4.268797e+01	1.480322e+02
311	8.952216e+00	2.679658e+03	3.524753e+02	3.776919e+02	7.916640e+01	4.309716e+01	1.508566e+02
312	8.981002e+00	2.672630e+03	3.526010e+02	3.761778e+02	7.897549e+01	4.308803e+01	1.530102e+02
313	9.009787e+00	2.660112e+03	3.525382e+02	3.746645e+02	7.885657e+01	4.295089e+01	1.552125e+02
314	9.038572e+00	2.661966e+03	3.528927e+02	3.731184e+02	7.866096e+01	4.308771e+01	1.576852e+02
315	9.067358e+00	2.667412e+03	3.531845e+02	3.715567e+02	7.879813e+01	4.310070e+01	1.601020e+02
316	9.096143e+00	2.660303e+03	3.535042e+02	3.701498e+02	7.857349e+01	4.310872e+01	1.622483e+02
317	9.124928e+00	2.655143e+03	3.537933e+02	3.687048e+02	7.868538e+01	4.296392e+01	1.651626e+02
318	9.153713e+00	2.671681e+03	3.542019e+02	3.671713e+02	7.916101e+01	4.297178e+01	1.677164e+02
319	9.182499e+00	2.665637e+03	3.543570e+02	3.657899e+02	7.896362e+01	4.298175e+01	1.695857e+02
320	9.211284e+00	2.653863e+03	3.548600e+02	3.645378e+02	7.864353e+01	4.296607e+01	1.715350e+02
321	9.240069e+00	2.664139e+03	3.555625e+02	3.629198e+02	7.903078e+01	4.292110e+01	1.746144e+02
322	9.268854e+00	2.645128e+03	3.561390e+02	3.616431e+02	7.806444e+01	4.314232e+01	1.766269e+02
323	9.297640e+00	2.653295e+03	3.570948e+02	3.601453e+02	7.882486e+01	4.285805e+01	1.798201e+02
324	9.326425e+00	2.672305e+03	3.577228e+02	3.589715e+02	7.888074e+01	4.313453e+01	3.155232e+00
325	9.355210e+00	2.652616e+03	3.585588e+02	3.578511e+02	7.885388e+01	4.283132e+01	5.547637e+00
326	9.383995e+00	2.672873e+03	3.596462e+02	3.568309e+02	7.880164e+01	4.318701e+01	8.550106e+00
327	9.412781e+00	2.642269e+03	3.606835e+02	3.557985e+02	7.864421e+01	4.277800e+01	1.073875e+01
328	9.441566e+00	2.666433e+03	3.617681e+02	3.545352e+02	7.917946e+01	4.287739e+01	1.386896e+01
329	9.470351e+00	2.641566e+03	3.627528e+02	3.535411e+02	7.880193e+01	4.268100e+01	1.553223e+01
330	9.499136e+00	2.660478e+03	3.640093e+02	3.523125e+02	7.895750e+01	4.290188e+01	1.883939e+01
331	9.527922e+00	2.633226e+03	3.652425e+02	3.514660e+02	7.848234e+01	4.271951e+01	2.105067e+01
332	9.556707e+00	2.651314e+03	3.665159e+02	3.503480e+02	7.914768e+01	4.265138e+01	2.411886e+01
333	9.585492e+00	2.651708e+03	3.679521e+02	3.495070e+02	7.935443e+01	4.254658e+01	2.703022e+01
334	9.614277e+00	2.655606e+03	3.692194e+02	3.486788e+02	7.920644e+01	4.268873e+01	2.950263e+01
335	9.643063e+00	2.659573e+03	3.707924e+02	3.475900e+02	7.944294e+01	4.262523e+01	3.217560e+01
336	9.671848e+00	2.650916e+03	3.721383e+02	3.468946e+02	7.920272e+01	4.261535e+01	3.444052e+01
337	9.700633e+00	2.640952e+03	3.734368e+02	3.464077e+02	7.888227e+01	4.262763e+01	3.704092e+01
338	9.729419e+00	2.643357e+03	3.750652e+02	3.457387e+02	7.909356e+01	4.255247e+01	3.973557e+01
339	9.758204e+00	2.645520e+03	3.764565e+02	3.454024e+02	7.913017e+01	4.256759e+01	4.227679e+01
340	9.786989e+00	2.640343e+03	3.780862e+02	3.449922e+02	7.920701e+01	4.244308e+01	4.518892e+01
341	9.815774e+00	2.635715e+03	3.796912e+02	3.448411e+02	7.913232e+01	4.240866e+01	4.775307e+01
342	9.844560e+00	2.642159e+03	3.813035e+02	3.444489e+02	7.948357e+01	4.232449e+01	5.008360e+01
343	9.873345e+00	2.627297e+03	3.828242e+02	3.442959e+02	7.907400e+01	4.230441e+01	5.283813e+01
344	9.902130e+00	2.634560e+03	3.844805e+02	3.441207e+02	7.929327e+01	4.230404e+01	5.558972e+01
345	9.930915e+00	2.630996e+03	3.860419e+02	3.441265e+02	7.917401e+01	4.231045e+01	5.811521e+01
346	9.959701e+00	2.625766e+03	3.876475e+02	3.440502e+02	7.918562e+01	4.222015e+01	6.078458e+01
347	9.988486e+00	2.627890e+03	3.891712e+02	3.440813e+02	7.924342e+01	4.222348e+01	6.329473e+01
348	1.001727e+01	2.622773e+03	3.908701e+02	3.442638e+02	7.939141e+01	4.206272e+01	6.594880e+01
349	1.004606e+01	2.625745e+03	3.923711e+02	3.446316e+02	7.905340e+01	4.229044e+01	6.873123e+01
350	1.007484e+01	2.615550e+03	3.938591e+02	3.449416e+02	7.921955e+01	4.203788e+01	7.148772e+01
351	1.010363e+01	2.608491e+03	3.954688e+02	3.454276e+02	7.926501e+01	4.190038e+01	7.405410e+01
352	1.013241e+01	2.621474e+03	3.972127e+02	3.458731e+02	7.973489e+01	4.186078e+01	7.636756e+01
353	1.016120e+01	2.633639e+03	3.988740e+02	3.463221e+02	7.989250e+01	4.197207e+01	7.887293e+01
354	1.018998e+01	2.630594e+03	4.001704e+02	3.471154e+02	7.983148e+01	4.195558e+01	8.167913e+01
355	1.021877e+01	2.616848e+03	4.016286e+02	3.478449e+02	7.937857e+01	4.197448e+01	8.395463e+01
356	1.024755e+01	2.627562e+03	4.032314e+02	3.486383e+02	7.955116e+01	4.205490e+01	8.619093e+01
357	1.027634e+01	2.621765e+03	4.045335e+02	3.495738e+02	7.981824e+01	4.182170e+01	8.887412e+01
358	1.030512e+01	2.621706e+03	4.059362e+02	3.506000e+02	7.953461e+01	4.196991e+01	9.204151e+01
359	1.033391e+01	2.629544e+03	4.071238e+02	3.516476e+02	7.959953e+01	4.206105e+01	9.455154e+01
360	1.036269e+01	2.617951e+03	4.080985e+02	3.527534e+02	7.941685e+01	4.197193e+01	9.705562e+01
361	1.039148e+01	2.634815e+03	4.097663e+02	3.538883e+02	7.956511e+01	4.216360e+01	9.900349e+01
362	1.042026e+01	2.609462e+03	4.106110e+02	3.551986e+02	7.894444e+01	4.208619e+01	1.022861e+02
363	1.044905e+01	2.609488e+03	4.116605e+02	3.564775e+02	7.900800e+01	4.205275e+01	1.047468e+02
364	1.047784e+01	2.611158e+03	4.128588e+02	3.577703e+02	7.917503e+01	4.199089e+01	1.069668e+02
365	1.050662e+01	2.625662e+03	4.136521e+02	3.589809e+02	7.971444e+01	4.193842e+01	1.096946e+02
366	1.053541e+01	2.628073e+03	4.146446e+02	3.605023e+02	7.919644e+01	4.225147e+01	1.124581e+02
367	1.056419e+01	2.617727e+03	4.155065e+02	3.618710e+02	7.905037e+01	4.216291e+01	1.153020e+02
368	1.059298e+01	2.636449e+03	4.162425e+02	3.634522e+02	7.956835e+01	4.218802e+01	1.176325e+02
369	1.062176e+01	2.638927e+03	4.169756e+02	3.649568e+02	7.927384e+01	4.238456e+01	1.204239e+02
370	1.065055e+01	2.641347e+03	4.177735e+02	3.665652e+02	7.943818e+01	4.233566e+01	1.233410e+02
371	1.067933e+01	2.639401e+03	4.181627e+02	3.681140e+02	7.926285e+01	4.239804e+01	1.257744e+02
372	1.070812e+01	2.632455e+03	4.184994e+02	3.696506e+02	7.921568e+01	4.231164e+01	1.286806e+02
373	1.073690e+01	2.638265e+03	4.190265e+02	3.714466e+02	7.933028e+01	4.234377e+01	1.315019e+02
374	1.076569e+01	2.638766e+03	4.193252e+02	3.733177e+02	7.927659e+01	4.238050e+01	1.339783e+02
375	1.079447e+01	2.633213e+03	4.195152e+02	3.749135e+02	7.904493e+01	4.241525e+01	1.367791e+02
376	1.082326e+01	2.644323e+03	4.197940e+02	3.766062e+02	7.914470e+01	4.254053e+01	1.393763e+02
377	1.085204e+01	2.656315e+03	4.198206e+02	3.784193e+02	7.912280e+01	4.274527e+01	1.421567e+02
378	1.088083e+01	2.656656e+03	4.198868e+02	3.800525e+02	7.920558e+01	4.270607e+01	1.453022e+02
379	1.090961e+01	2.635148e+03	4.197912e+02	3.816358e+02	7.889602e+01	4.252654e+01	1.480407e+02
380	1.093840e+01	2.647366e+03	4.197052e+02	3.831111e+02	7.927734e+01	4.251821e+01	1.510786e+02
381	1.096718e+01	2.643197e+03	4.194316e+02	3.847779e+02	7.897347e+01	4.261460e+01	1.542159e+02
382	1.099597e+01	2.638971e+03	4.190271e+02	3.863887e+02	7.904864e+01	4.250602e+01	1.571441e+02
383	1.102476e+01	2.641415e+03	4.186445e+02	3.879620e+02	7.920851e+01	4.245950e+01	1.601715e+02
384	1.105354e+01	2.633718e+03	4.182578e+02	3.895302e+02	7.884332e+01	4.253187e+01	1.630812e+02
385	1.108233e+01	2.611552e+03	4.177736e+02	3.913043e+02	7.867617e+01	4.226352e+01	1.653888e+02
386	1.111111e+01	2.632804e+03	4.171582e+02	3.930084e+02	7.863020e+01	4.263235e+01	1.684553e+02
387	1.113990e+01	2.619310e+03	4.163787e+02	3.943927e+02	7.859665e+01	4.243195e+01	1.717950e+02
388	1.116868e+01	2.611800e+03	4.157771e+02	3.957529e+02	7.854800e+01	4.233650e+01	1.746141e+02
389	1.119747e+01	2.635998e+03	4.151084e+02	3.971519e+02	7.869176e+01	4.265068e+01	1.771110e+02
390	1.122625e+01	2.631339e+03	4.142517e+02	3.987025e+02	7.851611e+01	4.267055e+01	1.797239e+02
391	1.125504e+01	2.626708e+03	4.132894e+02	4.000248e+02	7.854449e+01	4.258005e+01	2.480015e+00
392	1.128382e+01	2.632584e+03	4.123727e+02	4.013528e+02	7.886485e+01	4.250195e+01	5.532276e+00
393	1.131261e+01	2.645166e+03	4.113009e+02	4.025296e+02	7.901617e+01	4.262329e+01	8.627391e+00
394	1.134139e+01	2.622981e+03	4.101170e+02	4.036037e+02	7.859074e+01	4.249462e+01	1.109801e+01
395	1.137018e+01	2.632110e+03	4.089115e+02	4.047596e+02	7.844563e+01	4.272140e+01	1.426190e+01
396	1.139896e+01	2.638982e+03	4.076902e+02	4.060741e+02	7.855927e+01	4.277098e+01	1.714497e+01
397	1.142775e+01	2.643571e+03	4.065218e+02	4.068773e+02	7.867854e+01	4.278040e+01	1.993915e+01
398	1.145653e+01	2.634271e+03	4.053922e+02	4.078395e+02	7.863716e+01	4.265232e+01	2.245819e+01
399	1.148532e+01	2.624501e+03	4.042233e+02	4.087505e+02	7.862334e+01	4.250161e+01	2.531701e+01
400	1.151410e+01	2.641544e+03	4.028767e+02	4.094857e+02	7.909081e+01	4.252478e+01	2.822547e+01
401	1.154289e+01	2.629897e+03	4.012834e+02	4.104311e+02	7.863195e+01	4.258432e+01	3.103437e+01
402	1.157168e+01	2.630936e+03	4.000222e+02	4.109650e+02	7.914862e+01	4.232306e+01	3.346251e+01
403	1.160046e+01	2.622807e+03	3.983000e+02	4.117903e+02	7.866458e+01	4.245190e+01	3.623502e+01
404	1.162925e+01	2.631880e+03	3.969391e+02	4.121180e+02	7.922367e+01	4.229814e+01	3.919076e+01
405	1.165803e+01	2.639958e+03	3.953426e+02	4.125770e+02	7.944688e+01	4.230876e+01	4.221698e+01
406	1.168682e+01	2.628159e+03	3.937216e+02	4.130040e+02	7.884441e+01	4.244151e+01	4.486427e+01
407	1.171560e+01	2.632762e+03	3.921023e+02	4.133369e+02	7.903368e+01	4.241402e+01	4.771051e+01
408	1.174439e+01	2.630313e+03	3.905959e+02	4.133198e+02	7.927171e+01	4.224733e+01	5.080212e+01
409	1.177317e+01	2.618843e+03	3.890385e+02	4.134201e+02	7.923743e+01	4.208130e+01	5.368677e+01
410	1.180196e+01	2.623749e+03	3.873884e+02	4.136796e+02	7.943015e+01	4.205785e+01	5.619173e+01
411	1.183074e+01	2.632916e+03	3.858069e+02	4.136703e+02	7.947974e+01	4.217846e+01	5.849465e+01
412	1.185953e+01	2.640431e+03	3.841577e+02	4.135711e+02	7.960903e+01	4.223015e+01	6.154127e+01
413	1.188831e+01	2.626321e+03	3.826905e+02	4.133111e+02	7.951600e+01	4.205362e+01	6.400153e+01
414	1.191710e+01	2.626879e+03	3.812538e+02	4.131850e+02	7.949380e+01	4.207430e+01	6.671275e+01
415	1.194588e+01	2.621709e+03	3.797325e+02	4.129444e+02	7.990282e+01	4.177654e+01	6.916447e+01
416	1.197467e+01	2.617082e+03	3.780608e+02	4.124974e+02	7.953592e+01	4.189518e+01	7.212030e+01
417	1.200345e+01	2.620658e+03	3.765431e+02	4.119783e+02	7.958272e+01	4.192776e+01	7.448927e+01
418	1.203224e+01	2.625327e+03	3.754070e+02	4.116539e+02	7.990462e+01	4.183325e+01	7.733540e+01
419	1.206102e+01	2.628260e+03	3.737079e+02	4.109211e+02	7.989092e+01	4.188717e+01	7.998398e+01
420	1.208981e+01	2.618855e+03	3.722431e+02	4.104220e+02	7.987449e+01	4.174586e+01	8.267435e+01
421	1.211860e+01	2.630557e+03	3.710852e+02	4.096495e+02	7.998449e+01	4.187473e+01	8.529672e+01
422	1.214738e+01	2.626539e+03	3.695370e+02	4.087547e+02	7.957224e+01	4.202739e+01	8.746950e+01
423	1.217617e+01	2.629182e+03	3.683445e+02	4.080266e+02	7.970312e+01	4.200059e+01	8.994379e+01
424	1.220495e+01	2.616283e+03	3.670349e+02	4.070760e+02	7.952415e+01	4.188860e+01	9.276604e+01
425	1.223374e+01	2.621073e+03	3.657381e+02	4.061161e+02	7.975716e+01	4.184268e+01	9.481095e+01
426	1.226252e+01	2.627098e+03	3.646865e+02	4.051719e+02	7.974730e+01	4.194406e+01	9.755753e+01
427	1.229131e+01	2.625819e+03	3.636159e+02	4.042287e+02	7.984623e+01	4.187170e+01	1.003063e+02
428	1.232009e+01	2.634432e+03	3.624518e+02	4.030663e+02	7.971627e+01	4.207753e+01	1.024614e+02
429	1.234888e+01	2.646314e+03	3.612520e+02	4.020302e+02	7.969962e+01	4.227612e+01	1.048701e+02
430	1.237766e+01	2.645738e+03	3.602080e+02	4.009243e+02	7.995415e+01	4.213238e+01	1.070545e+02
431	1.240645e+01	2.641676e+03	3.593957e+02	3.998370e+02	7.972918e+01	4.218640e+01	1.099182e+02
432	1.243523e+01	2.636707e+03	3.584643e+02	3.985702e+02	7.958023e+01	4.218584e+01	1.124726e+02
433	1.246402e+01	2.641377e+03	3.576410e+02	3.973604e+02	7.950386e+01	4.230116e+01	1.148519e+02
434	1.249280e+01	2.638576e+03	3.566575e+02	3.959302e+02	7.936131e+01	4.233221e+01	1.171487e+02
435	1.252159e+01	2.659224e+03	3.559230e+02	3.946560e+02	7.957359e+01	4.254966e+01	1.196016e+02
436	1.255037e+01	2.659452e+03	3.551941e+02	3.932263e+02	7.947862e+01	4.260415e+01	1.222005e+02
437	1.257916e+01	2.664397e+03	3.547682e+02	3.919662e+02	7.962328e+01	4.260582e+01	1.246719e+02
438	1.260794e+01	2.656111e+03	3.540722e+02	3.905660e+02	7.924685e+01	4.267508e+01	1.271864e+02
439	1.263673e+01	2.661823e+03	3.535302e+02	3.890435e+02	7.952443e+01	4.261757e+01	1.294732e+02
440	1.266552e+01	2.661617e+03	3.532407e+02	3.875467e+02	7.915598e+01	4.281263e+01	1.320709e+02
441	1.269430e+01	2.661081e+03	3.528288e+02	3.859570e+02	7.928460e+01	4.273458e+01	1.345869e+02
442	1.272309e+01	2.648436e+03	3.524780e+02	3.845008e+02	7.914023e+01	4.260909e+01	1.369667e+02
443	1.275187e+01	2.661428e+03	3.521858e+02	3.829025e+02	7.907973e+01	4.285086e+01	1.391644e+02
444	1.278066e+01	2.649686e+03	3.520801e+02	3.814516e+02	7.874333e+01	4.284408e+01	1.416735e+02
445	1.280944e+01	2.658483e+03	3.520815e+02	3.798857e+02	7.889062e+01	4.290605e+01	1.445877e+02
446	1.283823e+01	2.668733e+03	3.518489e+02	3.782303e+02	7.922069e+01	4.289203e+01	1.467280e+02
447	1.286701e+01	2.676700e+03	3.517930e+02	3.768286e+02	7.869722e+01	4.330624e+01	1.490765e+02
448	1.289580e+01	2.667508e+03	3.520428e+02	3.752187e+02	7.926916e+01	4.284613e+01	1.516894e+02
449	1.292458e+01	2.669258e+03	3.521003e+02	3.737424e+02	7.896638e+01	4.303863e+01	1.535561e+02
450	1.295337e+01	2.679051e+03	3.523382e+02	3.721553e+02	7.910158e+01	4.312271e+01	1.566588e+02
451	1.298215e+01	2.652696e+03	3.525075e+02	3.706280e+02	7.881853e+01	4.285183e+01	1.591673e+02
452	1.301094e+01	2.653854e+03	3.526902e+02	3.693076e+02	7.877746e+01	4.289288e+01	1.612690e+02
453	1.303972e+01	2.650339e+03	3.530773e+02	3.678756e+02	7.847349e+01	4.300200e+01	1.638188e+02
454	1.306851e+01	2.674617e+03	3.533105e+02	3.663077e+02	7.889179e+01	4.316581e+01	1.659596e+02
455	1.309729e+01	2.657697e+03	3.537096e+02	3.648830e+02	7.855584e+01	4.307617e+01	1.683831e+02
456	1.312608e+01	2.666769e+03	3.541058e+02	3.634742e+02	7.881403e+01	4.308162e+01	1.712625e+02
457	1.315486e+01	2.661246e+03	3.545294e+02	3.619171e+02	7.892824e+01	4.293018e+01	1.740798e+02
458	1.318365e+01	2.653240e+03	3.552175e+02	3.604976e+02	7.868026e+01	4.293594e+01	1.760234e+02
459	1.321244e+01	2.647476e+03	3.558703e+02	3.590843e+02	7.867725e+01	4.284429e+01	1.788125e+02
460	1.324122e+01	2.656889e+03	3.567332e+02	3.578837e+02	7.900362e+01	4.281900e+01	1.346453e+00
461	1.327001e+01	2.636527e+03	3.584883e+02	3.553442e+02	7.840939e+01	4.281287e+01	6.091317e+00
462	1.329879e+01	2.648310e+03	3.595717e+02	3.539916e+02	7.872578e+01	4.283136e+01	8.811138e+00
463	1.332758e+01	2.631334e+03	3.606121e+02	3.528096e+02	7.837274e+01	4.274852e+01	1.163752e+01
464	1.335636e+01	2.665301e+03	3.618629e+02	3.514122e+02	7.898260e+01	4.296600e+01	1.454547e+01
465	1.338515e+01	2.658533e+03	3.628954e+02	3.504467e+02	7.931226e+01	4.267876e+01	1.735294e+01
466	1.341393e+01	2.635702e+03	3.637865e+02	3.493759e+02	7.863683e+01	4.267567e+01	1.922453e+01
467	1.344272e+01	2.631103e+03	3.648456e+02	3.485598e+02	7.810202e+01	4.289293e+01	2.152295e+01
468	1.347150e+01	2.643924e+03	3.662849e+02	3.473480e+02	7.866383e+01	4.279411e+01	2.488582e+01
469	1.350029e+01	2.646437e+03	3.675227e+02	3.463784e+02	7.907333e+01	4.261296e+01	2.758568e+01
470	1.352907e+01	2.641953e+03	3.688138e+02	3.456275e+02	7.890688e+01	4.263049e+01	3.031141e+01
471	1.355786e+01	2.659183e+03	3.701906e+02	3.450121e+02	7.937167e+01	4.265725e+01	3.316357e+01
472	1.358664e+01	2.643975e+03	3.714490e+02	3.444722e+02	7.893857e+01	4.264598e+01	3.543735e+01
473	1.361543e+01	2.638353e+03	3.728393e+02	3.439230e+02	7.920539e+01	4.241196e+01	3.786211e+01
474	1.364421e+01	2.644807e+03	3.744725e+02	3.434569e+02	7.887558e+01	4.269348e+01	4.081689e+01
475	1.367300e+01	2.642682e+03	3.760453e+02	3.429665e+02	7.921497e+01	4.247641e+01	4.320077e+01
476	1.370178e+01	2.631932e+03	3.775799e+02	3.426259e+02	7.863760e+01	4.261422e+01	4.616973e+01
477	1.373057e+01	2.641837e+03	3.790473e+02	3.424625e+02	7.895172e+01	4.260440e+01	4.890066e+01
478	1.375936e+01	2.638765e+03	3.806931e+02	3.421468e+02	7.910822e+01	4.247067e+01	5.122010e+01
479	1.378814e+01	2.629784e+03	3.822748e+02	3.420047e+02	7.919440e+01	4.228007e+01	5.396697e+01
480	1.381693e+01	2.625057e+03	3.840293e+02	3.418462e+02	7.939671e+01	4.209654e+01	5.655531e+01
481	1.384571e+01	2.647098e+03	3.856917e+02	3.419616e+02	7.953650e+01	4.237539e+01	5.877819e+01
482	1.387450e+01	2.610318e+03	3.873153e+02	3.419900e+02	7.888948e+01	4.212933e+01	6.133661e+01
483	1.390328e+01	2.633370e+03	3.888398e+02	3.421332e+02	7.941985e+01	4.221754e+01	6.406741e+01
484	1.393207e+01	2.629629e+03	3.905215e+02	3.425279e+02	7.943275e+01	4.215072e+01	6.706328e+01
485	1.396085e+01	2.618289e+03	3.920927e+02	3.427165e+02	7.925447e+01	4.206335e+01	6.923807e+01
486	1.398964e+01	2.634490e+03	3.937043e+02	3.430722e+02	7.968932e+01	4.209267e+01	7.209431e+01
487	1.401842e+01	2.626066e+03	3.950553e+02	3.437956e+02	7.965792e+01	4.197462e+01	7.453687e+01
488	1.404721e+01	2.622787e+03	3.965221e+02	3.443477e+02	7.978699e+01	4.185439e+01	7.707743e+01
489	1.407599e+01	2.629915e+03	3.980384e+02	3.449463e+02	7.963941e+01	4.204591e+01	7.967440e+01
490	1.410478e+01	2.624786e+03	3.996700e+02	3.456046e+02	7.965039e+01	4.195812e+01	8.210538e+01
491	1.413356e+01	2.628172e+03	4.009323e+02	3.463651e+02	8.005857e+01	4.179805e+01	8.462133e+01
492	1.416235e+01	2.627664e+03	4.025514e+02	3.471422e+02	7.976557e+01	4.194349e+01	8.710641e+01
493	1.419113e+01	2.639281e+03	4.039473e+02	3.480226e+02	7.986742e+01	4.207519e+01	8.926099e+01
494	1.421992e+01	2.620528e+03	4.052371e+02	3.490566e+02	7.946095e+01	4.198994e+01	9.174005e+01
495	1.424870e+01	2.614417e+03	4.065103e+02	3.501240e+02	7.959386e+01	4.182206e+01	9.489248e+01
496	1.427749e+01	2.603806e+03	4.075913e+02	3.511690e+02	7.938299e+01	4.176296e+01	9.718243e+01
497	1.430628e+01	2.619931e+03	4.087741e+02	3.523463e+02	7.921326e+01	4.211163e+01	9.978109e+01
498	1.433506e+01	2.624887e+03	4.100583e+02	3.537204e+02	7.928355e+01	4.215388e+01	1.024870e+02
499	1.436385e+01	2.616188e+03	4.109819e+02	3.550722e+02	7.911913e+01	4.210149e+01	1.054835e+02
500	1.439263e+01	2.609447e+03	4.121157e+02	3.564517e+02	7.891666e+01	4.210075e+01	1.077201e+02
501	1.442142e+01	2.625474e+03	4.131448e+02	3.577919e+02	7.882504e+01	4.240858e+01	1.100333e+02
502	1.445020e+01	2.627451e+03	4.138498e+02	3.591975e+02	7.952431e+01	4.206732e+01	1.127478e+02
503	1.447899e+01	2.607380e+03	4.144866e+02	3.606321e+02	7.860738e+01	4.223292e+01	1.153365e+02
504	1.450777e+01	2.635257e+03	4.153237e+02	3.620822e+02	7.943905e+01	4.223759e+01	1.175924e+02
505	1.453656e+01	2.636544e+03	4.160366e+02	3.637154e+02	7.903801e+01	4.247263e+01	1.202126e+02
506	1.456534e+01	2.625876e+03	4.166245e+02	3.652938e+02	7.899939e+01	4.232146e+01	1.231426e+02
507	1.459413e+01	2.639153e+03	4.173625e+02	3.670731e+02	7.922164e+01	4.241611e+01	1.253341e+02
508	1.462291e+01	2.645930e+03	4.178487e+02	3.686071e+02	7.940231e+01	4.242827e+01	1.280318e+02
509	1.465170e+01	2.635892e+03	4.182783e+02	3.703134e+02	7.925013e+01	4.234848e+01	1.305352e+02
510	1.468048e+01	2.625776e+03	4.185882e+02	3.720376e+02	7.911997e+01	4.225535e+01	1.330525e+02
511	1.470927e+01	2.617581e+03	4.189821e+02	3.737058e+02	7.882045e+01	4.228354e+01	1.357588e+02
512	1.473805e+01	2.643483e+03	4.190891e+02	3.754216e+02	7.912778e+01	4.253609e+01	1.384408e+02
513	1.476684e+01	2.648258e+03	4.192561e+02	3.772079e+02	7.923633e+01	4.255455e+01	1.410635e+02
514	1.479562e+01	2.647608e+03	4.194330e+02	3.789171e+02	7.965861e+01	4.231857e+01	1.434430e+02
515	1.482441e+01	2.636327e+03	4.194072e+02	3.805007e+02	7.912522e+01	4.242232e+01	1.461443e+02
516	1.485320e+01	2.635618e+03	4.193349e+02	3.822963e+02	7.885048e+01	4.255869e+01	1.491279e+02
517	1.488198e+01	2.653739e+03	4.193658e+02	3.839361e+02	7.916705e+01	4.267994e+01	1.512811e+02
518	1.491077e+01	2.642569e+03	4.191046e+02	3.855916e+02	7.916551e+01	4.250113e+01	1.540897e+02
519	1.493955e+01	2.627373e+03	4.188464e+02	3.872621e+02	7.906440e+01	4.231077e+01	1.565806e+02
520	1.496834e+01	2.629692e+03	4.184418e+02	3.887808e+02	7.866079e+01	4.256540e+01	1.590940e+02
521	1.499712e+01	2.636427e+03	4.180852e+02	3.905834e+02	7.896807e+01	4.250836e+01	1.617865e+02
522	1.502591e+01	2.638397e+03	4.176248e+02	3.922704e+02	7.893616e+01	4.255733e+01	1.646949e+02
523	1.505469e+01	2.638682e+03	4.170420e+02	3.938989e+02	7.880891e+01	4.263064e+01	1.674437e+02
524	1.508348e+01	2.618643e+03	4.163379e+02	3.954407e+02	7.883306e+01	4.229393e+01	1.703147e+02
525	1.511226e+01	2.636310e+03	4.158226e+02	3.970184e+02	7.852344e+01	4.274716e+01	1.722973e+02
526	1.514105e+01	2.631141e+03	4.150029e+02	3.983696e+02	7.881537e+01	4.250533e+01	1.750065e+02
527	1.516983e+01	2.632963e+03	4.141214e+02	3.999615e+02	7.852348e+01	4.269287e+01	1.778594e+02
528	1.519862e+01	2.636579e+03	4.133034e+02	4.013963e+02	7.868752e+01	4.266237e+01	1.797383e+02
529	1.522740e+01	2.628407e+03	4.122901e+02	4.024270e+02	7.858890e+01	4.258352e+01	3.506688e+00
530	1.525619e+01	2.632698e+03	4.111946e+02	4.038020e+02	7.824138e+01	4.284248e+01	5.918315e+00
531	1.528497e+01	2.627356e+03	4.101019e+02	4.050131e+02	7.830852e+01	4.271890e+01	8.993475e+00
532	1.531376e+01	2.632947e+03	4.089221e+02	4.062403e+02	7.867303e+01	4.261146e+01	1.179594e+01
533	1.534254e+01	2.647374e+03	4.079378e+02	4.071281e+02	7.878310e+01	4.278508e+01	1.484167e+01
534	1.537133e+01	2.633783e+03	4.066794e+02	4.082287e+02	7.888919e+01	4.250819e+01	1.749881e+01
535	1.540012e+01	2.653128e+03	4.055096e+02	4.090316e+02	7.910123e+01	4.270563e+01	2.063853e+01
536	1.542890e+01	2.635226e+03	4.039035e+02	4.100601e+02	7.878627e+01	4.258704e+01	2.298207e+01
537	1.545769e+01	2.636088e+03	4.025820e+02	4.107313e+02	7.885088e+01	4.256607e+01	2.594454e+01
538	1.548647e+01	2.650767e+03	4.012073e+02	4.117043e+02	7.919132e+01	4.261908e+01	2.910445e+01
539	1.551526e+01	2.629479e+03	3.996944e+02	4.125794e+02	7.879931e+01	4.248713e+01	3.130074e+01
540	1.554404e+01	2.639153e+03	3.982119e+02	4.133085e+02	7.907437e+01	4.249511e+01	3.401254e+01
541	1.557283e+01	2.637245e+03	3.967672e+02	4.135372e+02	7.919871e+01	4.239772e+01	3.706212e+01
542	1.560161e+01	2.623657e+03	3.951259e+02	4.141212e+02	7.900390e+01	4.228328e+01	3.978232e+01
543	1.563040e+01	2.619284e+03	3.934444e+02	4.146716e+02	7.913929e+01	4.214058e+01	4.251463e+01
544	1.565918e+01	2.626359e+03	3.920219e+02	4.149259e+02	7.903711e+01	4.230904e+01	4.541996e+01
545	1.568797e+01	2.634937e+03	3.903800e+02	4.151837e+02	7.910542e+01	4.241057e+01	4.818836e+01
546	1.571675e+01	2.635360e+03	3.888704e+02	4.153119e+02	7.939179e+01	4.226437e+01	5.087354e+01
547	1.574554e+01	2.616843e+03	3.871720e+02	4.153032e+02	7.895875e+01	4.219757e+01	5.334379e+01
548	1.577432e+01	2.626884e+03	3.854667e+02	4.154691e+02	7.928418e+01	4.218562e+01	5.625138e+01
549	1.580311e+01	2.641107e+03	3.837376e+02	4.153932e+02	7.946785e+01	4.231600e+01	5.877878e+01
550	1.583189e+01	2.616800e+03	3.821643e+02	4.153874e+02	7.946484e+01	4.192813e+01	6.166643e+01
551	1.586068e+01	2.626012e+03	3.806015e+02	4.151964e+02	7.910832e+01	4.226537e+01	6.433083e+01
552	1.588946e+01	2.625443e+03	3.790144e+02	4.148753e+02	7.947078e+01	4.206348e+01	6.686147e+01
553	1.591825e+01	2.630234e+03	3.773680e+02	4.147141e+02	7.958445e+01	4.208005e+01	6.929195e+01
554	1.594704e+01	2.620227e+03	3.759479e+02	4.142852e+02	7.952552e+01	4.195102e+01	7.172700e+01
555	1.597582e+01	2.620125e+03	3.743088e+02	4.137452e+02	7.968079e+01	4.186763e+01	7.443433e+01
556	1.600461e+01	2.620560e+03	3.728782e+02	4.132636e+02	7.985564e+01	4.178290e+01	7.702601e+01
557	1.603339e+01	2.621541e+03	3.714672e+02	4.125865e+02	7.977695e+01	4.183978e+01	7.958503e+01
558	1.606218e+01	2.625432e+03	3.699453e+02	4.120184e+02	8.002744e+01	4.177071e+01	8.193905e+01
559	1.609096e+01	2.618628e+03	3.681858e+02	4.112852e+02	7.968951e+01	4.183914e+01	8.456777e+01
560	1.611975e+01	2.630174e+03	3.670344e+02	4.105642e+02	8.014262e+01	4.178603e+01	8.677579e+01
561	1.614853e+01	2.630351e+03	3.657669e+02	4.097991e+02	8.016180e+01	4.177884e+01	8.890144e+01
562	1.617732e+01	2.629498e+03	3.645321e+02	4.090291e+02	7.997002e+01	4.186545e+01	9.178238e+01
563	1.620610e+01	2.625199e+03	3.633120e+02	4.080696e+02	7.988692e+01	4.184048e+01	9.419086e+01
564	1.623489e+01	2.613271e+03	3.621150e+02	4.070869e+02	7.985209e+01	4.166855e+01	9.668811e+01
565	1.626367e+01	2.623999e+03	3.607581e+02	4.060253e+02	7.976183e+01	4.188694e+01	9.908730e+01
566	1.629246e+01	2.627663e+03	3.596481e+02	4.050047e+02	7.961640e+01	4.202205e+01	1.014819e+02
567	1.632124e+01	2.632921e+03	3.588166e+02	4.039379e+02	7.973976e+01	4.204100e+01	1.040809e+02
568	1.635003e+01	2.639613e+03	3.581877e+02	4.028735e+02	7.979987e+01	4.211610e+01	1.076918e+02
569	1.637881e+01	2.644039e+03	3.575123e+02	4.017408e+02	7.954244e+01	4.232326e+01	1.116650e+02
570	1.640760e+01	2.643165e+03	3.569775e+02	4.005415e+02	7.957932e+01	4.228965e+01	1.151987e+02
571	1.643638e+01	2.650967e+03	3.564655e+02	3.992127e+02	7.953091e+01	4.244030e+01	1.184710e+02
572	1.646517e+01	2.650814e+03	3.559737e+02	3.980754e+02	7.940028e+01	4.250768e+01	1.214522e+02
573	1.649396e+01	2.661256e+03	3.552970e+02	3.967095e+02	7.941467e+01	4.266739e+01	1.240845e+02
574	1.652274e+01	2.650581e+03	3.547631e+02	3.952075e+02	7.931149e+01	4.255153e+01	1.263874e+02
575	1.655153e+01	2.656656e+03	3.542300e+02	3.938755e+02	7.945023e+01	4.257457e+01	1.289997e+02
576	1.658031e+01	2.662041e+03	3.539479e+02	3.923409e+02	7.938021e+01	4.269851e+01	1.318306e+02
577	1.660910e+01	2.662694e+03	3.536244e+02	3.905879e+02	7.914276e+01	4.283710e+01	1.349621e+02
578	1.663788e+01	2.658409e+03	3.534956e+02	3.892097e+02	7.906986e+01	4.280761e+01	1.372835e+02
579	1.666667e+01	2.660019e+03	3.532178e+02	3.877023e+02	7.929333e+01	4.271281e+01	1.398719e+02
580	1.669545e+01	2.668379e+03	3.530965e+02	3.861700e+02	7.942676e+01	4.277508e+01	1.428191e+02
581	1.672424e+01	2.664497e+03	3.529156e+02	3.846187e+02	7.904857e+01	4.291720e+01	1.455115e+02
582	1.675302e+01	2.670641e+03	3.528539e+02	3.831856e+02	7.902564e+01	4.302864e+01	1.482151e+02
583	1.678181e+01	2.667974e+03	3.528206e+02	3.815073e+02	7.891534e+01	4.304576e+01	1.503493e+02
584	1.681059e+01	2.651809e+03	3.529404e+02	3.799977e+02	7.898389e+01	4.274781e+01	1.531479e+02
585	1.683938e+01	2.655211e+03	3.531718e+02	3.784256e+02	7.891364e+01	4.284075e+01	1.552952e+02
586	1.686816e+01	2.647848e+03	3.534480e+02	3.768694e+02	7.862043e+01	4.288128e+01	1.580344e+02
587	1.689695e+01	2.671891e+03	3.537920e+02	3.754170e+02	7.901069e+01	4.305692e+01	1.604836e+02
588	1.692573e+01	2.667361e+03	3.542484e+02	3.740358e+02	7.908167e+01	4.294534e+01	1.629562e+02
589	1.695452e+01	2.659377e+03	3.547005e+02	3.725503e+02	7.887950e+01	4.292654e+01	1.656215e+02
590	1.698330e+01	2.673547e+03	3.551774e+02	3.709031e+02	7.849873e+01	4.336460e+01	1.681874e+02
591	1.701209e+01	2.667629e+03	3.557334e+02	3.694219e+02	7.908433e+01	4.294822e+01	1.709879e+02
592	1.704088e+01	2.672865e+03	3.561099e+02	3.679173e+02	7.861471e+01	4.328958e+01	1.733237e+02
593	1.706966e+01	2.653160e+03	3.568884e+02	3.665902e+02	7.866375e+01	4.294365e+01	1.757269e+02
594	1.709845e+01	2.661343e+03	3.577406e+02	3.652139e+02	7.878262e+01	4.301111e+01	1.785217e+02
595	1.712723e+01	2.640124e+03	3.586646e+02	3.640643e+02	7.819093e+01	4.299105e+01	1.018642e+00
596	1.715602e+01	2.682442e+03	3.594775e+02	3.625157e+02	7.936107e+01	4.303610e+01	4.249004e+00
597	1.718480e+01	2.651519e+03	3.603339e+02	3.612016e+02	7.900719e+01	4.273053e+01	6.316854e+00
598	1.721359e+01	2.656606e+03	3.613144e+02	3.600757e+02	7.918462e+01	4.271658e+01	8.782411e+00
599	1.724237e+01	2.658957e+03	3.622811e+02	3.587806e+02	7.877593e+01	4.297618e+01	1.194982e+01
600	1.727116e+01	2.655656e+03	3.633979e+02	3.579363e+02	7.910243e+01	4.274566e+01	1.468419e+01
601	1.729994e+01	2.639952e+03	3.646968e+02	3.569546e+02	7.879933e+01	4.265634e+01	1.695396e+01
602	1.732873e+01	2.650634e+03	3.660268e+02	3.558846e+02	7.874643e+01	4.285772e+01	1.980742e+01
603	1.735751e+01	2.653218e+03	3.671384e+02	3.549344e+02	7.914574e+01	4.268306e+01	2.235845e+01
604	1.738630e+01	2.653296e+03	3.685285e+02	3.540237e+02	7.914414e+01	4.268517e+01	2.450143e+01
605	1.741508e+01	2.635956e+03	3.698991e+02	3.533056e+02	7.876066e+01	4.261268e+01	2.720415e+01
606	1.744387e+01	2.673479e+03	3.713823e+02	3.524388e+02	7.970543e+01	4.270699e+01	3.053118e+01
607	1.747265e+01	2.653214e+03	3.725980e+02	3.519633e+02	7.916303e+01	4.267368e+01	3.242733e+01
608	1.750144e+01	2.661137e+03	3.741793e+02	3.512684e+02	7.945481e+01	4.264393e+01	3.581927e+01
609	1.753022e+01	2.657701e+03	3.756612e+02	3.507148e+02	7.933374e+01	4.265385e+01	3.830318e+01
610	1.755901e+01	2.657264e+03	3.771623e+02	3.503285e+02	7.966895e+01	4.246740e+01	4.080777e+01
611	1.758780e+01	2.641300e+03	3.787924e+02	3.500290e+02	7.895318e+01	4.259497e+01	4.362059e+01
612	1.761658e+01	2.640038e+03	3.802863e+02	3.497814e+02	7.886942e+01	4.261983e+01	4.607481e+01
613	1.764537e+01	2.646537e+03	3.821006e+02	3.494807e+02	7.904483e+01	4.262992e+01	4.923710e+01
614	1.767415e+01	2.633501e+03	3.836422e+02	3.493706e+02	7.919464e+01	4.233970e+01	5.185891e+01
615	1.770294e+01	2.632142e+03	3.852827e+02	3.493293e+02	7.910375e+01	4.236648e+01	5.479820e+01
616	1.773172e+01	2.637874e+03	3.869435e+02	3.493872e+02	7.940539e+01	4.229745e+01	5.718418e+01
617	1.776051e+01	2.627125e+03	3.884635e+02	3.495692e+02	7.898428e+01	4.234969e+01	6.000296e+01
618	1.778929e+01	2.626235e+03	3.901960e+02	3.496449e+02	7.930334e+01	4.216501e+01	6.274709e+01
619	1.781808e+01	2.632878e+03	3.917783e+02	3.498871e+02	7.945016e+01	4.219355e+01	6.555993e+01
620	1.784686e+01	2.629095e+03	3.932012e+02	3.502439e+02	7.902404e+01	4.236012e+01	6.853658e+01
621	1.787565e+01	2.617957e+03	3.948234e+02	3.507254e+02	7.921046e+01	4.208139e+01	7.161700e+01
622	1.790443e+01	2.625659e+03	3.964825e+02	3.511144e+02	7.969543e+01	4.194836e+01	7.383404e+01
623	1.793322e+01	2.627361e+03	3.976975e+02	3.517133e+02	7.947073e+01	4.209424e+01	7.617242e+01
624	1.796200e+01	2.617448e+03	4.008319e+02	3.532155e+02	7.972228e+01	4.180310e+01	8.174129e+01
625	1.799079e+01	2.627472e+03	4.022071e+02	3.539658e+02	8.002288e+01	4.180556e+01	8.421849e+01
626	1.801957e+01	2.629429e+03	4.035309e+02	3.548042e+02	7.977282e+01	4.196785e+01	8.676283e+01
627	1.804836e+01	2.636720e+03	4.049524e+02	3.557976e+02	7.984153e+01	4.204799e+01	8.942812e+01
628	1.807714e+01	2.625608e+03	4.062881e+02	3.566861e+02	7.958356e+01	4.200650e+01	9.202007e+01
629	1.810593e+01	2.625827e+03	4.075113e+02	3.577776e+02	7.981227e+01	4.188964e+01	9.441169e+01
630	1.813472e+01	2.628764e+03	4.085081e+02	3.589730e+02	7.980109e+01	4.194236e+01	9.737361e+01
631	1.816350e+01	2.623968e+03	4.098581e+02	3.601971e+02	7.949227e+01	4.202848e+01	9.982199e+01
632	1.819229e+01	2.612055e+03	4.107151e+02	3.613902e+02	7.925255e+01	4.196422e+01	1.025357e+02
633	1.822107e+01	2.621529e+03	4.119797e+02	3.626386e+02	7.964471e+01	4.190905e+01	1.049558e+02
634	1.824986e+01	2.645362e+03	4.129101e+02	3.640623e+02	7.989143e+01	4.215946e+01	1.074482e+02
635	1.827864e+01	2.619984e+03	4.137179e+02	3.654918e+02	7.959706e+01	4.190943e+01	1.101661e+02
636	1.830743e+01	2.609992e+03	4.146700e+02	3.668506e+02	7.903930e+01	4.204420e+01	1.128566e+02
637	1.833621e+01	2.627193e+03	4.154329e+02	3.681768e+02	7.933182e+01	4.216526e+01	1.154628e+02
638	1.836500e+01	2.627620e+03	4.162585e+02	3.696520e+02	7.950297e+01	4.208132e+01	1.180357e+02
639	1.839378e+01	2.633973e+03	4.167946e+02	3.710660e+02	7.928710e+01	4.229790e+01	1.208508e+02
640	1.842257e+01	2.633704e+03	4.173407e+02	3.726296e+02	7.915272e+01	4.236540e+01	1.233852e+02
641	1.845135e+01	2.622952e+03	4.178751e+02	3.743680e+02	7.884199e+01	4.235873e+01	1.264191e+02
642	1.848014e+01	2.636434e+03	4.184467e+02	3.760094e+02	7.916231e+01	4.240417e+01	1.287836e+02
643	1.850892e+01	2.627230e+03	4.187135e+02	3.776644e+02	7.915717e+01	4.225888e+01	1.315289e+02
644	1.853771e+01	2.633952e+03	4.189504e+02	3.791747e+02	7.897012e+01	4.246736e+01	1.339799e+02
645	1.856649e+01	2.649621e+03	4.192433e+02	3.809831e+02	7.905550e+01	4.267385e+01	1.368232e+02
646	1.859528e+01	2.655783e+03	4.194136e+02	3.826211e+02	7.962815e+01	4.246548e+01	1.394852e+02
647	1.862406e+01	2.648293e+03	4.194932e+02	3.842844e+02	7.918069e+01	4.258501e+01	1.421987e+02
648	1.865285e+01	2.635042e+03	4.194866e+02	3.859580e+02	7.888869e+01	4.252877e+01	1.447559e+02
649	1.868164e+01	2.663631e+03	4.194250e+02	3.877190e+02	7.952504e+01	4.264619e+01	1.475123e+02
650	1.871042e+01	2.643918e+03	4.191346e+02	3.892998e+02	7.915388e+01	4.252907e+01	1.501345e+02
651	1.873921e+01	2.648747e+03	4.191173e+02	3.910286e+02	7.902887e+01	4.267415e+01	1.527296e+02
652	1.876799e+01	2.642006e+03	4.188570e+02	3.925227e+02	7.917548e+01	4.248672e+01	1.552921e+02
653	1.879678e+01	2.642072e+03	4.185627e+02	3.941775e+02	7.935944e+01	4.238929e+01	1.584186e+02
654	1.882556e+01	2.640039e+03	4.181557e+02	3.957646e+02	7.876918e+01	4.267408e+01	1.605018e+02
655	1.885435e+01	2.647834e+03	4.177176e+02	3.972845e+02	7.932607e+01	4.249961e+01	1.635304e+02
656	1.888313e+01	2.635889e+03	4.170982e+02	3.987932e+02	7.898328e+01	4.249150e+01	1.663127e+02
657	1.891192e+01	2.647658e+03	4.163883e+02	4.004253e+02	7.878516e+01	4.278855e+01	1.687950e+02
658	1.894070e+01	2.629297e+03	4.157267e+02	4.019141e+02	7.875618e+01	4.250746e+01	1.717012e+02
659	1.896949e+01	2.632036e+03	4.151805e+02	4.033768e+02	7.860612e+01	4.263298e+01	1.745725e+02
660	1.899827e+01	2.625139e+03	4.143662e+02	4.047517e+02	7.842013e+01	4.262210e+01	1.767323e+02
661	1.902706e+01	2.628387e+03	4.135434e+02	4.058415e+02	7.868999e+01	4.252848e+01	2.737655e-01
662	1.905584e+01	2.624920e+03	4.124125e+02	4.075903e+02	7.809531e+01	4.279580e+01	2.256522e+00
663	1.908463e+01	2.644751e+03	4.115208e+02	4.085457e+02	7.862109e+01	4.283076e+01	6.246976e+00
664	1.911341e+01	2.637568e+03	4.104359e+02	4.097558e+02	7.881169e+01	4.261115e+01	8.386366e+00
665	1.914220e+01	2.623485e+03	4.094313e+02	4.110524e+02	7.836105e+01	4.262737e+01	1.091053e+01
666	1.917098e+01	2.641376e+03	4.082222e+02	4.119631e+02	7.878429e+01	4.268751e+01	1.430709e+01
667	1.919977e+01	2.637027e+03	4.070395e+02	4.129576e+02	7.891920e+01	4.254437e+01	1.732031e+01
668	1.922855e+01	2.624593e+03	4.058665e+02	4.139594e+02	7.867218e+01	4.247671e+01	1.970472e+01
669	1.925734e+01	2.634195e+03	4.032113e+02	4.156158e+02	7.901463e+01	4.244734e+01	2.591240e+01
670	1.928613e+01	2.630403e+03	4.019093e+02	4.165570e+02	7.879595e+01	4.250388e+01	2.863097e+01
671	1.931491e+01	2.632328e+03	4.006276e+02	4.170565e+02	7.872628e+01	4.257262e+01	3.128661e+01
672	1.934370e+01	2.640167e+03	3.991614e+02	4.179544e+02	7.888417e+01	4.261393e+01	3.351554e+01
673	1.937248e+01	2.629085e+03	3.978464e+02	4.184276e+02	7.881271e+01	4.247354e+01	3.625082e+01
674	1.940127e+01	2.635393e+03	3.963694e+02	4.191016e+02	7.928201e+01	4.232342e+01	3.900889e+01
675	1.943005e+01	2.637472e+03	3.948843e+02	4.194162e+02	7.922063e+01	4.238964e+01	4.167987e+01
676	1.945884e+01	2.639334e+03	3.933757e+02	4.197215e+02	7.916312e+01	4.245037e+01	4.451591e+01
677	1.948762e+01	2.630739e+03	3.917179e+02	4.200630e+02	7.930020e+01	4.223900e+01	4.719894e+01
678	1.951641e+01	2.622856e+03	3.901483e+02	4.202711e+02	7.900353e+01	4.227056e+01	4.975725e+01
679	1.954519e+01	2.628006e+03	3.886570e+02	4.203578e+02	7.928822e+01	4.220150e+01	5.239489e+01
680	1.957398e+01	2.616163e+03	3.868364e+02	4.205005e+02	7.897062e+01	4.218027e+01	5.484969e+01
681	1.960276e+01	2.629852e+03	3.852627e+02	4.204180e+02	7.941444e+01	4.216401e+01	5.780483e+01
682	1.963155e+01	2.628711e+03	3.837261e+02	4.203012e+02	7.924162e+01	4.223764e+01	6.024446e+01
683	1.966033e+01	2.638265e+03	3.822585e+02	4.200973e+02	7.962861e+01	4.218513e+01	6.299171e+01
684	1.968912e+01	2.629079e+03	3.807288e+02	4.198457e+02	7.958169e+01	4.206303e+01	6.575967e+01
685	1.971790e+01	2.631680e+03	3.791740e+02	4.195564e+02	7.981237e+01	4.198295e+01	6.836869e+01
686	1.974669e+01	2.633073e+03	3.775952e+02	4.191961e+02	8.007241e+01	4.186877e+01	7.097804e+01
687	1.977547e+01	2.628846e+03	3.761448e+02	4.188057e+02	8.009647e+01	4.178899e+01	7.329443e+01
688	1.980426e+01	2.644131e+03	3.747430e+02	4.182877e+02	7.998908e+01	4.208840e+01	7.577933e+01
689	1.983305e+01	2.626029e+03	3.732874e+02	4.177355e+02	7.990978e+01	4.184173e+01	7.834935e+01
690	1.986183e+01	2.625140e+03	3.719320e+02	4.171320e+02	7.963819e+01	4.197022e+01	8.096046e+01
691	1.989062e+01	2.610405e+03	3.704425e+02	4.162760e+02	7.980518e+01	4.164730e+01	8.351088e+01
692	1.991940e+01	2.631964e+03	3.689213e+02	4.155708e+02	8.020571e+01	4.178157e+01	8.589067e+01
693	1.994819e+01	2.634434e+03	3.676778e+02	4.147622e+02	7.999741e+01	4.192967e+01	8.837902e+01
694	1.997697e+01	2.624085e+03	3.665326e+02	4.137636e+02	7.977711e+01	4.188029e+01	9.102818e+01
695	2.000576e+01	2.629312e+03	3.654232e+02	4.126085e+02	7.994286e+01	4.187671e+01	9.401409e+01
696	2.003454e+01	2.644077e+03	3.643423e+02	4.114931e+02	8.016596e+01	4.199467e+01	9.662962e+01
697	2.006333e+01	2.639913e+03	3.630503e+02	4.105330e+02	7.985317e+01	4.209277e+01	9.889385e+01
698	2.009211e+01	2.630431e+03	3.619117e+02	4.095326e+02	8.003024e+01	4.184880e+01	1.009877e+02
699	2.012090e+01	2.629819e+03	3.608800e+02	4.084549e+02	7.972001e+01	4.200188e+01	1.030698e+02
700	2.014968e+01	2.650935e+03	3.598903e+02	4.072502e+02	8.000066e+01	4.219059e+01	1.055241e+02
701	2.017847e+01	2.630803e+03	3.587905e+02	4.058995e+02	7.959700e+01	4.208252e+01	1.081069e+02
702	2.020725e+01	2.643113e+03	3.579125e+02	4.047386e+02	7.967138e+01	4.223996e+01	1.105507e+02
703	2.023604e+01	2.649645e+03	3.572685e+02	4.032636e+02	7.966645e+01	4.234698e+01	1.130452e+02
704	2.026482e+01	2.651813e+03	3.562840e+02	4.019110e+02	7.969125e+01	4.236843e+01	1.158031e+02
705	2.029361e+01	2.643815e+03	3.557976e+02	4.007538e+02	7.919559e+01	4.250502e+01	1.183366e+02
706	2.032239e+01	2.651832e+03	3.551905e+02	3.993649e+02	7.939986e+01	4.252422e+01	1.212165e+02
707	2.035118e+01	2.661051e+03	3.546048e+02	3.979456e+02	7.952185e+01	4.260659e+01	1.235532e+02
708	2.037997e+01	2.655043e+03	3.541897e+02	3.964106e+02	7.925521e+01	4.265341e+01	1.264551e+02
709	2.040875e+01	2.680403e+03	3.537334e+02	3.948725e+02	7.930830e+01	4.303201e+01	1.292726e+02
710	2.043754e+01	2.659765e+03	3.533646e+02	3.932849e+02	7.907809e+01	4.282499e+01	1.315614e+02
711	2.046632e+01	2.671271e+03	3.530367e+02	3.916429e+02	7.923090e+01	4.292730e+01	1.344522e+02
712	2.049511e+01	2.673487e+03	3.527762e+02	3.901221e+02	7.916805e+01	4.299701e+01	1.370311e+02
713	2.052389e+01	2.672549e+03	3.524987e+02	3.884426e+02	7.963255e+01	4.273121e+01	1.395945e+02
714	2.055268e+01	2.659687e+03	3.524122e+02	3.868457e+02	7.915637e+01	4.278138e+01	1.420195e+02
715	2.058146e+01	2.662104e+03	3.523346e+02	3.853440e+02	7.917081e+01	4.281245e+01	1.449486e+02
716	2.061025e+01	2.662593e+03	3.522849e+02	3.838799e+02	7.901448e+01	4.290503e+01	1.475851e+02
717	2.063903e+01	2.668546e+03	3.523223e+02	3.825669e+02	7.891258e+01	4.305648e+01	1.497402e+02
718	2.066782e+01	2.663425e+03	3.523405e+02	3.808492e+02	7.923234e+01	4.280043e+01	1.520990e+02
719	2.069660e+01	2.675353e+03	3.526959e+02	3.794636e+02	7.883603e+01	4.320823e+01	1.545792e+02
720	2.072539e+01	2.647148e+03	3.528705e+02	3.777647e+02	7.844312e+01	4.296685e+01	1.568263e+02
721	2.075417e+01	2.668009e+03	3.532850e+02	3.762945e+02	7.888715e+01	4.306170e+01	1.596201e+02
722	2.078296e+01	2.661041e+03	3.536000e+02	3.748030e+02	7.902968e+01	4.287178e+01	1.622218e+02
723	2.081174e+01	2.644171e+03	3.539397e+02	3.733857e+02	7.854104e+01	4.286501e+01	1.645141e+02
724	2.084053e+01	2.648414e+03	3.544580e+02	3.718509e+02	7.864852e+01	4.287513e+01	1.667734e+02
725	2.086931e+01	2.651019e+03	3.549492e+02	3.704035e+02	7.862780e+01	4.292862e+01	1.689656e+02
726	2.089810e+01	2.629687e+03	3.555014e+02	3.690711e+02	7.816068e+01	4.283766e+01	1.718555e+02
727	2.092689e+01	2.670305e+03	3.562520e+02	3.675448e+02	7.901801e+01	4.302737e+01	1.752444e+02
728	2.095567e+01	2.661480e+03	3.571244e+02	3.663603e+02	7.856496e+01	4.313247e+01	1.781549e+02
729	2.098446e+01	2.653634e+03	3.580922e+02	3.650394e+02	7.878819e+01	4.288348e+01	1.148628e+00
730	2.101324e+01	2.662720e+03	3.591920e+02	3.636290e+02	7.906532e+01	4.287949e+01	3.881083e+00
731	2.104203e+01	2.661386e+03	3.600006e+02	3.624937e+02	7.874412e+01	4.303283e+01	6.317242e+00
732	2.107081e+01	2.646143e+03	3.608438e+02	3.616497e+02	7.840282e+01	4.297262e+01	8.498773e+00
733	2.109960e+01	2.666735e+03	3.621227e+02	3.603191e+02	7.927419e+01	4.283099e+01	1.170217e+01
734	2.112838e+01	2.651937e+03	3.631958e+02	3.592274e+02	7.907616e+01	4.269999e+01	1.499008e+01
735	2.115717e+01	2.647155e+03	3.644250e+02	3.582315e+02	7.889340e+01	4.272173e+01	1.711933e+01
736	2.118595e+01	2.640837e+03	3.657363e+02	3.573514e+02	7.865251e+01	4.275030e+01	1.956219e+01
737	2.121474e+01	2.640547e+03	3.669808e+02	3.562596e+02	7.883430e+01	4.264702e+01	2.237353e+01
738	2.124352e+01	2.639513e+03	3.682188e+02	3.555042e+02	7.881750e+01	4.263942e+01	2.459160e+01
739	2.127231e+01	2.639182e+03	3.697981e+02	3.545536e+02	7.875824e+01	4.266615e+01	2.729559e+01
740	2.130109e+01	2.654351e+03	3.712611e+02	3.540052e+02	7.929065e+01	4.262324e+01	3.014490e+01
741	2.132988e+01	2.653622e+03	3.727278e+02	3.531635e+02	7.912807e+01	4.269909e+01	3.283375e+01
742	2.135866e+01	2.664768e+03	3.742548e+02	3.525231e+02	7.940628e+01	4.272821e+01	3.548198e+01
743	2.138745e+01	2.653279e+03	3.756991e+02	3.519920e+02	7.950504e+01	4.249115e+01	3.811743e+01
744	2.141623e+01	2.649728e+03	3.774261e+02	3.515267e+02	7.917046e+01	4.261360e+01	4.096307e+01
745	2.144502e+01	2.644000e+03	3.789120e+02	3.510602e+02	7.902669e+01	4.259884e+01	4.337238e+01
746	2.147381e+01	2.633929e+03	3.805183e+02	3.507896e+02	7.875997e+01	4.258029e+01	4.595171e+01
747	2.150259e+01	2.645668e+03	3.820955e+02	3.504114e+02	7.941072e+01	4.241958e+01	4.899662e+01
748	2.153138e+01	2.630545e+03	3.836210e+02	3.502995e+02	7.909333e+01	4.234635e+01	5.170109e+01
749	2.156016e+01	2.641285e+03	3.852141e+02	3.502441e+02	7.929614e+01	4.241049e+01	5.437309e+01
750	2.158895e+01	2.632565e+03	3.868090e+02	3.502126e+02	7.918658e+01	4.232896e+01	5.692871e+01
751	2.161773e+01	2.629205e+03	3.885487e+02	3.504128e+02	7.926353e+01	4.223390e+01	5.956197e+01
752	2.164652e+01	2.628768e+03	3.901066e+02	3.504605e+02	7.911223e+01	4.230763e+01	6.221605e+01
753	2.167530e+01	2.636963e+03	3.917837e+02	3.506393e+02	7.922881e+01	4.237708e+01	6.504690e+01
754	2.170409e+01	2.635154e+03	3.931273e+02	3.510860e+02	7.967541e+01	4.211063e+01	6.800840e+01
755	2.173287e+01	2.622900e+03	3.948071e+02	3.515513e+02	7.947247e+01	4.202185e+01	7.097232e+01
756	2.176166e+01	2.633612e+03	3.962577e+02	3.519102e+02	7.963489e+01	4.210741e+01	7.367828e+01
757	2.179044e+01	2.623375e+03	3.977389e+02	3.525920e+02	7.931294e+01	4.211400e+01	7.608366e+01
758	2.181923e+01	2.616054e+03	3.993073e+02	3.533016e+02	7.953806e+01	4.187761e+01	7.906910e+01
759	2.184801e+01	2.623496e+03	4.008494e+02	3.541083e+02	7.950858e+01	4.201231e+01	8.147102e+01
760	2.187680e+01	2.639884e+03	4.022790e+02	3.549340e+02	7.992612e+01	4.205390e+01	8.391865e+01
761	2.190558e+01	2.633771e+03	4.035930e+02	3.559276e+02	7.967608e+01	4.208819e+01	8.645661e+01
762	2.193437e+01	2.642818e+03	4.049838e+02	3.569531e+02	8.016823e+01	4.197350e+01	8.921958e+01
763	2.196315e+01	2.635818e+03	4.061685e+02	3.580261e+02	7.969554e+01	4.211060e+01	9.160674e+01
764	2.199194e+01	2.629682e+03	4.072776e+02	3.590733e+02	7.961008e+01	4.205768e+01	9.447284e+01
765	2.202073e+01	2.638675e+03	4.087142e+02	3.601638e+02	8.003786e+01	4.197594e+01	9.679251e+01
766	2.204951e+01	2.619347e+03	4.097445e+02	3.613714e+02	7.918801e+01	4.211567e+01	9.977565e+01
767	2.207830e+01	2.613918e+03	4.111020e+02	3.626172e+02	7.935393e+01	4.194050e+01	1.019107e+02
768	2.210708e+01	2.625389e+03	4.120491e+02	3.639905e+02	7.945306e+01	4.207200e+01	1.044761e+02
769	2.213587e+01	2.609564e+03	4.127078e+02	3.653250e+02	7.933325e+01	4.188155e+01	1.072978e+02
770	2.216465e+01	2.623679e+03	4.138520e+02	3.666907e+02	7.927243e+01	4.214040e+01	1.099281e+02
771	2.219344e+01	2.623732e+03	4.148552e+02	3.681297e+02	7.935736e+01	4.209615e+01	1.124095e+02
772	2.222222e+01	2.631567e+03	4.156473e+02	3.695210e+02	7.950809e+01	4.214182e+01	1.152541e+02
773	2.225101e+01	2.637060e+03	4.162935e+02	3.709855e+02	7.953711e+01	4.221437e+01	1.174527e+02
774	2.227979e+01	2.611500e+03	4.167626e+02	3.724875e+02	7.867541e+01	4.226308e+01	1.205916e+02
775	2.230858e+01	2.620067e+03	4.176982e+02	3.743598e+02	7.897275e+01	4.224208e+01	1.230259e+02
776	2.233736e+01	2.631738e+03	4.184287e+02	3.760372e+02	7.924073e+01	4.228674e+01	1.255029e+02
777	2.236615e+01	2.643689e+03	4.188201e+02	3.775941e+02	7.932215e+01	4.243517e+01	1.280791e+02
778	2.239493e+01	2.649496e+03	4.193681e+02	3.793137e+02	7.922733e+01	4.257929e+01	1.306704e+02
779	2.242372e+01	2.642238e+03	4.195575e+02	3.809153e+02	7.911195e+01	4.252458e+01	1.334086e+02
780	2.245250e+01	2.652557e+03	4.198107e+02	3.826742e+02	7.960213e+01	4.242776e+01	1.362958e+02
781	2.248129e+01	2.640197e+03	4.198963e+02	3.843262e+02	7.915439e+01	4.246894e+01	1.386968e+02
782	2.251007e+01	2.646262e+03	4.199332e+02	3.860526e+02	7.918263e+01	4.255132e+01	1.417993e+02
783	2.253886e+01	2.634222e+03	4.199758e+02	3.878043e+02	7.897313e+01	4.247009e+01	1.443220e+02
784	2.256765e+01	2.624598e+03	4.196978e+02	3.894273e+02	7.882954e+01	4.239200e+01	1.470156e+02
785	2.259643e+01	2.646014e+03	4.197537e+02	3.914807e+02	7.927525e+01	4.249762e+01	1.496880e+02
786	2.262522e+01	2.653158e+03	4.194253e+02	3.930201e+02	7.933610e+01	4.257968e+01	1.522583e+02
787	2.265400e+01	2.645407e+03	4.190316e+02	3.946862e+02	7.944920e+01	4.239484e+01	1.555732e+02
788	2.268279e+01	2.650256e+03	4.185175e+02	3.960828e+02	7.931856e+01	4.254251e+01	1.581626e+02
789	2.271157e+01	2.627572e+03	4.182520e+02	3.979032e+02	7.911079e+01	4.228917e+01	1.611793e+02
790	2.274036e+01	2.618591e+03	4.177810e+02	3.994698e+02	7.868372e+01	4.237336e+01	1.635198e+02
791	2.276914e+01	2.631049e+03	4.172628e+02	4.009938e+02	7.908521e+01	4.235881e+01	1.666527e+02
792	2.279793e+01	2.637798e+03	4.164289e+02	4.025076e+02	7.892027e+01	4.255622e+01	1.692355e+02
793	2.282671e+01	2.642860e+03	4.158737e+02	4.040629e+02	7.900947e+01	4.258976e+01	1.720706e+02
794	2.285550e+01	2.626271e+03	4.151385e+02	4.056313e+02	7.889449e+01	4.238411e+01	1.746741e+02
795	2.288428e+01	2.630245e+03	4.141371e+02	4.070024e+02	7.824766e+01	4.279913e+01	1.776341e+02
796	2.291307e+01	2.644704e+03	4.132059e+02	4.082761e+02	7.859682e+01	4.284323e+01	6.730087e-01
797	2.294185e+01	2.629946e+03	4.121177e+02	4.096974e+02	7.852498e+01	4.264313e+01	3.309616e+00
798	2.297064e+01	2.625740e+03	4.111196e+02	4.107676e+02	7.872995e+01	4.246410e+01	6.194514e+00
799	2.299942e+01	2.637782e+03	4.099388e+02	4.119666e+02	7.870226e+01	4.267385e+01	9.825322e+00
