1	2.901073e-02	2.607501e+03	4.706319e+02	3.362584e+02	7.889767e+01	4.207948e+01	1.279663e+02
2	5.802147e-02	2.615242e+03	4.706415e+02	3.368380e+02	7.894037e+01	4.218158e+01	1.299065e+02
3	8.703220e-02	2.606550e+03	4.706957e+02	3.375663e+02	7.876104e+01	4.213711e+01	1.314942e+02
4	1.160429e-01	2.625788e+03	4.706228e+02	3.380971e+02	7.925343e+01	4.218438e+01	1.336203e+02
5	1.450537e-01	2.623745e+03	4.708495e+02	3.389790e+02	7.891493e+01	4.233236e+01	1.356559e+02
6	1.740644e-01	2.617668e+03	4.707836e+02	3.396432e+02	7.884818e+01	4.227008e+01	1.380680e+02
7	2.030751e-01	2.613618e+03	4.708394e+02	3.403679e+02	7.873946e+01	4.226295e+01	1.395911e+02
8	2.320859e-01	2.610458e+03	4.706191e+02	3.409016e+02	7.859523e+01	4.228931e+01	1.421090e+02
9	2.610966e-01	2.608474e+03	4.706259e+02	3.417059e+02	7.854986e+01	4.228158e+01	1.438754e+02
10	2.901073e-01	2.623328e+03	4.704240e+02	3.423314e+02	7.886658e+01	4.235158e+01	1.462138e+02
11	3.191181e-01	2.612194e+03	4.701969e+02	3.429952e+02	7.893623e+01	4.213462e+01	1.486679e+02
12	3.481288e-01	2.601623e+03	4.700388e+02	3.437930e+02	7.851291e+01	4.219038e+01	1.509411e+02
13	3.771395e-01	2.620850e+03	4.699170e+02	3.444153e+02	7.876376e+01	4.236681e+01	1.529060e+02
14	4.061503e-01	2.622721e+03	4.695888e+02	3.449261e+02	7.876213e+01	4.239793e+01	1.551984e+02
15	4.351610e-01	2.639881e+03	4.693491e+02	3.456587e+02	7.937486e+01	4.234591e+01	1.572917e+02
16	4.641717e-01	2.631305e+03	4.691635e+02	3.463985e+02	7.876812e+01	4.253347e+01	1.593273e+02
17	4.931825e-01	2.645126e+03	4.688139e+02	3.468819e+02	7.894123e+01	4.266312e+01	1.613580e+02
18	5.221932e-01	2.642768e+03	4.683616e+02	3.473311e+02	7.880786e+01	4.269722e+01	1.634863e+02
19	5.512039e-01	2.652201e+03	4.681738e+02	3.481163e+02	7.913636e+01	4.267176e+01	1.659448e+02
20	5.802147e-01	2.639770e+03	4.676714e+02	3.487224e+02	7.880040e+01	4.265282e+01	1.680401e+02
21	6.092254e-01	2.641431e+03	4.674833e+02	3.491833e+02	7.885381e+01	4.265075e+01	1.702502e+02
22	6.382361e-01	2.628947e+03	4.669758e+02	3.496880e+02	7.867729e+01	4.254441e+01	1.722790e+02
23	6.672469e-01	2.642509e+03	4.664657e+02	3.502754e+02	7.892782e+01	4.262815e+01	1.746645e+02
24	6.962576e-01	2.641509e+03	4.656019e+02	3.514573e+02	7.857951e+01	4.280090e+01	1.787040e+02
25	7.252683e-01	2.636315e+03	4.650879e+02	3.519532e+02	7.850166e+01	4.275911e+01	9.231557e-01
26	7.542791e-01	2.628205e+03	4.646741e+02	3.523689e+02	7.875639e+01	4.248969e+01	3.001473e+00
27	7.832898e-01	2.626629e+03	4.640995e+02	3.528517e+02	7.851665e+01	4.259387e+01	5.281550e+00
28	8.123006e-01	2.637879e+03	4.634904e+02	3.532570e+02	7.873322e+01	4.265864e+01	7.505916e+00
29	8.413113e-01	2.644177e+03	4.629440e+02	3.536016e+02	7.899918e+01	4.261652e+01	9.941159e+00
30	8.703220e-01	2.645605e+03	4.623444e+02	3.539207e+02	7.904893e+01	4.261270e+01	1.217085e+01
31	8.993328e-01	2.640620e+03	4.617061e+02	3.544963e+02	7.898559e+01	4.256652e+01	1.406152e+01
32	9.283435e-01	2.631182e+03	4.611114e+02	3.548153e+02	7.847115e+01	4.269245e+01	1.628420e+01
33	9.573542e-01	2.640175e+03	4.605119e+02	3.551436e+02	7.894748e+01	4.257990e+01	1.849694e+01
34	9.863650e-01	2.642993e+03	4.598389e+02	3.555045e+02	7.882926e+01	4.268927e+01	2.107978e+01
35	1.015376e+00	2.644628e+03	4.591811e+02	3.556868e+02	7.899674e+01	4.262511e+01	2.334184e+01
36	1.044386e+00	2.629763e+03	4.586133e+02	3.558937e+02	7.856663e+01	4.261757e+01	2.549688e+01
37	1.073397e+00	2.627746e+03	4.579867e+02	3.560917e+02	7.855768e+01	4.258974e+01	2.763124e+01
38	1.102408e+00	2.655233e+03	4.571735e+02	3.564085e+02	7.904470e+01	4.277007e+01	2.991948e+01
39	1.131419e+00	2.651972e+03	4.566369e+02	3.564777e+02	7.914378e+01	4.266408e+01	3.189842e+01
40	1.160429e+00	2.645967e+03	4.558520e+02	3.567790e+02	7.911392e+01	4.258352e+01	3.439946e+01
41	1.189440e+00	2.644130e+03	4.551145e+02	3.569619e+02	7.882409e+01	4.271043e+01	3.644690e+01
42	1.218451e+00	2.640475e+03	4.544201e+02	3.570417e+02	7.908531e+01	4.251051e+01	3.891435e+01
43	1.247462e+00	2.644762e+03	4.537846e+02	3.570461e+02	7.940197e+01	4.240972e+01	4.068576e+01
44	1.276472e+00	2.618792e+03	4.531869e+02	3.570779e+02	7.884603e+01	4.228938e+01	4.312796e+01
45	1.305483e+00	2.623227e+03	4.524537e+02	3.571259e+02	7.917400e+01	4.218553e+01	4.470011e+01
46	1.334494e+00	2.625115e+03	4.518021e+02	3.571574e+02	7.892122e+01	4.235109e+01	4.694590e+01
47	1.363504e+00	2.625073e+03	4.510732e+02	3.570548e+02	7.912050e+01	4.224375e+01	4.912820e+01
48	1.392515e+00	2.630504e+03	4.503972e+02	3.570517e+02	7.946148e+01	4.214949e+01	5.137532e+01
49	1.421526e+00	2.618425e+03	4.497803e+02	3.569432e+02	7.893607e+01	4.223521e+01	5.367258e+01
50	1.450537e+00	2.629088e+03	4.491023e+02	3.567409e+02	7.961926e+01	4.204333e+01	5.573476e+01
51	1.479547e+00	2.622295e+03	4.484685e+02	3.567863e+02	7.947578e+01	4.201041e+01	5.795353e+01
52	1.508558e+00	2.605224e+03	4.477246e+02	3.565971e+02	7.895022e+01	4.201476e+01	5.996636e+01
53	1.537569e+00	2.617620e+03	4.471180e+02	3.564882e+02	7.925516e+01	4.205225e+01	6.168961e+01
54	1.566580e+00	2.620460e+03	4.456647e+02	3.561340e+02	7.948260e+01	4.197741e+01	6.573264e+01
55	1.595590e+00	2.618288e+03	4.452009e+02	3.557766e+02	7.968041e+01	4.183849e+01	6.762473e+01
56	1.624601e+00	2.606734e+03	4.443832e+02	3.556068e+02	7.959734e+01	4.169733e+01	6.995566e+01
57	1.653612e+00	2.634187e+03	4.436786e+02	3.552918e+02	7.960166e+01	4.213419e+01	7.231327e+01
58	1.682623e+00	2.614687e+03	4.432050e+02	3.549680e+02	7.962959e+01	4.180761e+01	7.418012e+01
59	1.711633e+00	2.613977e+03	4.425760e+02	3.547080e+02	7.982890e+01	4.169191e+01	7.598273e+01
60	1.740644e+00	2.617394e+03	4.420481e+02	3.543205e+02	7.993756e+01	4.168965e+01	7.788210e+01
61	1.769655e+00	2.620752e+03	4.413870e+02	3.539808e+02	8.017661e+01	4.161868e+01	7.978432e+01
62	1.798666e+00	2.614565e+03	4.407491e+02	3.535835e+02	8.000919e+01	4.160732e+01	8.170386e+01
63	1.827676e+00	2.603757e+03	4.402886e+02	3.531535e+02	8.007441e+01	4.140157e+01	8.334277e+01
64	1.856687e+00	2.610855e+03	4.396375e+02	3.527267e+02	7.989658e+01	4.160683e+01	8.553135e+01
65	1.885698e+00	2.609398e+03	4.392202e+02	3.523157e+02	7.994353e+01	4.155920e+01	8.762850e+01
66	1.914708e+00	2.627836e+03	4.386573e+02	3.519034e+02	8.003542e+01	4.180480e+01	8.935091e+01
67	1.943719e+00	2.613254e+03	4.382426e+02	3.514050e+02	8.000455e+01	4.158887e+01	9.128137e+01
68	1.972730e+00	2.623648e+03	4.377685e+02	3.508963e+02	7.997820e+01	4.176803e+01	9.307671e+01
69	2.001741e+00	2.609427e+03	4.374542e+02	3.504391e+02	7.974390e+01	4.166369e+01	9.521935e+01
70	2.030751e+00	2.606303e+03	4.369791e+02	3.499234e+02	7.978503e+01	4.159236e+01	9.718813e+01
71	2.059762e+00	2.618929e+03	4.365228e+02	3.493981e+02	7.969954e+01	4.183869e+01	9.909237e+01
72	2.088773e+00	2.610519e+03	4.361790e+02	3.487918e+02	7.977234e+01	4.166627e+01	1.011517e+02
73	2.117784e+00	2.616081e+03	4.357912e+02	3.482502e+02	7.950829e+01	4.189371e+01	1.029820e+02
74	2.146794e+00	2.622177e+03	4.354144e+02	3.476408e+02	7.958775e+01	4.194941e+01	1.047564e+02
75	2.175805e+00	2.629651e+03	4.350414e+02	3.469365e+02	7.982693e+01	4.194293e+01	1.071122e+02
76	2.204816e+00	2.618211e+03	4.347686e+02	3.463866e+02	7.959074e+01	4.188439e+01	1.090685e+02
77	2.233827e+00	2.616904e+03	4.345253e+02	3.459008e+02	7.945809e+01	4.193336e+01	1.109108e+02
78	2.262837e+00	2.636539e+03	4.343767e+02	3.452321e+02	7.970914e+01	4.211493e+01	1.128688e+02
79	2.291848e+00	2.627094e+03	4.339918e+02	3.446787e+02	7.928056e+01	4.219092e+01	1.147094e+02
80	2.320859e+00	2.629805e+03	4.338640e+02	3.441006e+02	7.926550e+01	4.224249e+01	1.165718e+02
81	2.349869e+00	2.628502e+03	4.338107e+02	3.435076e+02	7.939593e+01	4.215220e+01	1.186386e+02
82	2.378880e+00	2.640231e+03	4.335866e+02	3.428549e+02	7.929679e+01	4.239323e+01	1.204157e+02
83	2.407891e+00	2.640290e+03	4.334450e+02	3.422890e+02	7.951244e+01	4.227919e+01	1.225101e+02
84	2.436902e+00	2.632078e+03	4.334257e+02	3.416627e+02	7.917928e+01	4.232504e+01	1.244456e+02
85	2.465912e+00	2.636622e+03	4.332730e+02	3.410846e+02	7.905685e+01	4.246376e+01	1.260834e+02
86	2.494923e+00	2.634072e+03	4.330996e+02	3.403291e+02	7.900377e+01	4.245121e+01	1.279967e+02
87	2.523934e+00	2.635626e+03	4.330230e+02	3.397686e+02	7.897453e+01	4.249196e+01	1.300570e+02
88	2.552945e+00	2.653591e+03	4.330957e+02	3.391144e+02	7.911163e+01	4.270747e+01	1.323723e+02
89	2.581955e+00	2.638793e+03	4.329138e+02	3.383490e+02	7.876338e+01	4.265707e+01	1.341216e+02
90	2.610966e+00	2.647386e+03	4.330703e+02	3.378080e+02	7.907592e+01	4.262685e+01	1.363250e+02
91	2.639977e+00	2.646425e+03	4.330184e+02	3.371263e+02	7.900871e+01	4.264762e+01	1.385131e+02
92	2.668988e+00	2.631606e+03	4.330427e+02	3.364001e+02	7.898243e+01	4.242292e+01	1.405589e+02
93	2.697998e+00	2.646432e+03	4.332015e+02	3.359066e+02	7.913518e+01	4.257956e+01	1.424882e+02
94	2.727009e+00	2.637965e+03	4.332111e+02	3.350415e+02	7.874313e+01	4.265466e+01	1.447205e+02
95	2.756020e+00	2.656335e+03	4.334508e+02	3.345053e+02	7.904916e+01	4.278541e+01	1.463679e+02
96	2.785030e+00	2.641061e+03	4.333974e+02	3.336483e+02	7.879726e+01	4.267538e+01	1.486377e+02
97	2.814041e+00	2.649406e+03	4.337052e+02	3.331681e+02	7.900948e+01	4.269524e+01	1.506342e+02
98	2.843052e+00	2.638500e+03	4.338364e+02	3.326184e+02	7.863422e+01	4.272240e+01	1.526756e+02
99	2.872063e+00	2.648723e+03	4.339305e+02	3.319595e+02	7.894525e+01	4.271896e+01	1.541115e+02
100	2.901073e+00	2.645655e+03	4.343388e+02	3.315495e+02	7.897401e+01	4.265393e+01	1.563130e+02
101	2.930084e+00	2.637987e+03	4.344486e+02	3.307854e+02	7.890776e+01	4.256602e+01	1.585442e+02
102	2.959095e+00	2.638508e+03	4.348076e+02	3.302397e+02	7.855560e+01	4.276529e+01	1.606802e+02
103	2.988106e+00	2.635640e+03	4.350535e+02	3.296866e+02	7.851223e+01	4.274240e+01	1.620840e+02
104	3.017116e+00	2.630490e+03	4.353405e+02	3.290846e+02	7.854505e+01	4.264106e+01	1.643247e+02
105	3.046127e+00	2.630398e+03	4.357240e+02	3.287756e+02	7.848428e+01	4.267257e+01	1.666715e+02
106	3.075138e+00	2.637435e+03	4.360811e+02	3.278932e+02	7.891563e+01	4.255288e+01	1.688934e+02
107	3.104149e+00	2.671246e+03	4.362210e+02	3.268805e+02	8.008248e+01	4.247041e+01	1.701340e+02
108	3.133159e+00	2.629684e+03	4.367997e+02	3.268114e+02	7.857361e+01	4.261250e+01	1.729044e+02
109	3.162170e+00	2.630242e+03	4.372776e+02	3.264425e+02	7.857475e+01	4.262092e+01	1.752769e+02
110	3.191181e+00	2.632919e+03	4.376779e+02	3.258253e+02	7.847026e+01	4.272112e+01	1.773004e+02
111	3.220191e+00	2.638131e+03	4.380917e+02	3.253107e+02	7.847884e+01	4.280100e+01	1.795005e+02
112	3.249202e+00	2.645375e+03	4.386805e+02	3.248184e+02	7.843056e+01	4.294494e+01	1.773084e+00
113	3.278213e+00	2.634740e+03	4.392385e+02	3.242993e+02	7.891835e+01	4.250793e+01	3.930895e+00
114	3.307224e+00	2.634674e+03	4.395921e+02	3.238944e+02	7.865072e+01	4.265150e+01	6.076783e+00
115	3.336234e+00	2.629660e+03	4.401937e+02	3.234742e+02	7.827270e+01	4.277593e+01	8.250716e+00
116	3.365245e+00	2.641185e+03	4.408149e+02	3.230544e+02	7.878725e+01	4.268281e+01	1.080760e+01
117	3.394256e+00	2.629646e+03	4.413660e+02	3.227853e+02	7.828611e+01	4.276837e+01	1.247917e+01
118	3.423267e+00	2.640740e+03	4.419708e+02	3.222613e+02	7.856918e+01	4.279406e+01	1.514110e+01
119	3.452277e+00	2.640921e+03	4.425856e+02	3.220249e+02	7.870895e+01	4.272100e+01	1.707450e+01
120	3.481288e+00	2.629801e+03	4.431339e+02	3.216847e+02	7.853957e+01	4.263286e+01	1.928137e+01
121	3.510299e+00	2.620389e+03	4.436971e+02	3.214903e+02	7.818785e+01	4.267136e+01	2.150293e+01
122	3.539310e+00	2.636153e+03	4.444794e+02	3.209285e+02	7.871053e+01	4.264302e+01	2.369578e+01
123	3.568320e+00	2.643010e+03	4.451389e+02	3.207490e+02	7.878424e+01	4.271394e+01	2.610095e+01
124	3.597331e+00	2.617624e+03	4.457852e+02	3.205525e+02	7.837370e+01	4.252526e+01	2.800685e+01
125	3.626342e+00	2.641760e+03	4.465467e+02	3.201693e+02	7.918104e+01	4.247979e+01	3.062019e+01
126	3.655352e+00	2.624537e+03	4.471998e+02	3.201004e+02	7.861089e+01	4.250893e+01	3.208679e+01
127	3.684363e+00	2.621766e+03	4.478430e+02	3.198398e+02	7.896067e+01	4.227594e+01	3.466210e+01
128	3.713374e+00	2.633487e+03	4.484965e+02	3.197757e+02	7.903897e+01	4.242287e+01	3.658089e+01
129	3.742385e+00	2.619556e+03	4.492223e+02	3.197591e+02	7.855415e+01	4.245889e+01	3.893045e+01
130	3.771395e+00	2.622792e+03	4.497727e+02	3.196843e+02	7.892007e+01	4.231424e+01	4.105740e+01
131	3.800406e+00	2.624002e+03	4.506833e+02	3.195481e+02	7.864330e+01	4.248274e+01	4.290149e+01
132	3.829417e+00	2.612632e+03	4.512560e+02	3.195440e+02	7.867648e+01	4.228082e+01	4.523650e+01
133	3.858428e+00	2.612855e+03	4.519863e+02	3.194516e+02	7.885841e+01	4.218688e+01	4.740356e+01
134	3.887438e+00	2.599692e+03	4.525756e+02	3.196015e+02	7.845879e+01	4.218815e+01	4.964482e+01
135	3.916449e+00	2.613174e+03	4.533405e+02	3.196433e+02	7.901741e+01	4.210713e+01	5.166677e+01
136	3.945460e+00	2.602383e+03	4.539274e+02	3.198210e+02	7.854340e+01	4.218633e+01	5.395379e+01
137	3.974471e+00	2.617258e+03	4.547683e+02	3.198154e+02	7.926714e+01	4.204008e+01	5.605380e+01
138	4.003481e+00	2.595101e+03	4.552199e+02	3.200308e+02	7.870715e+01	4.198076e+01	5.843406e+01
139	4.032492e+00	2.611047e+03	4.560783e+02	3.199660e+02	7.907005e+01	4.204485e+01	6.025610e+01
140	4.061503e+00	2.602253e+03	4.567949e+02	3.202171e+02	7.906270e+01	4.190714e+01	6.255716e+01
141	4.090513e+00	2.599766e+03	4.573825e+02	3.204127e+02	7.915742e+01	4.181699e+01	6.436751e+01
142	4.119524e+00	2.608282e+03	4.580908e+02	3.206645e+02	7.929099e+01	4.188329e+01	6.672578e+01
143	4.148535e+00	2.593957e+03	4.587741e+02	3.208408e+02	7.908599e+01	4.176123e+01	6.889603e+01
144	4.177546e+00	2.590773e+03	4.593365e+02	3.212512e+02	7.910613e+01	4.169936e+01	7.100967e+01
145	4.206556e+00	2.594609e+03	4.600063e+02	3.214544e+02	7.930791e+01	4.165485e+01	7.282520e+01
146	4.235567e+00	2.605273e+03	4.607600e+02	3.217974e+02	7.984579e+01	4.154429e+01	7.469209e+01
147	4.264578e+00	2.586721e+03	4.613092e+02	3.220746e+02	7.924522e+01	4.156106e+01	7.671109e+01
148	4.293589e+00	2.587652e+03	4.618735e+02	3.224012e+02	7.938271e+01	4.150401e+01	7.863650e+01
149	4.322599e+00	2.594131e+03	4.625877e+02	3.227397e+02	7.948142e+01	4.155625e+01	8.072832e+01
150	4.351610e+00	2.588074e+03	4.630551e+02	3.231819e+02	7.985663e+01	4.126442e+01	8.274784e+01
151	4.380621e+00	2.593821e+03	4.636021e+02	3.236147e+02	8.012090e+01	4.121965e+01	8.471748e+01
152	4.409632e+00	2.578080e+03	4.640862e+02	3.241151e+02	7.963361e+01	4.122019e+01	8.694216e+01
153	4.438642e+00	2.584505e+03	4.646159e+02	3.245822e+02	7.979562e+01	4.123902e+01	8.879635e+01
154	4.467653e+00	2.589065e+03	4.653192e+02	3.249505e+02	7.981212e+01	4.130325e+01	9.051895e+01
155	4.496664e+00	2.596667e+03	4.656870e+02	3.255560e+02	7.994440e+01	4.135598e+01	9.255739e+01
156	4.525674e+00	2.601189e+03	4.660463e+02	3.260086e+02	7.981762e+01	4.149381e+01	9.460721e+01
157	4.554685e+00	2.593164e+03	4.664982e+02	3.264738e+02	7.994989e+01	4.129736e+01	9.651344e+01
158	4.583696e+00	2.580810e+03	4.669644e+02	3.270847e+02	7.928992e+01	4.144271e+01	9.832261e+01
159	4.612707e+00	2.580305e+03	4.672606e+02	3.276602e+02	7.956699e+01	4.129033e+01	1.005107e+02
160	4.641717e+00	2.591508e+03	4.677773e+02	3.281497e+02	7.956729e+01	4.146944e+01	1.023884e+02
161	4.670728e+00	2.589321e+03	4.678845e+02	3.288499e+02	7.949902e+01	4.147002e+01	1.046749e+02
162	4.699739e+00	2.582623e+03	4.683134e+02	3.293880e+02	7.938441e+01	4.142245e+01	1.067667e+02
163	4.728750e+00	2.610852e+03	4.687204e+02	3.300007e+02	7.942925e+01	4.185158e+01	1.085586e+02
164	4.757760e+00	2.591562e+03	4.690977e+02	3.306554e+02	7.922387e+01	4.165006e+01	1.108704e+02
165	4.786771e+00	2.584740e+03	4.692408e+02	3.312757e+02	7.902749e+01	4.164365e+01	1.131618e+02
166	4.815782e+00	2.579771e+03	4.696025e+02	3.320031e+02	7.886055e+01	4.165158e+01	1.149025e+02
167	4.844793e+00	2.608646e+03	4.698187e+02	3.327107e+02	7.905930e+01	4.201189e+01	1.172011e+02
168	4.873803e+00	2.600194e+03	4.700578e+02	3.333842e+02	7.901859e+01	4.189736e+01	1.190457e+02
169	4.902814e+00	2.595573e+03	4.700865e+02	3.340113e+02	7.861399e+01	4.203814e+01	1.214752e+02
170	4.931825e+00	2.604785e+03	4.702770e+02	3.347900e+02	7.867290e+01	4.215575e+01	1.237431e+02
171	4.960836e+00	2.607069e+03	4.704397e+02	3.354738e+02	7.864988e+01	4.220507e+01	1.255875e+02
172	4.989846e+00	2.620536e+03	4.706031e+02	3.361520e+02	7.897374e+01	4.224911e+01	1.280160e+02
173	5.018857e+00	2.612534e+03	4.705485e+02	3.368968e+02	7.886466e+01	4.217835e+01	1.301811e+02
174	5.047868e+00	2.611280e+03	4.706840e+02	3.375142e+02	7.896004e+01	4.210719e+01	1.318400e+02
175	5.076878e+00	2.608737e+03	4.707414e+02	3.382448e+02	7.862823e+01	4.224370e+01	1.338447e+02
176	5.105889e+00	2.615491e+03	4.707017e+02	3.389471e+02	7.878851e+01	4.226691e+01	1.361951e+02
177	5.134900e+00	2.618134e+03	4.707624e+02	3.396634e+02	7.878391e+01	4.231209e+01	1.384393e+02
178	5.163911e+00	2.614113e+03	4.707081e+02	3.403166e+02	7.886880e+01	4.220164e+01	1.403863e+02
179	5.192921e+00	2.618038e+03	4.706822e+02	3.410968e+02	7.884852e+01	4.227586e+01	1.422197e+02
180	5.221932e+00	2.608901e+03	4.705247e+02	3.416720e+02	7.866085e+01	4.222883e+01	1.445361e+02
181	5.250943e+00	2.626651e+03	4.703962e+02	3.423479e+02	7.898473e+01	4.234180e+01	1.466930e+02
182	5.279954e+00	2.599561e+03	4.702198e+02	3.431289e+02	7.863564e+01	4.209114e+01	1.487279e+02
183	5.308964e+00	2.614595e+03	4.698990e+02	3.436042e+02	7.888378e+01	4.220140e+01	1.509881e+02
184	5.337975e+00	2.618139e+03	4.697636e+02	3.443801e+02	7.856937e+01	4.242770e+01	1.536002e+02
185	5.366986e+00	2.630725e+03	4.695674e+02	3.450078e+02	7.908218e+01	4.235521e+01	1.553059e+02
186	5.395997e+00	2.630712e+03	4.693724e+02	3.457768e+02	7.893628e+01	4.243330e+01	1.578280e+02
187	5.425007e+00	2.633554e+03	4.691022e+02	3.463329e+02	7.882934e+01	4.253677e+01	1.599904e+02
188	5.454018e+00	2.638603e+03	4.687497e+02	3.469360e+02	7.886883e+01	4.259698e+01	1.619417e+02
189	5.483029e+00	2.647677e+03	4.684558e+02	3.475324e+02	7.909241e+01	4.262264e+01	1.642422e+02
190	5.512039e+00	2.643976e+03	4.680409e+02	3.482438e+02	7.881332e+01	4.271378e+01	1.663004e+02
191	5.541050e+00	2.634251e+03	4.677261e+02	3.488748e+02	7.916445e+01	4.236791e+01	1.686125e+02
192	5.570061e+00	2.633262e+03	4.671489e+02	3.493300e+02	7.839979e+01	4.276509e+01	1.708267e+02
193	5.599072e+00	2.639522e+03	4.667513e+02	3.498578e+02	7.864053e+01	4.273551e+01	1.727344e+02
194	5.628082e+00	2.634404e+03	4.663448e+02	3.505906e+02	7.860969e+01	4.266938e+01	1.751743e+02
195	5.657093e+00	2.642892e+03	4.657736e+02	3.510894e+02	7.883119e+01	4.268659e+01	1.774250e+02
196	5.686104e+00	2.646998e+03	4.653531e+02	3.516196e+02	7.870908e+01	4.281924e+01	1.795430e+02
197	5.715115e+00	2.638641e+03	4.649310e+02	3.519780e+02	7.846893e+01	4.281468e+01	1.772815e+00
198	5.744125e+00	2.656318e+03	4.643548e+02	3.523819e+02	7.893741e+01	4.284571e+01	4.171756e+00
199	5.773136e+00	2.647145e+03	4.637690e+02	3.530582e+02	7.875330e+01	4.279758e+01	6.318373e+00
200	5.802147e+00	2.644269e+03	4.632976e+02	3.533618e+02	7.878088e+01	4.273610e+01	8.622063e+00
201	5.831158e+00	2.640066e+03	4.627115e+02	3.538496e+02	7.878228e+01	4.266742e+01	1.062326e+01
202	5.860168e+00	2.656752e+03	4.619785e+02	3.542188e+02	7.881026e+01	4.292184e+01	1.338438e+01
203	5.889179e+00	2.628838e+03	4.614879e+02	3.546184e+02	7.869671e+01	4.253215e+01	1.522149e+01
204	5.918190e+00	2.636969e+03	4.608219e+02	3.549660e+02	7.883455e+01	4.258911e+01	1.741842e+01
205	5.947200e+00	2.647414e+03	4.601927e+02	3.552690e+02	7.902566e+01	4.265440e+01	1.974813e+01
206	5.976211e+00	2.634943e+03	4.594919e+02	3.556633e+02	7.894019e+01	4.249943e+01	2.201965e+01
207	6.005222e+00	2.640668e+03	4.589077e+02	3.557928e+02	7.882924e+01	4.265172e+01	2.429540e+01
208	6.034233e+00	2.649509e+03	4.581573e+02	3.559833e+02	7.884737e+01	4.278468e+01	2.682073e+01
209	6.063243e+00	2.641683e+03	4.575958e+02	3.561589e+02	7.897602e+01	4.258882e+01	2.864039e+01
210	6.092254e+00	2.650515e+03	4.568398e+02	3.564596e+02	7.886344e+01	4.279221e+01	3.114712e+01
211	6.121265e+00	2.646018e+03	4.561143e+02	3.565373e+02	7.888309e+01	4.270896e+01	3.324557e+01
212	6.150276e+00	2.640516e+03	4.555006e+02	3.566642e+02	7.912953e+01	4.248742e+01	3.535788e+01
213	6.179286e+00	2.638022e+03	4.547489e+02	3.568141e+02	7.915598e+01	4.243311e+01	3.785825e+01
214	6.208297e+00	2.641093e+03	4.540664e+02	3.569719e+02	7.930074e+01	4.240496e+01	4.006168e+01
215	6.237308e+00	2.630359e+03	4.534645e+02	3.568920e+02	7.900667e+01	4.238980e+01	4.197902e+01
216	6.266319e+00	2.637391e+03	4.526358e+02	3.570835e+02	7.908072e+01	4.246332e+01	4.430361e+01
217	6.295329e+00	2.626278e+03	4.519127e+02	3.571548e+02	7.890174e+01	4.238031e+01	4.647667e+01
218	6.324340e+00	2.636049e+03	4.511596e+02	3.570411e+02	7.910113e+01	4.243076e+01	4.865242e+01
219	6.353351e+00	2.619007e+03	4.504953e+02	3.569916e+02	7.909694e+01	4.215869e+01	5.080613e+01
220	6.382361e+00	2.623155e+03	4.499047e+02	3.569250e+02	7.917074e+01	4.218610e+01	5.304194e+01
221	6.411372e+00	2.621399e+03	4.493521e+02	3.567144e+02	7.910799e+01	4.219130e+01	5.512345e+01
222	6.440383e+00	2.610944e+03	4.485161e+02	3.566629e+02	7.906417e+01	4.204631e+01	5.738011e+01
223	6.469394e+00	2.622547e+03	4.479149e+02	3.564885e+02	7.936816e+01	4.207141e+01	5.933309e+01
224	6.498404e+00	2.620310e+03	4.471208e+02	3.564195e+02	7.954094e+01	4.194421e+01	6.125790e+01
225	6.527415e+00	2.624368e+03	4.464433e+02	3.562176e+02	7.961947e+01	4.196774e+01	6.336541e+01
226	6.556426e+00	2.619462e+03	4.458203e+02	3.559493e+02	7.933250e+01	4.204081e+01	6.563943e+01
227	6.585437e+00	2.606511e+03	4.450827e+02	3.558192e+02	7.934894e+01	4.182429e+01	6.741006e+01
228	6.614447e+00	2.605368e+03	4.444301e+02	3.555593e+02	7.932599e+01	4.181804e+01	6.948132e+01
229	6.643458e+00	2.617567e+03	4.437162e+02	3.552712e+02	7.964697e+01	4.184453e+01	7.190195e+01
230	6.672469e+00	2.620008e+03	4.432249e+02	3.549963e+02	7.988663e+01	4.175790e+01	7.377613e+01
231	6.701480e+00	2.604928e+03	4.426280e+02	3.545949e+02	7.965699e+01	4.163725e+01	7.578430e+01
232	6.730490e+00	2.610322e+03	4.420330e+02	3.542243e+02	7.997028e+01	4.156001e+01	7.777663e+01
233	6.759501e+00	2.609815e+03	4.412835e+02	3.538776e+02	7.996921e+01	4.155249e+01	8.020698e+01
234	6.788512e+00	2.611563e+03	4.408072e+02	3.534914e+02	8.000381e+01	4.156234e+01	8.184167e+01
235	6.817522e+00	2.602537e+03	4.403009e+02	3.531081e+02	7.994671e+01	4.144828e+01	8.371529e+01
236	6.846533e+00	2.612495e+03	4.394989e+02	3.526454e+02	8.017316e+01	4.148935e+01	8.573115e+01
237	6.875544e+00	2.617098e+03	4.391989e+02	3.522025e+02	7.990305e+01	4.170294e+01	8.773649e+01
238	6.904555e+00	2.629123e+03	4.385525e+02	3.517379e+02	8.033678e+01	4.166837e+01	8.952956e+01
239	6.933565e+00	2.621775e+03	4.377226e+02	3.506824e+02	8.030492e+01	4.156840e+01	9.379429e+01
240	6.962576e+00	2.613207e+03	4.373653e+02	3.501212e+02	7.993934e+01	4.162205e+01	9.584811e+01
241	6.991587e+00	2.617434e+03	4.367425e+02	3.497167e+02	7.993089e+01	4.169378e+01	9.790273e+01
242	7.020598e+00	2.614098e+03	4.364718e+02	3.491880e+02	7.973722e+01	4.174178e+01	9.970541e+01
243	7.049608e+00	2.611135e+03	4.360119e+02	3.486376e+02	7.964230e+01	4.174415e+01	1.017113e+02
244	7.078619e+00	2.609812e+03	4.358141e+02	3.479657e+02	7.955814e+01	4.176714e+01	1.037591e+02
245	7.107630e+00	2.628206e+03	4.351231e+02	3.473506e+02	7.978254e+01	4.194321e+01	1.056667e+02
246	7.136641e+00	2.613184e+03	4.349026e+02	3.467328e+02	7.949506e+01	4.185429e+01	1.077727e+02
247	7.165651e+00	2.625922e+03	4.347432e+02	3.461707e+02	7.945871e+01	4.207754e+01	1.098508e+02
248	7.194662e+00	2.629818e+03	4.345595e+02	3.455128e+02	7.946595e+01	4.213614e+01	1.117642e+02
249	7.223673e+00	2.635084e+03	4.341111e+02	3.448547e+02	7.942971e+01	4.223978e+01	1.137140e+02
250	7.252683e+00	2.632322e+03	4.337936e+02	3.443195e+02	7.973758e+01	4.203259e+01	1.151888e+02
251	7.281694e+00	2.636265e+03	4.337086e+02	3.436555e+02	7.927264e+01	4.234244e+01	1.175595e+02
252	7.310705e+00	2.631361e+03	4.336978e+02	3.430539e+02	7.945834e+01	4.216489e+01	1.194498e+02
253	7.339716e+00	2.641058e+03	4.333865e+02	3.424711e+02	7.953922e+01	4.227726e+01	1.214355e+02
254	7.368726e+00	2.628134e+03	4.332746e+02	3.418661e+02	7.921789e+01	4.224102e+01	1.233673e+02
255	7.397737e+00	2.640282e+03	4.332673e+02	3.413485e+02	7.918932e+01	4.245158e+01	1.253950e+02
256	7.426748e+00	2.708447e+03	4.324180e+02	3.407395e+02	7.950541e+01	4.337444e+01	1.247432e+02
257	7.455759e+00	2.625600e+03	4.332555e+02	3.402299e+02	7.900173e+01	4.231575e+01	1.285246e+02
258	7.484769e+00	2.637768e+03	4.330712e+02	3.395214e+02	7.882708e+01	4.260605e+01	1.308264e+02
259	7.513780e+00	2.645689e+03	4.331057e+02	3.389782e+02	7.892705e+01	4.267987e+01	1.329693e+02
260	7.542791e+00	2.635394e+03	4.330755e+02	3.381906e+02	7.907031e+01	4.243676e+01	1.351178e+02
261	7.571802e+00	2.631698e+03	4.330064e+02	3.376025e+02	7.862255e+01	4.261858e+01	1.368723e+02
262	7.600812e+00	2.641277e+03	4.330385e+02	3.369390e+02	7.876942e+01	4.269396e+01	1.389226e+02
263	7.629823e+00	2.641008e+03	4.330980e+02	3.362608e+02	7.880872e+01	4.266832e+01	1.409483e+02
264	7.658834e+00	2.637510e+03	4.331761e+02	3.355264e+02	7.874089e+01	4.264852e+01	1.428412e+02
265	7.687845e+00	2.635993e+03	4.332447e+02	3.348503e+02	7.882391e+01	4.257909e+01	1.451713e+02
266	7.716855e+00	2.640641e+03	4.335337e+02	3.344229e+02	7.880202e+01	4.266602e+01	1.468499e+02
267	7.745866e+00	2.650373e+03	4.335672e+02	3.336600e+02	7.912678e+01	4.264751e+01	1.489897e+02
268	7.774877e+00	2.644914e+03	4.337866e+02	3.329707e+02	7.880356e+01	4.273423e+01	1.511607e+02
269	7.803887e+00	2.641464e+03	4.338771e+02	3.324553e+02	7.886103e+01	4.264738e+01	1.529265e+02
270	7.832898e+00	2.638367e+03	4.340774e+02	3.317901e+02	7.866821e+01	4.270179e+01	1.551011e+02
271	7.861909e+00	2.637543e+03	4.342875e+02	3.312346e+02	7.857841e+01	4.273723e+01	1.570571e+02
272	7.890920e+00	2.649433e+03	4.344784e+02	3.306288e+02	7.864555e+01	4.289325e+01	1.590797e+02
273	7.919930e+00	2.641763e+03	4.348196e+02	3.300211e+02	7.884155e+01	4.266276e+01	1.611284e+02
274	7.948941e+00	2.629738e+03	4.350595e+02	3.294916e+02	7.846287e+01	4.267352e+01	1.629694e+02
275	7.977952e+00	2.627804e+03	4.354680e+02	3.289390e+02	7.859000e+01	4.257315e+01	1.653887e+02
276	8.006963e+00	2.633034e+03	4.356986e+02	3.284772e+02	7.837894e+01	4.277274e+01	1.670359e+02
277	8.035973e+00	2.647565e+03	4.361235e+02	3.277195e+02	7.889898e+01	4.272532e+01	1.693434e+02
278	8.064984e+00	2.641039e+03	4.365981e+02	3.271534e+02	7.890805e+01	4.261510e+01	1.718278e+02
279	8.093995e+00	2.631197e+03	4.369841e+02	3.268665e+02	7.857266e+01	4.263752e+01	1.734756e+02
280	8.123006e+00	2.643676e+03	4.373998e+02	3.262193e+02	7.869901e+01	4.277097e+01	1.757107e+02
281	8.152016e+00	2.626886e+03	4.378259e+02	3.257669e+02	7.824674e+01	4.274497e+01	1.776001e+02
282	8.181027e+00	2.645835e+03	4.383141e+02	3.251460e+02	7.887257e+01	4.271170e+01	1.798536e+02
283	8.210038e+00	2.643156e+03	4.387166e+02	3.246248e+02	7.832034e+01	4.296930e+01	2.183571e+00
284	8.239048e+00	2.640544e+03	4.393002e+02	3.241737e+02	7.865572e+01	4.274381e+01	4.238135e+00
285	8.268059e+00	2.633804e+03	4.395930e+02	3.240467e+02	7.813503e+01	4.291882e+01	6.527875e+00
286	8.297070e+00	2.628706e+03	4.402903e+02	3.233026e+02	7.841680e+01	4.268183e+01	8.596390e+00
287	8.326081e+00	2.634979e+03	4.408905e+02	3.229395e+02	7.874393e+01	4.260595e+01	1.085153e+01
288	8.355091e+00	2.639641e+03	4.414520e+02	3.225375e+02	7.879263e+01	4.265495e+01	1.303432e+01
289	8.384102e+00	2.637603e+03	4.420009e+02	3.222068e+02	7.870483e+01	4.266955e+01	1.543123e+01
290	8.413113e+00	2.630869e+03	4.425682e+02	3.218824e+02	7.839554e+01	4.272853e+01	1.754675e+01
291	8.442124e+00	2.624449e+03	4.431579e+02	3.215746e+02	7.857092e+01	4.252913e+01	1.955118e+01
292	8.471134e+00	2.633960e+03	4.438579e+02	3.211690e+02	7.851155e+01	4.271552e+01	2.173464e+01
293	8.500145e+00	2.636549e+03	4.444725e+02	3.208587e+02	7.878589e+01	4.260862e+01	2.422920e+01
294	8.529156e+00	2.645038e+03	4.451178e+02	3.206586e+02	7.888572e+01	4.269172e+01	2.608077e+01
295	8.558167e+00	2.621110e+03	4.457455e+02	3.204672e+02	7.854150e+01	4.249092e+01	2.799764e+01
296	8.587177e+00	2.628256e+03	4.464725e+02	3.201399e+02	7.878381e+01	4.247572e+01	3.047791e+01
297	8.616188e+00	2.640917e+03	4.472625e+02	3.199893e+02	7.904678e+01	4.253835e+01	3.263850e+01
298	8.645199e+00	2.624648e+03	4.479384e+02	3.197550e+02	7.883147e+01	4.239177e+01	3.451293e+01
299	8.674209e+00	2.623822e+03	4.486948e+02	3.195125e+02	7.859322e+01	4.250690e+01	3.683605e+01
300	8.703220e+00	2.629136e+03	4.492399e+02	3.196512e+02	7.911682e+01	4.231110e+01	3.921843e+01
301	8.732231e+00	2.613611e+03	4.499227e+02	3.195457e+02	7.853046e+01	4.237531e+01	4.086102e+01
302	8.761242e+00	2.615951e+03	4.506223e+02	3.195517e+02	7.867996e+01	4.233266e+01	4.342045e+01
303	8.790252e+00	2.614710e+03	4.512980e+02	3.194734e+02	7.862221e+01	4.234367e+01	4.522715e+01
304	8.819263e+00	2.626193e+03	4.520329e+02	3.194153e+02	7.924868e+01	4.219342e+01	4.790031e+01
305	8.848274e+00	2.612371e+03	4.527704e+02	3.194967e+02	7.888494e+01	4.216488e+01	5.000832e+01
306	8.877285e+00	2.617864e+03	4.534800e+02	3.195635e+02	7.932431e+01	4.201950e+01	5.207898e+01
307	8.906295e+00	2.601764e+03	4.541186e+02	3.196729e+02	7.859876e+01	4.214658e+01	5.445428e+01
308	8.935306e+00	2.597827e+03	4.547889e+02	3.198635e+02	7.864066e+01	4.206038e+01	5.634750e+01
309	8.964317e+00	2.613840e+03	4.555646e+02	3.198227e+02	7.938446e+01	4.192313e+01	5.863650e+01
310	8.993328e+00	2.610408e+03	4.561587e+02	3.199339e+02	7.924028e+01	4.194426e+01	6.055386e+01
311	9.022338e+00	2.613043e+03	4.567465e+02	3.201675e+02	7.901759e+01	4.210493e+01	6.281993e+01
312	9.051349e+00	2.614903e+03	4.575494e+02	3.204162e+02	7.931151e+01	4.197876e+01	6.500640e+01
313	9.080360e+00	2.599658e+03	4.582659e+02	3.205831e+02	7.930907e+01	4.173529e+01	6.728520e+01
314	9.109370e+00	2.601685e+03	4.589355e+02	3.208203e+02	7.954510e+01	4.164389e+01	6.902645e+01
315	9.138381e+00	2.591976e+03	4.594254e+02	3.212261e+02	7.959115e+01	4.146450e+01	7.145162e+01
316	9.167392e+00	2.587845e+03	4.602129e+02	3.214629e+02	7.972105e+01	4.133095e+01	7.334476e+01
317	9.196403e+00	2.607285e+03	4.608301e+02	3.218283e+02	7.976260e+01	4.161974e+01	7.535043e+01
318	9.225413e+00	2.579366e+03	4.613848e+02	3.221544e+02	7.916158e+01	4.148667e+01	7.745776e+01
319	9.254424e+00	2.582530e+03	4.620702e+02	3.224843e+02	7.923380e+01	4.149970e+01	7.919403e+01
320	9.283435e+00	2.588049e+03	4.624924e+02	3.229715e+02	7.932865e+01	4.153867e+01	8.160587e+01
321	9.312446e+00	2.596324e+03	4.632229e+02	3.232261e+02	7.973682e+01	4.145816e+01	8.341612e+01
322	9.341456e+00	2.582144e+03	4.638387e+02	3.237355e+02	7.968051e+01	4.126088e+01	8.553542e+01
323	9.370467e+00	2.604296e+03	4.643494e+02	3.242605e+02	7.977420e+01	4.156597e+01	8.749647e+01
324	9.399478e+00	2.574602e+03	4.647379e+02	3.245684e+02	7.995452e+01	4.099938e+01	8.927868e+01
325	9.428489e+00	2.591787e+03	4.653731e+02	3.250787e+02	7.997954e+01	4.126012e+01	9.132928e+01
326	9.457499e+00	2.591017e+03	4.657551e+02	3.256979e+02	8.009669e+01	4.118754e+01	9.344186e+01
327	9.486510e+00	2.601076e+03	4.662787e+02	3.261155e+02	7.966461e+01	4.157169e+01	9.534075e+01
328	9.515521e+00	2.575838e+03	4.665069e+02	3.265896e+02	7.906909e+01	4.147839e+01	9.754745e+01
329	9.544531e+00	2.591321e+03	4.669650e+02	3.272442e+02	7.965372e+01	4.142145e+01	9.940710e+01
330	9.573542e+00	2.597830e+03	4.674717e+02	3.278342e+02	7.952557e+01	4.159241e+01	1.017393e+02
331	9.602553e+00	2.594755e+03	4.676846e+02	3.284473e+02	7.931355e+01	4.165424e+01	1.037410e+02
332	9.631564e+00	2.585741e+03	4.679049e+02	3.290601e+02	7.919939e+01	4.156936e+01	1.058965e+02
333	9.660574e+00	2.594512e+03	4.682578e+02	3.297158e+02	7.895515e+01	4.183939e+01	1.077170e+02
334	9.689585e+00	2.595800e+03	4.688366e+02	3.302578e+02	7.932035e+01	4.166742e+01	1.096795e+02
335	9.718596e+00	2.585118e+03	4.690077e+02	3.309095e+02	7.889393e+01	4.172025e+01	1.118560e+02
336	9.747607e+00	2.598995e+03	4.692943e+02	3.315776e+02	7.935356e+01	4.170125e+01	1.140955e+02
337	9.776617e+00	2.594681e+03	4.696086e+02	3.322369e+02	7.877037e+01	4.194026e+01	1.161790e+02
338	9.805628e+00	2.581520e+03	4.698839e+02	3.329679e+02	7.859602e+01	4.182010e+01	1.180972e+02
339	9.834639e+00	2.585378e+03	4.699730e+02	3.335201e+02	7.888074e+01	4.173143e+01	1.203621e+02
340	9.863650e+00	2.600818e+03	4.701729e+02	3.343033e+02	7.870974e+01	4.207186e+01	1.222810e+02
341	9.892660e+00	2.608866e+03	4.703815e+02	3.349993e+02	7.892938e+01	4.208460e+01	1.245165e+02
342	9.921671e+00	2.611490e+03	4.703825e+02	3.356521e+02	7.881457e+01	4.218830e+01	1.264730e+02
343	9.950682e+00	2.620337e+03	4.706712e+02	3.364199e+02	7.910988e+01	4.217321e+01	1.286008e+02
344	9.979692e+00	2.615160e+03	4.705424e+02	3.369885e+02	7.890031e+01	4.220168e+01	1.302512e+02
345	1.000870e+01	2.604877e+03	4.706122e+02	3.376874e+02	7.860429e+01	4.219403e+01	1.330010e+02
346	1.003771e+01	2.614637e+03	4.706417e+02	3.383407e+02	7.882907e+01	4.223137e+01	1.351131e+02
347	1.006672e+01	2.617753e+03	4.706995e+02	3.392098e+02	7.870677e+01	4.234739e+01	1.372911e+02
348	1.009574e+01	2.619206e+03	4.707088e+02	3.398005e+02	7.898972e+01	4.221912e+01	1.393589e+02
349	1.012475e+01	2.626698e+03	4.706811e+02	3.405853e+02	7.897333e+01	4.234867e+01	1.414082e+02
350	1.015376e+01	2.611058e+03	4.706195e+02	3.413474e+02	7.849129e+01	4.235505e+01	1.437026e+02
351	1.018277e+01	2.620131e+03	4.704315e+02	3.420431e+02	7.872757e+01	4.237466e+01	1.458975e+02
352	1.021178e+01	2.603279e+03	4.702051e+02	3.428703e+02	7.856833e+01	4.218745e+01	1.482747e+02
353	1.024079e+01	2.598313e+03	4.698656e+02	3.434489e+02	7.847467e+01	4.215723e+01	1.502279e+02
354	1.026980e+01	2.623191e+03	4.698249e+02	3.440255e+02	7.881766e+01	4.237566e+01	1.526581e+02
355	1.029881e+01	2.618494e+03	4.695475e+02	3.446876e+02	7.863815e+01	4.239635e+01	1.546001e+02
356	1.032782e+01	2.625780e+03	4.693566e+02	3.453302e+02	7.881860e+01	4.241698e+01	1.568018e+02
357	1.035683e+01	2.628675e+03	4.691841e+02	3.460518e+02	7.861938e+01	4.257135e+01	1.589908e+02
358	1.038584e+01	2.632133e+03	4.688660e+02	3.467565e+02	7.908781e+01	4.237488e+01	1.609134e+02
359	1.041485e+01	2.641746e+03	4.684864e+02	3.472221e+02	7.894961e+01	4.260408e+01	1.631243e+02
360	1.044386e+01	2.641123e+03	4.680782e+02	3.476853e+02	7.848920e+01	4.284389e+01	1.655544e+02
361	1.047287e+01	2.638844e+03	4.677076e+02	3.483604e+02	7.898547e+01	4.253795e+01	1.676154e+02
362	1.050189e+01	2.647991e+03	4.674497e+02	3.490830e+02	7.884251e+01	4.276281e+01	1.693947e+02
363	1.053090e+01	2.630431e+03	4.669741e+02	3.494915e+02	7.853055e+01	4.264798e+01	1.719079e+02
364	1.055991e+01	2.638377e+03	4.664742e+02	3.502581e+02	7.892693e+01	4.256197e+01	1.743551e+02
365	1.058892e+01	2.637495e+03	4.660660e+02	3.508378e+02	7.879605e+01	4.261842e+01	1.765082e+02
366	1.061793e+01	2.658414e+03	4.655221e+02	3.512810e+02	7.868156e+01	4.301895e+01	1.787086e+02
367	1.064694e+01	2.644607e+03	4.651149e+02	3.517540e+02	7.866647e+01	4.280373e+01	7.031362e-01
368	1.067595e+01	2.639151e+03	4.645920e+02	3.521057e+02	7.878051e+01	4.265358e+01	2.812584e+00
369	1.070496e+01	2.638100e+03	4.640196e+02	3.527107e+02	7.858091e+01	4.274490e+01	5.115566e+00
370	1.073397e+01	2.638697e+03	4.635052e+02	3.531141e+02	7.878354e+01	4.264461e+01	7.557179e+00
371	1.076298e+01	2.640723e+03	4.628941e+02	3.535511e+02	7.868744e+01	4.272948e+01	9.773406e+00
372	1.079199e+01	2.652727e+03	4.623062e+02	3.540093e+02	7.903868e+01	4.273296e+01	1.193880e+01
373	1.082100e+01	2.630687e+03	4.616924e+02	3.543307e+02	7.860783e+01	4.261019e+01	1.397755e+01
374	1.085001e+01	2.651440e+03	4.610339e+02	3.547723e+02	7.916012e+01	4.264671e+01	1.646667e+01
375	1.087903e+01	2.636447e+03	4.604682e+02	3.550176e+02	7.894724e+01	4.251990e+01	1.853980e+01
376	1.090804e+01	2.635896e+03	4.599479e+02	3.552234e+02	7.878699e+01	4.259748e+01	2.068720e+01
377	1.093705e+01	2.635800e+03	4.578222e+02	3.560399e+02	7.877356e+01	4.260319e+01	2.787809e+01
378	1.096606e+01	2.649558e+03	4.570792e+02	3.563591e+02	7.904779e+01	4.267700e+01	3.031229e+01
379	1.099507e+01	2.653264e+03	4.564232e+02	3.564207e+02	7.917278e+01	4.266922e+01	3.209360e+01
380	1.102408e+01	2.652323e+03	4.557478e+02	3.566518e+02	7.905514e+01	4.271756e+01	3.426213e+01
381	1.105309e+01	2.645814e+03	4.550654e+02	3.567177e+02	7.902087e+01	4.263121e+01	3.657643e+01
382	1.108210e+01	2.653943e+03	4.542488e+02	3.568870e+02	7.956752e+01	4.246840e+01	3.929970e+01
383	1.111111e+01	2.643524e+03	4.536651e+02	3.568325e+02	7.924858e+01	4.247192e+01	4.138853e+01
384	1.114012e+01	2.640758e+03	4.529569e+02	3.569195e+02	7.910160e+01	4.250631e+01	4.336195e+01
385	1.116913e+01	2.622021e+03	4.521555e+02	3.570058e+02	7.886991e+01	4.232871e+01	4.587185e+01
386	1.119814e+01	2.626228e+03	4.515064e+02	3.569605e+02	7.910040e+01	4.227308e+01	4.785713e+01
387	1.122715e+01	2.630688e+03	4.507539e+02	3.568199e+02	7.918360e+01	4.230037e+01	5.022359e+01
388	1.125616e+01	2.621750e+03	4.501327e+02	3.567807e+02	7.922417e+01	4.213506e+01	5.245829e+01
389	1.128518e+01	2.625727e+03	4.494623e+02	3.567412e+02	7.927782e+01	4.217042e+01	5.448903e+01
390	1.131419e+01	2.613330e+03	4.487393e+02	3.566693e+02	7.897892e+01	4.213017e+01	5.669466e+01
391	1.134320e+01	2.615078e+03	4.480144e+02	3.564691e+02	7.920773e+01	4.203656e+01	5.890662e+01
392	1.137221e+01	2.630790e+03	4.472698e+02	3.564491e+02	7.962511e+01	4.206746e+01	6.063225e+01
393	1.140122e+01	2.623257e+03	4.466242e+02	3.561577e+02	7.955599e+01	4.198345e+01	6.285095e+01
394	1.143023e+01	2.614353e+03	4.458779e+02	3.559712e+02	7.923928e+01	4.200817e+01	6.491908e+01
395	1.145924e+01	2.616233e+03	4.451740e+02	3.557088e+02	7.940130e+01	4.195261e+01	6.707156e+01
396	1.148825e+01	2.608598e+03	4.445347e+02	3.555323e+02	7.948286e+01	4.178726e+01	6.906245e+01
397	1.151726e+01	2.618589e+03	4.439579e+02	3.552210e+02	7.970409e+01	4.183087e+01	7.128191e+01
398	1.154627e+01	2.606882e+03	4.433470e+02	3.548847e+02	7.975960e+01	4.161488e+01	7.350537e+01
399	1.157528e+01	2.610087e+03	4.427179e+02	3.545938e+02	7.969263e+01	4.170103e+01	7.553876e+01
400	1.160429e+01	2.614404e+03	4.421170e+02	3.542604e+02	8.004310e+01	4.158712e+01	7.743813e+01
401	1.163330e+01	2.613253e+03	4.414322e+02	3.539325e+02	8.005393e+01	4.156320e+01	7.910880e+01
402	1.166232e+01	2.606801e+03	4.410287e+02	3.535483e+02	7.982979e+01	4.157698e+01	8.115994e+01
403	1.169133e+01	2.610977e+03	4.403814e+02	3.530450e+02	8.001669e+01	4.154632e+01	8.295725e+01
404	1.172034e+01	2.601177e+03	4.396592e+02	3.527034e+02	7.987411e+01	4.146427e+01	8.527370e+01
405	1.174935e+01	2.623018e+03	4.392512e+02	3.523329e+02	8.022150e+01	4.163136e+01	8.718029e+01
406	1.177836e+01	2.617567e+03	4.387186e+02	3.518214e+02	8.008191e+01	4.161726e+01	8.913398e+01
407	1.180737e+01	2.619567e+03	4.382082e+02	3.513465e+02	8.001874e+01	4.168194e+01	9.088243e+01
408	1.183638e+01	2.626456e+03	4.377032e+02	3.507459e+02	8.023716e+01	4.167779e+01	9.295100e+01
409	1.186539e+01	2.612165e+03	4.374497e+02	3.501813e+02	8.005400e+01	4.154586e+01	9.518558e+01
410	1.189440e+01	2.608663e+03	4.368579e+02	3.497330e+02	7.972734e+01	4.166015e+01	9.718772e+01
411	1.192341e+01	2.613877e+03	4.365069e+02	3.492643e+02	8.004923e+01	4.157556e+01	9.918014e+01
412	1.195242e+01	2.609661e+03	4.361960e+02	3.487279e+02	7.995307e+01	4.155843e+01	1.011157e+02
413	1.198143e+01	2.614318e+03	4.357148e+02	3.481318e+02	7.983582e+01	4.169373e+01	1.030516e+02
414	1.201044e+01	2.611360e+03	4.355034e+02	3.475031e+02	7.961044e+01	4.176447e+01	1.047013e+02
415	1.203945e+01	2.621417e+03	4.350836e+02	3.469073e+02	7.968040e+01	4.188849e+01	1.071533e+02
416	1.206847e+01	2.623208e+03	4.347478e+02	3.462693e+02	7.957353e+01	4.197340e+01	1.094140e+02
417	1.209748e+01	2.621370e+03	4.345031e+02	3.456372e+02	7.952132e+01	4.197153e+01	1.113264e+02
418	1.212649e+01	2.621405e+03	4.342239e+02	3.450310e+02	7.969665e+01	4.187976e+01	1.132840e+02
419	1.215550e+01	2.628756e+03	4.341259e+02	3.444148e+02	7.940593e+01	4.215096e+01	1.150403e+02
420	1.218451e+01	2.635905e+03	4.338452e+02	3.439158e+02	7.969886e+01	4.211024e+01	1.168293e+02
421	1.221352e+01	2.625155e+03	4.337560e+02	3.432487e+02	7.927693e+01	4.216172e+01	1.189345e+02
422	1.224253e+01	2.637326e+03	4.333803e+02	3.425563e+02	7.936916e+01	4.230796e+01	1.209815e+02
423	1.227154e+01	2.636737e+03	4.333199e+02	3.418837e+02	7.937223e+01	4.229688e+01	1.229642e+02
424	1.230055e+01	2.639106e+03	4.332558e+02	3.413532e+02	7.931659e+01	4.236459e+01	1.247612e+02
425	1.232956e+01	2.630215e+03	4.331477e+02	3.408291e+02	7.878043e+01	4.250921e+01	1.263676e+02
426	1.235857e+01	2.631065e+03	4.330505e+02	3.401955e+02	7.901834e+01	4.239492e+01	1.280480e+02
427	1.238758e+01	2.638116e+03	4.330890e+02	3.396354e+02	7.899171e+01	4.252286e+01	1.303980e+02
428	1.241659e+01	2.648939e+03	4.329475e+02	3.389354e+02	7.936817e+01	4.249479e+01	1.324472e+02
429	1.244560e+01	2.635504e+03	4.330506e+02	3.383277e+02	7.873772e+01	4.261780e+01	1.343271e+02
430	1.247462e+01	2.633675e+03	4.330085e+02	3.377633e+02	7.881013e+01	4.254909e+01	1.361166e+02
431	1.250363e+01	2.653954e+03	4.329504e+02	3.369395e+02	7.924083e+01	4.264366e+01	1.381885e+02
432	1.253264e+01	2.638683e+03	4.330198e+02	3.364051e+02	7.891908e+01	4.257115e+01	1.404517e+02
433	1.256165e+01	2.650715e+03	4.331550e+02	3.357942e+02	7.910075e+01	4.266703e+01	1.423047e+02
434	1.259066e+01	2.644541e+03	4.331232e+02	3.350561e+02	7.876640e+01	4.274836e+01	1.446285e+02
435	1.261967e+01	2.642139e+03	4.333188e+02	3.344802e+02	7.887881e+01	4.264866e+01	1.458087e+02
436	1.264868e+01	2.649540e+03	4.337422e+02	3.325298e+02	7.892321e+01	4.274407e+01	1.524227e+02
437	1.267769e+01	2.645990e+03	4.338771e+02	3.319050e+02	7.857588e+01	4.287549e+01	1.542290e+02
438	1.270670e+01	2.649767e+03	4.342037e+02	3.313777e+02	7.883188e+01	4.279725e+01	1.563869e+02
439	1.273571e+01	2.634490e+03	4.344150e+02	3.307160e+02	7.865904e+01	4.264402e+01	1.585406e+02
440	1.276472e+01	2.635385e+03	4.347859e+02	3.301335e+02	7.877270e+01	4.259695e+01	1.606313e+02
441	1.279373e+01	2.636729e+03	4.350980e+02	3.296537e+02	7.847471e+01	4.278050e+01	1.629649e+02
442	1.282274e+01	2.630531e+03	4.353295e+02	3.290317e+02	7.845244e+01	4.269206e+01	1.643763e+02
443	1.285176e+01	2.654088e+03	4.355987e+02	3.281826e+02	7.922066e+01	4.265668e+01	1.663804e+02
444	1.288077e+01	2.638733e+03	4.360665e+02	3.277819e+02	7.882339e+01	4.262364e+01	1.689378e+02
445	1.290978e+01	2.650574e+03	4.363173e+02	3.272310e+02	7.869568e+01	4.288438e+01	1.707597e+02
446	1.293879e+01	2.626259e+03	4.367892e+02	3.267385e+02	7.864575e+01	4.251796e+01	1.729386e+02
447	1.296780e+01	2.639418e+03	4.373173e+02	3.263570e+02	7.835438e+01	4.288989e+01	1.750604e+02
448	1.299681e+01	2.628743e+03	4.376356e+02	3.258439e+02	7.816212e+01	4.282150e+01	1.770589e+02
449	1.302582e+01	2.631610e+03	4.380895e+02	3.251310e+02	7.877718e+01	4.253350e+01	1.794181e+02
450	1.305483e+01	2.637747e+03	4.385968e+02	3.246694e+02	7.833820e+01	4.287160e+01	1.498194e+00
451	1.308384e+01	2.639569e+03	4.390517e+02	3.241866e+02	7.838645e+01	4.287480e+01	3.849158e+00
452	1.311285e+01	2.622254e+03	4.396323e+02	3.237718e+02	7.831058e+01	4.263482e+01	5.759037e+00
453	1.314186e+01	2.641292e+03	4.401092e+02	3.232896e+02	7.845895e+01	4.286314e+01	8.295832e+00
454	1.317087e+01	2.628140e+03	4.407594e+02	3.229922e+02	7.847914e+01	4.263874e+01	1.024404e+01
455	1.319988e+01	2.638107e+03	4.413399e+02	3.224573e+02	7.883915e+01	4.260500e+01	1.266317e+01
456	1.322889e+01	2.636008e+03	4.418088e+02	3.222230e+02	7.851841e+01	4.274500e+01	1.494930e+01
457	1.325791e+01	2.643970e+03	4.424813e+02	3.217830e+02	7.874474e+01	4.275088e+01	1.739805e+01
458	1.328692e+01	2.624399e+03	4.430374e+02	3.216058e+02	7.833072e+01	4.265872e+01	1.931136e+01
459	1.331593e+01	2.630219e+03	4.436908e+02	3.210635e+02	7.868596e+01	4.256031e+01	2.140174e+01
460	1.334494e+01	2.633157e+03	4.443750e+02	3.207722e+02	7.879780e+01	4.254737e+01	2.363254e+01
461	1.337395e+01	2.642754e+03	4.450963e+02	3.204130e+02	7.896277e+01	4.261324e+01	2.607765e+01
462	1.340296e+01	2.634209e+03	4.456708e+02	3.202425e+02	7.885618e+01	4.253286e+01	2.794255e+01
463	1.343197e+01	2.633943e+03	4.463801e+02	3.200998e+02	7.889759e+01	4.250625e+01	2.994222e+01
464	1.346098e+01	2.636280e+03	4.469893e+02	3.199297e+02	7.915757e+01	4.240423e+01	3.243690e+01
465	1.348999e+01	2.628527e+03	4.477976e+02	3.195812e+02	7.917960e+01	4.226777e+01	3.483837e+01
466	1.351900e+01	2.639324e+03	4.484102e+02	3.194752e+02	7.924090e+01	4.240855e+01	3.689258e+01
467	1.354801e+01	2.622138e+03	4.491343e+02	3.193911e+02	7.884284e+01	4.234513e+01	3.888033e+01
468	1.357702e+01	2.626706e+03	4.497786e+02	3.194259e+02	7.896482e+01	4.235337e+01	4.113990e+01
469	1.360603e+01	2.627497e+03	4.506289e+02	3.192683e+02	7.890033e+01	4.240075e+01	4.338279e+01
470	1.363504e+01	2.627518e+03	4.512193e+02	3.193188e+02	7.915604e+01	4.226412e+01	4.530222e+01
471	1.366406e+01	2.616750e+03	4.519139e+02	3.192497e+02	7.870527e+01	4.233198e+01	4.732826e+01
472	1.369307e+01	2.611801e+03	4.526061e+02	3.193713e+02	7.861606e+01	4.229986e+01	4.986657e+01
473	1.372208e+01	2.601328e+03	4.533056e+02	3.193568e+02	7.869489e+01	4.208805e+01	5.215536e+01
474	1.375109e+01	2.605097e+03	4.539876e+02	3.195142e+02	7.882034e+01	4.208193e+01	5.423951e+01
475	1.378010e+01	2.609735e+03	4.546316e+02	3.195965e+02	7.891791e+01	4.210474e+01	5.633667e+01
476	1.380911e+01	2.610718e+03	4.552449e+02	3.196935e+02	7.899936e+01	4.207717e+01	5.821527e+01
477	1.383812e+01	2.606878e+03	4.559914e+02	3.198554e+02	7.906097e+01	4.198254e+01	6.048864e+01
478	1.386713e+01	2.598271e+03	4.565908e+02	3.200656e+02	7.878390e+01	4.199109e+01	6.262798e+01
479	1.389614e+01	2.603684e+03	4.572661e+02	3.202515e+02	7.902401e+01	4.195071e+01	6.480295e+01
480	1.392515e+01	2.608039e+03	4.578993e+02	3.204984e+02	7.945564e+01	4.179262e+01	6.683639e+01
481	1.395416e+01	2.596392e+03	4.585848e+02	3.208100e+02	7.936050e+01	4.165584e+01	6.906884e+01
482	1.398317e+01	2.567747e+03	4.590900e+02	3.211509e+02	7.892648e+01	4.142281e+01	7.130590e+01
483	1.401218e+01	2.585491e+03	4.598025e+02	3.213584e+02	7.922467e+01	4.155208e+01	7.283015e+01
484	1.404120e+01	2.596485e+03	4.606018e+02	3.215744e+02	7.980479e+01	4.142542e+01	7.512521e+01
485	1.407021e+01	2.589086e+03	4.610977e+02	3.219426e+02	7.968090e+01	4.137160e+01	7.713044e+01
486	1.409922e+01	2.571130e+03	4.616478e+02	3.223253e+02	7.950277e+01	4.117673e+01	7.922214e+01
487	1.412823e+01	2.599151e+03	4.624675e+02	3.226449e+02	7.974831e+01	4.149733e+01	8.104089e+01
488	1.415724e+01	2.596103e+03	4.629774e+02	3.230870e+02	7.947760e+01	4.158984e+01	8.327445e+01
489	1.418625e+01	2.585896e+03	4.633904e+02	3.235908e+02	7.981241e+01	4.125255e+01	8.527143e+01
490	1.421526e+01	2.601053e+03	4.640245e+02	3.240911e+02	7.982565e+01	4.148746e+01	8.740764e+01
491	1.424427e+01	2.584573e+03	4.645247e+02	3.244849e+02	7.971481e+01	4.128193e+01	8.953154e+01
492	1.427328e+01	2.593408e+03	4.649437e+02	3.248136e+02	7.986401e+01	4.134565e+01	9.086305e+01
493	1.430229e+01	2.590311e+03	4.654456e+02	3.253856e+02	7.985893e+01	4.129890e+01	9.288904e+01
494	1.433130e+01	2.596791e+03	4.659346e+02	3.259626e+02	7.990690e+01	4.137736e+01	9.536821e+01
495	1.436031e+01	2.591013e+03	4.662630e+02	3.264497e+02	7.987127e+01	4.130371e+01	9.709119e+01
496	1.438932e+01	2.590676e+03	4.668351e+02	3.269464e+02	7.947808e+01	4.150266e+01	9.889329e+01
497	1.441833e+01	2.584526e+03	4.671440e+02	3.275463e+02	7.940287e+01	4.144335e+01	1.011026e+02
498	1.444735e+01	2.590958e+03	4.675607e+02	3.281571e+02	7.931499e+01	4.159251e+01	1.028415e+02
499	1.447636e+01	2.599444e+03	4.678270e+02	3.287284e+02	7.941749e+01	4.167488e+01	1.055823e+02
500	1.450537e+01	2.587644e+03	4.682340e+02	3.294049e+02	7.925671e+01	4.156986e+01	1.070409e+02
501	1.453438e+01	2.589366e+03	4.684539e+02	3.300461e+02	7.929086e+01	4.157961e+01	1.092312e+02
502	1.456339e+01	2.578194e+03	4.687360e+02	3.305127e+02	7.900628e+01	4.154934e+01	1.112700e+02
503	1.459240e+01	2.592278e+03	4.691366e+02	3.313062e+02	7.904755e+01	4.175449e+01	1.134711e+02
504	1.462141e+01	2.592554e+03	4.694731e+02	3.319836e+02	7.865968e+01	4.196486e+01	1.150553e+02
505	1.465042e+01	2.592656e+03	4.696837e+02	3.325543e+02	7.898922e+01	4.179143e+01	1.170848e+02
506	1.467943e+01	2.611142e+03	4.699163e+02	3.333088e+02	7.885602e+01	4.216051e+01	1.194232e+02
507	1.470844e+01	2.606287e+03	4.700890e+02	3.339655e+02	7.886889e+01	4.207524e+01	1.217991e+02
508	1.473745e+01	2.607051e+03	4.702762e+02	3.346971e+02	7.871096e+01	4.217202e+01	1.236046e+02
509	1.476646e+01	2.599667e+03	4.704539e+02	3.353755e+02	7.866939e+01	4.207481e+01	1.255599e+02
510	1.479547e+01	2.629848e+03	4.703580e+02	3.359449e+02	7.912185e+01	4.231987e+01	1.279764e+02
511	1.482449e+01	2.612259e+03	4.705327e+02	3.366422e+02	7.887589e+01	4.216792e+01	1.296156e+02
512	1.485350e+01	2.603950e+03	4.705572e+02	3.372013e+02	7.874301e+01	4.210471e+01	1.316932e+02
513	1.488251e+01	2.613889e+03	4.704938e+02	3.378585e+02	7.860957e+01	4.233718e+01	1.340141e+02
514	1.491152e+01	2.617944e+03	4.705253e+02	3.385829e+02	7.887241e+01	4.226155e+01	1.360964e+02
515	1.494053e+01	2.617459e+03	4.707506e+02	3.394717e+02	7.863718e+01	4.238011e+01	1.381226e+02
516	1.496954e+01	2.602745e+03	4.706249e+02	3.402159e+02	7.837660e+01	4.228197e+01	1.401503e+02
517	1.499855e+01	2.619375e+03	4.704048e+02	3.406181e+02	7.866011e+01	4.239877e+01	1.427188e+02
518	1.502756e+01	2.615456e+03	4.702751e+02	3.414869e+02	7.876840e+01	4.227713e+01	1.446828e+02
519	1.505657e+01	2.617103e+03	4.702500e+02	3.423193e+02	7.880464e+01	4.228431e+01	1.466979e+02
520	1.508558e+01	2.619245e+03	4.700995e+02	3.430161e+02	7.892112e+01	4.225645e+01	1.492263e+02
521	1.511459e+01	2.615847e+03	4.698171e+02	3.435059e+02	7.879910e+01	4.226699e+01	1.510956e+02
522	1.514360e+01	2.617275e+03	4.696253e+02	3.443792e+02	7.865954e+01	4.236508e+01	1.535639e+02
523	1.517261e+01	2.620401e+03	4.694457e+02	3.449961e+02	7.876998e+01	4.235622e+01	1.555264e+02
524	1.520162e+01	2.631580e+03	4.692917e+02	3.456082e+02	7.870394e+01	4.257260e+01	1.579121e+02
525	1.523064e+01	2.627632e+03	4.689120e+02	3.462719e+02	7.871369e+01	4.250347e+01	1.599085e+02
526	1.525965e+01	2.632921e+03	4.685631e+02	3.469460e+02	7.885566e+01	4.251234e+01	1.623201e+02
527	1.528866e+01	2.634743e+03	4.681972e+02	3.475411e+02	7.869681e+01	4.262764e+01	1.642534e+02
528	1.531767e+01	2.652970e+03	4.678655e+02	3.481275e+02	7.895705e+01	4.278107e+01	1.665713e+02
529	1.534668e+01	2.637014e+03	4.675622e+02	3.487307e+02	7.884140e+01	4.258613e+01	1.691019e+02
530	1.537569e+01	2.627037e+03	4.671289e+02	3.491918e+02	7.884132e+01	4.242506e+01	1.712963e+02
531	1.540470e+01	2.631446e+03	4.665910e+02	3.498903e+02	7.874374e+01	4.254892e+01	1.735154e+02
532	1.543371e+01	2.652682e+03	4.661422e+02	3.504788e+02	7.923036e+01	4.262885e+01	1.758671e+02
533	1.546272e+01	2.641046e+03	4.655870e+02	3.509788e+02	7.855072e+01	4.280908e+01	1.778077e+02
534	1.549173e+01	2.659672e+03	4.651070e+02	3.516323e+02	7.864964e+01	4.305677e+01	2.384405e-01
535	1.552074e+01	2.635236e+03	4.646728e+02	3.519487e+02	7.894238e+01	4.250298e+01	2.425112e+00
536	1.554975e+01	2.654281e+03	4.640748e+02	3.525424e+02	7.856409e+01	4.301629e+01	4.878129e+00
537	1.557876e+01	2.632405e+03	4.635765e+02	3.529781e+02	7.854653e+01	4.267129e+01	6.964025e+00
538	1.560777e+01	2.644792e+03	4.629040e+02	3.534315e+02	7.878361e+01	4.274308e+01	9.417232e+00
539	1.563679e+01	2.649482e+03	4.624373e+02	3.536578e+02	7.882722e+01	4.279518e+01	1.185357e+01
540	1.566580e+01	2.642849e+03	4.617574e+02	3.541439e+02	7.899951e+01	4.259494e+01	1.372455e+01
541	1.569481e+01	2.647872e+03	4.611385e+02	3.544598e+02	7.899529e+01	4.267818e+01	1.593534e+01
542	1.572382e+01	2.637933e+03	4.605085e+02	3.549736e+02	7.893536e+01	4.255027e+01	1.799999e+01
543	1.575283e+01	2.638762e+03	4.599877e+02	3.550681e+02	7.884859e+01	4.261047e+01	2.038266e+01
544	1.578184e+01	2.649219e+03	4.592657e+02	3.554538e+02	7.885454e+01	4.277610e+01	2.276999e+01
545	1.581085e+01	2.634358e+03	4.587244e+02	3.556722e+02	7.876201e+01	4.258613e+01	2.515824e+01
546	1.583986e+01	2.637903e+03	4.580146e+02	3.559167e+02	7.877834e+01	4.263459e+01	2.741367e+01
547	1.586887e+01	2.659453e+03	4.573165e+02	3.561519e+02	7.911564e+01	4.279964e+01	2.941037e+01
548	1.589788e+01	2.648879e+03	4.566682e+02	3.562747e+02	7.909631e+01	4.263988e+01	3.143531e+01
549	1.592689e+01	2.639645e+03	4.559817e+02	3.564716e+02	7.897594e+01	4.255600e+01	3.368139e+01
550	1.595590e+01	2.639436e+03	4.553538e+02	3.565294e+02	7.892500e+01	4.258010e+01	3.568917e+01
551	1.598491e+01	2.640291e+03	4.545824e+02	3.566172e+02	7.910439e+01	4.249730e+01	3.804835e+01
552	1.601393e+01	2.632420e+03	4.539476e+02	3.567181e+02	7.881918e+01	4.252393e+01	4.017811e+01
553	1.604294e+01	2.627851e+03	4.532324e+02	3.567800e+02	7.893705e+01	4.238673e+01	4.240258e+01
554	1.607195e+01	2.644926e+03	4.524930e+02	3.568683e+02	7.927718e+01	4.247911e+01	4.486966e+01
555	1.610096e+01	2.628227e+03	4.517718e+02	3.568647e+02	7.906898e+01	4.232206e+01	4.676703e+01
556	1.612997e+01	2.626575e+03	4.510473e+02	3.567806e+02	7.919836e+01	4.222638e+01	4.935102e+01
557	1.615898e+01	2.616024e+03	4.503815e+02	3.567835e+02	7.895232e+01	4.218781e+01	5.147274e+01
558	1.618799e+01	2.626275e+03	4.497303e+02	3.567154e+02	7.915604e+01	4.224411e+01	5.333720e+01
559	1.621700e+01	2.613497e+03	4.489571e+02	3.565709e+02	7.897634e+01	4.213423e+01	5.529488e+01
560	1.624601e+01	2.615608e+03	4.482461e+02	3.565162e+02	7.932760e+01	4.198156e+01	5.762011e+01
561	1.627502e+01	2.618305e+03	4.476957e+02	3.563050e+02	7.942832e+01	4.197154e+01	5.962633e+01
562	1.630403e+01	2.622772e+03	4.470094e+02	3.561623e+02	7.937823e+01	4.206969e+01	6.185157e+01
563	1.633304e+01	2.622110e+03	4.463305e+02	3.558872e+02	7.969583e+01	4.189145e+01	6.369573e+01
564	1.636205e+01	2.620620e+03	4.455792e+02	3.557895e+02	7.976130e+01	4.183329e+01	6.601639e+01
565	1.639106e+01	2.601834e+03	4.449003e+02	3.555390e+02	7.926385e+01	4.179406e+01	6.776350e+01
566	1.642008e+01	2.612074e+03	4.442725e+02	3.552651e+02	7.968490e+01	4.173684e+01	7.035566e+01
567	1.644909e+01	2.612850e+03	4.435227e+02	3.550015e+02	7.964669e+01	4.176926e+01	7.245527e+01
568	1.647810e+01	2.608794e+03	4.427953e+02	3.547498e+02	7.979688e+01	4.162593e+01	7.452863e+01
569	1.650711e+01	2.612764e+03	4.423698e+02	3.543751e+02	7.975339e+01	4.171202e+01	7.614655e+01
570	1.653612e+01	2.609352e+03	4.418273e+02	3.539433e+02	7.986162e+01	4.160109e+01	7.803903e+01
571	1.656513e+01	2.613031e+03	4.412764e+02	3.536017e+02	8.004679e+01	4.156337e+01	8.005315e+01
572	1.659414e+01	2.607177e+03	4.405325e+02	3.532536e+02	8.002631e+01	4.148087e+01	8.190791e+01
573	1.662315e+01	2.615037e+03	4.401760e+02	3.528555e+02	8.012271e+01	4.155586e+01	8.364805e+01
574	1.665216e+01	2.607337e+03	4.394738e+02	3.524108e+02	8.006750e+01	4.146207e+01	8.587962e+01
575	1.668117e+01	2.616772e+03	4.391192e+02	3.519418e+02	7.979222e+01	4.175567e+01	8.774736e+01
576	1.671018e+01	2.607672e+03	4.384845e+02	3.514178e+02	7.982225e+01	4.159481e+01	8.988721e+01
577	1.673919e+01	2.613125e+03	4.380631e+02	3.509180e+02	7.987669e+01	4.165338e+01	9.194996e+01
578	1.676820e+01	2.616323e+03	4.375815e+02	3.505049e+02	8.026971e+01	4.150016e+01	9.401591e+01
579	1.679721e+01	2.609367e+03	4.371901e+02	3.498588e+02	7.980788e+01	4.162934e+01	9.587564e+01
580	1.682623e+01	2.618401e+03	4.366768e+02	3.493615e+02	7.968995e+01	4.183528e+01	9.814435e+01
581	1.685524e+01	2.616393e+03	4.363927e+02	3.488715e+02	7.960722e+01	4.184665e+01	9.987968e+01
582	1.688425e+01	2.620044e+03	4.360570e+02	3.483536e+02	7.987425e+01	4.176494e+01	1.015728e+02
583	1.691326e+01	2.604542e+03	4.356265e+02	3.478647e+02	7.934789e+01	4.179325e+01	1.034233e+02
584	1.694227e+01	2.623955e+03	4.352232e+02	3.472345e+02	7.956294e+01	4.199094e+01	1.058184e+02
585	1.697128e+01	2.618642e+03	4.349963e+02	3.466531e+02	7.941222e+01	4.198547e+01	1.078281e+02
586	1.700029e+01	2.619042e+03	4.346328e+02	3.460304e+02	7.948322e+01	4.195437e+01	1.097953e+02
587	1.702930e+01	2.617372e+03	4.344068e+02	3.454213e+02	7.937547e+01	4.198453e+01	1.116417e+02
588	1.705831e+01	2.626123e+03	4.341643e+02	3.448321e+02	7.946973e+01	4.207492e+01	1.134264e+02
589	1.708732e+01	2.631651e+03	4.340704e+02	3.442263e+02	7.936761e+01	4.221776e+01	1.152862e+02
590	1.711633e+01	2.629951e+03	4.338424e+02	3.435988e+02	7.910657e+01	4.232970e+01	1.175333e+02
591	1.714534e+01	2.655226e+03	4.335471e+02	3.429680e+02	7.992073e+01	4.230114e+01	1.193448e+02
592	1.717435e+01	2.637673e+03	4.333641e+02	3.423691e+02	7.952792e+01	4.222907e+01	1.210364e+02
593	1.720337e+01	2.645953e+03	4.333292e+02	3.417611e+02	7.950755e+01	4.237249e+01	1.231314e+02
594	1.723238e+01	2.635833e+03	4.332613e+02	3.412204e+02	7.932816e+01	4.230587e+01	1.249592e+02
595	1.726139e+01	2.634858e+03	4.331544e+02	3.407394e+02	7.904948e+01	4.243932e+01	1.266652e+02
596	1.729040e+01	2.634117e+03	4.331081e+02	3.402179e+02	7.906438e+01	4.241938e+01	1.281289e+02
597	1.731941e+01	2.632391e+03	4.329749e+02	3.395837e+02	7.893459e+01	4.246129e+01	1.302409e+02
598	1.734842e+01	2.640160e+03	4.329574e+02	3.389026e+02	7.919746e+01	4.244525e+01	1.320774e+02
599	1.737743e+01	2.644235e+03	4.329870e+02	3.382545e+02	7.886717e+01	4.268879e+01	1.342961e+02
600	1.740644e+01	2.632337e+03	4.330066e+02	3.377132e+02	7.867106e+01	4.260264e+01	1.360860e+02
601	1.743545e+01	2.638117e+03	4.329737e+02	3.369552e+02	7.890359e+01	4.257036e+01	1.380299e+02
602	1.746446e+01	2.630826e+03	4.329630e+02	3.363088e+02	7.893967e+01	4.243332e+01	1.403157e+02
603	1.749347e+01	2.642656e+03	4.330612e+02	3.356281e+02	7.895380e+01	4.261649e+01	1.421727e+02
604	1.752248e+01	2.629696e+03	4.331721e+02	3.350744e+02	7.861530e+01	4.259009e+01	1.443269e+02
605	1.755149e+01	2.646253e+03	4.333039e+02	3.343732e+02	7.896199e+01	4.267007e+01	1.459846e+02
606	1.758050e+01	2.646594e+03	4.333750e+02	3.337137e+02	7.879296e+01	4.276711e+01	1.482290e+02
607	1.760952e+01	2.644238e+03	4.336711e+02	3.330536e+02	7.878053e+01	4.273579e+01	1.504361e+02
608	1.763853e+01	2.647911e+03	4.338083e+02	3.324691e+02	7.878347e+01	4.279356e+01	1.525881e+02
609	1.766754e+01	2.644591e+03	4.339637e+02	3.318492e+02	7.874926e+01	4.275847e+01	1.542791e+02
610	1.769655e+01	2.645826e+03	4.339997e+02	3.310612e+02	7.904368e+01	4.261910e+01	1.566105e+02
611	1.772556e+01	2.647592e+03	4.343936e+02	3.307102e+02	7.906800e+01	4.263443e+01	1.584960e+02
612	1.775457e+01	2.652494e+03	4.346065e+02	3.299776e+02	7.848655e+01	4.302980e+01	1.602339e+02
613	1.778358e+01	2.654131e+03	4.349568e+02	3.294421e+02	7.882841e+01	4.286963e+01	1.624835e+02
614	1.781259e+01	2.637245e+03	4.352423e+02	3.288453e+02	7.854649e+01	4.274976e+01	1.646617e+02
615	1.784160e+01	2.649009e+03	4.356610e+02	3.282154e+02	7.892899e+01	4.273237e+01	1.669765e+02
616	1.787061e+01	2.639807e+03	4.360186e+02	3.277822e+02	7.909427e+01	4.249495e+01	1.688280e+02
617	1.789962e+01	2.641764e+03	4.364113e+02	3.270606e+02	7.895052e+01	4.260389e+01	1.711049e+02
618	1.792863e+01	2.634037e+03	4.367461e+02	3.266247e+02	7.856141e+01	4.268966e+01	1.731314e+02
619	1.795764e+01	2.632119e+03	4.372616e+02	3.261667e+02	7.838955e+01	4.275210e+01	1.753121e+02
620	1.798666e+01	2.636712e+03	4.375731e+02	3.255500e+02	7.841293e+01	4.281393e+01	1.771542e+02
621	1.801567e+01	2.647521e+03	4.380528e+02	3.249779e+02	7.869125e+01	4.283740e+01	1.795392e+02
622	1.804468e+01	2.635272e+03	4.384885e+02	3.246339e+02	7.848661e+01	4.275037e+01	1.576810e+00
623	1.807369e+01	2.632245e+03	4.389601e+02	3.240327e+02	7.855541e+01	4.266388e+01	3.523816e+00
624	1.810270e+01	2.633923e+03	4.394673e+02	3.237366e+02	7.855305e+01	4.269236e+01	5.835656e+00
625	1.813171e+01	2.647862e+03	4.401340e+02	3.232138e+02	7.863846e+01	4.287167e+01	8.080948e+00
626	1.816072e+01	2.651195e+03	4.405032e+02	3.228580e+02	7.842252e+01	4.304383e+01	1.024679e+01
627	1.818973e+01	2.633340e+03	4.411924e+02	3.224693e+02	7.846192e+01	4.273248e+01	1.256340e+01
628	1.821874e+01	2.644279e+03	4.417190e+02	3.219618e+02	7.844998e+01	4.291652e+01	1.513826e+01
629	1.824775e+01	2.631994e+03	4.423949e+02	3.216571e+02	7.827654e+01	4.281178e+01	1.713524e+01
630	1.827676e+01	2.636861e+03	4.429330e+02	3.214487e+02	7.868054e+01	4.267072e+01	1.938380e+01
631	1.830577e+01	2.646132e+03	4.434809e+02	3.210141e+02	7.864938e+01	4.283772e+01	2.141524e+01
632	1.833478e+01	2.635527e+03	4.443263e+02	3.206122e+02	7.857515e+01	4.270634e+01	2.370844e+01
633	1.836379e+01	2.641197e+03	4.449589e+02	3.203086e+02	7.867629e+01	4.274320e+01	2.617503e+01
634	1.839281e+01	2.631150e+03	4.456150e+02	3.201538e+02	7.880946e+01	4.250866e+01	2.778138e+01
635	1.842182e+01	2.626625e+03	4.462786e+02	3.199532e+02	7.879410e+01	4.244382e+01	3.009843e+01
636	1.845083e+01	2.635604e+03	4.469501e+02	3.196188e+02	7.918307e+01	4.237970e+01	3.211241e+01
637	1.847984e+01	2.628953e+03	4.475711e+02	3.195971e+02	7.894537e+01	4.240005e+01	3.440078e+01
638	1.850885e+01	2.627087e+03	4.483257e+02	3.194036e+02	7.886496e+01	4.241315e+01	3.633753e+01
639	1.853786e+01	2.645599e+03	4.488539e+02	3.194084e+02	7.925918e+01	4.249957e+01	3.840214e+01
640	1.856687e+01	2.615763e+03	4.496592e+02	3.191981e+02	7.887730e+01	4.222372e+01	4.098662e+01
641	1.859588e+01	2.621554e+03	4.503921e+02	3.190961e+02	7.902402e+01	4.223862e+01	4.299496e+01
642	1.862489e+01	2.623946e+03	4.510105e+02	3.192174e+02	7.907404e+01	4.225043e+01	4.523547e+01
643	1.865390e+01	2.625984e+03	4.518253e+02	3.189957e+02	7.894884e+01	4.235030e+01	4.736802e+01
644	1.868291e+01	2.606209e+03	4.523613e+02	3.192466e+02	7.885981e+01	4.207883e+01	4.999573e+01
645	1.871192e+01	2.610626e+03	4.532138e+02	3.192047e+02	7.902035e+01	4.206450e+01	5.199662e+01
646	1.874093e+01	2.600555e+03	4.539524e+02	3.191811e+02	7.880801e+01	4.201514e+01	5.426062e+01
647	1.876994e+01	2.603003e+03	4.545346e+02	3.193560e+02	7.904956e+01	4.192619e+01	5.631285e+01
648	1.879896e+01	2.617224e+03	4.552802e+02	3.194821e+02	7.908199e+01	4.213794e+01	5.840419e+01
649	1.882797e+01	2.607966e+03	4.556648e+02	3.198668e+02	7.907092e+01	4.199478e+01	6.069646e+01
650	1.885698e+01	2.599159e+03	4.565541e+02	3.198787e+02	7.904103e+01	4.186878e+01	6.260690e+01
651	1.888599e+01	2.593414e+03	4.573268e+02	3.199551e+02	7.911109e+01	4.173925e+01	6.477024e+01
652	1.891500e+01	2.604857e+03	4.579939e+02	3.202027e+02	7.939394e+01	4.177405e+01	6.659003e+01
653	1.894401e+01	2.607561e+03	4.585048e+02	3.205400e+02	7.963734e+01	4.168961e+01	6.872615e+01
654	1.897302e+01	2.600352e+03	4.590956e+02	3.208904e+02	7.935651e+01	4.172148e+01	7.101645e+01
655	1.900203e+01	2.590201e+03	4.598093e+02	3.210676e+02	7.948750e+01	4.149012e+01	7.295393e+01
656	1.903104e+01	2.584003e+03	4.603724e+02	3.214454e+02	7.940903e+01	4.143175e+01	7.491296e+01
657	1.906005e+01	2.595478e+03	4.609690e+02	3.218080e+02	7.934901e+01	4.164722e+01	7.701989e+01
658	1.908906e+01	2.582956e+03	4.616153e+02	3.220004e+02	7.963547e+01	4.129720e+01	7.870055e+01
659	1.911807e+01	2.587813e+03	4.622376e+02	3.223863e+02	7.969729e+01	4.134275e+01	8.087765e+01
660	1.914708e+01	2.582643e+03	4.628517e+02	3.227816e+02	7.966975e+01	4.127443e+01	8.282520e+01
661	1.917610e+01	2.592310e+03	4.634246e+02	3.233212e+02	7.970599e+01	4.141009e+01	8.508080e+01
662	1.920511e+01	2.577194e+03	4.640053e+02	3.236606e+02	7.968709e+01	4.117838e+01	8.701956e+01
663	1.923412e+01	2.596788e+03	4.644432e+02	3.241910e+02	7.968507e+01	4.149251e+01	8.889465e+01
664	1.926313e+01	2.594600e+03	4.651003e+02	3.246738e+02	7.987135e+01	4.136086e+01	9.085961e+01
665	1.929214e+01	2.597244e+03	4.655440e+02	3.252122e+02	8.001065e+01	4.133091e+01	9.284242e+01
666	1.932115e+01	2.584755e+03	4.658431e+02	3.257664e+02	7.988918e+01	4.119471e+01	9.509860e+01
667	1.935016e+01	2.587785e+03	4.661643e+02	3.262747e+02	7.939452e+01	4.149997e+01	9.726886e+01
668	1.937917e+01	2.595841e+03	4.666450e+02	3.267715e+02	7.960186e+01	4.152073e+01	9.918549e+01
669	1.940818e+01	2.587625e+03	4.671074e+02	3.273348e+02	7.965256e+01	4.136298e+01	1.014971e+02
670	1.943719e+01	2.584550e+03	4.674562e+02	3.280264e+02	7.969993e+01	4.128926e+01	1.035880e+02
671	1.946620e+01	2.600153e+03	4.684678e+02	3.298473e+02	7.916856e+01	4.181733e+01	1.098365e+02
672	1.949521e+01	2.588574e+03	4.687901e+02	3.304823e+02	7.902024e+01	4.170924e+01	1.119760e+02
673	1.952422e+01	2.593189e+03	4.690539e+02	3.310909e+02	7.933844e+01	4.161604e+01	1.138878e+02
674	1.955323e+01	2.605314e+03	4.695593e+02	3.318536e+02	7.930767e+01	4.182683e+01	1.157521e+02
675	1.958225e+01	2.599739e+03	4.698724e+02	3.326652e+02	7.868757e+01	4.206624e+01	1.181210e+02
676	1.961126e+01	2.603240e+03	4.698418e+02	3.332553e+02	7.892674e+01	4.199525e+01	1.205325e+02
677	1.964027e+01	2.607604e+03	4.702351e+02	3.340215e+02	7.906036e+01	4.199454e+01	1.227329e+02
678	1.966928e+01	2.605275e+03	4.702018e+02	3.347194e+02	7.897911e+01	4.200020e+01	1.244036e+02
679	1.969829e+01	2.616814e+03	4.703297e+02	3.353945e+02	7.897666e+01	4.218755e+01	1.268240e+02
680	1.972730e+01	2.610209e+03	4.703099e+02	3.360633e+02	7.902969e+01	4.205283e+01	1.290833e+02
681	1.975631e+01	2.607354e+03	4.703568e+02	3.367417e+02	7.865778e+01	4.220544e+01	1.308193e+02
682	1.978532e+01	2.605530e+03	4.704369e+02	3.372689e+02	7.879783e+01	4.210096e+01	1.328027e+02
683	1.981433e+01	2.612132e+03	4.705511e+02	3.380577e+02	7.879834e+01	4.220736e+01	1.349136e+02
684	1.984334e+01	2.606345e+03	4.705257e+02	3.386789e+02	7.873492e+01	4.214776e+01	1.371270e+02
685	1.987235e+01	2.600593e+03	4.704037e+02	3.394222e+02	7.852349e+01	4.216800e+01	1.396299e+02
686	1.990136e+01	2.610988e+03	4.705199e+02	3.402433e+02	7.845876e+01	4.237147e+01	1.409486e+02
687	1.993037e+01	2.613307e+03	4.703299e+02	3.407921e+02	7.855933e+01	4.235482e+01	1.433591e+02
688	1.995938e+01	2.618224e+03	4.703117e+02	3.415572e+02	7.865618e+01	4.238225e+01	1.455338e+02
689	1.998840e+01	2.618841e+03	4.699788e+02	3.420843e+02	7.890329e+01	4.225948e+01	1.475550e+02
690	2.001741e+01	2.597457e+03	4.698399e+02	3.428711e+02	7.852647e+01	4.211554e+01	1.499721e+02
691	2.004642e+01	2.610133e+03	4.696554e+02	3.434940e+02	7.858104e+01	4.229169e+01	1.518932e+02
692	2.007543e+01	2.609943e+03	4.696241e+02	3.443868e+02	7.847496e+01	4.234577e+01	1.537488e+02
693	2.010444e+01	2.622716e+03	4.693015e+02	3.449120e+02	7.865794e+01	4.245401e+01	1.562288e+02
694	2.013345e+01	2.628545e+03	4.691206e+02	3.455958e+02	7.889259e+01	4.242183e+01	1.584189e+02
695	2.016246e+01	2.628512e+03	4.688125e+02	3.462162e+02	7.880614e+01	4.246782e+01	1.602498e+02
696	2.019147e+01	2.629136e+03	4.684617e+02	3.466657e+02	7.858434e+01	4.259780e+01	1.624849e+02
697	2.022048e+01	2.633144e+03	4.680440e+02	3.473159e+02	7.855253e+01	4.268002e+01	1.650901e+02
698	2.024949e+01	2.640409e+03	4.676119e+02	3.478973e+02	7.901006e+01	4.254993e+01	1.674904e+02
699	2.027850e+01	2.640736e+03	4.674308e+02	3.486983e+02	7.869302e+01	4.272666e+01	1.692764e+02
700	2.030751e+01	2.635747e+03	4.669074e+02	3.491326e+02	7.895958e+01	4.250197e+01	1.716057e+02
701	2.033652e+01	2.637343e+03	4.664371e+02	3.496000e+02	7.889615e+01	4.256190e+01	1.737839e+02
702	2.036554e+01	2.633095e+03	4.660085e+02	3.501805e+02	7.908375e+01	4.239253e+01	1.759787e+02
703	2.039455e+01	2.636575e+03	4.655673e+02	3.508567e+02	7.886647e+01	4.256552e+01	1.782450e+02
704	2.042356e+01	2.635865e+03	4.649571e+02	3.514654e+02	7.898530e+01	4.249003e+01	1.378986e-01
705	2.045257e+01	2.645338e+03	4.645886e+02	3.517452e+02	7.869317e+01	4.280104e+01	2.488349e+00
706	2.048158e+01	2.629519e+03	4.639900e+02	3.523076e+02	7.866099e+01	4.256249e+01	4.674732e+00
707	2.051059e+01	2.637860e+03	4.634805e+02	3.528322e+02	7.866181e+01	4.269706e+01	7.208404e+00
708	2.053960e+01	2.651737e+03	4.629067e+02	3.531130e+02	7.888840e+01	4.279839e+01	9.647890e+00
709	2.056861e+01	2.638316e+03	4.622135e+02	3.536438e+02	7.899171e+01	4.252609e+01	1.175263e+01
710	2.059762e+01	2.636147e+03	4.616402e+02	3.539916e+02	7.891327e+01	4.253336e+01	1.387158e+01
711	2.062663e+01	2.642763e+03	4.610240e+02	3.543918e+02	7.886914e+01	4.266397e+01	1.634291e+01
712	2.065564e+01	2.634062e+03	4.605467e+02	3.545096e+02	7.882378e+01	4.254797e+01	1.845673e+01
713	2.068465e+01	2.641140e+03	4.599117e+02	3.548735e+02	7.896805e+01	4.258436e+01	2.056383e+01
714	2.071366e+01	2.638817e+03	4.591058e+02	3.552276e+02	7.866424e+01	4.271122e+01	2.324844e+01
715	2.074267e+01	2.641181e+03	4.585043e+02	3.554805e+02	7.863107e+01	4.276752e+01	2.531459e+01
716	2.077169e+01	2.655455e+03	4.577437e+02	3.557876e+02	7.909395e+01	4.274701e+01	2.769753e+01
717	2.080070e+01	2.650632e+03	4.571807e+02	3.557654e+02	7.877684e+01	4.284113e+01	2.997314e+01
718	2.082971e+01	2.646995e+03	4.565114e+02	3.560547e+02	7.892770e+01	4.270058e+01	3.194822e+01
719	2.085872e+01	2.649242e+03	4.557545e+02	3.562328e+02	7.913119e+01	4.262694e+01	3.417338e+01
720	2.088773e+01	2.640346e+03	4.551101e+02	3.562443e+02	7.927187e+01	4.240840e+01	3.636877e+01
721	2.091674e+01	2.645747e+03	4.543541e+02	3.564300e+02	7.930908e+01	4.247521e+01	3.874965e+01
722	2.094575e+01	2.646137e+03	4.537350e+02	3.564994e+02	7.911496e+01	4.258570e+01	4.084697e+01
723	2.097476e+01	2.638982e+03	4.529047e+02	3.566511e+02	7.922646e+01	4.241078e+01	4.320459e+01
724	2.100377e+01	2.634143e+03	4.522353e+02	3.566662e+02	7.913065e+01	4.238427e+01	4.525749e+01
725	2.103278e+01	2.625263e+03	4.515671e+02	3.565239e+02	7.903953e+01	4.229009e+01	4.755673e+01
726	2.106179e+01	2.627169e+03	4.509020e+02	3.565578e+02	7.907126e+01	4.230380e+01	4.968884e+01
727	2.109080e+01	2.629436e+03	4.501387e+02	3.565107e+02	7.938933e+01	4.217067e+01	5.214029e+01
728	2.111981e+01	2.622325e+03	4.494613e+02	3.563768e+02	7.920486e+01	4.215458e+01	5.411820e+01
729	2.114883e+01	2.611620e+03	4.487393e+02	3.563654e+02	7.914808e+01	4.201261e+01	5.606746e+01
730	2.117784e+01	2.629421e+03	4.480719e+02	3.561228e+02	7.952180e+01	4.210019e+01	5.818551e+01
731	2.120685e+01	2.630184e+03	4.473418e+02	3.560749e+02	7.946357e+01	4.214327e+01	6.049742e+01
732	2.123586e+01	2.615498e+03	4.466909e+02	3.559042e+02	7.934174e+01	4.197230e+01	6.241305e+01
733	2.126487e+01	2.615742e+03	4.460457e+02	3.556161e+02	7.960448e+01	4.183767e+01	6.467266e+01
734	2.129388e+01	2.614217e+03	4.453739e+02	3.554058e+02	7.972213e+01	4.175158e+01	6.681429e+01
735	2.132289e+01	2.616847e+03	4.447128e+02	3.551772e+02	7.944847e+01	4.193754e+01	6.868590e+01
736	2.135190e+01	2.631068e+03	4.439089e+02	3.548952e+02	7.972453e+01	4.201944e+01	7.094109e+01
737	2.138091e+01	2.617372e+03	4.433756e+02	3.546004e+02	7.971867e+01	4.180378e+01	7.284510e+01
738	2.140992e+01	2.609147e+03	4.427226e+02	3.542842e+02	7.970990e+01	4.167699e+01	7.464015e+01
739	2.143893e+01	2.621063e+03	4.421114e+02	3.539296e+02	8.002624e+01	4.170184e+01	7.663948e+01
740	2.146794e+01	2.611694e+03	4.415854e+02	3.536007e+02	7.987708e+01	4.163036e+01	7.853064e+01
741	2.149695e+01	2.600891e+03	4.409078e+02	3.531733e+02	7.959343e+01	4.160592e+01	8.053926e+01
742	2.152596e+01	2.611037e+03	4.404034e+02	3.528921e+02	8.001524e+01	4.154803e+01	8.243021e+01
743	2.155498e+01	2.598057e+03	4.398758e+02	3.524610e+02	7.990115e+01	4.140052e+01	8.449774e+01
744	2.158399e+01	2.617734e+03	4.391967e+02	3.519948e+02	8.002296e+01	4.165057e+01	8.612122e+01
745	2.161300e+01	2.616893e+03	4.389656e+02	3.515983e+02	8.038758e+01	4.144833e+01	8.832061e+01
746	2.164201e+01	2.616925e+03	4.380274e+02	3.506847e+02	7.975036e+01	4.178003e+01	9.215079e+01
747	2.167102e+01	2.615434e+03	4.375480e+02	3.501938e+02	8.000816e+01	4.162168e+01	9.408900e+01
748	2.170003e+01	2.615459e+03	4.372751e+02	3.498160e+02	7.990385e+01	4.167641e+01	9.578788e+01
749	2.172904e+01	2.611536e+03	4.367104e+02	3.491930e+02	7.970734e+01	4.171650e+01	9.774057e+01
750	2.175805e+01	2.615704e+03	4.363495e+02	3.486553e+02	7.975224e+01	4.175956e+01	9.947949e+01
751	2.178706e+01	2.601490e+03	4.358441e+02	3.481461e+02	7.963027e+01	4.159623e+01	1.014876e+02
752	2.181607e+01	2.620502e+03	4.357082e+02	3.475151e+02	7.972028e+01	4.185292e+01	1.035178e+02
753	2.184508e+01	2.626647e+03	4.353773e+02	3.469513e+02	7.966706e+01	4.197908e+01	1.054817e+02
754	2.187409e+01	2.619057e+03	4.350271e+02	3.464494e+02	7.914627e+01	4.213321e+01	1.077073e+02
755	2.190310e+01	2.622313e+03	4.344856e+02	3.457495e+02	7.959309e+01	4.194877e+01	1.091915e+02
756	2.193211e+01	2.624736e+03	4.344307e+02	3.451736e+02	7.961711e+01	4.197487e+01	1.116115e+02
757	2.196113e+01	2.633047e+03	4.340747e+02	3.445526e+02	7.917981e+01	4.234033e+01	1.133626e+02
758	2.199014e+01	2.618886e+03	4.338951e+02	3.440970e+02	7.897440e+01	4.222215e+01	1.149962e+02
759	2.201915e+01	2.627739e+03	4.336470e+02	3.434987e+02	7.929681e+01	4.219263e+01	1.166927e+02
760	2.204816e+01	2.642173e+03	4.335096e+02	3.428999e+02	7.961775e+01	4.225339e+01	1.189028e+02
761	2.207717e+01	2.630732e+03	4.333146e+02	3.421799e+02	7.919213e+01	4.229653e+01	1.206474e+02
762	2.210618e+01	2.642011e+03	4.332725e+02	3.416758e+02	7.950030e+01	4.231321e+01	1.226653e+02
763	2.213519e+01	2.637286e+03	4.331971e+02	3.412113e+02	7.928271e+01	4.235345e+01	1.244043e+02
764	2.216420e+01	2.634929e+03	4.330906e+02	3.406661e+02	7.915826e+01	4.238213e+01	1.260276e+02
765	2.219321e+01	2.628470e+03	4.329868e+02	3.400216e+02	7.900603e+01	4.235970e+01	1.276248e+02
766	2.222222e+01	2.639103e+03	4.328930e+02	3.393479e+02	7.898421e+01	4.254281e+01	1.299410e+02
767	2.225123e+01	2.645844e+03	4.328788e+02	3.386088e+02	7.889585e+01	4.269925e+01	1.317518e+02
768	2.228024e+01	2.627405e+03	4.328289e+02	3.379963e+02	7.866017e+01	4.252871e+01	1.337402e+02
769	2.230925e+01	2.624107e+03	4.328966e+02	3.375125e+02	7.869080e+01	4.245879e+01	1.360621e+02
770	2.233827e+01	2.633917e+03	4.328545e+02	3.368059e+02	7.873405e+01	4.259411e+01	1.377867e+02
771	2.236728e+01	2.628947e+03	4.328029e+02	3.360967e+02	7.878668e+01	4.248535e+01	1.398443e+02
772	2.239629e+01	2.645251e+03	4.328842e+02	3.354258e+02	7.900238e+01	4.263211e+01	1.416524e+02
773	2.242530e+01	2.645946e+03	4.328634e+02	3.348047e+02	7.889533e+01	4.270116e+01	1.437373e+02
774	2.245431e+01	2.650141e+03	4.332244e+02	3.343111e+02	7.913889e+01	4.263724e+01	1.457492e+02
775	2.248332e+01	2.630451e+03	4.332780e+02	3.336760e+02	7.866690e+01	4.257438e+01	1.479398e+02
776	2.251233e+01	2.652297e+03	4.333675e+02	3.328770e+02	7.861633e+01	4.295558e+01	1.500034e+02
777	2.254134e+01	2.632918e+03	4.336190e+02	3.323665e+02	7.871018e+01	4.259087e+01	1.521979e+02
778	2.257035e+01	2.647486e+03	4.337244e+02	3.318007e+02	7.859923e+01	4.288698e+01	1.540956e+02
779	2.259936e+01	2.651508e+03	4.339771e+02	3.311306e+02	7.882690e+01	4.282807e+01	1.560614e+02
780	2.262837e+01	2.632090e+03	4.342155e+02	3.303930e+02	7.886579e+01	4.249347e+01	1.582950e+02
781	2.265738e+01	2.656223e+03	4.345034e+02	3.300076e+02	7.886555e+01	4.288321e+01	1.599555e+02
782	2.268639e+01	2.642177e+03	4.347332e+02	3.294083e+02	7.878137e+01	4.270203e+01	1.621178e+02
783	2.271540e+01	2.642921e+03	4.350579e+02	3.288740e+02	7.875209e+01	4.272993e+01	1.640260e+02
784	2.274442e+01	2.634689e+03	4.354409e+02	3.282428e+02	7.874385e+01	4.260130e+01	1.664207e+02
785	2.277343e+01	2.634108e+03	4.358416e+02	3.276281e+02	7.881277e+01	4.255466e+01	1.686965e+02
786	2.280244e+01	2.642662e+03	4.360886e+02	3.269873e+02	7.874583e+01	4.272914e+01	1.703379e+02
787	2.283145e+01	2.631581e+03	4.365828e+02	3.264710e+02	7.851103e+01	4.267723e+01	1.726045e+02
788	2.286046e+01	2.645297e+03	4.368213e+02	3.260189e+02	7.849008e+01	4.291111e+01	1.741979e+02
789	2.288947e+01	2.633975e+03	4.373811e+02	3.254846e+02	7.824140e+01	4.286325e+01	1.765870e+02
790	2.291848e+01	2.630887e+03	4.378290e+02	3.249315e+02	7.850979e+01	4.266665e+01	1.791106e+02
791	2.294749e+01	2.627171e+03	4.382283e+02	3.245625e+02	7.845391e+01	4.263672e+01	8.478189e-01
792	2.297650e+01	2.646753e+03	4.387938e+02	3.238558e+02	7.847983e+01	4.294035e+01	3.402849e+00
793	2.300551e+01	2.639195e+03	4.393877e+02	3.235176e+02	7.875977e+01	4.266552e+01	5.632287e+00
794	2.303452e+01	2.636935e+03	4.398985e+02	3.229764e+02	7.865559e+01	4.268545e+01	7.950265e+00
795	2.306353e+01	2.636627e+03	4.403245e+02	3.227977e+02	7.856452e+01	4.272994e+01	9.903447e+00
796	2.309254e+01	2.634506e+03	4.409010e+02	3.222993e+02	7.857671e+01	4.268895e+01	1.181977e+01
797	2.312155e+01	2.630637e+03	4.415524e+02	3.218957e+02	7.845410e+01	4.269288e+01	1.440150e+01
798	2.315057e+01	2.639400e+03	4.421549e+02	3.214174e+02	7.869225e+01	4.270546e+01	1.675430e+01
799	2.317958e+01	2.626879e+03	4.426836e+02	3.212477e+02	7.844332e+01	4.263774e+01	1.892650e+01
