1	2.896871e-02	2.619707e+03	4.490476e+02	3.158032e+02	7.879251e+01	4.233289e+01	4.216957e+01
2	5.793743e-02	2.605662e+03	4.492790e+02	3.157583e+02	7.876954e+01	4.211821e+01	4.328255e+01
3	8.690614e-02	2.624873e+03	4.495099e+02	3.157122e+02	7.872053e+01	4.245516e+01	4.405247e+01
4	1.158749e-01	2.630367e+03	4.497584e+02	3.157119e+02	7.895939e+01	4.241532e+01	4.476148e+01
5	1.448436e-01	2.605467e+03	4.501203e+02	3.156414e+02	7.867335e+01	4.216655e+01	4.548498e+01
6	1.738123e-01	2.611474e+03	4.502920e+02	3.155858e+02	7.889117e+01	4.214708e+01	4.608115e+01
7	2.027810e-01	2.617646e+03	4.505348e+02	3.157429e+02	7.882866e+01	4.228018e+01	4.732173e+01
8	2.317497e-01	2.620835e+03	4.507880e+02	3.156685e+02	7.878391e+01	4.235574e+01	4.783162e+01
9	2.607184e-01	2.619506e+03	4.509461e+02	3.157104e+02	7.889893e+01	4.227255e+01	4.886785e+01
10	2.896871e-01	2.621358e+03	4.518097e+02	3.157856e+02	7.886773e+01	4.231917e+01	5.142632e+01
11	3.186559e-01	2.618718e+03	4.519532e+02	3.159031e+02	7.892583e+01	4.224542e+01	5.203316e+01
12	3.476246e-01	2.607122e+03	4.522912e+02	3.158566e+02	7.863018e+01	4.221650e+01	5.262409e+01
13	3.765933e-01	2.613191e+03	4.524118e+02	3.158435e+02	7.895586e+01	4.214022e+01	5.321389e+01
14	4.055620e-01	2.611382e+03	4.528749e+02	3.157120e+02	7.905378e+01	4.205890e+01	5.402552e+01
15	4.345307e-01	2.600204e+03	4.528615e+02	3.159733e+02	7.867326e+01	4.208142e+01	5.495615e+01
16	4.634994e-01	2.608234e+03	4.531816e+02	3.159970e+02	7.884784e+01	4.211792e+01	5.580038e+01
17	4.924681e-01	2.608376e+03	4.534378e+02	3.158878e+02	7.908783e+01	4.199239e+01	5.610522e+01
18	5.214368e-01	2.609526e+03	4.537545e+02	3.158497e+02	7.901659e+01	4.204879e+01	5.700496e+01
19	5.504056e-01	2.601271e+03	4.539192e+02	3.160646e+02	7.898075e+01	4.193479e+01	5.788918e+01
20	5.793743e-01	2.584163e+03	4.540015e+02	3.163188e+02	7.847368e+01	4.192817e+01	5.910516e+01
21	6.083430e-01	2.589239e+03	4.542807e+02	3.162454e+02	7.864672e+01	4.191811e+01	5.985698e+01
22	6.373117e-01	2.584268e+03	4.545861e+02	3.163398e+02	7.886840e+01	4.172003e+01	6.033324e+01
23	6.662804e-01	2.604475e+03	4.548963e+02	3.162607e+02	7.916567e+01	4.188837e+01	6.076435e+01
24	6.952491e-01	2.588491e+03	4.550474e+02	3.164485e+02	7.890055e+01	4.177118e+01	6.179426e+01
25	7.242178e-01	2.597936e+03	4.552179e+02	3.164843e+02	7.942476e+01	4.164689e+01	6.205005e+01
26	7.531866e-01	2.596383e+03	4.555013e+02	3.165183e+02	7.932888e+01	4.167231e+01	6.276286e+01
27	7.821553e-01	2.577152e+03	4.557965e+02	3.165081e+02	7.881730e+01	4.163213e+01	6.381650e+01
28	8.111240e-01	2.597494e+03	4.560973e+02	3.165666e+02	7.913264e+01	4.179352e+01	6.444060e+01
29	8.400927e-01	2.572517e+03	4.559748e+02	3.169329e+02	7.858488e+01	4.168016e+01	6.561745e+01
30	8.690614e-01	2.600101e+03	4.564062e+02	3.167622e+02	7.962218e+01	4.157825e+01	6.563213e+01
31	8.980301e-01	2.593368e+03	4.567449e+02	3.168050e+02	7.903974e+01	4.177618e+01	6.658390e+01
32	9.269988e-01	2.599942e+03	4.569400e+02	3.168586e+02	7.917509e+01	4.181049e+01	6.718924e+01
33	9.559676e-01	2.584058e+03	4.570984e+02	3.170469e+02	7.922834e+01	4.152712e+01	6.827902e+01
34	9.849363e-01	2.582592e+03	4.574527e+02	3.169817e+02	7.930618e+01	4.146283e+01	6.875205e+01
35	1.013905e+00	2.590830e+03	4.575757e+02	3.171118e+02	7.902549e+01	4.174282e+01	6.964069e+01
36	1.042874e+00	2.598684e+03	4.578486e+02	3.172501e+02	7.949278e+01	4.162325e+01	7.024099e+01
37	1.071842e+00	2.589018e+03	4.580798e+02	3.174417e+02	7.968806e+01	4.136681e+01	7.079939e+01
38	1.100811e+00	2.595119e+03	4.581541e+02	3.174642e+02	7.947906e+01	4.157331e+01	7.143779e+01
39	1.129780e+00	2.586394e+03	4.585005e+02	3.175070e+02	7.946596e+01	4.144037e+01	7.181295e+01
40	1.158749e+00	2.595493e+03	4.586999e+02	3.175550e+02	7.974140e+01	4.144251e+01	7.207369e+01
41	1.187717e+00	2.585614e+03	4.588340e+02	3.176391e+02	7.942236e+01	4.145062e+01	7.329708e+01
42	1.216686e+00	2.584336e+03	4.590230e+02	3.177149e+02	7.977792e+01	4.124548e+01	7.377028e+01
43	1.245655e+00	2.591746e+03	4.593474e+02	3.178109e+02	7.957841e+01	4.146745e+01	7.429407e+01
44	1.274623e+00	2.586432e+03	4.595699e+02	3.179844e+02	7.970903e+01	4.131462e+01	7.521213e+01
45	1.303592e+00	2.583016e+03	4.597416e+02	3.179982e+02	7.948989e+01	4.137379e+01	7.586990e+01
46	1.332561e+00	2.586300e+03	4.600500e+02	3.180977e+02	7.982725e+01	4.125132e+01	7.647551e+01
47	1.361530e+00	2.581327e+03	4.601897e+02	3.181804e+02	7.957420e+01	4.130294e+01	7.716497e+01
48	1.390498e+00	2.582560e+03	4.602482e+02	3.184116e+02	7.960813e+01	4.130505e+01	7.763718e+01
49	1.419467e+00	2.595420e+03	4.605794e+02	3.184749e+02	7.981419e+01	4.140355e+01	7.842977e+01
50	1.448436e+00	2.588846e+03	4.607446e+02	3.186894e+02	7.960684e+01	4.140625e+01	7.906777e+01
51	1.477404e+00	2.579127e+03	4.607620e+02	3.189044e+02	7.949069e+01	4.131108e+01	8.017280e+01
52	1.506373e+00	2.585579e+03	4.610363e+02	3.189672e+02	7.974895e+01	4.128032e+01	8.066235e+01
53	1.535342e+00	2.587519e+03	4.612174e+02	3.191367e+02	7.980821e+01	4.128060e+01	8.127695e+01
54	1.564311e+00	2.585369e+03	4.615172e+02	3.192761e+02	7.995864e+01	4.116870e+01	8.177520e+01
55	1.593279e+00	2.570280e+03	4.617188e+02	3.194372e+02	7.982011e+01	4.099946e+01	8.272791e+01
56	1.622248e+00	2.580613e+03	4.619690e+02	3.195791e+02	8.016956e+01	4.098486e+01	8.351636e+01
57	1.651217e+00	2.571070e+03	4.621975e+02	3.196601e+02	7.965160e+01	4.109883e+01	8.405450e+01
58	1.680185e+00	2.579325e+03	4.623295e+02	3.198505e+02	7.972708e+01	4.119176e+01	8.470664e+01
59	1.709154e+00	2.581015e+03	4.625009e+02	3.199927e+02	7.995685e+01	4.110030e+01	8.548147e+01
60	1.738123e+00	2.585472e+03	4.628109e+02	3.202286e+02	7.962424e+01	4.134326e+01	8.609021e+01
61	1.767092e+00	2.598083e+03	4.629846e+02	3.203327e+02	8.027640e+01	4.120740e+01	8.678854e+01
62	1.796060e+00	2.589052e+03	4.633095e+02	3.204826e+02	8.002706e+01	4.119211e+01	8.747088e+01
63	1.825029e+00	2.576671e+03	4.633903e+02	3.206536e+02	7.976946e+01	4.112751e+01	8.829961e+01
64	1.853998e+00	2.585955e+03	4.636544e+02	3.208329e+02	7.984039e+01	4.123903e+01	8.922285e+01
65	1.882966e+00	2.588625e+03	4.638111e+02	3.210376e+02	8.004792e+01	4.117458e+01	8.989960e+01
66	1.911935e+00	2.584337e+03	4.639962e+02	3.212666e+02	8.008898e+01	4.108530e+01	9.065777e+01
67	1.940904e+00	2.582773e+03	4.642077e+02	3.213329e+02	7.992708e+01	4.114362e+01	9.122488e+01
68	1.969873e+00	2.565844e+03	4.642177e+02	3.215936e+02	7.938352e+01	4.115380e+01	9.261501e+01
69	1.998841e+00	2.584202e+03	4.644453e+02	3.217586e+02	7.977055e+01	4.124716e+01	9.315099e+01
70	2.027810e+00	2.584508e+03	4.646616e+02	3.219249e+02	7.963940e+01	4.131997e+01	9.385094e+01
71	2.056779e+00	2.579418e+03	4.648175e+02	3.221207e+02	7.957349e+01	4.127275e+01	9.470996e+01
72	2.085747e+00	2.582849e+03	4.649942e+02	3.223248e+02	7.978246e+01	4.121940e+01	9.530079e+01
73	2.114716e+00	2.581130e+03	4.650894e+02	3.225022e+02	7.978378e+01	4.119128e+01	9.611074e+01
74	2.143685e+00	2.591975e+03	4.653792e+02	3.227124e+02	7.977748e+01	4.136763e+01	9.663147e+01
75	2.172654e+00	2.588727e+03	4.654696e+02	3.228810e+02	7.968455e+01	4.136398e+01	9.766288e+01
76	2.201622e+00	2.592543e+03	4.657722e+02	3.231059e+02	7.983188e+01	4.134850e+01	9.813092e+01
77	2.230591e+00	2.583833e+03	4.656986e+02	3.234059e+02	7.933918e+01	4.146549e+01	9.941466e+01
78	2.259560e+00	2.583388e+03	4.659157e+02	3.235377e+02	7.928480e+01	4.148679e+01	9.983398e+01
79	2.288528e+00	2.601874e+03	4.660937e+02	3.236841e+02	7.961449e+01	4.161063e+01	9.997830e+01
80	2.317497e+00	2.588515e+03	4.661502e+02	3.240013e+02	7.929081e+01	4.156597e+01	1.011298e+02
81	2.346466e+00	2.582873e+03	4.665349e+02	3.241877e+02	7.949238e+01	4.137021e+01	1.019132e+02
82	2.375435e+00	2.602999e+03	4.669555e+02	3.249372e+02	7.963375e+01	4.161855e+01	1.041769e+02
83	2.404403e+00	2.604385e+03	4.668799e+02	3.251064e+02	7.951604e+01	4.170236e+01	1.051381e+02
84	2.433372e+00	2.599387e+03	4.671787e+02	3.253316e+02	7.955066e+01	4.160421e+01	1.057690e+02
85	2.462341e+00	2.584888e+03	4.672648e+02	3.255936e+02	7.944304e+01	4.142820e+01	1.063167e+02
86	2.491309e+00	2.599414e+03	4.673953e+02	3.257257e+02	7.947309e+01	4.164524e+01	1.072665e+02
87	2.520278e+00	2.596089e+03	4.674706e+02	3.258771e+02	7.963039e+01	4.150982e+01	1.078527e+02
88	2.549247e+00	2.602551e+03	4.677065e+02	3.261978e+02	7.940110e+01	4.173331e+01	1.085574e+02
89	2.578216e+00	2.604918e+03	4.677805e+02	3.265938e+02	7.937470e+01	4.178516e+01	1.103109e+02
90	2.607184e+00	2.608558e+03	4.678049e+02	3.268317e+02	7.963031e+01	4.170923e+01	1.111262e+02
91	2.636153e+00	2.598710e+03	4.679745e+02	3.269509e+02	7.923645e+01	4.175831e+01	1.113194e+02
92	2.665122e+00	2.595081e+03	4.678216e+02	3.272047e+02	7.897559e+01	4.183773e+01	1.125479e+02
93	2.694090e+00	2.596565e+03	4.683059e+02	3.277510e+02	7.923319e+01	4.172556e+01	1.134550e+02
94	2.723059e+00	2.586598e+03	4.684255e+02	3.279443e+02	7.874539e+01	4.182288e+01	1.143393e+02
95	2.752028e+00	2.589690e+03	4.684052e+02	3.282426e+02	7.872315e+01	4.188470e+01	1.154947e+02
96	2.780997e+00	2.593690e+03	4.685421e+02	3.284390e+02	7.893646e+01	4.183603e+01	1.159321e+02
97	2.809965e+00	2.590362e+03	4.684571e+02	3.285533e+02	7.877525e+01	4.186786e+01	1.167039e+02
98	2.838934e+00	2.596601e+03	4.686170e+02	3.289439e+02	7.898103e+01	4.185935e+01	1.174148e+02
99	2.867903e+00	2.589297e+03	4.687432e+02	3.290516e+02	7.877673e+01	4.184987e+01	1.182897e+02
100	2.896871e+00	2.606718e+03	4.688865e+02	3.294138e+02	7.932970e+01	4.183775e+01	1.190015e+02
101	2.925840e+00	2.599686e+03	4.690021e+02	3.296846e+02	7.899303e+01	4.190273e+01	1.197298e+02
102	2.954809e+00	2.598699e+03	4.688954e+02	3.298421e+02	7.884470e+01	4.196562e+01	1.203356e+02
103	2.983778e+00	2.594931e+03	4.692068e+02	3.301163e+02	7.859009e+01	4.204052e+01	1.207430e+02
104	3.012746e+00	2.600912e+03	4.692178e+02	3.303041e+02	7.879331e+01	4.202875e+01	1.217225e+02
105	3.041715e+00	2.597849e+03	4.690870e+02	3.304389e+02	7.830383e+01	4.224166e+01	1.228944e+02
106	3.070684e+00	2.603585e+03	4.691612e+02	3.306671e+02	7.867001e+01	4.213789e+01	1.233043e+02
107	3.099652e+00	2.604057e+03	4.692647e+02	3.309537e+02	7.867477e+01	4.214296e+01	1.239577e+02
108	3.128621e+00	2.611854e+03	4.694824e+02	3.313644e+02	7.882540e+01	4.218838e+01	1.248639e+02
109	3.157590e+00	2.616464e+03	4.694333e+02	3.315113e+02	7.915018e+01	4.208942e+01	1.254599e+02
110	3.186559e+00	2.604832e+03	4.694572e+02	3.318183e+02	7.859045e+01	4.220074e+01	1.261225e+02
111	3.215527e+00	2.617739e+03	4.694708e+02	3.320661e+02	7.909838e+01	4.213750e+01	1.273382e+02
112	3.244496e+00	2.620066e+03	4.695407e+02	3.324113e+02	7.902988e+01	4.221153e+01	1.283841e+02
113	3.273465e+00	2.604938e+03	4.695324e+02	3.326065e+02	7.904132e+01	4.196172e+01	1.288159e+02
114	3.302433e+00	2.628199e+03	4.696093e+02	3.328958e+02	7.907903e+01	4.231624e+01	1.294887e+02
115	3.331402e+00	2.627198e+03	4.696031e+02	3.331044e+02	7.910632e+01	4.228552e+01	1.304421e+02
116	3.360371e+00	2.611255e+03	4.696805e+02	3.333941e+02	7.892533e+01	4.212529e+01	1.314033e+02
117	3.389340e+00	2.606969e+03	4.697095e+02	3.336711e+02	7.901946e+01	4.200606e+01	1.317895e+02
118	3.418308e+00	2.617903e+03	4.697434e+02	3.339608e+02	7.918716e+01	4.209290e+01	1.326272e+02
119	3.447277e+00	2.625418e+03	4.698386e+02	3.342465e+02	7.920049e+01	4.220663e+01	1.331027e+02
120	3.476246e+00	2.624202e+03	4.698539e+02	3.345310e+02	7.903271e+01	4.227665e+01	1.342359e+02
121	3.505214e+00	2.627682e+03	4.698211e+02	3.347446e+02	7.908875e+01	4.230271e+01	1.349808e+02
122	3.534183e+00	2.616056e+03	4.697489e+02	3.349703e+02	7.893060e+01	4.219993e+01	1.359128e+02
123	3.563152e+00	2.615565e+03	4.698717e+02	3.353740e+02	7.882204e+01	4.225011e+01	1.366406e+02
124	3.592121e+00	2.615926e+03	4.698864e+02	3.357071e+02	7.914556e+01	4.208322e+01	1.373081e+02
125	3.621089e+00	2.611822e+03	4.698898e+02	3.359309e+02	7.864851e+01	4.228275e+01	1.379595e+02
126	3.650058e+00	2.612543e+03	4.698555e+02	3.361061e+02	7.907494e+01	4.206634e+01	1.387877e+02
127	3.679027e+00	2.615707e+03	4.698703e+02	3.363228e+02	7.900959e+01	4.215212e+01	1.397330e+02
128	3.707995e+00	2.619291e+03	4.697789e+02	3.365002e+02	7.889442e+01	4.227149e+01	1.408114e+02
129	3.736964e+00	2.616579e+03	4.699254e+02	3.369548e+02	7.906935e+01	4.213429e+01	1.409691e+02
130	3.765933e+00	2.625571e+03	4.696942e+02	3.369265e+02	7.901711e+01	4.230706e+01	1.420087e+02
131	3.794902e+00	2.623918e+03	4.697198e+02	3.372903e+02	7.924564e+01	4.215849e+01	1.425291e+02
132	3.823870e+00	2.629549e+03	4.696550e+02	3.375654e+02	7.931532e+01	4.221183e+01	1.429041e+02
133	3.852839e+00	2.617317e+03	4.697169e+02	3.378269e+02	7.898396e+01	4.219176e+01	1.440708e+02
134	3.881808e+00	2.608525e+03	4.696902e+02	3.381602e+02	7.879836e+01	4.214907e+01	1.447920e+02
135	3.910776e+00	2.632923e+03	4.695930e+02	3.383666e+02	7.903543e+01	4.241568e+01	1.461161e+02
136	3.939745e+00	2.608611e+03	4.694769e+02	3.385846e+02	7.895461e+01	4.206704e+01	1.464969e+02
137	3.968714e+00	2.622062e+03	4.695092e+02	3.388829e+02	7.880412e+01	4.236469e+01	1.471916e+02
138	3.997683e+00	2.631702e+03	4.694376e+02	3.391248e+02	7.925381e+01	4.227920e+01	1.479873e+02
139	4.026651e+00	2.622267e+03	4.692883e+02	3.392213e+02	7.881037e+01	4.236466e+01	1.489374e+02
140	4.055620e+00	2.618572e+03	4.692509e+02	3.394816e+02	7.843407e+01	4.250793e+01	1.490719e+02
141	4.084589e+00	2.643122e+03	4.693375e+02	3.398064e+02	7.891404e+01	4.264549e+01	1.501838e+02
142	4.113557e+00	2.629469e+03	4.691991e+02	3.398777e+02	7.883896e+01	4.246560e+01	1.505847e+02
143	4.142526e+00	2.627255e+03	4.691174e+02	3.401368e+02	7.898978e+01	4.234883e+01	1.517202e+02
144	4.171495e+00	2.629826e+03	4.690435e+02	3.404094e+02	7.867403e+01	4.256041e+01	1.521957e+02
145	4.200463e+00	2.635497e+03	4.690618e+02	3.407256e+02	7.880647e+01	4.258051e+01	1.526744e+02
146	4.229432e+00	2.642818e+03	4.689089e+02	3.408635e+02	7.914151e+01	4.251802e+01	1.539895e+02
147	4.258401e+00	2.635494e+03	4.687645e+02	3.410866e+02	7.916914e+01	4.238539e+01	1.546898e+02
148	4.287370e+00	2.635358e+03	4.687655e+02	3.413101e+02	7.918296e+01	4.237581e+01	1.550940e+02
149	4.316338e+00	2.624175e+03	4.686769e+02	3.416360e+02	7.890030e+01	4.234716e+01	1.561078e+02
150	4.345307e+00	2.627284e+03	4.686158e+02	3.418636e+02	7.868897e+01	4.251119e+01	1.568650e+02
151	4.374276e+00	2.618536e+03	4.685209e+02	3.421261e+02	7.833463e+01	4.256130e+01	1.578408e+02
152	4.403244e+00	2.636219e+03	4.683771e+02	3.422462e+02	7.888267e+01	4.255102e+01	1.582811e+02
153	4.432213e+00	2.634092e+03	4.683049e+02	3.426188e+02	7.905376e+01	4.242468e+01	1.592239e+02
154	4.461182e+00	2.641653e+03	4.681026e+02	3.427595e+02	7.897488e+01	4.258894e+01	1.600321e+02
155	4.490151e+00	2.637225e+03	4.680824e+02	3.430804e+02	7.874467e+01	4.264186e+01	1.608394e+02
156	4.519119e+00	2.629026e+03	4.680135e+02	3.433113e+02	7.906066e+01	4.233939e+01	1.616669e+02
157	4.548088e+00	2.628642e+03	4.679229e+02	3.435259e+02	7.866667e+01	4.254523e+01	1.626225e+02
158	4.577057e+00	2.631975e+03	4.677320e+02	3.437353e+02	7.901154e+01	4.241324e+01	1.637034e+02
159	4.606025e+00	2.639776e+03	4.675745e+02	3.439167e+02	7.868802e+01	4.271383e+01	1.642848e+02
160	4.634994e+00	2.639854e+03	4.675370e+02	3.442120e+02	7.896372e+01	4.256596e+01	1.652142e+02
161	4.663963e+00	2.637574e+03	4.673479e+02	3.447039e+02	7.879329e+01	4.262119e+01	1.668800e+02
162	4.692932e+00	2.641150e+03	4.671637e+02	3.449579e+02	7.881039e+01	4.266971e+01	1.674855e+02
163	4.721900e+00	2.638816e+03	4.669573e+02	3.450322e+02	7.904408e+01	4.250597e+01	1.684048e+02
164	4.750869e+00	2.636733e+03	4.668821e+02	3.453737e+02	7.892224e+01	4.253798e+01	1.691073e+02
165	4.779838e+00	2.647615e+03	4.667554e+02	3.455038e+02	7.891926e+01	4.271515e+01	1.697262e+02
166	4.808806e+00	2.633421e+03	4.666626e+02	3.457440e+02	7.871647e+01	4.259561e+01	1.704502e+02
167	4.837775e+00	2.631579e+03	4.663981e+02	3.459734e+02	7.882005e+01	4.250988e+01	1.715228e+02
168	4.866744e+00	2.624113e+03	4.662553e+02	3.460883e+02	7.865253e+01	4.247955e+01	1.722637e+02
169	4.895713e+00	2.643446e+03	4.660171e+02	3.462715e+02	7.882233e+01	4.270034e+01	1.727305e+02
170	4.924681e+00	2.629450e+03	4.658008e+02	3.465916e+02	7.911101e+01	4.231927e+01	1.739319e+02
171	4.953650e+00	2.643101e+03	4.657215e+02	3.466682e+02	7.892937e+01	4.263686e+01	1.743975e+02
172	4.982619e+00	2.633483e+03	4.656391e+02	3.469138e+02	7.868541e+01	4.261343e+01	1.750172e+02
173	5.011587e+00	2.651842e+03	4.654378e+02	3.471989e+02	7.883324e+01	4.283003e+01	1.759350e+02
174	5.040556e+00	2.650413e+03	4.653418e+02	3.473846e+02	7.870985e+01	4.287405e+01	1.769782e+02
175	5.069525e+00	2.637829e+03	4.651575e+02	3.476986e+02	7.832051e+01	4.288261e+01	1.776555e+02
176	5.098494e+00	2.636930e+03	4.649588e+02	3.478118e+02	7.877879e+01	4.261863e+01	1.787715e+02
177	5.127462e+00	2.636176e+03	4.647626e+02	3.480101e+02	7.875769e+01	4.261785e+01	1.793616e+02
178	5.156431e+00	2.640021e+03	4.645957e+02	3.482591e+02	7.891236e+01	4.259636e+01	3.439397e-01
179	5.185400e+00	2.656894e+03	4.644134e+02	3.483539e+02	7.894704e+01	4.284977e+01	9.627773e-01
180	5.214368e+00	2.653653e+03	4.642066e+02	3.486534e+02	7.875079e+01	4.290416e+01	1.791915e+00
181	5.243337e+00	2.643863e+03	4.640644e+02	3.487835e+02	7.885576e+01	4.268897e+01	2.721166e+00
182	5.272306e+00	2.631942e+03	4.638550e+02	3.489981e+02	7.885327e+01	4.249783e+01	3.440624e+00
183	5.301275e+00	2.633119e+03	4.636587e+02	3.491335e+02	7.863240e+01	4.263625e+01	4.222171e+00
184	5.330243e+00	2.639399e+03	4.634570e+02	3.493387e+02	7.851930e+01	4.279951e+01	5.170699e+00
185	5.359212e+00	2.645258e+03	4.632631e+02	3.493666e+02	7.877171e+01	4.275707e+01	5.721934e+00
186	5.388181e+00	2.655730e+03	4.629873e+02	3.497131e+02	7.881551e+01	4.290248e+01	6.785676e+00
187	5.417149e+00	2.645371e+03	4.629792e+02	3.497674e+02	7.865798e+01	4.282071e+01	7.335377e+00
188	5.446118e+00	2.653720e+03	4.626812e+02	3.499036e+02	7.903645e+01	4.275016e+01	8.178874e+00
189	5.475087e+00	2.633595e+03	4.625556e+02	3.500675e+02	7.832265e+01	4.281261e+01	8.892346e+00
190	5.504056e+00	2.637575e+03	4.622371e+02	3.503396e+02	7.875868e+01	4.263994e+01	9.530108e+00
191	5.533024e+00	2.643500e+03	4.620656e+02	3.504991e+02	7.883804e+01	4.269270e+01	1.037875e+01
192	5.561993e+00	2.635944e+03	4.619165e+02	3.505822e+02	7.873003e+01	4.262907e+01	1.103533e+01
193	5.590962e+00	2.650987e+03	4.616275e+02	3.509047e+02	7.879230e+01	4.283847e+01	1.230776e+01
194	5.619930e+00	2.645898e+03	4.614518e+02	3.508785e+02	7.880112e+01	4.275145e+01	1.274342e+01
195	5.648899e+00	2.646500e+03	4.612978e+02	3.509447e+02	7.886005e+01	4.272922e+01	1.339864e+01
196	5.677868e+00	2.648848e+03	4.611143e+02	3.510697e+02	7.882815e+01	4.278444e+01	1.475925e+01
197	5.706837e+00	2.630631e+03	4.608507e+02	3.511736e+02	7.857316e+01	4.262808e+01	1.516852e+01
198	5.735805e+00	2.647923e+03	4.606127e+02	3.515004e+02	7.899393e+01	4.267974e+01	1.619633e+01
199	5.764774e+00	2.641425e+03	4.604171e+02	3.514203e+02	7.869389e+01	4.273732e+01	1.688542e+01
200	5.793743e+00	2.645323e+03	4.600644e+02	3.517392e+02	7.869678e+01	4.279883e+01	1.801630e+01
201	5.822711e+00	2.640048e+03	4.598797e+02	3.517438e+02	7.877000e+01	4.267377e+01	1.897810e+01
202	5.851680e+00	2.644130e+03	4.597684e+02	3.518202e+02	7.874580e+01	4.275289e+01	1.966876e+01
203	5.880649e+00	2.647377e+03	4.595394e+02	3.519333e+02	7.879403e+01	4.277919e+01	2.058500e+01
204	5.909618e+00	2.622570e+03	4.591516e+02	3.521533e+02	7.842798e+01	4.257613e+01	2.058923e+01
205	5.938586e+00	2.636404e+03	4.588703e+02	3.523159e+02	7.878124e+01	4.260880e+01	2.178407e+01
206	5.967555e+00	2.629694e+03	4.587330e+02	3.523644e+02	7.850462e+01	4.265011e+01	2.252676e+01
207	5.996524e+00	2.633023e+03	4.584011e+02	3.524326e+02	7.897847e+01	4.244788e+01	2.346954e+01
208	6.025492e+00	2.631189e+03	4.581985e+02	3.527029e+02	7.856577e+01	4.264114e+01	2.405276e+01
209	6.054461e+00	2.630054e+03	4.580268e+02	3.526289e+02	7.858239e+01	4.261373e+01	2.491478e+01
210	6.083430e+00	2.629630e+03	4.578319e+02	3.527145e+02	7.859374e+01	4.260071e+01	2.557939e+01
211	6.112399e+00	2.632151e+03	4.575578e+02	3.528967e+02	7.871735e+01	4.257458e+01	2.611093e+01
212	6.141367e+00	2.625753e+03	4.572220e+02	3.529842e+02	7.849451e+01	4.259168e+01	2.737772e+01
213	6.170336e+00	2.634072e+03	4.570643e+02	3.529827e+02	7.877525e+01	4.257434e+01	2.775105e+01
214	6.199305e+00	2.643695e+03	4.568322e+02	3.530210e+02	7.894697e+01	4.263693e+01	2.855162e+01
215	6.228273e+00	2.649929e+03	4.567927e+02	3.531397e+02	7.917707e+01	4.261328e+01	2.963944e+01
216	6.257242e+00	2.629038e+03	4.563370e+02	3.532984e+02	7.876577e+01	4.249809e+01	3.020507e+01
217	6.286211e+00	2.632028e+03	4.561495e+02	3.533775e+02	7.908900e+01	4.237254e+01	3.088066e+01
218	6.315180e+00	2.642635e+03	4.560081e+02	3.533679e+02	7.903723e+01	4.257117e+01	3.199031e+01
219	6.344148e+00	2.629964e+03	4.556157e+02	3.535125e+02	7.869235e+01	4.255273e+01	3.260836e+01
220	6.373117e+00	2.626285e+03	4.555030e+02	3.535536e+02	7.852972e+01	4.258121e+01	3.303746e+01
221	6.402086e+00	2.632873e+03	4.553092e+02	3.535477e+02	7.900122e+01	4.243324e+01	3.406273e+01
222	6.431054e+00	2.632173e+03	4.551037e+02	3.535838e+02	7.888861e+01	4.248251e+01	3.486485e+01
223	6.460023e+00	2.628072e+03	4.547394e+02	3.537744e+02	7.876374e+01	4.248357e+01	3.530241e+01
224	6.488992e+00	2.633083e+03	4.545537e+02	3.536029e+02	7.892017e+01	4.248020e+01	3.605019e+01
225	6.517961e+00	2.633226e+03	4.542729e+02	3.537621e+02	7.892670e+01	4.247900e+01	3.720971e+01
226	6.546929e+00	2.628880e+03	4.539724e+02	3.538945e+02	7.916400e+01	4.228176e+01	3.803417e+01
227	6.575898e+00	2.622488e+03	4.537272e+02	3.538632e+02	7.871938e+01	4.241719e+01	3.879589e+01
228	6.604867e+00	2.626436e+03	4.536102e+02	3.538929e+02	7.865932e+01	4.251349e+01	3.942722e+01
229	6.633835e+00	2.620793e+03	4.533122e+02	3.539007e+02	7.870703e+01	4.239642e+01	4.026993e+01
230	6.662804e+00	2.636087e+03	4.530253e+02	3.539496e+02	7.915012e+01	4.240512e+01	4.115653e+01
231	6.691773e+00	2.624308e+03	4.527813e+02	3.539841e+02	7.878578e+01	4.241086e+01	4.190637e+01
232	6.720742e+00	2.610192e+03	4.525618e+02	3.539815e+02	7.872940e+01	4.221294e+01	4.273190e+01
233	6.749710e+00	2.626247e+03	4.523793e+02	3.539579e+02	7.860171e+01	4.254159e+01	4.326631e+01
234	6.778679e+00	2.619876e+03	4.521402e+02	3.539483e+02	7.875941e+01	4.235341e+01	4.422035e+01
235	6.807648e+00	2.614414e+03	4.519453e+02	3.539795e+02	7.859914e+01	4.235129e+01	4.442921e+01
236	6.836616e+00	2.624575e+03	4.516855e+02	3.540188e+02	7.875158e+01	4.243360e+01	4.522007e+01
237	6.865585e+00	2.612007e+03	4.515670e+02	3.540421e+02	7.873453e+01	4.223954e+01	4.599785e+01
238	6.894554e+00	2.622578e+03	4.511746e+02	3.541136e+02	7.890622e+01	4.231821e+01	4.680280e+01
239	6.923523e+00	2.623662e+03	4.509576e+02	3.540422e+02	7.893707e+01	4.231915e+01	4.758821e+01
240	6.952491e+00	2.619298e+03	4.506146e+02	3.541098e+02	7.894270e+01	4.224576e+01	4.863666e+01
241	6.981460e+00	2.618360e+03	4.503811e+02	3.540842e+02	7.874377e+01	4.233731e+01	4.927768e+01
242	7.010429e+00	2.624137e+03	4.501502e+02	3.541068e+02	7.917962e+01	4.219716e+01	4.999472e+01
243	7.039397e+00	2.614477e+03	4.500170e+02	3.540426e+02	7.873954e+01	4.227679e+01	5.043794e+01
244	7.068366e+00	2.623152e+03	4.498380e+02	3.539824e+02	7.903104e+01	4.226062e+01	5.141881e+01
245	7.097335e+00	2.613670e+03	4.495884e+02	3.540069e+02	7.907855e+01	4.208255e+01	5.196640e+01
246	7.126304e+00	2.621757e+03	4.493368e+02	3.540297e+02	7.910020e+01	4.220121e+01	5.292047e+01
247	7.155272e+00	2.622744e+03	4.490324e+02	3.539892e+02	7.914681e+01	4.219223e+01	5.337733e+01
248	7.184241e+00	2.623662e+03	4.488130e+02	3.540334e+02	7.941304e+01	4.206552e+01	5.416230e+01
249	7.213210e+00	2.616693e+03	4.487072e+02	3.538740e+02	7.918228e+01	4.207605e+01	5.493335e+01
250	7.242178e+00	2.615612e+03	4.483437e+02	3.539203e+02	7.911690e+01	4.209341e+01	5.573841e+01
251	7.271147e+00	2.638188e+03	4.480311e+02	3.539378e+02	7.941989e+01	4.229476e+01	5.630443e+01
252	7.300116e+00	2.621197e+03	4.477966e+02	3.539184e+02	7.951987e+01	4.196952e+01	5.693666e+01
253	7.329085e+00	2.620655e+03	4.476297e+02	3.538319e+02	7.959024e+01	4.192375e+01	5.780992e+01
254	7.358053e+00	2.620255e+03	4.474448e+02	3.538139e+02	7.939757e+01	4.201907e+01	5.836567e+01
255	7.387022e+00	2.620161e+03	4.470852e+02	3.537382e+02	7.933426e+01	4.205110e+01	5.877190e+01
256	7.415991e+00	2.620210e+03	4.468931e+02	3.537108e+02	7.910707e+01	4.217265e+01	5.988741e+01
257	7.444959e+00	2.604732e+03	4.466581e+02	3.536857e+02	7.924018e+01	4.185310e+01	6.037565e+01
258	7.473928e+00	2.620944e+03	4.463220e+02	3.536201e+02	7.942745e+01	4.201431e+01	6.118649e+01
259	7.502897e+00	2.611271e+03	4.462728e+02	3.535150e+02	7.918363e+01	4.198814e+01	6.202756e+01
260	7.531866e+00	2.602894e+03	4.459934e+02	3.535013e+02	7.896539e+01	4.196912e+01	6.267025e+01
261	7.560834e+00	2.600263e+03	4.459375e+02	3.534310e+02	7.906552e+01	4.187360e+01	6.333180e+01
262	7.589803e+00	2.607426e+03	4.455227e+02	3.533564e+02	7.945784e+01	4.178162e+01	6.386506e+01
263	7.618772e+00	2.614452e+03	4.454277e+02	3.533479e+02	7.953650e+01	4.185278e+01	6.455547e+01
264	7.647740e+00	2.622084e+03	4.451400e+02	3.532291e+02	7.959446e+01	4.194439e+01	6.527082e+01
265	7.676709e+00	2.605965e+03	4.450823e+02	3.531414e+02	7.927345e+01	4.185535e+01	6.607030e+01
266	7.705678e+00	2.609339e+03	4.448712e+02	3.530918e+02	7.952159e+01	4.177876e+01	6.627985e+01
267	7.734647e+00	2.609949e+03	4.447184e+02	3.530682e+02	7.961096e+01	4.174162e+01	6.677119e+01
268	7.763615e+00	2.620060e+03	4.443560e+02	3.528759e+02	7.943195e+01	4.199777e+01	6.756503e+01
269	7.792584e+00	2.611032e+03	4.442043e+02	3.528332e+02	7.955762e+01	4.178694e+01	6.847891e+01
270	7.821553e+00	2.597505e+03	4.440849e+02	3.527494e+02	7.931959e+01	4.169520e+01	6.911762e+01
271	7.850521e+00	2.608101e+03	4.436797e+02	3.527855e+02	7.920097e+01	4.192799e+01	6.965961e+01
272	7.879490e+00	2.616044e+03	4.433621e+02	3.527026e+02	7.958744e+01	4.185147e+01	7.038557e+01
273	7.908459e+00	2.601676e+03	4.431430e+02	3.524825e+02	7.967833e+01	4.157413e+01	7.149963e+01
274	7.937428e+00	2.609202e+03	4.429154e+02	3.523156e+02	7.952230e+01	4.177619e+01	7.230225e+01
275	7.966396e+00	2.593398e+03	4.427451e+02	3.522821e+02	7.942368e+01	4.157471e+01	7.311225e+01
276	7.995365e+00	2.614504e+03	4.425859e+02	3.522108e+02	7.979314e+01	4.171899e+01	7.375719e+01
277	8.024334e+00	2.616143e+03	4.423358e+02	3.521552e+02	7.992711e+01	4.167518e+01	7.425931e+01
278	8.053302e+00	2.596742e+03	4.420865e+02	3.520416e+02	7.957535e+01	4.154898e+01	7.481833e+01
279	8.082271e+00	2.615516e+03	4.419776e+02	3.518748e+02	7.981414e+01	4.172416e+01	7.531963e+01
280	8.111240e+00	2.601078e+03	4.415919e+02	3.518267e+02	7.964629e+01	4.158128e+01	7.629017e+01
281	8.140209e+00	2.605060e+03	4.415081e+02	3.516688e+02	7.971506e+01	4.160903e+01	7.712138e+01
282	8.169177e+00	2.596512e+03	4.412635e+02	3.515410e+02	7.969035e+01	4.148535e+01	7.759535e+01
283	8.198146e+00	2.607236e+03	4.410799e+02	3.513852e+02	7.982689e+01	4.158544e+01	7.830432e+01
284	8.227115e+00	2.609380e+03	4.408765e+02	3.513235e+02	7.967069e+01	4.170122e+01	7.909791e+01
285	8.256083e+00	2.605500e+03	4.405674e+02	3.512457e+02	7.977019e+01	4.158728e+01	7.965866e+01
286	8.285052e+00	2.605703e+03	4.403775e+02	3.510875e+02	7.997543e+01	4.148379e+01	8.032951e+01
287	8.314021e+00	2.615470e+03	4.402703e+02	3.509706e+02	8.009119e+01	4.157910e+01	8.093714e+01
288	8.342990e+00	2.605040e+03	4.401225e+02	3.508280e+02	7.982104e+01	4.155345e+01	8.165218e+01
289	8.371958e+00	2.610462e+03	4.398533e+02	3.507191e+02	8.003208e+01	4.153014e+01	8.228515e+01
290	8.400927e+00	2.611087e+03	4.395863e+02	3.506088e+02	8.005253e+01	4.152948e+01	8.289881e+01
291	8.429896e+00	2.609495e+03	4.393587e+02	3.504196e+02	7.985567e+01	4.160646e+01	8.363713e+01
292	8.458864e+00	2.612705e+03	4.392565e+02	3.502410e+02	8.002702e+01	4.156845e+01	8.421429e+01
293	8.487833e+00	2.613820e+03	4.391689e+02	3.501305e+02	7.988537e+01	4.165993e+01	8.482237e+01
294	8.516802e+00	2.609105e+03	4.388331e+02	3.499088e+02	7.977283e+01	4.164345e+01	8.547888e+01
295	8.545771e+00	2.616166e+03	4.385846e+02	3.497867e+02	8.000256e+01	4.163625e+01	8.662453e+01
296	8.574739e+00	2.601894e+03	4.386502e+02	3.496611e+02	7.995641e+01	4.143301e+01	8.709712e+01
297	8.603708e+00	2.589606e+03	4.383745e+02	3.494775e+02	7.996422e+01	4.123330e+01	8.775411e+01
298	8.632677e+00	2.607452e+03	4.383340e+02	3.493632e+02	7.994025e+01	4.152991e+01	8.828001e+01
299	8.661645e+00	2.608542e+03	4.380566e+02	3.492307e+02	8.014624e+01	4.144048e+01	8.885693e+01
300	8.690614e+00	2.611049e+03	4.379128e+02	3.491156e+02	8.004527e+01	4.153263e+01	8.928757e+01
301	8.719583e+00	2.609720e+03	4.377681e+02	3.488737e+02	8.009298e+01	4.148676e+01	8.994978e+01
302	8.748552e+00	2.601936e+03	4.375773e+02	3.486949e+02	7.959869e+01	4.161988e+01	9.080490e+01
303	8.777520e+00	2.593006e+03	4.374200e+02	3.484796e+02	7.988000e+01	4.133097e+01	9.149389e+01
304	8.806489e+00	2.603938e+03	4.372037e+02	3.483838e+02	8.002066e+01	4.143226e+01	9.227032e+01
305	8.835458e+00	2.620857e+03	4.370121e+02	3.481371e+02	8.007742e+01	4.167190e+01	9.309091e+01
306	8.864426e+00	2.613777e+03	4.367760e+02	3.480497e+02	8.005379e+01	4.157161e+01	9.365092e+01
307	8.893395e+00	2.617409e+03	4.366395e+02	3.478586e+02	7.988685e+01	4.171636e+01	9.454315e+01
308	8.922364e+00	2.602811e+03	4.366885e+02	3.476889e+02	7.975826e+01	4.155058e+01	9.494354e+01
309	8.951333e+00	2.602768e+03	4.364813e+02	3.475887e+02	7.996207e+01	4.144399e+01	9.546509e+01
310	8.980301e+00	2.625828e+03	4.363574e+02	3.473837e+02	8.000107e+01	4.179080e+01	9.583713e+01
311	9.009270e+00	2.602658e+03	4.361306e+02	3.472703e+02	7.977071e+01	4.154166e+01	9.663402e+01
312	9.038239e+00	2.610826e+03	4.360552e+02	3.471013e+02	7.985146e+01	4.162988e+01	9.730695e+01
313	9.067207e+00	2.599375e+03	4.359337e+02	3.468484e+02	7.981071e+01	4.146845e+01	9.773046e+01
314	9.096176e+00	2.609857e+03	4.356968e+02	3.467047e+02	7.967616e+01	4.170599e+01	9.859736e+01
315	9.125145e+00	2.612547e+03	4.356235e+02	3.465193e+02	7.968295e+01	4.174541e+01	9.886979e+01
316	9.154114e+00	2.618537e+03	4.354809e+02	3.463637e+02	7.963611e+01	4.186575e+01	9.961386e+01
317	9.183082e+00	2.620801e+03	4.352823e+02	3.460803e+02	7.995751e+01	4.173350e+01	1.003705e+02
318	9.212051e+00	2.615693e+03	4.352109e+02	3.458925e+02	7.975823e+01	4.175624e+01	1.008929e+02
319	9.241020e+00	2.615690e+03	4.351304e+02	3.457169e+02	7.965930e+01	4.180804e+01	1.018364e+02
320	9.269988e+00	2.627413e+03	4.348401e+02	3.453846e+02	7.980606e+01	4.191819e+01	1.026281e+02
321	9.298957e+00	2.619783e+03	4.346684e+02	3.452175e+02	7.985024e+01	4.177334e+01	1.033495e+02
322	9.327926e+00	2.609644e+03	4.346119e+02	3.451021e+02	7.989570e+01	4.158799e+01	1.038337e+02
323	9.356895e+00	2.613697e+03	4.344244e+02	3.448656e+02	7.974091e+01	4.173343e+01	1.048677e+02
324	9.385863e+00	2.613875e+03	4.344348e+02	3.447307e+02	7.956892e+01	4.182650e+01	1.053715e+02
325	9.414832e+00	2.611388e+03	4.343723e+02	3.445535e+02	7.968621e+01	4.172520e+01	1.061445e+02
326	9.443801e+00	2.616746e+03	4.341987e+02	3.444042e+02	7.964693e+01	4.183143e+01	1.066839e+02
327	9.472769e+00	2.614499e+03	4.340772e+02	3.441993e+02	7.930340e+01	4.197655e+01	1.074656e+02
328	9.501738e+00	2.622397e+03	4.339154e+02	3.438542e+02	7.954358e+01	4.197624e+01	1.082518e+02
329	9.530707e+00	2.617173e+03	4.338738e+02	3.437104e+02	7.949171e+01	4.191994e+01	1.087990e+02
330	9.559676e+00	2.623266e+03	4.338383e+02	3.434537e+02	7.954537e+01	4.198919e+01	1.098160e+02
331	9.588644e+00	2.617452e+03	4.335604e+02	3.432825e+02	7.950320e+01	4.191835e+01	1.103936e+02
332	9.617613e+00	2.622778e+03	4.335108e+02	3.431004e+02	7.951398e+01	4.199796e+01	1.108688e+02
333	9.646582e+00	2.634585e+03	4.334221e+02	3.428344e+02	7.966593e+01	4.210656e+01	1.116352e+02
334	9.675550e+00	2.628013e+03	4.333589e+02	3.427209e+02	7.964225e+01	4.201400e+01	1.121694e+02
335	9.704519e+00	2.620078e+03	4.332684e+02	3.424337e+02	7.937383e+01	4.202880e+01	1.131750e+02
336	9.733488e+00	2.628174e+03	4.330947e+02	3.421895e+02	7.950790e+01	4.208758e+01	1.137236e+02
337	9.762457e+00	2.626279e+03	4.331479e+02	3.420626e+02	7.929285e+01	4.217130e+01	1.143579e+02
338	9.791425e+00	2.631968e+03	4.330308e+02	3.417787e+02	7.942041e+01	4.219477e+01	1.152197e+02
339	9.820394e+00	2.639379e+03	4.329709e+02	3.415710e+02	7.942520e+01	4.231103e+01	1.160088e+02
340	9.849363e+00	2.628200e+03	4.328929e+02	3.413350e+02	7.963182e+01	4.202250e+01	1.167616e+02
341	9.878331e+00	2.623978e+03	4.329328e+02	3.411225e+02	7.905357e+01	4.226188e+01	1.173569e+02
342	9.907300e+00	2.644805e+03	4.327587e+02	3.408281e+02	7.959933e+01	4.230527e+01	1.183627e+02
343	9.936269e+00	2.627769e+03	4.326897e+02	3.406145e+02	7.912524e+01	4.228460e+01	1.188458e+02
344	9.965238e+00	2.637708e+03	4.326878e+02	3.403438e+02	7.899022e+01	4.251709e+01	1.196830e+02
345	9.994206e+00	2.631770e+03	4.325735e+02	3.401468e+02	7.909808e+01	4.236353e+01	1.205306e+02
346	1.002317e+01	2.632273e+03	4.325413e+02	3.398951e+02	7.905949e+01	4.239231e+01	1.211986e+02
347	1.005214e+01	2.627778e+03	4.324301e+02	3.395739e+02	7.924781e+01	4.221934e+01	1.220310e+02
348	1.008111e+01	2.634294e+03	4.324269e+02	3.394650e+02	7.912982e+01	4.238715e+01	1.226743e+02
349	1.011008e+01	2.632054e+03	4.323436e+02	3.392034e+02	7.929677e+01	4.226194e+01	1.233471e+02
350	1.013905e+01	2.626853e+03	4.323591e+02	3.390081e+02	7.888394e+01	4.239916e+01	1.240831e+02
351	1.016802e+01	2.630303e+03	4.322978e+02	3.388149e+02	7.894956e+01	4.241956e+01	1.245903e+02
352	1.019699e+01	2.619310e+03	4.322203e+02	3.385093e+02	7.878835e+01	4.232870e+01	1.251254e+02
353	1.022596e+01	2.632506e+03	4.320800e+02	3.382995e+02	7.903704e+01	4.240810e+01	1.259553e+02
354	1.025492e+01	2.633977e+03	4.319351e+02	3.379801e+02	7.909391e+01	4.240128e+01	1.267846e+02
355	1.028389e+01	2.637489e+03	4.321178e+02	3.377856e+02	7.930870e+01	4.234283e+01	1.277236e+02
356	1.031286e+01	2.644864e+03	4.320125e+02	3.375333e+02	7.900193e+01	4.262612e+01	1.285615e+02
357	1.034183e+01	2.637452e+03	4.320324e+02	3.373113e+02	7.927885e+01	4.235819e+01	1.292662e+02
358	1.037080e+01	2.632727e+03	4.319472e+02	3.369778e+02	7.882731e+01	4.252450e+01	1.299131e+02
359	1.039977e+01	2.625114e+03	4.319601e+02	3.368086e+02	7.878628e+01	4.242361e+01	1.306622e+02
360	1.042874e+01	2.633480e+03	4.320304e+02	3.365584e+02	7.877332e+01	4.256582e+01	1.316745e+02
361	1.045771e+01	2.623719e+03	4.320865e+02	3.365025e+02	7.891549e+01	4.233165e+01	1.322016e+02
362	1.048667e+01	2.631302e+03	4.319277e+02	3.359568e+02	7.864140e+01	4.260197e+01	1.332119e+02
363	1.051564e+01	2.637109e+03	4.318081e+02	3.357150e+02	7.908390e+01	4.245708e+01	1.342185e+02
364	1.054461e+01	2.644294e+03	4.318699e+02	3.355296e+02	7.902202e+01	4.260610e+01	1.346904e+02
365	1.057358e+01	2.635722e+03	4.319147e+02	3.354530e+02	7.872591e+01	4.262771e+01	1.352116e+02
366	1.060255e+01	2.630410e+03	4.318703e+02	3.351441e+02	7.863467e+01	4.259116e+01	1.364228e+02
367	1.063152e+01	2.633501e+03	4.319195e+02	3.348902e+02	7.874899e+01	4.257932e+01	1.366334e+02
368	1.066049e+01	2.641473e+03	4.319310e+02	3.346542e+02	7.875256e+01	4.270626e+01	1.375247e+02
369	1.068946e+01	2.650574e+03	4.318240e+02	3.343044e+02	7.935387e+01	4.252868e+01	1.381795e+02
370	1.071842e+01	2.638046e+03	4.320095e+02	3.342624e+02	7.903841e+01	4.249661e+01	1.390787e+02
371	1.074739e+01	2.630110e+03	4.319427e+02	3.341289e+02	7.869607e+01	4.255308e+01	1.396521e+02
372	1.077636e+01	2.638377e+03	4.319729e+02	3.337731e+02	7.893733e+01	4.255636e+01	1.402515e+02
373	1.080533e+01	2.624081e+03	4.319636e+02	3.335470e+02	7.835849e+01	4.263844e+01	1.409085e+02
374	1.083430e+01	2.633325e+03	4.321172e+02	3.333112e+02	7.881846e+01	4.253894e+01	1.417106e+02
375	1.086327e+01	2.625415e+03	4.320726e+02	3.331031e+02	7.852053e+01	4.257208e+01	1.422469e+02
376	1.089224e+01	2.642620e+03	4.320905e+02	3.328565e+02	7.908305e+01	4.254626e+01	1.432671e+02
377	1.092121e+01	2.632366e+03	4.320428e+02	3.326307e+02	7.874613e+01	4.256251e+01	1.436915e+02
378	1.095017e+01	2.635558e+03	4.320964e+02	3.323095e+02	7.886082e+01	4.255215e+01	1.446690e+02
379	1.097914e+01	2.632462e+03	4.321314e+02	3.321937e+02	7.864929e+01	4.261647e+01	1.455215e+02
380	1.100811e+01	2.634651e+03	4.321731e+02	3.320355e+02	7.877520e+01	4.258373e+01	1.461960e+02
381	1.103708e+01	2.637170e+03	4.321031e+02	3.316030e+02	7.878024e+01	4.262171e+01	1.470053e+02
382	1.106605e+01	2.644113e+03	4.322051e+02	3.314500e+02	7.899032e+01	4.262029e+01	1.478606e+02
383	1.109502e+01	2.638461e+03	4.323191e+02	3.311866e+02	7.897493e+01	4.253746e+01	1.485386e+02
384	1.112399e+01	2.641722e+03	4.323136e+02	3.309115e+02	7.903970e+01	4.255513e+01	1.490370e+02
385	1.115295e+01	2.644042e+03	4.324684e+02	3.307333e+02	7.874168e+01	4.275370e+01	1.501521e+02
386	1.118192e+01	2.635157e+03	4.324870e+02	3.305405e+02	7.866277e+01	4.265278e+01	1.507876e+02
387	1.121089e+01	2.634097e+03	4.324520e+02	3.302852e+02	7.860517e+01	4.266687e+01	1.512632e+02
388	1.123986e+01	2.639049e+03	4.325982e+02	3.300003e+02	7.883083e+01	4.262471e+01	1.520916e+02
389	1.126883e+01	2.653849e+03	4.325236e+02	3.298044e+02	7.895609e+01	4.279575e+01	1.523429e+02
390	1.129780e+01	2.646052e+03	4.327442e+02	3.296005e+02	7.873756e+01	4.278845e+01	1.537870e+02
391	1.132677e+01	2.641153e+03	4.328996e+02	3.293787e+02	7.886021e+01	4.264281e+01	1.542560e+02
392	1.135574e+01	2.630801e+03	4.329048e+02	3.291515e+02	7.868940e+01	4.256786e+01	1.555443e+02
393	1.138470e+01	2.640724e+03	4.329256e+02	3.287530e+02	7.856709e+01	4.279494e+01	1.561799e+02
394	1.141367e+01	2.631534e+03	4.331239e+02	3.285281e+02	7.856465e+01	4.264734e+01	1.570900e+02
395	1.144264e+01	2.637880e+03	4.331596e+02	3.283443e+02	7.857929e+01	4.274222e+01	1.580075e+02
396	1.147161e+01	2.640776e+03	4.332755e+02	3.282042e+02	7.861121e+01	4.277177e+01	1.583819e+02
397	1.150058e+01	2.637035e+03	4.332825e+02	3.278362e+02	7.844847e+01	4.279977e+01	1.593068e+02
398	1.152955e+01	2.638989e+03	4.334003e+02	3.276870e+02	7.871847e+01	4.268459e+01	1.598980e+02
399	1.155852e+01	2.630616e+03	4.336356e+02	3.274598e+02	7.841431e+01	4.271420e+01	1.608379e+02
400	1.158749e+01	2.638904e+03	4.336458e+02	3.272406e+02	7.856679e+01	4.276561e+01	1.612289e+02
401	1.161645e+01	2.637166e+03	4.337273e+02	3.269778e+02	7.855042e+01	4.274635e+01	1.621641e+02
402	1.164542e+01	2.632080e+03	4.337722e+02	3.267358e+02	7.853508e+01	4.267225e+01	1.629680e+02
403	1.167439e+01	2.628118e+03	4.338831e+02	3.266294e+02	7.833470e+01	4.271701e+01	1.633229e+02
404	1.170336e+01	2.613526e+03	4.340526e+02	3.264853e+02	7.798132e+01	4.267233e+01	1.639026e+02
405	1.173233e+01	2.623991e+03	4.341774e+02	3.261359e+02	7.840471e+01	4.261184e+01	1.647506e+02
406	1.176130e+01	2.642175e+03	4.342484e+02	3.258960e+02	7.847980e+01	4.286609e+01	1.653639e+02
407	1.179027e+01	2.637424e+03	4.344449e+02	3.257673e+02	7.860804e+01	4.271920e+01	1.664004e+02
408	1.181924e+01	2.642551e+03	4.345436e+02	3.255320e+02	7.841871e+01	4.290558e+01	1.667295e+02
409	1.184820e+01	2.636227e+03	4.346391e+02	3.254120e+02	7.859184e+01	4.270862e+01	1.677209e+02
410	1.187717e+01	2.636417e+03	4.348422e+02	3.252413e+02	7.845665e+01	4.278529e+01	1.686615e+02
411	1.190614e+01	2.648684e+03	4.350063e+02	3.249552e+02	7.866196e+01	4.287218e+01	1.694306e+02
412	1.193511e+01	2.629503e+03	4.350732e+02	3.248383e+02	7.825396e+01	4.278362e+01	1.702590e+02
413	1.196408e+01	2.647417e+03	4.352556e+02	3.245462e+02	7.845633e+01	4.296399e+01	1.711094e+02
414	1.199305e+01	2.645239e+03	4.352903e+02	3.244059e+02	7.838336e+01	4.296860e+01	1.717259e+02
415	1.202202e+01	2.625279e+03	4.355110e+02	3.242821e+02	7.827877e+01	4.270134e+01	1.723892e+02
416	1.205098e+01	2.632655e+03	4.356206e+02	3.239861e+02	7.845099e+01	4.272731e+01	1.731195e+02
417	1.207995e+01	2.629915e+03	4.357463e+02	3.238150e+02	7.839484e+01	4.271342e+01	1.737857e+02
418	1.210892e+01	2.631695e+03	4.359005e+02	3.236491e+02	7.894755e+01	4.244309e+01	1.749397e+02
419	1.213789e+01	2.646217e+03	4.359765e+02	3.233274e+02	7.843117e+01	4.295827e+01	1.754669e+02
420	1.216686e+01	2.643854e+03	4.363211e+02	3.231442e+02	7.865730e+01	4.279654e+01	1.766075e+02
421	1.219583e+01	2.642091e+03	4.364669e+02	3.229032e+02	7.854591e+01	4.282865e+01	1.771879e+02
422	1.222480e+01	2.641683e+03	4.366268e+02	3.228152e+02	7.868509e+01	4.274629e+01	1.777272e+02
423	1.225377e+01	2.631571e+03	4.367733e+02	3.227091e+02	7.860600e+01	4.262551e+01	1.786457e+02
424	1.228273e+01	2.631107e+03	4.368951e+02	3.225641e+02	7.868326e+01	4.257615e+01	1.794971e+02
425	1.231170e+01	2.628752e+03	4.370475e+02	3.223211e+02	7.864133e+01	4.256071e+01	3.291987e-01
426	1.234067e+01	2.631206e+03	4.372021e+02	3.220625e+02	7.888163e+01	4.247067e+01	9.944052e-01
427	1.236964e+01	2.635735e+03	4.375163e+02	3.219160e+02	7.841782e+01	4.279539e+01	1.904454e+00
428	1.239861e+01	2.629471e+03	4.375988e+02	3.217190e+02	7.819901e+01	4.281316e+01	2.630086e+00
429	1.242758e+01	2.681304e+03	4.375258e+02	3.211938e+02	7.810339e+01	4.371055e+01	2.347070e+00
430	1.245655e+01	2.627970e+03	4.380032e+02	3.214258e+02	7.874596e+01	4.249152e+01	3.954423e+00
431	1.248552e+01	2.643651e+03	4.380798e+02	3.211658e+02	7.834354e+01	4.296462e+01	4.923321e+00
432	1.251448e+01	2.620802e+03	4.383411e+02	3.209875e+02	7.846341e+01	4.252821e+01	5.244690e+00
433	1.254345e+01	2.635845e+03	4.385147e+02	3.208998e+02	7.855913e+01	4.272020e+01	5.942665e+00
434	1.257242e+01	2.629510e+03	4.386390e+02	3.207681e+02	7.875265e+01	4.251281e+01	6.943527e+00
435	1.260139e+01	2.638527e+03	4.389009e+02	3.205394e+02	7.844737e+01	4.282460e+01	7.914591e+00
436	1.263036e+01	2.642446e+03	4.390988e+02	3.203978e+02	7.843880e+01	4.289289e+01	8.824563e+00
437	1.265933e+01	2.639706e+03	4.391894e+02	3.202190e+02	7.854632e+01	4.278976e+01	9.172862e+00
438	1.268830e+01	2.621345e+03	4.394256e+02	3.202481e+02	7.831956e+01	4.261515e+01	1.000488e+01
439	1.271727e+01	2.631527e+03	4.396513e+02	3.198597e+02	7.843778e+01	4.271620e+01	1.093569e+01
440	1.274623e+01	2.623597e+03	4.398838e+02	3.198656e+02	7.853189e+01	4.253645e+01	1.144726e+01
441	1.277520e+01	2.632718e+03	4.401674e+02	3.194844e+02	7.854639e+01	4.267645e+01	1.248725e+01
442	1.280417e+01	2.622401e+03	4.403675e+02	3.195517e+02	7.865205e+01	4.245211e+01	1.318874e+01
443	1.283314e+01	2.630819e+03	4.404547e+02	3.193228e+02	7.868833e+01	4.256873e+01	1.376475e+01
444	1.286211e+01	2.635163e+03	4.406475e+02	3.192686e+02	7.876546e+01	4.259727e+01	1.469470e+01
445	1.289108e+01	2.633671e+03	4.408046e+02	3.191592e+02	7.867682e+01	4.262113e+01	1.525929e+01
446	1.292005e+01	2.620350e+03	4.410757e+02	3.191032e+02	7.856736e+01	4.246462e+01	1.602886e+01
447	1.294902e+01	2.625299e+03	4.413210e+02	3.189479e+02	7.858233e+01	4.253672e+01	1.696055e+01
448	1.297798e+01	2.630432e+03	4.415865e+02	3.187906e+02	7.855910e+01	4.263249e+01	1.785565e+01
449	1.300695e+01	2.627510e+03	4.416510e+02	3.186678e+02	7.864342e+01	4.253947e+01	1.846670e+01
450	1.303592e+01	2.625687e+03	4.418876e+02	3.186568e+02	7.845795e+01	4.261045e+01	1.927535e+01
451	1.306489e+01	2.621755e+03	4.421412e+02	3.185544e+02	7.866137e+01	4.243661e+01	1.982002e+01
452	1.309386e+01	2.621795e+03	4.424066e+02	3.183902e+02	7.839643e+01	4.258068e+01	2.074404e+01
453	1.312283e+01	2.622668e+03	4.426072e+02	3.182177e+02	7.843990e+01	4.257125e+01	2.140750e+01
454	1.315180e+01	2.605038e+03	4.426969e+02	3.183436e+02	7.807011e+01	4.248537e+01	2.201068e+01
455	1.318076e+01	2.633736e+03	4.429451e+02	3.180466e+02	7.896014e+01	4.246923e+01	2.324528e+01
456	1.320973e+01	2.633482e+03	4.432103e+02	3.179427e+02	7.885939e+01	4.251939e+01	2.359034e+01
457	1.323870e+01	2.617925e+03	4.436040e+02	3.176864e+02	7.867955e+01	4.236483e+01	2.413585e+01
458	1.326767e+01	2.620560e+03	4.437740e+02	3.176968e+02	7.869646e+01	4.239837e+01	2.513510e+01
459	1.329664e+01	2.607669e+03	4.439871e+02	3.176061e+02	7.823597e+01	4.243812e+01	2.572279e+01
460	1.332561e+01	2.627608e+03	4.441057e+02	3.176994e+02	7.863616e+01	4.254499e+01	2.693200e+01
461	1.335458e+01	2.614516e+03	4.445238e+02	3.174048e+02	7.861067e+01	4.234674e+01	2.752554e+01
462	1.338355e+01	2.626302e+03	4.446378e+02	3.173675e+02	7.890158e+01	4.238079e+01	2.840016e+01
463	1.341251e+01	2.621258e+03	4.450114e+02	3.172083e+02	7.888847e+01	4.230643e+01	2.920366e+01
464	1.344148e+01	2.616456e+03	4.453040e+02	3.170252e+02	7.868889e+01	4.233604e+01	2.986015e+01
465	1.347045e+01	2.628042e+03	4.455133e+02	3.170470e+02	7.894322e+01	4.238650e+01	3.063287e+01
466	1.349942e+01	2.628880e+03	4.456277e+02	3.170981e+02	7.900658e+01	4.236602e+01	3.161704e+01
467	1.352839e+01	2.621593e+03	4.459564e+02	3.169883e+02	7.871689e+01	4.240407e+01	3.239827e+01
468	1.355736e+01	2.622992e+03	4.463737e+02	3.167388e+02	7.881702e+01	4.237278e+01	3.295868e+01
469	1.358633e+01	2.616564e+03	4.465952e+02	3.167485e+02	7.877016e+01	4.229410e+01	3.365763e+01
470	1.361530e+01	2.638587e+03	4.466266e+02	3.167389e+02	7.906268e+01	4.249228e+01	3.475816e+01
471	1.364426e+01	2.633668e+03	4.468893e+02	3.167466e+02	7.913364e+01	4.237503e+01	3.543587e+01
472	1.367323e+01	2.617149e+03	4.471165e+02	3.167382e+02	7.879051e+01	4.229263e+01	3.601535e+01
473	1.370220e+01	2.617619e+03	4.474711e+02	3.165744e+02	7.856655e+01	4.242080e+01	3.632841e+01
474	1.373117e+01	2.614074e+03	4.476768e+02	3.165896e+02	7.870574e+01	4.228843e+01	3.714820e+01
475	1.376014e+01	2.616314e+03	4.476811e+02	3.165966e+02	7.866383e+01	4.234722e+01	3.809528e+01
476	1.378911e+01	2.622026e+03	4.480172e+02	3.165419e+02	7.896772e+01	4.227636e+01	3.918033e+01
477	1.381808e+01	2.628569e+03	4.481168e+02	3.166078e+02	7.877245e+01	4.248692e+01	3.959647e+01
478	1.384705e+01	2.621945e+03	4.486174e+02	3.164822e+02	7.878453e+01	4.237335e+01	4.038709e+01
479	1.387601e+01	2.615108e+03	4.487767e+02	3.165696e+02	7.857742e+01	4.237425e+01	4.097290e+01
480	1.390498e+01	2.611683e+03	4.489120e+02	3.164281e+02	7.842944e+01	4.239859e+01	4.148323e+01
481	1.393395e+01	2.625106e+03	4.491316e+02	3.164671e+02	7.892170e+01	4.235070e+01	4.250480e+01
482	1.396292e+01	2.612849e+03	4.493846e+02	3.165149e+02	7.856371e+01	4.234503e+01	4.308865e+01
483	1.399189e+01	2.613683e+03	4.496849e+02	3.164575e+02	7.883688e+01	4.221178e+01	4.409307e+01
484	1.402086e+01	2.621932e+03	4.500658e+02	3.163680e+02	7.880603e+01	4.236157e+01	4.491166e+01
485	1.404983e+01	2.606923e+03	4.502250e+02	3.163939e+02	7.858778e+01	4.223606e+01	4.549273e+01
486	1.407879e+01	2.611652e+03	4.503829e+02	3.164198e+02	7.857343e+01	4.232040e+01	4.615833e+01
487	1.410776e+01	2.608935e+03	4.507517e+02	3.162227e+02	7.846803e+01	4.233316e+01	4.695346e+01
488	1.413673e+01	2.592109e+03	4.509491e+02	3.163699e+02	7.827412e+01	4.216433e+01	4.793096e+01
489	1.416570e+01	2.605387e+03	4.512105e+02	3.164354e+02	7.865375e+01	4.217576e+01	4.903489e+01
490	1.419467e+01	2.611787e+03	4.514789e+02	3.163624e+02	7.889307e+01	4.215111e+01	4.985390e+01
491	1.422364e+01	2.601451e+03	4.516931e+02	3.164702e+02	7.849832e+01	4.219542e+01	5.053958e+01
492	1.425261e+01	2.603618e+03	4.519386e+02	3.163665e+02	7.840686e+01	4.227984e+01	5.106563e+01
493	1.428158e+01	2.606815e+03	4.522203e+02	3.164825e+02	7.879426e+01	4.212362e+01	5.184393e+01
494	1.431054e+01	2.608834e+03	4.524834e+02	3.164446e+02	7.885110e+01	4.212587e+01	5.248013e+01
495	1.433951e+01	2.610794e+03	4.528149e+02	3.165125e+02	7.891214e+01	4.212490e+01	5.331527e+01
496	1.436848e+01	2.609256e+03	4.530169e+02	3.165040e+02	7.863837e+01	4.224665e+01	5.412867e+01
497	1.439745e+01	2.599653e+03	4.531064e+02	3.166041e+02	7.868606e+01	4.206566e+01	5.495456e+01
498	1.442642e+01	2.605863e+03	4.534754e+02	3.165176e+02	7.869694e+01	4.216031e+01	5.558955e+01
499	1.445539e+01	2.599228e+03	4.537404e+02	3.166066e+02	7.881901e+01	4.198784e+01	5.627665e+01
500	1.448436e+01	2.590489e+03	4.538583e+02	3.168525e+02	7.874224e+01	4.188747e+01	5.770165e+01
501	1.451333e+01	2.589601e+03	4.540482e+02	3.168023e+02	7.867823e+01	4.190718e+01	5.821386e+01
502	1.454229e+01	2.594591e+03	4.543829e+02	3.167419e+02	7.891895e+01	4.185985e+01	5.874333e+01
503	1.457126e+01	2.599843e+03	4.545234e+02	3.168752e+02	7.894009e+01	4.193335e+01	5.934007e+01
504	1.460023e+01	2.603765e+03	4.548402e+02	3.168191e+02	7.929067e+01	4.181093e+01	6.011643e+01
505	1.462920e+01	2.588484e+03	4.551328e+02	3.169230e+02	7.909173e+01	4.167010e+01	6.115193e+01
506	1.465817e+01	2.581905e+03	4.552731e+02	3.169912e+02	7.870516e+01	4.176834e+01	6.144952e+01
507	1.468714e+01	2.587169e+03	4.554895e+02	3.169955e+02	7.871639e+01	4.184752e+01	6.209011e+01
508	1.471611e+01	2.597721e+03	4.556037e+02	3.170254e+02	7.937810e+01	4.166794e+01	6.249030e+01
509	1.474508e+01	2.583184e+03	4.559549e+02	3.170667e+02	7.907587e+01	4.159312e+01	6.307666e+01
510	1.477404e+01	2.588014e+03	4.561035e+02	3.172105e+02	7.896716e+01	4.172826e+01	6.398734e+01
511	1.480301e+01	2.591167e+03	4.563457e+02	3.172874e+02	7.936520e+01	4.156956e+01	6.457192e+01
512	1.483198e+01	2.608999e+03	4.567072e+02	3.172726e+02	7.957362e+01	4.174600e+01	6.518956e+01
513	1.486095e+01	2.583585e+03	4.566293e+02	3.175493e+02	7.904028e+01	4.161830e+01	6.641349e+01
514	1.488992e+01	2.570027e+03	4.568486e+02	3.175893e+02	7.832071e+01	4.178026e+01	6.745448e+01
515	1.491889e+01	2.583925e+03	4.572426e+02	3.176077e+02	7.923632e+01	4.152081e+01	6.774848e+01
516	1.494786e+01	2.577227e+03	4.574916e+02	3.177758e+02	7.917759e+01	4.144389e+01	6.861710e+01
517	1.497683e+01	2.583941e+03	4.577732e+02	3.178416e+02	7.941379e+01	4.142827e+01	6.952139e+01
518	1.500579e+01	2.584328e+03	4.579693e+02	3.179204e+02	7.926456e+01	4.151247e+01	7.011487e+01
519	1.503476e+01	2.588988e+03	4.583159e+02	3.179793e+02	7.928871e+01	4.157466e+01	7.045908e+01
520	1.506373e+01	2.599225e+03	4.585093e+02	3.180949e+02	7.923165e+01	4.176912e+01	7.145512e+01
521	1.509270e+01	2.584995e+03	4.588777e+02	3.181685e+02	7.950964e+01	4.139521e+01	7.224250e+01
522	1.512167e+01	2.592368e+03	4.591237e+02	3.182728e+02	7.984756e+01	4.133758e+01	7.303627e+01
523	1.515064e+01	2.585132e+03	4.593489e+02	3.183112e+02	7.982666e+01	4.123299e+01	7.353718e+01
524	1.517961e+01	2.584129e+03	4.593626e+02	3.184942e+02	7.943993e+01	4.141765e+01	7.447856e+01
525	1.520857e+01	2.590370e+03	4.596295e+02	3.185603e+02	7.961143e+01	4.142825e+01	7.512367e+01
526	1.523754e+01	2.593176e+03	4.598233e+02	3.187434e+02	7.959406e+01	4.148217e+01	7.592645e+01
527	1.526651e+01	2.587996e+03	4.603295e+02	3.189442e+02	7.953737e+01	4.142882e+01	7.657027e+01
528	1.529548e+01	2.589387e+03	4.604911e+02	3.190132e+02	7.944984e+01	4.149675e+01	7.723563e+01
529	1.532445e+01	2.574458e+03	4.605507e+02	3.191488e+02	7.959640e+01	4.118154e+01	7.831434e+01
530	1.535342e+01	2.584022e+03	4.609099e+02	3.193368e+02	7.959282e+01	4.133638e+01	7.898135e+01
531	1.538239e+01	2.573190e+03	4.610809e+02	3.194394e+02	7.956169e+01	4.117920e+01	7.959319e+01
532	1.541136e+01	2.587030e+03	4.612820e+02	3.195604e+02	7.970336e+01	4.132710e+01	8.036039e+01
533	1.544032e+01	2.587796e+03	4.615153e+02	3.196915e+02	7.992615e+01	4.122411e+01	8.109904e+01
534	1.546929e+01	2.582305e+03	4.616508e+02	3.197987e+02	8.012927e+01	4.103235e+01	8.170673e+01
535	1.549826e+01	2.579434e+03	4.619624e+02	3.199388e+02	7.945582e+01	4.133413e+01	8.216694e+01
536	1.552723e+01	2.581604e+03	4.620893e+02	3.201926e+02	7.939184e+01	4.140225e+01	8.297755e+01
537	1.555620e+01	2.584517e+03	4.623587e+02	3.202257e+02	8.016817e+01	4.104757e+01	8.385098e+01
538	1.558517e+01	2.588616e+03	4.625315e+02	3.203908e+02	7.999551e+01	4.120142e+01	8.421539e+01
539	1.561414e+01	2.577559e+03	4.626472e+02	3.205951e+02	7.967171e+01	4.119216e+01	8.499854e+01
540	1.564311e+01	2.583252e+03	4.628261e+02	3.207359e+02	7.984013e+01	4.119606e+01	8.585706e+01
541	1.567207e+01	2.592179e+03	4.629106e+02	3.208463e+02	7.996635e+01	4.127318e+01	8.649786e+01
542	1.570104e+01	2.583981e+03	4.631519e+02	3.210433e+02	7.976399e+01	4.124701e+01	8.719263e+01
543	1.573001e+01	2.625031e+03	4.630654e+02	3.210903e+02	8.094561e+01	4.129060e+01	8.859093e+01
544	1.575898e+01	2.580671e+03	4.636375e+02	3.213611e+02	7.988374e+01	4.113243e+01	8.861220e+01
545	1.578795e+01	2.577044e+03	4.637734e+02	3.215250e+02	7.959617e+01	4.122301e+01	8.934315e+01
546	1.581692e+01	2.588035e+03	4.639131e+02	3.216049e+02	7.991196e+01	4.123523e+01	8.989363e+01
547	1.584589e+01	2.583264e+03	4.640622e+02	3.218904e+02	7.960477e+01	4.131804e+01	9.066351e+01
548	1.587486e+01	2.592492e+03	4.642965e+02	3.220273e+02	7.969228e+01	4.142011e+01	9.135738e+01
549	1.590382e+01	2.583011e+03	4.646120e+02	3.222243e+02	7.970038e+01	4.126444e+01	9.198136e+01
550	1.593279e+01	2.578753e+03	4.646347e+02	3.224662e+02	7.979994e+01	4.114502e+01	9.296648e+01
551	1.596176e+01	2.585723e+03	4.647975e+02	3.225694e+02	7.984174e+01	4.123463e+01	9.380805e+01
552	1.599073e+01	2.580396e+03	4.649113e+02	3.228170e+02	7.948256e+01	4.133564e+01	9.443916e+01
553	1.601970e+01	2.577016e+03	4.652006e+02	3.229394e+02	7.956088e+01	4.124085e+01	9.517189e+01
554	1.604867e+01	2.591692e+03	4.653647e+02	3.231375e+02	7.975829e+01	4.137305e+01	9.616584e+01
555	1.607764e+01	2.576843e+03	4.657013e+02	3.234429e+02	7.954343e+01	4.124714e+01	9.674780e+01
556	1.610660e+01	2.579157e+03	4.657435e+02	3.235695e+02	7.933200e+01	4.139420e+01	9.770258e+01
557	1.613557e+01	2.579555e+03	4.658466e+02	3.237831e+02	7.910670e+01	4.151849e+01	9.843684e+01
558	1.616454e+01	2.577542e+03	4.661040e+02	3.238894e+02	7.961996e+01	4.121866e+01	9.911591e+01
559	1.619351e+01	2.587591e+03	4.662856e+02	3.242239e+02	7.940747e+01	4.149009e+01	9.979106e+01
560	1.622248e+01	2.586479e+03	4.662940e+02	3.243154e+02	7.943461e+01	4.145810e+01	1.005896e+02
561	1.625145e+01	2.593489e+03	4.664386e+02	3.245378e+02	7.954147e+01	4.151461e+01	1.009770e+02
562	1.628042e+01	2.594665e+03	4.666188e+02	3.247454e+02	7.952944e+01	4.153971e+01	1.020083e+02
563	1.630939e+01	2.580704e+03	4.666663e+02	3.250041e+02	7.911271e+01	4.153383e+01	1.028406e+02
564	1.633835e+01	2.579659e+03	4.669071e+02	3.251989e+02	7.929167e+01	4.142331e+01	1.032501e+02
565	1.636732e+01	2.587284e+03	4.670713e+02	3.254187e+02	7.956391e+01	4.140361e+01	1.039547e+02
566	1.639629e+01	2.594964e+03	4.672405e+02	3.256212e+02	7.928985e+01	4.167003e+01	1.047150e+02
567	1.642526e+01	2.589247e+03	4.673370e+02	3.258748e+02	7.923721e+01	4.160585e+01	1.056886e+02
568	1.645423e+01	2.603762e+03	4.674370e+02	3.261651e+02	7.931196e+01	4.179965e+01	1.059734e+02
569	1.648320e+01	2.599644e+03	4.675671e+02	3.262813e+02	7.942673e+01	4.167325e+01	1.067269e+02
570	1.651217e+01	2.603698e+03	4.676559e+02	3.265319e+02	7.962807e+01	4.163270e+01	1.077077e+02
571	1.654114e+01	2.588819e+03	4.678840e+02	3.267904e+02	7.951223e+01	4.145509e+01	1.086027e+02
572	1.657010e+01	2.601223e+03	4.679352e+02	3.270085e+02	7.920976e+01	4.181277e+01	1.094927e+02
573	1.659907e+01	2.593656e+03	4.679658e+02	3.272153e+02	7.947408e+01	4.155248e+01	1.101573e+02
574	1.662804e+01	2.597157e+03	4.680956e+02	3.274874e+02	7.932357e+01	4.168752e+01	1.108480e+02
575	1.665701e+01	2.607842e+03	4.681277e+02	3.276048e+02	7.935703e+01	4.184138e+01	1.111679e+02
576	1.668598e+01	2.596170e+03	4.683446e+02	3.278968e+02	7.911383e+01	4.178215e+01	1.119588e+02
577	1.671495e+01	2.593915e+03	4.685053e+02	3.281253e+02	7.900445e+01	4.180366e+01	1.129115e+02
578	1.674392e+01	2.594682e+03	4.686594e+02	3.283842e+02	7.888055e+01	4.188169e+01	1.136880e+02
579	1.677289e+01	2.595983e+03	4.685932e+02	3.286784e+02	7.877974e+01	4.195633e+01	1.147376e+02
580	1.680185e+01	2.611172e+03	4.686989e+02	3.289298e+02	7.921156e+01	4.197174e+01	1.153151e+02
581	1.683082e+01	2.602829e+03	4.688152e+02	3.291442e+02	7.925426e+01	4.181510e+01	1.158964e+02
582	1.685979e+01	2.587831e+03	4.690182e+02	3.293381e+02	7.868032e+01	4.187741e+01	1.166345e+02
583	1.688876e+01	2.591021e+03	4.689959e+02	3.296063e+02	7.884346e+01	4.184228e+01	1.177976e+02
584	1.691773e+01	2.588496e+03	4.689902e+02	3.299307e+02	7.859638e+01	4.193291e+01	1.184773e+02
585	1.694670e+01	2.596000e+03	4.691343e+02	3.300424e+02	7.894716e+01	4.186761e+01	1.188992e+02
586	1.697567e+01	2.608363e+03	4.691860e+02	3.302517e+02	7.887902e+01	4.210334e+01	1.195325e+02
587	1.700463e+01	2.597396e+03	4.691212e+02	3.304516e+02	7.873293e+01	4.200412e+01	1.202442e+02
588	1.703360e+01	2.594435e+03	4.692704e+02	3.307327e+02	7.866575e+01	4.199207e+01	1.211482e+02
589	1.706257e+01	2.606111e+03	4.695020e+02	3.309583e+02	7.884980e+01	4.208258e+01	1.216563e+02
590	1.709154e+01	2.590898e+03	4.693897e+02	3.310381e+02	7.857951e+01	4.198083e+01	1.226674e+02
591	1.712051e+01	2.603117e+03	4.694397e+02	3.314010e+02	7.851825e+01	4.221173e+01	1.228487e+02
592	1.714948e+01	2.597340e+03	4.695718e+02	3.315975e+02	7.878246e+01	4.197681e+01	1.239597e+02
593	1.717845e+01	2.604831e+03	4.696128e+02	3.317086e+02	7.881491e+01	4.208054e+01	1.245423e+02
594	1.720742e+01	2.611743e+03	4.697089e+02	3.320605e+02	7.900203e+01	4.209227e+01	1.250208e+02
595	1.723638e+01	2.601223e+03	4.695843e+02	3.323766e+02	7.862500e+01	4.212375e+01	1.263703e+02
596	1.726535e+01	2.601671e+03	4.696919e+02	3.325523e+02	7.881140e+01	4.203137e+01	1.272281e+02
597	1.729432e+01	2.604008e+03	4.698141e+02	3.329285e+02	7.879178e+01	4.207959e+01	1.277701e+02
598	1.732329e+01	2.604007e+03	4.698098e+02	3.332033e+02	7.897178e+01	4.198367e+01	1.288280e+02
599	1.735226e+01	2.601193e+03	4.698726e+02	3.335482e+02	7.860609e+01	4.213339e+01	1.289463e+02
600	1.738123e+01	2.599070e+03	4.698931e+02	3.337348e+02	7.883176e+01	4.197849e+01	1.301295e+02
601	1.741020e+01	2.608874e+03	4.698806e+02	3.339153e+02	7.896271e+01	4.206697e+01	1.308696e+02
602	1.743917e+01	2.620300e+03	4.699890e+02	3.342332e+02	7.908938e+01	4.218354e+01	1.316389e+02
603	1.746813e+01	2.617941e+03	4.700724e+02	3.344623e+02	7.915917e+01	4.210840e+01	1.320754e+02
604	1.749710e+01	2.615042e+03	4.700502e+02	3.346922e+02	7.905656e+01	4.211636e+01	1.329549e+02
605	1.752607e+01	2.595792e+03	4.700776e+02	3.354149e+02	7.841756e+01	4.214700e+01	1.353408e+02
606	1.755504e+01	2.588050e+03	4.701297e+02	3.357859e+02	7.846767e+01	4.199446e+01	1.357319e+02
607	1.758401e+01	2.600824e+03	4.701180e+02	3.359590e+02	7.880782e+01	4.201959e+01	1.366753e+02
608	1.761298e+01	2.592242e+03	4.698694e+02	3.360627e+02	7.854649e+01	4.202028e+01	1.373041e+02
609	1.764195e+01	2.612475e+03	4.701931e+02	3.364993e+02	7.881881e+01	4.220194e+01	1.381079e+02
610	1.767092e+01	2.600071e+03	4.700085e+02	3.366760e+02	7.859161e+01	4.212299e+01	1.388760e+02
611	1.769988e+01	2.595799e+03	4.701493e+02	3.371011e+02	7.847491e+01	4.211631e+01	1.394085e+02
612	1.772885e+01	2.613512e+03	4.701378e+02	3.372218e+02	7.887570e+01	4.218823e+01	1.403702e+02
613	1.775782e+01	2.616896e+03	4.701159e+02	3.375158e+02	7.897194e+01	4.219138e+01	1.409502e+02
614	1.778679e+01	2.613985e+03	4.699412e+02	3.376107e+02	7.896997e+01	4.214550e+01	1.418618e+02
615	1.781576e+01	2.613195e+03	4.699680e+02	3.379672e+02	7.895153e+01	4.214260e+01	1.424396e+02
616	1.784473e+01	2.611645e+03	4.699979e+02	3.382662e+02	7.877481e+01	4.221209e+01	1.434852e+02
617	1.787370e+01	2.610911e+03	4.699224e+02	3.384869e+02	7.875771e+01	4.220939e+01	1.440891e+02
618	1.790267e+01	2.622501e+03	4.699015e+02	3.387439e+02	7.917474e+01	4.217345e+01	1.447848e+02
619	1.793163e+01	2.621053e+03	4.697788e+02	3.388452e+02	7.893918e+01	4.227594e+01	1.457890e+02
620	1.796060e+01	2.608842e+03	4.696409e+02	3.391382e+02	7.879180e+01	4.215770e+01	1.463931e+02
621	1.798957e+01	2.616421e+03	4.696650e+02	3.394996e+02	7.877637e+01	4.228845e+01	1.471998e+02
622	1.801854e+01	2.615930e+03	4.697454e+02	3.398582e+02	7.883611e+01	4.224848e+01	1.479962e+02
623	1.804751e+01	2.633635e+03	4.695979e+02	3.399460e+02	7.895673e+01	4.246944e+01	1.489728e+02
624	1.807648e+01	2.618582e+03	4.695236e+02	3.402118e+02	7.890985e+01	4.225179e+01	1.498960e+02
625	1.810545e+01	2.619542e+03	4.695123e+02	3.405125e+02	7.874875e+01	4.235375e+01	1.504864e+02
626	1.813441e+01	2.630399e+03	4.695242e+02	3.407557e+02	7.927708e+01	4.224586e+01	1.511774e+02
627	1.816338e+01	2.620111e+03	4.694848e+02	3.410082e+02	7.888098e+01	4.229194e+01	1.516940e+02
628	1.819235e+01	2.632090e+03	4.693456e+02	3.412648e+02	7.891573e+01	4.246658e+01	1.527457e+02
629	1.822132e+01	2.633358e+03	4.691834e+02	3.415305e+02	7.929993e+01	4.228119e+01	1.534554e+02
630	1.825029e+01	2.635346e+03	4.690825e+02	3.417118e+02	7.930640e+01	4.230967e+01	1.539951e+02
631	1.827926e+01	2.612048e+03	4.689774e+02	3.418257e+02	7.886441e+01	4.217064e+01	1.553250e+02
632	1.830823e+01	2.632778e+03	4.690272e+02	3.421907e+02	7.897115e+01	4.244786e+01	1.558913e+02
633	1.833720e+01	2.637847e+03	4.690404e+02	3.424855e+02	7.909393e+01	4.246358e+01	1.566175e+02
634	1.836616e+01	2.638057e+03	4.688148e+02	3.426056e+02	7.922655e+01	4.239587e+01	1.576361e+02
635	1.839513e+01	2.623081e+03	4.686616e+02	3.429385e+02	7.892121e+01	4.231828e+01	1.586741e+02
636	1.842410e+01	2.639661e+03	4.686547e+02	3.433312e+02	7.915881e+01	4.245795e+01	1.597246e+02
637	1.845307e+01	2.631421e+03	4.685387e+02	3.435651e+02	7.900961e+01	4.240534e+01	1.604676e+02
638	1.848204e+01	2.624078e+03	4.685196e+02	3.436729e+02	7.875891e+01	4.242160e+01	1.607889e+02
639	1.851101e+01	2.626292e+03	4.683813e+02	3.439901e+02	7.883746e+01	4.241510e+01	1.613464e+02
640	1.853998e+01	2.634981e+03	4.681790e+02	3.442212e+02	7.908940e+01	4.241987e+01	1.624686e+02
641	1.856895e+01	2.632459e+03	4.680722e+02	3.444554e+02	7.886665e+01	4.249897e+01	1.633067e+02
642	1.859791e+01	2.631681e+03	4.678832e+02	3.446926e+02	7.880704e+01	4.251854e+01	1.641351e+02
643	1.862688e+01	2.642830e+03	4.679297e+02	3.449408e+02	7.875859e+01	4.272493e+01	1.645644e+02
644	1.865585e+01	2.639066e+03	4.677391e+02	3.451073e+02	7.882790e+01	4.262658e+01	1.658042e+02
645	1.868482e+01	2.633574e+03	4.675495e+02	3.453073e+02	7.894234e+01	4.247619e+01	1.665508e+02
646	1.871379e+01	2.641916e+03	4.674055e+02	3.456327e+02	7.894014e+01	4.261193e+01	1.672568e+02
647	1.874276e+01	2.632242e+03	4.672463e+02	3.457980e+02	7.871930e+01	4.257500e+01	1.678656e+02
648	1.877173e+01	2.641979e+03	4.671774e+02	3.458610e+02	7.866019e+01	4.276461e+01	1.686438e+02
649	1.880070e+01	2.639482e+03	4.670336e+02	3.460256e+02	7.903332e+01	4.252248e+01	1.697407e+02
650	1.882966e+01	2.638668e+03	4.669513e+02	3.464129e+02	7.877461e+01	4.264897e+01	1.704245e+02
651	1.885863e+01	2.654984e+03	4.667952e+02	3.465835e+02	7.879847e+01	4.289970e+01	1.712407e+02
652	1.888760e+01	2.621051e+03	4.664686e+02	3.468618e+02	7.875911e+01	4.237257e+01	1.720213e+02
653	1.891657e+01	2.638087e+03	4.664255e+02	3.470138e+02	7.901353e+01	4.251065e+01	1.728209e+02
654	1.894554e+01	2.638276e+03	4.663492e+02	3.472794e+02	7.868948e+01	4.268877e+01	1.733327e+02
655	1.897451e+01	2.645038e+03	4.662110e+02	3.473771e+02	7.922576e+01	4.250849e+01	1.745452e+02
656	1.900348e+01	2.622020e+03	4.660016e+02	3.476299e+02	7.892871e+01	4.229715e+01	1.751660e+02
657	1.903244e+01	2.632115e+03	4.657582e+02	3.478864e+02	7.901673e+01	4.241270e+01	1.761292e+02
658	1.906141e+01	2.641977e+03	4.655486e+02	3.479803e+02	7.863913e+01	4.277603e+01	1.771754e+02
659	1.909038e+01	2.645594e+03	4.655250e+02	3.482689e+02	7.885511e+01	4.271727e+01	1.778559e+02
660	1.911935e+01	2.639173e+03	4.653715e+02	3.484434e+02	7.885667e+01	4.261275e+01	1.783617e+02
661	1.914832e+01	2.637892e+03	4.651858e+02	3.485922e+02	7.858044e+01	4.274179e+01	1.790540e+02
662	1.917729e+01	2.635004e+03	4.650437e+02	3.488104e+02	7.859741e+01	4.268578e+01	2.662645e-01
663	1.920626e+01	2.647639e+03	4.646414e+02	3.488689e+02	7.864655e+01	4.286366e+01	8.449984e-01
664	1.923523e+01	2.648262e+03	4.645181e+02	3.492267e+02	7.868280e+01	4.285399e+01	1.964593e+00
665	1.926419e+01	2.639864e+03	4.644333e+02	3.494001e+02	7.844213e+01	4.284916e+01	2.340665e+00
666	1.929316e+01	2.641343e+03	4.642498e+02	3.495472e+02	7.879398e+01	4.268172e+01	3.194141e+00
667	1.932213e+01	2.638183e+03	4.640393e+02	3.497158e+02	7.890452e+01	4.257093e+01	4.087808e+00
668	1.935110e+01	2.646013e+03	4.636812e+02	3.499280e+02	7.880321e+01	4.275217e+01	4.553308e+00
669	1.938007e+01	2.639483e+03	4.635294e+02	3.501124e+02	7.874020e+01	4.268079e+01	5.544804e+00
670	1.940904e+01	2.639135e+03	4.634298e+02	3.503915e+02	7.848333e+01	4.281484e+01	6.392846e+00
671	1.943801e+01	2.635012e+03	4.634034e+02	3.504085e+02	7.852561e+01	4.272493e+01	7.119659e+00
672	1.946698e+01	2.630010e+03	4.631529e+02	3.505459e+02	7.862216e+01	4.259146e+01	7.851676e+00
673	1.949594e+01	2.645443e+03	4.628386e+02	3.506825e+02	7.862637e+01	4.283910e+01	8.656487e+00
674	1.952491e+01	2.635310e+03	4.626220e+02	3.508893e+02	7.860890e+01	4.268449e+01	9.260411e+00
675	1.955388e+01	2.643334e+03	4.624813e+02	3.510968e+02	7.878635e+01	4.271803e+01	1.058010e+01
676	1.958285e+01	2.641039e+03	4.623149e+02	3.512340e+02	7.873119e+01	4.271085e+01	1.132590e+01
677	1.961182e+01	2.636383e+03	4.619806e+02	3.514850e+02	7.886678e+01	4.256224e+01	1.193184e+01
678	1.964079e+01	2.645615e+03	4.617469e+02	3.516437e+02	7.888057e+01	4.270382e+01	1.310274e+01
679	1.966976e+01	2.651866e+03	4.614675e+02	3.518362e+02	7.885887e+01	4.281651e+01	1.391467e+01
680	1.969873e+01	2.646891e+03	4.613770e+02	3.517935e+02	7.902268e+01	4.264759e+01	1.461470e+01
681	1.972769e+01	2.653137e+03	4.611995e+02	3.520209e+02	7.918722e+01	4.265940e+01	1.522188e+01
682	1.975666e+01	2.622681e+03	4.610258e+02	3.521167e+02	7.818945e+01	4.270782e+01	1.598364e+01
683	1.978563e+01	2.642151e+03	4.607772e+02	3.522046e+02	7.872308e+01	4.273323e+01	1.703608e+01
684	1.981460e+01	2.644229e+03	4.604991e+02	3.523314e+02	7.893375e+01	4.265268e+01	1.774120e+01
685	1.984357e+01	2.639536e+03	4.602833e+02	3.524760e+02	7.858814e+01	4.276423e+01	1.865475e+01
686	1.987254e+01	2.633184e+03	4.600366e+02	3.526757e+02	7.853803e+01	4.268855e+01	1.923467e+01
687	1.990151e+01	2.634042e+03	4.599354e+02	3.525652e+02	7.871272e+01	4.260767e+01	2.023345e+01
688	1.993048e+01	2.637477e+03	4.596458e+02	3.527845e+02	7.888143e+01	4.257199e+01	2.102929e+01
689	1.995944e+01	2.637234e+03	4.593792e+02	3.527740e+02	7.903706e+01	4.248425e+01	2.183180e+01
690	1.998841e+01	2.630938e+03	4.591990e+02	3.529159e+02	7.872115e+01	4.255291e+01	2.217050e+01
691	2.001738e+01	2.640828e+03	4.590279e+02	3.530796e+02	7.865815e+01	4.274709e+01	2.317976e+01
692	2.004635e+01	2.630348e+03	4.588658e+02	3.530974e+02	7.862715e+01	4.259423e+01	2.410155e+01
693	2.007532e+01	2.642334e+03	4.586219e+02	3.531118e+02	7.893415e+01	4.262191e+01	2.479026e+01
694	2.010429e+01	2.638865e+03	4.583470e+02	3.533114e+02	7.887867e+01	4.259590e+01	2.559121e+01
695	2.013326e+01	2.645519e+03	4.580560e+02	3.534513e+02	7.908430e+01	4.259226e+01	2.650806e+01
696	2.016222e+01	2.638616e+03	4.578656e+02	3.534351e+02	7.903535e+01	4.250744e+01	2.690312e+01
697	2.019119e+01	2.635791e+03	4.575957e+02	3.535639e+02	7.877278e+01	4.260347e+01	2.808629e+01
698	2.022016e+01	2.635411e+03	4.573743e+02	3.537027e+02	7.871192e+01	4.263025e+01	2.869982e+01
699	2.024913e+01	2.642423e+03	4.570872e+02	3.537396e+02	7.916115e+01	4.250111e+01	2.926169e+01
700	2.027810e+01	2.636863e+03	4.567938e+02	3.538297e+02	7.887502e+01	4.256554e+01	3.019948e+01
701	2.030707e+01	2.647937e+03	4.565907e+02	3.539906e+02	7.911752e+01	4.261330e+01	3.106351e+01
702	2.033604e+01	2.648368e+03	4.564238e+02	3.540153e+02	7.922800e+01	4.256079e+01	3.181111e+01
703	2.036501e+01	2.642011e+03	4.562224e+02	3.540894e+02	7.899969e+01	4.258134e+01	3.228157e+01
704	2.039397e+01	2.634470e+03	4.559519e+02	3.541783e+02	7.890331e+01	4.251167e+01	3.329706e+01
705	2.042294e+01	2.629440e+03	4.558225e+02	3.541042e+02	7.873798e+01	4.251960e+01	3.423219e+01
706	2.045191e+01	2.636069e+03	4.554417e+02	3.542025e+02	7.897383e+01	4.249949e+01	3.476551e+01
707	2.048088e+01	2.642556e+03	4.551301e+02	3.542686e+02	7.915034e+01	4.250906e+01	3.549117e+01
708	2.050985e+01	2.617841e+03	4.549284e+02	3.543774e+02	7.861256e+01	4.239957e+01	3.650366e+01
709	2.053882e+01	2.639441e+03	4.546429e+02	3.544290e+02	7.910289e+01	4.248442e+01	3.727695e+01
710	2.056779e+01	2.637358e+03	4.544583e+02	3.543674e+02	7.893146e+01	4.254310e+01	3.813523e+01
711	2.059676e+01	2.642872e+03	4.541486e+02	3.545046e+02	7.896946e+01	4.261153e+01	3.879986e+01
712	2.062572e+01	2.640859e+03	4.539262e+02	3.545961e+02	7.892567e+01	4.260269e+01	3.943065e+01
713	2.065469e+01	2.634340e+03	4.537148e+02	3.546453e+02	7.870391e+01	4.261726e+01	4.019984e+01
714	2.068366e+01	2.626492e+03	4.535489e+02	3.545269e+02	7.878699e+01	4.244551e+01	4.109180e+01
715	2.071263e+01	2.616316e+03	4.533223e+02	3.545349e+02	7.875959e+01	4.229576e+01	4.174268e+01
716	2.074160e+01	2.632774e+03	4.528631e+02	3.545815e+02	7.889964e+01	4.248627e+01	4.253135e+01
717	2.077057e+01	2.639034e+03	4.526468e+02	3.546298e+02	7.932857e+01	4.235703e+01	4.349718e+01
718	2.079954e+01	2.631736e+03	4.524584e+02	3.546537e+02	7.897345e+01	4.242983e+01	4.408652e+01
719	2.082851e+01	2.612868e+03	4.523045e+02	3.545769e+02	7.866919e+01	4.228857e+01	4.526181e+01
720	2.085747e+01	2.616630e+03	4.521347e+02	3.545900e+02	7.867146e+01	4.234823e+01	4.543816e+01
721	2.088644e+01	2.629271e+03	4.518142e+02	3.545052e+02	7.872845e+01	4.252200e+01	4.639661e+01
722	2.091541e+01	2.618088e+03	4.514769e+02	3.546949e+02	7.887260e+01	4.226376e+01	4.727319e+01
723	2.094438e+01	2.619063e+03	4.513110e+02	3.546115e+02	7.898318e+01	4.222031e+01	4.814613e+01
724	2.097335e+01	2.620935e+03	4.511313e+02	3.545608e+02	7.885927e+01	4.231687e+01	4.884818e+01
725	2.100232e+01	2.622638e+03	4.508714e+02	3.545987e+02	7.892210e+01	4.231067e+01	4.957832e+01
726	2.103129e+01	2.626183e+03	4.505702e+02	3.546514e+02	7.918087e+01	4.222939e+01	5.031074e+01
727	2.106025e+01	2.614216e+03	4.501889e+02	3.546818e+02	7.869034e+01	4.229902e+01	5.094836e+01
728	2.108922e+01	2.620343e+03	4.500457e+02	3.545598e+02	7.907067e+01	4.219421e+01	5.199711e+01
729	2.111819e+01	2.613988e+03	4.498070e+02	3.546115e+02	7.896417e+01	4.214864e+01	5.217539e+01
730	2.114716e+01	2.618466e+03	4.497230e+02	3.544764e+02	7.893114e+01	4.223852e+01	5.325948e+01
731	2.117613e+01	2.605343e+03	4.493618e+02	3.545419e+02	7.886371e+01	4.206277e+01	5.369907e+01
732	2.120510e+01	2.618052e+03	4.490465e+02	3.545736e+02	7.927131e+01	4.205062e+01	5.472064e+01
733	2.123407e+01	2.618865e+03	4.487989e+02	3.544908e+02	7.917616e+01	4.211422e+01	5.551906e+01
734	2.126304e+01	2.620875e+03	4.485233e+02	3.545746e+02	7.913321e+01	4.216943e+01	5.616329e+01
735	2.129200e+01	2.626670e+03	4.483010e+02	3.545119e+02	7.970076e+01	4.196171e+01	5.670481e+01
736	2.132097e+01	2.623236e+03	4.481404e+02	3.543971e+02	7.946586e+01	4.203072e+01	5.737704e+01
737	2.134994e+01	2.626513e+03	4.477714e+02	3.544821e+02	7.966270e+01	4.197926e+01	5.816239e+01
738	2.137891e+01	2.618099e+03	4.476727e+02	3.543180e+02	7.950330e+01	4.192867e+01	5.876328e+01
739	2.140788e+01	2.615130e+03	4.474510e+02	3.543421e+02	7.930067e+01	4.198812e+01	5.953077e+01
740	2.143685e+01	2.622161e+03	4.470808e+02	3.543728e+02	7.961504e+01	4.193479e+01	6.043140e+01
741	2.146582e+01	2.610805e+03	4.470099e+02	3.541838e+02	7.926321e+01	4.193850e+01	6.125661e+01
742	2.149479e+01	2.605032e+03	4.467570e+02	3.541032e+02	7.922661e+01	4.186509e+01	6.194110e+01
743	2.152375e+01	2.621208e+03	4.462902e+02	3.541993e+02	7.952890e+01	4.196494e+01	6.258634e+01
744	2.155272e+01	2.614713e+03	4.463426e+02	3.540094e+02	7.953359e+01	4.185849e+01	6.324042e+01
745	2.158169e+01	2.610536e+03	4.459442e+02	3.539764e+02	7.934558e+01	4.189064e+01	6.430823e+01
746	2.161066e+01	2.609879e+03	4.457850e+02	3.538894e+02	7.957418e+01	4.175979e+01	6.473535e+01
747	2.163963e+01	2.611917e+03	4.454918e+02	3.537771e+02	7.947433e+01	4.184491e+01	6.584372e+01
748	2.166860e+01	2.604954e+03	4.452686e+02	3.537575e+02	7.958430e+01	4.167569e+01	6.644612e+01
749	2.169757e+01	2.604590e+03	4.451003e+02	3.536647e+02	7.928698e+01	4.182612e+01	6.691785e+01
750	2.172654e+01	2.609473e+03	4.449173e+02	3.535685e+02	7.919975e+01	4.195069e+01	6.760552e+01
751	2.175550e+01	2.622330e+03	4.446388e+02	3.534789e+02	7.975945e+01	4.186155e+01	6.833508e+01
752	2.178447e+01	2.619917e+03	4.444834e+02	3.534258e+02	7.971470e+01	4.184650e+01	6.872274e+01
753	2.181344e+01	2.621526e+03	4.443266e+02	3.533105e+02	7.954272e+01	4.196274e+01	6.941719e+01
754	2.184241e+01	2.613354e+03	4.440258e+02	3.532402e+02	7.940936e+01	4.190218e+01	7.048210e+01
755	2.187138e+01	2.602688e+03	4.438276e+02	3.530999e+02	7.950066e+01	4.168325e+01	7.098661e+01
756	2.190035e+01	2.602230e+03	4.434391e+02	3.531360e+02	7.973825e+01	4.155173e+01	7.173824e+01
757	2.192932e+01	2.615967e+03	4.432401e+02	3.531090e+02	7.972137e+01	4.177993e+01	7.256221e+01
758	2.195829e+01	2.599711e+03	4.431168e+02	3.528658e+02	7.938690e+01	4.169523e+01	7.324036e+01
759	2.198725e+01	2.600106e+03	4.428197e+02	3.527874e+02	7.963889e+01	4.156962e+01	7.389774e+01
760	2.201622e+01	2.603145e+03	4.427491e+02	3.526276e+02	7.971374e+01	4.157913e+01	7.434995e+01
761	2.204519e+01	2.603399e+03	4.426146e+02	3.526415e+02	7.966586e+01	4.160816e+01	7.497349e+01
762	2.207416e+01	2.609600e+03	4.425205e+02	3.524767e+02	7.965025e+01	4.171546e+01	7.531758e+01
763	2.210313e+01	2.613074e+03	4.423229e+02	3.524778e+02	7.952638e+01	4.183604e+01	7.606514e+01
764	2.213210e+01	2.609036e+03	4.421062e+02	3.523607e+02	7.970483e+01	4.167787e+01	7.683707e+01
765	2.216107e+01	2.611570e+03	4.418568e+02	3.522156e+02	7.994507e+01	4.159298e+01	7.733256e+01
766	2.219003e+01	2.603711e+03	4.417239e+02	3.521161e+02	7.993703e+01	4.147198e+01	7.838593e+01
767	2.221900e+01	2.613829e+03	4.414863e+02	3.518861e+02	8.009783e+01	4.154957e+01	7.886964e+01
768	2.224797e+01	2.605339e+03	4.413689e+02	3.518293e+02	7.999619e+01	4.146724e+01	7.945368e+01
769	2.227694e+01	2.603402e+03	4.409720e+02	3.517679e+02	7.994730e+01	4.146174e+01	8.011340e+01
770	2.230591e+01	2.607464e+03	4.408025e+02	3.516003e+02	7.990107e+01	4.155046e+01	8.064017e+01
771	2.233488e+01	2.622975e+03	4.403816e+02	3.514482e+02	8.001824e+01	4.173643e+01	8.149229e+01
772	2.236385e+01	2.620302e+03	4.402100e+02	3.513009e+02	7.985727e+01	4.177794e+01	8.202403e+01
773	2.239282e+01	2.598903e+03	4.401951e+02	3.510960e+02	7.954929e+01	4.159718e+01	8.293089e+01
774	2.242178e+01	2.615396e+03	4.399392e+02	3.510074e+02	7.995050e+01	4.165109e+01	8.355723e+01
775	2.245075e+01	2.616470e+03	4.397949e+02	3.508603e+02	7.997717e+01	4.165430e+01	8.442397e+01
776	2.247972e+01	2.610873e+03	4.395486e+02	3.506825e+02	7.982187e+01	4.164607e+01	8.501429e+01
777	2.250869e+01	2.606857e+03	4.393105e+02	3.505769e+02	7.998376e+01	4.149784e+01	8.586904e+01
778	2.253766e+01	2.607627e+03	4.391417e+02	3.504048e+02	7.988074e+01	4.156364e+01	8.634390e+01
779	2.256663e+01	2.612144e+03	4.390860e+02	3.502970e+02	7.996925e+01	4.158955e+01	8.712755e+01
780	2.259560e+01	2.620435e+03	4.387658e+02	3.501151e+02	7.968124e+01	4.187236e+01	8.785858e+01
781	2.262457e+01	2.622302e+03	4.385975e+02	3.499140e+02	8.015120e+01	4.165650e+01	8.845457e+01
782	2.265353e+01	2.609413e+03	4.384761e+02	3.497990e+02	7.976601e+01	4.165192e+01	8.899740e+01
783	2.268250e+01	2.611068e+03	4.382561e+02	3.497052e+02	7.995714e+01	4.157871e+01	8.938747e+01
784	2.271147e+01	2.605537e+03	4.382485e+02	3.495383e+02	7.981776e+01	4.156309e+01	9.038306e+01
785	2.274044e+01	2.598694e+03	4.381786e+02	3.493330e+02	7.969169e+01	4.151951e+01	9.103452e+01
786	2.276941e+01	2.611495e+03	4.378920e+02	3.491218e+02	7.980902e+01	4.166270e+01	9.178391e+01
787	2.279838e+01	2.609149e+03	4.375648e+02	3.490994e+02	7.977718e+01	4.164188e+01	9.229710e+01
788	2.282735e+01	2.615060e+03	4.374122e+02	3.488712e+02	7.984378e+01	4.170141e+01	9.318399e+01
789	2.285632e+01	2.602845e+03	4.373461e+02	3.486031e+02	7.981724e+01	4.152041e+01	9.372652e+01
790	2.288528e+01	2.606444e+03	4.372761e+02	3.485121e+02	8.010391e+01	4.142904e+01	9.434074e+01
791	2.291425e+01	2.615186e+03	4.370456e+02	3.482884e+02	8.002017e+01	4.161149e+01	9.502265e+01
792	2.294322e+01	2.622271e+03	4.368943e+02	3.481548e+02	8.017581e+01	4.164322e+01	9.582565e+01
793	2.297219e+01	2.613147e+03	4.367520e+02	3.479933e+02	7.974429e+01	4.172289e+01	9.602982e+01
794	2.300116e+01	2.617612e+03	4.365002e+02	3.478980e+02	7.993180e+01	4.169614e+01	9.691902e+01
795	2.303013e+01	2.615424e+03	4.363448e+02	3.476051e+02	7.996706e+01	4.164291e+01	9.762357e+01
796	2.305910e+01	2.607919e+03	4.362344e+02	3.473965e+02	7.992838e+01	4.154351e+01	9.845783e+01
797	2.308806e+01	2.613588e+03	4.362150e+02	3.471802e+02	7.996843e+01	4.161297e+01	9.883015e+01
798	2.311703e+01	2.618060e+03	4.358571e+02	3.469854e+02	7.984480e+01	4.174871e+01	9.945365e+01
799	2.314600e+01	2.613295e+03	4.358333e+02	3.467786e+02	7.955833e+01	4.182278e+01	1.000608e+02
